## Las primeras 500 lineas corresponden a la esfera 1 
##las siguienets 500 lineas a la esfera 2
## Las primeras tres columnas corresponden a la posición en 'x', 'y' y 'z', las siguientes tres a las velocidades
30.918 	-14.713 	-7.072 	-0.122 	-0.116 	0.064 	
-12.443 	-2.963 	12.486 	0.072 	-0.090 	-0.013 	
-11.756 	20.045 	57.909 	0.092 	0.068 	0.120 	
19.234 	1.371 	14.389 	-0.169 	0.202 	0.102 	
-43.292 	-19.103 	-22.870 	0.001 	-0.146 	0.096 	
-31.930 	1.605 	13.903 	0.159 	0.050 	0.016 	
19.242 	-13.085 	-2.871 	0.190 	-0.003 	-0.202 	
-12.301 	-54.219 	-11.985 	-0.084 	-0.093 	0.147 	
17.963 	-16.412 	0.807 	0.026 	0.121 	0.005 	
28.744 	5.852 	-18.413 	0.102 	0.025 	0.087 	
25.813 	-20.924 	9.425 	0.048 	-0.076 	0.010 	
-17.332 	-13.794 	-7.289 	0.012 	-0.125 	0.058 	
-44.838 	-5.042 	0.575 	0.055 	-0.024 	0.031 	
59.114 	11.081 	18.564 	0.076 	0.168 	0.122 	
1.534 	39.119 	-21.514 	-0.031 	0.029 	0.005 	
4.875 	-48.473 	-4.854 	-0.083 	-0.020 	-0.005 	
16.204 	29.373 	4.697 	-0.069 	0.054 	-0.063 	
16.153 	56.724 	-2.053 	0.018 	0.100 	-0.215 	
25.176 	-25.864 	10.263 	-0.132 	0.014 	-0.037 	
52.870 	-4.566 	-7.024 	0.013 	-0.175 	-0.092 	
-8.838 	-59.148 	3.912 	0.044 	-0.086 	0.197 	
33.833 	28.003 	49.724 	0.106 	0.138 	0.135 	
-9.208 	-40.414 	25.788 	-0.122 	-0.004 	-0.020 	
-23.414 	-31.493 	29.834 	0.030 	0.040 	-0.011 	
-30.240 	-5.026 	24.886 	0.041 	-0.028 	0.113 	
-37.323 	-18.506 	19.314 	0.063 	0.040 	0.088 	
-25.275 	-24.355 	-9.131 	0.035 	-0.059 	-0.024 	
48.455 	20.604 	-3.238 	0.141 	-0.163 	0.078 	
-35.032 	14.795 	10.154 	-0.092 	0.055 	0.064 	
-43.914 	-21.833 	6.846 	-0.081 	-0.026 	0.131 	
-15.413 	-44.765 	2.119 	-0.030 	-0.133 	-0.056 	
31.569 	30.787 	2.777 	0.030 	0.038 	0.110 	
9.902 	-2.728 	-7.802 	0.076 	-0.045 	0.058 	
-46.341 	13.375 	10.908 	0.067 	0.071 	0.092 	
21.994 	13.576 	-40.275 	0.125 	-0.122 	-0.004 	
-39.082 	-24.812 	13.184 	0.066 	0.064 	0.131 	
-11.191 	-16.818 	33.156 	-0.180 	0.019 	-0.139 	
-44.730 	-22.111 	21.472 	0.065 	-0.135 	0.104 	
26.704 	-17.403 	4.921 	-0.105 	-0.027 	0.091 	
22.673 	-4.148 	-1.499 	0.081 	-0.080 	0.063 	
2.136 	48.579 	4.394 	0.072 	-0.019 	-0.031 	
-5.725 	-31.536 	42.737 	0.060 	-0.023 	0.110 	
64.859 	1.623 	13.754 	0.099 	0.016 	0.130 	
32.193 	-6.071 	-2.206 	-0.139 	-0.143 	-0.038 	
-16.050 	-9.145 	0.786 	0.129 	-0.098 	0.221 	
-37.948 	-13.174 	-25.537 	-0.081 	0.119 	-0.051 	
56.497 	22.341 	-13.516 	0.191 	-0.030 	-0.054 	
-9.421 	3.013 	-10.618 	-0.038 	0.061 	-0.105 	
-7.305 	-14.092 	-16.906 	0.152 	-0.223 	-0.161 	
4.255 	-21.719 	16.014 	0.096 	0.186 	0.091 	
-28.619 	9.245 	5.137 	-0.115 	-0.049 	-0.205 	
39.512 	-26.195 	27.557 	-0.013 	-0.116 	0.039 	
-21.543 	25.045 	1.375 	0.028 	-0.114 	-0.101 	
-59.279 	12.323 	-19.569 	-0.138 	-0.006 	0.011 	
7.032 	17.083 	3.452 	-0.145 	-0.012 	0.050 	
-14.976 	12.977 	-6.929 	0.003 	-0.256 	0.117 	
-50.365 	13.988 	-0.282 	-0.084 	-0.049 	-0.176 	
-42.892 	1.988 	-3.862 	-0.070 	-0.119 	-0.149 	
7.211 	-14.020 	-14.617 	-0.122 	0.243 	-0.117 	
9.498 	15.508 	56.094 	0.126 	0.024 	0.126 	
20.219 	5.634 	2.255 	-0.134 	0.186 	0.044 	
-0.044 	6.992 	-13.668 	0.138 	-0.021 	-0.048 	
25.629 	-14.034 	5.347 	-0.190 	0.110 	0.056 	
25.258 	-36.165 	-2.911 	0.184 	0.155 	-0.070 	
-30.945 	-3.852 	-21.094 	0.176 	-0.063 	-0.024 	
-35.620 	-13.602 	-11.100 	0.147 	-0.064 	-0.169 	
-34.306 	-12.584 	0.358 	0.146 	-0.132 	-0.139 	
-3.789 	-14.036 	12.471 	-0.197 	0.243 	-0.071 	
-33.867 	-5.339 	17.555 	0.116 	0.060 	0.029 	
-14.315 	48.551 	12.096 	-0.076 	-0.032 	0.185 	
-24.241 	34.558 	30.174 	0.038 	0.040 	0.045 	
-18.321 	-28.284 	-1.758 	0.220 	0.025 	0.080 	
11.419 	-14.385 	-23.986 	-0.050 	0.207 	-0.135 	
21.834 	-9.545 	-29.587 	-0.020 	-0.088 	-0.126 	
41.515 	1.922 	2.656 	-0.091 	0.030 	0.035 	
25.239 	-29.129 	-59.423 	0.186 	-0.036 	-0.139 	
11.306 	-62.929 	15.361 	-0.051 	-0.161 	0.019 	
0.523 	7.887 	33.063 	0.091 	0.139 	-0.124 	
31.725 	-34.473 	5.405 	0.009 	-0.054 	-0.198 	
-37.862 	-8.084 	3.835 	-0.119 	-0.167 	0.119 	
34.695 	18.155 	17.257 	-0.038 	-0.065 	0.137 	
41.686 	-21.398 	-24.306 	-0.022 	-0.067 	-0.040 	
45.640 	5.213 	3.049 	0.173 	0.205 	0.100 	
8.977 	-34.547 	-0.318 	-0.078 	-0.256 	0.260 	
-1.342 	-19.711 	29.208 	0.184 	0.009 	-0.096 	
-51.861 	-29.242 	-41.805 	-0.141 	-0.051 	-0.134 	
-4.794 	-2.393 	34.717 	0.075 	-0.174 	-0.095 	
27.532 	-15.763 	-2.440 	-0.206 	-0.136 	0.063 	
-44.532 	-13.177 	-3.137 	-0.155 	-0.108 	0.040 	
-30.573 	1.571 	-15.402 	-0.007 	-0.183 	-0.021 	
21.922 	-31.909 	11.994 	0.165 	0.137 	0.063 	
3.606 	-3.432 	-3.154 	-0.103 	0.165 	0.075 	
-15.448 	12.214 	-0.596 	-0.078 	-0.180 	0.025 	
-30.915 	11.116 	-33.499 	-0.067 	-0.228 	-0.087 	
32.987 	-27.255 	6.960 	0.138 	0.040 	0.010 	
-52.269 	13.526 	-34.413 	-0.145 	0.150 	-0.095 	
-22.362 	28.765 	2.730 	0.100 	0.001 	0.090 	
-8.871 	-9.868 	-14.280 	0.206 	0.031 	-0.121 	
-42.257 	11.155 	10.157 	0.102 	0.122 	0.153 	
31.100 	-2.181 	17.941 	0.067 	-0.221 	0.152 	
-5.182 	43.460 	-5.556 	0.001 	0.088 	0.134 	
22.978 	-19.339 	-26.949 	-0.103 	0.002 	0.186 	
11.861 	31.058 	13.768 	0.096 	-0.075 	0.078 	
-4.926 	-28.180 	-4.522 	-0.054 	0.068 	0.200 	
35.238 	-56.069 	31.922 	0.769 	-0.563 	0.479 	
-41.042 	11.663 	12.507 	-0.008 	0.070 	-0.074 	
24.498 	-16.853 	10.419 	-0.136 	0.035 	0.152 	
11.204 	-16.918 	-0.907 	-0.083 	0.179 	-0.037 	
35.394 	-0.593 	-41.142 	0.094 	-0.215 	-0.069 	
-15.744 	-4.664 	-34.633 	0.135 	-0.303 	-0.027 	
-33.230 	2.635 	-13.712 	-0.121 	-0.028 	0.165 	
48.257 	-13.467 	9.919 	-0.015 	-0.070 	0.153 	
54.535 	37.212 	19.234 	0.161 	0.119 	-0.009 	
1.927 	38.470 	-39.907 	-0.181 	0.137 	-0.039 	
0.837 	6.739 	-7.483 	-0.065 	0.091 	0.061 	
-24.557 	-11.379 	-3.133 	-0.068 	0.093 	0.057 	
22.522 	7.050 	-54.194 	0.013 	-0.101 	-0.085 	
-38.710 	9.552 	35.858 	-0.160 	-0.230 	0.118 	
23.412 	15.237 	-41.874 	0.087 	-0.226 	-0.081 	
38.146 	5.897 	4.955 	-0.102 	0.054 	0.153 	
-37.599 	-11.278 	-10.047 	-0.124 	0.061 	0.225 	
11.462 	25.853 	-12.243 	0.132 	-0.103 	-0.173 	
25.426 	-38.161 	18.587 	0.075 	0.012 	-0.092 	
48.788 	-0.658 	5.142 	0.082 	-0.132 	0.173 	
34.631 	10.837 	17.067 	-0.108 	-0.027 	0.032 	
53.001 	-40.655 	-19.675 	0.134 	-0.062 	-0.076 	
-31.489 	-19.398 	-33.751 	-0.156 	-0.011 	0.046 	
10.841 	-6.283 	19.558 	-0.202 	-0.095 	-0.030 	
-7.293 	-2.312 	-47.341 	-0.066 	0.085 	-0.003 	
-43.144 	-12.007 	16.446 	-0.068 	-0.227 	0.004 	
17.439 	-21.137 	3.682 	-0.149 	-0.099 	0.122 	
6.580 	-6.007 	14.748 	-0.139 	0.095 	-0.142 	
12.021 	16.077 	18.424 	-0.024 	-0.019 	-0.020 	
31.890 	42.237 	-28.116 	-0.013 	0.119 	-0.094 	
35.690 	-15.233 	29.534 	0.045 	-0.072 	0.020 	
-23.948 	-2.448 	33.972 	0.014 	-0.095 	-0.098 	
40.110 	-16.121 	40.414 	0.019 	-0.197 	0.027 	
-60.771 	-4.626 	12.410 	-0.048 	-0.113 	0.122 	
14.213 	-29.065 	-1.864 	0.161 	-0.118 	-0.007 	
-105.268 	56.282 	-48.856 	-0.579 	0.495 	-0.296 	
-42.647 	3.024 	-8.943 	-0.006 	-0.114 	-0.013 	
44.593 	-36.604 	-1.873 	-0.019 	-0.118 	-0.122 	
0.383 	23.159 	1.180 	-0.072 	0.049 	0.193 	
1.917 	-20.272 	-14.243 	-0.067 	-0.171 	0.087 	
21.283 	26.646 	10.928 	-0.074 	0.033 	0.048 	
33.232 	-20.954 	40.629 	0.164 	-0.137 	0.097 	
-13.646 	-52.551 	-12.649 	-0.020 	-0.023 	-0.177 	
13.192 	12.408 	47.612 	-0.123 	0.039 	0.032 	
54.896 	2.212 	-10.242 	0.072 	-0.038 	-0.192 	
-41.426 	29.079 	5.109 	-0.026 	-0.002 	-0.040 	
8.970 	-9.977 	54.803 	0.074 	-0.095 	0.081 	
-46.913 	-27.766 	29.292 	-0.099 	-0.000 	0.160 	
32.276 	24.722 	-3.005 	0.068 	-0.048 	0.126 	
-26.083 	-20.074 	8.546 	-0.178 	-0.062 	-0.086 	
-6.841 	-30.432 	-4.052 	-0.136 	0.025 	-0.109 	
38.343 	-14.557 	-17.500 	-0.126 	-0.096 	-0.135 	
-23.255 	2.301 	10.839 	0.209 	-0.057 	0.132 	
-0.960 	-3.913 	10.624 	-0.040 	-0.220 	0.043 	
-38.452 	-0.596 	1.430 	-0.116 	-0.050 	0.213 	
25.242 	-3.691 	4.645 	0.134 	-0.163 	0.188 	
-35.944 	7.772 	5.466 	0.070 	-0.087 	0.188 	
-47.005 	-3.716 	31.738 	-0.143 	0.184 	-0.029 	
16.236 	-37.050 	27.354 	-0.032 	-0.138 	0.029 	
-13.384 	-31.747 	-30.796 	0.133 	0.056 	-0.077 	
19.457 	-13.938 	25.292 	0.014 	-0.163 	0.011 	
21.134 	-12.199 	-18.714 	-0.077 	0.014 	0.023 	
-13.968 	13.586 	-0.715 	-0.097 	0.147 	-0.070 	
-3.370 	34.620 	-20.464 	0.120 	-0.116 	-0.129 	
6.815 	19.943 	-33.509 	0.019 	0.009 	0.045 	
51.054 	-12.512 	-21.173 	0.011 	-0.172 	-0.010 	
-26.245 	12.590 	5.624 	-0.119 	0.068 	0.220 	
-30.171 	27.750 	-0.187 	0.145 	0.092 	0.001 	
34.737 	12.589 	26.437 	-0.065 	-0.023 	0.133 	
26.097 	24.287 	-3.067 	0.016 	0.006 	-0.158 	
27.377 	-2.549 	8.366 	-0.083 	-0.033 	0.040 	
11.218 	-36.798 	-53.322 	-0.110 	-0.143 	-0.143 	
4.395 	-8.055 	10.496 	-0.078 	-0.113 	-0.045 	
12.641 	10.294 	40.053 	0.139 	0.163 	0.003 	
-2.585 	-14.475 	-2.974 	0.050 	-0.126 	0.238 	
29.196 	-7.500 	-13.299 	0.136 	0.195 	0.110 	
29.158 	-6.787 	-24.120 	0.163 	0.077 	0.214 	
33.622 	-1.078 	8.433 	-0.015 	-0.178 	-0.105 	
-16.623 	16.059 	8.992 	0.156 	0.171 	0.009 	
28.538 	18.369 	-17.590 	-0.055 	0.009 	0.102 	
-27.441 	-7.743 	20.381 	-0.105 	0.124 	-0.176 	
18.599 	7.983 	12.458 	-0.157 	0.055 	0.149 	
-7.233 	-46.890 	-19.896 	-0.187 	-0.115 	0.167 	
-11.349 	-3.636 	-25.029 	-0.098 	0.157 	-0.068 	
-6.695 	-24.764 	1.852 	-0.092 	-0.070 	-0.049 	
-61.011 	-17.663 	-17.961 	-0.098 	-0.090 	-0.108 	
27.075 	-15.961 	-33.107 	0.121 	-0.041 	-0.126 	
-29.170 	3.341 	-9.196 	0.176 	0.158 	0.031 	
17.567 	6.354 	-23.778 	0.098 	-0.036 	-0.020 	
-58.184 	14.881 	-33.915 	-0.105 	0.080 	-0.077 	
39.426 	5.548 	-0.161 	-0.058 	0.048 	0.027 	
9.291 	13.011 	31.039 	0.034 	-0.201 	-0.014 	
-1.954 	11.672 	-6.796 	-0.147 	-0.041 	-0.176 	
25.926 	-35.808 	-2.450 	0.109 	-0.049 	0.202 	
-32.059 	-8.733 	-8.079 	0.047 	0.167 	0.118 	
-17.245 	-33.909 	-20.744 	0.068 	-0.077 	-0.049 	
-17.133 	44.628 	-4.313 	-0.073 	0.050 	0.064 	
-45.340 	-35.580 	19.176 	-0.072 	-0.038 	-0.024 	
-39.177 	-26.646 	-20.644 	-0.004 	-0.080 	-0.095 	
18.244 	-10.240 	18.938 	-0.062 	0.016 	0.134 	
-32.930 	-22.297 	13.425 	-0.167 	0.012 	-0.125 	
-37.076 	14.798 	51.225 	-0.104 	-0.079 	0.103 	
-0.115 	19.403 	-10.490 	0.188 	-0.053 	-0.098 	
-12.404 	7.935 	-28.513 	-0.118 	-0.009 	-0.080 	
-10.049 	-32.061 	15.353 	0.197 	-0.133 	0.066 	
-8.555 	-41.114 	14.067 	-0.101 	-0.018 	0.001 	
-35.154 	-49.309 	-4.997 	-0.029 	-0.100 	0.046 	
-27.149 	14.742 	1.094 	0.133 	0.134 	0.015 	
-1.945 	21.930 	-13.738 	-0.139 	0.128 	-0.054 	
-46.389 	-13.497 	6.134 	0.040 	0.009 	-0.080 	
-25.155 	-41.171 	17.653 	-0.073 	0.072 	0.165 	
22.362 	7.554 	-9.246 	-0.167 	-0.045 	-0.118 	
3.078 	10.713 	27.965 	0.044 	0.188 	-0.210 	
38.229 	3.945 	8.201 	-0.109 	0.073 	0.075 	
15.457 	9.944 	34.651 	-0.131 	0.156 	0.030 	
-4.010 	-9.984 	48.313 	-0.021 	-0.049 	0.113 	
9.995 	29.805 	8.827 	0.034 	-0.145 	-0.092 	
38.388 	-0.941 	-43.961 	0.169 	-0.103 	-0.076 	
27.205 	13.654 	33.512 	-0.093 	-0.088 	0.058 	
33.691 	-17.366 	3.770 	-0.028 	-0.002 	0.207 	
7.692 	18.831 	30.522 	-0.053 	-0.008 	0.099 	
-60.271 	26.987 	-16.819 	-0.118 	0.131 	0.016 	
-28.213 	-31.183 	26.736 	-0.133 	-0.033 	0.020 	
1.639 	-22.783 	31.315 	0.075 	-0.061 	-0.086 	
-11.020 	-39.762 	14.232 	-0.067 	0.011 	0.052 	
-7.816 	48.342 	-5.326 	-0.149 	0.076 	0.062 	
0.551 	10.968 	-16.830 	-0.046 	0.151 	0.175 	
-22.070 	16.289 	-53.422 	-0.072 	0.086 	-0.043 	
32.569 	8.502 	-17.305 	-0.089 	0.027 	-0.087 	
-18.820 	-16.640 	-13.909 	-0.126 	0.146 	-0.064 	
30.340 	-27.033 	5.571 	0.058 	0.171 	-0.083 	
28.839 	-3.646 	-13.462 	-0.083 	0.015 	0.182 	
-41.493 	4.683 	-3.667 	-0.072 	-0.036 	0.026 	
8.344 	21.143 	34.896 	0.201 	-0.071 	-0.062 	
-23.975 	-4.634 	-15.326 	0.245 	0.054 	0.023 	
48.898 	9.556 	-42.621 	0.126 	0.199 	-0.117 	
28.754 	26.299 	-49.669 	0.021 	0.112 	-0.094 	
-27.587 	-30.708 	4.980 	-0.080 	0.057 	-0.019 	
-17.958 	-21.784 	38.315 	0.063 	-0.082 	-0.076 	
-42.955 	-13.833 	-19.822 	-0.143 	0.225 	0.023 	
4.107 	-40.043 	44.293 	0.087 	-0.143 	-0.017 	
7.241 	7.966 	15.238 	-0.028 	0.011 	-0.134 	
33.037 	4.382 	-10.764 	-0.074 	-0.001 	0.080 	
-9.326 	2.866 	43.127 	0.146 	-0.138 	0.073 	
-2.399 	6.907 	-55.498 	0.186 	-0.080 	-0.100 	
-17.701 	-7.381 	-1.785 	0.197 	0.013 	-0.118 	
-23.027 	-15.591 	-0.196 	0.147 	-0.077 	0.004 	
-61.928 	6.296 	-17.044 	-0.068 	0.099 	-0.079 	
26.183 	-19.135 	-14.185 	-0.021 	-0.154 	0.069 	
-21.356 	-12.443 	-31.299 	-0.181 	-0.110 	0.178 	
-15.753 	-49.835 	-1.040 	0.054 	-0.103 	0.186 	
14.394 	10.288 	-29.024 	-0.042 	0.119 	0.184 	
50.044 	11.494 	17.956 	0.078 	0.189 	-0.091 	
-40.700 	-18.746 	3.541 	0.012 	-0.027 	-0.251 	
43.305 	13.642 	-25.618 	0.096 	-0.018 	-0.160 	
-0.541 	-2.897 	37.752 	-0.179 	0.031 	0.054 	
21.746 	-16.609 	5.620 	-0.200 	-0.007 	-0.016 	
42.023 	-6.118 	-44.058 	0.102 	-0.167 	-0.070 	
28.861 	6.740 	-28.127 	-0.011 	0.076 	-0.026 	
-17.865 	-0.862 	5.621 	-0.064 	-0.082 	0.213 	
30.918 	-6.138 	31.165 	0.162 	-0.098 	-0.136 	
-10.461 	1.766 	-40.018 	0.112 	0.187 	-0.069 	
-7.474 	11.682 	55.668 	-0.111 	-0.170 	0.117 	
14.469 	23.054 	17.323 	-0.113 	0.029 	-0.109 	
-0.335 	-31.107 	-14.057 	0.171 	-0.115 	0.260 	
-8.070 	14.563 	37.271 	-0.107 	-0.185 	0.014 	
45.616 	-13.989 	-30.985 	0.132 	-0.114 	-0.083 	
3.575 	19.412 	31.373 	0.100 	-0.077 	0.100 	
5.875 	1.090 	-24.471 	-0.024 	-0.177 	-0.131 	
14.692 	-46.234 	-22.408 	0.004 	0.002 	0.010 	
8.257 	-38.889 	-12.069 	0.140 	-0.086 	-0.189 	
-9.107 	-27.303 	-0.493 	-0.078 	0.056 	0.061 	
-35.508 	10.839 	5.586 	0.116 	0.055 	-0.064 	
30.043 	-28.085 	-4.839 	-0.021 	-0.091 	-0.185 	
-38.325 	-1.660 	-26.130 	-0.166 	0.117 	-0.112 	
-16.697 	22.781 	-22.282 	0.064 	-0.032 	0.058 	
54.711 	24.591 	-12.424 	0.018 	0.188 	0.051 	
3.494 	-12.896 	19.927 	-0.030 	0.145 	-0.089 	
23.881 	9.549 	11.805 	-0.177 	0.129 	0.135 	
-25.769 	-5.209 	25.958 	0.017 	-0.004 	-0.164 	
10.729 	3.316 	21.954 	0.115 	0.058 	-0.275 	
21.080 	-14.971 	-51.506 	0.031 	-0.079 	-0.056 	
30.032 	-27.683 	8.590 	-0.006 	-0.120 	-0.256 	
40.220 	-18.296 	9.624 	0.143 	-0.176 	0.094 	
8.620 	-15.195 	-4.965 	0.111 	-0.061 	0.084 	
36.832 	3.020 	13.602 	0.099 	0.160 	-0.244 	
-3.351 	-19.461 	-27.316 	0.178 	0.022 	0.125 	
-2.065 	-25.353 	-1.267 	0.038 	-0.120 	0.003 	
34.754 	-3.496 	13.608 	-0.103 	0.045 	0.161 	
1.301 	27.199 	-8.742 	-0.054 	-0.107 	0.016 	
3.022 	-16.794 	3.000 	0.024 	-0.179 	-0.141 	
-3.710 	-2.165 	16.245 	-0.154 	-0.152 	-0.032 	
-38.441 	-3.160 	-9.907 	0.098 	0.179 	-0.045 	
23.398 	-13.875 	31.100 	-0.200 	-0.112 	0.135 	
-2.912 	-22.964 	2.975 	-0.045 	-0.057 	0.193 	
-35.312 	-19.070 	23.028 	-0.004 	0.080 	0.150 	
15.876 	10.755 	0.624 	-0.077 	0.079 	0.072 	
-1.750 	15.112 	37.100 	0.121 	-0.138 	-0.010 	
-41.747 	-17.027 	-11.559 	0.054 	-0.054 	0.108 	
-48.150 	-15.024 	-11.996 	0.016 	-0.063 	0.123 	
27.648 	-3.146 	10.839 	-0.195 	-0.027 	0.058 	
41.509 	-24.887 	-19.644 	-0.055 	-0.113 	-0.148 	
21.691 	37.217 	8.153 	0.055 	-0.099 	-0.011 	
41.635 	-0.598 	-36.206 	0.125 	-0.172 	-0.099 	
-0.932 	12.559 	-24.167 	0.066 	-0.168 	0.066 	
54.562 	33.654 	5.720 	0.085 	0.133 	0.116 	
18.246 	3.972 	13.743 	-0.059 	0.007 	-0.013 	
-43.275 	20.374 	23.929 	-0.037 	0.004 	0.059 	
20.986 	-16.798 	-17.758 	-0.074 	-0.148 	0.234 	
-17.584 	-27.086 	-24.098 	-0.149 	-0.128 	0.157 	
40.873 	11.700 	-39.055 	0.103 	-0.031 	-0.103 	
-37.158 	13.775 	-52.216 	-0.141 	0.136 	-0.082 	
-45.405 	-13.754 	-6.005 	-0.028 	-0.160 	-0.180 	
-56.067 	39.316 	32.313 	-0.136 	0.087 	0.156 	
1.362 	-5.797 	22.081 	0.089 	-0.046 	-0.026 	
-31.462 	4.501 	-8.088 	0.108 	0.029 	-0.061 	
-26.956 	12.200 	30.766 	-0.029 	-0.210 	0.003 	
-10.830 	-16.139 	3.432 	0.191 	-0.097 	-0.202 	
-43.414 	-5.534 	20.441 	-0.082 	0.166 	-0.036 	
-10.130 	0.336 	8.060 	-0.175 	-0.012 	-0.052 	
-50.035 	11.019 	1.583 	-0.005 	-0.011 	-0.012 	
29.873 	25.814 	-10.167 	-0.053 	-0.081 	-0.125 	
-45.585 	-31.041 	16.628 	-0.102 	0.089 	0.022 	
-8.996 	-23.978 	-40.671 	-0.126 	-0.039 	0.054 	
2.525 	-26.235 	52.004 	-0.152 	-0.090 	0.114 	
-14.965 	-8.771 	-18.172 	0.222 	0.049 	-0.103 	
-7.260 	33.691 	-20.739 	-0.088 	0.161 	0.166 	
-1.414 	-26.435 	-6.510 	0.109 	-0.015 	-0.180 	
-17.976 	31.668 	-36.529 	-0.056 	-0.051 	-0.108 	
-24.215 	8.500 	8.090 	-0.150 	-0.222 	-0.146 	
28.482 	6.747 	-4.311 	0.088 	-0.118 	0.177 	
-13.990 	-6.651 	-10.620 	-0.240 	0.055 	-0.030 	
15.238 	9.542 	22.558 	0.149 	-0.040 	-0.054 	
49.341 	19.171 	7.941 	0.092 	-0.037 	-0.065 	
33.858 	-2.983 	23.683 	0.018 	0.072 	-0.059 	
46.986 	-9.879 	20.205 	0.121 	0.071 	0.087 	
27.072 	-1.019 	-19.032 	-0.048 	0.033 	0.026 	
-29.694 	-20.719 	-17.130 	0.116 	-0.249 	-0.027 	
15.163 	5.486 	19.713 	-0.010 	-0.057 	0.142 	
-7.432 	-31.053 	-6.627 	-0.113 	-0.091 	-0.092 	
48.401 	15.698 	9.117 	-0.037 	0.117 	0.047 	
10.134 	-27.308 	24.431 	0.161 	-0.117 	0.011 	
-6.821 	-14.119 	-14.421 	-0.039 	0.148 	0.201 	
47.428 	-17.282 	-21.821 	-0.013 	0.001 	-0.071 	
-41.795 	-21.844 	4.068 	-0.047 	-0.022 	0.189 	
-24.739 	-7.938 	-30.689 	-0.071 	-0.222 	-0.104 	
2.929 	14.693 	-25.419 	0.038 	-0.196 	-0.098 	
63.358 	-15.663 	-2.774 	0.090 	-0.088 	-0.017 	
-9.166 	-30.550 	12.631 	0.131 	0.074 	0.075 	
-35.906 	-22.455 	-26.664 	-0.144 	0.104 	-0.068 	
19.129 	8.980 	-28.751 	-0.199 	-0.113 	-0.146 	
-57.307 	-11.208 	7.551 	-0.029 	-0.129 	0.076 	
-22.384 	-15.058 	18.121 	0.227 	-0.165 	-0.024 	
39.288 	12.590 	0.242 	-0.072 	0.006 	0.132 	
-13.300 	-37.145 	8.941 	-0.164 	0.083 	0.150 	
6.422 	19.573 	5.092 	-0.149 	0.074 	0.199 	
-24.688 	-18.431 	36.920 	0.017 	-0.009 	0.112 	
1.211 	57.721 	23.369 	0.091 	0.078 	0.047 	
-28.329 	-22.528 	7.293 	0.107 	0.073 	-0.092 	
-13.740 	-31.364 	-10.554 	-0.132 	-0.142 	0.115 	
19.467 	18.299 	12.674 	-0.033 	0.012 	-0.015 	
-43.494 	-7.531 	-3.505 	-0.061 	0.177 	0.034 	
11.908 	16.775 	22.205 	-0.031 	-0.059 	-0.178 	
12.687 	13.115 	6.819 	-0.059 	-0.088 	-0.188 	
2.270 	-10.218 	-24.462 	0.048 	0.238 	-0.022 	
1.570 	20.931 	26.972 	0.063 	0.006 	-0.111 	
6.077 	15.533 	-17.551 	-0.048 	-0.154 	-0.059 	
-2.435 	32.810 	9.979 	-0.053 	-0.109 	0.037 	
-8.126 	8.937 	34.361 	0.204 	-0.022 	0.032 	
-12.384 	28.482 	11.799 	0.024 	0.046 	0.006 	
15.511 	-3.482 	12.394 	-0.156 	0.036 	0.083 	
-7.392 	44.659 	-12.935 	-0.090 	0.031 	-0.109 	
-13.534 	-35.929 	10.464 	-0.010 	0.034 	-0.122 	
59.025 	-15.677 	-14.529 	0.123 	-0.073 	0.010 	
0.947 	-7.937 	8.431 	-0.046 	0.041 	-0.083 	
-2.088 	-13.882 	-9.406 	0.031 	0.203 	0.069 	
-10.677 	-23.640 	43.880 	0.202 	-0.109 	0.080 	
-1.485 	15.150 	-32.463 	0.062 	0.055 	0.172 	
-12.843 	-15.766 	-15.846 	0.100 	-0.082 	-0.023 	
-22.672 	-6.304 	-10.438 	0.203 	-0.203 	-0.086 	
0.366 	-7.634 	6.317 	0.038 	0.002 	-0.124 	
-32.146 	8.454 	-0.633 	-0.117 	-0.249 	-0.004 	
49.949 	-0.201 	5.500 	-0.040 	0.014 	0.128 	
-27.225 	17.041 	27.776 	0.135 	-0.040 	0.044 	
-20.539 	-5.911 	-38.771 	-0.112 	-0.162 	0.102 	
-40.319 	19.845 	38.832 	0.035 	0.144 	0.078 	
-37.396 	-21.443 	15.275 	0.027 	-0.056 	0.092 	
18.315 	24.902 	-35.574 	0.075 	0.063 	-0.120 	
-26.989 	-10.699 	-14.252 	-0.057 	-0.204 	0.180 	
-3.468 	-23.384 	2.115 	-0.213 	0.033 	0.082 	
-24.827 	28.762 	13.136 	0.165 	0.100 	0.074 	
5.159 	54.383 	-11.659 	0.073 	0.102 	0.131 	
47.333 	28.855 	2.716 	0.167 	0.126 	-0.005 	
-9.942 	-15.515 	-20.425 	-0.126 	-0.016 	-0.092 	
-23.561 	12.676 	8.886 	0.197 	0.169 	-0.121 	
-3.023 	30.528 	-44.493 	-0.112 	0.012 	-0.086 	
23.370 	9.912 	8.047 	0.079 	0.167 	-0.069 	
19.286 	-24.919 	-5.922 	0.191 	-0.164 	0.045 	
13.237 	-16.885 	0.153 	0.074 	0.150 	0.361 	
60.326 	13.043 	-22.129 	0.095 	0.001 	-0.075 	
-19.828 	3.889 	16.638 	-0.034 	0.189 	0.125 	
-16.397 	-11.334 	48.905 	0.116 	-0.143 	0.083 	
28.695 	33.308 	-7.046 	0.033 	-0.109 	-0.067 	
5.620 	-43.913 	7.018 	0.032 	-0.071 	-0.144 	
-23.141 	0.316 	7.464 	-0.039 	0.197 	-0.159 	
32.317 	20.729 	-3.526 	0.153 	-0.135 	0.045 	
-21.832 	-8.553 	-14.796 	0.046 	0.024 	-0.020 	
20.400 	-40.938 	12.357 	0.039 	0.077 	-0.014 	
0.055 	-50.045 	1.615 	0.042 	-0.035 	0.183 	
45.023 	2.512 	6.809 	0.163 	0.029 	0.082 	
-11.349 	14.054 	11.209 	0.181 	-0.111 	0.085 	
-2.429 	20.596 	14.938 	-0.062 	-0.092 	0.143 	
-20.073 	-26.089 	-1.565 	0.168 	0.010 	-0.028 	
14.600 	21.751 	29.910 	-0.160 	0.111 	0.069 	
19.568 	-13.317 	26.312 	-0.118 	0.227 	0.088 	
-43.058 	3.595 	24.976 	0.060 	0.148 	0.065 	
-2.420 	-17.722 	19.800 	-0.172 	0.137 	-0.029 	
-20.287 	10.599 	-11.157 	0.127 	-0.178 	0.144 	
-9.545 	-54.072 	20.341 	-0.141 	-0.049 	0.179 	
-5.371 	-20.845 	13.162 	-0.129 	0.039 	0.090 	
-23.600 	-5.402 	-13.491 	-0.045 	0.224 	0.095 	
-55.915 	-15.597 	29.059 	-0.055 	-0.214 	0.124 	
-0.844 	-8.774 	8.864 	0.156 	-0.065 	0.139 	
2.919 	25.705 	-4.410 	-0.155 	0.051 	0.131 	
9.091 	-15.962 	-57.357 	-0.174 	-0.118 	-0.112 	
-35.094 	40.752 	27.366 	-0.147 	0.072 	0.149 	
55.959 	3.315 	-5.897 	0.092 	0.022 	0.166 	
6.405 	14.823 	-17.317 	0.168 	-0.100 	0.124 	
-34.208 	-36.912 	-29.977 	-0.122 	-0.097 	-0.119 	
38.481 	19.681 	-8.620 	0.070 	-0.075 	-0.017 	
44.175 	7.326 	-31.502 	0.124 	0.034 	-0.064 	
-25.320 	17.808 	-35.634 	-0.060 	0.131 	-0.053 	
-31.697 	-17.912 	-6.740 	0.100 	-0.099 	0.170 	
-43.393 	24.249 	23.928 	0.005 	0.104 	0.093 	
8.405 	-21.743 	13.804 	0.012 	-0.128 	0.035 	
-7.229 	2.988 	21.253 	0.093 	-0.047 	0.060 	
-29.998 	-33.113 	-2.395 	-0.141 	-0.051 	-0.182 	
-7.147 	30.907 	-25.157 	-0.139 	-0.074 	-0.046 	
38.023 	7.085 	13.486 	0.072 	0.185 	0.136 	
32.912 	38.024 	15.909 	-0.046 	0.119 	-0.078 	
21.535 	-29.632 	26.434 	0.019 	-0.053 	-0.012 	
27.245 	17.311 	-10.234 	-0.181 	0.074 	-0.205 	
3.312 	-5.023 	-15.071 	0.058 	-0.213 	0.104 	
61.338 	-24.480 	9.749 	0.103 	-0.091 	0.030 	
-31.053 	-24.195 	21.358 	0.030 	-0.099 	0.126 	
-49.294 	9.713 	-13.057 	-0.145 	-0.011 	-0.118 	
9.389 	-37.226 	20.858 	-0.071 	0.038 	0.094 	
15.415 	42.353 	-46.026 	0.154 	0.088 	-0.050 	
-38.398 	-13.562 	-35.943 	-0.081 	0.084 	-0.103 	
-44.344 	11.451 	3.417 	0.113 	0.048 	-0.028 	
25.939 	-58.015 	-13.886 	0.029 	-0.123 	-0.041 	
-17.695 	3.192 	8.133 	-0.025 	0.153 	0.055 	
-32.133 	-31.014 	-15.403 	0.101 	-0.017 	-0.188 	
-22.653 	-21.781 	-19.265 	-0.121 	-0.036 	-0.125 	
-36.353 	-23.645 	11.524 	0.059 	-0.114 	0.012 	
6.927 	-4.919 	55.077 	-0.153 	-0.088 	0.061 	
-43.064 	-20.366 	-0.571 	-0.047 	-0.144 	0.249 	
-11.244 	-18.305 	-10.708 	0.154 	0.044 	0.152 	
-21.953 	-25.981 	-35.050 	0.071 	0.006 	-0.069 	
48.687 	-5.926 	-9.561 	-0.048 	-0.083 	-0.111 	
-29.665 	36.917 	2.137 	-0.173 	0.065 	-0.127 	
-38.842 	-5.613 	17.943 	-0.001 	0.171 	0.085 	
-10.176 	8.297 	-2.743 	-0.106 	0.080 	-0.210 	
-40.566 	-10.156 	16.940 	0.109 	-0.027 	0.087 	
23.931 	-19.366 	-28.205 	0.090 	0.012 	0.019 	
-3.977 	-23.989 	8.405 	0.179 	0.161 	-0.103 	
16.224 	-8.035 	-48.949 	-0.023 	-0.129 	-0.118 	
-37.780 	4.282 	12.653 	0.127 	-0.022 	-0.031 	
-41.002 	30.321 	-26.457 	0.037 	0.046 	-0.172 	
11.685 	37.421 	0.897 	-0.064 	0.050 	-0.196 	
-39.427 	-2.384 	10.909 	0.010 	-0.075 	0.137 	
19.948 	25.182 	-15.886 	0.107 	-0.037 	0.007 	
7.667 	-6.358 	41.366 	-0.050 	-0.094 	0.003 	
-9.974 	-22.923 	-8.870 	0.029 	0.076 	-0.150 	
56.969 	1.748 	21.854 	0.141 	0.077 	0.076 	
-25.831 	-19.862 	23.403 	0.011 	-0.057 	-0.149 	
17.838 	-22.692 	11.661 	0.034 	0.020 	0.214 	
-0.520 	2.568 	-15.261 	0.071 	-0.194 	0.160 	
-24.481 	41.133 	-24.435 	0.118 	0.098 	-0.076 	
33.165 	-21.883 	-22.834 	0.028 	0.145 	-0.130 	
-36.204 	12.567 	29.244 	-0.073 	-0.216 	0.157 	
-26.006 	-12.627 	15.152 	0.207 	-0.151 	0.062 	
-58.628 	4.464 	7.699 	-0.057 	0.119 	0.122 	
-35.831 	-4.555 	-4.991 	0.110 	-0.156 	-0.127 	
-7.956 	-8.736 	-41.757 	0.056 	0.072 	-0.009 	
49.584 	-6.486 	-22.329 	-0.012 	0.045 	-0.153 	
41.278 	38.875 	-14.010 	0.036 	0.006 	-0.101 	
-41.913 	5.513 	-19.815 	0.099 	0.073 	-0.127 	
-13.844 	-1.968 	-11.245 	0.210 	-0.230 	-0.145 	
12.463 	-11.704 	43.944 	0.134 	-0.086 	-0.049 	
31.162 	1.814 	-26.215 	-0.063 	-0.057 	-0.025 	
-38.373 	-31.374 	19.178 	-0.067 	0.002 	0.015 	
-13.656 	4.678 	21.008 	-0.014 	-0.153 	-0.151 	
26.937 	-26.545 	14.053 	0.073 	0.161 	0.112 	
35.703 	-5.415 	7.420 	-0.157 	-0.033 	0.042 	
-3.182 	0.327 	-8.365 	0.038 	-0.213 	0.036 	
124.143 	-14.336 	25.721 	-0.049 	-0.091 	0.096 	
157.096 	16.101 	-23.962 	0.011 	-0.147 	-0.045 	
147.455 	-40.916 	1.243 	-0.137 	-0.068 	-0.103 	
115.362 	-30.058 	-15.159 	-0.137 	-0.099 	0.211 	
192.778 	30.522 	6.296 	0.010 	0.015 	-0.096 	
182.797 	5.242 	-10.158 	-0.103 	-0.158 	0.038 	
162.917 	10.266 	3.044 	0.087 	-0.122 	-0.133 	
181.387 	-10.533 	-18.683 	0.158 	-0.048 	0.150 	
182.212 	-30.092 	-11.524 	-0.168 	-0.006 	-0.111 	
193.190 	6.168 	-3.364 	0.106 	0.033 	-0.239 	
148.655 	-12.186 	23.278 	0.165 	0.128 	-0.048 	
196.554 	42.313 	5.904 	-0.045 	0.075 	0.084 	
177.669 	13.676 	39.424 	-0.057 	0.004 	0.115 	
215.008 	0.829 	2.186 	0.006 	-0.105 	0.041 	
166.480 	3.905 	56.181 	0.038 	0.084 	0.099 	
116.223 	-2.342 	27.900 	-0.113 	0.125 	-0.031 	
121.381 	-19.604 	-0.973 	-0.013 	-0.018 	0.189 	
204.485 	-24.737 	3.271 	-0.067 	-0.123 	0.048 	
138.288 	11.004 	-17.623 	-0.067 	0.178 	0.164 	
165.464 	1.046 	16.908 	0.133 	-0.142 	0.008 	
176.521 	-7.803 	-2.832 	-0.002 	-0.030 	0.093 	
108.346 	20.956 	-29.584 	-0.060 	0.024 	-0.116 	
117.723 	5.686 	4.127 	0.017 	0.203 	0.092 	
203.906 	-17.658 	17.185 	0.102 	0.154 	-0.081 	
192.812 	0.221 	-7.757 	-0.220 	0.084 	-0.070 	
191.867 	-5.850 	-1.533 	0.022 	0.079 	0.249 	
156.285 	6.565 	-11.423 	0.066 	-0.228 	-0.025 	
171.209 	14.857 	-18.161 	-0.052 	-0.192 	0.027 	
181.003 	-8.208 	-12.810 	-0.224 	0.055 	-0.168 	
114.801 	16.828 	-8.088 	0.009 	-0.024 	-0.040 	
126.299 	8.023 	-23.267 	0.062 	0.072 	-0.002 	
125.243 	-17.727 	4.409 	-0.179 	0.195 	0.045 	
174.080 	23.003 	-0.179 	-0.212 	0.124 	-0.240 	
188.577 	-10.563 	44.612 	0.092 	0.024 	0.119 	
188.561 	-33.142 	28.776 	0.090 	-0.035 	0.150 	
142.777 	-16.398 	-7.806 	0.034 	-0.018 	0.145 	
190.538 	-15.975 	-2.988 	-0.042 	0.056 	-0.106 	
176.946 	33.672 	-18.242 	-0.078 	0.050 	0.147 	
169.180 	43.975 	-26.340 	-0.097 	-0.014 	-0.083 	
171.215 	8.136 	-48.618 	0.173 	0.122 	-0.062 	
135.762 	-38.344 	24.202 	-0.128 	-0.103 	-0.112 	
114.010 	-29.424 	-7.878 	-0.132 	0.063 	-0.137 	
221.272 	-24.922 	-6.477 	0.080 	-0.091 	-0.053 	
132.113 	-2.001 	-50.397 	-0.135 	0.137 	-0.093 	
186.249 	-31.930 	0.707 	-0.090 	0.034 	-0.143 	
177.073 	-25.711 	-38.604 	0.181 	0.103 	-0.051 	
182.407 	-21.844 	22.542 	0.163 	0.005 	-0.106 	
158.401 	35.041 	0.803 	-0.036 	-0.044 	-0.141 	
100.323 	-9.967 	6.313 	-0.061 	-0.075 	0.011 	
213.147 	-4.695 	6.059 	0.083 	-0.097 	0.029 	
167.689 	-36.714 	11.071 	-0.005 	-0.080 	0.050 	
122.850 	-2.105 	-2.228 	0.075 	0.204 	-0.014 	
118.819 	-3.312 	-6.107 	0.107 	-0.034 	-0.002 	
171.800 	-2.966 	2.291 	0.018 	0.101 	-0.011 	
147.009 	-36.923 	34.540 	-0.193 	0.052 	0.040 	
129.820 	-7.519 	-10.390 	-0.140 	0.246 	0.190 	
189.232 	-0.112 	0.267 	-0.204 	0.075 	0.013 	
131.007 	-47.079 	-11.730 	-0.042 	-0.088 	-0.024 	
129.093 	9.573 	-16.525 	-0.035 	-0.211 	-0.080 	
154.370 	-43.280 	32.877 	-0.021 	-0.074 	0.056 	
121.909 	-27.456 	-12.997 	0.020 	-0.105 	0.077 	
146.025 	-17.420 	26.722 	0.005 	-0.155 	0.069 	
132.681 	-0.552 	18.451 	0.179 	0.048 	-0.065 	
200.524 	-30.360 	-20.751 	-0.045 	-0.007 	-0.133 	
122.719 	-43.206 	13.379 	-0.076 	-0.124 	-0.041 	
152.725 	2.124 	0.886 	0.015 	-0.022 	0.074 	
180.764 	-0.812 	-19.101 	-0.035 	-0.156 	0.191 	
160.408 	-29.842 	2.325 	0.136 	0.049 	0.156 	
167.342 	-5.105 	12.791 	0.147 	0.069 	0.110 	
217.645 	-1.995 	-9.905 	0.051 	-0.099 	-0.105 	
202.564 	-14.367 	2.050 	-0.014 	-0.071 	-0.159 	
150.671 	-33.580 	-13.844 	-0.112 	-0.088 	-0.008 	
196.709 	0.973 	-10.204 	-0.134 	-0.136 	-0.019 	
145.183 	14.419 	20.099 	0.163 	-0.060 	-0.099 	
162.157 	28.804 	20.006 	-0.097 	-0.102 	-0.048 	
190.462 	-6.654 	-6.792 	-0.121 	-0.162 	0.082 	
129.513 	-18.086 	7.495 	-0.064 	0.116 	-0.190 	
157.918 	-8.244 	33.755 	-0.204 	0.131 	0.048 	
188.940 	-4.531 	-11.483 	-0.111 	0.272 	-0.032 	
108.443 	-24.640 	19.346 	-0.160 	-0.087 	0.059 	
150.509 	-18.490 	-34.090 	0.191 	-0.134 	-0.085 	
201.794 	6.267 	17.806 	-0.001 	0.210 	0.075 	
119.867 	2.428 	22.543 	-0.067 	0.040 	-0.017 	
183.041 	13.611 	13.449 	-0.191 	0.103 	0.022 	
133.932 	-49.862 	9.616 	-0.034 	-0.015 	0.200 	
159.739 	6.663 	-50.539 	-0.089 	-0.173 	-0.067 	
132.404 	2.393 	3.026 	-0.135 	0.025 	-0.192 	
142.260 	9.924 	-15.156 	0.156 	-0.004 	-0.085 	
150.122 	-20.244 	23.873 	0.157 	0.054 	0.125 	
128.247 	12.473 	33.914 	-0.075 	0.041 	0.115 	
103.975 	20.583 	11.539 	-0.028 	0.120 	0.140 	
172.127 	-19.336 	16.398 	-0.078 	0.251 	0.131 	
125.235 	14.975 	-24.104 	-0.121 	-0.161 	-0.030 	
163.370 	-8.920 	-27.806 	-0.061 	-0.096 	0.112 	
120.844 	-5.107 	-2.144 	0.077 	0.085 	0.000 	
110.458 	-17.433 	28.189 	-0.108 	-0.125 	-0.022 	
150.197 	29.803 	-20.718 	-0.064 	-0.147 	-0.100 	
193.606 	-8.428 	14.874 	0.051 	0.128 	-0.124 	
189.689 	-4.624 	0.056 	0.075 	-0.265 	0.101 	
124.752 	1.874 	-8.750 	0.078 	-0.063 	-0.119 	
184.233 	-7.220 	24.765 	0.022 	-0.077 	0.203 	
192.574 	-0.114 	-1.816 	0.006 	0.062 	-0.143 	
144.354 	-46.298 	3.443 	-0.021 	0.014 	-0.003 	
147.868 	49.142 	-26.776 	-0.198 	0.113 	-0.096 	
114.801 	-11.973 	-0.343 	-0.196 	-0.051 	-0.038 	
160.721 	11.759 	-25.015 	0.186 	-0.188 	0.001 	
182.588 	-46.752 	-47.664 	0.102 	-0.115 	-0.093 	
129.196 	-12.138 	-2.655 	0.133 	-0.035 	0.087 	
143.945 	10.969 	-7.795 	0.187 	0.062 	-0.187 	
106.870 	5.510 	5.549 	-0.008 	0.133 	0.017 	
118.859 	-27.845 	4.831 	-0.060 	-0.058 	0.206 	
163.551 	-7.260 	6.643 	-0.143 	0.113 	0.139 	
161.436 	-3.113 	-10.149 	0.072 	0.008 	-0.163 	
156.379 	33.800 	11.600 	-0.129 	-0.070 	0.062 	
106.614 	5.319 	-3.621 	-0.173 	0.146 	-0.134 	
166.165 	-1.621 	-4.138 	-0.032 	-0.170 	-0.156 	
203.220 	0.160 	5.882 	0.044 	0.035 	-0.229 	
171.450 	-24.145 	11.818 	0.120 	0.087 	-0.102 	
160.298 	28.913 	24.832 	-0.037 	0.016 	-0.052 	
202.192 	27.735 	20.885 	-0.035 	0.124 	0.066 	
204.466 	-12.501 	-0.214 	-0.038 	-0.175 	-0.114 	
185.345 	-13.584 	-21.454 	-0.101 	-0.033 	-0.034 	
130.767 	7.008 	4.092 	0.114 	0.210 	-0.058 	
144.186 	-15.070 	29.587 	0.031 	0.069 	-0.060 	
189.455 	41.896 	19.792 	0.089 	0.099 	0.072 	
191.962 	-5.429 	-36.287 	0.013 	-0.225 	-0.043 	
218.931 	10.955 	-2.059 	0.113 	0.092 	0.021 	
132.655 	4.766 	-2.958 	0.112 	0.094 	-0.032 	
187.043 	35.728 	-26.946 	-0.086 	0.048 	-0.102 	
147.075 	-41.589 	-1.380 	-0.003 	-0.096 	-0.103 	
194.196 	-0.920 	-24.128 	0.110 	0.122 	-0.126 	
169.579 	-13.006 	-2.084 	0.140 	0.161 	-0.004 	
162.686 	-6.441 	-26.438 	-0.133 	-0.090 	-0.003 	
189.215 	-5.507 	0.056 	-0.149 	0.108 	0.139 	
148.813 	-32.791 	32.620 	0.143 	-0.125 	-0.058 	
210.623 	7.238 	8.074 	0.064 	0.106 	0.053 	
165.098 	-11.322 	12.027 	0.200 	0.177 	0.192 	
185.493 	9.450 	6.785 	-0.057 	0.030 	-0.242 	
108.111 	10.343 	-2.580 	-0.005 	0.086 	0.135 	
171.827 	23.304 	-5.182 	0.154 	-0.140 	-0.123 	
184.643 	10.701 	-3.161 	-0.216 	0.066 	0.122 	
171.526 	3.798 	5.204 	0.040 	0.033 	0.205 	
142.033 	6.530 	15.131 	0.133 	-0.078 	0.150 	
187.241 	32.821 	39.048 	-0.011 	0.039 	0.042 	
127.168 	-9.404 	-20.784 	-0.037 	-0.097 	0.161 	
153.059 	-31.249 	-3.513 	0.062 	-0.163 	0.032 	
197.273 	-0.188 	-4.052 	-0.041 	-0.063 	-0.059 	
171.123 	-17.385 	-24.076 	-0.048 	-0.143 	0.178 	
150.464 	-7.099 	26.897 	0.167 	0.005 	0.082 	
150.883 	-33.260 	-18.810 	0.200 	-0.069 	0.059 	
133.693 	-29.594 	15.890 	0.079 	0.079 	0.193 	
178.418 	-44.696 	-16.589 	-0.080 	-0.028 	-0.128 	
144.022 	-4.722 	-35.773 	-0.056 	0.043 	-0.108 	
129.593 	4.135 	24.954 	0.033 	0.144 	0.135 	
161.505 	25.453 	17.059 	-0.125 	-0.042 	0.030 	
126.454 	-6.828 	-13.436 	0.133 	-0.070 	-0.039 	
146.986 	4.491 	42.093 	-0.145 	-0.059 	0.126 	
116.130 	-6.247 	-17.919 	-0.165 	0.170 	0.200 	
162.717 	-29.991 	-35.481 	0.182 	-0.124 	0.032 	
191.829 	-21.243 	-13.483 	-0.040 	-0.107 	-0.083 	
199.389 	-8.032 	-2.584 	0.095 	0.050 	0.057 	
108.352 	-11.600 	-5.353 	0.039 	-0.083 	-0.046 	
179.132 	-32.584 	-5.856 	-0.208 	-0.045 	-0.141 	
146.597 	-21.753 	15.014 	0.128 	0.077 	0.046 	
158.589 	-33.315 	-28.714 	-0.184 	-0.063 	0.017 	
148.339 	-7.854 	-30.171 	-0.188 	-0.048 	0.100 	
135.960 	4.517 	4.846 	-0.006 	-0.006 	0.161 	
198.813 	23.800 	-19.243 	0.142 	0.062 	-0.035 	
157.438 	-2.666 	9.333 	0.156 	-0.144 	0.142 	
141.626 	-22.003 	6.433 	-0.181 	0.044 	0.006 	
183.742 	10.959 	-18.274 	-0.125 	0.147 	0.061 	
191.008 	-29.318 	-3.205 	0.029 	-0.044 	0.214 	
222.329 	0.570 	-19.094 	0.103 	-0.167 	-0.155 	
143.852 	-10.233 	9.039 	0.051 	-0.012 	-0.029 	
170.741 	-33.250 	15.733 	0.065 	-0.066 	-0.141 	
142.835 	-41.300 	23.038 	-0.044 	-0.070 	-0.112 	
129.502 	-0.432 	20.498 	-0.011 	-0.011 	0.108 	
215.338 	9.092 	-11.228 	0.095 	0.112 	-0.135 	
173.019 	-1.469 	21.969 	-0.148 	0.091 	0.010 	
186.695 	-20.286 	25.526 	-0.055 	-0.022 	-0.091 	
193.500 	10.962 	38.843 	0.015 	0.019 	0.017 	
172.634 	-14.166 	-0.036 	-0.133 	-0.026 	-0.014 	
141.266 	34.817 	11.473 	-0.111 	-0.040 	0.170 	
216.187 	11.663 	-27.440 	0.092 	-0.058 	-0.075 	
139.631 	-52.019 	-1.006 	-0.076 	-0.061 	0.104 	
161.378 	22.563 	-18.786 	0.030 	-0.072 	-0.060 	
144.100 	4.061 	14.514 	0.141 	0.002 	-0.232 	
220.096 	-24.536 	15.791 	0.073 	-0.048 	0.134 	
150.989 	-20.854 	-40.570 	0.003 	-0.165 	-0.023 	
173.544 	-54.850 	11.095 	0.133 	-0.016 	-0.007 	
113.589 	-14.665 	11.512 	-0.045 	-0.164 	0.016 	
138.483 	-31.285 	-13.379 	-0.192 	-0.009 	-0.134 	
191.412 	-2.434 	-30.817 	-0.043 	0.214 	-0.052 	
180.886 	30.421 	-2.931 	0.137 	0.101 	-0.008 	
153.681 	-7.760 	-4.995 	0.056 	0.169 	-0.140 	
145.372 	1.964 	10.279 	-0.101 	0.150 	0.170 	
153.104 	38.351 	19.221 	-0.075 	-0.098 	0.176 	
200.500 	12.904 	-16.012 	-0.023 	0.086 	0.154 	
97.029 	17.321 	3.441 	-0.098 	0.147 	0.018 	
179.259 	-10.017 	5.451 	-0.101 	-0.142 	0.069 	
189.735 	19.676 	-20.378 	-0.042 	0.125 	-0.003 	
198.894 	-25.269 	7.684 	-0.050 	-0.018 	0.049 	
143.262 	-17.247 	-22.144 	-0.106 	0.146 	0.023 	
127.238 	-1.642 	-1.626 	0.222 	0.042 	-0.063 	
128.331 	13.965 	7.971 	0.147 	0.111 	0.151 	
168.263 	12.695 	-13.655 	-0.221 	-0.171 	-0.148 	
214.799 	8.983 	10.654 	0.074 	-0.188 	0.053 	
108.196 	-4.672 	13.871 	-0.014 	-0.045 	0.020 	
199.679 	21.262 	13.892 	-0.096 	0.107 	0.089 	
190.892 	-4.915 	-0.940 	-0.197 	-0.054 	-0.019 	
164.598 	32.687 	42.686 	0.121 	0.126 	0.052 	
176.888 	-21.153 	30.425 	0.158 	-0.168 	0.059 	
131.767 	-9.628 	-0.756 	0.168 	-0.160 	-0.022 	
112.647 	17.236 	11.390 	-0.042 	0.066 	-0.102 	
209.984 	-21.525 	-0.824 	-0.055 	-0.151 	-0.026 	
156.450 	19.652 	31.113 	-0.208 	-0.075 	0.010 	
195.163 	-4.071 	7.260 	-0.109 	0.033 	-0.037 	
195.965 	12.099 	-9.048 	-0.038 	-0.078 	0.112 	
134.304 	-26.999 	-2.764 	-0.098 	0.034 	0.147 	
107.724 	-19.031 	-3.500 	-0.030 	-0.015 	-0.055 	
193.334 	-28.028 	13.442 	-0.095 	-0.018 	0.092 	
143.741 	12.241 	-47.290 	-0.023 	-0.064 	-0.062 	
192.039 	-6.205 	-22.363 	-0.174 	0.037 	-0.056 	
143.080 	21.332 	-14.624 	-0.143 	-0.085 	-0.132 	
135.762 	2.015 	11.000 	0.069 	-0.199 	0.091 	
158.516 	9.428 	-23.912 	-0.062 	0.088 	0.133 	
110.163 	25.845 	-10.648 	-0.143 	-0.135 	-0.007 	
167.844 	7.671 	-14.543 	0.061 	-0.051 	0.052 	
142.765 	10.935 	-25.941 	0.076 	-0.006 	0.082 	
179.646 	8.258 	-20.412 	0.032 	-0.108 	0.048 	
171.768 	-3.250 	33.024 	-0.098 	0.107 	0.093 	
196.083 	-4.574 	40.881 	0.042 	0.131 	0.009 	
158.085 	3.132 	-32.252 	-0.015 	-0.070 	0.159 	
108.389 	22.471 	3.456 	-0.132 	0.060 	-0.057 	
168.974 	-41.822 	10.498 	-0.214 	-0.047 	0.158 	
202.755 	-10.516 	-33.158 	-0.007 	0.013 	-0.107 	
127.773 	6.307 	24.896 	-0.147 	-0.016 	0.010 	
160.459 	34.622 	17.802 	-0.146 	0.008 	0.120 	
156.150 	-34.762 	19.214 	0.203 	0.065 	0.133 	
118.321 	4.859 	10.543 	-0.209 	-0.185 	0.174 	
113.675 	19.676 	-1.338 	-0.056 	0.087 	0.206 	
167.593 	5.872 	-36.241 	0.093 	-0.004 	0.134 	
186.842 	-35.651 	-12.108 	-0.061 	-0.087 	0.096 	
198.686 	-18.354 	0.749 	-0.045 	0.062 	0.141 	
134.163 	-3.319 	-23.633 	0.018 	0.131 	-0.113 	
132.487 	-9.456 	13.460 	-0.022 	0.215 	0.020 	
138.036 	-47.156 	8.592 	-0.031 	-0.102 	-0.040 	
180.223 	-18.513 	18.807 	0.006 	0.227 	-0.026 	
120.502 	-19.296 	-4.081 	0.106 	-0.046 	-0.043 	
147.758 	-30.263 	42.158 	-0.200 	-0.017 	-0.024 	
168.450 	4.994 	51.983 	-0.134 	-0.200 	0.133 	
135.595 	21.264 	53.522 	-0.163 	-0.078 	0.102 	
120.280 	33.485 	14.985 	-0.130 	0.099 	-0.137 	
119.137 	-18.716 	-2.825 	0.116 	-0.145 	0.044 	
173.328 	-18.274 	-7.559 	0.130 	0.237 	0.095 	
156.211 	13.949 	-9.019 	0.002 	-0.165 	0.000 	
195.739 	-5.825 	14.156 	-0.044 	-0.009 	0.091 	
97.921 	5.796 	16.875 	-0.070 	0.027 	0.103 	
172.824 	-2.532 	-13.012 	0.034 	-0.130 	-0.038 	
126.961 	-9.023 	0.401 	0.089 	-0.128 	0.080 	
191.224 	-0.701 	17.378 	-0.104 	-0.213 	0.128 	
154.153 	-12.151 	17.207 	-0.137 	-0.131 	0.058 	
186.295 	10.359 	3.314 	-0.190 	0.137 	0.050 	
200.117 	10.145 	13.694 	0.090 	-0.224 	-0.014 	
163.548 	28.514 	-14.193 	-0.103 	0.002 	0.021 	
105.861 	16.935 	2.513 	-0.075 	-0.017 	0.153 	
153.721 	-20.246 	-11.418 	0.037 	-0.096 	-0.006 	
136.681 	3.193 	-34.860 	0.062 	-0.170 	-0.023 	
198.203 	35.602 	15.398 	0.039 	0.141 	0.067 	
184.696 	-24.443 	-54.793 	0.114 	-0.046 	-0.111 	
125.848 	14.713 	15.337 	0.111 	0.046 	-0.051 	
128.740 	-2.764 	3.638 	0.117 	-0.047 	0.031 	
164.288 	-44.187 	1.185 	0.165 	-0.053 	0.076 	
139.964 	-4.533 	-4.579 	0.184 	0.057 	-0.162 	
199.479 	2.672 	3.648 	-0.051 	0.052 	0.241 	
181.565 	6.937 	13.729 	-0.162 	-0.082 	0.073 	
163.759 	38.730 	18.745 	-0.122 	0.101 	-0.171 	
196.463 	-20.290 	-7.272 	0.053 	0.069 	0.259 	
146.390 	-48.587 	12.055 	-0.101 	0.044 	0.165 	
165.427 	18.637 	14.237 	-0.082 	-0.254 	0.163 	
175.749 	-7.791 	2.124 	-0.155 	0.176 	0.032 	
99.899 	14.358 	-1.672 	-0.123 	0.148 	0.122 	
162.866 	-35.161 	27.381 	-0.051 	0.076 	0.024 	
198.644 	-22.801 	11.778 	0.013 	-0.098 	-0.197 	
223.221 	-11.397 	21.706 	0.076 	-0.158 	0.155 	
116.211 	-3.112 	10.700 	-0.137 	0.132 	-0.037 	
99.984 	12.102 	-6.037 	-0.069 	0.061 	0.094 	
99.855 	-8.773 	7.462 	-0.075 	-0.056 	0.027 	
197.185 	40.425 	5.369 	-0.058 	0.138 	0.134 	
147.671 	-5.388 	-3.764 	0.170 	-0.057 	-0.038 	
173.400 	44.581 	27.006 	0.004 	0.038 	0.177 	
127.981 	24.739 	28.964 	-0.084 	-0.130 	0.158 	
156.344 	-18.842 	21.221 	0.114 	-0.180 	-0.070 	
135.121 	-3.057 	22.030 	0.106 	0.154 	-0.043 	
189.009 	-6.774 	-8.688 	0.049 	0.058 	-0.066 	
161.510 	-21.359 	1.605 	0.020 	-0.004 	-0.122 	
175.385 	0.049 	-7.574 	-0.090 	-0.081 	0.209 	
156.308 	15.247 	-7.586 	-0.125 	0.050 	0.179 	
119.636 	-32.814 	27.980 	-0.147 	-0.080 	0.004 	
140.508 	19.304 	31.333 	-0.071 	-0.084 	0.042 	
181.231 	-9.892 	0.489 	-0.205 	-0.159 	-0.242 	
163.962 	8.909 	28.727 	0.176 	0.168 	0.147 	
101.791 	-2.516 	8.218 	-0.104 	-0.074 	-0.085 	
166.767 	-24.079 	7.278 	0.103 	0.142 	-0.167 	
133.396 	4.143 	-33.224 	0.023 	0.089 	-0.016 	
143.690 	-18.104 	2.615 	-0.033 	0.078 	0.090 	
141.793 	1.173 	55.233 	-0.167 	0.029 	0.041 	
175.387 	18.676 	17.981 	0.120 	0.011 	-0.248 	
118.262 	-0.936 	-20.301 	-0.097 	0.169 	-0.129 	
118.845 	6.344 	8.418 	-0.076 	0.124 	-0.272 	
117.774 	11.678 	-10.716 	0.058 	0.124 	-0.135 	
161.733 	-16.918 	13.155 	-0.056 	0.021 	-0.213 	
125.267 	3.576 	15.786 	0.131 	0.016 	0.131 	
164.324 	12.591 	-23.361 	-0.109 	0.094 	0.227 	
201.567 	38.653 	12.208 	0.029 	0.042 	0.117 	
178.861 	-8.476 	-1.061 	-0.128 	0.153 	-0.207 	
110.286 	7.301 	-19.564 	-0.134 	0.044 	0.078 	
115.106 	22.510 	-9.544 	-0.055 	0.083 	0.137 	
165.209 	-27.564 	29.885 	-0.057 	-0.005 	0.143 	
163.462 	-45.991 	-0.165 	-0.017 	0.056 	-0.003 	
121.036 	-15.453 	0.604 	-0.040 	-0.146 	-0.234 	
155.147 	-14.173 	-53.246 	0.100 	0.051 	-0.067 	
182.489 	39.184 	-33.940 	0.145 	0.091 	0.039 	
165.474 	-18.919 	7.908 	-0.177 	-0.163 	0.062 	
168.883 	-29.156 	5.893 	0.212 	0.028 	-0.171 	
192.088 	-29.491 	3.121 	0.186 	-0.135 	0.045 	
141.979 	-33.948 	14.822 	0.073 	0.014 	-0.067 	
169.559 	-6.957 	38.423 	0.139 	-0.067 	0.035 	
162.305 	8.069 	28.410 	-0.127 	-0.170 	0.101 	
148.172 	51.477 	-8.771 	0.113 	0.079 	-0.158 	
178.383 	-40.390 	-15.116 	0.079 	0.039 	-0.079 	
134.846 	8.954 	-25.911 	-0.082 	-0.136 	-0.064 	
205.830 	2.889 	-14.612 	0.004 	0.225 	-0.154 	
146.374 	6.716 	25.743 	0.166 	-0.095 	-0.103 	
159.150 	15.244 	-31.125 	-0.183 	0.155 	0.133 	
159.519 	-17.533 	42.663 	-0.180 	-0.020 	0.069 	
209.056 	-0.381 	10.961 	-0.032 	0.072 	-0.051 	
191.360 	8.649 	-22.790 	0.091 	0.211 	-0.033 	
162.711 	37.328 	-28.316 	-0.106 	-0.024 	-0.089 	
163.744 	17.865 	-11.932 	0.011 	-0.050 	0.183 	
158.577 	34.130 	7.024 	-0.188 	0.024 	0.161 	
151.761 	8.537 	26.964 	0.143 	0.053 	-0.024 	
175.358 	13.407 	-42.970 	-0.022 	-0.126 	-0.112 	
202.730 	2.903 	27.559 	-0.051 	0.030 	0.092 	
170.861 	-0.537 	-43.088 	-0.165 	-0.135 	-0.028 	
129.058 	-15.969 	-20.307 	0.095 	-0.045 	-0.102 	
167.948 	-11.510 	4.487 	0.139 	-0.036 	-0.115 	
152.703 	-6.910 	-46.521 	-0.096 	-0.130 	-0.060 	
161.081 	-16.116 	34.440 	-0.097 	0.246 	0.127 	
185.305 	27.194 	22.298 	0.173 	-0.195 	0.101 	
180.721 	-11.684 	-42.138 	0.088 	-0.122 	-0.056 	
144.894 	-22.675 	28.045 	0.167 	-0.097 	0.074 	
136.368 	-20.281 	-11.458 	-0.205 	0.012 	-0.081 	
130.787 	1.099 	18.484 	0.071 	0.123 	-0.054 	
209.562 	1.913 	0.522 	-0.018 	-0.013 	-0.147 	
143.939 	-8.684 	-17.572 	-0.001 	0.193 	-0.037 	
180.277 	4.648 	-17.495 	0.241 	0.437 	0.399 	
118.676 	4.784 	43.933 	-0.054 	0.096 	0.089 	
118.737 	-15.180 	7.362 	0.088 	-0.053 	-0.005 	
194.525 	-22.966 	-24.046 	-0.139 	-0.082 	-0.112 	
115.206 	3.337 	11.124 	-0.010 	0.111 	0.124 	
149.094 	11.346 	32.881 	0.010 	0.131 	-0.157 	
102.899 	9.611 	-0.330 	-0.102 	0.048 	-0.095 	
169.779 	-27.758 	-8.060 	-0.226 	-0.030 	-0.170 	
162.462 	8.907 	14.297 	-0.021 	-0.038 	-0.114 	
166.236 	-20.593 	31.159 	0.179 	-0.144 	-0.029 	
180.592 	15.611 	-28.567 	-0.105 	0.117 	0.099 	
216.460 	-21.168 	2.038 	0.039 	-0.139 	-0.160 	
159.980 	-26.375 	12.651 	0.105 	-0.121 	-0.197 	
119.811 	2.376 	20.492 	-0.050 	-0.141 	0.073 	
148.460 	23.455 	0.820 	-0.081 	-0.014 	-0.010 	
178.211 	-25.593 	15.646 	0.112 	0.190 	0.128 	
150.045 	-25.692 	6.055 	-0.208 	0.135 	-0.114 	
167.246 	32.199 	-5.229 	-0.063 	0.100 	-0.070 	
144.906 	44.853 	-27.052 	-0.022 	0.046 	-0.152 	
170.579 	9.556 	6.023 	-0.206 	-0.130 	0.050 	
149.073 	-11.046 	36.307 	0.022 	0.090 	-0.041 	
206.448 	-5.548 	-16.002 	0.046 	-0.237 	-0.127 	
149.179 	24.882 	34.118 	0.077 	0.148 	0.038 	
181.986 	-5.025 	8.997 	0.016 	0.212 	-0.054 	
155.295 	-7.518 	-14.418 	-0.019 	-0.042 	0.047 	
178.151 	-4.634 	-21.542 	0.012 	0.018 	-0.100 	
190.924 	47.048 	-10.509 	-0.040 	0.130 	0.080 	
131.433 	28.359 	-36.250 	-0.065 	0.097 	-0.043 	
193.079 	-1.671 	-7.439 	-0.194 	-0.026 	-0.062 	
143.507 	-5.843 	2.549 	0.004 	0.001 	-0.213 	
157.258 	-16.105 	-28.638 	-0.200 	0.257 	-0.135 	
111.864 	9.318 	-9.684 	0.017 	0.086 	-0.067 	
176.493 	-38.372 	-14.373 	0.143 	-0.005 	0.042 	
191.626 	-12.193 	-3.917 	0.161 	0.210 	-0.097 	
164.173 	-5.453 	-13.989 	-0.112 	0.028 	-0.081 	
153.546 	-29.336 	32.436 	-0.182 	0.069 	0.087 	
195.334 	-26.824 	14.719 	-0.049 	0.009 	0.111 	
139.041 	45.074 	22.380 	0.012 	0.001 	0.081 	
138.346 	19.294 	-13.898 	0.068 	0.103 	0.123 	
210.018 	48.078 	-10.246 	0.138 	0.103 	-0.046 	
165.696 	11.976 	12.919 	0.098 	0.028 	-0.141 	
172.068 	20.258 	-5.441 	-0.000 	-0.166 	-0.098 	
193.543 	14.092 	-15.072 	-0.087 	-0.062 	-0.068 	
138.741 	-17.254 	-27.962 	0.082 	0.029 	-0.058 	
186.839 	-3.647 	-0.659 	-0.199 	-0.079 	-0.098 	
153.071 	4.157 	1.675 	-0.096 	-0.051 	-0.136 	
209.077 	-6.729 	-0.327 	-0.062 	-0.119 	-0.068 	
190.112 	-13.986 	12.399 	-0.082 	-0.041 	0.177 	
142.091 	6.941 	-12.344 	-0.050 	-0.189 	0.095 	
137.423 	22.342 	-18.450 	0.200 	0.088 	-0.130 	
158.335 	-11.233 	31.527 	0.052 	0.179 	-0.105 	
196.743 	23.602 	-14.283 	-0.001 	0.112 	0.020 	
116.786 	2.701 	-4.237 	-0.067 	0.161 	-0.140 	
170.469 	-8.203 	-26.637 	-0.530 	-0.643 	-0.327 	
98.893 	-8.569 	5.860 	-0.082 	-0.197 	-0.018 	
173.691 	-31.410 	33.279 	0.064 	-0.161 	-0.021 	
178.558 	-4.934 	0.206 	-0.062 	0.187 	-0.032 	
212.489 	-19.922 	17.101 	0.034 	-0.172 	0.124 	
122.249 	0.951 	-19.542 	-0.019 	-0.071 	0.088 	
159.622 	-21.782 	15.461 	-0.110 	-0.141 	0.005 	
203.385 	-11.620 	4.955 	-0.112 	-0.044 	-0.002 	
149.656 	16.581 	8.479 	0.147 	-0.169 	0.100 	
198.338 	-3.670 	-0.137 	-0.175 	-0.000 	0.026 	
165.303 	3.392 	-15.988 	-0.072 	-0.134 	0.017 	
171.893 	-5.421 	-32.133 	-0.107 	-0.119 	0.101 	
153.343 	29.458 	18.988 	0.180 	-0.118 	0.159 	
102.742 	10.407 	17.157 	-0.145 	-0.179 	0.154 	
124.184 	0.245 	-1.539 	0.114 	0.102 	-0.045 	
149.584 	40.735 	41.547 	-0.171 	0.020 	0.108 	
121.122 	2.073 	12.459 	0.071 	0.038 	0.040 	
136.088 	-5.233 	5.919 	0.175 	0.174 	0.115 	
168.867 	-27.166 	9.861 	0.102 	0.016 	0.202 	
163.014 	-40.655 	-45.711 	-0.182 	-0.062 	-0.126 	
112.277 	0.699 	-11.336 	-0.045 	0.116 	0.108 	
190.359 	-5.277 	-0.269 	0.068 	-0.080 	0.094 	
172.883 	19.005 	-0.666 	0.165 	-0.219 	0.143 	
165.728 	-35.510 	0.990 	-0.138 	0.076 	0.057 	
195.199 	-5.516 	27.402 	0.068 	-0.211 	-0.075 	
202.035 	-25.021 	-20.519 	-0.076 	-0.073 	-0.124 	
180.655 	-21.706 	-5.156 	0.177 	-0.149 	0.010 	
215.310 	-2.323 	5.413 	0.013 	0.110 	0.179 	
134.774 	-1.674 	-11.832 	-0.136 	0.138 	0.224 	
144.687 	-28.164 	-16.420 	0.164 	-0.061 	0.171 	
120.829 	9.097 	37.256 	-0.095 	0.144 	0.047 	
175.178 	-28.285 	17.906 	0.121 	0.223 	0.115 	
150.576 	-22.671 	12.845 	-0.185 	0.264 	0.117 	
161.299 	31.283 	25.446 	-0.187 	-0.117 	0.171 	
142.120 	-31.490 	17.627 	0.165 	-0.073 	-0.095 	
146.910 	0.886 	-37.531 	-0.061 	-0.069 	0.112 	
168.304 	-4.338 	32.532 	-0.186 	0.167 	0.116 	
190.421 	-40.986 	-27.415 	0.156 	-0.122 	-0.084 	
109.797 	-9.963 	-7.390 	0.008 	-0.148 	-0.022 	
195.693 	-0.205 	-9.460 	-0.077 	0.013 	-0.099 	
132.549 	19.531 	-11.205 	-0.009 	0.120 	-0.149 	
146.986 	3.091 	-13.450 	-0.187 	-0.182 	0.140 	
143.809 	25.486 	-46.748 	-0.067 	0.002 	-0.075 	
150.723 	15.670 	-12.245 	0.016 	-0.059 	0.180 	
176.271 	-29.843 	-24.126 	-0.028 	-0.133 	-0.060 	
100.799 	24.925 	10.546 	-0.093 	0.114 	-0.034 	
149.255 	-22.248 	13.883 	0.144 	0.076 	-0.110 	
120.407 	32.645 	-1.865 	-0.026 	0.012 	0.127 	
205.521 	4.851 	20.359 	-0.017 	-0.143 	0.076 	
112.666 	33.246 	-4.945 	-0.018 	0.061 	-0.119 	
149.134 	11.723 	12.376 	-0.187 	0.034 	0.135 	
189.814 	-20.063 	-10.801 	0.037 	-0.099 	0.126 	
143.100 	11.902 	39.212 	-0.192 	0.172 	0.005 	
127.001 	19.176 	-26.935 	-0.049 	0.010 	0.091 	
127.509 	22.258 	0.894 	0.041 	-0.090 	0.013 	
140.004 	21.168 	-18.051 	-0.065 	-0.175 	0.125 	
128.710 	-1.387 	-15.169 	0.094 	-0.164 	-0.037 	
124.582 	-39.131 	18.876 	-0.178 	-0.131 	0.113 	
188.364 	-5.368 	-2.353 	-0.197 	-0.059 	-0.006 	
149.101 	12.718 	-19.021 	0.054 	-0.257 	-0.015 	
155.491 	0.117 	17.022 	-0.138 	-0.100 	-0.246 	
155.952 	-10.481 	-20.867 	0.117 	-0.034 	-0.054 	
192.087 	-9.172 	29.148 	0.091 	0.021 	-0.018 	
191.773 	0.096 	-11.477 	0.105 	0.084 	0.088 	
152.396 	24.516 	-33.299 	0.078 	-0.156 	-0.108 	
194.363 	-2.249 	-5.528 	0.077 	-0.052 	0.155 	
173.105 	-11.862 	-8.806 	-0.110 	-0.129 	-0.216 	
183.442 	17.756 	-10.762 	-0.084 	0.156 	0.232 	
173.041 	42.684 	-13.581 	-0.060 	0.068 	0.104 	
160.763 	-1.544 	6.755 	0.068 	0.082 	0.162 	
179.762 	-44.702 	25.299 	-0.102 	-0.025 	0.075 	
140.219 	-13.595 	16.882 	-0.071 	0.148 	0.109 	
168.870 	-13.783 	-24.169 	0.182 	0.106 	-0.053 	
106.703 	17.064 	1.649 	-0.222 	-0.091 	-0.096 	
153.302 	29.502 	15.812 	-0.103 	-0.106 	0.052 	
177.541 	38.670 	-40.273 	0.152 	0.156 	0.066 	
108.359 	15.877 	24.205 	-0.130 	-0.130 	0.096 	
105.437 	-46.615 	-12.065 	-0.168 	-0.075 	-0.110 	
163.281 	-38.466 	-8.758 	0.041 	-0.129 	0.219 	
178.329 	32.766 	25.230 	-0.076 	-0.064 	0.098 	
160.998 	-45.046 	14.874 	-0.202 	-0.096 	-0.055 	
182.745 	7.064 	-33.987 	0.124 	0.104 	-0.050 	
177.662 	-13.890 	45.203 	-0.091 	0.135 	0.085 	
135.543 	-2.231 	-11.253 	0.010 	-0.099 	0.139 	
135.151 	0.311 	9.436 	0.095 	0.002 	0.204 	
195.829 	-19.159 	5.061 	0.001 	0.135 	0.015 	
133.763 	33.296 	29.297 	0.174 	0.124 	0.132 	
181.458 	30.811 	6.451 	-0.115 	0.116 	0.121 	
114.310 	16.952 	2.188 	-0.078 	-0.152 	0.063 	
205.235 	18.215 	1.934 	0.077 	0.046 	-0.118 	
107.967 	-12.350 	-16.939 	-0.061 	-0.076 	-0.086 	
