## Las primeras 500 lineas corresponden a la esfera 1 
##las siguienets 500 lineas a la esfera 2
## Las primeras tres columnas corresponden a la posición en 'x', 'y' y 'z', las siguientes tres a las velocidades
3.618 	-28.634 	7.671 	-0.174 	-0.039 	0.095 	
3.364 	-19.035 	6.291 	0.109 	-0.075 	-0.040 	
5.925 	29.009 	73.042 	0.108 	0.037 	0.057 	
-10.539 	29.661 	30.119 	-0.212 	0.046 	0.108 	
-34.528 	-38.760 	-1.736 	0.090 	-0.075 	0.139 	
0.033 	5.284 	10.674 	0.193 	-0.006 	-0.042 	
48.998 	-12.502 	-32.729 	0.147 	-0.001 	-0.144 	
-24.495 	-60.859 	14.012 	-0.056 	0.009 	0.145 	
19.183 	5.815 	3.645 	-0.026 	0.114 	0.006 	
42.458 	8.146 	1.082 	0.055 	-0.005 	0.126 	
28.223 	-27.552 	9.204 	-0.021 	0.001 	-0.007 	
-10.287 	-30.783 	6.746 	0.063 	-0.059 	0.099 	
-25.363 	-10.963 	3.096 	0.156 	-0.043 	0.011 	
70.358 	36.831 	35.610 	0.061 	0.126 	0.075 	
-2.930 	36.092 	-16.566 	-0.014 	-0.060 	0.049 	
-8.893 	-41.957 	-3.290 	-0.069 	0.093 	0.022 	
3.504 	28.409 	-4.631 	-0.069 	-0.061 	-0.038 	
19.072 	67.830 	-38.260 	0.019 	0.034 	-0.196 	
-0.137 	-14.433 	2.904 	-0.149 	0.097 	-0.025 	
49.987 	-32.775 	-21.693 	-0.038 	-0.147 	-0.072 	
0.324 	-65.722 	36.921 	0.058 	0.005 	0.181 	
51.698 	49.042 	68.742 	0.101 	0.104 	0.087 	
-26.943 	-32.063 	15.296 	-0.064 	0.102 	-0.096 	
-15.259 	-18.258 	19.762 	0.064 	0.105 	-0.095 	
-17.098 	-10.950 	33.140 	0.098 	-0.054 	-0.022 	
-18.205 	-9.851 	27.075 	0.165 	0.038 	0.012 	
-12.956 	-25.804 	-9.663 	0.100 	0.052 	0.028 	
68.945 	-10.288 	12.349 	0.103 	-0.176 	0.092 	
-43.759 	17.065 	20.443 	-0.007 	-0.014 	0.053 	
-42.243 	-23.886 	28.908 	0.055 	-0.008 	0.127 	
-17.654 	-59.940 	-6.858 	0.001 	-0.043 	-0.044 	
33.898 	28.773 	20.094 	0.001 	-0.054 	0.084 	
19.839 	-11.196 	6.390 	0.036 	-0.051 	0.104 	
-25.397 	19.386 	22.393 	0.156 	0.004 	0.047 	
43.061 	-10.250 	-35.814 	0.110 	-0.142 	0.065 	
-20.336 	-16.443 	31.246 	0.135 	0.060 	0.057 	
-37.512 	-11.134 	2.179 	-0.103 	0.033 	-0.194 	
-25.097 	-40.412 	29.828 	0.145 	-0.065 	0.004 	
3.816 	-16.845 	18.712 	-0.139 	0.032 	0.060 	
32.340 	-17.807 	10.768 	0.017 	-0.066 	0.069 	
14.830 	36.297 	-1.522 	0.068 	-0.122 	-0.032 	
6.091 	-29.635 	55.259 	0.062 	0.023 	0.042 	
80.123 	4.513 	33.382 	0.086 	0.017 	0.090 	
2.034 	-27.754 	-4.110 	-0.191 	-0.092 	0.025 	
10.361 	-23.611 	33.717 	0.159 	-0.067 	0.138 	
-44.856 	6.970 	-27.763 	-0.004 	0.105 	0.017 	
88.179 	13.808 	-20.078 	0.184 	-0.063 	-0.019 	
-13.165 	11.076 	-24.149 	0.000 	0.026 	-0.051 	
18.811 	-46.273 	-36.181 	0.151 	-0.146 	-0.071 	
19.452 	12.585 	23.829 	0.078 	0.173 	0.005 	
-40.926 	-5.119 	-27.248 	-0.029 	-0.098 	-0.158 	
33.714 	-40.316 	28.977 	-0.049 	-0.042 	-0.020 	
-8.684 	-1.972 	-13.554 	0.124 	-0.176 	-0.058 	
-74.822 	7.040 	-18.528 	-0.048 	-0.038 	0.006 	
-15.109 	9.285 	11.279 	-0.093 	-0.071 	0.032 	
-10.794 	-31.888 	13.418 	0.045 	-0.230 	0.101 	
-55.264 	1.118 	-28.477 	0.018 	-0.085 	-0.147 	
-41.526 	-18.366 	-25.340 	0.057 	-0.114 	-0.096 	
-13.204 	27.236 	-26.636 	-0.103 	0.209 	-0.029 	
31.409 	17.375 	71.286 	0.124 	0.000 	0.054 	
-9.529 	28.046 	10.480 	-0.212 	0.048 	0.045 	
23.028 	-1.061 	-17.770 	0.122 	-0.065 	0.003 	
-9.038 	4.465 	14.031 	-0.184 	0.096 	0.036 	
52.088 	-3.616 	-10.760 	0.126 	0.199 	-0.034 	
4.844 	-15.276 	-15.758 	0.222 	-0.055 	0.064 	
-4.197 	-20.870 	-33.732 	0.198 	-0.026 	-0.095 	
-5.035 	-34.111 	-22.165 	0.175 	-0.103 	-0.104 	
-33.488 	25.535 	-0.959 	-0.135 	0.193 	-0.081 	
-6.271 	2.170 	14.101 	0.192 	0.040 	-0.060 	
-24.478 	35.513 	41.441 	-0.037 	-0.112 	0.145 	
-14.364 	35.482 	33.053 	0.074 	-0.035 	-0.011 	
21.563 	-12.166 	8.830 	0.201 	0.125 	0.051 	
0.735 	22.198 	-37.796 	-0.063 	0.197 	-0.033 	
17.929 	-22.866 	-43.117 	-0.024 	-0.065 	-0.031 	
19.639 	7.658 	8.638 	-0.142 	0.019 	0.024 	
57.460 	-33.114 	-78.633 	0.183 	-0.013 	-0.084 	
2.490 	-84.394 	17.355 	-0.048 	-0.089 	0.006 	
21.203 	43.365 	64.587 	0.134 	0.247 	0.424 	
25.934 	-33.518 	-28.563 	-0.067 	0.037 	-0.191 	
-49.664 	-35.867 	23.526 	-0.018 	-0.135 	0.106 	
23.224 	0.579 	33.925 	-0.092 	-0.127 	0.051 	
34.255 	-28.648 	-25.927 	-0.060 	-0.018 	0.016 	
71.217 	37.859 	18.713 	0.138 	0.166 	0.078 	
-5.091 	-70.923 	41.457 	-0.074 	-0.170 	0.210 	
29.152 	-13.456 	4.801 	0.141 	0.055 	-0.158 	
-72.343 	-36.221 	-61.575 	-0.098 	-0.032 	-0.096 	
10.672 	-30.493 	8.516 	0.108 	-0.138 	-0.179 	
-10.243 	-31.020 	10.359 	-0.212 	-0.035 	0.077 	
-59.250 	-28.903 	4.621 	-0.026 	-0.074 	0.049 	
-23.599 	-30.930 	-11.802 	0.081 	-0.170 	0.048 	
45.606 	0.030 	19.141 	0.098 	0.200 	0.026 	
-12.415 	20.576 	10.382 	-0.068 	0.102 	0.076 	
-23.629 	-22.746 	4.963 	-0.012 	-0.197 	0.058 	
-37.765 	-30.080 	-41.109 	-0.013 	-0.231 	-0.002 	
49.684 	-14.340 	7.697 	0.074 	0.092 	0.004 	
-74.598 	36.092 	-46.746 	-0.107 	0.109 	-0.053 	
0.617 	20.487 	15.308 	0.156 	-0.081 	0.040 	
25.610 	-1.456 	-25.965 	0.229 	0.076 	0.019 	
104.352 	-122.091 	-268.005 	0.872 	-0.798 	-1.657 	
40.626 	-37.207 	36.450 	0.043 	-0.172 	0.062 	
-3.589 	50.703 	17.432 	0.018 	-0.004 	0.124 	
3.450 	-14.291 	11.708 	-0.120 	0.041 	0.242 	
26.834 	7.846 	20.994 	0.066 	-0.181 	0.008 	
-15.221 	-9.020 	27.874 	-0.055 	0.119 	0.156 	
169.454 	-151.725 	113.824 	0.765 	-0.536 	0.461 	
-164.289 	175.520 	306.500 	-0.732 	0.973 	1.755 	
-1.429 	-7.069 	28.306 	-0.140 	0.071 	0.051 	
-4.885 	13.235 	-4.527 	-0.089 	0.154 	-0.001 	
52.343 	-36.227 	-46.849 	0.099 	-0.183 	-0.002 	
10.546 	-54.184 	-30.755 	0.163 	-0.249 	0.058 	
-45.619 	-7.681 	16.163 	-0.021 	-0.072 	0.164 	
38.810 	-22.736 	32.648 	-0.092 	-0.048 	0.099 	
81.476 	52.446 	15.095 	0.151 	0.056 	-0.033 	
-28.214 	57.179 	-42.345 	-0.161 	0.081 	0.006 	
-8.674 	17.023 	4.764 	-0.031 	0.025 	0.079 	
-29.160 	4.764 	6.520 	0.030 	0.083 	0.053 	
24.497 	-11.166 	-62.031 	0.012 	-0.102 	-0.012 	
-59.433 	-31.189 	50.479 	-0.059 	-0.223 	0.079 	
37.178 	-25.299 	-45.549 	0.075 	-0.227 	0.021 	
14.163 	-9.069 	23.986 	-0.168 	-0.121 	0.064 	
-47.810 	0.230 	29.591 	-0.005 	0.058 	0.212 	
38.711 	1.449 	-30.109 	0.183 	-0.192 	-0.027 	
34.547 	-27.334 	-0.649 	0.027 	0.102 	-0.111 	
57.566 	-16.825 	32.547 	0.029 	-0.081 	0.135 	
12.336 	0.149 	16.034 	-0.142 	-0.096 	-0.032 	
74.852 	-46.789 	-30.342 	0.120 	-0.012 	-0.046 	
-52.403 	-17.878 	-18.155 	-0.076 	0.021 	0.117 	
-24.395 	-21.176 	6.146 	-0.178 	-0.084 	-0.107 	
-16.323 	11.404 	-38.871 	-0.038 	0.071 	0.096 	
-44.339 	-46.939 	12.965 	0.035 	-0.160 	-0.028 	
-9.111 	-29.039 	23.292 	-0.148 	0.005 	0.084 	
-16.127 	5.970 	-12.023 	-0.099 	0.049 	-0.145 	
-8.797 	-3.942 	29.566 	-0.116 	-0.132 	0.031 	
29.063 	57.666 	-41.287 	-0.017 	0.061 	-0.059 	
39.001 	-24.912 	25.135 	0.007 	-0.044 	-0.057 	
-18.014 	-18.814 	8.305 	0.059 	-0.092 	-0.171 	
40.668 	-47.987 	39.846 	-0.007 	-0.157 	-0.032 	
-59.766 	-24.321 	30.876 	0.053 	-0.109 	0.089 	
41.244 	-40.077 	-1.795 	0.141 	-0.019 	0.006 	
-205.434 	142.269 	-100.064 	-0.568 	0.489 	-0.291 	
-34.972 	-19.758 	-4.786 	0.094 	-0.131 	0.049 	
37.909 	-50.296 	-21.665 	-0.051 	-0.041 	-0.102 	
-11.942 	22.885 	32.369 	-0.066 	-0.036 	0.156 	
-8.483 	-41.425 	6.637 	-0.045 	-0.061 	0.134 	
5.254 	21.790 	16.144 	-0.108 	-0.084 	-0.011 	
60.112 	-40.875 	50.089 	0.144 	-0.096 	0.023 	
-14.371 	-48.842 	-38.697 	0.009 	0.057 	-0.123 	
-7.496 	15.885 	43.750 	-0.108 	-0.001 	-0.073 	
63.766 	-4.998 	-40.163 	0.037 	-0.042 	-0.149 	
-39.016 	21.911 	-1.779 	0.053 	-0.077 	-0.034 	
21.071 	-24.949 	60.939 	0.065 	-0.077 	-0.007 	
-59.197 	-24.765 	50.734 	-0.068 	0.021 	0.073 	
39.786 	8.359 	18.049 	0.015 	-0.129 	0.108 	
-48.012 	-25.628 	-7.745 	-0.070 	0.001 	-0.078 	
-26.746 	-17.384 	-17.138 	-0.083 	0.103 	-0.036 	
13.216 	-26.261 	-36.045 	-0.152 	-0.040 	-0.067 	
18.396 	-10.806 	25.492 	0.255 	-0.052 	0.037 	
-3.864 	-38.995 	13.931 	0.003 	-0.150 	0.008 	
-48.439 	-11.265 	34.925 	-0.007 	-0.068 	0.165 	
42.098 	-28.627 	34.864 	0.052 	-0.113 	0.149 	
-15.260 	-16.143 	31.538 	0.138 	-0.164 	0.101 	
-63.849 	26.176 	21.263 	-0.051 	0.143 	-0.081 	
9.531 	-52.709 	26.910 	-0.044 	-0.042 	-0.026 	
9.114 	-16.210 	-34.853 	0.124 	0.104 	0.042 	
19.792 	-35.717 	18.093 	0.010 	-0.072 	-0.090 	
4.222 	-8.405 	-7.304 	-0.117 	0.037 	0.098 	
-27.965 	28.290 	-9.383 	-0.050 	0.033 	-0.035 	
18.177 	7.361 	-34.592 	0.124 	-0.183 	-0.022 	
10.316 	16.309 	-17.358 	0.019 	-0.045 	0.135 	
48.066 	-38.478 	-19.916 	-0.034 	-0.118 	0.023 	
-41.267 	17.422 	39.299 	-0.052 	0.005 	0.161 	
0.943 	34.217 	1.311 	0.201 	-0.024 	0.018 	
18.953 	4.973 	40.483 	-0.108 	-0.059 	0.020 	
27.387 	15.378 	-28.389 	-0.009 	-0.102 	-0.118 	
6.046 	-11.593 	11.146 	-0.167 	-0.063 	0.004 	
-7.262 	-58.498 	-73.571 	-0.100 	-0.108 	-0.093 	
-11.144 	-23.508 	3.056 	-0.078 	-0.064 	-0.037 	
34.504 	33.806 	31.418 	0.116 	0.103 	-0.084 	
5.851 	-29.291 	36.167 	0.042 	-0.036 	0.182 	
46.739 	25.737 	8.946 	0.076 	0.166 	0.132 	
52.913 	7.652 	17.399 	0.114 	0.077 	0.237 	
23.970 	-30.801 	-7.834 	-0.082 	-0.144 	-0.078 	
13.179 	36.286 	8.746 	0.171 	0.057 	-0.011 	
15.507 	14.773 	3.469 	-0.096 	-0.063 	0.132 	
-38.970 	13.154 	-11.793 	-0.022 	0.101 	-0.178 	
-9.815 	15.287 	27.739 	-0.157 	0.024 	0.044 	
-37.234 	-59.414 	12.090 	-0.150 	-0.031 	0.184 	
-25.614 	19.709 	-27.562 	-0.068 	0.083 	0.036 	
-20.930 	-24.336 	-1.839 	-0.048 	0.066 	-0.008 	
-71.195 	-31.401 	-34.207 	-0.027 	-0.069 	-0.080 	
47.010 	-20.135 	-47.472 	0.108 	-0.013 	-0.047 	
3.930 	23.125 	0.898 	0.202 	0.063 	0.087 	
32.349 	-1.267 	-20.153 	0.060 	-0.046 	0.052 	
-69.777 	28.021 	-44.605 	-0.040 	0.072 	-0.048 	
24.186 	9.192 	8.103 	-0.117 	-0.015 	0.053 	
15.041 	-22.319 	20.183 	0.022 	-0.186 	-0.107 	
-24.022 	-1.603 	-29.231 	-0.100 	-0.087 	-0.081 	
40.690 	-33.791 	30.384 	0.057 	0.052 	0.175 	
-17.387 	17.642 	13.552 	0.129 	0.129 	0.117 	
-3.416 	-38.793 	-22.751 	0.090 	0.016 	0.022 	
-25.131 	46.515 	6.886 	-0.021 	-0.021 	0.062 	
-49.291 	-33.872 	12.647 	0.027 	0.047 	-0.042 	
-33.239 	-34.015 	-31.505 	0.062 	-0.011 	-0.031 	
6.258 	-4.703 	31.619 	-0.049 	0.045 	0.015 	
-54.057 	-17.288 	-8.067 	-0.062 	0.038 	-0.117 	
-51.356 	-0.584 	63.760 	-0.060 	-0.094 	0.045 	
32.184 	4.841 	-23.832 	0.168 	-0.096 	-0.049 	
-28.353 	3.274 	-33.313 	-0.062 	-0.033 	0.019 	
24.518 	-45.533 	21.684 	0.194 	-0.022 	0.018 	
-23.671 	-29.774 	15.402 	-0.050 	0.112 	0.001 	
-35.058 	-59.575 	3.835 	0.029 	-0.020 	0.058 	
2.928 	29.143 	4.340 	0.196 	0.027 	0.027 	
-22.894 	36.203 	-18.675 	-0.099 	0.040 	-0.008 	
-24.516 	-7.432 	-8.985 	0.188 	0.047 	-0.075 	
-32.548 	-20.212 	40.222 	-0.009 	0.149 	0.084 	
-8.174 	-1.631 	-22.927 	-0.167 	-0.061 	-0.031 	
10.952 	34.984 	-12.575 	0.037 	0.069 	-0.240 	
18.976 	33.518 	21.607 	-0.121 	0.154 	0.061 	
-9.978 	30.134 	28.927 	-0.104 	0.140 	-0.114 	
-6.883 	-16.819 	60.959 	-0.017 	-0.033 	0.034 	
15.616 	-4.568 	-6.005 	0.034 	-0.224 	-0.080 	
65.391 	-20.217 	-49.278 	0.142 	-0.112 	0.005 	
8.111 	-5.049 	32.563 	-0.101 	-0.145 	-0.071 	
22.908 	-13.625 	36.277 	-0.084 	0.037 	0.150 	
1.378 	7.162 	41.687 	-0.023 	-0.093 	0.012 	
-75.820 	46.393 	-12.890 	-0.065 	0.095 	0.027 	
-45.971 	-28.763 	25.816 	-0.068 	0.052 	-0.023 	
13.336 	-26.081 	7.635 	0.037 	0.015 	-0.157 	
-20.330 	-31.469 	15.013 	-0.063 	0.096 	-0.034 	
-30.828 	52.706 	5.934 	-0.109 	-0.020 	0.066 	
-5.767 	29.349 	15.052 	-0.032 	0.036 	0.162 	
-31.737 	29.065 	-54.851 	-0.037 	0.062 	0.025 	
14.121 	8.854 	-24.626 	-0.090 	-0.018 	0.010 	
-34.994 	10.493 	-17.485 	-0.059 	0.145 	0.011 	
32.861 	6.382 	-5.951 	-0.022 	0.194 	-0.049 	
10.971 	-3.673 	20.371 	-0.119 	-0.023 	0.186 	
-44.783 	-6.185 	3.682 	0.038 	-0.072 	0.053 	
39.854 	1.816 	16.190 	0.156 	-0.138 	-0.136 	
21.389 	0.951 	-2.746 	0.255 	0.019 	0.108 	
69.214 	41.595 	-57.715 	0.113 	0.167 	-0.063 	
31.920 	42.481 	-60.635 	0.018 	0.075 	-0.036 	
-35.207 	-14.236 	0.253 	-0.002 	0.101 	-0.028 	
-3.921 	-30.250 	16.181 	0.102 	0.000 	-0.162 	
-59.904 	24.435 	-11.500 	-0.064 	0.204 	0.057 	
19.317 	-59.127 	35.714 	0.085 	-0.074 	-0.076 	
3.398 	5.527 	-8.743 	-0.028 	-0.036 	-0.122 	
16.285 	1.124 	6.370 	-0.099 	-0.028 	0.122 	
17.629 	-21.691 	45.960 	0.154 	-0.134 	-0.037 	
31.257 	-8.183 	-65.506 	0.195 	-0.094 	-0.014 	
21.713 	-7.125 	-16.924 	0.240 	-0.005 	-0.047 	
7.104 	-25.206 	1.535 	0.190 	-0.029 	0.030 	
-67.512 	23.658 	-25.519 	-0.002 	0.086 	-0.031 	
19.417 	-39.127 	2.737 	-0.054 	-0.068 	0.113 	
-47.010 	-27.829 	6.566 	-0.110 	-0.069 	0.234 	
-3.694 	-58.437 	30.241 	0.082 	-0.007 	0.168 	
5.969 	23.084 	9.105 	-0.058 	0.022 	0.229 	
60.326 	39.320 	-1.262 	0.051 	0.130 	-0.113 	
-28.313 	-17.756 	-36.880 	0.111 	0.016 	-0.197 	
58.838 	5.707 	-48.679 	0.078 	-0.070 	-0.110 	
-29.133 	1.263 	37.050 	-0.140 	0.006 	-0.055 	
-13.539 	-13.062 	1.952 	-0.190 	0.032 	-0.012 	
57.173 	-31.549 	-48.413 	0.086 	-0.118 	0.015 	
18.742 	19.907 	-26.907 	-0.116 	0.081 	0.025 	
-24.745 	-16.056 	36.317 	-0.007 	-0.096 	0.114 	
52.848 	-21.934 	1.070 	0.089 	-0.073 	-0.184 	
10.810 	31.106 	-43.810 	0.127 	0.145 	0.019 	
-24.382 	-19.071 	68.732 	-0.081 	-0.177 	0.037 	
-4.111 	17.907 	-2.355 	-0.094 	-0.078 	-0.101 	
27.799 	-40.408 	32.904 	0.150 	-0.001 	0.252 	
-22.931 	-20.295 	30.393 	-0.072 	-0.179 	-0.108 	
65.226 	-30.651 	-40.066 	0.097 	-0.078 	-0.031 	
23.151 	6.291 	37.878 	0.105 	-0.106 	-0.009 	
2.670 	-28.496 	-37.651 	-0.000 	-0.150 	-0.038 	
15.148 	-36.649 	-16.471 	0.002 	0.105 	0.049 	
31.448 	-47.471 	-39.894 	0.126 	-0.013 	-0.129 	
-13.712 	-12.781 	8.667 	0.003 	0.096 	0.055 	
-7.717 	12.050 	-6.094 	0.197 	-0.028 	-0.056 	
23.575 	-37.214 	-30.303 	-0.036 	-0.030 	-0.103 	
-60.804 	16.728 	-39.630 	-0.099 	0.095 	-0.052 	
-1.565 	10.058 	-5.889 	0.098 	-0.113 	0.135 	
56.052 	51.618 	-1.489 	0.004 	0.123 	0.070 	
0.845 	11.135 	0.108 	-0.008 	0.122 	-0.121 	
-14.537 	8.345 	-30.366 	-0.239 	-0.107 	-0.511 	
-17.733 	-5.579 	-7.630 	0.082 	-0.006 	-0.191 	
30.721 	10.222 	-26.309 	0.092 	0.009 	-0.264 	
25.882 	-26.228 	-54.318 	0.026 	-0.051 	0.022 	
25.503 	-39.346 	-32.780 	-0.045 	-0.009 	-0.202 	
60.115 	-43.620 	23.345 	0.097 	-0.116 	0.066 	
24.877 	-20.875 	13.304 	0.069 	-0.006 	0.098 	
44.851 	26.975 	-29.558 	0.022 	0.110 	-0.228 	
25.227 	-10.827 	3.437 	0.139 	0.067 	0.214 	
2.676 	-34.668 	0.781 	0.031 	0.012 	0.026 	
12.126 	3.574 	34.751 	-0.145 	0.024 	0.078 	
-6.538 	-0.440 	-0.098 	-0.027 	-0.184 	0.074 	
5.306 	-39.623 	-18.462 	0.014 	-0.082 	-0.100 	
-25.539 	-27.383 	4.535 	-0.087 	-0.115 	-0.075 	
-12.712 	24.708 	-9.043 	0.181 	0.128 	0.036 	
-12.410 	-29.426 	45.240 	-0.198 	-0.065 	0.033 	
0.743 	-25.803 	26.750 	0.083 	0.017 	0.087 	
-28.821 	-3.993 	38.266 	0.079 	0.082 	0.035 	
4.935 	21.930 	14.175 	-0.060 	0.037 	0.076 	
19.019 	-9.436 	25.461 	0.104 	-0.159 	-0.117 	
-26.505 	-21.610 	12.347 	0.124 	0.009 	0.147 	
-31.355 	-22.930 	12.107 	0.160 	-0.023 	0.136 	
-6.956 	-8.675 	14.171 	-0.189 	-0.035 	-0.003 	
29.439 	-37.306 	-40.557 	-0.079 	-0.041 	-0.085 	
28.975 	10.252 	4.989 	0.021 	-0.206 	-0.018 	
59.721 	-30.363 	-48.979 	0.077 	-0.171 	-0.049 	
12.012 	-14.821 	-6.269 	0.069 	-0.110 	0.125 	
68.276 	51.114 	24.647 	0.079 	0.070 	0.098 	
3.946 	2.750 	10.637 	-0.090 	-0.028 	-0.033 	
-42.774 	16.916 	29.819 	0.045 	-0.041 	0.011 	
5.343 	-34.314 	26.331 	-0.110 	-0.048 	0.228 	
-38.949 	-39.737 	6.620 	-0.088 	-0.026 	0.184 	
57.555 	4.162 	-49.887 	0.096 	-0.043 	-0.014 	
-58.255 	35.777 	-62.074 	-0.103 	0.115 	-0.036 	
-41.643 	-37.339 	-32.120 	0.056 	-0.115 	-0.118 	
-76.246 	51.855 	57.594 	-0.098 	0.060 	0.134 	
17.739 	-14.195 	8.091 	0.090 	-0.032 	-0.107 	
-5.698 	4.093 	-10.683 	0.158 	-0.021 	0.034 	
-25.433 	-27.090 	21.492 	0.051 	-0.212 	-0.105 	
22.895 	-27.946 	-28.308 	0.186 	-0.043 	-0.156 	
-46.977 	20.965 	9.920 	0.029 	0.133 	-0.070 	
-36.056 	-4.301 	-1.366 	-0.110 	-0.038 	-0.044 	
-39.356 	4.635 	-1.115 	0.121 	-0.055 	-0.014 	
15.830 	5.255 	-25.249 	-0.103 	-0.140 	-0.055 	
-51.115 	-11.653 	16.777 	0.030 	0.114 	-0.014 	
-29.557 	-26.144 	-23.925 	-0.098 	0.011 	0.132 	
-22.453 	-38.519 	64.505 	-0.130 	-0.052 	0.036 	
26.516 	-2.373 	-25.685 	0.200 	0.009 	-0.023 	
-19.719 	54.177 	10.395 	-0.059 	0.075 	0.182 	
14.168 	-21.299 	-32.178 	0.076 	0.050 	-0.119 	
-24.763 	18.600 	-49.708 	-0.023 	-0.090 	-0.043 	
-43.398 	-31.234 	-16.794 	-0.069 	-0.215 	-0.121 	
39.739 	-14.538 	26.367 	0.038 	-0.117 	0.158 	
-50.077 	0.919 	-12.625 	-0.163 	0.035 	0.005 	
37.352 	-0.119 	6.827 	0.101 	-0.054 	-0.103 	
60.687 	7.153 	-2.422 	0.048 	-0.088 	-0.053 	
28.923 	7.147 	5.969 	-0.075 	0.038 	-0.122 	
64.033 	3.354 	29.628 	0.086 	0.074 	0.024 	
15.938 	4.078 	-8.593 	-0.077 	0.016 	0.091 	
-4.346 	-57.264 	-15.347 	0.161 	-0.164 	0.035 	
9.582 	-4.545 	34.050 	-0.068 	-0.035 	-0.000 	
-24.544 	-34.655 	-16.287 	-0.076 	0.031 	-0.028 	
39.120 	30.106 	14.197 	-0.070 	0.047 	0.018 	
37.147 	-37.751 	20.518 	0.138 	-0.008 	-0.041 	
-12.283 	11.710 	21.862 	-0.004 	0.130 	0.194 	
41.718 	-14.136 	-29.003 	-0.051 	0.036 	-0.010 	
-45.591 	-23.988 	30.654 	0.026 	-0.010 	0.094 	
-31.945 	-43.848 	-39.555 	-0.019 	-0.181 	-0.011 	
10.418 	-21.758 	-32.601 	0.049 	-0.207 	0.005 	
77.122 	-27.869 	-5.647 	0.076 	-0.049 	-0.018 	
13.684 	-12.585 	17.514 	0.127 	0.114 	-0.016 	
-52.886 	-2.400 	-32.234 	-0.057 	0.118 	-0.001 	
-15.988 	-11.401 	-43.654 	-0.192 	-0.112 	-0.032 	
-51.079 	-31.655 	19.735 	0.097 	-0.104 	0.064 	
11.356 	-31.241 	14.133 	0.177 	-0.027 	0.006 	
22.105 	6.774 	21.721 	-0.118 	-0.061 	0.103 	
-33.178 	-11.342 	30.016 	-0.057 	0.178 	0.090 	
-16.345 	24.763 	32.745 	-0.095 	-0.004 	0.109 	
-17.460 	-17.653 	47.537 	0.062 	0.015 	0.012 	
17.766 	65.599 	29.149 	0.097 	0.015 	0.021 	
-4.886 	-5.461 	-6.526 	0.164 	0.111 	-0.057 	
-31.555 	-45.490 	11.731 	-0.074 	-0.029 	0.129 	
8.374 	12.990 	6.178 	-0.090 	-0.057 	-0.076 	
-40.695 	19.547 	1.935 	0.068 	0.126 	0.028 	
23.363 	11.168 	-32.492 	0.065 	-0.061 	-0.305 	
3.407 	-6.542 	-22.891 	-0.051 	-0.129 	-0.136 	
11.808 	28.648 	-20.352 	0.065 	0.185 	0.052 	
14.488 	11.703 	2.699 	0.075 	-0.096 	-0.133 	
0.198 	-17.078 	-18.566 	-0.019 	-0.191 	0.048 	
-7.323 	4.537 	12.628 	-0.011 	-0.208 	-0.002 	
31.996 	-0.983 	30.140 	0.220 	-0.079 	-0.076 	
-2.941 	26.009 	8.978 	0.125 	-0.042 	-0.030 	
-11.156 	1.122 	21.569 	-0.133 	0.013 	0.018 	
-20.277 	42.292 	-28.968 	-0.057 	-0.050 	-0.074 	
-14.082 	-21.700 	-9.714 	0.024 	0.123 	-0.091 	
77.936 	-25.581 	-9.941 	0.103 	-0.043 	0.044 	
-4.288 	-3.075 	-6.349 	-0.019 	0.018 	-0.073 	
0.820 	17.167 	5.003 	0.020 	0.146 	0.087 	
24.645 	-39.580 	50.671 	0.197 	-0.068 	0.001 	
11.314 	18.082 	5.026 	0.072 	-0.025 	0.243 	
3.444 	-22.736 	-10.625 	0.094 	-0.009 	0.065 	
18.150 	-36.480 	-19.456 	0.247 	-0.139 	-0.013 	
6.690 	-8.231 	-10.167 	0.040 	-0.027 	-0.067 	
-47.631 	-37.837 	1.236 	-0.051 	-0.257 	0.021 	
36.358 	-1.072 	24.977 	-0.111 	-0.009 	0.086 	
0.904 	3.948 	27.428 	0.181 	-0.108 	-0.049 	
-35.878 	-33.501 	-12.055 	-0.058 	-0.138 	0.184 	
-30.253 	41.160 	47.235 	0.077 	0.099 	0.021 	
-24.426 	-17.899 	24.282 	0.130 	0.053 	0.047 	
30.907 	31.269 	-50.555 	0.070 	0.016 	-0.056 	
-28.740 	-39.081 	21.219 	0.036 	-0.114 	0.202 	
-33.942 	-14.883 	13.207 	-0.129 	0.056 	0.048 	
7.971 	36.959 	21.528 	0.197 	-0.006 	0.023 	
18.411 	64.995 	11.835 	0.078 	0.024 	0.133 	
74.682 	44.799 	1.974 	0.153 	0.061 	-0.002 	
-28.571 	-16.204 	-25.956 	-0.083 	-0.003 	0.012 	
13.728 	33.474 	-11.746 	0.216 	0.077 	-0.088 	
-21.153 	28.691 	-53.477 	-0.096 	-0.031 	-0.019 	
33.696 	31.646 	-3.515 	0.042 	0.082 	-0.060 	
51.098 	-46.672 	2.091 	0.165 	-0.088 	0.044 	
23.633 	10.387 	55.908 	0.043 	0.152 	0.265 	
74.843 	10.961 	-31.118 	0.078 	-0.023 	-0.029 	
-20.819 	30.682 	31.618 	0.025 	0.118 	0.054 	
7.255 	-33.773 	54.815 	0.156 	-0.098 	-0.021 	
54.630 	-14.323 	-15.652 	0.302 	-0.433 	-0.023 	
10.204 	-46.254 	-17.335 	0.025 	0.040 	-0.128 	
-24.196 	28.294 	-18.389 	0.030 	0.119 	-0.125 	
54.205 	-7.693 	4.628 	0.094 	-0.171 	0.048 	
-9.129 	-3.779 	-10.267 	0.102 	0.032 	0.061 	
25.167 	-17.668 	8.078 	0.004 	0.178 	-0.023 	
8.348 	-46.267 	32.714 	0.054 	0.067 	0.161 	
69.939 	6.105 	18.943 	0.140 	0.028 	0.080 	
21.946 	-10.410 	21.662 	0.176 	-0.153 	0.043 	
-8.777 	-1.169 	32.710 	-0.009 	-0.145 	0.048 	
15.423 	-18.265 	-0.549 	0.213 	0.069 	0.041 	
-13.111 	31.447 	34.969 	-0.148 	0.009 	-0.017 	
-2.782 	24.434 	30.344 	-0.133 	0.190 	-0.027 	
-26.010 	25.155 	29.448 	0.126 	0.095 	-0.012 	
-28.352 	7.057 	5.891 	-0.118 	0.122 	-0.106 	
7.515 	-25.317 	17.860 	0.183 	-0.213 	0.151 	
-31.681 	-55.668 	47.781 	-0.111 	0.022 	0.135 	
-24.786 	-10.408 	21.482 	-0.085 	0.060 	0.021 	
-24.856 	29.056 	5.043 	0.030 	0.158 	0.112 	
-58.595 	-50.577 	46.609 	0.014 	-0.183 	0.082 	
24.859 	-15.304 	26.410 	0.119 	-0.016 	0.066 	
-20.646 	24.146 	19.663 	-0.101 	-0.064 	0.131 	
-20.093 	-34.727 	-70.729 	-0.157 	-0.098 	-0.047 	
-57.155 	48.703 	50.619 	-0.108 	0.026 	0.119 	
66.338 	5.433 	22.129 	0.035 	-0.011 	0.126 	
31.278 	-5.935 	7.678 	0.114 	-0.123 	0.163 	
-51.056 	-48.900 	-46.193 	-0.074 	-0.047 	-0.071 	
44.893 	2.093 	-6.963 	0.005 	-0.116 	0.031 	
61.534 	12.267 	-38.325 	0.083 	0.016 	-0.020 	
-31.659 	36.635 	-39.791 	-0.015 	0.085 	-0.003 	
-8.495 	-26.880 	22.687 	0.159 	-0.017 	0.151 	
-37.127 	36.125 	36.515 	0.064 	0.040 	0.053 	
9.421 	-32.375 	15.573 	0.017 	0.041 	0.004 	
12.001 	-8.296 	22.332 	0.132 	-0.085 	-0.041 	
-47.303 	-33.312 	-31.772 	-0.052 	0.036 	-0.155 	
-26.876 	11.216 	-27.749 	-0.070 	-0.145 	-0.004 	
45.960 	34.151 	31.382 	0.031 	0.127 	0.076 	
23.310 	50.883 	0.402 	-0.061 	0.032 	-0.092 	
19.947 	-33.093 	17.847 	-0.058 	0.004 	-0.065 	
-4.831 	18.421 	-43.304 	-0.175 	-0.041 	-0.158 	
10.958 	-36.633 	8.505 	0.030 	-0.120 	0.157 	
77.572 	-36.157 	13.334 	0.090 	-0.044 	0.013 	
-22.495 	-35.836 	35.624 	0.064 	-0.034 	0.039 	
-67.212 	5.396 	-30.063 	-0.066 	-0.031 	-0.079 	
-2.113 	-21.914 	29.519 	-0.051 	0.125 	-0.003 	
42.361 	53.391 	-50.658 	0.153 	0.041 	-0.006 	
-46.747 	1.461 	-46.538 	-0.020 	0.084 	-0.026 	
-14.967 	12.933 	-0.927 	0.217 	-0.022 	-0.016 	
30.323 	-73.131 	-19.324 	0.023 	-0.054 	-0.022 	
-17.637 	22.664 	13.948 	0.036 	0.071 	0.015 	
-9.283 	-25.846 	-41.390 	0.151 	0.063 	-0.106 	
-38.207 	-23.031 	-32.972 	-0.054 	0.011 	-0.038 	
-20.179 	-33.054 	12.811 	0.127 	-0.000 	0.017 	
-17.655 	-20.999 	55.624 	-0.120 	-0.091 	-0.049 	
-40.736 	-35.086 	42.490 	0.058 	-0.045 	0.214 	
17.570 	-8.300 	17.367 	0.162 	0.064 	0.153 	
-5.448 	-21.506 	-36.661 	0.111 	0.040 	0.048 	
35.992 	-18.833 	-26.026 	-0.094 	-0.059 	-0.077 	
-54.648 	41.783 	-19.146 	-0.117 	0.001 	-0.115 	
-30.936 	21.575 	26.102 	0.087 	0.141 	0.019 	
-25.482 	16.970 	-34.648 	-0.063 	0.048 	-0.151 	
-15.149 	-14.472 	27.392 	0.158 	-0.011 	0.047 	
38.187 	-14.247 	-17.749 	0.073 	0.040 	0.081 	
23.622 	7.455 	-10.626 	0.134 	0.174 	-0.093 	
13.023 	-29.209 	-62.277 	-0.012 	-0.110 	-0.038 	
-7.946 	-0.835 	5.288 	0.207 	-0.043 	-0.046 	
-30.020 	33.778 	-52.591 	0.085 	-0.005 	-0.126 	
0.266 	37.464 	-30.842 	-0.065 	-0.041 	-0.159 	
-27.211 	-16.760 	30.143 	0.125 	-0.095 	0.076 	
12.389 	29.909 	-11.102 	-0.239 	0.130 	0.038 	
-0.500 	-21.356 	32.120 	-0.040 	-0.077 	-0.114 	
-0.620 	-6.777 	-29.295 	0.072 	0.096 	-0.069 	
79.931 	13.823 	30.076 	0.132 	0.055 	0.023 	
-17.420 	-24.808 	-6.589 	0.093 	-0.011 	-0.160 	
21.912 	-14.503 	41.524 	0.012 	0.063 	0.118 	
10.351 	-31.543 	18.390 	0.050 	-0.185 	0.181 	
-0.858 	52.039 	-34.057 	0.145 	0.029 	-0.035 	
35.607 	5.341 	-38.708 	0.005 	0.151 	-0.055 	
-43.256 	-27.128 	49.493 	-0.010 	-0.226 	0.078 	
13.901 	-34.024 	14.911 	0.211 	-0.073 	-0.084 	
-60.316 	23.341 	27.830 	0.022 	0.107 	0.110 	
-9.272 	-29.827 	-22.499 	0.177 	-0.128 	-0.063 	
4.050 	3.442 	-33.940 	0.082 	0.059 	0.094 	
43.894 	0.831 	-43.792 	-0.047 	0.036 	-0.091 	
45.715 	33.704 	-28.739 	0.017 	-0.061 	-0.067 	
-17.917 	14.204 	-35.226 	0.166 	0.034 	-0.044 	
24.693 	-39.404 	-27.461 	0.230 	-0.173 	-0.053 	
33.345 	-23.992 	25.761 	0.104 	-0.051 	-0.149 	
16.725 	-7.065 	-22.636 	-0.098 	-0.032 	0.059 	
-44.889 	-22.720 	18.049 	-0.006 	0.077 	-0.016 	
-12.675 	-24.036 	-9.706 	0.013 	-0.173 	-0.171 	
34.602 	4.452 	24.975 	0.021 	0.171 	0.021 	
4.564 	-9.061 	14.802 	-0.154 	-0.037 	0.039 	
7.087 	-32.114 	3.211 	0.057 	-0.136 	0.096 	
118.831 	-26.883 	35.568 	-0.023 	-0.060 	0.026 	
157.777 	-14.895 	-20.158 	-0.008 	-0.181 	0.084 	
126.605 	-45.428 	-15.768 	-0.105 	0.017 	-0.083 	
94.632 	-39.755 	23.540 	-0.102 	-0.024 	0.221 	
188.482 	26.187 	-10.808 	-0.057 	-0.058 	-0.094 	
159.905 	-24.669 	0.244 	-0.160 	-0.146 	0.063 	
176.274 	-14.527 	-19.240 	0.037 	-0.140 	-0.103 	
199.587 	-13.643 	14.587 	0.048 	-0.007 	0.202 	
149.365 	-22.773 	-24.332 	-0.195 	0.092 	-0.036 	
201.889 	6.072 	-39.634 	0.008 	-0.014 	-0.173 	
173.941 	11.822 	7.116 	0.104 	0.138 	-0.129 	
187.586 	44.442 	23.762 	-0.045 	-0.077 	0.097 	
164.054 	11.266 	51.290 	-0.097 	-0.030 	0.022 	
204.226 	-18.157 	10.524 	-0.121 	-0.106 	0.048 	
171.056 	16.743 	65.463 	0.014 	0.064 	0.014 	
101.549 	18.716 	14.602 	-0.063 	0.109 	-0.105 	
124.705 	-14.918 	26.898 	0.040 	0.050 	0.127 	
183.021 	-37.079 	9.971 	-0.160 	-0.023 	0.029 	
131.033 	34.027 	13.231 	-0.025 	0.078 	0.181 	
187.379 	-22.500 	11.338 	0.105 	-0.109 	-0.060 	
174.008 	-8.178 	6.341 	-0.051 	0.008 	0.013 	
100.130 	21.687 	-44.116 	-0.035 	-0.012 	-0.052 	
125.649 	32.670 	24.815 	0.055 	0.111 	0.102 	
210.868 	10.264 	-1.134 	-0.018 	0.151 	-0.111 	
149.401 	4.752 	-15.688 	-0.265 	-0.024 	-0.020 	
186.214 	10.266 	34.585 	-0.033 	0.065 	0.176 	
166.682 	-29.069 	-12.571 	0.035 	-0.151 	0.022 	
159.578 	-21.964 	-4.555 	-0.080 	-0.183 	0.118 	
139.967 	3.842 	-28.700 	-0.233 	0.062 	-0.021 	
116.630 	6.383 	-13.695 	0.025 	-0.082 	-0.010 	
140.726 	16.576 	-18.108 	0.100 	0.022 	0.054 	
97.716 	18.408 	10.364 	-0.147 	0.206 	0.036 	
134.773 	35.056 	-39.456 	-0.229 	0.026 	-0.197 	
200.068 	-5.459 	58.105 	0.041 	0.032 	0.042 	
198.968 	-34.056 	48.657 	0.033 	0.016 	0.081 	
147.998 	-11.552 	17.123 	0.032 	0.071 	0.106 	
174.892 	0.739 	-15.943 	-0.139 	0.103 	-0.040 	
159.577 	33.629 	9.635 	-0.120 	-0.052 	0.159 	
150.312 	34.413 	-36.291 	-0.118 	-0.092 	-0.029 	
198.325 	26.826 	-51.370 	0.137 	0.092 	0.018 	
116.233 	-49.703 	1.339 	-0.098 	-0.030 	-0.136 	
95.970 	-13.454 	-28.381 	-0.077 	0.106 	-0.097 	
227.492 	-37.574 	-14.140 	-0.002 	-0.058 	-0.038 	
109.858 	21.237 	-59.739 	-0.122 	0.125 	-0.019 	
165.884 	-15.825 	-21.173 	-0.144 	0.143 	-0.085 	
204.325 	-4.442 	-40.789 	0.123 	0.132 	0.016 	
202.074 	-15.529 	-0.332 	0.056 	0.053 	-0.138 	
151.110 	16.047 	-21.833 	-0.050 	-0.164 	-0.101 	
91.207 	0.564 	26.186 	-0.033 	0.091 	0.123 	
215.908 	-18.326 	9.684 	-0.043 	-0.068 	0.020 	
164.202 	-41.131 	16.462 	-0.028 	0.025 	0.011 	
146.933 	24.575 	-3.021 	0.167 	0.098 	0.016 	
144.637 	-7.185 	-2.550 	0.178 	-0.022 	0.032 	
166.089 	11.763 	-3.603 	-0.091 	0.062 	-0.040 	
114.907 	-25.698 	36.169 	-0.170 	0.069 	-0.041 	
111.867 	34.040 	23.578 	-0.080 	0.204 	0.183 	
155.267 	2.194 	1.209 	-0.180 	-0.028 	0.003 	
125.490 	-55.035 	-13.083 	-0.022 	-0.004 	0.007 	
127.716 	-27.038 	-22.545 	0.019 	-0.189 	0.001 	
150.025 	-48.723 	36.576 	-0.028 	0.007 	-0.009 	
128.597 	-37.497 	3.606 	0.058 	-0.017 	0.102 	
148.917 	-39.315 	31.410 	0.018 	-0.091 	-0.009 	
165.496 	5.715 	2.482 	0.181 	0.018 	-0.106 	
192.649 	-32.260 	-47.808 	-0.040 	-0.014 	-0.173 	
112.268 	-57.624 	5.370 	-0.047 	-0.043 	-0.049 	
154.250 	-0.972 	12.170 	-0.004 	-0.016 	0.055 	
168.792 	-24.684 	19.329 	-0.090 	-0.109 	0.204 	
181.442 	-14.956 	27.850 	0.109 	0.099 	0.126 	
186.156 	4.680 	26.929 	0.076 	0.047 	0.054 	
217.555 	-18.760 	-25.297 	-0.042 	-0.091 	-0.073 	
191.626 	-26.508 	-23.112 	-0.118 	-0.053 	-0.110 	
132.695 	-40.482 	-10.982 	-0.095 	0.002 	0.035 	
187.025 	-4.367 	-10.231 	-0.081 	-0.008 	0.025 	
172.478 	-3.234 	-2.223 	0.132 	-0.131 	-0.146 	
136.105 	4.807 	12.826 	-0.152 	-0.147 	-0.036 	
163.083 	-24.277 	9.682 	-0.184 	-0.050 	0.087 	
123.439 	7.011 	-24.569 	-0.010 	0.145 	-0.158 	
123.231 	12.993 	29.408 	-0.194 	0.108 	-0.096 	
164.067 	34.476 	-9.874 	-0.176 	0.170 	0.028 	
83.999 	-34.954 	26.244 	-0.125 	-0.036 	0.021 	
182.790 	-37.477 	-40.502 	0.172 	-0.082 	0.008 	
194.448 	38.156 	26.100 	-0.077 	0.161 	0.032 	
113.039 	6.554 	13.064 	-0.020 	0.022 	-0.065 	
145.207 	23.325 	11.499 	-0.212 	0.003 	-0.036 	
130.311 	-44.202 	40.872 	-0.013 	0.072 	0.152 	
143.483 	-23.998 	-53.389 	-0.097 	-0.169 	0.031 	
110.343 	4.802 	-25.895 	-0.102 	0.007 	-0.134 	
169.900 	5.481 	-22.475 	0.138 	-0.043 	-0.007 	
175.892 	-6.628 	36.205 	0.136 	0.094 	0.014 	
115.946 	15.683 	43.801 	-0.062 	-0.002 	0.009 	
102.213 	35.471 	30.952 	0.006 	0.050 	0.088 	
154.648 	25.571 	28.682 	-0.129 	0.227 	0.024 	
108.777 	-15.140 	-21.388 	-0.076 	-0.170 	0.052 	
153.639 	-16.975 	2.455 	-0.045 	-0.034 	0.206 	
141.937 	11.443 	-2.989 	0.154 	0.085 	0.006 	
94.273 	-36.046 	19.152 	-0.081 	-0.092 	-0.068 	
139.629 	-2.372 	-29.985 	-0.048 	-0.203 	-0.003 	
193.751 	11.877 	-10.212 	-0.048 	0.090 	-0.140 	
198.304 	-28.310 	12.922 	-0.007 	-0.086 	0.072 	
143.942 	-10.075 	-22.678 	0.141 	-0.068 	-0.036 	
182.599 	-19.270 	50.208 	-0.037 	-0.056 	0.092 	
183.871 	1.522 	-23.080 	-0.108 	-0.021 	-0.070 	
141.607 	-34.663 	2.773 	-0.008 	0.120 	0.001 	
113.573 	62.367 	-40.759 	-0.194 	0.047 	-0.065 	
85.729 	-17.957 	-7.025 	-0.146 	-0.011 	-0.028 	
188.546 	-21.837 	-14.138 	0.117 	-0.178 	0.107 	
198.069 	-63.194 	-60.145 	0.076 	-0.076 	-0.053 	
155.549 	-12.975 	13.112 	0.150 	0.019 	0.077 	
177.421 	13.550 	-33.435 	0.178 	-0.030 	-0.093 	
113.021 	28.396 	8.421 	0.056 	0.106 	0.029 	
111.692 	-31.301 	37.472 	-0.025 	0.011 	0.162 	
139.337 	13.058 	27.165 	-0.139 	0.106 	0.074 	
170.035 	-1.482 	-28.914 	0.027 	0.011 	-0.024 	
134.702 	12.254 	19.638 	-0.126 	-0.170 	0.005 	
81.579 	28.776 	-20.966 	-0.128 	0.111 	-0.074 	
158.175 	-26.133 	-26.307 	-0.067 	-0.100 	-0.079 	
200.507 	1.945 	-31.117 	-0.067 	-0.004 	-0.181 	
185.601 	-2.393 	-9.656 	0.035 	0.135 	-0.138 	
149.247 	20.874 	9.749 	-0.105 	-0.120 	-0.139 	
191.049 	45.278 	27.905 	-0.082 	0.076 	0.019 	
183.895 	-32.420 	-14.430 	-0.161 	-0.074 	-0.065 	
161.727 	-13.897 	-17.315 	-0.150 	0.015 	0.082 	
153.716 	33.884 	-5.319 	0.143 	0.091 	-0.038 	
152.249 	0.095 	10.108 	0.064 	0.097 	-0.145 	
202.081 	52.467 	28.358 	0.054 	0.026 	0.021 	
188.724 	-42.094 	-36.336 	-0.042 	-0.185 	0.033 	
230.563 	23.936 	1.787 	0.030 	0.061 	0.022 	
152.720 	14.436 	-6.055 	0.115 	0.023 	0.003 	
168.843 	38.923 	-40.417 	-0.118 	-0.011 	-0.050 	
145.416 	-48.286 	-14.789 	-0.012 	0.013 	-0.060 	
205.567 	18.779 	-38.580 	0.027 	0.101 	-0.049 	
193.398 	11.980 	-0.819 	0.104 	0.109 	0.011 	
142.168 	-19.347 	-15.567 	-0.094 	-0.033 	0.116 	
160.220 	7.682 	16.005 	-0.201 	0.031 	0.074 	
173.008 	-46.492 	16.208 	0.126 	-0.032 	-0.121 	
213.077 	20.746 	15.361 	-0.029 	0.057 	0.033 	
194.083 	19.122 	34.338 	0.135 	0.139 	0.086 	
168.717 	8.598 	-34.971 	-0.124 	-0.039 	-0.200 	
108.897 	19.015 	18.381 	0.014 	0.022 	0.098 	
192.447 	-10.409 	-19.594 	0.072 	-0.206 	-0.041 	
143.566 	10.998 	16.614 	-0.255 	-0.052 	0.084 	
173.409 	3.407 	34.730 	-0.014 	-0.025 	0.125 	
165.287 	-9.100 	31.892 	0.124 	-0.088 	0.044 	
181.540 	35.118 	41.235 	-0.052 	-0.013 	-0.014 	
126.698 	-20.871 	13.245 	0.028 	-0.037 	0.206 	
164.323 	-49.484 	3.739 	0.062 	-0.044 	0.046 	
175.153 	-12.142 	-12.179 	-0.188 	-0.060 	-0.024 	
160.147 	-33.942 	11.482 	-0.076 	-0.046 	0.199 	
177.865 	-4.972 	31.289 	0.135 	0.013 	-0.023 	
183.330 	-34.298 	-3.237 	0.149 	0.051 	0.108 	
150.402 	-10.264 	42.913 	0.099 	0.133 	0.105 	
163.053 	-39.652 	-33.997 	-0.090 	0.076 	-0.067 	
135.896 	3.726 	-43.610 	-0.037 	0.045 	0.006 	
137.506 	24.966 	38.969 	0.053 	0.087 	0.032 	
141.264 	11.469 	14.914 	-0.114 	-0.129 	-0.049 	
150.930 	-18.977 	-18.579 	0.144 	-0.066 	-0.001 	
122.211 	-5.982 	55.292 	-0.139 	-0.054 	0.030 	
93.781 	24.628 	20.589 	-0.098 	0.161 	0.214 	
191.737 	-44.976 	-22.559 	0.142 	-0.045 	0.104 	
179.242 	-33.848 	-22.225 	-0.090 	-0.042 	-0.026 	
202.114 	1.122 	8.104 	-0.049 	0.049 	0.060 	
134.324 	-17.726 	-59.416 	0.295 	0.058 	-0.687 	
141.593 	-30.897 	-26.431 	-0.212 	0.062 	-0.088 	
170.185 	-0.840 	15.214 	0.124 	0.135 	-0.030 	
127.339 	-36.900 	-19.620 	-0.168 	0.018 	0.082 	
118.351 	-12.311 	-3.798 	-0.146 	-0.004 	0.182 	
136.284 	1.548 	32.038 	-0.005 	-0.008 	0.135 	
216.451 	29.078 	-21.515 	0.064 	0.006 	0.001 	
182.875 	-23.372 	26.584 	0.103 	-0.064 	0.061 	
114.545 	-9.096 	3.838 	-0.123 	0.085 	-0.025 	
157.888 	27.556 	-3.074 	-0.100 	0.068 	0.061 	
190.006 	-27.628 	32.205 	-0.043 	0.050 	0.174 	
233.633 	-28.064 	-42.996 	0.035 	-0.158 	-0.122 	
152.739 	-9.411 	1.170 	0.058 	-0.003 	-0.063 	
177.415 	-35.226 	-11.541 	0.024 	0.041 	-0.158 	
136.700 	-46.758 	0.542 	-0.031 	0.010 	-0.136 	
132.739 	0.892 	29.301 	0.040 	0.036 	0.012 	
224.086 	25.838 	-32.109 	0.014 	0.083 	-0.105 	
144.395 	9.705 	14.449 	-0.173 	0.056 	-0.077 	
171.018 	-17.158 	1.897 	-0.121 	0.066 	-0.149 	
191.102 	10.425 	34.445 	-0.048 	-0.028 	-0.068 	
150.433 	-10.859 	-4.131 	-0.107 	0.043 	-0.058 	
124.606 	19.415 	37.485 	-0.076 	-0.124 	0.113 	
225.739 	0.136 	-36.539 	0.022 	-0.070 	-0.034 	
129.348 	-51.584 	16.822 	-0.046 	0.054 	0.087 	
163.192 	-0.031 	-20.976 	0.003 	-0.186 	0.040 	
166.687 	-1.163 	-26.065 	0.124 	-0.045 	-0.205 	
225.852 	-29.915 	36.998 	0.001 	-0.020 	0.110 	
151.989 	-44.539 	-36.471 	0.006 	-0.102 	0.061 	
192.935 	-49.052 	8.500 	0.084 	0.081 	-0.020 	
110.195 	-37.993 	11.251 	-0.004 	-0.103 	-0.009 	
107.577 	-25.899 	-30.476 	-0.160 	0.058 	-0.062 	
179.068 	32.555 	-31.922 	-0.093 	0.175 	0.028 	
199.998 	39.414 	-3.510 	0.080 	0.012 	-0.002 	
163.315 	17.152 	-26.255 	0.049 	0.090 	-0.096 	
129.279 	24.231 	34.844 	-0.090 	0.098 	0.106 	
140.594 	12.842 	43.373 	-0.080 	-0.174 	0.097 	
187.415 	20.944 	12.734 	-0.116 	0.009 	0.162 	
86.604 	36.119 	6.389 	-0.034 	0.084 	0.011 	
158.864 	-28.497 	11.862 	-0.122 	-0.067 	0.006 	
177.482 	33.691 	-15.774 	-0.094 	0.039 	0.048 	
184.652 	-17.852 	11.638 	-0.119 	0.068 	0.010 	
126.410 	9.340 	-11.036 	-0.082 	0.137 	0.095 	
167.200 	3.333 	-11.581 	0.228 	0.001 	-0.042 	
155.214 	23.617 	29.673 	0.163 	0.016 	0.081 	
130.259 	-20.638 	-30.425 	-0.201 	-0.189 	-0.040 	
214.778 	-25.169 	15.164 	-0.057 	-0.188 	0.005 	
110.934 	-9.405 	13.603 	0.037 	-0.012 	-0.016 	
177.418 	34.372 	26.149 	-0.152 	0.043 	0.053 	
149.558 	-12.842 	-7.099 	-0.249 	-0.071 	-0.042 	
183.043 	50.085 	45.895 	0.087 	0.074 	-0.008 	
199.492 	-45.139 	33.049 	0.102 	-0.106 	-0.015 	
160.719 	-29.588 	-1.308 	0.173 	-0.055 	0.008 	
107.808 	22.452 	-8.058 	-0.014 	-0.002 	-0.100 	
190.113 	-39.167 	-3.991 	-0.158 	-0.041 	-0.014 	
120.793 	1.852 	23.596 	-0.180 	-0.109 	-0.077 	
162.031 	-7.463 	-5.934 	-0.247 	-0.022 	-0.084 	
179.951 	-9.588 	10.016 	-0.141 	-0.142 	0.099 	
120.457 	-11.941 	21.107 	-0.057 	0.115 	0.120 	
109.845 	-15.580 	-11.328 	0.041 	0.041 	-0.035 	
173.676 	-20.204 	25.590 	-0.113 	0.100 	0.040 	
140.050 	-1.014 	-49.262 	-0.021 	-0.082 	0.039 	
154.224 	-0.103 	-23.831 	-0.236 	0.026 	0.038 	
117.934 	-1.238 	-28.493 	-0.128 	-0.145 	-0.030 	
145.984 	-19.816 	17.236 	0.075 	-0.090 	-0.007 	
146.852 	18.183 	4.070 	-0.059 	0.002 	0.192 	
90.795 	-2.506 	-7.475 	-0.084 	-0.165 	0.036 	
174.077 	-6.780 	-2.951 	-0.000 	-0.108 	0.072 	
158.813 	3.626 	-3.325 	0.102 	-0.082 	0.156 	
179.028 	-13.897 	-3.492 	-0.048 	-0.127 	0.109 	
149.793 	13.407 	39.218 	-0.142 	0.083 	-0.018 	
196.545 	17.086 	34.466 	-0.047 	0.108 	-0.077 	
151.582 	-10.985 	4.980 	-0.035 	-0.082 	0.237 	
88.733 	24.833 	-5.445 	-0.098 	-0.018 	-0.041 	
130.467 	-40.025 	33.931 	-0.221 	0.054 	0.110 	
194.933 	-7.855 	-44.685 	-0.073 	0.012 	-0.023 	
106.165 	1.556 	17.777 	-0.103 	-0.024 	-0.075 	
133.008 	25.594 	34.273 	-0.168 	-0.103 	0.066 	
187.562 	-14.342 	35.180 	0.132 	0.155 	0.047 	
84.883 	-24.923 	35.198 	-0.180 	-0.156 	0.115 	
105.956 	26.016 	31.900 	-0.028 	0.003 	0.165 	
179.477 	0.254 	-2.633 	0.033 	-0.068 	0.220 	
170.354 	-40.610 	5.994 	-0.115 	0.012 	0.114 	
180.675 	-1.311 	17.207 	-0.148 	0.088 	0.053 	
139.304 	20.599 	-32.716 	0.040 	0.128 	0.012 	
135.139 	28.089 	13.143 	0.043 	0.182 	-0.012 	
132.801 	-57.743 	1.908 	-0.031 	-0.013 	-0.032 	
174.884 	20.075 	7.878 	-0.070 	0.190 	-0.084 	
140.815 	-19.427 	-5.073 	0.141 	0.039 	0.013 	
115.192 	-23.955 	28.354 	-0.173 	0.091 	-0.102 	
143.547 	-29.238 	67.782 	-0.148 	-0.186 	0.052 	
107.997 	5.451 	64.306 	-0.151 	-0.098 	0.022 	
99.203 	42.667 	-10.249 	-0.113 	0.012 	-0.140 	
144.760 	-33.075 	4.226 	0.159 	-0.037 	0.039 	
192.237 	17.508 	18.009 	0.069 	0.166 	0.146 	
155.791 	-18.298 	-6.692 	-0.005 	-0.166 	0.039 	
179.096 	-8.256 	20.769 	-0.132 	-0.013 	0.001 	
91.187 	8.558 	30.959 	-0.021 	0.006 	0.055 	
174.932 	-20.904 	-12.065 	-0.025 	-0.065 	0.036 	
146.338 	-26.185 	11.085 	0.124 	-0.055 	0.041 	
169.533 	-36.599 	19.261 	-0.136 	-0.170 	-0.066 	
131.586 	-30.366 	20.779 	-0.117 	-0.071 	-0.011 	
146.890 	21.413 	9.055 	-0.246 	0.001 	0.028 	
206.101 	-30.425 	6.667 	-0.022 	-0.217 	-0.052 	
145.705 	20.610 	-6.957 	-0.098 	-0.088 	0.065 	
98.600 	9.902 	23.512 	-0.014 	-0.050 	0.095 	
161.048 	-28.710 	-8.301 	0.043 	0.011 	0.034 	
150.244 	-24.233 	-27.744 	0.083 	-0.131 	0.104 	
201.779 	52.950 	24.909 	-0.007 	0.062 	0.062 	
201.714 	-30.570 	-68.612 	0.081 	-0.026 	-0.052 	
149.671 	14.596 	4.289 	0.142 	-0.028 	-0.046 	
153.134 	-10.490 	6.027 	0.155 	-0.046 	-0.014 	
188.429 	-43.287 	13.041 	0.114 	0.057 	0.058 	
172.265 	4.111 	-27.363 	0.169 	0.029 	-0.079 	
182.567 	6.090 	39.231 	-0.130 	-0.005 	0.155 	
147.771 	-8.911 	16.713 	-0.206 	-0.087 	-0.036 	
140.738 	46.431 	-12.036 	-0.133 	-0.005 	-0.172 	
194.250 	-0.654 	36.255 	-0.064 	0.128 	0.218 	
128.843 	-31.979 	36.213 	-0.095 	0.129 	0.107 	
150.235 	-28.614 	33.498 	-0.089 	-0.253 	0.059 	
149.017 	20.793 	4.678 	-0.168 	0.129 	0.028 	
83.066 	37.145 	17.615 	-0.083 	0.109 	0.092 	
152.455 	-14.750 	24.594 	-0.064 	0.148 	-0.054 	
189.846 	-35.490 	-21.259 	-0.099 	-0.033 	-0.165 	
229.998 	-37.892 	45.291 	0.010 	-0.142 	0.117 	
97.970 	20.871 	1.891 	-0.084 	0.127 	-0.049 	
97.063 	15.729 	12.379 	0.027 	0.005 	0.102 	
89.381 	-40.099 	-12.113 	-0.050 	-0.183 	-0.128 	
181.047 	61.593 	24.871 	-0.128 	0.140 	0.109 	
176.558 	-11.495 	-9.778 	0.141 	-0.015 	-0.034 	
172.214 	44.706 	54.118 	-0.014 	-0.029 	0.131 	
117.097 	-0.989 	52.305 	-0.045 	-0.145 	0.104 	
173.483 	-42.751 	2.721 	0.075 	-0.066 	-0.131 	
153.731 	21.793 	5.705 	0.088 	0.122 	-0.108 	
183.743 	4.816 	-17.701 	-0.094 	0.040 	-0.049 	
164.228 	-13.726 	-17.594 	-0.009 	0.085 	-0.102 	
158.817 	-12.897 	27.175 	-0.109 	-0.050 	0.163 	
135.307 	14.683 	23.033 	-0.089 	-0.053 	0.185 	
96.252 	-41.668 	23.936 	-0.129 	-0.015 	-0.047 	
130.386 	1.341 	30.045 	-0.031 	-0.107 	-0.061 	
142.477 	-27.380 	-36.606 	-0.221 	-0.053 	-0.167 	
190.497 	33.719 	46.777 	0.128 	0.121 	0.068 	
88.350 	-15.795 	-6.891 	-0.065 	-0.080 	-0.086 	
179.934 	8.770 	-20.598 	0.035 	0.188 	-0.137 	
139.838 	13.751 	-27.540 	0.046 	0.022 	0.060 	
140.619 	-0.164 	14.851 	0.005 	0.112 	0.043 	
113.526 	6.028 	54.258 	-0.155 	0.025 	-0.049 	
189.808 	10.879 	-27.163 	0.043 	-0.087 	-0.241 	
107.115 	26.725 	-34.466 	-0.035 	0.136 	-0.048 	
107.512 	22.758 	-45.780 	-0.060 	0.071 	-0.283 	
131.803 	26.066 	-27.959 	0.099 	0.046 	-0.069 	
155.522 	-10.128 	-24.557 	-0.001 	0.041 	-0.186 	
151.589 	3.803 	29.972 	0.151 	-0.003 	0.028 	
143.320 	19.604 	19.155 	-0.119 	-0.014 	0.235 	
197.331 	42.421 	30.957 	-0.066 	0.005 	0.090 	
153.000 	14.596 	-28.889 	-0.153 	0.099 	-0.104 	
89.502 	13.815 	0.386 	-0.115 	0.029 	0.131 	
107.721 	28.031 	16.094 	-0.026 	-0.017 	0.146 	
153.242 	-23.371 	45.235 	-0.076 	0.048 	0.038 	
161.812 	-24.346 	1.467 	-0.024 	0.186 	0.015 	
119.628 	-36.440 	-36.450 	0.006 	-0.086 	-0.189 	
171.131 	-3.804 	-56.237 	0.082 	0.058 	0.034 	
203.459 	49.685 	-23.631 	0.097 	0.035 	0.073 	
138.775 	-39.709 	15.821 	-0.121 	-0.065 	0.007 	
200.586 	-16.460 	-22.292 	0.139 	0.093 	-0.141 	
216.846 	-43.499 	9.591 	0.102 	-0.046 	0.031 	
159.233 	-22.850 	2.833 	0.113 	0.106 	-0.087 	
189.929 	-17.408 	35.060 	0.079 	-0.051 	-0.069 	
139.135 	-22.146 	35.723 	-0.130 	-0.160 	-0.007 	
167.275 	58.125 	-34.568 	0.102 	0.004 	-0.134 	
185.844 	-23.733 	-21.127 	-0.002 	0.135 	0.007 	
125.051 	-15.912 	-27.790 	-0.030 	-0.139 	0.035 	
198.087 	38.699 	-36.093 	-0.076 	0.183 	-0.097 	
175.383 	-9.790 	1.838 	0.153 	-0.086 	-0.152 	
126.800 	34.502 	-1.187 	-0.177 	0.064 	0.191 	
127.836 	-17.983 	44.859 	-0.180 	0.014 	-0.037 	
192.525 	7.356 	-0.931 	-0.154 	0.008 	-0.072 	
200.898 	40.140 	-22.265 	0.026 	0.151 	0.022 	
143.269 	26.738 	-37.641 	-0.116 	-0.090 	-0.015 	
163.516 	0.476 	20.095 	-0.019 	-0.127 	0.161 	
126.164 	26.324 	34.799 	-0.172 	-0.103 	0.139 	
173.383 	11.151 	14.247 	0.094 	-0.026 	-0.112 	
168.476 	-10.222 	-55.009 	-0.056 	-0.134 	-0.031 	
186.763 	6.532 	36.127 	-0.134 	0.020 	0.003 	
140.324 	-22.900 	-38.233 	-0.176 	-0.116 	0.082 	
149.278 	-17.534 	-29.398 	0.136 	0.014 	-0.003 	
186.832 	-8.368 	-15.551 	0.050 	0.064 	-0.091 	
136.580 	-27.230 	-48.378 	-0.086 	-0.098 	0.034 	
141.781 	27.828 	44.340 	-0.127 	0.235 	-0.008 	
209.082 	-11.154 	34.208 	0.091 	-0.228 	0.039 	
192.924 	-31.228 	-42.859 	0.052 	-0.107 	0.035 	
174.045 	-32.878 	32.393 	0.157 	-0.023 	-0.019 	
103.988 	-12.174 	-19.637 	-0.161 	0.063 	-0.023 	
147.659 	17.185 	5.033 	0.130 	0.080 	-0.103 	
192.025 	-0.831 	-23.036 	-0.167 	-0.013 	-0.118 	
146.044 	23.343 	-16.332 	0.023 	0.150 	0.044 	
216.315 	74.951 	52.581 	0.180 	0.379 	0.391 	
111.811 	20.377 	51.715 	-0.026 	0.076 	0.004 	
140.206 	-18.534 	2.750 	0.156 	0.012 	-0.031 	
165.704 	-32.371 	-35.944 	-0.183 	-0.027 	-0.026 	
119.914 	17.198 	27.241 	0.049 	0.057 	0.064 	
151.140 	26.751 	-0.287 	0.002 	0.023 	-0.192 	
89.821 	17.889 	-14.268 	-0.058 	0.032 	-0.063 	
130.903 	-24.778 	-31.447 	-0.209 	0.059 	-0.095 	
158.552 	-3.525 	-8.279 	-0.024 	-0.098 	-0.125 	
193.432 	-39.457 	18.368 	0.127 	-0.066 	-0.105 	
158.498 	27.683 	-3.182 	-0.213 	-0.007 	0.213 	
215.202 	-41.490 	-24.906 	-0.043 	-0.096 	-0.144 	
177.739 	-37.590 	-22.323 	0.093 	-0.015 	-0.182 	
115.243 	-17.571 	27.467 	-0.004 	-0.101 	0.008 	
135.243 	12.316 	-1.087 	-0.056 	-0.101 	-0.008 	
185.682 	17.178 	30.667 	-0.071 	0.299 	0.052 	
116.714 	5.739 	-12.483 	-0.168 	0.203 	-0.105 	
154.344 	39.589 	-15.673 	-0.083 	-0.009 	-0.043 	
140.923 	47.609 	-49.300 	-0.025 	-0.013 	-0.103 	
134.079 	-14.566 	12.027 	-0.191 	-0.132 	0.008 	
154.699 	6.439 	18.468 	0.029 	0.096 	-0.155 	
206.010 	-44.289 	-32.941 	-0.038 	-0.203 	-0.074 	
161.489 	43.917 	33.511 	0.060 	0.071 	-0.033 	
177.490 	25.322 	-5.145 	-0.065 	0.128 	-0.085 	
155.918 	-10.543 	-3.536 	0.024 	-0.026 	0.049 	
175.530 	-2.486 	-24.332 	-0.052 	0.009 	0.059 	
180.660 	63.021 	4.434 	-0.074 	0.057 	0.088 	
121.354 	39.996 	-38.251 	-0.052 	0.037 	0.016 	
155.219 	-7.030 	-10.222 	-0.236 	-0.051 	0.034 	
144.855 	-3.688 	-30.732 	0.016 	0.012 	-0.146 	
122.367 	28.962 	-42.108 	-0.194 	0.242 	-0.030 	
116.551 	18.659 	-12.995 	0.036 	0.023 	0.010 	
197.343 	-30.734 	-5.348 	0.083 	0.085 	0.063 	
207.430 	26.070 	-15.773 	0.048 	0.199 	-0.054 	
151.367 	2.578 	-17.470 	-0.039 	0.043 	0.033 	
122.842 	-12.960 	38.500 	-0.166 	0.109 	-0.009 	
176.167 	-20.415 	25.410 	-0.158 	0.035 	0.009 	
141.894 	36.915 	33.249 	0.016 	-0.094 	0.040 	
150.605 	25.732 	8.226 	0.072 	-0.039 	0.127 	
230.142 	62.301 	-17.268 	0.095 	0.064 	-0.036 	
178.683 	9.762 	-12.833 	0.039 	-0.056 	-0.140 	
170.427 	-15.263 	-16.926 	-0.024 	-0.222 	-0.023 	
170.804 	-3.059 	-18.487 	-0.165 	-0.123 	0.031 	
154.249 	-7.265 	-28.120 	0.088 	0.068 	0.062 	
156.673 	-14.263 	-7.996 	-0.197 	-0.023 	-0.013 	
138.341 	-9.200 	-19.098 	-0.066 	-0.089 	-0.099 	
184.935 	-24.975 	-9.957 	-0.195 	-0.085 	-0.046 	
166.087 	-15.454 	45.474 	-0.169 	0.014 	0.171 	
134.933 	-26.810 	8.859 	-0.029 	-0.160 	0.131 	
173.263 	27.548 	-33.853 	0.196 	-0.009 	-0.051 	
162.255 	19.224 	4.532 	-0.008 	0.145 	-0.185 	
190.219 	35.736 	-8.369 	-0.068 	0.031 	0.046 	
113.355 	32.426 	-24.050 	0.011 	0.160 	-0.088 	
77.221 	-115.673 	-78.177 	-0.533 	-0.597 	-0.279 	
94.049 	-33.848 	5.159 	-0.012 	-0.115 	-0.008 	
180.885 	-52.317 	23.142 	0.020 	-0.078 	-0.084 	
163.980 	18.607 	-4.177 	-0.106 	0.082 	-0.011 	
211.669 	-45.989 	34.943 	-0.036 	-0.127 	0.085 	
126.287 	-10.435 	1.739 	0.063 	-0.058 	0.135 	
136.696 	-38.893 	10.630 	-0.154 	-0.061 	-0.036 	
170.274 	-15.687 	4.293 	-0.239 	-0.008 	-0.010 	
174.495 	-17.400 	23.300 	0.129 	-0.195 	0.060 	
159.436 	-6.442 	2.581 	-0.246 	-0.026 	-0.001 	
150.631 	-14.951 	-9.637 	-0.082 	-0.016 	0.054 	
150.743 	-21.796 	-4.231 	-0.113 	-0.041 	0.188 	
182.621 	3.648 	38.865 	0.155 	-0.162 	0.065 	
79.971 	-20.458 	38.058 	-0.118 	-0.168 	0.091 	
147.283 	11.374 	-6.950 	0.149 	0.039 	-0.008 	
119.826 	38.984 	54.900 	-0.168 	-0.036 	0.046 	
138.957 	7.784 	15.960 	0.138 	0.029 	0.003 	
165.344 	21.986 	23.432 	0.150 	0.120 	0.072 	
184.969 	-18.541 	38.797 	0.102 	0.065 	0.116 	
130.592 	-47.247 	-62.372 	-0.186 	-0.018 	-0.068 	
109.419 	20.343 	10.460 	-0.004 	0.101 	0.137 	
192.144 	-23.554 	13.433 	-0.033 	-0.093 	0.065 	
196.563 	-23.828 	19.644 	0.094 	-0.236 	0.095 	
141.373 	-13.245 	11.070 	-0.139 	0.163 	0.047 	
197.098 	-38.441 	7.800 	-0.039 	-0.154 	-0.134 	
174.571 	-26.686 	-27.148 	-0.232 	0.046 	0.056 	
205.918 	-39.760 	-1.817 	0.102 	-0.076 	0.022 	
208.630 	14.840 	33.004 	-0.082 	0.085 	0.138 	
110.529 	20.048 	25.789 	-0.128 	0.112 	0.197 	
173.908 	-31.062 	15.372 	0.153 	0.027 	0.170 	
107.891 	30.576 	38.557 	-0.057 	0.099 	-0.028 	
200.362 	6.034 	31.857 	0.161 	0.135 	0.059 	
128.748 	18.070 	28.601 	-0.079 	0.220 	0.078 	
127.680 	4.785 	44.869 	-0.190 	-0.166 	0.057 	
169.862 	-34.454 	-3.308 	0.151 	0.047 	-0.124 	
137.595 	-11.491 	-9.149 	-0.028 	-0.063 	0.195 	
135.094 	21.615 	42.679 	-0.185 	0.130 	0.003 	
213.438 	-56.964 	-38.381 	0.110 	-0.068 	-0.047 	
100.730 	-36.997 	42.222 	-0.168 	-0.207 	0.688 	
147.614 	-12.938 	-4.541 	-0.332 	-0.033 	0.064 	
133.827 	31.503 	-32.656 	0.015 	0.028 	-0.095 	
118.298 	-25.548 	15.340 	-0.133 	-0.138 	0.161 	
132.271 	22.032 	-52.885 	-0.065 	-0.037 	0.003 	
154.535 	-2.347 	19.752 	0.025 	-0.130 	0.160 	
168.227 	-46.158 	-28.704 	-0.065 	-0.051 	-0.001 	
87.078 	36.410 	2.860 	-0.078 	0.017 	-0.034 	
167.654 	3.741 	-4.706 	0.091 	0.149 	-0.114 	
116.763 	25.695 	19.687 	-0.018 	-0.086 	0.119 	
192.212 	-19.791 	26.129 	-0.131 	-0.127 	-0.007 	
111.553 	35.917 	-22.952 	0.004 	-0.025 	-0.087 	
121.456 	9.567 	31.005 	-0.115 	-0.035 	0.075 	
189.407 	-29.938 	13.476 	-0.037 	-0.017 	0.137 	
110.916 	36.726 	31.998 	-0.175 	0.105 	-0.074 	
119.814 	14.822 	-5.171 	-0.034 	-0.051 	0.141 	
138.318 	-1.139 	2.522 	0.089 	-0.155 	0.007 	
131.126 	-12.387 	9.150 	-0.027 	-0.194 	0.165 	
150.219 	-20.464 	-10.491 	0.154 	-0.047 	0.054 	
95.696 	-55.744 	35.069 	-0.158 	-0.064 	0.075 	
151.138 	-7.993 	-12.035 	-0.203 	-0.028 	-0.049 	
161.416 	-30.518 	-11.829 	0.085 	-0.205 	0.099 	
132.752 	-15.853 	-27.290 	-0.108 	-0.075 	-0.236 	
174.217 	-16.940 	-18.906 	0.074 	-0.012 	0.089 	
200.743 	-5.740 	17.142 	-0.004 	0.010 	-0.098 	
198.707 	6.641 	8.241 	-0.021 	0.024 	0.109 	
164.878 	-7.220 	-42.514 	0.061 	-0.193 	0.002 	
194.505 	-12.238 	20.001 	-0.059 	-0.064 	0.127 	
151.982 	-27.054 	-36.869 	-0.134 	-0.050 	-0.100 	
163.823 	35.198 	29.321 	-0.135 	0.055 	0.214 	
160.211 	45.419 	5.656 	-0.086 	-0.035 	0.112 	
168.651 	8.671 	29.593 	0.020 	0.036 	0.091 	
159.135 	-41.047 	33.240 	-0.129 	0.061 	0.013 	
130.812 	15.333 	26.253 	-0.063 	0.171 	-0.003 	
193.880 	8.206 	-22.313 	0.093 	0.122 	0.063 	
72.517 	1.428 	-14.341 	-0.181 	-0.089 	-0.082 	
138.557 	4.469 	20.466 	-0.070 	-0.160 	-0.012 	
201.755 	60.335 	-24.075 	0.124 	0.094 	0.109 	
88.707 	-8.993 	34.410 	-0.101 	-0.142 	0.026 	
77.120 	-54.701 	-29.223 	-0.161 	-0.020 	-0.086 	
166.740 	-50.733 	30.202 	0.007 	-0.014 	0.207 	
161.184 	15.071 	36.522 	-0.117 	-0.133 	0.026 	
125.064 	-51.906 	3.297 	-0.203 	0.008 	-0.071 	
199.148 	21.305 	-33.879 	0.066 	0.060 	0.037 	
158.751 	10.510 	50.747 	-0.118 	0.139 	-0.018 	
139.856 	-15.915 	12.182 	0.053 	-0.057 	0.118 	
157.125 	-5.787 	41.584 	0.127 	-0.030 	0.129 	
190.046 	2.340 	3.728 	-0.083 	0.112 	-0.013 	
164.610 	48.222 	46.977 	0.173 	0.051 	0.073 	
158.103 	42.392 	25.081 	-0.146 	0.019 	0.093 	
103.565 	-10.471 	12.595 	-0.035 	-0.147 	0.058 	
210.024 	20.802 	-18.204 	-0.020 	-0.005 	-0.107 	
101.001 	-22.619 	-25.293 	-0.030 	-0.040 	-0.014 	
