## Las primeras 500 lineas corresponden a la esfera 1 
##las siguienets 500 lineas a la esfera 2
## Las primeras tres columnas corresponden a la posición en 'x', 'y' y 'z', las siguientes tres a las velocidades
6.260 	-28.011 	6.237 	-0.178 	-0.044 	0.095 	
1.742 	-17.885 	6.900 	0.107 	-0.079 	-0.041 	
4.314 	28.436 	72.155 	0.107 	0.039 	0.061 	
-7.640 	28.415 	28.568 	-0.167 	0.126 	0.079 	
-35.834 	-37.584 	-3.802 	0.084 	-0.082 	0.136 	
-2.845 	5.337 	11.292 	0.192 	-0.002 	-0.041 	
46.764 	-12.480 	-30.539 	0.151 	-0.002 	-0.148 	
-23.640 	-60.940 	11.830 	-0.058 	0.002 	0.146 	
19.555 	4.085 	3.581 	-0.023 	0.118 	0.003 	
41.599 	8.183 	-0.799 	0.059 	-0.001 	0.125 	
28.506 	-27.512 	9.304 	-0.016 	-0.006 	-0.007 	
-11.211 	-29.851 	5.316 	0.059 	-0.066 	0.093 	
-27.652 	-10.337 	2.946 	0.150 	-0.041 	0.009 	
69.441 	34.909 	34.455 	0.061 	0.130 	0.079 	
-2.697 	36.941 	-17.271 	-0.017 	-0.053 	0.045 	
-7.840 	-43.286 	-3.604 	-0.071 	0.084 	0.020 	
4.547 	29.267 	-4.032 	-0.070 	-0.053 	-0.042 	
18.799 	67.289 	-35.300 	0.018 	0.038 	-0.198 	
2.122 	-15.887 	3.310 	-0.152 	0.097 	-0.029 	
50.539 	-30.559 	-20.589 	-0.035 	-0.149 	-0.075 	
-0.537 	-65.749 	34.188 	0.057 	-0.001 	0.183 	
50.184 	47.461 	67.409 	0.101 	0.107 	0.090 	
-25.899 	-33.519 	16.726 	-0.075 	0.093 	-0.093 	
-16.188 	-19.819 	21.164 	0.060 	0.103 	-0.092 	
-18.543 	-10.166 	33.373 	0.095 	-0.050 	-0.009 	
-20.604 	-10.451 	26.871 	0.156 	0.043 	0.016 	
-14.429 	-26.392 	-10.030 	0.097 	0.032 	0.020 	
67.397 	-7.645 	10.961 	0.104 	-0.177 	0.093 	
-43.604 	17.259 	19.630 	-0.014 	-0.011 	0.055 	
-43.047 	-23.759 	26.988 	0.052 	-0.009 	0.129 	
-17.644 	-59.239 	-6.193 	-0.002 	-0.050 	-0.045 	
33.867 	29.539 	18.810 	0.003 	-0.048 	0.087 	
19.300 	-10.465 	4.891 	0.037 	-0.047 	0.097 	
-27.684 	19.307 	21.661 	0.150 	0.007 	0.050 	
41.396 	-8.121 	-36.743 	0.112 	-0.142 	0.059 	
-22.336 	-17.358 	30.315 	0.133 	0.065 	0.062 	
-35.896 	-11.639 	5.080 	-0.112 	0.035 	-0.193 	
-27.238 	-39.376 	29.732 	0.141 	-0.073 	0.009 	
5.918 	-17.310 	17.775 	-0.142 	0.030 	0.065 	
32.030 	-16.796 	9.722 	0.025 	-0.069 	0.071 	
13.800 	38.067 	-1.030 	0.070 	-0.114 	-0.033 	
5.171 	-29.979 	54.566 	0.061 	0.025 	0.049 	
78.848 	4.255 	32.001 	0.084 	0.017 	0.094 	
4.914 	-26.331 	-4.439 	-0.193 	-0.098 	0.019 	
7.967 	-22.573 	31.582 	0.160 	-0.071 	0.147 	
-44.758 	5.378 	-27.990 	-0.009 	0.107 	0.013 	
85.435 	14.741 	-19.768 	0.182 	-0.062 	-0.023 	
-13.150 	10.653 	-23.374 	-0.004 	0.032 	-0.052 	
16.556 	-44.032 	-35.075 	0.150 	-0.153 	-0.077 	
18.275 	9.940 	23.712 	0.079 	0.180 	0.011 	
-40.443 	-3.651 	-24.843 	-0.035 	-0.098 	-0.162 	
34.425 	-39.638 	29.259 	-0.046 	-0.049 	-0.017 	
-10.517 	0.652 	-12.597 	0.120 	-0.174 	-0.068 	
-74.066 	7.605 	-18.613 	-0.053 	-0.037 	0.005 	
-13.662 	10.327 	10.794 	-0.100 	-0.068 	0.033 	
-11.435 	-28.375 	11.840 	0.040 	-0.237 	0.108 	
-55.491 	2.375 	-26.260 	0.012 	-0.083 	-0.149 	
-42.339 	-16.649 	-23.874 	0.051 	-0.115 	-0.100 	
-11.643 	24.055 	-26.160 	-0.105 	0.215 	-0.034 	
29.548 	17.362 	70.435 	0.124 	0.002 	0.059 	
-6.316 	27.260 	9.802 	-0.220 	0.058 	0.045 	
21.186 	-0.104 	-17.783 	0.124 	-0.063 	-0.001 	
-6.146 	2.978 	13.424 	-0.195 	0.101 	0.042 	
50.167 	-6.611 	-10.236 	0.130 	0.200 	-0.036 	
1.507 	-14.436 	-16.681 	0.223 	-0.057 	0.060 	
-7.158 	-20.481 	-32.299 	0.196 	-0.026 	-0.097 	
-7.643 	-32.525 	-20.574 	0.173 	-0.109 	-0.108 	
-31.425 	22.595 	0.268 	-0.140 	0.199 	-0.082 	
-9.158 	1.639 	14.937 	0.189 	0.030 	-0.051 	
-23.893 	37.161 	39.232 	-0.041 	-0.107 	0.150 	
-15.446 	35.922 	33.181 	0.070 	-0.024 	-0.006 	
18.489 	-14.029 	8.018 	0.210 	0.123 	0.055 	
1.692 	19.220 	-37.256 	-0.064 	0.201 	-0.039 	
18.292 	-21.887 	-42.592 	-0.024 	-0.066 	-0.039 	
21.764 	7.339 	8.250 	-0.141 	0.024 	0.028 	
54.721 	-32.916 	-77.349 	0.183 	-0.014 	-0.088 	
3.210 	-83.018 	17.255 	-0.048 	-0.094 	0.007 	
19.201 	39.639 	58.205 	0.133 	0.250 	0.427 	
26.903 	-34.069 	-25.680 	-0.062 	0.036 	-0.193 	
-49.344 	-33.795 	21.908 	-0.025 	-0.141 	0.110 	
24.589 	2.475 	33.104 	-0.090 	-0.125 	0.059 	
35.126 	-28.354 	-26.136 	-0.057 	-0.021 	0.012 	
69.155 	35.339 	17.538 	0.137 	0.170 	0.079 	
-3.962 	-68.333 	38.280 	-0.076 	-0.176 	0.214 	
26.967 	-14.264 	7.194 	0.149 	0.053 	-0.160 	
-70.857 	-35.737 	-60.111 	-0.101 	-0.033 	-0.099 	
9.044 	-28.362 	11.220 	0.109 	-0.145 	-0.182 	
-7.055 	-30.450 	9.211 	-0.212 	-0.042 	0.076 	
-58.794 	-27.776 	3.892 	-0.035 	-0.076 	0.048 	
-24.772 	-28.342 	-12.499 	0.075 	-0.175 	0.045 	
44.091 	-2.977 	18.716 	0.104 	0.200 	0.030 	
-11.367 	18.996 	9.242 	-0.072 	0.109 	0.077 	
-23.435 	-19.715 	4.184 	-0.017 	-0.204 	0.047 	
-37.534 	-26.604 	-41.028 	-0.018 	-0.233 	-0.009 	
48.555 	-15.709 	7.625 	0.077 	0.090 	0.005 	
-72.964 	34.439 	-45.937 	-0.111 	0.111 	-0.055 	
-1.679 	21.671 	14.659 	0.152 	-0.076 	0.046 	
22.390 	-2.786 	-26.114 	0.198 	0.091 	-0.005 	
91.264 	-110.122 	-243.148 	0.873 	-0.798 	-1.657 	
39.957 	-34.581 	35.476 	0.046 	-0.178 	0.068 	
-3.843 	50.712 	15.555 	0.016 	0.003 	0.126 	
5.285 	-14.876 	8.066 	-0.123 	0.038 	0.243 	
25.801 	10.520 	20.842 	0.072 	-0.174 	0.013 	
-14.414 	-10.848 	25.491 	-0.053 	0.124 	0.161 	
157.973 	-143.673 	106.909 	0.766 	-0.537 	0.461 	
-153.306 	160.924 	280.169 	-0.732 	0.973 	1.756 	
0.693 	-8.131 	27.491 	-0.143 	0.071 	0.058 	
-3.527 	10.869 	-4.495 	-0.093 	0.161 	-0.002 	
50.868 	-33.454 	-46.782 	0.098 	-0.187 	-0.007 	
8.112 	-50.402 	-31.597 	0.162 	-0.255 	0.054 	
-45.247 	-6.614 	13.687 	-0.029 	-0.070 	0.166 	
40.161 	-22.011 	31.116 	-0.088 	-0.048 	0.106 	
79.217 	51.568 	15.583 	0.151 	0.061 	-0.032 	
-25.786 	55.938 	-42.413 	-0.163 	0.085 	0.003 	
-8.175 	16.610 	3.582 	-0.036 	0.030 	0.078 	
-29.518 	3.565 	5.707 	0.018 	0.079 	0.054 	
24.330 	-9.637 	-61.801 	0.010 	-0.102 	-0.018 	
-58.517 	-27.825 	49.274 	-0.064 	-0.227 	0.082 	
36.041 	-21.883 	-45.816 	0.076 	-0.229 	0.015 	
16.667 	-7.252 	22.953 	-0.167 	-0.118 	0.070 	
-47.689 	-0.653 	26.387 	-0.012 	0.060 	0.215 	
35.934 	4.312 	-29.671 	0.187 	-0.190 	-0.032 	
34.111 	-28.822 	1.024 	0.031 	0.097 	-0.112 	
57.115 	-15.593 	30.490 	0.031 	-0.083 	0.139 	
14.459 	1.554 	16.500 	-0.141 	-0.090 	-0.030 	
73.044 	-46.590 	-29.634 	0.121 	-0.015 	-0.049 	
-51.210 	-18.188 	-19.883 	-0.083 	0.020 	0.114 	
-21.646 	-19.976 	7.689 	-0.185 	-0.080 	-0.100 	
-15.747 	10.339 	-40.244 	-0.039 	0.072 	0.087 	
-44.812 	-44.486 	13.372 	0.029 	-0.167 	-0.027 	
-6.859 	-28.986 	21.955 	-0.151 	-0.009 	0.094 	
-14.595 	5.205 	-9.814 	-0.106 	0.053 	-0.150 	
-7.036 	-1.963 	29.055 	-0.119 	-0.132 	0.037 	
29.320 	56.714 	-40.376 	-0.017 	0.066 	-0.062 	
38.853 	-24.223 	25.977 	0.012 	-0.048 	-0.055 	
-18.875 	-17.428 	10.865 	0.056 	-0.093 	-0.169 	
40.765 	-45.597 	40.291 	-0.006 	-0.162 	-0.027 	
-60.507 	-22.676 	29.522 	0.046 	-0.110 	0.092 	
39.107 	-39.748 	-1.885 	0.144 	-0.025 	0.006 	
-196.912 	134.936 	-95.702 	-0.568 	0.489 	-0.291 	
-36.332 	-17.779 	-5.499 	0.087 	-0.133 	0.045 	
38.670 	-49.639 	-20.123 	-0.050 	-0.047 	-0.104 	
-10.944 	23.413 	29.971 	-0.067 	-0.035 	0.163 	
-7.794 	-40.435 	4.639 	-0.047 	-0.071 	0.133 	
6.832 	23.002 	16.144 	-0.103 	-0.076 	0.007 	
57.942 	-39.419 	49.719 	0.145 	-0.099 	0.027 	
-14.490 	-49.666 	-36.817 	0.007 	0.052 	-0.127 	
-5.859 	15.868 	44.783 	-0.110 	0.003 	-0.065 	
63.200 	-4.369 	-37.892 	0.039 	-0.042 	-0.153 	
-39.768 	23.021 	-1.239 	0.047 	-0.071 	-0.037 	
20.091 	-23.782 	60.990 	0.066 	-0.079 	0.000 	
-58.141 	-25.084 	49.614 	-0.073 	0.023 	0.077 	
39.523 	10.249 	16.406 	0.020 	-0.123 	0.111 	
-46.911 	-25.621 	-6.558 	-0.077 	-0.002 	-0.080 	
-25.461 	-18.920 	-16.564 	-0.088 	0.102 	-0.041 	
15.492 	-25.626 	-34.982 	-0.152 	-0.045 	-0.075 	
14.615 	-9.836 	24.852 	0.251 	-0.070 	0.048 	
-3.903 	-36.667 	13.786 	0.002 	-0.161 	0.011 	
-48.278 	-10.249 	32.416 	-0.014 	-0.067 	0.170 	
41.289 	-26.912 	32.584 	0.056 	-0.116 	0.155 	
-17.339 	-13.643 	29.943 	0.139 	-0.168 	0.113 	
-63.044 	24.010 	22.471 	-0.057 	0.146 	-0.081 	
10.186 	-52.024 	27.287 	-0.044 	-0.050 	-0.024 	
7.263 	-17.778 	-35.415 	0.122 	0.105 	0.033 	
19.611 	-34.500 	19.412 	0.011 	-0.092 	-0.084 	
6.017 	-8.976 	-8.786 	-0.124 	0.032 	0.103 	
-27.183 	27.752 	-8.843 	-0.055 	0.039 	-0.037 	
16.326 	10.089 	-34.199 	0.123 	-0.181 	-0.031 	
10.032 	16.950 	-19.347 	0.019 	-0.040 	0.130 	
48.566 	-36.666 	-20.245 	-0.032 	-0.124 	0.021 	
-40.442 	17.332 	36.841 	-0.058 	0.007 	0.167 	
-2.060 	34.493 	1.057 	0.199 	-0.013 	0.016 	
20.579 	5.828 	40.106 	-0.109 	-0.056 	0.031 	
27.511 	16.861 	-26.581 	-0.007 	-0.095 	-0.123 	
8.535 	-10.660 	11.096 	-0.165 	-0.062 	0.002 	
-5.758 	-56.863 	-72.148 	-0.101 	-0.110 	-0.097 	
-9.961 	-22.522 	3.629 	-0.080 	-0.067 	-0.039 	
32.761 	32.225 	32.653 	0.117 	0.108 	-0.080 	
5.226 	-28.709 	33.372 	0.042 	-0.042 	0.191 	
45.578 	23.211 	6.964 	0.079 	0.171 	0.132 	
51.178 	6.469 	13.821 	0.117 	0.080 	0.239 	
25.182 	-28.602 	-6.644 	-0.079 	-0.149 	-0.081 	
10.610 	35.361 	8.901 	0.172 	0.066 	-0.010 	
16.905 	15.629 	1.505 	-0.090 	-0.052 	0.129 	
-38.595 	11.620 	-9.107 	-0.028 	0.104 	-0.180 	
-7.449 	14.895 	27.034 	-0.159 	0.028 	0.050 	
-34.954 	-58.902 	9.315 	-0.154 	-0.037 	0.186 	
-24.553 	18.421 	-28.073 	-0.073 	0.089 	0.033 	
-20.167 	-25.293 	-1.693 	-0.055 	0.061 	-0.010 	
-70.762 	-30.358 	-32.998 	-0.031 	-0.070 	-0.082 	
45.379 	-19.937 	-46.730 	0.109 	-0.014 	-0.052 	
0.893 	22.129 	-0.380 	0.202 	0.070 	0.083 	
31.407 	-0.582 	-20.916 	0.065 	-0.046 	0.049 	
-69.150 	26.926 	-43.864 	-0.043 	0.074 	-0.050 	
25.908 	9.370 	7.279 	-0.113 	-0.008 	0.056 	
14.696 	-19.492 	21.750 	0.024 	-0.191 	-0.101 	
-22.487 	-0.294 	-27.971 	-0.104 	-0.087 	-0.087 	
39.810 	-34.538 	27.742 	0.061 	0.047 	0.177 	
-19.267 	15.686 	11.779 	0.121 	0.132 	0.119 	
-4.747 	-38.971 	-23.039 	0.088 	0.008 	0.017 	
-24.792 	46.791 	5.960 	-0.024 	-0.016 	0.062 	
-49.646 	-34.550 	13.278 	0.020 	0.043 	-0.042 	
-34.140 	-33.822 	-31.005 	0.058 	-0.015 	-0.036 	
7.110 	-5.390 	31.386 	-0.061 	0.045 	0.018 	
-53.060 	-17.859 	-6.307 	-0.071 	0.038 	-0.118 	
-50.424 	0.818 	63.053 	-0.064 	-0.093 	0.049 	
29.626 	6.267 	-23.064 	0.173 	-0.094 	-0.053 	
-27.382 	3.758 	-33.548 	-0.067 	-0.032 	0.012 	
21.601 	-45.133 	21.401 	0.195 	-0.031 	0.020 	
-22.867 	-31.440 	15.355 	-0.057 	0.111 	0.005 	
-35.470 	-59.224 	2.984 	0.025 	-0.027 	0.056 	
-0.011 	28.658 	3.927 	0.196 	0.037 	0.027 	
-21.375 	35.557 	-18.542 	-0.103 	0.046 	-0.010 	
-27.288 	-8.147 	-7.827 	0.181 	0.048 	-0.079 	
-32.370 	-22.437 	38.906 	-0.015 	0.147 	0.092 	
-5.651 	-0.722 	-22.403 	-0.170 	-0.060 	-0.039 	
10.450 	33.846 	-8.932 	0.030 	0.086 	-0.242 	
20.786 	31.156 	20.671 	-0.120 	0.161 	0.064 	
-8.145 	28.481 	30.537 	-0.148 	0.075 	-0.079 	
-6.625 	-16.323 	60.400 	-0.018 	-0.033 	0.041 	
15.098 	-1.215 	-4.771 	0.034 	-0.224 	-0.084 	
63.252 	-18.527 	-49.314 	0.143 	-0.113 	-0.000 	
9.636 	-2.847 	33.596 	-0.110 	-0.140 	-0.069 	
24.150 	-14.173 	33.979 	-0.081 	0.036 	0.157 	
1.735 	8.534 	41.440 	-0.024 	-0.090 	0.021 	
-74.820 	44.954 	-13.284 	-0.068 	0.097 	0.026 	
-44.894 	-29.507 	26.135 	-0.075 	0.047 	-0.020 	
12.744 	-26.293 	10.010 	0.043 	0.013 	-0.159 	
-19.385 	-32.872 	15.446 	-0.061 	0.089 	-0.025 	
-29.158 	52.965 	4.951 	-0.114 	-0.014 	0.065 	
-5.272 	28.741 	12.580 	-0.034 	0.047 	0.169 	
-31.151 	28.128 	-55.182 	-0.041 	0.063 	0.019 	
15.484 	9.070 	-24.732 	-0.094 	-0.010 	0.004 	
-34.065 	8.299 	-17.623 	-0.065 	0.147 	0.007 	
33.154 	3.453 	-5.190 	-0.017 	0.197 	-0.052 	
12.775 	-3.369 	17.546 	-0.121 	-0.018 	0.190 	
-45.277 	-5.110 	2.894 	0.028 	-0.071 	0.052 	
37.488 	3.872 	18.221 	0.160 	-0.136 	-0.134 	
17.531 	0.653 	-4.342 	0.260 	0.021 	0.105 	
67.524 	39.064 	-56.751 	0.113 	0.170 	-0.066 	
31.657 	41.333 	-60.069 	0.017 	0.078 	-0.040 	
-35.125 	-15.731 	0.693 	-0.009 	0.099 	-0.031 	
-5.440 	-30.202 	18.591 	0.101 	-0.007 	-0.159 	
-58.908 	21.354 	-12.352 	-0.069 	0.207 	0.056 	
18.037 	-57.966 	36.822 	0.086 	-0.080 	-0.072 	
3.808 	6.042 	-6.865 	-0.027 	-0.033 	-0.128 	
17.772 	1.535 	4.540 	-0.099 	-0.028 	0.122 	
15.307 	-19.656 	46.450 	0.155 	-0.137 	-0.028 	
28.326 	-6.779 	-65.244 	0.196 	-0.093 	-0.021 	
18.096 	-7.033 	-16.195 	0.242 	-0.008 	-0.050 	
4.253 	-24.748 	1.113 	0.190 	-0.032 	0.026 	
-67.452 	22.350 	-25.041 	-0.006 	0.088 	-0.033 	
20.211 	-38.036 	1.058 	-0.052 	-0.077 	0.111 	
-45.308 	-26.775 	3.062 	-0.117 	-0.071 	0.233 	
-4.909 	-58.290 	27.708 	0.080 	-0.013 	0.170 	
6.822 	22.689 	5.660 	-0.056 	0.031 	0.230 	
59.556 	37.337 	0.435 	0.051 	0.134 	-0.113 	
-29.944 	-17.991 	-33.877 	0.107 	0.015 	-0.204 	
57.617 	6.690 	-47.037 	0.084 	-0.063 	-0.110 	
-26.991 	1.133 	37.834 	-0.145 	0.011 	-0.049 	
-10.651 	-13.546 	2.151 	-0.194 	0.032 	-0.015 	
55.928 	-29.731 	-48.616 	0.081 	-0.124 	0.011 	
20.476 	18.644 	-27.238 	-0.116 	0.088 	0.019 	
-24.592 	-14.606 	34.521 	-0.014 	-0.096 	0.126 	
51.490 	-20.816 	3.838 	0.092 	-0.076 	-0.185 	
8.908 	28.905 	-44.048 	0.127 	0.149 	0.013 	
-23.144 	-16.413 	68.138 	-0.084 	-0.177 	0.043 	
-2.680 	19.006 	-0.809 	-0.097 	-0.069 	-0.105 	
25.545 	-40.349 	29.082 	0.151 	-0.007 	0.258 	
-21.793 	-17.526 	31.964 	-0.080 	-0.194 	-0.097 	
63.758 	-29.467 	-39.582 	0.099 	-0.080 	-0.034 	
21.547 	7.847 	37.950 	0.109 	-0.100 	-0.002 	
2.689 	-26.213 	-37.028 	-0.002 	-0.154 	-0.045 	
15.133 	-38.166 	-17.214 	0.001 	0.096 	0.050 	
29.548 	-47.227 	-37.921 	0.127 	-0.019 	-0.134 	
-13.734 	-14.234 	7.831 	-0.001 	0.097 	0.056 	
-10.602 	12.440 	-5.204 	0.189 	-0.023 	-0.062 	
24.150 	-36.756 	-28.708 	-0.039 	-0.031 	-0.111 	
-59.286 	15.297 	-38.821 	-0.103 	0.096 	-0.056 	
-3.053 	11.740 	-7.870 	0.100 	-0.110 	0.127 	
55.995 	49.738 	-2.533 	0.004 	0.128 	0.069 	
0.959 	9.280 	1.928 	-0.008 	0.125 	-0.122 	
-10.929 	9.948 	-22.644 	-0.240 	-0.108 	-0.520 	
-18.921 	-5.493 	-4.746 	0.076 	-0.005 	-0.194 	
29.316 	10.044 	-22.310 	0.095 	0.015 	-0.269 	
25.497 	-25.453 	-54.598 	0.026 	-0.053 	0.015 	
26.143 	-39.138 	-29.669 	-0.040 	-0.019 	-0.212 	
58.653 	-41.846 	22.343 	0.098 	-0.121 	0.068 	
23.806 	-20.741 	11.808 	0.073 	-0.012 	0.102 	
44.517 	25.305 	-26.106 	0.023 	0.113 	-0.232 	
23.104 	-11.840 	0.278 	0.144 	0.067 	0.208 	
2.229 	-34.772 	0.424 	0.029 	0.001 	0.022 	
14.304 	3.183 	33.525 	-0.145 	0.029 	0.086 	
-6.109 	2.307 	-1.202 	-0.030 	-0.182 	0.073 	
5.103 	-38.345 	-16.941 	0.013 	-0.089 	-0.103 	
-24.177 	-25.587 	5.679 	-0.095 	-0.124 	-0.077 	
-15.402 	22.735 	-9.563 	0.177 	0.135 	0.033 	
-9.427 	-28.422 	44.686 	-0.200 	-0.069 	0.041 	
-0.492 	-26.003 	25.406 	0.082 	0.010 	0.092 	
-29.960 	-5.221 	37.678 	0.073 	0.083 	0.043 	
5.835 	21.327 	13.102 	-0.060 	0.042 	0.071 	
17.345 	-7.208 	27.130 	0.116 	-0.146 	-0.104 	
-28.323 	-21.738 	10.112 	0.118 	0.007 	0.150 	
-33.664 	-22.559 	10.065 	0.148 	-0.027 	0.137 	
-4.092 	-8.143 	14.201 	-0.193 	-0.036 	-0.001 	
30.612 	-36.663 	-39.230 	-0.077 	-0.045 	-0.092 	
28.616 	13.261 	5.284 	0.027 	-0.196 	-0.021 	
58.504 	-27.804 	-48.195 	0.085 	-0.170 	-0.055 	
10.961 	-13.146 	-8.107 	0.071 	-0.113 	0.120 	
67.091 	50.023 	23.168 	0.079 	0.075 	0.100 	
5.287 	3.162 	11.114 	-0.089 	-0.026 	-0.031 	
-43.397 	17.516 	29.633 	0.038 	-0.039 	0.014 	
7.002 	-33.531 	22.859 	-0.111 	-0.057 	0.235 	
-37.578 	-39.303 	3.869 	-0.094 	-0.032 	0.183 	
56.157 	4.853 	-49.585 	0.092 	-0.048 	-0.025 	
-56.686 	34.032 	-61.515 	-0.106 	0.117 	-0.039 	
-42.451 	-35.578 	-30.320 	0.052 	-0.120 	-0.122 	
-74.755 	50.944 	55.570 	-0.101 	0.062 	0.136 	
16.420 	-13.665 	9.700 	0.085 	-0.038 	-0.106 	
-8.048 	4.374 	-11.142 	0.156 	-0.017 	0.028 	
-26.146 	-23.881 	23.019 	0.044 	-0.217 	-0.099 	
20.103 	-27.289 	-25.941 	0.187 	-0.045 	-0.160 	
-47.365 	18.945 	10.970 	0.022 	0.137 	-0.070 	
-34.353 	-3.750 	-0.693 	-0.117 	-0.036 	-0.046 	
-41.116 	5.440 	-0.898 	0.113 	-0.052 	-0.015 	
17.363 	7.360 	-24.379 	-0.101 	-0.142 	-0.061 	
-51.500 	-13.364 	16.978 	0.021 	0.114 	-0.013 	
-28.048 	-26.281 	-25.863 	-0.103 	0.007 	0.127 	
-20.480 	-37.717 	63.922 	-0.133 	-0.055 	0.041 	
23.282 	-2.310 	-25.369 	0.235 	-0.007 	-0.014 	
-18.816 	53.005 	7.664 	-0.061 	0.082 	0.182 	
12.992 	-22.036 	-30.363 	0.080 	0.048 	-0.123 	
-24.398 	19.937 	-49.018 	-0.026 	-0.088 	-0.049 	
-42.309 	-27.980 	-14.953 	-0.076 	-0.219 	-0.124 	
39.128 	-12.784 	23.960 	0.043 	-0.117 	0.163 	
-47.582 	0.388 	-12.690 	-0.170 	0.036 	0.003 	
35.794 	0.686 	8.369 	0.107 	-0.053 	-0.103 	
59.958 	8.455 	-1.616 	0.050 	-0.086 	-0.054 	
29.997 	6.579 	7.785 	-0.068 	0.039 	-0.121 	
62.745 	2.240 	29.226 	0.086 	0.075 	0.029 	
17.082 	3.812 	-9.917 	-0.076 	0.020 	0.086 	
-6.751 	-54.749 	-15.848 	0.159 	-0.171 	0.032 	
10.493 	-4.057 	33.873 	-0.050 	-0.037 	0.025 	
-23.367 	-35.070 	-15.828 	-0.081 	0.024 	-0.033 	
40.150 	29.355 	13.918 	-0.067 	0.053 	0.019 	
35.046 	-37.588 	21.123 	0.142 	-0.014 	-0.040 	
-12.194 	9.737 	18.920 	-0.009 	0.134 	0.199 	
42.461 	-14.665 	-28.818 	-0.049 	0.034 	-0.014 	
-45.901 	-23.828 	29.193 	0.015 	-0.011 	0.101 	
-31.641 	-41.102 	-39.360 	-0.022 	-0.185 	-0.015 	
9.722 	-18.634 	-32.637 	0.045 	-0.209 	-0.000 	
75.995 	-27.093 	-5.383 	0.075 	-0.054 	-0.017 	
11.783 	-14.265 	17.744 	0.127 	0.110 	-0.013 	
-51.989 	-4.164 	-32.178 	-0.063 	0.117 	-0.006 	
-13.081 	-9.714 	-43.115 	-0.195 	-0.113 	-0.040 	
-52.469 	-30.080 	18.768 	0.088 	-0.106 	0.065 	
8.662 	-30.845 	14.090 	0.179 	-0.027 	-0.002 	
23.868 	7.661 	20.141 	-0.117 	-0.058 	0.107 	
-32.252 	-14.019 	28.636 	-0.067 	0.180 	0.094 	
-14.873 	24.803 	31.061 	-0.102 	-0.001 	0.116 	
-18.363 	-17.867 	47.299 	0.059 	0.014 	0.020 	
16.307 	65.344 	28.824 	0.097 	0.019 	0.023 	
-7.308 	-7.048 	-5.650 	0.159 	0.103 	-0.060 	
-30.408 	-44.998 	9.791 	-0.079 	-0.037 	0.130 	
9.732 	13.816 	7.304 	-0.091 	-0.053 	-0.073 	
-41.653 	17.642 	1.498 	0.060 	0.128 	0.030 	
22.383 	12.055 	-27.853 	0.066 	-0.057 	-0.313 	
4.173 	-4.605 	-20.802 	-0.051 	-0.129 	-0.143 	
10.837 	25.835 	-21.088 	0.065 	0.191 	0.046 	
13.366 	13.141 	4.719 	0.076 	-0.095 	-0.135 	
0.511 	-14.181 	-19.232 	-0.023 	-0.195 	0.039 	
-7.172 	7.566 	12.728 	-0.011 	-0.195 	-0.007 	
28.676 	0.198 	31.222 	0.224 	-0.078 	-0.068 	
-4.790 	26.565 	9.422 	0.124 	-0.034 	-0.030 	
-9.119 	0.909 	21.263 	-0.138 	0.015 	0.024 	
-19.400 	43.006 	-27.834 	-0.060 	-0.045 	-0.077 	
-14.338 	-23.614 	-8.281 	0.008 	0.128 	-0.102 	
76.388 	-24.926 	-10.577 	0.103 	-0.045 	0.040 	
-4.020 	-3.415 	-5.238 	-0.017 	0.024 	-0.076 	
0.531 	14.938 	3.686 	0.019 	0.151 	0.088 	
21.684 	-38.527 	50.608 	0.198 	-0.072 	0.007 	
10.215 	18.380 	1.379 	0.074 	-0.015 	0.242 	
2.040 	-22.564 	-11.566 	0.093 	-0.014 	0.060 	
14.427 	-34.359 	-19.212 	0.249 	-0.143 	-0.019 	
6.053 	-7.801 	-9.085 	0.047 	-0.023 	-0.081 	
-46.808 	-33.940 	0.933 	-0.059 	-0.262 	0.019 	
37.989 	-0.931 	23.653 	-0.106 	-0.010 	0.091 	
-1.796 	5.537 	28.108 	0.179 	-0.104 	-0.042 	
-34.966 	-31.400 	-14.788 	-0.064 	-0.143 	0.181 	
-31.391 	39.637 	46.892 	0.074 	0.104 	0.025 	
-26.316 	-18.672 	23.567 	0.122 	0.050 	0.049 	
29.852 	31.014 	-49.678 	0.070 	0.019 	-0.061 	
-29.242 	-37.311 	18.165 	0.030 	-0.122 	0.206 	
-31.948 	-15.730 	12.476 	-0.137 	0.057 	0.050 	
5.022 	36.987 	21.151 	0.197 	0.002 	0.027 	
17.247 	64.589 	9.830 	0.077 	0.030 	0.134 	
72.395 	43.852 	2.006 	0.152 	0.066 	-0.002 	
-27.290 	-16.150 	-26.099 	-0.088 	-0.004 	0.007 	
10.419 	32.272 	-10.417 	0.224 	0.080 	-0.092 	
-19.705 	29.128 	-53.150 	-0.097 	-0.028 	-0.024 	
33.046 	30.368 	-2.606 	0.044 	0.088 	-0.061 	
48.608 	-45.316 	1.433 	0.167 	-0.093 	0.044 	
22.977 	8.088 	51.882 	0.044 	0.154 	0.272 	
73.677 	11.293 	-30.653 	0.078 	-0.021 	-0.033 	
-21.146 	28.861 	30.775 	0.019 	0.125 	0.058 	
4.911 	-32.254 	55.083 	0.156 	-0.107 	-0.014 	
50.078 	-7.823 	-15.294 	0.305 	-0.434 	-0.026 	
9.838 	-46.790 	-15.403 	0.024 	0.031 	-0.130 	
-24.610 	26.471 	-16.485 	0.025 	0.124 	-0.129 	
52.764 	-5.124 	3.910 	0.098 	-0.171 	0.048 	
-10.606 	-4.236 	-11.149 	0.095 	0.029 	0.056 	
25.076 	-20.291 	8.435 	0.009 	0.172 	-0.025 	
7.535 	-47.220 	30.256 	0.054 	0.060 	0.167 	
67.826 	5.671 	17.744 	0.143 	0.030 	0.079 	
19.235 	-8.108 	20.999 	0.186 	-0.154 	0.045 	
-8.615 	0.964 	31.906 	-0.013 	-0.140 	0.059 	
12.203 	-19.276 	-1.138 	0.216 	0.065 	0.037 	
-10.876 	31.275 	35.155 	-0.150 	0.015 	-0.008 	
-0.799 	21.546 	30.697 	-0.132 	0.195 	-0.020 	
-27.859 	23.695 	29.596 	0.120 	0.100 	-0.007 	
-26.556 	5.127 	7.483 	-0.121 	0.133 	-0.105 	
4.786 	-22.095 	15.560 	0.181 	-0.217 	0.155 	
-29.998 	-55.960 	45.729 	-0.114 	0.017 	0.139 	
-23.449 	-11.337 	21.148 	-0.093 	0.063 	0.023 	
-25.267 	26.636 	3.370 	0.025 	0.165 	0.111 	
-58.780 	-47.817 	45.362 	0.010 	-0.185 	0.084 	
23.029 	-15.038 	25.363 	0.125 	-0.020 	0.073 	
-19.085 	25.053 	17.671 	-0.107 	-0.056 	0.135 	
-17.721 	-33.250 	-69.998 	-0.159 	-0.099 	-0.051 	
-55.520 	48.289 	48.820 	-0.110 	0.029 	0.121 	
65.827 	5.595 	20.207 	0.033 	-0.010 	0.131 	
29.523 	-4.099 	5.237 	0.120 	-0.122 	0.163 	
-49.917 	-48.167 	-45.101 	-0.078 	-0.050 	-0.074 	
44.784 	3.826 	-7.407 	0.009 	-0.115 	0.028 	
60.282 	12.008 	-38.003 	0.084 	0.019 	-0.023 	
-31.409 	35.336 	-39.723 	-0.018 	0.089 	-0.006 	
-10.855 	-26.659 	20.410 	0.154 	-0.015 	0.154 	
-38.052 	35.499 	35.699 	0.059 	0.044 	0.056 	
9.246 	-32.870 	15.471 	0.005 	0.022 	0.011 	
10.080 	-7.027 	22.920 	0.125 	-0.084 	-0.036 	
-46.474 	-33.832 	-29.423 	-0.059 	0.034 	-0.158 	
-25.791 	13.380 	-27.666 	-0.075 	-0.144 	-0.007 	
45.488 	32.212 	30.212 	0.032 	0.131 	0.080 	
24.216 	50.349 	1.780 	-0.060 	0.039 	-0.092 	
20.768 	-33.172 	18.799 	-0.050 	0.008 	-0.063 	
-2.198 	19.016 	-40.880 	-0.177 	-0.038 	-0.165 	
10.501 	-34.735 	6.168 	0.032 	-0.133 	0.155 	
76.226 	-35.471 	13.128 	0.090 	-0.048 	0.014 	
-23.427 	-35.293 	34.984 	0.061 	-0.039 	0.046 	
-66.187 	5.855 	-28.855 	-0.071 	-0.030 	-0.082 	
-1.312 	-23.771 	29.538 	-0.055 	0.122 	0.002 	
40.065 	52.756 	-50.546 	0.153 	0.044 	-0.009 	
-46.415 	0.191 	-46.109 	-0.024 	0.085 	-0.031 	
-18.161 	13.228 	-0.667 	0.209 	-0.017 	-0.018 	
29.977 	-72.288 	-18.984 	0.023 	-0.059 	-0.023 	
-18.131 	21.534 	13.711 	0.030 	0.079 	0.016 	
-11.521 	-26.763 	-39.741 	0.147 	0.059 	-0.114 	
-37.353 	-23.190 	-32.354 	-0.060 	0.010 	-0.044 	
-22.054 	-32.943 	12.604 	0.123 	-0.014 	0.010 	
-15.833 	-19.629 	56.300 	-0.123 	-0.092 	-0.041 	
-41.576 	-34.385 	39.238 	0.054 	-0.049 	0.219 	
15.100 	-9.281 	15.076 	0.167 	0.066 	0.153 	
-7.075 	-22.091 	-37.296 	0.107 	0.038 	0.037 	
37.386 	-17.928 	-24.846 	-0.092 	-0.062 	-0.081 	
-52.870 	41.746 	-17.417 	-0.121 	0.004 	-0.116 	
-32.178 	19.435 	25.787 	0.079 	0.144 	0.023 	
-24.494 	16.225 	-32.338 	-0.069 	0.052 	-0.158 	
-17.510 	-14.282 	26.677 	0.157 	-0.015 	0.048 	
37.069 	-14.835 	-18.953 	0.076 	0.038 	0.079 	
21.589 	4.809 	-9.203 	0.138 	0.179 	-0.097 	
13.212 	-27.537 	-61.657 	-0.013 	-0.112 	-0.044 	
-11.012 	-0.199 	5.970 	0.201 	-0.042 	-0.046 	
-31.279 	33.813 	-50.676 	0.082 	-0.000 	-0.129 	
1.246 	38.037 	-28.425 	-0.066 	-0.035 	-0.163 	
-29.006 	-15.337 	28.952 	0.115 	-0.096 	0.082 	
15.965 	27.951 	-11.654 	-0.237 	0.132 	0.035 	
0.094 	-20.201 	33.720 	-0.040 	-0.077 	-0.101 	
-1.684 	-8.217 	-28.195 	0.070 	0.096 	-0.078 	
77.964 	12.985 	29.709 	0.131 	0.057 	0.026 	
-18.757 	-24.606 	-4.173 	0.086 	-0.016 	-0.164 	
21.723 	-15.440 	39.680 	0.014 	0.062 	0.128 	
9.597 	-28.744 	15.551 	0.051 	-0.185 	0.197 	
-3.026 	51.562 	-33.508 	0.144 	0.035 	-0.038 	
35.518 	3.057 	-37.836 	0.007 	0.153 	-0.062 	
-43.069 	-23.730 	48.281 	-0.015 	-0.227 	0.084 	
10.684 	-32.819 	16.161 	0.222 	-0.089 	-0.080 	
-60.604 	21.715 	26.158 	0.017 	0.109 	0.113 	
-11.902 	-27.878 	-21.504 	0.173 	-0.132 	-0.069 	
2.828 	2.546 	-35.294 	0.081 	0.061 	0.086 	
44.584 	0.278 	-42.388 	-0.045 	0.038 	-0.097 	
45.445 	34.572 	-27.719 	0.019 	-0.055 	-0.069 	
-20.381 	13.665 	-34.522 	0.163 	0.037 	-0.050 	
21.234 	-36.729 	-26.699 	0.228 	-0.183 	-0.049 	
31.768 	-23.206 	27.961 	0.106 	-0.054 	-0.144 	
18.193 	-6.569 	-23.462 	-0.098 	-0.034 	0.051 	
-44.742 	-23.863 	18.278 	-0.014 	0.076 	-0.015 	
-12.958 	-21.465 	-7.121 	0.026 	-0.170 	-0.171 	
34.261 	1.843 	24.620 	0.024 	0.176 	0.027 	
6.899 	-8.531 	14.177 	-0.158 	-0.034 	0.044 	
6.217 	-29.999 	1.806 	0.059 	-0.146 	0.091 	
119.146 	-25.938 	35.143 	-0.018 	-0.065 	0.030 	
157.912 	-12.149 	-21.353 	-0.008 	-0.185 	0.075 	
128.199 	-45.635 	-14.508 	-0.107 	0.010 	-0.086 	
96.212 	-39.408 	20.210 	-0.107 	-0.025 	0.222 	
189.294 	27.019 	-9.377 	-0.051 	-0.053 	-0.096 	
162.345 	-22.420 	-0.641 	-0.161 	-0.151 	0.057 	
175.628 	-12.443 	-17.629 	0.048 	-0.139 	-0.112 	
198.797 	-13.539 	11.540 	0.057 	-0.007 	0.204 	
152.310 	-24.103 	-23.764 	-0.196 	0.085 	-0.040 	
201.724 	6.264 	-36.996 	0.014 	-0.012 	-0.179 	
172.330 	9.723 	9.041 	0.111 	0.142 	-0.128 	
188.250 	45.563 	22.316 	-0.043 	-0.072 	0.096 	
165.481 	11.698 	50.901 	-0.093 	-0.027 	0.030 	
205.970 	-16.554 	9.805 	-0.111 	-0.108 	0.048 	
170.833 	15.767 	65.206 	0.016 	0.066 	0.020 	
102.508 	17.063 	16.163 	-0.065 	0.112 	-0.103 	
124.107 	-15.654 	24.952 	0.039 	0.048 	0.132 	
185.383 	-36.682 	9.530 	-0.155 	-0.030 	0.030 	
131.422 	32.784 	10.516 	-0.027 	0.087 	0.181 	
185.764 	-20.834 	12.234 	0.110 	-0.116 	-0.059 	
174.747 	-8.307 	6.105 	-0.046 	0.010 	0.020 	
100.671 	21.846 	-43.299 	-0.037 	-0.010 	-0.057 	
124.824 	30.949 	23.269 	0.055 	0.119 	0.104 	
211.083 	7.983 	0.540 	-0.010 	0.153 	-0.112 	
153.407 	5.059 	-15.376 	-0.268 	-0.016 	-0.022 	
186.697 	9.245 	31.919 	-0.031 	0.070 	0.179 	
166.107 	-26.747 	-12.863 	0.041 	-0.159 	0.017 	
160.747 	-19.176 	-6.304 	-0.075 	-0.190 	0.115 	
143.483 	2.874 	-28.340 	-0.235 	0.067 	-0.027 	
116.298 	7.507 	-13.359 	0.019 	-0.073 	-0.025 	
139.246 	16.214 	-18.879 	0.097 	0.027 	0.049 	
99.932 	15.263 	9.856 	-0.147 	0.212 	0.031 	
138.199 	34.625 	-36.461 	-0.228 	0.032 	-0.203 	
199.422 	-5.933 	57.438 	0.045 	0.031 	0.047 	
198.444 	-34.278 	47.401 	0.037 	0.013 	0.086 	
147.522 	-12.545 	15.468 	0.031 	0.064 	0.114 	
176.927 	-0.832 	-15.327 	-0.132 	0.106 	-0.043 	
161.343 	34.338 	7.231 	-0.116 	-0.043 	0.161 	
152.072 	35.745 	-35.825 	-0.116 	-0.086 	-0.034 	
196.253 	25.426 	-51.607 	0.140 	0.095 	0.013 	
117.715 	-49.209 	3.391 	-0.100 	-0.036 	-0.137 	
97.145 	-15.038 	-26.889 	-0.080 	0.105 	-0.102 	
227.475 	-36.695 	-13.563 	0.004 	-0.060 	-0.039 	
111.691 	19.346 	-59.408 	-0.122 	0.127 	-0.025 	
168.012 	-17.930 	-19.797 	-0.140 	0.137 	-0.097 	
202.431 	-6.423 	-40.997 	0.129 	0.132 	0.011 	
201.162 	-16.310 	1.743 	0.065 	0.052 	-0.139 	
151.861 	18.460 	-20.282 	-0.050 	-0.158 	-0.106 	
91.719 	-0.796 	24.318 	-0.035 	0.090 	0.126 	
216.496 	-17.296 	9.381 	-0.035 	-0.069 	0.020 	
164.616 	-41.437 	16.268 	-0.027 	0.016 	0.015 	
144.452 	23.026 	-3.237 	0.164 	0.108 	0.013 	
142.018 	-6.876 	-3.020 	0.171 	-0.020 	0.031 	
167.418 	10.786 	-2.987 	-0.086 	0.068 	-0.042 	
117.494 	-26.730 	36.738 	-0.177 	0.067 	-0.033 	
113.073 	30.922 	20.821 	-0.081 	0.212 	0.185 	
157.970 	2.578 	1.151 	-0.180 	-0.024 	0.005 	
125.834 	-54.926 	-13.169 	-0.024 	-0.011 	0.005 	
127.453 	-24.174 	-22.538 	0.016 	-0.193 	-0.002 	
150.446 	-48.783 	36.682 	-0.028 	0.001 	-0.005 	
127.755 	-37.198 	2.072 	0.054 	-0.023 	0.102 	
148.646 	-37.901 	31.507 	0.018 	-0.097 	-0.004 	
162.746 	5.404 	4.055 	0.186 	0.023 	-0.103 	
193.217 	-32.032 	-45.152 	-0.035 	-0.018 	-0.182 	
112.987 	-56.926 	6.101 	-0.049 	-0.050 	-0.048 	
154.244 	-0.722 	11.278 	0.006 	-0.016 	0.061 	
170.133 	-23.010 	16.231 	-0.088 	-0.114 	0.209 	
179.772 	-16.439 	25.916 	0.114 	0.099 	0.132 	
184.968 	3.967 	26.098 	0.082 	0.048 	0.057 	
218.145 	-17.390 	-24.181 	-0.036 	-0.092 	-0.076 	
193.329 	-25.682 	-21.411 	-0.109 	-0.057 	-0.116 	
134.131 	-40.460 	-11.489 	-0.096 	-0.005 	0.033 	
188.116 	-4.197 	-10.573 	-0.065 	-0.011 	0.021 	
170.469 	-1.317 	-0.039 	0.137 	-0.126 	-0.144 	
138.436 	7.019 	13.383 	-0.158 	-0.148 	-0.040 	
165.803 	-23.483 	8.335 	-0.179 	-0.055 	0.092 	
123.600 	4.815 	-22.165 	-0.012 	0.147 	-0.163 	
126.149 	11.350 	30.815 	-0.195 	0.111 	-0.090 	
166.678 	31.862 	-10.273 	-0.172 	0.178 	0.025 	
85.880 	-34.395 	25.902 	-0.126 	-0.039 	0.024 	
180.189 	-36.210 	-40.570 	0.175 	-0.087 	0.001 	
195.559 	35.716 	25.617 	-0.072 	0.164 	0.033 	
113.363 	6.220 	14.036 	-0.023 	0.023 	-0.065 	
148.433 	23.188 	11.969 	-0.219 	0.016 	-0.027 	
130.515 	-45.242 	38.557 	-0.014 	0.066 	0.157 	
144.924 	-21.443 	-53.802 	-0.096 	-0.171 	0.024 	
111.897 	4.691 	-23.842 	-0.105 	0.008 	-0.139 	
167.814 	6.078 	-22.335 	0.141 	-0.036 	-0.012 	
173.836 	-8.023 	35.924 	0.138 	0.092 	0.024 	
116.901 	15.698 	43.620 	-0.065 	-0.000 	0.015 	
102.147 	34.676 	29.614 	0.003 	0.056 	0.091 	
156.524 	22.023 	28.356 	-0.117 	0.242 	0.022 	
109.925 	-12.564 	-22.141 	-0.077 	-0.173 	0.047 	
154.315 	-16.407 	-0.672 	-0.045 	-0.042 	0.211 	
139.651 	10.152 	-3.053 	0.150 	0.087 	0.003 	
95.497 	-34.659 	20.174 	-0.082 	-0.093 	-0.068 	
140.383 	0.674 	-29.882 	-0.053 	-0.203 	-0.011 	
194.418 	10.496 	-8.099 	-0.040 	0.094 	-0.142 	
198.341 	-26.981 	11.826 	0.002 	-0.091 	0.074 	
141.849 	-9.048 	-22.083 	0.138 	-0.069 	-0.044 	
183.127 	-18.411 	48.776 	-0.034 	-0.058 	0.099 	
185.442 	1.833 	-21.967 	-0.101 	-0.020 	-0.078 	
141.762 	-36.391 	2.779 	-0.012 	0.109 	-0.002 	
116.490 	61.627 	-39.772 	-0.195 	0.051 	-0.067 	
87.963 	-17.752 	-6.594 	-0.151 	-0.017 	-0.030 	
186.715 	-19.146 	-15.724 	0.126 	-0.181 	0.104 	
196.914 	-62.030 	-59.329 	0.078 	-0.079 	-0.056 	
153.273 	-13.235 	11.902 	0.153 	0.015 	0.084 	
174.724 	13.966 	-31.987 	0.182 	-0.025 	-0.100 	
112.186 	26.754 	8.001 	0.055 	0.113 	0.027 	
112.085 	-31.429 	35.005 	-0.028 	0.006 	0.167 	
141.406 	11.438 	25.988 	-0.137 	0.110 	0.083 	
169.596 	-1.646 	-28.454 	0.031 	0.010 	-0.037 	
136.635 	14.760 	19.533 	-0.132 	-0.170 	0.001 	
83.503 	27.080 	-19.835 	-0.129 	0.115 	-0.077 	
159.163 	-24.575 	-25.062 	-0.064 	-0.107 	-0.087 	
201.466 	1.994 	-28.376 	-0.060 	-0.003 	-0.185 	
185.055 	-4.482 	-7.606 	0.039 	0.141 	-0.135 	
150.732 	22.644 	11.741 	-0.093 	-0.114 	-0.125 	
192.250 	44.090 	27.598 	-0.079 	0.082 	0.022 	
186.267 	-31.264 	-13.433 	-0.155 	-0.080 	-0.068 	
164.048 	-14.104 	-18.491 	-0.159 	0.014 	0.070 	
151.564 	32.428 	-4.727 	0.144 	0.102 	-0.041 	
151.333 	-1.394 	12.292 	0.057 	0.100 	-0.145 	
201.239 	52.048 	27.985 	0.058 	0.030 	0.028 	
189.331 	-39.281 	-36.802 	-0.038 	-0.190 	0.029 	
230.079 	23.001 	1.458 	0.035 	0.063 	0.022 	
150.977 	14.043 	-6.072 	0.117 	0.029 	-0.001 	
170.604 	39.054 	-39.638 	-0.116 	-0.006 	-0.054 	
145.598 	-48.417 	-13.867 	-0.012 	0.005 	-0.063 	
205.115 	17.251 	-37.807 	0.033 	0.103 	-0.054 	
191.782 	10.293 	-0.992 	0.111 	0.117 	0.011 	
143.617 	-18.815 	-17.265 	-0.100 	-0.038 	0.111 	
163.202 	7.182 	14.868 	-0.197 	0.036 	0.078 	
171.089 	-45.950 	17.996 	0.129 	-0.041 	-0.118 	
213.465 	19.874 	14.862 	-0.023 	0.060 	0.034 	
192.048 	16.971 	33.019 	0.138 	0.147 	0.090 	
170.560 	9.154 	-31.903 	-0.122 	-0.035 	-0.210 	
108.705 	18.667 	16.903 	0.012 	0.025 	0.099 	
191.302 	-7.303 	-18.947 	0.081 	-0.208 	-0.046 	
147.353 	11.708 	15.231 	-0.250 	-0.041 	0.096 	
173.604 	3.764 	32.795 	-0.012 	-0.023 	0.133 	
163.406 	-7.775 	31.170 	0.126 	-0.089 	0.052 	
182.293 	35.282 	41.415 	-0.049 	-0.009 	-0.010 	
126.315 	-20.287 	10.140 	0.024 	-0.041 	0.208 	
163.385 	-48.756 	3.055 	0.063 	-0.053 	0.046 	
177.930 	-11.229 	-11.734 	-0.180 	-0.062 	-0.034 	
161.278 	-33.175 	8.468 	-0.075 	-0.056 	0.202 	
175.800 	-5.177 	31.605 	0.140 	0.014 	-0.018 	
181.060 	-35.012 	-4.853 	0.154 	0.044 	0.108 	
148.918 	-12.250 	41.273 	0.099 	0.131 	0.114 	
164.387 	-40.738 	-32.946 	-0.088 	0.069 	-0.073 	
136.467 	3.037 	-43.640 	-0.039 	0.047 	-0.002 	
136.688 	23.616 	38.438 	0.055 	0.093 	0.039 	
143.048 	13.331 	15.670 	-0.122 	-0.120 	-0.050 	
148.782 	-17.947 	-18.511 	0.142 	-0.071 	-0.008 	
124.298 	-5.152 	54.788 	-0.139 	-0.056 	0.037 	
95.283 	22.178 	17.356 	-0.102 	0.166 	0.217 	
189.570 	-44.249 	-24.093 	0.147 	-0.052 	0.101 	
180.549 	-33.198 	-21.793 	-0.085 	-0.046 	-0.032 	
202.774 	0.382 	7.203 	-0.039 	0.050 	0.060 	
129.906 	-18.592 	-49.057 	0.294 	0.057 	-0.694 	
144.780 	-31.769 	-25.074 	-0.213 	0.054 	-0.093 	
168.281 	-2.880 	15.628 	0.130 	0.136 	-0.025 	
129.877 	-37.135 	-20.818 	-0.170 	0.013 	0.078 	
120.573 	-12.229 	-6.507 	-0.150 	-0.007 	0.179 	
136.327 	1.672 	29.936 	-0.001 	-0.009 	0.145 	
215.442 	28.961 	-21.519 	0.070 	0.009 	-0.001 	
181.288 	-22.373 	25.624 	0.110 	-0.070 	0.067 	
116.419 	-10.359 	4.219 	-0.127 	0.083 	-0.026 	
160.246 	26.690 	-4.217 	-0.163 	0.056 	0.087 	
190.604 	-28.341 	29.544 	-0.037 	0.045 	0.180 	
233.073 	-25.679 	-41.154 	0.039 	-0.159 	-0.124 	
151.836 	-9.409 	2.210 	0.060 	0.011 	-0.075 	
177.033 	-35.784 	-9.161 	0.027 	0.033 	-0.160 	
137.168 	-46.845 	2.582 	-0.031 	0.002 	-0.136 	
132.105 	0.396 	29.114 	0.043 	0.029 	0.013 	
223.833 	24.576 	-30.514 	0.019 	0.085 	-0.107 	
146.929 	8.910 	15.640 	-0.167 	0.048 	-0.079 	
172.781 	-18.069 	4.178 	-0.115 	0.054 	-0.154 	
191.750 	10.817 	35.425 	-0.039 	-0.024 	-0.062 	
152.038 	-11.552 	-3.292 	-0.109 	0.050 	-0.050 	
125.767 	21.264 	35.721 	-0.079 	-0.122 	0.122 	
225.376 	1.181 	-36.015 	0.027 	-0.069 	-0.036 	
130.037 	-52.343 	15.503 	-0.046 	0.047 	0.089 	
163.140 	2.736 	-21.535 	0.003 	-0.182 	0.035 	
164.825 	-0.495 	-22.922 	0.125 	-0.045 	-0.214 	
225.800 	-29.607 	35.334 	0.006 	-0.021 	0.112 	
151.905 	-42.961 	-37.343 	0.006 	-0.108 	0.055 	
191.631 	-50.202 	8.803 	0.090 	0.073 	-0.020 	
110.264 	-36.410 	11.387 	-0.006 	-0.108 	-0.009 	
109.992 	-26.735 	-29.512 	-0.162 	0.054 	-0.067 	
180.436 	29.890 	-32.310 	-0.089 	0.180 	0.024 	
198.758 	39.197 	-3.477 	0.085 	0.017 	-0.002 	
162.560 	15.753 	-24.769 	0.052 	0.097 	-0.102 	
130.627 	22.746 	33.210 	-0.090 	0.101 	0.112 	
141.787 	15.444 	41.857 	-0.079 	-0.173 	0.105 	
189.119 	20.772 	10.300 	-0.111 	0.015 	0.163 	
87.129 	34.829 	6.192 	-0.036 	0.088 	0.016 	
160.703 	-27.445 	11.726 	-0.123 	-0.074 	0.012 	
178.869 	33.053 	-16.477 	-0.091 	0.046 	0.045 	
186.401 	-18.871 	11.469 	-0.114 	0.070 	0.011 	
127.662 	7.271 	-12.433 	-0.085 	0.139 	0.091 	
163.758 	3.277 	-10.921 	0.231 	0.007 	-0.046 	
152.796 	23.441 	28.353 	0.156 	0.012 	0.094 	
133.297 	-17.788 	-29.778 	-0.204 	-0.191 	-0.047 	
215.567 	-22.329 	15.074 	-0.049 	-0.191 	0.007 	
110.406 	-9.212 	13.831 	0.034 	-0.014 	-0.014 	
179.665 	33.680 	25.337 	-0.148 	0.049 	0.055 	
153.320 	-11.762 	-6.406 	-0.248 	-0.070 	-0.057 	
181.717 	48.946 	45.992 	0.090 	0.078 	-0.005 	
197.933 	-43.508 	33.248 	0.106 	-0.111 	-0.011 	
158.109 	-28.648 	-1.424 	0.173 	-0.069 	0.007 	
108.039 	22.451 	-6.542 	-0.017 	0.002 	-0.102 	
192.443 	-38.492 	-3.777 	-0.152 	-0.049 	-0.015 	
123.530 	3.491 	24.735 	-0.185 	-0.110 	-0.074 	
165.687 	-7.136 	-4.668 	-0.241 	-0.022 	-0.085 	
181.999 	-7.451 	8.500 	-0.132 	-0.142 	0.103 	
121.341 	-13.660 	19.285 	-0.061 	0.114 	0.123 	
109.258 	-16.169 	-10.788 	0.038 	0.038 	-0.037 	
175.436 	-21.658 	24.919 	-0.120 	0.094 	0.048 	
140.364 	0.221 	-49.789 	-0.021 	-0.082 	0.031 	
157.764 	-0.525 	-24.331 	-0.236 	0.030 	0.029 	
119.869 	0.940 	-27.995 	-0.130 	-0.145 	-0.036 	
144.874 	-18.416 	17.284 	0.073 	-0.097 	0.001 	
147.867 	18.049 	1.319 	-0.070 	0.013 	0.178 	
92.071 	-0.036 	-8.002 	-0.086 	-0.165 	0.034 	
174.027 	-5.149 	-4.016 	0.007 	-0.109 	0.070 	
157.270 	4.809 	-5.651 	0.103 	-0.076 	0.154 	
179.674 	-11.964 	-5.134 	-0.038 	-0.131 	0.110 	
151.901 	12.145 	39.430 	-0.140 	0.085 	-0.010 	
197.162 	15.454 	35.580 	-0.036 	0.110 	-0.071 	
152.242 	-9.695 	1.361 	-0.046 	-0.097 	0.248 	
90.216 	25.068 	-4.820 	-0.100 	-0.014 	-0.043 	
133.784 	-40.787 	32.259 	-0.221 	0.048 	0.113 	
195.993 	-8.031 	-44.293 	-0.069 	0.011 	-0.029 	
107.729 	1.926 	18.885 	-0.106 	-0.025 	-0.072 	
135.494 	27.080 	33.261 	-0.164 	-0.095 	0.069 	
185.555 	-16.688 	34.429 	0.135 	0.157 	0.052 	
87.582 	-22.562 	33.440 	-0.180 	-0.159 	0.119 	
106.400 	25.945 	29.392 	-0.031 	0.007 	0.169 	
178.927 	1.234 	-5.930 	0.041 	-0.063 	0.220 	
172.070 	-40.705 	4.245 	-0.117 	0.008 	0.118 	
182.852 	-2.650 	16.390 	-0.142 	0.091 	0.056 	
138.711 	18.655 	-32.853 	0.039 	0.132 	0.006 	
134.501 	25.306 	13.320 	0.041 	0.189 	-0.011 	
133.267 	-57.480 	2.383 	-0.031 	-0.022 	-0.032 	
175.898 	17.166 	9.131 	-0.065 	0.198 	-0.083 	
138.744 	-19.965 	-5.251 	0.135 	0.033 	0.011 	
117.804 	-25.289 	29.866 	-0.175 	0.087 	-0.100 	
145.756 	-26.429 	66.963 	-0.147 	-0.188 	0.057 	
110.274 	6.916 	63.925 	-0.152 	-0.097 	0.029 	
100.907 	42.441 	-8.132 	-0.114 	0.018 	-0.142 	
142.356 	-32.470 	3.621 	0.161 	-0.043 	0.041 	
191.156 	14.981 	15.805 	0.076 	0.171 	0.148 	
155.846 	-15.736 	-7.253 	-0.003 	-0.176 	0.036 	
181.036 	-8.058 	20.721 	-0.126 	-0.013 	0.006 	
91.520 	8.460 	30.096 	-0.023 	0.007 	0.060 	
175.268 	-19.870 	-12.586 	-0.019 	-0.073 	0.034 	
144.484 	-25.306 	10.436 	0.123 	-0.062 	0.045 	
171.547 	-34.001 	20.208 	-0.133 	-0.177 	-0.060 	
133.358 	-29.263 	20.910 	-0.119 	-0.076 	-0.007 	
150.666 	21.346 	8.648 	-0.255 	0.008 	0.026 	
206.370 	-27.149 	7.449 	-0.014 	-0.220 	-0.052 	
147.195 	21.889 	-7.888 	-0.100 	-0.082 	0.059 	
98.830 	10.652 	22.055 	-0.017 	-0.050 	0.099 	
160.399 	-28.809 	-8.802 	0.044 	0.001 	0.033 	
148.992 	-22.209 	-29.224 	0.083 	-0.138 	0.094 	
201.859 	51.974 	24.016 	-0.003 	0.068 	0.058 	
200.476 	-30.168 	-67.795 	0.084 	-0.027 	-0.056 	
147.492 	15.062 	4.997 	0.148 	-0.035 	-0.049 	
150.737 	-9.819 	6.104 	0.159 	-0.045 	0.002 	
186.688 	-44.076 	12.151 	0.118 	0.049 	0.060 	
169.683 	3.632 	-26.099 	0.175 	0.034 	-0.090 	
184.474 	6.078 	36.825 	-0.123 	0.004 	0.165 	
150.871 	-7.654 	17.213 	-0.207 	-0.083 	-0.029 	
142.739 	46.457 	-9.440 	-0.134 	0.002 	-0.174 	
195.154 	-2.573 	32.943 	-0.057 	0.128 	0.224 	
130.270 	-33.887 	34.559 	-0.096 	0.125 	0.113 	
151.562 	-24.778 	32.563 	-0.088 	-0.258 	0.066 	
151.503 	18.765 	4.296 	-0.164 	0.139 	0.023 	
84.317 	35.479 	16.216 	-0.084 	0.113 	0.094 	
153.414 	-16.944 	25.343 	-0.064 	0.144 	-0.046 	
191.284 	-34.949 	-18.755 	-0.092 	-0.039 	-0.169 	
229.825 	-35.744 	43.518 	0.014 	-0.144 	0.119 	
99.250 	18.936 	2.640 	-0.086 	0.131 	-0.051 	
96.711 	15.687 	10.823 	0.018 	0.002 	0.106 	
90.135 	-37.326 	-10.182 	-0.051 	-0.187 	-0.130 	
182.945 	59.452 	23.220 	-0.126 	0.145 	0.111 	
174.375 	-11.275 	-9.313 	0.147 	-0.015 	-0.029 	
172.408 	45.108 	52.118 	-0.012 	-0.025 	0.136 	
117.791 	1.191 	50.698 	-0.047 	-0.146 	0.110 	
172.318 	-41.705 	4.723 	0.083 	-0.081 	-0.135 	
152.329 	19.897 	7.322 	0.100 	0.130 	-0.107 	
185.090 	4.180 	-16.949 	-0.085 	0.045 	-0.051 	
164.257 	-14.995 	-16.042 	0.004 	0.081 	-0.101 	
160.433 	-12.121 	24.665 	-0.107 	-0.053 	0.171 	
136.642 	15.458 	20.240 	-0.090 	-0.043 	0.195 	
98.148 	-41.353 	24.609 	-0.126 	-0.025 	-0.042 	
130.945 	2.929 	30.887 	-0.042 	-0.104 	-0.051 	
145.789 	-26.532 	-34.051 	-0.221 	-0.060 	-0.174 	
188.545 	31.875 	45.727 	0.132 	0.124 	0.073 	
89.300 	-14.614 	-5.602 	-0.062 	-0.077 	-0.086 	
179.370 	5.898 	-18.505 	0.040 	0.195 	-0.142 	
139.156 	13.399 	-28.393 	0.045 	0.025 	0.054 	
140.555 	-1.829 	14.183 	0.003 	0.110 	0.046 	
115.861 	5.645 	54.949 	-0.157 	0.026 	-0.043 	
189.118 	12.155 	-23.498 	0.049 	-0.082 	-0.247 	
107.659 	24.664 	-33.720 	-0.037 	0.139 	-0.052 	
108.413 	21.681 	-41.497 	-0.060 	0.073 	-0.288 	
130.333 	25.339 	-26.904 	0.097 	0.051 	-0.072 	
155.524 	-10.729 	-21.694 	-0.001 	0.041 	-0.196 	
149.312 	3.847 	29.493 	0.152 	-0.003 	0.036 	
145.094 	19.749 	15.580 	-0.119 	-0.005 	0.241 	
198.278 	42.321 	29.579 	-0.060 	0.008 	0.094 	
155.282 	13.081 	-27.265 	-0.152 	0.103 	-0.112 	
91.248 	13.367 	-1.575 	-0.118 	0.030 	0.130 	
108.135 	28.230 	13.891 	-0.029 	-0.010 	0.147 	
154.381 	-24.068 	44.613 	-0.075 	0.045 	0.045 	
162.048 	-27.054 	1.185 	-0.012 	0.174 	0.021 	
119.550 	-35.119 	-33.582 	0.004 	-0.090 	-0.194 	
169.884 	-4.684 	-56.691 	0.085 	0.060 	0.026 	
201.981 	49.135 	-24.706 	0.100 	0.039 	0.071 	
140.583 	-38.679 	15.685 	-0.120 	-0.073 	0.012 	
198.442 	-17.846 	-20.151 	0.147 	0.092 	-0.145 	
215.278 	-42.782 	9.117 	0.108 	-0.050 	0.032 	
157.571 	-24.420 	4.064 	0.109 	0.102 	-0.079 	
188.668 	-16.599 	36.044 	0.090 	-0.056 	-0.061 	
141.084 	-19.717 	35.775 	-0.130 	-0.164 	-0.000 	
165.736 	58.032 	-32.544 	0.103 	0.009 	-0.136 	
185.823 	-25.742 	-21.178 	0.004 	0.132 	0.000 	
125.537 	-13.828 	-28.275 	-0.035 	-0.139 	0.029 	
199.200 	35.930 	-34.619 	-0.072 	0.187 	-0.100 	
173.024 	-8.487 	4.108 	0.160 	-0.088 	-0.153 	
129.473 	33.491 	-4.034 	-0.179 	0.071 	0.189 	
130.532 	-18.169 	45.357 	-0.180 	0.011 	-0.029 	
194.773 	7.227 	0.157 	-0.145 	0.009 	-0.073 	
200.475 	37.841 	-22.581 	0.030 	0.155 	0.020 	
145.001 	28.056 	-37.364 	-0.115 	-0.086 	-0.022 	
163.766 	2.376 	17.626 	-0.015 	-0.126 	0.168 	
128.795 	27.799 	32.668 	-0.177 	-0.093 	0.145 	
171.938 	11.509 	15.892 	0.099 	-0.021 	-0.107 	
169.305 	-8.204 	-54.485 	-0.054 	-0.136 	-0.038 	
188.721 	6.240 	36.033 	-0.126 	0.019 	0.010 	
142.974 	-21.145 	-39.403 	-0.177 	-0.118 	0.073 	
147.252 	-17.729 	-29.281 	0.134 	0.013 	-0.013 	
186.017 	-9.318 	-14.153 	0.059 	0.062 	-0.096 	
137.883 	-25.729 	-48.835 	-0.087 	-0.102 	0.027 	
143.665 	24.257 	44.395 	-0.124 	0.241 	0.001 	
207.666 	-7.729 	33.595 	0.098 	-0.229 	0.043 	
192.115 	-29.617 	-43.364 	0.056 	-0.107 	0.033 	
171.666 	-32.485 	32.632 	0.160 	-0.029 	-0.012 	
106.440 	-13.126 	-19.279 	-0.166 	0.063 	-0.025 	
145.697 	16.053 	6.475 	0.125 	0.078 	-0.093 	
194.463 	-0.635 	-21.218 	-0.158 	-0.013 	-0.124 	
145.702 	21.029 	-16.952 	0.022 	0.158 	0.039 	
213.596 	69.247 	46.710 	0.182 	0.381 	0.392 	
112.212 	19.210 	51.602 	-0.028 	0.079 	0.011 	
137.898 	-18.672 	3.207 	0.151 	0.007 	-0.031 	
168.423 	-31.927 	-35.499 	-0.180 	-0.032 	-0.033 	
119.208 	16.315 	26.257 	0.045 	0.061 	0.067 	
151.100 	26.322 	2.613 	0.004 	0.035 	-0.195 	
90.700 	17.383 	-13.307 	-0.059 	0.035 	-0.065 	
134.060 	-25.611 	-29.969 	-0.212 	0.052 	-0.102 	
158.896 	-2.105 	-6.381 	-0.022 	-0.092 	-0.128 	
191.484 	-38.420 	19.907 	0.133 	-0.072 	-0.101 	
160.763 	27.502 	-6.119 	-0.141 	0.022 	0.182 	
215.804 	-40.026 	-22.734 	-0.037 	-0.099 	-0.146 	
176.331 	-37.288 	-19.558 	0.095 	-0.025 	-0.186 	
115.331 	-16.051 	27.320 	-0.008 	-0.102 	0.012 	
136.127 	13.797 	-0.955 	-0.062 	-0.096 	-0.010 	
186.717 	12.651 	29.871 	-0.067 	0.305 	0.054 	
119.239 	2.792 	-11.059 	-0.169 	0.195 	-0.095 	
155.574 	39.665 	-14.995 	-0.081 	-0.001 	-0.047 	
141.294 	47.765 	-47.730 	-0.024 	-0.008 	-0.107 	
136.989 	-12.555 	11.871 	-0.198 	-0.135 	0.013 	
154.249 	4.976 	20.746 	0.031 	0.099 	-0.148 	
206.554 	-41.224 	-31.803 	-0.034 	-0.206 	-0.077 	
160.572 	42.803 	33.969 	0.062 	0.077 	-0.028 	
178.430 	23.352 	-3.856 	-0.060 	0.135 	-0.086 	
155.528 	-10.159 	-4.272 	0.030 	-0.024 	0.050 	
176.254 	-2.623 	-25.148 	-0.045 	0.009 	0.050 	
181.754 	62.124 	3.111 	-0.072 	0.062 	0.088 	
122.134 	39.395 	-38.460 	-0.052 	0.043 	0.012 	
158.747 	-6.287 	-10.678 	-0.234 	-0.048 	0.027 	
144.620 	-3.868 	-28.473 	0.016 	0.012 	-0.155 	
125.285 	25.301 	-41.618 	-0.195 	0.246 	-0.035 	
116.032 	18.274 	-13.125 	0.033 	0.028 	0.007 	
196.033 	-31.985 	-6.279 	0.091 	0.081 	0.061 	
206.680 	23.045 	-14.952 	0.052 	0.204 	-0.055 	
151.950 	1.927 	-17.904 	-0.040 	0.044 	0.024 	
125.341 	-14.592 	38.582 	-0.167 	0.108 	-0.002 	
178.433 	-20.893 	25.221 	-0.147 	0.030 	0.016 	
141.645 	38.260 	32.616 	0.017 	-0.086 	0.044 	
149.498 	26.194 	6.300 	0.074 	-0.022 	0.129 	
228.690 	61.323 	-16.727 	0.098 	0.066 	-0.036 	
178.053 	10.545 	-10.723 	0.045 	-0.049 	-0.142 	
170.759 	-11.917 	-16.555 	-0.020 	-0.223 	-0.027 	
173.247 	-1.220 	-18.907 	-0.161 	-0.122 	0.025 	
152.928 	-8.290 	-28.953 	0.088 	0.069 	0.050 	
159.575 	-13.911 	-7.757 	-0.189 	-0.024 	-0.019 	
139.369 	-7.870 	-17.579 	-0.071 	-0.088 	-0.103 	
187.812 	-23.658 	-9.267 	-0.188 	-0.090 	-0.046 	
168.601 	-15.644 	42.847 	-0.167 	0.011 	0.179 	
135.389 	-24.359 	6.889 	-0.033 	-0.167 	0.132 	
170.310 	27.649 	-33.041 	0.198 	-0.004 	-0.057 	
162.335 	17.003 	7.301 	-0.003 	0.152 	-0.184 	
191.208 	35.227 	-9.046 	-0.064 	0.037 	0.045 	
113.195 	30.017 	-22.704 	0.010 	0.162 	-0.092 	
85.214 	-106.710 	-73.976 	-0.533 	-0.599 	-0.281 	
94.242 	-32.087 	5.284 	-0.014 	-0.119 	-0.008 	
180.564 	-51.098 	24.382 	0.023 	-0.085 	-0.081 	
165.531 	17.325 	-3.986 	-0.101 	0.089 	-0.014 	
212.169 	-44.052 	33.655 	-0.031 	-0.131 	0.087 	
125.382 	-9.563 	-0.269 	0.058 	-0.059 	0.133 	
139.024 	-37.925 	11.168 	-0.156 	-0.068 	-0.035 	
173.838 	-15.577 	4.365 	-0.234 	-0.005 	-0.001 	
172.544 	-14.488 	22.398 	0.131 	-0.194 	0.062 	
163.086 	-6.058 	2.565 	-0.241 	-0.025 	0.003 	
151.878 	-14.657 	-10.366 	-0.085 	-0.022 	0.043 	
152.472 	-21.103 	-7.054 	-0.117 	-0.052 	0.188 	
180.308 	6.157 	37.825 	0.152 	-0.169 	0.074 	
81.756 	-17.922 	36.659 	-0.120 	-0.170 	0.096 	
145.056 	10.762 	-6.797 	0.147 	0.042 	-0.013 	
122.355 	39.500 	54.166 	-0.169 	-0.032 	0.051 	
136.928 	7.344 	15.886 	0.132 	0.031 	0.008 	
163.069 	20.142 	22.325 	0.154 	0.126 	0.076 	
183.413 	-19.483 	36.984 	0.105 	0.060 	0.126 	
133.387 	-46.959 	-61.321 	-0.186 	-0.021 	-0.072 	
109.494 	18.812 	8.424 	-0.006 	0.103 	0.135 	
192.575 	-22.135 	12.438 	-0.025 	-0.096 	0.067 	
195.091 	-20.262 	18.182 	0.102 	-0.239 	0.100 	
143.453 	-15.698 	10.350 	-0.138 	0.162 	0.049 	
197.637 	-36.090 	9.808 	-0.032 	-0.160 	-0.133 	
178.018 	-27.343 	-27.920 	-0.228 	0.042 	0.048 	
204.336 	-38.581 	-2.143 	0.109 	-0.081 	0.021 	
209.811 	13.555 	30.905 	-0.075 	0.087 	0.142 	
112.470 	18.352 	22.796 	-0.131 	0.114 	0.202 	
171.572 	-31.423 	12.796 	0.158 	0.021 	0.173 	
108.762 	29.064 	38.924 	-0.059 	0.103 	-0.021 	
197.880 	3.996 	30.946 	0.170 	0.137 	0.063 	
129.961 	14.723 	27.380 	-0.083 	0.227 	0.085 	
130.535 	7.274 	43.952 	-0.191 	-0.166 	0.065 	
167.571 	-35.096 	-1.435 	0.154 	0.038 	-0.126 	
138.071 	-10.542 	-12.047 	-0.035 	-0.064 	0.192 	
137.878 	19.651 	42.561 	-0.186 	0.132 	0.013 	
211.769 	-55.920 	-37.662 	0.113 	-0.071 	-0.049 	
103.260 	-33.869 	31.862 	-0.170 	-0.211 	0.693 	
152.712 	-12.402 	-5.518 	-0.350 	-0.043 	0.068 	
133.609 	31.046 	-31.202 	0.014 	0.033 	-0.099 	
120.318 	-23.438 	12.908 	-0.137 	-0.143 	0.163 	
133.253 	22.575 	-52.881 	-0.065 	-0.035 	-0.003 	
154.151 	-0.392 	17.290 	0.027 	-0.130 	0.168 	
169.181 	-45.330 	-28.661 	-0.063 	-0.059 	-0.005 	
88.244 	36.108 	3.419 	-0.077 	0.023 	-0.040 	
166.256 	1.469 	-2.994 	0.096 	0.154 	-0.115 	
117.044 	26.940 	17.890 	-0.019 	-0.080 	0.120 	
194.117 	-17.868 	26.194 	-0.123 	-0.129 	-0.002 	
111.512 	36.233 	-21.634 	0.002 	-0.017 	-0.089 	
123.228 	10.117 	29.819 	-0.122 	-0.038 	0.082 	
189.929 	-29.627 	11.399 	-0.032 	-0.024 	0.139 	
113.553 	35.102 	33.077 	-0.176 	0.112 	-0.070 	
120.337 	15.565 	-7.280 	-0.036 	-0.048 	0.140 	
137.015 	1.171 	2.421 	0.084 	-0.153 	0.006 	
131.581 	-9.471 	6.675 	-0.033 	-0.195 	0.165 	
147.931 	-19.681 	-11.258 	0.150 	-0.057 	0.048 	
98.076 	-54.752 	33.929 	-0.159 	-0.069 	0.077 	
154.218 	-7.600 	-11.233 	-0.208 	-0.025 	-0.058 	
160.140 	-27.347 	-13.252 	0.085 	-0.217 	0.091 	
134.396 	-14.728 	-23.709 	-0.111 	-0.076 	-0.241 	
173.071 	-16.689 	-20.172 	0.080 	-0.021 	0.079 	
200.733 	-5.910 	18.595 	0.005 	0.012 	-0.095 	
198.970 	6.247 	6.592 	-0.013 	0.028 	0.111 	
163.947 	-4.330 	-42.476 	0.063 	-0.193 	-0.007 	
195.332 	-11.285 	18.059 	-0.051 	-0.063 	0.131 	
153.984 	-26.262 	-35.305 	-0.132 	-0.055 	-0.109 	
165.828 	34.331 	26.082 	-0.132 	0.061 	0.218 	
161.486 	45.875 	3.973 	-0.084 	-0.026 	0.112 	
168.335 	8.101 	28.191 	0.023 	0.040 	0.097 	
161.053 	-41.920 	33.011 	-0.127 	0.055 	0.018 	
131.762 	12.759 	26.267 	-0.063 	0.171 	0.000 	
192.413 	6.359 	-23.240 	0.102 	0.125 	0.060 	
75.228 	2.753 	-13.087 	-0.181 	-0.088 	-0.085 	
139.627 	6.882 	20.586 	-0.072 	-0.162 	-0.004 	
199.880 	58.898 	-25.697 	0.126 	0.098 	0.107 	
90.233 	-6.852 	33.982 	-0.102 	-0.143 	0.031 	
79.534 	-54.363 	-27.920 	-0.161 	-0.025 	-0.088 	
166.616 	-50.469 	27.065 	0.009 	-0.021 	0.211 	
162.923 	17.044 	36.085 	-0.114 	-0.130 	0.033 	
128.118 	-51.977 	4.365 	-0.204 	0.001 	-0.071 	
198.123 	20.374 	-34.398 	0.070 	0.064 	0.033 	
160.523 	8.414 	50.956 	-0.118 	0.140 	-0.010 	
139.107 	-14.991 	10.373 	0.047 	-0.065 	0.122 	
155.211 	-5.333 	39.579 	0.128 	-0.030 	0.138 	
191.231 	0.652 	3.912 	-0.075 	0.113 	-0.012 	
162.014 	47.418 	45.851 	0.174 	0.056 	0.077 	
160.290 	42.048 	23.678 	-0.145 	0.027 	0.095 	
104.128 	-8.248 	11.721 	-0.040 	-0.149 	0.059 	
210.276 	20.867 	-16.586 	-0.013 	-0.004 	-0.109 	
101.464 	-21.997 	-25.055 	-0.032 	-0.043 	-0.018 	
