## Las primeras 200 lineas corresponden a la esfera 1 
##las siguienets 300 lineas a la esfera 2
## Las primeras tres columnas corresponden a la posición en 'x', 'y' y 'z', las siguientes tres a las velocidades
35.316 	21.860 	7.952 	-24.868 	65.338 	52.518 	
-19.760 	6.375 	10.175 	0.300 	-0.505 	-2.116 	
-21.673 	8.559 	39.719 	-1.851 	-4.671 	-1.715 	
36.596 	-17.315 	-1.269 	-1.361 	6.435 	-2.433 	
-37.670 	-1.085 	-27.758 	2.228 	0.269 	3.266 	
-60.411 	6.602 	27.542 	-16.927 	14.536 	24.815 	
-1.772 	-11.053 	19.018 	0.050 	0.683 	-3.639 	
-2.161 	-37.372 	-25.700 	0.959 	2.694 	1.786 	
13.742 	-29.578 	0.412 	0.894 	1.959 	0.992 	
17.186 	1.543 	-23.923 	-0.087 	-0.169 	2.982 	
20.683 	-8.384 	4.806 	0.680 	0.391 	-0.993 	
-17.027 	0.534 	-12.687 	0.728 	0.206 	0.802 	
-43.818 	-7.080 	-4.963 	2.051 	-9.888 	-5.231 	
47.352 	-7.195 	1.635 	-0.467 	2.412 	-0.685 	
4.647 	29.912 	-18.209 	0.302 	-2.283 	0.898 	
13.925 	-39.343 	-2.962 	0.243 	4.155 	0.642 	
25.981 	20.436 	15.594 	7.215 	10.178 	24.213 	
14.007 	40.282 	21.366 	0.175 	-2.230 	-1.265 	
38.575 	-23.017 	11.732 	-0.205 	2.836 	-1.848 	
45.771 	12.908 	5.443 	-2.786 	-4.779 	-0.436 	
-12.386 	-43.265 	-17.879 	1.180 	2.419 	0.922 	
21.100 	9.714 	29.712 	0.476 	-1.098 	-2.790 	
5.985 	-35.269 	23.859 	1.120 	1.920 	-1.906 	
-24.452 	-31.348 	26.569 	1.505 	2.155 	-1.122 	
-25.480 	31.645 	6.761 	23.027 	101.863 	-0.371 	
-37.620 	-18.821 	4.947 	2.953 	1.750 	-0.738 	
-26.948 	-13.393 	-5.671 	-0.340 	0.690 	-1.592 	
29.923 	33.999 	-10.899 	-0.180 	-3.596 	0.561 	
-22.057 	4.460 	0.770 	0.601 	0.066 	-0.392 	
-28.243 	-14.385 	-8.385 	2.260 	1.665 	2.318 	
-9.418 	-23.864 	7.539 	1.394 	1.732 	-0.998 	
27.527 	21.008 	-10.326 	0.103 	-1.969 	0.805 	
3.177 	3.033 	-13.716 	1.793 	-0.459 	0.549 	
-46.782 	0.170 	-2.970 	6.378 	-1.052 	-0.858 	
8.553 	26.076 	-35.001 	0.772 	-1.852 	2.393 	
-40.072 	-25.491 	-2.779 	2.482 	2.807 	-0.839 	
10.316 	-17.249 	43.285 	0.165 	0.860 	-2.545 	
-45.822 	-4.202 	8.679 	1.689 	0.461 	2.140 	
36.773 	-11.562 	-2.345 	-0.395 	-0.128 	-1.304 	
14.107 	5.332 	-6.957 	0.771 	-0.744 	-0.166 	
-5.112 	45.289 	6.759 	0.861 	-2.747 	-0.831 	
-11.285 	-25.308 	25.878 	0.939 	1.589 	-1.376 	
45.068 	0.338 	-3.586 	-5.329 	-0.017 	-4.176 	
46.167 	8.955 	3.661 	-2.479 	-0.798 	0.368 	
-29.555 	1.183 	-22.199 	1.468 	-0.761 	3.010 	
-24.732 	-23.250 	-14.479 	1.679 	3.762 	1.879 	
38.242 	14.714 	-11.471 	-1.909 	-4.888 	0.753 	
-3.106 	-5.926 	4.564 	1.487 	-0.421 	0.353 	
-24.501 	9.288 	4.302 	1.152 	-1.904 	-0.820 	
-5.417 	-38.195 	2.762 	1.706 	2.025 	0.062 	
-12.729 	11.996 	26.185 	0.954 	-0.956 	-1.575 	
38.344 	-9.973 	18.857 	-0.710 	0.872 	-2.406 	
-22.578 	33.528 	12.286 	1.608 	-2.342 	-0.545 	
-39.042 	10.710 	-16.744 	1.734 	-0.797 	4.573 	
23.453 	20.168 	-2.633 	1.521 	6.613 	3.846 	
-12.952 	37.298 	-17.775 	0.845 	-2.553 	1.133 	
-34.858 	13.542 	18.173 	2.105 	-1.240 	-2.326 	
90.251 	-85.089 	-44.448 	216.871 	-177.008 	-101.587 	
16.509 	-24.341 	-15.746 	-0.677 	2.374 	1.917 	
-4.772 	11.008 	36.613 	0.354 	-0.807 	-1.933 	
36.203 	-15.551 	-1.851 	2.172 	0.489 	0.329 	
-14.778 	6.599 	-5.722 	-0.007 	-1.252 	-0.213 	
40.736 	-22.899 	-2.527 	-1.848 	3.908 	0.289 	
5.891 	-44.916 	6.093 	-0.085 	4.220 	-1.417 	
-45.001 	1.811 	-13.094 	3.629 	-0.067 	2.121 	
-29.651 	-14.569 	-14.387 	24.655 	-13.868 	-30.639 	
-44.885 	3.102 	13.638 	2.923 	-1.235 	-2.309 	
18.402 	-38.381 	16.524 	-1.283 	2.301 	-2.982 	
-43.335 	-10.998 	9.552 	2.763 	2.179 	-2.160 	
-4.022 	46.993 	-9.340 	0.403 	-2.654 	0.665 	
-26.094 	25.715 	21.770 	1.535 	-1.565 	-1.754 	
-40.096 	-24.103 	-8.467 	2.739 	2.174 	1.310 	
15.952 	-33.303 	-3.804 	-0.490 	2.947 	1.548 	
25.120 	0.110 	-11.106 	0.502 	-0.487 	1.177 	
49.410 	1.363 	-0.345 	1.724 	2.094 	2.442 	
4.204 	-22.721 	-38.946 	0.939 	1.422 	2.447 	
16.878 	-39.315 	13.385 	0.630 	3.254 	0.295 	
-7.466 	-8.334 	41.229 	1.469 	0.341 	-3.407 	
27.144 	-22.002 	24.658 	-0.702 	2.097 	-2.419 	
-22.082 	9.879 	-9.848 	0.871 	-1.918 	1.028 	
36.856 	20.179 	-0.522 	-0.788 	-3.274 	0.017 	
41.968 	-9.987 	-14.345 	-1.234 	1.746 	3.270 	
23.381 	-17.428 	-3.913 	0.532 	1.563 	0.086 	
19.464 	-11.937 	-22.254 	0.050 	0.667 	2.605 	
-19.974 	-18.706 	35.311 	2.172 	0.228 	-2.216 	
-32.129 	-21.337 	-22.225 	1.470 	0.631 	2.916 	
-11.198 	16.279 	40.376 	0.909 	-1.602 	-2.402 	
46.536 	0.002 	-6.597 	-5.755 	-2.580 	2.063 	
-26.018 	-0.413 	-8.446 	1.372 	0.036 	0.518 	
-28.555 	17.309 	-9.246 	0.933 	-1.912 	1.341 	
3.546 	-42.129 	4.053 	1.669 	2.047 	0.543 	
15.023 	-22.074 	-10.822 	0.687 	1.379 	0.241 	
-3.319 	28.326 	-3.228 	0.970 	-1.739 	0.248 	
-19.534 	33.830 	-19.757 	1.891 	-1.826 	1.387 	
13.058 	-28.375 	4.633 	-0.170 	2.054 	-2.193 	
-32.050 	-4.060 	-19.424 	1.890 	1.264 	1.802 	
-30.260 	21.851 	-6.461 	1.880 	-3.496 	0.076 	
-30.624 	-11.902 	-0.227 	1.528 	1.203 	-1.422 	
-45.771 	-3.275 	-5.687 	5.432 	1.470 	3.511 	
23.332 	16.599 	-4.101 	0.898 	-10.764 	-3.352 	
-3.623 	29.897 	-19.584 	1.284 	-1.811 	1.486 	
34.833 	-12.867 	-28.696 	-0.843 	0.810 	2.893 	
0.401 	37.637 	1.904 	0.137 	-2.648 	-0.076 	
0.980 	-30.175 	-22.880 	1.229 	1.906 	1.497 	
-89.464 	252.299 	233.095 	-39.675 	224.053 	228.869 	
-36.233 	0.144 	14.761 	1.463 	-0.046 	-2.789 	
37.792 	-14.849 	-7.482 	-1.007 	2.733 	2.856 	
21.063 	-31.143 	2.693 	-1.556 	2.703 	-0.813 	
23.256 	19.867 	-30.573 	-3.551 	-5.251 	-3.683 	
-32.973 	17.181 	-29.500 	1.599 	-1.574 	2.247 	
-13.860 	3.819 	-27.310 	1.378 	-1.161 	3.109 	
45.331 	-0.498 	-8.246 	-1.405 	3.337 	1.905 	
33.793 	17.346 	16.712 	-0.309 	0.304 	-1.926 	
23.918 	20.621 	-29.411 	3.135 	1.933 	8.032 	
7.077 	-6.331 	-11.809 	1.495 	0.461 	0.538 	
-14.838 	-19.028 	-9.177 	0.297 	1.694 	0.420 	
20.973 	17.347 	-38.622 	0.181 	-0.778 	3.376 	
-17.626 	33.244 	18.145 	0.515 	-2.142 	-1.626 	
12.131 	36.308 	-28.252 	0.301 	-2.580 	1.546 	
53.695 	-24.485 	-25.998 	27.056 	-65.237 	-43.962 	
-17.194 	-16.629 	-28.360 	1.473 	1.111 	2.151 	
-3.459 	32.564 	7.355 	0.952 	-1.766 	-1.340 	
15.623 	-34.627 	24.989 	0.141 	1.792 	-2.522 	
37.549 	12.645 	-11.959 	0.928 	1.124 	2.618 	
43.177 	10.844 	8.176 	-2.874 	-0.982 	-5.512 	
36.044 	-28.843 	-9.036 	-0.522 	3.258 	1.165 	
-10.926 	-16.813 	-33.071 	0.696 	0.958 	2.706 	
33.118 	4.205 	18.097 	-0.346 	-0.321 	-2.312 	
1.233 	-11.827 	-41.177 	1.046 	0.074 	2.633 	
-146.868 	108.781 	66.294 	-214.964 	175.679 	99.826 	
34.700 	-6.541 	-7.698 	2.104 	0.301 	3.049 	
22.343 	-15.572 	25.834 	0.015 	0.695 	-3.526 	
15.795 	14.638 	17.266 	1.389 	-2.284 	-3.226 	
31.822 	23.756 	-14.256 	-1.275 	-2.918 	1.986 	
28.462 	-4.743 	22.284 	-0.001 	0.385 	-2.409 	
-20.935 	9.475 	39.618 	5.138 	3.875 	-2.484 	
35.825 	6.584 	32.222 	-0.687 	-0.633 	-2.667 	
-46.292 	6.011 	-3.436 	5.279 	-2.723 	-1.308 	
-4.299 	-12.405 	-0.606 	1.438 	1.425 	0.243 	
-0.452 	-241.705 	-270.674 	41.102 	-224.423 	-228.424 	
-35.532 	13.332 	-3.322 	1.565 	-2.191 	-0.252 	
43.638 	-18.724 	10.916 	-1.403 	1.689 	-1.950 	
10.245 	13.106 	-18.897 	0.281 	-2.051 	4.341 	
9.305 	0.877 	-19.181 	0.628 	0.191 	2.412 	
26.875 	17.018 	3.049 	-0.044 	-1.606 	-0.712 	
14.031 	-3.355 	24.281 	0.948 	0.305 	-2.405 	
-8.419 	-44.910 	7.600 	1.600 	2.744 	-0.958 	
26.432 	6.449 	38.092 	0.061 	-0.353 	-3.160 	
43.863 	4.827 	8.442 	-0.936 	1.004 	-3.119 	
-34.025 	24.068 	8.751 	2.084 	-2.248 	-0.895 	
0.331 	0.738 	39.089 	0.355 	-0.433 	-2.448 	
-30.732 	-23.684 	7.360 	1.061 	2.351 	-1.365 	
23.593 	24.827 	-14.629 	1.168 	-3.004 	1.809 	
-3.695 	-10.819 	15.938 	2.087 	0.415 	-0.410 	
9.347 	-26.026 	5.729 	2.313 	0.717 	-1.706 	
48.449 	-16.118 	7.014 	-2.505 	-11.804 	5.287 	
-43.907 	5.929 	-5.653 	1.406 	-1.864 	1.965 	
4.636 	17.852 	4.182 	1.076 	-1.689 	-0.606 	
-22.390 	3.439 	-20.063 	0.926 	-1.005 	2.376 	
10.520 	13.345 	-15.926 	0.253 	-2.611 	-1.262 	
-39.122 	11.712 	-14.673 	2.589 	-3.638 	-1.163 	
-26.165 	-23.639 	30.213 	2.025 	1.054 	-1.596 	
20.300 	-17.010 	20.814 	0.793 	1.254 	-1.016 	
-26.524 	-32.418 	-17.469 	1.476 	3.024 	1.119 	
18.148 	5.496 	20.532 	0.505 	-0.372 	-2.277 	
29.747 	-12.038 	-16.886 	-0.084 	1.235 	2.422 	
-3.309 	-5.802 	3.792 	0.513 	-0.250 	-2.257 	
-14.668 	42.422 	-3.963 	1.572 	-2.419 	0.013 	
5.370 	16.504 	-33.405 	1.110 	-0.799 	2.635 	
45.466 	6.992 	-14.250 	-1.154 	-1.652 	3.519 	
-11.384 	1.214 	-17.766 	0.259 	-0.283 	1.648 	
-41.882 	11.526 	-0.211 	2.922 	-2.493 	-1.388 	
41.752 	11.397 	7.101 	3.433 	-2.867 	0.434 	
24.150 	17.035 	8.571 	-6.001 	-15.198 	-27.513 	
38.226 	0.560 	2.055 	1.048 	-0.258 	-1.381 	
23.515 	-17.696 	-32.691 	-0.344 	1.028 	2.773 	
12.877 	4.242 	13.175 	1.307 	-0.129 	-1.022 	
-4.702 	-8.870 	36.332 	0.447 	0.679 	-1.366 	
-8.153 	0.200 	-26.540 	0.256 	0.162 	2.859 	
9.814 	-26.587 	-23.529 	-6.902 	1.675 	0.034 	
9.424 	-14.631 	-42.589 	-0.076 	0.453 	2.986 	
33.982 	18.559 	17.041 	-1.045 	-4.674 	-3.178 	
-40.980 	-39.949 	5.825 	-21.082 	-100.896 	-2.934 	
32.995 	13.442 	-24.878 	-0.698 	-0.794 	2.789 	
-14.381 	-20.752 	35.822 	0.267 	1.398 	-2.406 	
36.932 	-6.098 	-5.081 	-0.251 	-0.414 	-0.631 	
14.315 	-29.125 	-34.926 	-0.219 	1.958 	2.609 	
1.561 	-21.180 	-12.518 	1.324 	1.613 	0.893 	
6.334 	-14.947 	4.211 	0.602 	0.770 	-0.887 	
-44.353 	0.178 	-2.069 	-0.259 	12.911 	3.537 	
12.836 	-9.270 	-13.660 	0.182 	0.840 	1.155 	
-44.396 	-14.232 	-9.799 	3.311 	1.742 	1.295 	
7.292 	9.173 	-17.604 	2.190 	-0.405 	1.558 	
-41.454 	4.378 	-20.758 	2.685 	-0.275 	2.994 	
47.286 	8.642 	-10.950 	-3.590 	7.959 	-10.107 	
5.648 	32.801 	27.458 	0.687 	-1.804 	-1.722 	
16.174 	13.173 	13.025 	1.175 	-1.047 	-0.132 	
12.776 	-26.453 	-22.663 	7.751 	2.447 	4.393 	
-34.734 	-24.801 	-19.593 	2.980 	2.701 	1.478 	
-23.298 	-20.468 	-12.828 	0.144 	0.577 	0.299 	
92.821 	5.327 	-10.771 	-0.734 	-0.084 	1.467 	
127.043 	-37.765 	14.771 	0.205 	0.945 	0.221 	
83.358 	-10.625 	4.074 	1.437 	2.704 	-4.022 	
144.784 	-21.164 	-7.680 	-0.224 	0.730 	0.448 	
132.123 	-44.293 	21.021 	-0.407 	1.301 	-1.042 	
101.692 	31.536 	25.441 	0.555 	-1.829 	-1.504 	
120.060 	25.964 	-47.088 	0.278 	-1.220 	1.761 	
199.644 	-0.944 	49.697 	-3.731 	4.190 	14.646 	
94.480 	-3.904 	-28.331 	0.375 	0.054 	2.334 	
91.378 	-6.961 	-19.693 	3.674 	-38.806 	-3.144 	
184.697 	30.572 	-17.729 	-0.785 	-2.180 	0.922 	
128.163 	10.955 	-29.527 	-0.329 	-0.271 	1.021 	
171.714 	-23.873 	-15.591 	-0.328 	0.957 	0.998 	
147.696 	-36.896 	-21.918 	-0.414 	1.429 	0.973 	
147.676 	-34.130 	-51.330 	-1.925 	1.249 	2.292 	
161.792 	40.185 	44.047 	-0.362 	-1.374 	-1.425 	
119.489 	-21.059 	27.997 	0.903 	0.657 	-0.850 	
177.169 	-42.330 	-1.673 	-0.261 	3.178 	3.275 	
188.910 	-17.211 	-28.034 	-0.603 	0.931 	1.297 	
147.432 	49.816 	1.164 	-0.059 	-1.472 	-0.310 	
202.142 	-5.992 	28.870 	0.248 	-3.828 	-18.142 	
176.997 	18.678 	38.062 	-0.731 	-0.989 	-1.643 	
197.113 	11.657 	-19.978 	-2.064 	1.242 	0.590 	
204.962 	21.224 	22.195 	-2.446 	-0.797 	-1.848 	
213.086 	-20.613 	-0.870 	-1.573 	6.049 	0.051 	
149.384 	5.314 	52.149 	2.137 	-1.546 	1.633 	
127.109 	7.853 	-48.433 	-0.307 	-0.108 	1.326 	
210.559 	-13.860 	-18.171 	-2.685 	0.966 	1.404 	
204.543 	23.631 	8.885 	-2.619 	-2.540 	0.607 	
99.413 	-16.798 	-41.564 	0.110 	1.071 	2.161 	
107.974 	44.171 	-4.525 	0.243 	-2.427 	0.543 	
180.356 	54.469 	-16.832 	-1.103 	-1.821 	0.498 	
-287.275 	-13.898 	-2882.547 	-510.073 	9.006 	-3862.756 	
175.637 	-8.684 	42.396 	-0.857 	0.449 	-1.892 	
131.280 	21.905 	25.174 	-0.085 	-0.626 	-1.016 	
106.148 	33.459 	38.517 	0.504 	-1.566 	-2.057 	
68.208 	14.747 	141.251 	-16.787 	-2.075 	163.759 	
135.292 	-28.503 	50.724 	0.036 	1.195 	-1.809 	
183.134 	-10.530 	2.897 	-0.072 	-1.389 	-0.584 	
161.550 	46.740 	-36.324 	-0.463 	-1.331 	1.338 	
203.871 	20.256 	11.116 	-1.784 	0.487 	-1.008 	
141.006 	-50.377 	41.141 	-0.517 	1.884 	-1.408 	
117.765 	9.418 	59.662 	0.407 	-0.379 	-2.358 	
141.609 	7.158 	-61.531 	0.095 	-0.003 	2.680 	
166.995 	-8.829 	50.158 	-0.160 	-0.143 	-2.403 	
145.063 	10.820 	-53.967 	0.570 	-0.655 	1.300 	
154.950 	14.422 	-16.894 	0.487 	-0.162 	1.073 	
86.192 	16.870 	19.258 	0.911 	-1.337 	-2.041 	
136.672 	34.328 	-30.087 	-0.489 	-0.940 	0.644 	
141.458 	-38.366 	20.207 	-0.606 	1.082 	-0.804 	
142.191 	-19.676 	58.128 	-0.255 	0.459 	-2.278 	
180.810 	-23.208 	6.832 	-0.550 	1.712 	-0.641 	
186.779 	47.276 	2.348 	-0.691 	-1.840 	-0.136 	
178.587 	4.415 	-41.796 	-0.978 	0.051 	1.861 	
84.349 	-7.255 	11.808 	0.217 	-0.550 	0.488 	
88.576 	21.356 	13.196 	1.058 	-2.284 	-1.434 	
117.396 	-47.042 	12.800 	0.419 	2.133 	-0.067 	
175.540 	2.553 	31.581 	-0.565 	-0.662 	-0.652 	
201.014 	20.735 	-22.881 	-4.124 	0.426 	3.324 	
195.981 	19.077 	-23.500 	-0.027 	-0.807 	2.522 	
195.971 	-7.994 	-29.757 	-1.113 	0.356 	1.643 	
151.290 	52.250 	-23.963 	-0.697 	-1.277 	0.765 	
152.095 	15.958 	-51.908 	-0.641 	-1.334 	1.292 	
160.352 	48.037 	-14.094 	-0.747 	-1.361 	0.349 	
100.455 	21.361 	11.520 	-2.619 	-9.499 	13.030 	
165.102 	23.261 	-10.679 	0.310 	-0.514 	-0.210 	
156.127 	-28.057 	-6.086 	-0.212 	0.801 	0.716 	
109.397 	-8.853 	-3.943 	-1.011 	0.853 	0.015 	
142.023 	-0.376 	17.366 	0.217 	-0.086 	-0.077 	
116.995 	12.606 	-56.772 	0.606 	-0.590 	2.394 	
96.234 	-14.531 	23.322 	-0.299 	1.200 	-2.330 	
102.362 	-31.819 	2.698 	-0.741 	1.634 	0.355 	
172.673 	-37.605 	36.376 	0.421 	1.868 	-1.421 	
84.163 	8.728 	-9.216 	9.859 	-30.022 	18.710 	
107.370 	39.550 	6.153 	0.577 	-3.040 	-0.272 	
123.668 	-11.602 	50.016 	0.281 	0.712 	-2.225 	
148.700 	22.975 	-1.833 	-0.340 	-1.321 	-0.000 	
149.918 	49.142 	-45.460 	-0.239 	-1.444 	1.624 	
142.313 	-46.241 	12.095 	-0.533 	1.831 	-0.030 	
127.474 	19.260 	-56.404 	-0.195 	-0.876 	2.072 	
92.528 	-12.200 	8.359 	-1.996 	0.950 	-1.678 	
180.702 	-42.784 	-6.152 	14.256 	-1.018 	-16.003 	
208.004 	-22.441 	3.749 	-0.165 	2.151 	-0.315 	
121.651 	-27.815 	-54.816 	-0.322 	0.838 	2.376 	
165.476 	-14.869 	35.625 	-0.049 	0.229 	-0.833 	
133.480 	-25.475 	-42.861 	-0.201 	0.962 	1.662 	
201.348 	14.852 	-5.256 	-1.584 	-0.742 	-0.003 	
112.300 	20.705 	-10.043 	-1.798 	-1.080 	-0.057 	
141.514 	-52.463 	-3.297 	2.826 	7.338 	-34.645 	
186.876 	16.871 	-17.556 	-0.296 	-0.851 	-0.022 	
190.991 	-43.129 	8.806 	-0.844 	2.899 	-0.740 	
148.774 	-11.766 	22.182 	-0.505 	0.853 	-0.689 	
161.774 	10.660 	0.702 	-0.458 	-0.056 	-0.231 	
179.897 	-15.163 	-42.764 	-0.828 	0.824 	1.854 	
132.240 	58.100 	-26.623 	1.409 	-1.929 	2.663 	
157.351 	57.000 	5.264 	-0.551 	-2.158 	-0.689 	
199.348 	28.058 	-29.249 	-1.444 	-2.368 	1.659 	
81.422 	5.202 	2.344 	1.994 	-0.452 	-1.225 	
179.193 	-36.755 	31.689 	-0.737 	1.663 	-0.557 	
86.919 	-14.535 	-13.053 	1.596 	2.328 	0.972 	
202.752 	10.212 	1.913 	-1.599 	-0.325 	-0.450 	
180.216 	15.292 	-17.190 	0.378 	0.016 	0.617 	
129.286 	36.274 	29.677 	-1.192 	-2.493 	-1.276 	
200.303 	31.371 	23.395 	-1.412 	-2.130 	-1.611 	
194.002 	-7.653 	41.764 	-0.604 	0.065 	-2.255 	
134.130 	-45.184 	39.898 	0.273 	1.300 	-1.387 	
204.597 	-8.003 	-10.551 	-1.568 	-0.002 	0.763 	
112.968 	-9.476 	55.287 	-8.440 	-26.581 	22.915 	
175.640 	-42.384 	-0.675 	-15.921 	3.581 	19.379 	
139.182 	-57.826 	-25.993 	-0.198 	1.882 	0.886 	
179.561 	3.164 	46.893 	-1.034 	-0.999 	-2.318 	
202.614 	-5.628 	6.837 	-1.018 	-0.413 	-0.269 	
203.342 	-8.963 	-20.461 	-1.391 	0.382 	1.554 	
123.946 	-16.362 	-23.913 	-0.278 	0.937 	0.778 	
156.014 	64.115 	19.398 	-0.294 	-1.957 	-0.754 	
217.069 	-2.610 	2.438 	-0.746 	-3.100 	3.915 	
217.465 	-3.285 	3.569 	-4.673 	2.446 	-4.699 	
120.347 	-32.882 	28.674 	0.560 	1.933 	-1.032 	
170.104 	59.481 	22.079 	-0.910 	-1.732 	-0.954 	
146.625 	14.157 	19.118 	-0.773 	-1.030 	0.035 	
173.803 	40.557 	45.014 	-0.851 	-1.251 	-1.438 	
126.586 	37.318 	-35.129 	0.924 	-1.622 	0.871 	
182.238 	-16.897 	3.359 	0.561 	0.722 	-0.712 	
187.285 	-16.970 	-1.063 	-4.376 	1.061 	-0.737 	
189.271 	-13.982 	14.595 	-0.849 	0.249 	-1.030 	
81.296 	3.722 	-2.832 	1.954 	-0.196 	1.760 	
217.975 	0.671 	-5.245 	-3.155 	-0.646 	0.585 	
97.658 	-35.237 	6.283 	0.816 	2.718 	-0.540 	
112.312 	19.921 	23.731 	-0.051 	-0.757 	-1.132 	
172.848 	-48.669 	31.025 	-0.372 	2.615 	-0.904 	
174.574 	-2.458 	39.651 	-0.472 	-0.826 	-1.216 	
86.335 	-15.670 	4.215 	6.099 	2.474 	5.414 	
200.049 	22.660 	-20.613 	-1.385 	-4.578 	2.025 	
112.890 	15.796 	-44.192 	0.572 	-0.639 	1.523 	
169.668 	-20.855 	47.875 	-1.063 	-0.062 	-2.487 	
139.538 	-8.926 	35.819 	-0.655 	0.346 	-1.519 	
135.313 	58.029 	-23.878 	-0.430 	-1.669 	0.096 	
186.499 	-36.433 	36.057 	-1.811 	-14.753 	3.000 	
96.152 	24.318 	-4.883 	0.471 	-2.141 	0.503 	
105.900 	31.372 	-24.712 	0.575 	-0.716 	0.849 	
214.698 	-1.426 	15.057 	-2.357 	-1.456 	0.599 	
131.150 	-7.185 	-54.835 	0.015 	0.511 	1.935 	
195.550 	31.041 	-40.459 	-1.021 	-1.450 	2.076 	
111.682 	32.504 	8.779 	-2.037 	-2.330 	0.615 	
177.104 	-33.128 	41.339 	-0.826 	1.132 	-2.446 	
106.804 	-22.491 	-11.219 	-0.545 	1.719 	0.920 	
192.272 	-19.850 	31.610 	-1.112 	0.897 	-0.535 	
160.369 	4.882 	-61.755 	-1.108 	-0.076 	2.423 	
109.333 	31.399 	10.758 	1.200 	-1.029 	-2.429 	
150.337 	4.884 	53.389 	-3.278 	0.863 	-5.576 	
157.769 	-34.156 	1.396 	-0.164 	1.440 	0.005 	
121.043 	14.746 	32.747 	9.275 	26.620 	-26.657 	
98.010 	-19.069 	-48.783 	20.081 	-8.890 	-68.521 	
151.898 	9.224 	-55.323 	-0.939 	0.185 	2.073 	
84.234 	11.607 	3.181 	3.526 	-0.723 	-3.783 	
141.546 	-52.407 	-3.650 	-3.029 	-3.336 	35.411 	
214.386 	-16.362 	2.436 	-2.943 	-2.493 	-2.955 	
100.173 	21.676 	-13.898 	0.242 	-1.681 	1.444 	
133.723 	-23.232 	-33.134 	-0.670 	0.910 	1.209 	
211.394 	12.288 	-21.988 	-2.795 	-0.496 	1.230 	
212.994 	1.851 	-26.425 	-2.306 	0.120 	1.703 	
94.144 	22.917 	8.944 	0.367 	-2.030 	-0.794 	
166.545 	-26.368 	50.207 	-0.013 	1.654 	-2.881 	
201.182 	0.098 	38.950 	-1.823 	-2.555 	-1.440 	
109.826 	-4.795 	-19.304 	56.519 	-39.027 	-49.072 	
185.868 	30.975 	36.642 	-1.090 	-1.312 	-1.420 	
124.900 	33.889 	30.182 	1.032 	-1.185 	-1.644 	
101.285 	17.418 	-170.377 	17.904 	0.765 	-163.126 	
86.152 	-21.385 	-1.931 	1.307 	3.990 	1.212 	
115.970 	-18.430 	-53.993 	0.412 	0.337 	1.986 	
121.826 	-8.262 	35.465 	0.362 	0.289 	-1.344 	
169.549 	23.196 	-43.289 	-0.847 	-0.888 	1.609 	
90.275 	-24.762 	-1.634 	-1.058 	3.729 	0.514 	
175.920 	9.647 	-33.237 	0.056 	-0.474 	0.996 	
186.038 	-143.653 	33.420 	-29.953 	-126.862 	36.351 	
131.503 	-19.672 	31.707 	-0.696 	1.184 	-2.024 	
214.259 	-17.896 	1.143 	-3.799 	1.533 	2.921 	
102.079 	9.131 	31.081 	0.246 	-0.083 	-1.910 	
188.833 	21.297 	15.249 	-0.244 	-0.983 	-0.671 	
135.203 	16.698 	-0.725 	-0.058 	-0.578 	0.141 	
201.166 	22.841 	-35.948 	-1.946 	-0.580 	2.512 	
107.603 	35.193 	-27.364 	0.010 	-2.814 	2.138 	
186.424 	-16.974 	-1.543 	1.832 	1.119 	2.940 	
108.647 	20.230 	-13.567 	-0.296 	-1.058 	1.894 	
162.026 	61.450 	-15.435 	-0.830 	-2.309 	0.359 	
87.834 	-11.667 	18.600 	0.128 	1.656 	-3.245 	
102.777 	29.683 	-2.529 	2.005 	6.200 	-13.619 	
105.909 	-39.347 	12.156 	0.104 	2.138 	-0.791 	
171.575 	49.323 	9.932 	-0.768 	-1.668 	-0.593 	
156.258 	18.066 	28.283 	-0.811 	-0.950 	-1.367 	
172.538 	-19.003 	-28.751 	-0.226 	0.845 	1.373 	
142.564 	-10.785 	-51.290 	-0.495 	0.654 	1.624 	
131.561 	-14.336 	-4.692 	-0.417 	0.739 	0.174 	
73.126 	-2.233 	43.707 	-17.994 	17.068 	71.760 	
200.432 	-14.447 	-4.201 	-1.167 	0.876 	0.433 	
130.659 	-16.446 	27.200 	-0.152 	0.067 	0.122 	
86.309 	55.806 	-11.174 	-2.327 	35.235 	6.323 	
175.173 	-35.683 	-35.978 	-0.677 	0.897 	0.926 	
139.101 	24.547 	54.962 	0.141 	-1.126 	-1.935 	
116.524 	17.230 	37.819 	0.288 	-0.831 	-1.842 	
84.279 	-7.337 	13.933 	1.130 	0.291 	-6.171 	
129.613 	-25.916 	-25.296 	-0.043 	1.636 	0.560 	
98.145 	12.458 	-27.745 	0.327 	-1.001 	2.503 	
186.495 	-29.230 	34.131 	-1.859 	17.596 	-5.659 	
172.633 	43.727 	-35.966 	-1.129 	-1.418 	1.209 	
170.828 	-59.413 	9.021 	-0.498 	2.431 	-0.304 	
201.483 	27.153 	-8.486 	-2.113 	-1.807 	-0.120 	
239.862 	96.850 	-33.190 	26.574 	125.996 	-33.558 	
174.110 	-44.810 	-35.896 	-0.636 	2.084 	1.033 	
171.276 	2.784 	-45.533 	0.153 	-0.011 	1.830 	
140.352 	59.965 	-21.694 	-0.996 	-2.687 	-0.243 	
132.166 	0.465 	41.339 	-0.306 	-0.242 	-1.820 	
200.420 	25.324 	16.744 	-1.199 	-1.823 	-0.960 	
83.123 	-1.110 	0.238 	0.210 	0.541 	0.252 	
146.070 	12.287 	-1.949 	-0.283 	0.103 	0.163 	
160.791 	-32.529 	25.545 	-0.045 	1.177 	-0.619 	
117.282 	2.557 	-54.670 	0.432 	0.353 	2.088 	
105.995 	-35.080 	36.387 	0.690 	1.426 	-1.624 	
193.760 	-39.548 	7.068 	-2.468 	1.017 	0.339 	
168.913 	27.061 	-12.245 	-0.550 	-2.302 	0.437 	
104.413 	-1.560 	-11.514 	-1.003 	0.533 	0.497 	
211.714 	4.261 	25.375 	-2.073 	-0.840 	-1.620 	
58.057 	28.671 	26.084 	-58.547 	33.995 	51.184 	
128.071 	56.136 	-20.607 	1.159 	-1.609 	-0.184 	
88.829 	-13.680 	2.076 	-3.699 	1.060 	0.132 	
86.051 	-15.275 	-19.265 	1.486 	1.973 	3.244 	
193.895 	17.118 	21.846 	-0.886 	-0.344 	-1.650 	
133.647 	45.110 	-5.946 	-0.109 	-1.746 	0.209 	
176.541 	24.853 	-14.147 	-0.733 	-1.249 	0.337 	
172.826 	-25.594 	10.050 	0.265 	0.945 	-0.681 	
124.330 	2.586 	9.671 	-0.436 	0.032 	-0.300 	
85.090 	-15.517 	-2.791 	-0.130 	-6.496 	2.293 	
122.272 	32.741 	-0.083 	-0.514 	-1.539 	0.250 	
114.231 	42.288 	22.686 	0.227 	-2.223 	-1.196 	
185.525 	-6.988 	-7.125 	-0.378 	-0.361 	0.851 	
182.971 	7.363 	-36.033 	-1.679 	-0.221 	1.549 	
162.453 	15.714 	-15.881 	-0.590 	-0.105 	0.938 	
148.844 	-2.824 	18.838 	-1.148 	0.195 	-0.361 	
135.986 	37.053 	8.557 	-0.352 	-1.463 	-0.331 	
158.957 	-40.260 	51.721 	-0.167 	1.575 	-1.721 	
205.167 	-22.903 	-15.434 	-1.486 	1.961 	1.266 	
153.283 	-2.034 	-55.281 	-0.510 	0.793 	1.771 	
199.699 	-17.053 	38.452 	-1.326 	1.209 	-2.451 	
132.931 	-11.361 	-22.435 	-0.746 	0.099 	0.690 	
82.119 	-7.082 	5.302 	0.491 	3.953 	2.044 	
143.600 	11.024 	24.032 	0.040 	-0.200 	-1.495 	
147.069 	24.463 	55.789 	-0.971 	-1.106 	-1.844 	
133.863 	12.594 	57.678 	-0.021 	-0.396 	-2.165 	
117.262 	-13.101 	-25.572 	0.378 	0.397 	1.370 	
176.602 	-37.155 	-46.040 	-0.841 	1.274 	1.893 	
109.854 	-42.721 	-10.291 	0.140 	2.142 	0.773 	
86.196 	14.849 	-5.695 	0.243 	-2.813 	0.615 	
186.822 	-18.651 	39.662 	-0.755 	0.502 	-2.055 	
129.257 	24.686 	43.014 	-0.187 	-1.192 	-1.924 	
90.851 	-12.474 	-16.211 	-1.360 	0.418 	2.024 	
193.513 	30.754 	-2.695 	-0.642 	-1.455 	0.491 	
477.701 	-26.042 	2910.091 	509.801 	-7.174 	3861.420 	
107.898 	9.058 	-6.411 	-1.093 	-0.316 	0.083 	
171.848 	-1.778 	-19.797 	-0.104 	0.407 	0.775 	
214.758 	-3.140 	18.037 	-2.594 	0.974 	-2.847 	
184.257 	-57.619 	-11.004 	-1.026 	2.056 	0.661 	
160.448 	26.817 	-50.012 	-0.422 	-1.184 	1.885 	
125.201 	-26.145 	31.856 	-0.016 	1.558 	-1.657 	
119.281 	-32.529 	-50.714 	0.604 	1.892 	1.087 	
192.239 	14.666 	-20.805 	0.011 	0.542 	1.243 	
101.307 	7.136 	-22.016 	-0.492 	-0.239 	1.743 	
166.499 	-24.002 	42.251 	0.207 	1.084 	-0.775 	
200.236 	22.139 	-18.318 	-2.368 	-0.653 	-3.296 	
215.730 	3.126 	-12.382 	-2.476 	-0.374 	1.332 	
209.434 	-19.666 	24.303 	-2.123 	1.055 	-1.319 	
195.207 	50.390 	3.768 	-1.607 	-2.091 	-0.415 	
126.340 	-43.958 	-31.763 	0.016 	1.690 	0.962 	
211.653 	-25.930 	13.879 	-1.871 	2.553 	-1.673 	
138.913 	29.462 	24.776 	-0.892 	-1.503 	-0.946 	
167.715 	19.942 	10.741 	-0.618 	-0.912 	-0.685 	
195.331 	33.704 	2.113 	-1.440 	-2.231 	-1.124 	
136.526 	54.109 	19.039 	-0.176 	-2.047 	-0.839 	
147.280 	59.720 	-29.287 	-0.695 	-2.233 	1.472 	
84.009 	-16.653 	-0.218 	-0.572 	-1.135 	-8.110 	
199.998 	-10.664 	-40.219 	-1.573 	0.488 	2.242 	
128.412 	-49.477 	19.099 	0.623 	2.642 	-0.162 	
203.099 	-12.617 	13.602 	-1.292 	0.517 	-1.121 	
177.893 	-1.499 	-48.526 	-1.151 	0.729 	2.565 	
89.732 	15.157 	28.495 	0.426 	-1.010 	-2.510 	
100.860 	-10.992 	-33.870 	-0.053 	0.571 	1.887 	
156.357 	54.218 	-3.696 	-0.622 	-1.891 	0.170 	
105.088 	2.990 	12.012 	-0.669 	-0.098 	-1.067 	
213.351 	-22.371 	10.219 	-2.929 	0.923 	-0.746 	
168.281 	29.085 	25.268 	-0.663 	-1.423 	-1.034 	
204.354 	-15.265 	35.535 	-2.810 	0.655 	-1.119 	
172.024 	-46.417 	5.449 	0.299 	2.415 	-0.912 	
131.780 	-57.785 	23.785 	-0.052 	2.533 	-0.852 	
86.394 	5.651 	8.868 	-0.547 	-0.416 	-2.249 	
85.100 	6.249 	22.405 	0.688 	-0.155 	-2.408 	
195.638 	-24.192 	-30.399 	-1.576 	1.643 	1.581 	
84.243 	8.455 	-9.062 	-7.596 	28.536 	-14.355 	
143.713 	-33.939 	-49.572 	0.905 	1.324 	0.941 	
177.429 	-42.043 	1.344 	-1.473 	0.833 	-3.642 	
178.740 	-41.051 	24.284 	-0.868 	2.089 	-0.061 	
131.425 	36.330 	-38.866 	-0.663 	-1.068 	2.105 	
