## Las primeras 200 lineas corresponden a la esfera 1 
##las siguienets 250 lineas a la esfera 2
## Las primeras tres columnas corresponden a la posición en 'x', 'y' y 'z', dadas en kpc, las siguientes tres a las velocidades, dadas en km/s
-1948.558 	2279.193 	-468.104 	-46.008 	53.143 	-9.950 	
106.463 	608.267 	274.341 	-2.240 	-14.362 	0.685 	
435.959 	-270.963 	159.768 	-3.214 	-23.900 	5.993 	
269.733 	-362.290 	-142.085 	-8.627 	0.711 	8.689 	
269.196 	-450.710 	-356.312 	27.720 	4.962 	-3.204 	
989.816 	140.071 	-87.230 	-14.407 	-5.715 	15.336 	
9139.634 	1176.899 	6635.298 	251.432 	33.758 	187.955 	
3768.043 	1811.483 	6553.432 	82.472 	39.832 	140.875 	
577.523 	-123.387 	50.677 	14.411 	41.912 	20.175 	
-4715.928 	-3361.004 	-6687.039 	-138.264 	-93.583 	-185.941 	
964.278 	-913.175 	12.620 	-0.086 	-30.800 	2.149 	
36494.592 	5902.083 	2570.504 	789.543 	128.359 	56.240 	
617.817 	40.223 	-73.009 	-4.706 	-4.988 	-38.835 	
-588.151 	1752.076 	-5978.210 	-13.861 	40.763 	-137.731 	
-494.159 	-92.821 	-365.912 	-28.056 	-9.555 	-15.043 	
75.907 	188.855 	-480.446 	-22.359 	17.223 	-61.067 	
238.030 	-289.217 	-88.333 	49.535 	1.355 	-15.828 	
633.280 	1302.441 	1191.227 	45.182 	255.527 	251.423 	
333.516 	-187.006 	101.881 	29.838 	36.112 	2.162 	
417.813 	337.529 	3.865 	-20.605 	-10.376 	5.175 	
4325.638 	2844.406 	459.873 	115.471 	77.272 	9.420 	
755.756 	-97.480 	129.599 	18.226 	-29.809 	13.903 	
285.685 	-173.151 	38.498 	-28.112 	-0.030 	29.820 	
39.997 	113.618 	-313.976 	13.902 	13.374 	-15.151 	
893.133 	-728.122 	-454.069 	-4.600 	-11.032 	0.945 	
-4743.943 	-8605.265 	-2345.645 	-122.899 	-219.561 	-59.033 	
-1093.718 	1326.189 	1782.152 	-28.271 	31.001 	45.092 	
-236.689 	240.562 	-148.158 	-25.532 	-23.873 	-13.301 	
334.757 	-155.141 	322.852 	22.378 	-11.653 	21.569 	
2670.086 	2304.074 	773.690 	63.045 	49.079 	17.176 	
456.140 	186.051 	-201.866 	10.496 	23.729 	-14.709 	
64.929 	341.221 	-438.167 	-32.266 	3.171 	0.112 	
284.224 	-23.850 	-48.691 	-9.750 	-6.452 	-21.877 	
-1268.911 	2892.828 	1320.424 	-57.433 	90.875 	39.906 	
460.650 	-249.601 	-341.666 	0.188 	-9.583 	-13.578 	
383.138 	295.801 	393.826 	-10.966 	3.129 	-10.604 	
-142.229 	1162.884 	44.156 	-11.680 	15.047 	2.412 	
-206.960 	-15209.164 	-1066.399 	-5.231 	-342.299 	-25.225 	
320.718 	105.039 	-115.771 	-35.167 	15.562 	26.536 	
1108.349 	566.598 	-137.149 	2.464 	-3.652 	-4.474 	
-1011.405 	432.197 	633.465 	-41.937 	1.681 	9.369 	
232.583 	-96.905 	-55.862 	-30.846 	-7.400 	-13.692 	
411.833 	39.982 	96.709 	-9.991 	-3.133 	-23.344 	
504.814 	23.237 	-61.236 	-44.371 	43.188 	9.699 	
341.579 	-4.747 	-88.225 	-27.215 	-42.449 	-4.917 	
-4757.121 	-1477.103 	-3981.129 	-110.365 	-35.366 	-94.121 	
360.716 	-395.731 	-275.113 	22.233 	-1.131 	3.523 	
643.721 	-30.828 	114.481 	-42.912 	6.891 	-35.791 	
414.743 	33.980 	-7.598 	27.204 	-5.771 	3.862 	
239.227 	-74.638 	-157.618 	56.453 	7.275 	16.902 	
572.706 	29.386 	136.332 	12.630 	-5.882 	2.266 	
385.248 	5.472 	-80.394 	53.728 	22.071 	5.253 	
319.075 	62.710 	-226.490 	-16.986 	-12.501 	-10.630 	
-666.738 	1611.955 	-199.196 	-37.597 	38.579 	-7.163 	
200.509 	-82.565 	-97.280 	-8.395 	4.903 	7.125 	
269.906 	-8.063 	23.380 	5.190 	-2.738 	-37.102 	
109.773 	68.249 	-117.540 	-79.346 	-11.344 	-32.159 	
539.880 	-25.889 	48.890 	-2.709 	18.181 	15.499 	
532.010 	-14.928 	153.515 	5.758 	17.376 	-28.897 	
1435.042 	2862.992 	235.310 	27.161 	94.959 	6.747 	
928.113 	39.644 	-2465.443 	19.982 	2.737 	-100.524 	
363.080 	-258.535 	-47.546 	-15.319 	38.759 	16.317 	
803.154 	-596.138 	1487.731 	4.931 	-14.806 	36.589 	
455.378 	-153.640 	-23.573 	-15.585 	-31.750 	11.626 	
2608.077 	707.638 	120.762 	129.640 	50.600 	10.020 	
233.432 	2.770 	-55.493 	39.499 	2.243 	-5.360 	
4168.894 	1115.753 	338.567 	254.997 	72.335 	25.532 	
2294.537 	-624.585 	1014.078 	48.715 	-14.300 	24.938 	
7024.512 	1348.098 	228.445 	153.509 	25.817 	5.697 	
2492.362 	116.016 	1430.155 	72.955 	-4.189 	61.189 	
272.881 	464.929 	914.426 	-11.472 	2.311 	12.781 	
-6753.122 	-6798.283 	14900.968 	-284.942 	-269.199 	591.607 	
356.324 	-30.459 	-82.721 	25.759 	-41.278 	14.399 	
394.667 	26.038 	-139.834 	-48.765 	18.337 	44.833 	
-1737.342 	1445.314 	801.146 	-29.534 	27.710 	13.151 	
-317.400 	-3315.058 	-182.569 	-73.506 	-321.847 	-15.291 	
318.160 	-244.489 	82.725 	2.148 	-7.862 	11.913 	
353.178 	-124.649 	-76.129 	17.519 	-57.843 	12.805 	
3363.896 	-1602.526 	1427.896 	85.421 	-37.905 	35.300 	
5715.488 	2913.050 	-2229.962 	408.956 	228.920 	-170.497 	
532.747 	13.359 	84.574 	-0.935 	-3.683 	-22.768 	
334.544 	-61.024 	16.323 	-56.639 	-27.240 	1.384 	
144.832 	-306.863 	-205.844 	21.900 	-40.780 	-12.208 	
425.382 	-245.127 	-145.284 	11.373 	33.077 	12.281 	
10659.505 	3089.346 	2114.241 	255.981 	72.196 	49.507 	
574.232 	-0.661 	47.518 	-11.600 	27.978 	8.736 	
557.098 	103.555 	-71.760 	-9.830 	-32.541 	-8.634 	
-191.749 	-173.578 	161.855 	7.302 	-16.516 	-15.547 	
-66.612 	-2244.224 	-471.114 	-36.253 	-220.093 	-44.527 	
889.230 	-222.868 	-146.061 	-16.224 	4.948 	5.673 	
-521.970 	-393.907 	325.773 	-21.766 	-4.541 	11.499 	
363.069 	-224.686 	33.330 	27.251 	14.718 	5.140 	
5810.885 	6447.995 	-14837.579 	213.536 	256.364 	-588.229 	
388.934 	-206.951 	36.031 	30.615 	38.302 	-14.065 	
-1373.394 	-1139.896 	-209.863 	-76.749 	-52.756 	6.530 	
2009.174 	1202.207 	426.219 	38.871 	31.737 	8.806 	
155.381 	180.653 	-711.206 	1.915 	16.047 	-38.416 	
368.183 	98.998 	-149.558 	-38.528 	-41.203 	0.565 	
67.650 	-370.420 	129.310 	-33.492 	-38.230 	25.090 	
285.651 	59.651 	-7.036 	-57.077 	-25.790 	-9.707 	
1940.784 	636.798 	370.025 	36.757 	13.890 	8.066 	
618.125 	-68.910 	-11.502 	-9.129 	36.998 	-50.194 	
2004.203 	-127.030 	-342.255 	30.377 	-2.652 	-7.620 	
548.907 	564.650 	-234.381 	-21.252 	-13.606 	-0.253 	
708.539 	102.290 	-476.979 	-10.574 	1.409 	7.996 	
-860.657 	-792.689 	-18.627 	-33.933 	-19.755 	13.318 	
129.626 	281.567 	206.187 	-1.859 	19.360 	7.747 	
-36580.898 	-1582.884 	-8109.224 	-795.156 	-33.626 	-175.223 	
702.563 	13.254 	30.766 	3.118 	18.831 	-5.945 	
-99869.025 	-52335.612 	-317114.008 	-2445.125 	-1279.712 	-7764.272 	
1188.225 	82.218 	-5.077 	92.213 	13.102 	-13.330 	
657.905 	-213.666 	1294.205 	12.438 	-26.218 	68.758 	
-7305.682 	-4286.942 	5506.426 	-163.081 	-95.618 	123.511 	
457.864 	-54.389 	-15.325 	9.035 	-15.123 	-33.740 	
577.364 	-67.177 	-28.003 	15.206 	4.013 	35.790 	
-2543.455 	-2296.311 	1684.545 	-118.505 	-89.740 	65.566 	
437.453 	-19.792 	41.667 	58.673 	42.228 	21.239 	
288.728 	13.475 	22.638 	7.166 	-7.738 	39.486 	
10688.056 	-9142.319 	-2913.530 	234.315 	-198.503 	-63.408 	
595.162 	-101.466 	-67.256 	7.098 	-2.605 	8.613 	
1439.174 	-2284.886 	-1176.694 	32.849 	-41.691 	-22.762 	
1779.026 	-387.068 	1382.543 	18.694 	-8.530 	27.852 	
500.586 	-220.587 	-64.787 	-27.292 	0.853 	-4.893 	
348.485 	33.771 	-97.234 	53.270 	25.989 	31.154 	
-3252.251 	7405.079 	-1545.228 	-78.944 	179.661 	-37.812 	
101803.695 	52348.048 	320213.346 	2492.389 	1283.238 	7839.288 	
674.101 	1107.852 	286.919 	-1.443 	24.465 	1.399 	
1051.765 	1879.260 	-12413.423 	23.561 	42.089 	-272.608 	
635.628 	-118.838 	-194.533 	-10.592 	0.766 	-0.640 	
1669.380 	-2051.220 	-306.227 	40.308 	-42.355 	-8.849 	
350.608 	254.732 	-217.083 	33.848 	-11.416 	18.816 	
450.124 	-247.876 	-91.867 	23.284 	-53.822 	25.760 	
431.172 	-72.840 	106.924 	-34.395 	8.033 	15.919 	
10494.110 	13161.935 	8675.556 	261.791 	328.803 	218.532 	
166.435 	-54.074 	-67.431 	-15.547 	-12.497 	-20.240 	
473.587 	-141.401 	-121.391 	-52.877 	36.484 	-16.699 	
-12744.107 	-10290.763 	-7182.336 	-319.038 	-257.144 	-177.692 	
1287.910 	3466.459 	-2907.610 	31.518 	95.135 	-76.669 	
2141.305 	1509.436 	-3261.629 	67.266 	61.077 	-128.213 	
126.007 	-147.571 	-25.866 	-14.248 	-15.443 	-30.693 	
85.902 	382.086 	115.758 	-12.079 	26.005 	0.316 	
1665.169 	-1570.826 	-999.725 	31.925 	-46.930 	-31.068 	
-10743.471 	9375.537 	3229.548 	-232.612 	204.233 	70.161 	
-704.192 	727.714 	698.518 	-50.503 	16.641 	20.249 	
-257.570 	-244.888 	543.796 	-20.979 	-12.722 	-10.063 	
881.003 	455.710 	407.606 	-10.342 	-10.284 	-2.161 	
-298.239 	263.378 	-1102.624 	8.892 	0.137 	-6.240 	
5240.429 	-1925.712 	4425.629 	141.383 	-51.082 	124.248 	
4691.902 	607.184 	-798.026 	129.047 	20.457 	-21.577 	
-841.906 	13.161 	731.600 	-59.677 	8.721 	38.388 	
1671.862 	111.243 	-464.891 	23.772 	7.004 	-1.821 	
168.247 	-2.450 	50.990 	20.793 	-24.925 	-14.849 	
359.232 	-61.284 	16.975 	10.342 	-22.092 	-56.400 	
870.070 	-648.572 	144.147 	-21.717 	-18.050 	2.724 	
624.862 	79.337 	0.010 	39.333 	6.107 	-46.511 	
332.377 	125.481 	-246.408 	-15.900 	22.439 	-17.996 	
481.159 	133.070 	-123.896 	-25.226 	24.364 	43.037 	
287.639 	120.031 	-153.913 	-26.745 	-29.924 	14.682 	
3986.707 	2933.281 	-657.130 	106.265 	88.561 	-20.680 	
495.879 	116.829 	43.230 	-5.680 	51.669 	-0.886 	
427.697 	-56.484 	-173.839 	-22.186 	-49.592 	15.957 	
1635.933 	2594.528 	-3212.855 	41.069 	73.386 	-86.782 	
353.712 	-169.375 	128.232 	-5.745 	26.929 	-25.434 	
383.353 	-59.098 	-11.955 	-39.110 	0.075 	36.368 	
565.590 	9439.904 	-2636.119 	12.184 	213.433 	-60.509 	
747.712 	73.098 	-166.193 	-24.131 	-5.853 	25.580 	
469.306 	-160.261 	-26.348 	32.862 	50.061 	-31.651 	
3114.991 	43.955 	-42.304 	57.880 	-8.674 	-0.571 	
316.757 	-93.564 	-52.548 	-18.601 	-16.526 	19.245 	
313.973 	-98.448 	-64.962 	-22.299 	-11.157 	38.812 	
535.062 	5.075 	86.758 	-17.790 	-50.813 	13.624 	
1181.522 	762.391 	1313.276 	17.218 	18.835 	31.500 	
391.699 	-13.089 	-147.108 	-17.835 	18.144 	-6.015 	
-316.479 	-282.125 	-186.802 	-21.337 	-5.846 	-4.368 	
285.117 	-147.747 	-84.754 	-36.406 	24.356 	6.088 	
-5478.211 	4177.001 	929.613 	-128.252 	97.390 	22.717 	
7085.526 	5727.057 	554.659 	154.085 	120.516 	11.415 	
379.313 	-99.439 	-98.397 	-32.473 	-36.452 	28.218 	
1254.071 	70.438 	-579.168 	6.786 	-2.262 	-2.964 	
7143.790 	-14216.453 	3310.582 	171.300 	-337.188 	78.897 	
-66.409 	-245.111 	-303.582 	-20.268 	0.794 	6.991 	
1327.788 	865.843 	-377.374 	16.799 	10.849 	-8.015 	
546.295 	-309.870 	-280.147 	31.085 	14.844 	-8.803 	
864.633 	61.653 	49.799 	3.704 	20.189 	-0.852 	
6330.784 	-2815.417 	2588.894 	146.324 	-63.456 	59.977 	
-279.846 	12.278 	890.243 	-47.827 	-6.700 	46.014 	
364.761 	-21.135 	15.648 	-46.833 	6.545 	-16.520 	
1743.971 	1346.397 	575.814 	37.845 	36.474 	12.052 	
-9121.378 	11631.851 	-2167.659 	-216.375 	278.755 	-51.665 	
1924.454 	-825.069 	289.859 	33.424 	-18.682 	5.267 	
935.666 	275.139 	223.435 	-14.783 	27.948 	-16.516 	
273.172 	1269.199 	-426.234 	-12.475 	24.617 	-11.397 	
280.453 	-91.959 	-80.596 	-44.009 	-21.238 	-66.788 	
646.275 	75.751 	-27.512 	43.179 	-8.425 	12.222 	
185.273 	-273.796 	-180.821 	-11.998 	-41.957 	-3.914 	
348.834 	33.748 	-63.151 	35.833 	-19.641 	-33.806 	
482.017 	423.368 	-331.728 	-11.771 	2.869 	-1.425 	
-810.945 	-761.073 	-777.204 	-4.896 	-7.180 	-12.741 	
361.375 	129.523 	-39.273 	-24.528 	32.824 	1.353 	
1370.841 	-258.363 	-930.192 	13.736 	-3.095 	-19.267 	
-328.227 	-654.011 	-37.351 	-1.950 	0.583 	-16.702 	
-1218.297 	-13992.481 	-9668.360 	-46.520 	-367.092 	-256.658 	
631.373 	1701.030 	-396.468 	-7.260 	27.656 	-5.924 	
584.415 	-527.943 	-131.728 	26.059 	27.395 	7.441 	
-61.857 	-1386.261 	-242.786 	-4.541 	-25.066 	-5.395 	
5.700 	-314.708 	-477.453 	2.456 	-11.098 	5.349 	
370.850 	-29.364 	12.469 	-33.848 	-49.536 	-36.510 	
230.718 	89.339 	-255.708 	9.181 	23.331 	19.017 	
-646.559 	-958.745 	-1184.350 	-20.574 	-22.469 	-28.852 	
249.031 	-77.755 	-182.154 	25.084 	-7.075 	22.830 	
220.074 	-83.867 	-169.702 	49.476 	37.800 	7.217 	
4014.202 	-862.343 	5779.575 	171.830 	-41.744 	273.901 	
590.142 	-309.524 	-186.124 	23.178 	1.728 	-13.623 	
71.290 	-376.992 	115.823 	40.957 	4.648 	6.072 	
-298.970 	-588.208 	-202.903 	18.925 	-22.583 	-12.945 	
-7422.856 	1216.031 	10299.181 	-198.078 	28.116 	253.529 	
326.157 	-40.108 	-85.478 	-54.182 	40.145 	-47.035 	
539.842 	-10.344 	12.814 	-29.875 	-72.659 	19.878 	
443.895 	-1153.415 	-2332.198 	-7.448 	-45.424 	-109.915 	
698.105 	140.051 	26.220 	45.527 	18.422 	1.623 	
472.832 	-161.880 	5.043 	27.860 	12.835 	-16.505 	
-67.576 	-1464.481 	-1413.085 	-90.437 	-277.369 	-250.494 	
-5927.712 	655.005 	-3560.882 	-187.351 	18.274 	-101.520 	
518.724 	-9.030 	-100.753 	11.911 	-6.169 	22.505 	
628.394 	113.099 	-51.428 	19.460 	-1.663 	-4.630 	
546.136 	-256.013 	-45.636 	13.213 	-59.975 	1.806 	
710.210 	367.212 	87.420 	-23.823 	-1.158 	6.502 	
32875.628 	44695.168 	37698.426 	792.196 	1097.509 	926.127 	
321.984 	58.201 	-53.730 	11.463 	9.268 	11.282 	
384.726 	-373.873 	78.061 	20.734 	-11.645 	14.609 	
300.146 	-306.937 	-1278.035 	15.276 	-10.137 	-27.796 	
5657.186 	506.039 	-388.662 	125.044 	12.063 	-7.347 	
288.361 	-214.244 	98.691 	9.143 	-14.784 	34.443 	
67.279 	-391.963 	7.620 	-16.406 	-20.842 	30.464 	
-617.314 	-1039.841 	-922.372 	-15.142 	-25.277 	-34.587 	
-602.453 	-321.485 	775.076 	-6.073 	1.752 	12.752 	
-46.101 	-476.941 	383.948 	-21.799 	10.961 	-27.561 	
456.476 	-24.871 	4.976 	-74.858 	-4.944 	-17.787 	
-476.177 	-265.721 	-219.036 	4.228 	-8.904 	3.876 	
-839.569 	676.526 	200.205 	-24.900 	17.448 	9.740 	
454.275 	164.021 	141.920 	-17.169 	-30.286 	-2.338 	
474.406 	142.387 	-109.136 	-34.259 	-17.168 	-12.955 	
344.152 	127.923 	267.250 	-14.747 	15.476 	3.034 	
287.169 	110.438 	-120.185 	15.990 	19.105 	-13.037 	
-495.037 	-729.236 	-1062.778 	-21.639 	-15.745 	-18.532 	
43.777 	-1748.394 	2809.389 	-14.484 	-41.323 	65.727 	
461.678 	-119.005 	-36.457 	-21.307 	22.062 	-0.975 	
303.500 	-189.984 	41.774 	2.037 	-36.655 	22.336 	
11365.134 	-777.383 	-7272.324 	263.300 	-20.616 	-177.489 	
159.147 	703.904 	-3026.179 	-13.810 	12.689 	-61.149 	
775.543 	-198.496 	114.227 	-13.392 	3.457 	1.274 	
761.302 	337.417 	217.711 	3.307 	-5.471 	13.781 	
567.345 	-159.748 	7.375 	-26.332 	-32.665 	-20.370 	
-2980.670 	606.065 	1607.067 	-86.018 	10.972 	35.547 	
308.876 	-583.689 	-562.696 	-0.902 	1.029 	7.395 	
931.818 	-863.508 	146.356 	-1.410 	-25.126 	-2.061 	
-2293.690 	-1136.929 	-292.576 	-190.300 	-85.521 	-17.338 	
271.455 	35.052 	65.174 	-1.936 	28.342 	-31.214 	
456.542 	101.504 	58.316 	-42.800 	-16.815 	35.532 	
422.362 	-12.122 	-65.068 	-7.639 	31.692 	62.722 	
-34921.810 	-40478.046 	-34457.238 	-872.476 	-993.805 	-845.539 	
633.123 	-82.438 	-101.124 	-7.179 	-19.779 	24.620 	
-175.116 	504.143 	-503.510 	-36.301 	15.161 	-22.815 	
1590.415 	14341.510 	10975.531 	27.388 	378.382 	286.493 	
438.248 	-137.912 	56.798 	31.411 	-6.789 	10.439 	
-520.480 	-448.968 	1182.888 	-26.354 	0.679 	0.870 	
415.116 	-76.499 	-48.530 	-22.904 	38.336 	7.720 	
328.599 	-185.402 	-111.354 	25.367 	37.653 	-0.352 	
134.461 	-23.025 	-171.607 	-0.606 	-38.901 	34.890 	
425.153 	-218.731 	-140.169 	18.897 	-17.507 	13.614 	
-279.259 	463.049 	147.339 	-5.278 	-3.810 	-8.832 	
-12901.987 	-3554.729 	-4668.395 	-299.438 	-78.570 	-102.565 	
111.230 	-934.140 	17.351 	-3.658 	1.026 	-8.898 	
-111.384 	-576.721 	-199.722 	21.858 	4.076 	-8.581 	
209.154 	-49.094 	-49.738 	61.620 	29.052 	-23.256 	
428.708 	64.611 	-128.420 	-15.184 	4.851 	13.051 	
1289.307 	-974.995 	-542.397 	23.705 	-27.281 	-14.225 	
372.831 	46.497 	-17.310 	8.163 	-50.359 	47.842 	
516.455 	283.937 	100.456 	23.508 	43.398 	-0.288 	
-1053.125 	-1159.902 	312.787 	-33.186 	-36.863 	14.855 	
194.071 	165.175 	-197.479 	-6.460 	-35.143 	-16.592 	
115.536 	-148.370 	-106.436 	-13.804 	2.833 	-47.220 	
-339.559 	-301.617 	32.633 	-7.546 	35.273 	6.761 	
-7416.356 	-428.681 	4092.564 	-271.915 	-10.971 	143.141 	
404.978 	44.747 	-56.732 	38.379 	33.064 	-65.469 	
-2193.303 	1403.655 	-1476.633 	-70.340 	33.372 	-34.573 	
-1359.881 	647.908 	-726.898 	-44.123 	17.258 	-19.234 	
399.204 	100.880 	-238.748 	15.868 	34.758 	16.464 	
108.029 	-242.214 	-5.008 	-1.955 	6.128 	-16.789 	
203.590 	-52.732 	-179.027 	-12.242 	-38.274 	-1.360 	
-65.108 	-339.507 	-1542.923 	-3.784 	-6.118 	-39.408 	
692.476 	-96.170 	-67.342 	27.576 	-23.608 	18.385 	
373.313 	-29.580 	-78.194 	2.232 	4.219 	-3.068 	
408.100 	78.019 	-3.949 	45.780 	9.529 	5.961 	
295.814 	-41.666 	-89.217 	-11.856 	-25.671 	-7.508 	
411.436 	191.901 	94.874 	25.947 	-45.135 	-28.589 	
436.462 	73.085 	-201.436 	-17.616 	18.052 	-22.237 	
412.472 	255.776 	-229.858 	-2.833 	-31.803 	-7.045 	
-3033.418 	-120.404 	121.399 	-157.687 	1.788 	6.803 	
1828.066 	2286.213 	216.373 	50.526 	76.569 	10.090 	
-3868.153 	-5720.017 	248.681 	-145.420 	-200.972 	12.595 	
-2234.775 	2799.318 	-7278.029 	-123.595 	131.478 	-343.256 	
5647.612 	-7042.769 	5514.244 	131.587 	-181.614 	142.662 	
491.257 	147.349 	44.392 	3.433 	15.208 	6.598 	
162.367 	-51.271 	-136.509 	19.116 	54.395 	24.090 	
484.954 	501.500 	-95.417 	-5.078 	18.406 	2.120 	
191.073 	17.719 	-198.506 	32.567 	35.906 	-13.352 	
-1814.912 	3139.395 	-1018.328 	-57.968 	73.651 	-23.567 	
327.500 	62.111 	-85.396 	19.969 	38.358 	13.578 	
668.756 	-1446.257 	3875.837 	3.423 	-41.270 	109.334 	
848.197 	118.053 	159.969 	28.452 	10.309 	0.779 	
331.538 	325.750 	-2.475 	-6.206 	23.042 	9.750 	
675.492 	244.984 	-171.222 	21.913 	-32.014 	23.494 	
17.967 	-1349.965 	36.150 	6.263 	-21.001 	0.379 	
482.645 	-226.402 	54.294 	-12.151 	5.886 	-22.775 	
229.605 	-11.210 	-84.570 	3.266 	26.228 	-16.693 	
288.809 	-67.489 	-155.175 	60.516 	48.070 	-13.871 	
-541.589 	-579.259 	-288.754 	-0.998 	-38.236 	5.406 	
233.456 	174.202 	-198.610 	6.256 	-6.157 	11.804 	
-280.539 	-0.512 	592.605 	-62.543 	17.457 	83.717 	
258.191 	41.296 	-89.211 	-15.560 	-8.651 	-11.053 	
-920.153 	-327.391 	-3145.446 	-37.454 	-15.275 	-83.520 	
961.592 	174.056 	-66.023 	-33.564 	-15.074 	-7.798 	
289.214 	-87.318 	-119.851 	21.982 	19.490 	-28.844 	
-488.984 	-849.055 	-1418.011 	-26.992 	-13.261 	-16.067 	
355.436 	-1151.690 	-881.686 	-19.485 	-12.487 	-13.072 	
428.434 	-87.485 	-12.453 	29.875 	21.478 	0.452 	
225.372 	47.711 	-253.779 	38.736 	34.051 	29.615 	
398.358 	-106.433 	-26.768 	-9.931 	-52.176 	-45.401 	
56.165 	195.204 	-31.117 	-5.011 	-24.244 	0.537 	
-168.420 	-253.165 	270.058 	-44.110 	-29.999 	23.629 	
-931.270 	-161.856 	-270.473 	-22.902 	-9.993 	-11.165 	
235.184 	1694.107 	3464.301 	-15.149 	84.232 	156.004 	
291.532 	25.787 	-165.349 	58.554 	6.289 	6.971 	
1063.857 	-309.013 	-475.676 	88.329 	-14.353 	-36.344 	
1013.449 	-109.601 	99.377 	-6.905 	21.819 	7.045 	
-564.230 	-506.608 	949.960 	-13.785 	-11.930 	13.281 	
309.085 	2.272 	-21.985 	40.159 	-11.728 	26.844 	
1641.052 	12078.404 	4982.519 	23.174 	268.858 	112.927 	
257.227 	-7.670 	-2.119 	-39.632 	-37.508 	-29.583 	
158.902 	-192.357 	190.642 	50.138 	-9.583 	-6.709 	
-46.567 	-646.032 	-372.703 	6.779 	7.807 	-16.239 	
347.177 	-229.917 	-87.697 	-17.946 	7.595 	33.863 	
174.861 	-18.635 	41.586 	-8.870 	-2.783 	9.291 	
761.741 	52.751 	296.066 	31.957 	11.389 	25.964 	
282.563 	-275.294 	-99.866 	-12.648 	-27.945 	-14.427 	
988.205 	176.375 	288.742 	12.782 	6.958 	-20.621 	
-2801.982 	-313.723 	779.468 	-78.271 	-5.744 	17.898 	
215.338 	3.082 	-134.135 	-16.199 	-22.553 	-32.048 	
163.278 	-386.394 	-305.871 	11.689 	17.757 	28.914 	
369.426 	62.844 	-23.958 	7.484 	19.315 	-0.099 	
-82.415 	19.970 	719.248 	-30.738 	-15.181 	4.100 	
612.366 	2.643 	-102.689 	-15.588 	-54.329 	5.430 	
-6750.765 	-2428.517 	-326.341 	-181.705 	-59.403 	-5.557 	
-463.632 	-632.126 	-231.804 	2.237 	-8.330 	2.951 	
371.460 	-53.727 	-181.077 	9.275 	3.854 	-50.451 	
890.169 	145.928 	381.939 	20.899 	10.779 	-16.792 	
472.800 	109.661 	-100.201 	-15.273 	-52.753 	-38.103 	
22.611 	-296.643 	56.635 	-52.130 	-8.722 	9.478 	
2779.292 	-60.755 	432.869 	90.248 	1.848 	28.553 	
-356.523 	-441.370 	-306.721 	7.578 	-10.167 	14.046 	
479.591 	84.337 	37.284 	29.067 	57.249 	-43.293 	
13352.093 	2884.099 	7985.701 	276.862 	62.478 	174.649 	
176.707 	59.490 	-192.868 	-44.186 	-33.649 	14.592 	
203.956 	-110.242 	-162.645 	40.009 	-31.817 	11.227 	
-1529.664 	2289.012 	-268.802 	-43.776 	40.044 	-6.496 	
-98.676 	-903.893 	301.093 	-27.838 	-45.157 	22.288 	
290.670 	12.370 	233.235 	52.217 	13.483 	-22.308 	
276.520 	-281.008 	90.943 	14.313 	6.142 	-16.150 	
407.863 	-907.114 	422.929 	18.580 	-9.223 	10.871 	
237.886 	-58.638 	-164.704 	-3.899 	2.130 	2.961 	
406.695 	167.206 	-22.842 	-16.967 	12.881 	14.343 	
-141.378 	-402.968 	-206.702 	10.655 	20.910 	9.847 	
-305.613 	-808.112 	-104.603 	-3.515 	8.430 	-14.723 	
172.659 	-31.402 	-66.441 	-31.358 	15.332 	33.952 	
346.880 	44.236 	-36.933 	10.125 	-14.707 	-1.590 	
492.347 	213.475 	146.310 	-29.026 	7.355 	-22.685 	
242.681 	5314.632 	2931.463 	-8.107 	118.060 	65.502 	
-8931.343 	6389.764 	2608.504 	-212.038 	138.823 	56.449 	
141.463 	-113.879 	-86.938 	-13.049 	23.600 	-6.257 	
370.863 	-24.111 	-272.291 	5.935 	43.959 	40.101 	
725.090 	101.603 	-28.066 	56.087 	17.991 	7.120 	
201.890 	-383.798 	-123.572 	31.669 	26.623 	11.992 	
393.478 	-84.806 	-83.505 	12.479 	-20.351 	-19.604 	
107.107 	-1441.469 	-45.491 	3.085 	-27.945 	-1.415 	
264.703 	-34.122 	-623.370 	-18.470 	-6.313 	19.095 	
427.077 	11.859 	-12.673 	-77.581 	6.991 	-13.416 	
399.495 	-99.931 	71.973 	-7.079 	-21.415 	-25.418 	
329.388 	-51.223 	-53.957 	-21.069 	-33.251 	-37.671 	
-27.790 	-364.405 	-96.563 	0.484 	6.518 	-1.807 	
116.440 	-128.487 	834.952 	13.203 	-0.278 	9.304 	
-3377.328 	148.033 	926.151 	-111.722 	3.683 	29.193 	
2687.228 	3524.630 	-1620.544 	44.235 	72.291 	-32.627 	
-5703.959 	-3217.086 	2228.522 	-473.113 	-244.456 	173.579 	
268.210 	-10.911 	-140.094 	68.848 	-16.348 	-29.299 	
552.207 	112.202 	51.717 	35.709 	41.429 	16.657 	
418.121 	-147.699 	39.914 	-27.442 	-43.052 	-16.371 	
345.748 	147.649 	-72.399 	-6.519 	-17.220 	-4.879 	
4460.251 	1332.013 	-2521.191 	145.556 	51.419 	-88.053 	
266.509 	-345.527 	-550.398 	0.437 	-10.161 	17.214 	
-19.753 	-1097.248 	-155.155 	31.118 	44.461 	-64.183 	
-541.506 	-2707.159 	987.519 	-44.316 	-95.750 	30.325 	
-202.817 	-907.802 	-262.219 	4.757 	-2.133 	-3.125 	
2844.030 	-15026.950 	-4024.589 	50.269 	-339.117 	-88.930 	
498.635 	92.496 	82.214 	54.493 	-8.060 	26.385 	
532.091 	8.676 	33.637 	7.490 	-13.566 	-11.699 	
-36.742 	-33.798 	663.670 	12.612 	-11.772 	5.272 	
-97.489 	-1254.621 	-3.776 	-31.668 	-82.971 	58.159 	
95.008 	194.838 	-247.102 	-19.626 	-23.808 	-17.636 	
594.517 	134.142 	40.632 	-44.500 	-30.765 	-22.174 	
509.958 	-194.817 	-388.422 	45.677 	-6.592 	15.875 	
1409.573 	1314.648 	-278.210 	51.567 	70.918 	-18.133 	
-496.507 	-1060.252 	280.110 	-21.134 	0.341 	-0.128 	
189.498 	-409.419 	-61.162 	-8.908 	10.802 	-9.850 	
7434.938 	-12857.799 	-2581.722 	146.643 	-282.385 	-56.823 	
233.695 	-415.803 	78.893 	-10.290 	-61.275 	2.440 	
-2286.736 	-906.073 	-4972.542 	-65.201 	-20.949 	-110.576 	
-1053.986 	84.977 	-616.190 	-33.828 	-6.234 	-16.641 	
435.765 	144.655 	27.014 	-29.718 	-34.358 	-10.979 	
182.677 	378.822 	-502.200 	20.607 	-2.042 	-2.387 	
356.019 	-41.819 	-62.321 	-11.202 	9.492 	-25.530 	
-1171.863 	3213.106 	-2088.325 	-43.295 	84.387 	-56.687 	
468.756 	-410.367 	608.897 	11.392 	-5.327 	-12.377 	
67.909 	-379.407 	-121.463 	-30.870 	9.005 	-5.697 	
273.857 	-87.870 	-69.030 	25.936 	42.214 	-11.826 	
369.601 	27.645 	-9.177 	-3.312 	-16.445 	8.761 	
-14931.302 	2915.045 	-8392.733 	-976.242 	193.123 	-536.636 	
741.748 	-3429.044 	2441.476 	3.362 	-87.962 	61.363 	
449.384 	-113.039 	157.163 	-21.336 	2.525 	-3.806 	
-97.224 	-7308.614 	1206.364 	-18.562 	-186.769 	31.282 	
573.892 	-809.088 	-45.494 	14.094 	5.446 	-8.148 	
-5093.842 	3451.583 	-1052.022 	-147.821 	85.627 	-30.111 	
187.674 	-25.524 	-76.735 	38.102 	-11.260 	20.119 	
587.147 	-672.322 	210.116 	5.684 	2.811 	-10.230 	
-2782.428 	-1348.154 	-201.617 	-82.371 	-36.639 	-0.834 	
-66.017 	-552.597 	-183.194 	18.973 	-18.805 	-27.537 	
110.361 	-54.264 	-164.981 	-25.089 	5.603 	24.376 	
396.423 	-1211.245 	643.937 	4.507 	-22.559 	7.975 	
1872.459 	-2978.111 	261.251 	24.287 	-58.553 	5.670 	
436.989 	28.627 	-181.924 	1.721 	-26.661 	-4.430 	
838.102 	650.327 	-107.332 	56.535 	68.075 	2.573 	
1647.845 	-371.156 	1952.055 	23.000 	-12.103 	42.678 	
-386.930 	712.084 	-1355.356 	-11.074 	18.511 	-36.845 	
305.087 	-108.334 	-12.311 	21.049 	31.219 	-17.006 	
227.688 	-121.064 	-62.622 	-35.347 	-20.965 	-9.562 	
225.792 	-23.080 	-112.403 	17.852 	51.835 	-26.553 	
1101.514 	3567.364 	205.705 	68.377 	362.204 	23.090 	
657.605 	-172.241 	-1602.495 	-6.049 	-14.240 	-54.194 	
3758.442 	1178.340 	-310.055 	161.307 	63.727 	-12.821 	
15545.587 	-3092.550 	8158.084 	982.501 	-192.921 	527.039 	
