## Las primeras 500 lineas corresponden a la esfera 1 
##las siguienets 500 lineas a la esfera 2
## Las primeras tres columnas corresponden a la posición en 'x', 'y' y 'z', las siguientes tres a las velocidades
31.119 	-263.045 	14.299 	-0.010 	-0.258 	0.028 	
55.629 	-74.860 	8.688 	0.089 	-0.081 	-0.005 	
68.408 	335.654 	253.803 	0.099 	0.323 	0.212 	
-270.795 	314.146 	213.283 	-0.312 	0.341 	0.218 	
-107.440 	-70.187 	281.475 	-0.054 	-0.071 	0.320 	
282.223 	205.889 	394.429 	0.347 	0.218 	0.384 	
337.787 	-190.839 	-322.623 	0.350 	-0.173 	-0.346 	
-331.972 	-222.854 	92.917 	-0.331 	-0.182 	0.125 	
295.285 	52.392 	188.770 	0.284 	0.096 	0.190 	
116.913 	110.570 	124.448 	0.106 	0.105 	0.156 	
307.155 	-30.836 	27.033 	0.289 	-0.022 	0.016 	
-86.229 	-266.241 	30.193 	-0.060 	-0.266 	0.045 	
4.507 	-189.748 	24.254 	0.068 	-0.188 	0.029 	
244.226 	292.653 	290.341 	0.203 	0.300 	0.289 	
-6.248 	271.218 	-416.681 	-0.008 	0.241 	-0.404 	
-136.572 	-66.404 	-6.210 	-0.146 	-0.017 	0.001 	
-139.198 	341.632 	-122.433 	-0.166 	0.322 	-0.134 	
43.183 	223.476 	-338.288 	0.034 	0.177 	-0.367 	
-429.338 	-368.388 	-183.548 	-0.482 	-0.347 	-0.204 	
200.424 	-392.541 	-345.177 	0.159 	-0.414 	-0.354 	
25.394 	-416.556 	431.122 	0.043 	-0.374 	0.462 	
47.295 	148.934 	425.885 	0.030 	0.140 	0.394 	
-102.588 	-219.699 	111.362 	-0.105 	-0.176 	0.085 	
-354.145 	-287.495 	140.337 	-0.331 	-0.259 	0.116 	
196.536 	-167.994 	286.247 	0.241 	-0.163 	0.267 	
-195.456 	-17.801 	361.366 	-0.147 	0.002 	0.355 	
-3.836 	-237.988 	-25.826 	0.032 	-0.214 	-0.013 	
110.681 	-356.178 	275.850 	0.089 	-0.396 	0.297 	
-359.675 	342.221 	84.896 	-0.339 	0.342 	0.088 	
-217.597 	-307.845 	218.213 	-0.186 	-0.293 	0.237 	
-132.278 	-225.442 	-338.848 	-0.119 	-0.200 	-0.349 	
181.222 	297.038 	320.429 	0.160 	0.269 	0.332 	
327.498 	-123.532 	295.450 	0.333 	-0.127 	0.308 	
-264.680 	229.271 	24.044 	-0.207 	0.230 	0.029 	
38.913 	-87.933 	-411.078 	0.035 	-0.122 	-0.372 	
11.900 	-80.306 	38.788 	0.070 	-0.047 	0.044 	
-152.869 	-337.604 	-321.285 	-0.162 	-0.320 	-0.379 	
-196.832 	-396.788 	297.226 	-0.147 	-0.398 	0.297 	
-128.267 	-48.382 	205.063 	-0.162 	-0.037 	0.214 	
259.949 	-402.131 	279.672 	0.256 	-0.407 	0.295 	
426.117 	206.501 	-11.798 	0.444 	0.153 	-0.017 	
59.182 	-132.126 	56.158 	0.082 	-0.098 	0.029 	
208.140 	47.326 	284.305 	0.160 	0.044 	0.284 	
19.117 	-277.509 	-185.385 	-0.025 	-0.286 	-0.184 	
33.989 	-79.088 	253.780 	0.078 	-0.080 	0.284 	
5.031 	55.029 	-155.572 	0.044 	0.078 	-0.132 	
452.153 	55.091 	-14.372 	0.419 	0.030 	0.002 	
-105.371 	384.828 	-96.758 	-0.096 	0.390 	-0.103 	
62.191 	-99.723 	-155.341 	0.102 	-0.119 	-0.157 	
351.571 	200.424 	116.777 	0.369 	0.246 	0.116 	
-350.486 	-106.803 	-243.704 	-0.333 	-0.126 	-0.280 	
222.166 	-40.024 	217.252 	0.187 	-0.029 	0.188 	
372.075 	-148.473 	-394.809 	0.416 	-0.194 	-0.405 	
-74.354 	267.755 	-16.854 	-0.025 	0.255 	0.008 	
-273.435 	337.121 	231.127 	-0.301 	0.318 	0.239 	
-85.966 	-350.292 	172.109 	-0.063 	-0.395 	0.201 	
-201.721 	9.186 	-224.968 	-0.155 	-0.009 	-0.248 	
-19.186 	-332.785 	-107.124 	0.023 	-0.348 	-0.120 	
-381.273 	259.097 	317.583 	-0.403 	0.291 	0.344 	
217.542 	372.336 	174.818 	0.234 	0.358 	0.135 	
-74.266 	376.040 	109.328 	-0.107 	0.391 	0.113 	
127.973 	242.653 	-142.076 	0.154 	0.229 	-0.135 	
-265.358 	391.930 	155.790 	-0.316 	0.424 	0.164 	
271.670 	42.002 	-138.277 	0.278 	0.089 	-0.141 	
275.588 	-378.064 	-400.352 	0.341 	-0.387 	-0.388 	
417.473 	-161.527 	-389.913 	0.487 	-0.159 	-0.399 	
246.383 	-216.716 	-336.053 	0.313 	-0.224 	-0.351 	
-412.379 	431.188 	-117.334 	-0.440 	0.485 	-0.141 	
418.742 	209.472 	296.897 	0.483 	0.224 	0.282 	
-72.874 	194.890 	162.154 	-0.065 	0.135 	0.175 	
277.675 	146.160 	143.687 	0.321 	0.110 	0.116 	
83.433 	-42.716 	142.005 	0.140 	-0.015 	0.153 	
-1.500 	214.505 	-401.009 	-0.013 	0.257 	-0.404 	
-91.639 	-306.153 	-137.612 	-0.114 	-0.305 	-0.122 	
-145.637 	163.962 	251.844 	-0.194 	0.159 	0.253 	
182.198 	-67.693 	-149.272 	0.185 	-0.048 	-0.094 	
-2.160 	-135.020 	-278.339 	-0.013 	-0.085 	-0.291 	
334.907 	202.129 	-296.442 	0.359 	0.211 	-0.346 	
66.395 	-97.228 	-134.919 	0.039 	-0.073 	-0.163 	
-29.266 	-82.647 	341.302 	0.000 	-0.105 	0.348 	
-31.523 	339.576 	93.210 	-0.067 	0.312 	0.098 	
127.617 	-178.554 	-136.084 	0.086 	-0.164 	-0.110 	
213.982 	239.168 	333.358 	0.200 	0.262 	0.336 	
-70.126 	-283.286 	317.051 	-0.089 	-0.268 	0.348 	
239.486 	-170.260 	-31.627 	0.272 	-0.138 	-0.073 	
-267.784 	-350.383 	-345.934 	-0.237 	-0.339 	-0.330 	
238.426 	-59.038 	-117.877 	0.259 	-0.083 	-0.167 	
-219.530 	-281.903 	293.521 	-0.274 	-0.283 	0.306 	
-387.806 	-350.687 	220.183 	-0.360 	-0.359 	0.237 	
-360.107 	-119.341 	-51.247 	-0.327 	-0.145 	-0.039 	
424.545 	153.199 	309.491 	0.433 	0.206 	0.305 	
20.822 	146.303 	301.778 	0.009 	0.173 	0.313 	
12.796 	-46.642 	24.875 	0.028 	-0.087 	0.030 	
-75.574 	-337.759 	-175.668 	-0.047 	-0.381 	-0.150 	
357.452 	-259.952 	356.348 	0.355 	-0.231 	0.353 	
-162.309 	228.836 	-391.511 	-0.122 	0.236 	-0.381 	
321.151 	115.457 	224.946 	0.367 	0.083 	0.230 	
343.462 	82.661 	-257.569 	0.394 	0.091 	-0.255 	
377.732 	348.732 	48.541 	0.449 	0.347 	0.057 	
255.674 	-164.478 	240.882 	0.236 	-0.188 	0.243 	
-278.073 	390.331 	181.240 	-0.277 	0.362 	0.207 	
-414.780 	-328.184 	-167.676 	-0.460 	-0.324 	-0.133 	
112.754 	-392.113 	244.158 	0.123 	-0.434 	0.243 	
-190.096 	-75.166 	294.194 	-0.184 	-0.037 	0.326 	
181.050 	-96.285 	103.959 	0.243 	-0.101 	0.131 	
-411.334 	188.905 	360.577 	-0.380 	0.194 	0.353 	
-341.380 	-277.052 	233.189 	-0.389 	-0.263 	0.252 	
-413.910 	422.904 	-184.379 	-0.447 	0.470 	-0.189 	
295.390 	-160.779 	-16.704 	0.276 	-0.184 	0.019 	
427.194 	-18.703 	-182.678 	0.478 	-0.047 	-0.143 	
-134.689 	-27.603 	200.220 	-0.109 	-0.036 	0.240 	
141.568 	-132.711 	202.997 	0.098 	-0.138 	0.210 	
209.101 	24.329 	85.878 	0.183 	-0.007 	0.063 	
-50.867 	417.207 	-173.737 	-0.074 	0.400 	-0.141 	
-261.653 	358.980 	350.707 	-0.271 	0.371 	0.371 	
-59.911 	375.747 	371.421 	-0.038 	0.400 	0.387 	
131.466 	-402.016 	-113.992 	0.117 	-0.419 	-0.064 	
-443.788 	-89.570 	418.050 	-0.435 	-0.132 	0.410 	
300.259 	-144.518 	-185.638 	0.298 	-0.189 	-0.148 	
6.078 	298.474 	38.554 	-0.038 	0.295 	0.057 	
-225.843 	33.019 	219.472 	-0.199 	0.053 	0.261 	
219.179 	-297.001 	-143.257 	0.236 	-0.334 	-0.148 	
193.441 	-98.750 	-289.635 	0.186 	-0.054 	-0.317 	
403.487 	-160.135 	376.772 	0.375 	-0.175 	0.394 	
-377.433 	155.786 	215.716 	-0.429 	0.140 	0.205 	
149.694 	-82.090 	-166.453 	0.114 	-0.045 	-0.151 	
-435.882 	-282.985 	-192.474 	-0.432 	-0.273 	-0.158 	
-413.923 	-415.939 	184.116 	-0.466 	-0.426 	0.167 	
-327.053 	158.996 	-437.165 	-0.336 	0.177 	-0.402 	
-381.804 	-353.756 	145.407 	-0.353 	-0.379 	0.141 	
-12.514 	-256.887 	183.782 	-0.044 	-0.249 	0.200 	
-81.653 	305.845 	-154.018 	-0.101 	0.323 	-0.187 	
-238.391 	224.467 	13.920 	-0.253 	0.204 	-0.005 	
33.540 	142.431 	-370.940 	0.001 	0.113 	-0.359 	
454.818 	-409.338 	61.436 	0.440 	-0.407 	0.035 	
-86.618 	-315.717 	-122.766 	-0.051 	-0.322 	-0.175 	
75.326 	-246.751 	145.126 	0.042 	-0.251 	0.106 	
-327.615 	-352.491 	287.127 	-0.287 	-0.377 	0.294 	
337.528 	-184.451 	-173.088 	0.351 	-0.165 	-0.173 	
100.668 	-311.955 	74.383 	0.162 	-0.314 	0.097 	
-331.347 	-168.525 	-237.216 	-0.294 	-0.190 	-0.239 	
421.063 	-136.278 	-95.306 	0.384 	-0.109 	-0.108 	
-249.710 	410.987 	74.343 	-0.266 	0.399 	0.100 	
-308.262 	-332.553 	29.321 	-0.322 	-0.337 	0.057 	
-80.073 	151.345 	150.347 	-0.106 	0.122 	0.149 	
248.210 	-54.617 	378.557 	0.243 	-0.054 	0.343 	
-198.862 	-65.802 	-139.972 	-0.181 	-0.013 	-0.148 	
15.254 	214.005 	348.798 	-0.009 	0.206 	0.306 	
399.308 	-337.778 	-387.553 	0.365 	-0.343 	-0.402 	
-65.596 	312.449 	-195.113 	-0.023 	0.286 	-0.206 	
358.670 	-400.784 	139.046 	0.371 	-0.402 	0.094 	
-319.378 	-134.557 	253.778 	-0.284 	-0.110 	0.251 	
112.213 	251.559 	416.078 	0.096 	0.216 	0.432 	
-428.145 	-424.634 	-139.730 	-0.432 	-0.423 	-0.163 	
-354.012 	-45.960 	-400.511 	-0.367 	-0.016 	-0.414 	
2.127 	-173.516 	-148.720 	-0.043 	-0.174 	-0.148 	
314.514 	-95.850 	318.118 	0.424 	-0.091 	0.292 	
-376.152 	-171.251 	382.238 	-0.385 	-0.202 	0.382 	
-209.184 	-288.590 	402.179 	-0.184 	-0.302 	0.431 	
48.685 	-287.977 	233.721 	0.045 	-0.302 	0.254 	
364.693 	-330.870 	297.453 	0.422 	-0.345 	0.317 	
-161.250 	57.176 	107.374 	-0.127 	0.086 	0.075 	
-94.520 	-60.702 	204.568 	-0.118 	-0.032 	0.185 	
174.078 	2.463 	-40.091 	0.215 	0.040 	-0.014 	
33.014 	-152.628 	106.577 	0.020 	-0.157 	0.080 	
-136.017 	-12.360 	-79.648 	-0.164 	-0.001 	-0.052 	
-154.325 	230.640 	-203.174 	-0.146 	0.239 	-0.211 	
447.797 	-55.897 	-34.706 	0.478 	-0.109 	-0.027 	
132.735 	19.963 	-84.223 	0.138 	-0.011 	-0.044 	
201.370 	-76.170 	-116.183 	0.156 	-0.088 	-0.091 	
-277.667 	83.545 	424.539 	-0.264 	0.080 	0.451 	
202.940 	192.970 	9.266 	0.267 	0.171 	0.016 	
-352.342 	89.058 	169.013 	-0.395 	0.074 	0.164 	
122.568 	2.561 	-119.403 	0.103 	-0.028 	-0.132 	
-404.761 	-193.556 	374.510 	-0.452 	-0.198 	0.374 	
-328.400 	-150.865 	-59.654 	-0.354 	-0.132 	-0.017 	
-176.730 	-92.597 	-86.246 	-0.177 	-0.098 	-0.098 	
255.413 	230.264 	375.141 	0.271 	0.242 	0.334 	
66.016 	-93.304 	325.551 	0.088 	-0.078 	0.350 	
405.028 	219.619 	410.917 	0.402 	0.256 	0.440 	
347.693 	302.464 	302.091 	0.348 	0.320 	0.358 	
393.233 	-298.783 	-305.074 	0.369 	-0.322 	-0.329 	
230.003 	388.335 	26.354 	0.282 	0.391 	0.021 	
-170.791 	37.656 	77.517 	-0.201 	0.017 	0.112 	
-95.280 	12.723 	-209.755 	-0.075 	0.036 	-0.256 	
-25.827 	180.236 	197.444 	-0.063 	0.182 	0.200 	
-421.019 	-407.898 	196.826 	-0.440 	-0.383 	0.246 	
-175.039 	119.080 	-172.388 	-0.171 	0.141 	-0.155 	
-112.694 	-383.175 	-269.372 	-0.120 	-0.364 	-0.280 	
-240.637 	-355.340 	-212.320 	-0.194 	-0.357 	-0.216 	
40.679 	-397.834 	-330.836 	0.031 	-0.390 	-0.320 	
292.759 	130.447 	12.305 	0.356 	0.144 	0.026 	
376.350 	-20.962 	-291.263 	0.384 	-0.032 	-0.265 	
-212.715 	68.708 	-6.192 	-0.160 	0.060 	0.025 	
-132.611 	196.862 	101.415 	-0.181 	0.192 	0.103 	
396.336 	-146.371 	26.847 	0.397 	-0.186 	-0.007 	
-212.246 	160.791 	-392.834 	-0.230 	0.148 	-0.414 	
410.828 	-62.719 	236.528 	0.409 	-0.028 	0.264 	
41.596 	117.097 	92.500 	0.094 	0.145 	0.120 	
221.536 	-105.587 	-193.823 	0.260 	-0.078 	-0.169 	
-251.991 	343.702 	58.665 	-0.246 	0.308 	0.074 	
-34.442 	-339.801 	201.055 	0.006 	-0.306 	0.184 	
-75.147 	-41.735 	-341.978 	-0.032 	-0.028 	-0.331 	
-104.623 	8.919 	66.117 	-0.125 	0.021 	0.068 	
-60.815 	-367.275 	-325.092 	-0.042 	-0.348 	-0.357 	
-117.362 	-132.033 	401.445 	-0.089 	-0.159 	0.362 	
415.651 	-31.074 	-325.169 	0.450 	-0.066 	-0.320 	
-102.126 	75.343 	-86.355 	-0.097 	0.064 	-0.063 	
331.610 	-397.466 	349.782 	0.378 	-0.385 	0.355 	
-132.120 	-167.550 	131.563 	-0.128 	-0.128 	0.119 	
-146.047 	-44.552 	361.444 	-0.109 	-0.003 	0.371 	
36.911 	192.807 	36.478 	0.094 	0.193 	0.042 	
-380.166 	411.509 	-301.501 	-0.406 	0.419 	-0.303 	
-24.022 	-118.961 	-401.842 	0.033 	-0.105 	-0.419 	
-88.594 	-257.662 	249.874 	-0.069 	-0.208 	0.259 	
-213.953 	-185.761 	-174.519 	-0.256 	-0.199 	-0.179 	
211.614 	389.562 	-294.278 	0.223 	0.404 	-0.352 	
-198.305 	31.899 	259.215 	-0.248 	0.032 	0.263 	
13.985 	51.075 	228.404 	-0.015 	0.059 	0.191 	
-99.541 	-56.323 	212.712 	-0.092 	-0.054 	0.172 	
385.852 	-54.692 	-227.069 	0.387 	-0.104 	-0.249 	
452.694 	-412.645 	-25.575 	0.449 	-0.426 	0.011 	
-295.017 	-218.282 	0.611 	-0.334 	-0.249 	-0.026 	
39.041 	-363.762 	70.227 	0.009 	-0.343 	0.094 	
-146.520 	45.612 	355.889 	-0.162 	0.023 	0.335 	
-256.375 	417.510 	-5.205 	-0.210 	0.417 	0.020 	
-310.273 	-341.591 	151.608 	-0.303 	-0.321 	0.135 	
355.692 	-161.492 	-276.602 	0.376 	-0.148 	-0.322 	
-261.147 	-418.725 	247.505 	-0.266 	-0.385 	0.250 	
-183.107 	33.962 	137.159 	-0.184 	-0.012 	0.155 	
-192.452 	39.124 	361.546 	-0.194 	0.043 	0.403 	
-354.825 	258.464 	-105.413 	-0.347 	0.258 	-0.055 	
-297.210 	116.593 	6.780 	-0.343 	0.112 	0.017 	
-127.929 	82.657 	-214.172 	-0.122 	0.118 	-0.203 	
370.393 	414.564 	-395.623 	0.362 	0.469 	-0.421 	
-269.650 	166.375 	201.042 	-0.308 	0.168 	0.241 	
-361.335 	-27.532 	-350.369 	-0.334 	-0.038 	-0.354 	
183.795 	-263.637 	169.463 	0.207 	-0.292 	0.126 	
252.041 	325.488 	-46.153 	0.319 	0.334 	-0.027 	
361.704 	163.920 	-411.416 	0.342 	0.182 	-0.386 	
241.724 	121.957 	-299.256 	0.225 	0.108 	-0.257 	
-185.519 	-360.693 	-88.850 	-0.168 	-0.326 	-0.098 	
291.454 	-159.100 	79.004 	0.324 	-0.143 	0.028 	
-307.752 	169.128 	20.348 	-0.049 	0.379 	0.097 	
82.457 	-259.710 	399.751 	0.095 	-0.242 	0.356 	
-202.858 	146.256 	-137.855 	-0.212 	0.135 	-0.167 	
-274.255 	-8.230 	128.047 	-0.316 	-0.014 	0.154 	
298.261 	-98.314 	365.232 	0.338 	-0.116 	0.328 	
63.663 	-226.854 	-410.134 	0.095 	-0.250 	-0.369 	
413.616 	75.672 	-245.490 	0.469 	0.079 	-0.258 	
113.840 	-98.430 	332.929 	0.164 	-0.096 	0.328 	
-317.839 	349.449 	-86.041 	-0.264 	0.362 	-0.078 	
-158.033 	-167.948 	122.150 	-0.181 	-0.171 	0.150 	
-155.037 	-188.594 	23.854 	-0.148 	-0.190 	0.083 	
381.454 	-31.367 	158.096 	0.412 	0.013 	0.184 	
-267.063 	25.600 	203.354 	-0.282 	0.029 	0.266 	
32.047 	156.659 	-282.674 	-0.007 	0.164 	-0.315 	
-324.204 	-391.928 	-348.486 	-0.288 	-0.385 	-0.392 	
227.045 	344.683 	-157.345 	0.205 	0.329 	-0.151 	
-388.244 	188.695 	264.406 	-0.414 	0.198 	0.237 	
-388.254 	4.318 	166.269 	-0.437 	0.028 	0.161 	
149.215 	-322.432 	-376.511 	0.129 	-0.344 	-0.341 	
-339.545 	146.692 	14.724 	-0.605 	-0.014 	-0.007 	
-396.304 	-147.009 	180.839 	-0.387 	-0.158 	0.208 	
242.728 	-85.456 	-239.566 	0.234 	-0.092 	-0.289 	
88.213 	65.995 	15.408 	0.122 	0.084 	0.055 	
-11.231 	-120.192 	137.746 	-0.012 	-0.158 	0.092 	
-389.777 	53.171 	-212.240 	-0.420 	0.033 	-0.245 	
313.187 	-50.125 	422.687 	0.342 	-0.032 	0.468 	
-80.576 	-113.970 	274.475 	-0.083 	-0.148 	0.228 	
177.814 	-247.931 	-109.879 	0.150 	-0.243 	-0.094 	
38.060 	-31.776 	89.643 	0.062 	-0.066 	0.063 	
-352.682 	-404.684 	-219.698 	-0.369 	-0.439 	-0.217 	
211.756 	-236.688 	-375.037 	0.207 	-0.189 	-0.353 	
53.490 	-17.578 	-91.589 	0.093 	0.153 	-0.095 	
-172.543 	-81.070 	125.667 	-0.169 	-0.045 	0.137 	
412.373 	239.425 	-28.776 	0.478 	0.235 	-0.038 	
123.576 	-57.466 	-228.392 	0.100 	-0.050 	-0.244 	
-347.676 	99.273 	-420.328 	-0.336 	0.119 	-0.422 	
132.634 	158.542 	100.595 	0.167 	0.126 	0.132 	
437.203 	41.961 	-351.055 	0.406 	0.031 	-0.338 	
-169.891 	27.712 	-190.581 	-0.169 	0.062 	-0.219 	
-371.613 	365.762 	149.842 	-0.424 	0.378 	0.159 	
-13.427 	-330.061 	-349.409 	0.020 	-0.326 	-0.399 	
282.036 	368.765 	-180.983 	0.294 	0.372 	-0.240 	
220.422 	-171.746 	3.506 	0.211 	-0.170 	0.052 	
231.762 	-373.637 	-255.909 	0.211 	-0.358 	-0.298 	
155.907 	-164.822 	240.041 	0.136 	-0.172 	0.238 	
177.574 	-197.961 	281.294 	0.184 	-0.180 	0.295 	
379.687 	388.283 	-320.143 	0.365 	0.410 	-0.366 	
315.983 	-86.850 	215.280 	0.350 	-0.060 	0.258 	
134.583 	-118.077 	-82.911 	0.149 	-0.100 	-0.084 	
-133.160 	-166.500 	302.519 	-0.182 	-0.159 	0.312 	
-196.232 	-53.051 	334.502 	-0.199 	-0.097 	0.346 	
70.116 	-210.981 	-114.203 	0.081 	-0.206 	-0.135 	
-273.939 	-30.103 	5.492 	-0.282 	-0.046 	-0.012 	
-89.691 	320.546 	-422.541 	-0.041 	0.354 	-0.430 	
-291.656 	-106.616 	227.292 	-0.338 	-0.108 	0.216 	
-16.335 	-355.638 	331.429 	-0.013 	-0.333 	0.360 	
-195.829 	103.646 	337.781 	-0.156 	0.131 	0.337 	
-27.449 	-6.772 	230.570 	-0.049 	-0.014 	0.240 	
277.276 	-200.216 	36.655 	0.301 	-0.236 	-0.004 	
-74.709 	-161.323 	73.685 	-0.015 	-0.152 	0.102 	
-135.387 	-155.419 	319.055 	-0.078 	-0.149 	0.348 	
-379.936 	-115.073 	107.904 	-0.433 	-0.119 	0.114 	
-74.655 	-293.863 	-59.786 	-0.120 	-0.279 	-0.061 	
135.376 	-367.630 	228.599 	0.117 	-0.418 	0.215 	
159.768 	-296.697 	-106.585 	0.146 	-0.313 	-0.078 	
156.736 	-357.614 	-73.866 	0.176 	-0.386 	-0.040 	
141.618 	40.704 	339.650 	0.107 	0.013 	0.345 	
-359.862 	187.351 	34.489 	-0.386 	0.185 	0.023 	
-129.153 	112.918 	189.320 	-0.081 	0.089 	0.175 	
-124.908 	-219.267 	319.236 	-0.154 	-0.221 	0.370 	
-307.229 	-382.328 	281.586 	-0.312 	-0.374 	0.336 	
236.971 	263.165 	-409.120 	0.219 	0.253 	-0.388 	
-156.106 	218.373 	-398.968 	-0.140 	0.230 	-0.359 	
-69.284 	-312.661 	-243.333 	-0.021 	-0.320 	-0.261 	
-52.486 	7.933 	69.029 	-0.002 	-0.028 	0.055 	
262.071 	-127.116 	96.856 	0.282 	-0.130 	0.069 	
170.097 	128.895 	-247.007 	0.228 	0.132 	-0.243 	
-291.574 	-327.857 	234.024 	-0.269 	-0.376 	0.209 	
415.920 	-91.748 	-393.290 	0.464 	-0.089 	-0.421 	
-103.672 	279.356 	116.840 	-0.063 	0.301 	0.097 	
-228.135 	332.262 	-275.242 	-0.241 	0.335 	-0.292 	
-363.348 	221.912 	-111.169 	-0.319 	0.220 	-0.118 	
20.330 	150.579 	-40.182 	-0.010 	0.109 	-0.043 	
-388.974 	104.252 	40.106 	-0.356 	0.149 	0.029 	
-12.658 	-327.220 	-278.451 	-0.017 	-0.311 	-0.234 	
-279.330 	-182.147 	52.380 	-0.299 	-0.168 	0.011 	
182.493 	175.379 	-244.480 	0.235 	0.184 	-0.233 	
-276.323 	418.590 	18.540 	-0.288 	0.407 	0.060 	
186.025 	-50.585 	-298.565 	0.213 	-0.030 	-0.307 	
-57.518 	73.016 	-114.777 	-0.040 	0.029 	-0.084 	
-396.068 	-168.674 	-342.582 	-0.395 	-0.212 	-0.374 	
195.664 	-63.186 	41.017 	0.183 	-0.081 	0.063 	
-316.592 	-89.383 	345.660 	-0.329 	-0.078 	0.362 	
313.511 	-16.592 	326.235 	0.324 	-0.037 	0.295 	
141.662 	-6.610 	-272.359 	0.111 	-0.036 	-0.282 	
358.810 	126.175 	-1.878 	0.332 	0.136 	-0.032 	
165.961 	51.843 	253.622 	0.143 	0.072 	0.242 	
-5.122 	182.004 	-327.430 	-0.034 	0.189 	-0.308 	
367.477 	-307.028 	-150.476 	0.428 	-0.307 	-0.128 	
-355.473 	-360.873 	392.218 	-0.380 	-0.382 	0.397 	
-331.105 	-240.300 	-7.900 	-0.336 	-0.227 	-0.013 	
294.162 	61.689 	84.561 	0.247 	0.059 	0.087 	
400.609 	-117.009 	132.414 	0.418 	-0.102 	0.108 	
-350.555 	101.662 	144.413 	-0.344 	0.135 	0.192 	
50.355 	-32.138 	-9.795 	0.006 	-0.018 	0.002 	
-152.988 	-252.048 	311.829 	-0.113 	-0.241 	0.335 	
-66.737 	-183.134 	-184.424 	-0.042 	-0.205 	-0.159 	
390.508 	-123.039 	-280.930 	0.402 	-0.164 	-0.269 	
87.051 	-248.048 	-236.505 	0.039 	-0.236 	-0.225 	
276.736 	-355.162 	415.710 	0.314 	-0.324 	0.416 	
-397.485 	-176.206 	-214.909 	-0.383 	-0.155 	-0.204 	
-313.209 	-71.128 	-141.958 	-0.357 	-0.098 	-0.130 	
4.970 	-85.170 	322.763 	0.064 	-0.089 	0.325 	
187.186 	-232.244 	197.981 	0.252 	-0.237 	0.176 	
-182.367 	194.595 	174.381 	-0.227 	0.176 	0.190 	
-382.796 	-249.881 	302.489 	-0.379 	-0.202 	0.320 	
-280.483 	7.549 	76.774 	-0.303 	-0.005 	0.102 	
-263.227 	-294.561 	61.539 	-0.235 	-0.281 	0.041 	
354.400 	396.742 	247.568 	0.379 	0.351 	0.235 	
328.090 	183.148 	-59.014 	0.382 	0.213 	-0.076 	
-356.490 	-343.268 	63.904 	-0.360 	-0.336 	0.093 	
-278.472 	108.235 	174.046 	-0.302 	0.090 	0.162 	
-277.734 	14.078 	186.893 	-0.237 	0.041 	0.199 	
-213.707 	-86.043 	-385.079 	-0.225 	-0.113 	-0.435 	
-194.011 	-203.172 	-301.898 	-0.211 	-0.230 	-0.336 	
424.916 	419.595 	-227.473 	0.450 	0.464 	-0.210 	
413.808 	172.286 	-307.470 	0.432 	0.150 	-0.352 	
-107.288 	-154.967 	-131.370 	-0.112 	-0.188 	-0.118 	
-118.963 	-131.520 	286.050 	-0.116 	-0.182 	0.279 	
77.889 	-11.012 	69.502 	0.119 	-0.026 	0.042 	
115.991 	68.453 	102.030 	0.142 	0.044 	0.091 	
-216.254 	256.654 	249.863 	-0.254 	0.263 	0.249 	
-270.136 	358.435 	-374.751 	-0.281 	0.327 	-0.386 	
-122.642 	-286.786 	-401.563 	-0.111 	-0.251 	-0.430 	
373.536 	-176.974 	-274.828 	0.336 	-0.170 	-0.260 	
-7.820 	-3.610 	-257.864 	-0.005 	0.005 	-0.266 	
119.830 	299.888 	120.625 	0.136 	0.339 	0.139 	
174.671 	-41.339 	19.437 	0.223 	-0.035 	-0.020 	
159.417 	210.962 	190.248 	0.177 	0.199 	0.250 	
91.162 	-170.926 	-201.656 	0.128 	-0.165 	-0.181 	
325.619 	-296.664 	-260.079 	0.389 	-0.310 	-0.264 	
110.807 	92.859 	-237.347 	0.124 	0.102 	-0.258 	
-289.514 	-259.411 	-11.495 	-0.270 	-0.303 	-0.009 	
267.412 	155.705 	184.580 	0.226 	0.152 	0.194 	
272.886 	146.800 	62.101 	0.330 	0.119 	0.037 	
-43.416 	-370.305 	299.735 	-0.034 	-0.383 	0.361 	
-13.385 	137.379 	374.164 	0.037 	0.136 	0.345 	
263.546 	-23.607 	339.124 	0.318 	-0.013 	0.335 	
359.419 	157.559 	-42.216 	0.359 	0.137 	-0.017 	
-250.495 	-429.763 	412.326 	-0.234 	-0.454 	0.452 	
-431.574 	-385.126 	397.860 	-0.464 	-0.372 	0.414 	
382.699 	368.727 	3.233 	0.442 	0.351 	-0.000 	
426.982 	128.445 	349.197 	0.443 	0.081 	0.380 	
186.390 	64.415 	302.051 	0.163 	0.051 	0.291 	
-280.484 	-53.931 	-357.890 	-0.288 	-0.044 	-0.357 	
259.655 	152.204 	-120.657 	0.322 	0.161 	-0.136 	
-93.985 	237.545 	-392.388 	-0.105 	0.213 	-0.365 	
174.551 	178.105 	-44.500 	0.167 	0.181 	-0.059 	
241.297 	-171.737 	-235.934 	0.257 	-0.157 	-0.221 	
335.829 	285.236 	372.673 	0.340 	0.327 	0.403 	
81.128 	364.325 	-266.094 	0.037 	0.355 	-0.256 	
-383.740 	52.835 	145.068 	-0.366 	0.072 	0.150 	
77.447 	-386.167 	300.541 	0.113 	-0.400 	0.264 	
145.629 	-124.024 	-42.460 	0.125 	-0.172 	-0.041 	
309.913 	-11.991 	-15.573 	0.318 	0.028 	-0.036 	
-211.239 	159.309 	-259.770 	-0.188 	0.184 	-0.285 	
211.397 	-322.297 	189.302 	0.198 	-0.359 	0.200 	
305.588 	340.308 	-0.609 	0.349 	0.349 	0.019 	
233.336 	-410.014 	345.202 	0.228 	-0.366 	0.342 	
397.223 	-74.194 	66.407 	0.415 	-0.023 	0.092 	
463.634 	359.624 	232.242 	0.454 	0.361 	0.241 	
80.971 	-292.441 	166.329 	0.129 	-0.308 	0.168 	
-225.514 	-386.955 	385.124 	-0.235 	-0.427 	0.393 	
134.043 	-114.676 	-99.041 	0.189 	-0.081 	-0.093 	
-7.576 	25.013 	87.075 	-0.036 	0.012 	0.064 	
-330.412 	415.666 	375.793 	-0.371 	0.467 	0.371 	
-25.849 	30.121 	373.022 	0.029 	0.043 	0.355 	
-41.597 	327.925 	344.583 	-0.057 	0.366 	0.326 	
264.368 	-292.304 	333.736 	0.310 	-0.328 	0.362 	
-311.055 	-377.736 	341.247 	-0.326 	-0.335 	0.351 	
-366.447 	-260.967 	279.158 	-0.384 	-0.242 	0.287 	
-304.177 	237.975 	108.384 	-0.283 	0.271 	0.133 	
-110.371 	-428.520 	89.388 	-0.058 	-0.444 	0.082 	
30.060 	-214.863 	291.972 	0.056 	-0.212 	0.302 	
-3.196 	66.396 	24.253 	-0.016 	0.042 	0.050 	
-307.746 	-380.852 	-347.894 	-0.348 	-0.389 	-0.309 	
-221.013 	13.342 	228.237 	-0.197 	-0.018 	0.217 	
342.164 	112.951 	25.940 	0.309 	0.113 	0.057 	
135.047 	-193.186 	261.801 	0.159 	-0.230 	0.298 	
-333.613 	-209.172 	-284.241 	-0.321 	-0.185 	-0.273 	
46.855 	-46.966 	-90.829 	0.007 	-0.225 	-0.085 	
442.221 	34.005 	-8.188 	0.424 	0.030 	0.019 	
-214.479 	-275.157 	-292.502 	-0.200 	-0.294 	-0.268 	
297.559 	-218.757 	4.729 	0.351 	-0.213 	0.031 	
-146.478 	299.057 	262.206 	-0.101 	0.292 	0.253 	
68.536 	-112.093 	377.176 	0.070 	-0.103 	0.365 	
340.630 	-38.434 	213.804 	0.366 	-0.053 	0.191 	
-129.158 	-1.589 	-412.335 	-0.110 	0.021 	-0.439 	
-195.460 	-31.385 	-30.808 	-0.200 	-0.076 	-0.005 	
105.148 	330.832 	165.587 	0.081 	0.343 	0.174 	
-352.188 	121.056 	-52.766 	-0.390 	0.094 	-0.076 	
229.388 	-237.714 	135.992 	0.214 	-0.210 	0.109 	
-37.282 	89.954 	-81.694 	-0.085 	0.081 	-0.092 	
308.678 	-323.263 	47.135 	0.318 	-0.341 	0.073 	
76.273 	-90.618 	128.021 	0.031 	-0.077 	0.119 	
376.125 	-353.434 	140.837 	0.426 	-0.340 	0.139 	
-229.238 	43.737 	-28.300 	-0.191 	0.041 	-0.029 	
-310.938 	2.906 	358.728 	-0.331 	0.049 	0.354 	
421.581 	198.569 	-83.397 	0.438 	0.164 	-0.038 	
-284.029 	301.974 	-217.509 	-0.257 	0.333 	-0.198 	
-299.344 	314.644 	-110.209 	-0.251 	0.318 	-0.120 	
327.944 	-146.336 	-52.105 	0.311 	-0.096 	-0.042 	
-354.986 	61.447 	316.566 	-0.338 	0.079 	0.322 	
305.858 	-228.765 	-413.661 	0.363 	-0.204 	-0.423 	
-297.836 	-412.518 	-220.129 	-0.297 	-0.404 	-0.222 	
-122.929 	-48.490 	330.308 	-0.081 	-0.043 	0.316 	
-11.027 	-213.962 	13.480 	-0.032 	-0.211 	-0.039 	
-73.791 	-55.764 	127.327 	-0.027 	-0.055 	0.165 	
218.524 	96.069 	74.810 	0.262 	0.119 	0.105 	
124.969 	-362.102 	-22.435 	0.165 	-0.331 	0.005 	
262.231 	-368.241 	-356.963 	0.218 	-0.376 	-0.367 	
-250.122 	386.067 	-92.081 	-0.244 	0.368 	-0.110 	
-342.838 	316.132 	99.789 	-0.303 	0.353 	0.095 	
-10.202 	-27.460 	-96.274 	-0.000 	-0.032 	-0.120 	
-75.424 	-334.012 	251.194 	-0.016 	-0.332 	0.246 	
114.731 	-153.359 	337.896 	0.112 	-0.129 	0.386 	
332.887 	257.593 	-371.133 	0.374 	0.303 	-0.392 	
15.508 	-212.858 	-119.218 	0.005 	-0.220 	-0.078 	
383.928 	310.259 	-2.395 	0.449 	0.302 	-0.017 	
-201.740 	267.273 	-444.819 	-0.158 	0.250 	-0.451 	
-6.025 	66.417 	-62.846 	-0.016 	0.028 	-0.088 	
-377.742 	-75.143 	135.829 	-0.337 	-0.086 	0.147 	
203.873 	-14.908 	-8.330 	0.202 	-0.054 	0.014 	
-111.924 	-78.476 	393.263 	-0.126 	-0.087 	0.350 	
-79.803 	-3.290 	-425.967 	-0.066 	0.027 	-0.438 	
363.811 	132.785 	166.808 	0.328 	0.136 	0.154 	
-369.590 	-228.318 	-434.718 	-0.349 	-0.220 	-0.488 	
404.676 	-107.238 	82.105 	0.394 	-0.078 	0.097 	
237.038 	-384.029 	24.267 	0.255 	-0.406 	0.065 	
162.254 	399.212 	-263.974 	0.212 	0.375 	-0.252 	
339.299 	69.966 	-285.506 	0.318 	0.107 	-0.274 	
-12.913 	-409.971 	391.562 	0.020 	-0.456 	0.383 	
98.068 	-135.254 	140.806 	0.165 	-0.140 	0.132 	
-33.009 	415.512 	184.201 	0.024 	0.428 	0.195 	
297.092 	-207.314 	-260.898 	0.355 	-0.228 	-0.265 	
147.971 	381.675 	-57.514 	0.174 	0.400 	-0.013 	
243.768 	107.440 	-133.236 	0.199 	0.118 	-0.126 	
367.294 	419.388 	-97.685 	0.343 	0.386 	-0.097 	
135.512 	209.234 	-135.289 	0.203 	0.210 	-0.131 	
96.771 	-86.001 	-52.003 	0.150 	-0.111 	-0.057 	
117.168 	-87.675 	189.506 	0.127 	-0.092 	0.134 	
-86.139 	-281.083 	-205.634 	-0.121 	-0.290 	-0.178 	
-437.486 	-158.572 	314.483 	-0.414 	-0.134 	0.307 	
-367.918 	-282.495 	-6.699 	-0.356 	-0.313 	-0.046 	
108.987 	328.661 	196.550 	0.097 	0.375 	0.198 	
-50.407 	-124.847 	167.287 	-0.097 	-0.124 	0.168 	
215.443 	-388.417 	39.983 	0.235 	-0.408 	0.057 	
-288.691 	-171.724 	270.639 	-0.431 	-0.168 	0.255 	
427.235 	-337.094 	-403.846 	0.275 	-0.379 	-0.392 	
-234.191 	-186.759 	-323.639 	-0.410 	-0.154 	-0.335 	
-15.309 	-381.694 	141.143 	-0.151 	-0.368 	0.184 	
436.428 	230.783 	-41.194 	0.239 	0.205 	-0.059 	
-81.464 	-337.407 	194.512 	-0.289 	-0.357 	0.215 	
579.152 	-331.420 	-346.955 	0.436 	-0.365 	-0.375 	
459.599 	-242.405 	183.464 	0.297 	-0.249 	0.227 	
37.060 	-240.143 	-365.510 	-0.175 	-0.215 	-0.371 	
334.131 	212.132 	-264.786 	0.148 	0.215 	-0.297 	
436.872 	105.909 	70.404 	0.305 	0.138 	0.039 	
256.632 	43.814 	97.652 	0.034 	0.009 	0.103 	
-237.454 	375.413 	414.857 	-0.440 	0.370 	0.398 	
340.148 	-292.264 	151.348 	0.122 	-0.306 	0.157 	
285.929 	434.100 	430.374 	0.125 	0.454 	0.398 	
91.550 	337.410 	280.381 	-0.045 	0.352 	0.252 	
393.717 	-140.844 	144.774 	0.269 	-0.123 	0.172 	
277.008 	-419.549 	389.877 	0.062 	-0.422 	0.402 	
76.578 	392.867 	105.199 	-0.076 	0.401 	0.147 	
349.670 	-373.938 	369.717 	0.200 	-0.403 	0.360 	
228.629 	109.028 	192.522 	0.042 	0.113 	0.204 	
-63.376 	412.482 	-414.322 	-0.189 	0.404 	-0.410 	
207.468 	124.281 	4.930 	0.095 	0.144 	0.007 	
471.398 	-3.894 	-26.481 	0.277 	0.031 	-0.054 	
-269.897 	153.750 	-233.035 	-0.497 	0.160 	-0.234 	
205.776 	296.630 	159.205 	0.013 	0.307 	0.197 	
176.318 	-114.056 	-12.010 	0.016 	-0.151 	0.006 	
115.058 	-287.134 	-77.768 	-0.072 	-0.324 	-0.053 	
-106.744 	-82.327 	-84.658 	-0.331 	-0.071 	-0.095 	
-17.291 	205.695 	-410.964 	-0.147 	0.191 	-0.412 	
180.749 	154.871 	-95.780 	0.060 	0.151 	-0.068 	
-38.752 	367.611 	107.134 	-0.194 	0.408 	0.109 	
-100.153 	293.347 	-343.559 	-0.315 	0.287 	-0.376 	
166.276 	359.119 	329.035 	-0.018 	0.377 	0.302 	
271.309 	-429.420 	352.735 	0.094 	-0.410 	0.356 	
236.260 	-358.104 	22.684 	0.092 	-0.342 	0.050 	
228.581 	-83.729 	-319.812 	0.025 	-0.065 	-0.330 	
-162.255 	143.921 	347.162 	-0.363 	0.112 	0.386 	
-273.749 	300.843 	-10.835 	-0.472 	0.251 	0.009 	
484.145 	10.354 	-289.025 	0.338 	0.015 	-0.249 	
-63.449 	-192.805 	-212.069 	-0.224 	-0.160 	-0.246 	
-192.520 	-249.606 	-125.500 	-0.328 	-0.210 	-0.136 	
403.051 	-387.802 	-232.435 	0.194 	-0.384 	-0.239 	
-170.113 	106.702 	-298.529 	-0.330 	0.127 	-0.255 	
2.184 	-100.757 	-91.217 	-0.209 	-0.063 	-0.114 	
490.482 	393.967 	-250.451 	0.339 	0.440 	-0.222 	
308.825 	-294.302 	-210.493 	0.141 	-0.274 	-0.249 	
-141.747 	373.304 	-353.703 	-0.318 	0.338 	-0.379 	
-22.964 	-196.704 	-167.254 	-0.137 	-0.214 	-0.169 	
185.104 	-56.284 	121.566 	-0.032 	-0.066 	0.122 	
150.731 	-11.335 	28.717 	-0.027 	0.014 	0.014 	
256.056 	431.822 	-35.697 	0.140 	0.457 	-0.036 	
259.235 	-261.470 	-133.638 	0.149 	-0.263 	-0.128 	
414.853 	171.273 	148.624 	0.239 	0.188 	0.147 	
-195.652 	-94.168 	260.300 	-0.379 	-0.047 	0.233 	
16.820 	253.615 	224.502 	-0.137 	0.290 	0.262 	
-105.869 	176.375 	319.127 	-0.330 	0.184 	0.319 	
-14.484 	-116.933 	-192.344 	-0.158 	-0.075 	-0.176 	
-165.358 	-160.521 	-159.202 	-0.302 	-0.202 	-0.148 	
-145.261 	-27.210 	63.580 	-0.312 	0.008 	0.034 	
6.394 	-382.839 	100.732 	-0.123 	-0.360 	0.123 	
246.252 	-51.843 	0.666 	0.091 	-0.053 	-0.019 	
324.180 	126.526 	240.746 	0.209 	0.132 	0.212 	
172.414 	-65.089 	-384.091 	-0.040 	-0.039 	-0.378 	
108.785 	-227.721 	-164.870 	-0.034 	-0.196 	-0.182 	
323.574 	-22.404 	364.804 	0.168 	-0.029 	0.371 	
217.428 	-103.246 	35.791 	0.017 	-0.119 	0.081 	
172.694 	-379.476 	372.336 	0.024 	-0.352 	0.395 	
267.571 	64.597 	182.513 	0.109 	0.080 	0.184 	
210.614 	-326.908 	-36.193 	-0.007 	-0.338 	-0.042 	
191.102 	-340.619 	-163.836 	-0.019 	-0.333 	-0.181 	
-215.117 	-348.872 	-35.497 	-0.392 	-0.322 	-0.025 	
-179.697 	-250.248 	-118.639 	-0.407 	-0.265 	-0.111 	
465.850 	-341.545 	-66.782 	0.345 	-0.365 	-0.102 	
70.329 	-134.096 	-181.542 	-0.116 	-0.176 	-0.209 	
80.776 	-52.045 	24.262 	-0.126 	-0.057 	0.029 	
-20.435 	290.018 	-199.927 	-0.168 	0.319 	-0.230 	
-20.486 	122.287 	156.567 	-0.215 	0.152 	0.124 	
95.732 	93.358 	-214.136 	-0.119 	0.128 	-0.208 	
-221.917 	-274.810 	177.927 	-0.360 	-0.257 	0.171 	
301.568 	-294.275 	-92.455 	0.175 	-0.290 	-0.065 	
467.398 	65.147 	307.758 	0.267 	0.085 	0.310 	
-233.111 	221.528 	307.349 	-0.375 	0.226 	0.286 	
6.927 	104.217 	130.092 	-0.214 	0.104 	0.119 	
-95.795 	-349.177 	429.493 	-0.245 	-0.306 	0.451 	
-92.406 	-210.657 	-4.848 	-0.273 	-0.241 	0.042 	
-135.128 	41.389 	-295.192 	-0.290 	0.043 	-0.317 	
443.250 	14.078 	-333.442 	0.324 	0.002 	-0.329 	
179.796 	123.062 	376.979 	0.044 	0.153 	0.368 	
-122.248 	223.199 	208.340 	-0.268 	0.211 	0.187 	
-39.745 	220.866 	282.083 	-0.155 	0.215 	0.288 	
-221.015 	277.317 	55.565 	-0.410 	0.334 	0.062 	
12.340 	-108.763 	-204.935 	-0.133 	-0.151 	-0.173 	
4.008 	-326.760 	46.813 	-0.176 	-0.328 	0.091 	
508.218 	350.467 	-269.631 	0.403 	0.369 	-0.274 	
128.011 	-277.931 	-234.773 	0.006 	-0.282 	-0.280 	
-87.904 	-328.466 	-333.125 	-0.257 	-0.384 	-0.319 	
295.430 	442.157 	-157.935 	0.104 	0.472 	-0.191 	
270.983 	-223.050 	325.190 	0.076 	-0.244 	0.339 	
541.546 	-24.245 	-263.784 	0.426 	-0.040 	-0.275 	
292.533 	-56.992 	71.507 	0.098 	-0.060 	0.072 	
256.861 	397.391 	-210.840 	0.060 	0.413 	-0.222 	
-151.330 	-210.358 	-164.849 	-0.307 	-0.156 	-0.168 	
-13.521 	407.895 	-108.760 	-0.195 	0.375 	-0.094 	
-32.290 	-82.386 	-341.174 	-0.174 	-0.080 	-0.346 	
301.038 	-368.532 	-202.627 	0.162 	-0.405 	-0.177 	
419.841 	-135.228 	-35.706 	0.242 	-0.101 	0.003 	
500.031 	2.908 	241.588 	0.387 	0.006 	0.248 	
311.424 	307.388 	-402.158 	0.195 	0.308 	-0.423 	
-231.980 	116.640 	278.630 	-0.353 	0.127 	0.271 	
61.043 	-10.778 	97.730 	-0.071 	0.006 	0.121 	
22.298 	309.856 	272.808 	-0.168 	0.333 	0.286 	
561.441 	349.548 	-69.360 	0.415 	0.361 	-0.082 	
-218.421 	83.964 	285.421 	-0.406 	0.039 	0.277 	
-314.811 	93.961 	-301.648 	-0.455 	0.111 	-0.311 	
-135.723 	-136.241 	-53.609 	-0.315 	-0.157 	-0.072 	
299.001 	127.783 	-156.674 	0.092 	0.133 	-0.192 	
436.902 	379.841 	-242.031 	0.284 	0.421 	-0.274 	
-143.022 	197.130 	6.663 	-0.320 	0.162 	-0.020 	
238.485 	44.110 	89.385 	0.023 	0.034 	0.078 	
246.436 	-321.688 	-157.219 	0.031 	-0.333 	-0.173 	
-160.588 	-53.625 	-228.429 	-0.370 	-0.048 	-0.207 	
538.724 	259.151 	-253.461 	0.427 	0.285 	-0.267 	
414.272 	43.202 	258.541 	0.271 	0.071 	0.223 	
257.915 	393.406 	84.789 	0.075 	0.366 	0.075 	
293.416 	-83.117 	-177.566 	0.097 	-0.106 	-0.148 	
500.103 	312.019 	-279.673 	0.300 	0.325 	-0.284 	
507.190 	92.829 	-122.858 	0.395 	0.101 	-0.125 	
-81.517 	142.464 	-96.657 	-0.296 	0.106 	-0.077 	
-49.211 	-389.243 	-93.728 	-0.207 	-0.357 	-0.108 	
357.592 	416.290 	-410.763 	0.178 	0.442 	-0.412 	
513.250 	128.540 	-104.833 	0.357 	0.164 	-0.107 	
-136.972 	-249.720 	-275.749 	-0.329 	-0.256 	-0.245 	
-210.887 	17.800 	199.526 	-0.438 	0.025 	0.222 	
521.149 	-234.969 	369.867 	0.399 	-0.226 	0.338 	
495.025 	19.535 	173.916 	0.289 	0.028 	0.180 	
220.632 	289.589 	242.569 	0.074 	0.326 	0.255 	
-221.584 	357.096 	-247.344 	-0.429 	0.352 	-0.288 	
-278.982 	32.873 	386.560 	-0.398 	0.036 	0.406 	
521.886 	-248.635 	-174.634 	0.367 	-0.295 	-0.186 	
1.253 	170.951 	158.619 	-0.224 	0.167 	0.177 	
358.233 	275.308 	92.272 	0.186 	0.276 	0.114 	
424.344 	-41.354 	149.881 	0.296 	-0.058 	0.157 	
445.768 	161.042 	174.152 	0.256 	0.133 	0.142 	
-190.900 	-83.488 	340.957 	-0.334 	-0.089 	0.384 	
532.205 	-329.777 	188.186 	0.392 	-0.323 	0.200 	
76.207 	284.106 	-381.442 	-0.132 	0.288 	-0.388 	
-68.180 	-251.426 	360.297 	-0.255 	-0.262 	0.392 	
186.539 	228.320 	20.911 	0.051 	0.230 	0.006 	
219.504 	-15.010 	32.184 	0.084 	0.010 	0.061 	
268.723 	285.909 	392.617 	0.141 	0.331 	0.398 	
-150.500 	14.599 	-34.502 	-0.349 	0.056 	-0.032 	
-268.571 	113.096 	-390.602 	-0.434 	0.126 	-0.371 	
265.627 	199.728 	63.641 	0.140 	0.211 	0.061 	
41.565 	-268.639 	117.347 	-0.147 	-0.300 	0.103 	
322.010 	-70.957 	-167.786 	0.208 	-0.076 	-0.166 	
40.283 	-37.350 	314.334 	-0.125 	-0.053 	0.285 	
-213.384 	280.876 	369.609 	-0.363 	0.309 	0.415 	
383.550 	-219.016 	-7.160 	0.241 	-0.206 	0.035 	
-129.328 	-201.954 	-105.374 	-0.341 	-0.193 	-0.104 	
199.069 	318.533 	179.073 	-0.001 	0.327 	0.180 	
-45.467 	-103.328 	-390.138 	-0.160 	-0.108 	-0.389 	
-92.242 	-1.089 	-322.856 	-0.311 	0.024 	-0.328 	
141.638 	200.205 	34.873 	0.002 	0.234 	0.023 	
-75.287 	-232.523 	-15.017 	-0.267 	-0.200 	0.016 	
-196.971 	-381.909 	374.558 	-0.383 	-0.382 	0.423 	
221.134 	2.859 	128.099 	0.080 	-0.003 	0.145 	
563.442 	186.222 	-160.307 	0.386 	0.176 	-0.151 	
537.625 	-270.910 	288.561 	0.406 	-0.292 	0.300 	
-282.057 	-242.693 	5.023 	-0.459 	-0.211 	-0.001 	
9.992 	59.431 	-337.604 	-0.197 	0.068 	-0.310 	
186.393 	-51.671 	173.306 	-0.014 	-0.024 	0.204 	
495.447 	-115.982 	-70.655 	0.284 	-0.140 	-0.072 	
176.372 	-12.446 	-254.380 	0.033 	-0.003 	-0.265 	
573.599 	-373.789 	-430.693 	0.423 	-0.361 	-0.477 	
94.282 	-276.672 	-58.083 	-0.060 	-0.238 	-0.097 	
-83.351 	335.808 	367.792 	-0.228 	0.337 	0.364 	
461.241 	48.153 	-310.708 	0.256 	0.052 	-0.323 	
36.050 	323.311 	207.578 	-0.167 	0.335 	0.189 	
-124.533 	-112.498 	-131.825 	-0.328 	-0.095 	-0.177 	
188.449 	23.104 	134.084 	-0.012 	0.011 	0.091 	
22.653 	-196.314 	238.584 	-0.180 	-0.183 	0.237 	
113.457 	273.880 	73.371 	-0.052 	0.232 	0.088 	
275.652 	-41.937 	-266.084 	0.062 	-0.069 	-0.251 	
-20.144 	-178.884 	318.095 	-0.182 	-0.130 	0.326 	
534.711 	-107.556 	-422.922 	0.384 	-0.142 	-0.421 	
507.911 	-9.131 	-314.663 	0.386 	-0.014 	-0.365 	
376.293 	-2.647 	389.013 	0.164 	0.015 	0.396 	
45.377 	-231.717 	-220.395 	-0.115 	-0.230 	-0.176 	
282.253 	-463.414 	375.751 	0.126 	-0.421 	0.375 	
-207.335 	-161.357 	381.335 	-0.340 	-0.167 	0.372 	
-41.301 	-64.380 	-351.782 	-0.217 	-0.040 	-0.346 	
144.493 	324.139 	1.820 	-0.061 	0.354 	0.029 	
295.955 	184.910 	-357.755 	0.132 	0.167 	-0.359 	
359.998 	231.518 	-335.826 	0.214 	0.267 	-0.346 	
-287.557 	46.589 	239.867 	-0.454 	0.061 	0.250 	
-116.800 	-13.653 	323.126 	-0.295 	-0.068 	0.320 	
172.769 	259.026 	170.514 	-0.042 	0.261 	0.206 	
51.991 	400.696 	364.130 	-0.064 	0.405 	0.368 	
-92.975 	-121.752 	391.930 	-0.300 	-0.131 	0.390 	
404.903 	231.194 	-134.164 	0.207 	0.231 	-0.116 	
165.612 	-127.957 	122.536 	-0.049 	-0.100 	0.120 	
-127.120 	339.944 	-359.885 	-0.294 	0.380 	-0.339 	
454.162 	296.151 	39.164 	0.347 	0.306 	0.044 	
399.584 	364.353 	121.331 	0.291 	0.368 	0.134 	
-195.303 	-353.697 	-193.469 	-0.406 	-0.383 	-0.195 	
560.729 	-209.603 	240.209 	0.361 	-0.248 	0.244 	
-30.440 	-62.035 	68.810 	-0.148 	-0.066 	0.058 	
-135.233 	97.201 	171.994 	-0.362 	0.087 	0.169 	
-179.203 	-135.461 	34.282 	-0.408 	-0.139 	0.037 	
530.256 	234.684 	370.422 	0.390 	0.223 	0.343 	
561.787 	-140.029 	-8.751 	0.407 	-0.141 	-0.033 	
196.213 	-347.386 	-117.030 	0.086 	-0.350 	-0.120 	
-119.182 	194.206 	-107.403 	-0.245 	0.183 	-0.127 	
135.196 	-323.364 	-357.918 	-0.087 	-0.327 	-0.367 	
-288.316 	-126.853 	379.278 	-0.486 	-0.158 	0.347 	
-129.108 	73.311 	237.487 	-0.351 	0.079 	0.225 	
270.593 	-297.452 	165.689 	0.063 	-0.322 	0.192 	
112.498 	-255.037 	18.416 	-0.045 	-0.219 	0.041 	
54.151 	-50.930 	-138.138 	-0.065 	-0.040 	-0.140 	
232.111 	-198.278 	103.456 	0.021 	-0.168 	0.102 	
-157.404 	-190.716 	-20.481 	-0.313 	-0.206 	0.020 	
-203.038 	170.497 	-80.823 	-0.432 	0.178 	-0.063 	
-165.232 	-274.368 	-257.775 	-0.336 	-0.306 	-0.254 	
524.889 	-362.395 	103.708 	0.402 	-0.391 	0.108 	
-9.110 	389.092 	86.825 	-0.186 	0.381 	0.136 	
-192.909 	-81.501 	-26.686 	-0.325 	-0.130 	-0.015 	
544.337 	-118.486 	367.593 	0.388 	-0.136 	0.398 	
197.709 	67.932 	265.375 	0.057 	0.047 	0.297 	
287.654 	-58.680 	-312.391 	0.105 	-0.084 	-0.279 	
69.337 	190.760 	24.437 	-0.123 	0.205 	0.003 	
607.927 	372.099 	260.612 	0.430 	0.406 	0.230 	
-113.018 	-136.843 	466.624 	-0.327 	-0.164 	0.550 	
-216.508 	97.485 	-263.987 	-0.353 	0.085 	-0.270 	
-11.194 	-81.826 	133.719 	-0.217 	-0.039 	0.144 	
582.699 	-194.753 	-340.520 	0.390 	-0.190 	-0.333 	
-99.595 	171.613 	55.845 	-0.259 	0.164 	0.038 	
45.218 	287.625 	24.266 	-0.140 	0.249 	0.020 	
221.211 	17.325 	371.081 	0.082 	0.068 	0.368 	
0.275 	-183.109 	122.917 	-0.139 	-0.208 	0.134 	
-112.571 	252.372 	157.603 	-0.242 	0.235 	0.186 	
321.158 	159.131 	63.127 	0.158 	0.151 	0.122 	
125.697 	-41.856 	129.362 	-0.079 	-0.018 	0.152 	
535.698 	-271.574 	272.870 	0.338 	-0.256 	0.300 	
226.137 	341.070 	-29.459 	0.092 	0.359 	-0.016 	
-95.890 	144.503 	241.382 	-0.244 	0.181 	0.225 	
-263.246 	-144.027 	-332.616 	-0.417 	-0.110 	-0.344 	
542.375 	149.382 	271.802 	0.365 	0.201 	0.255 	
339.299 	-283.425 	-135.149 	0.225 	-0.276 	-0.144 	
-23.725 	-52.739 	293.215 	-0.205 	-0.026 	0.246 	
142.354 	-151.232 	434.357 	-0.050 	-0.185 	0.401 	
84.270 	-298.848 	396.257 	-0.078 	-0.336 	0.355 	
-266.591 	289.234 	-258.522 	-0.416 	0.269 	-0.293 	
400.918 	-72.856 	-69.100 	0.294 	-0.079 	-0.055 	
275.426 	146.499 	178.739 	0.111 	0.194 	0.206 	
43.678 	-117.206 	-240.865 	-0.125 	-0.157 	-0.223 	
26.533 	-87.298 	114.479 	-0.190 	-0.084 	0.116 	
-211.098 	45.135 	54.004 	-0.328 	0.043 	0.061 	
421.134 	-31.954 	-47.544 	0.244 	-0.050 	-0.041 	
317.965 	-182.382 	233.628 	0.202 	-0.187 	0.235 	
86.082 	-158.535 	279.130 	-0.132 	-0.185 	0.273 	
-261.897 	0.650 	301.055 	-0.451 	0.001 	0.301 	
-44.299 	59.324 	92.757 	-0.265 	0.067 	0.095 	
543.207 	-242.607 	2.174 	0.355 	-0.286 	-0.013 	
83.984 	120.141 	-241.267 	-0.098 	0.083 	-0.220 	
-14.390 	171.498 	370.105 	-0.142 	0.149 	0.387 	
435.709 	-262.794 	-98.643 	0.289 	-0.263 	-0.085 	
527.205 	-37.049 	-219.882 	0.402 	-0.053 	-0.191 	
515.324 	353.965 	442.649 	0.333 	0.348 	0.452 	
459.202 	-428.882 	-249.060 	0.295 	-0.421 	-0.213 	
455.271 	128.695 	146.840 	0.343 	0.122 	0.125 	
534.312 	-240.302 	133.319 	0.428 	-0.239 	0.137 	
185.014 	-352.334 	234.107 	0.034 	-0.315 	0.247 	
224.702 	35.522 	-296.879 	0.108 	0.043 	-0.312 	
551.652 	262.056 	172.815 	0.355 	0.277 	0.203 	
62.752 	-67.502 	-4.724 	-0.155 	-0.087 	-0.001 	
-122.377 	48.796 	-262.092 	-0.313 	0.016 	-0.299 	
227.107 	179.532 	105.414 	0.028 	0.206 	0.149 	
-130.535 	-26.286 	287.475 	-0.304 	0.028 	0.293 	
10.829 	-94.949 	383.643 	-0.175 	-0.152 	0.380 	
-230.723 	181.070 	106.775 	-0.440 	0.208 	0.112 	
-306.430 	203.172 	329.292 	-0.435 	0.203 	0.346 	
18.124 	-86.469 	314.650 	-0.165 	-0.051 	0.298 	
578.725 	-284.803 	-299.783 	0.390 	-0.283 	-0.345 	
235.010 	-397.998 	413.193 	0.019 	-0.416 	0.418 	
-88.858 	212.862 	87.628 	-0.233 	0.225 	0.073 	
-274.592 	154.406 	298.181 	-0.397 	0.150 	0.317 	
-196.427 	-11.999 	244.045 	-0.315 	-0.005 	0.247 	
201.639 	215.553 	243.735 	-0.012 	0.190 	0.255 	
203.459 	-126.813 	-44.257 	0.073 	-0.127 	-0.045 	
254.775 	95.200 	64.854 	0.072 	0.052 	0.057 	
-15.896 	-275.373 	157.499 	-0.146 	-0.320 	0.134 	
251.989 	-74.934 	157.876 	0.103 	-0.080 	0.127 	
392.513 	97.322 	254.042 	0.272 	0.118 	0.227 	
339.400 	36.860 	-235.734 	0.146 	0.048 	-0.241 	
234.171 	3.520 	-113.660 	0.063 	0.030 	-0.132 	
-262.550 	-301.397 	394.694 	-0.466 	-0.311 	0.432 	
-115.827 	393.222 	219.045 	-0.296 	0.384 	0.254 	
-23.568 	-372.842 	307.830 	-0.170 	-0.348 	0.288 	
67.915 	-51.249 	312.600 	-0.095 	-0.092 	0.280 	
72.412 	-62.675 	-76.430 	-0.149 	-0.076 	-0.100 	
573.693 	137.725 	415.387 	0.442 	0.152 	0.416 	
3.806 	-365.849 	-352.247 	-0.118 	-0.372 	-0.371 	
319.184 	396.419 	-34.696 	0.161 	0.438 	-0.063 	
235.433 	424.461 	-426.413 	0.106 	0.443 	-0.407 	
74.085 	270.681 	156.526 	-0.083 	0.295 	0.166 	
-7.655 	272.814 	-0.008 	-0.180 	0.273 	-0.052 	
197.547 	183.334 	-423.252 	0.034 	0.166 	-0.478 	
-55.451 	38.357 	-131.519 	-0.191 	0.057 	-0.124 	
117.956 	30.035 	-238.487 	-0.021 	0.037 	-0.275 	
416.229 	254.742 	-115.876 	0.309 	0.256 	-0.123 	
-235.459 	250.644 	-230.707 	-0.418 	0.268 	-0.274 	
477.734 	381.488 	231.788 	0.374 	0.387 	0.239 	
-119.802 	268.487 	232.808 	-0.315 	0.265 	0.287 	
313.180 	170.365 	298.193 	0.110 	0.138 	0.306 	
-273.522 	246.350 	-221.652 	-0.479 	0.271 	-0.240 	
-123.187 	383.215 	-160.022 	-0.262 	0.382 	-0.133 	
-139.802 	184.122 	96.820 	-0.274 	0.169 	0.133 	
115.372 	-171.258 	226.884 	-0.066 	-0.135 	0.215 	
144.904 	-210.526 	-359.965 	-0.026 	-0.160 	-0.365 	
-288.675 	-118.692 	-179.308 	-0.424 	-0.121 	-0.210 	
401.474 	29.343 	-103.020 	0.259 	0.050 	-0.054 	
455.570 	20.386 	-81.284 	0.287 	-0.011 	-0.038 	
-4.405 	-69.770 	369.948 	-0.201 	-0.074 	0.367 	
488.306 	-274.238 	-213.146 	0.346 	-0.245 	-0.245 	
300.034 	-60.938 	201.754 	0.117 	-0.048 	0.206 	
544.717 	-408.617 	-209.403 	0.421 	-0.384 	-0.240 	
271.352 	-290.213 	70.958 	0.114 	-0.288 	0.035 	
44.732 	-352.226 	25.327 	-0.137 	-0.376 	0.018 	
231.599 	390.395 	-46.300 	0.100 	0.348 	-0.055 	
395.026 	-109.003 	-88.025 	0.220 	-0.064 	-0.083 	
-30.974 	-29.188 	-0.485 	-0.182 	-0.062 	0.020 	
127.562 	249.560 	-65.508 	-0.087 	0.273 	-0.069 	
349.576 	-296.039 	-372.735 	0.223 	-0.319 	-0.417 	
-176.057 	294.415 	59.331 	-0.371 	0.296 	0.115 	
90.800 	-201.432 	307.954 	-0.100 	-0.184 	0.274 	
367.401 	224.490 	0.880 	0.150 	0.238 	-0.017 	
432.865 	348.926 	-341.612 	0.255 	0.376 	-0.331 	
-209.868 	105.204 	-12.801 	-0.398 	0.058 	0.008 	
423.199 	237.903 	35.461 	0.258 	0.215 	0.071 	
-265.152 	427.153 	399.624 	-0.464 	0.405 	0.423 	
184.816 	72.006 	183.302 	0.049 	0.071 	0.153 	
392.492 	-84.802 	-63.377 	0.202 	-0.111 	-0.038 	
535.349 	213.197 	328.621 	0.334 	0.221 	0.326 	
113.876 	-32.272 	-85.868 	-0.089 	-0.056 	-0.044 	
472.094 	-318.868 	-313.297 	0.361 	-0.315 	-0.314 	
437.888 	-18.343 	-145.868 	0.284 	-0.008 	-0.162 	
-214.809 	-355.437 	-93.406 	-0.392 	-0.363 	-0.049 	
-164.510 	328.331 	395.470 	-0.351 	0.381 	0.379 	
388.712 	-397.866 	285.389 	0.222 	-0.461 	0.280 	
417.947 	-282.789 	-79.945 	0.247 	-0.284 	-0.039 	
534.333 	-384.350 	386.491 	0.419 	-0.385 	0.380 	
-36.214 	-89.167 	-169.588 	-0.204 	-0.068 	-0.164 	
561.187 	363.980 	261.165 	0.455 	0.380 	0.242 	
404.634 	189.459 	-163.473 	0.192 	0.192 	-0.183 	
133.501 	303.964 	-134.680 	-0.016 	0.337 	-0.120 	
-271.579 	85.096 	-188.578 	-0.485 	0.085 	-0.161 	
-368.362 	352.047 	615.652 	-0.524 	0.380 	0.620 	
250.388 	-87.416 	346.158 	0.140 	-0.080 	0.339 	
-23.687 	-99.955 	-129.012 	-0.249 	-0.087 	-0.118 	
-296.339 	152.860 	330.852 	-0.428 	0.162 	0.332 	
-53.790 	199.388 	-182.706 	-0.214 	0.203 	-0.239 	
94.020 	63.148 	-68.429 	-0.026 	0.053 	-0.079 	
-200.106 	-72.862 	-193.760 	-0.410 	-0.053 	-0.196 	
158.756 	-89.975 	-49.687 	-0.014 	-0.128 	-0.071 	
561.987 	-50.427 	3.722 	0.419 	-0.049 	-0.035 	
88.000 	119.757 	32.953 	-0.115 	0.114 	0.081 	
363.962 	-322.110 	-19.843 	0.150 	-0.323 	-0.043 	
411.338 	-383.358 	-138.955 	0.266 	-0.375 	-0.181 	
-113.121 	-239.972 	175.379 	-0.247 	-0.256 	0.167 	
61.509 	275.180 	331.964 	-0.108 	0.252 	0.327 	
362.332 	370.986 	277.778 	0.198 	0.427 	0.279 	
-297.378 	176.377 	-32.169 	-0.485 	0.222 	-0.054 	
112.083 	32.965 	-296.235 	-0.069 	0.008 	-0.295 	
-71.804 	176.984 	-403.827 	-0.228 	0.134 	-0.388 	
-199.795 	-89.706 	52.780 	-0.407 	-0.119 	0.056 	
320.692 	135.644 	185.642 	0.167 	0.157 	0.142 	
262.507 	-68.110 	-322.311 	0.062 	-0.089 	-0.328 	
201.152 	316.265 	167.513 	0.063 	0.307 	0.146 	
170.165 	86.335 	232.912 	-0.018 	0.123 	0.218 	
-37.334 	-275.013 	262.913 	-0.204 	-0.269 	0.284 	
160.661 	-48.787 	-161.245 	-0.029 	-0.048 	-0.146 	
65.316 	427.095 	225.981 	-0.140 	0.399 	0.253 	
-103.169 	111.982 	-62.441 	-0.250 	0.092 	-0.024 	
-180.341 	-232.628 	35.981 	-0.408 	-0.225 	0.038 	
408.378 	-161.393 	-409.523 	0.267 	-0.156 	-0.442 	
-189.332 	434.834 	-220.677 	-0.385 	0.489 	-0.207 	
-66.015 	180.390 	-391.572 	-0.183 	0.192 	-0.396 	
443.646 	-218.936 	-81.550 	0.278 	-0.184 	-0.064 	
201.912 	58.354 	-69.708 	0.016 	0.092 	-0.074 	
46.384 	342.283 	-171.887 	-0.143 	0.352 	-0.168 	
65.116 	20.633 	301.039 	-0.123 	0.056 	0.282 	
-130.340 	-327.273 	371.926 	-0.348 	-0.307 	0.379 	
317.905 	326.135 	272.519 	0.181 	0.283 	0.265 	
165.797 	269.823 	330.105 	0.031 	0.266 	0.360 	
313.084 	222.563 	-228.246 	0.117 	0.184 	-0.229 	
394.647 	225.329 	-350.340 	0.238 	0.221 	-0.386 	
181.129 	-124.755 	-325.573 	0.006 	-0.171 	-0.329 	
-132.137 	235.824 	-154.977 	-0.349 	0.212 	-0.147 	
328.982 	6.672 	-20.542 	0.188 	0.024 	0.000 	
-147.994 	346.120 	15.226 	-0.378 	0.345 	0.017 	
-18.087 	-323.649 	-119.895 	-0.193 	-0.327 	-0.141 	
268.897 	-195.757 	-322.087 	0.048 	-0.210 	-0.331 	
95.846 	-114.377 	252.454 	-0.117 	-0.108 	0.264 	
102.435 	-369.664 	153.348 	-0.050 	-0.395 	0.180 	
370.418 	208.879 	-285.652 	0.258 	0.201 	-0.286 	
172.451 	213.185 	-191.998 	0.011 	0.246 	-0.234 	
175.141 	301.902 	-264.053 	-0.029 	0.296 	-0.250 	
-109.461 	284.265 	-170.827 	-0.243 	0.302 	-0.175 	
-272.805 	-141.080 	23.970 	-0.472 	-0.164 	0.056 	
-168.658 	-110.452 	-226.158 	-0.285 	-0.125 	-0.229 	
592.651 	-267.876 	410.811 	0.440 	-0.266 	0.390 	
-250.349 	166.837 	-74.464 	-0.450 	0.199 	-0.072 	
150.192 	-158.770 	206.453 	-0.078 	-0.156 	0.198 	
-3.856 	-138.131 	-327.835 	-0.136 	-0.148 	-0.295 	
-26.821 	-396.843 	372.956 	-0.211 	-0.397 	0.364 	
138.103 	-144.954 	202.313 	-0.085 	-0.137 	0.209 	
151.063 	-361.754 	86.391 	0.011 	-0.400 	0.089 	
67.729 	-40.923 	17.974 	-0.170 	-0.055 	0.025 	
9.210 	-116.818 	-166.761 	-0.176 	-0.139 	-0.143 	
-62.467 	-249.902 	349.924 	-0.257 	-0.252 	0.406 	
273.244 	-317.774 	221.105 	0.136 	-0.364 	0.222 	
-138.683 	-43.350 	222.031 	-0.270 	-0.079 	0.223 	
484.195 	196.112 	-318.391 	0.380 	0.209 	-0.333 	
87.920 	248.015 	407.550 	-0.090 	0.219 	0.388 	
236.632 	334.631 	264.938 	0.120 	0.333 	0.262 	
360.515 	263.551 	169.974 	0.244 	0.288 	0.179 	
347.514 	-267.582 	68.957 	0.190 	-0.237 	0.084 	
0.460 	-95.229 	-310.049 	-0.198 	-0.061 	-0.275 	
-137.130 	253.501 	127.181 	-0.262 	0.263 	0.153 	
219.786 	-141.946 	248.221 	0.018 	-0.153 	0.259 	
271.952 	-249.758 	196.536 	0.108 	-0.301 	0.217 	
43.467 	-330.648 	30.875 	-0.157 	-0.282 	0.024 	
223.111 	-242.698 	-21.485 	0.024 	-0.260 	-0.058 	
155.031 	-271.266 	-123.709 	-0.064 	-0.258 	-0.118 	
477.303 	-62.968 	-341.236 	0.319 	-0.060 	-0.340 	
355.669 	77.126 	386.044 	0.143 	0.093 	0.407 	
-160.835 	177.916 	229.874 	-0.324 	0.196 	0.269 	
535.177 	-251.565 	360.451 	0.419 	-0.235 	0.406 	
-163.662 	134.234 	87.937 	-0.304 	0.145 	0.057 	
170.466 	25.194 	368.634 	0.003 	0.073 	0.362 	
-284.317 	150.552 	265.744 	-0.472 	0.205 	0.271 	
7.260 	-232.071 	80.408 	-0.186 	-0.280 	0.079 	
322.570 	-68.796 	-208.715 	0.192 	-0.036 	-0.234 	
-9.938 	-371.326 	391.200 	-0.177 	-0.384 	0.449 	
-171.536 	329.398 	43.254 	-0.376 	0.345 	0.024 	
228.726 	-422.068 	-379.800 	0.056 	-0.405 	-0.373 	
-329.507 	-98.256 	-398.522 	-0.459 	-0.107 	-0.400 	
-21.681 	4.266 	-246.027 	-0.242 	0.002 	-0.257 	
122.691 	34.380 	-36.435 	-0.018 	0.024 	-0.040 	
-283.280 	-79.240 	399.342 	-0.468 	-0.112 	0.424 	
-11.877 	15.109 	-76.002 	-0.172 	-0.020 	-0.021 	
511.144 	-187.675 	212.666 	0.365 	-0.215 	0.253 	
-229.673 	-318.568 	-337.843 	-0.425 	-0.309 	-0.322 	
-272.824 	125.893 	1.299 	-0.395 	0.113 	-0.012 	
188.802 	107.842 	-380.789 	0.055 	0.140 	-0.403 	
-164.713 	131.538 	172.070 	-0.295 	0.098 	0.192 	
574.429 	-361.476 	282.401 	0.378 	-0.399 	0.283 	
-20.092 	262.923 	-267.809 	-0.144 	0.237 	-0.280 	
-288.579 	43.767 	214.881 	-0.475 	0.032 	0.228 	
332.761 	-318.138 	327.369 	0.146 	-0.317 	0.358 	
-286.890 	291.033 	-12.382 	-0.465 	0.297 	-0.050 	
-288.749 	195.810 	105.630 	-0.432 	0.174 	0.148 	
175.394 	-278.695 	83.017 	0.050 	-0.310 	0.082 	
-12.456 	-271.914 	163.033 	-0.180 	-0.319 	0.204 	
192.384 	-205.161 	-387.142 	0.073 	-0.229 	-0.375 	
-214.506 	-231.675 	188.370 	-0.373 	-0.206 	0.186 	
-244.643 	-155.280 	-199.750 	-0.469 	-0.163 	-0.207 	
354.381 	-340.729 	-370.863 	0.215 	-0.393 	-0.358 	
-238.729 	-251.065 	-265.382 	-0.421 	-0.265 	-0.318 	
236.272 	-130.132 	-45.373 	0.085 	-0.124 	-0.024 	
359.269 	359.113 	211.679 	0.178 	0.380 	0.186 	
502.034 	88.189 	208.643 	0.320 	0.101 	0.234 	
303.506 	-178.702 	-278.241 	0.161 	-0.226 	-0.254 	
586.442 	-372.994 	296.981 	0.408 	-0.381 	0.333 	
-234.966 	-186.591 	-57.525 	-0.434 	-0.188 	-0.076 	
-64.196 	390.651 	151.578 	-0.270 	0.390 	0.193 	
26.572 	273.593 	325.296 	-0.160 	0.238 	0.358 	
372.512 	57.977 	302.931 	0.216 	0.070 	0.317 	
103.547 	-357.279 	361.439 	-0.094 	-0.323 	0.351 	
-197.100 	192.604 	161.179 	-0.354 	0.228 	0.151 	
390.184 	309.154 	14.151 	0.241 	0.337 	0.035 	
-114.441 	-134.662 	-158.609 	-0.247 	-0.168 	-0.170 	
103.752 	-228.170 	359.952 	-0.074 	-0.276 	0.343 	
463.437 	74.106 	13.517 	0.301 	0.051 	0.064 	
-284.420 	-384.752 	268.862 	-0.424 	-0.418 	0.259 	
-39.469 	-177.049 	-101.547 	-0.172 	-0.132 	-0.112 	
442.955 	-335.696 	59.194 	0.286 	-0.316 	0.095 	
114.808 	250.061 	121.428 	-0.081 	0.207 	0.111 	
70.494 	-205.930 	-24.102 	-0.126 	-0.168 	-0.047 	
356.687 	16.921 	-254.365 	0.184 	0.023 	-0.223 	
-177.393 	335.199 	281.880 	-0.382 	0.368 	0.246 	
519.347 	-337.371 	19.844 	0.391 	-0.353 	0.052 	
459.469 	-13.876 	253.843 	0.336 	-0.014 	0.276 	
265.857 	318.488 	-0.254 	0.062 	0.360 	-0.003 	
161.741 	120.767 	241.528 	0.045 	0.099 	0.227 	
-265.364 	294.665 	354.633 	-0.476 	0.278 	0.369 	
-223.960 	-82.068 	142.007 	-0.353 	-0.119 	0.151 	
527.221 	78.426 	-78.186 	0.330 	0.069 	-0.097 	
-130.999 	-77.527 	-340.215 	-0.253 	-0.077 	-0.332 	
