## Las primeras 500 lineas corresponden a la esfera 1 
##las siguienets 500 lineas a la esfera 2
## Las primeras tres columnas corresponden a la posición en 'x', 'y' y 'z', las siguientes tres a las velocidades
-35.013 	-6.705 	47.083 	0.053 	0.056 	-0.000 	
107.510 	-6.558 	4.590 	0.163 	0.103 	0.030 	
96.448 	18.207 	51.022 	0.146 	-0.087 	-0.122 	
-258.439 	316.344 	-15.122 	-0.346 	0.411 	-0.074 	
77.742 	-8.989 	56.976 	0.193 	0.087 	-0.024 	
99.414 	-19.210 	-20.267 	-0.014 	-0.051 	-0.046 	
135.485 	-6.115 	-63.196 	0.097 	0.007 	0.062 	
-19.381 	-0.764 	66.255 	0.098 	0.087 	-0.014 	
1.408 	-0.679 	10.298 	0.044 	-0.097 	-0.003 	
65.307 	-28.384 	35.477 	0.041 	-0.033 	-0.063 	
-26.607 	190.013 	-105.186 	-0.081 	0.407 	-0.219 	
54.785 	-3.525 	37.077 	0.134 	0.044 	-0.070 	
153.892 	-213.973 	142.772 	0.277 	-0.372 	0.266 	
125.363 	53.993 	36.163 	0.066 	-0.077 	-0.052 	
6.565 	-58.247 	23.785 	0.051 	-0.105 	0.033 	
3.136 	35.601 	18.105 	0.109 	0.038 	-0.004 	
1.694 	-60.932 	27.723 	0.072 	-0.077 	0.079 	
44.062 	51.163 	-138.734 	0.049 	-0.056 	-0.093 	
-26.038 	13.919 	18.623 	0.088 	-0.047 	0.028 	
19.771 	-72.303 	-25.082 	-0.011 	0.035 	0.062 	
58.030 	-10.563 	95.591 	0.107 	0.104 	-0.022 	
123.176 	83.469 	86.390 	0.092 	-0.004 	-0.027 	
26.863 	43.975 	-8.509 	0.148 	0.042 	0.021 	
61.342 	29.301 	-29.435 	0.139 	-0.004 	-0.000 	
89.880 	-10.669 	-9.682 	0.197 	0.011 	0.008 	
109.288 	-3.836 	2.754 	0.211 	-0.028 	-0.093 	
81.612 	13.792 	30.756 	0.156 	-0.037 	0.037 	
134.998 	-76.780 	41.082 	0.061 	0.001 	-0.008 	
34.123 	-26.764 	12.388 	0.163 	-0.077 	-0.097 	
45.616 	-16.882 	21.097 	0.185 	0.038 	-0.140 	
25.462 	-15.598 	-8.656 	0.122 	0.121 	0.050 	
43.020 	-52.914 	10.329 	0.051 	-0.085 	-0.087 	
67.507 	-34.823 	34.661 	0.086 	0.015 	-0.050 	
107.166 	-28.534 	2.965 	0.175 	-0.099 	-0.087 	
117.040 	-45.750 	31.613 	0.100 	0.071 	0.040 	
56.947 	-33.196 	19.394 	-0.009 	-0.112 	-0.021 	
-28.463 	6.332 	-88.987 	0.109 	0.044 	-0.077 	
108.594 	2.355 	-6.427 	0.226 	0.109 	-0.035 	
-26.374 	8.538 	14.981 	0.070 	-0.022 	-0.050 	
36.243 	-15.525 	25.507 	0.075 	0.023 	-0.063 	
68.984 	-79.385 	6.574 	0.105 	-0.078 	0.034 	
69.295 	-1.330 	-8.363 	0.099 	0.014 	-0.122 	
146.638 	13.379 	24.012 	0.050 	-0.028 	-0.085 	
-75.559 	-19.059 	42.509 	-0.012 	0.041 	0.059 	
116.640 	-40.397 	42.598 	0.124 	0.036 	-0.102 	
17.421 	31.578 	22.353 	0.153 	-0.069 	0.078 	
203.248 	-42.225 	18.510 	0.099 	-0.056 	0.085 	
28.265 	-10.491 	5.738 	0.131 	-0.078 	0.115 	
131.988 	-75.393 	-25.697 	0.146 	0.046 	0.087 	
81.293 	47.807 	-6.124 	0.098 	-0.075 	-0.044 	
-9.980 	-59.520 	-79.747 	0.091 	-0.048 	-0.009 	
4.585 	3.292 	-6.749 	0.038 	0.121 	-0.044 	
95.085 	-62.089 	0.531 	0.154 	0.044 	0.081 	
-30.887 	-22.350 	0.427 	0.174 	-0.044 	0.050 	
-0.075 	-40.683 	19.651 	0.107 	-0.008 	-0.017 	
44.895 	-94.505 	47.947 	0.101 	0.011 	0.015 	
20.569 	-43.584 	-81.998 	0.150 	-0.047 	0.004 	
55.768 	-57.556 	-41.879 	0.184 	0.004 	0.064 	
-59.926 	111.145 	-21.934 	-0.034 	0.064 	0.021 	
118.548 	-9.722 	33.824 	0.077 	-0.088 	-0.168 	
-80.190 	2.910 	33.410 	-0.009 	-0.068 	0.013 	
106.206 	-28.632 	14.982 	0.086 	0.023 	0.025 	
-58.337 	17.996 	22.101 	0.025 	-0.032 	0.001 	
132.245 	77.050 	-3.387 	0.093 	0.019 	0.038 	
25.016 	-132.205 	17.724 	-0.041 	-0.175 	0.004 	
131.749 	-25.995 	-11.412 	0.145 	0.016 	0.176 	
-64.253 	-214.152 	-164.819 	-0.191 	-0.309 	-0.254 	
-79.780 	108.932 	-46.034 	-0.026 	0.075 	-0.049 	
128.919 	-28.158 	-10.823 	0.152 	-0.036 	0.066 	
0.001 	-63.519 	62.556 	0.097 	-0.121 	-0.054 	
47.362 	-51.855 	-11.410 	0.140 	-0.105 	-0.024 	
151.921 	11.972 	26.558 	0.117 	-0.055 	0.003 	
-33.521 	113.464 	-34.173 	-0.024 	0.075 	0.030 	
27.359 	-26.495 	10.882 	0.075 	0.066 	0.147 	
-32.843 	-39.210 	16.257 	0.047 	-0.076 	-0.012 	
177.712 	-26.329 	-76.906 	0.144 	0.026 	0.074 	
-8.294 	-82.277 	14.740 	0.030 	0.087 	-0.012 	
118.751 	198.495 	336.637 	0.139 	0.209 	0.369 	
-6.485 	3.419 	-79.589 	-0.012 	0.049 	0.019 	
5.849 	-64.403 	64.978 	0.137 	0.036 	0.010 	
-21.600 	-59.023 	-1.492 	0.016 	-0.024 	-0.083 	
-2.144 	-6.962 	29.178 	0.013 	0.027 	0.085 	
167.102 	76.769 	48.251 	0.111 	-0.025 	0.008 	
-41.254 	-152.376 	161.242 	-0.035 	-0.088 	0.144 	
106.221 	-0.229 	-42.609 	0.095 	-0.020 	0.051 	
-108.765 	-48.523 	-104.850 	-0.017 	-0.008 	-0.036 	
79.552 	-49.427 	-71.496 	0.099 	0.040 	-0.028 	
-78.080 	-36.894 	63.084 	-0.012 	0.008 	0.046 	
11.333 	-23.195 	26.238 	0.190 	0.091 	-0.020 	
67.260 	-54.145 	38.670 	0.162 	0.096 	0.044 	
104.025 	78.825 	10.430 	0.071 	0.015 	-0.036 	
0.411 	74.762 	109.435 	0.055 	0.022 	0.100 	
22.504 	-82.338 	46.352 	0.124 	0.020 	0.026 	
2.967 	-135.880 	-6.939 	0.091 	-0.083 	0.061 	
78.344 	10.192 	3.821 	0.028 	-0.071 	-0.012 	
-111.066 	92.316 	-65.846 	-0.008 	0.061 	-0.008 	
111.699 	-40.652 	-8.036 	0.149 	-0.010 	-0.050 	
438.852 	-437.705 	-25.084 	0.617 	-0.672 	0.004 	
718.799 	-683.283 	-1433.186 	0.871 	-0.795 	-1.651 	
70.510 	-66.167 	28.922 	0.053 	0.090 	-0.073 	
26.210 	-22.003 	50.780 	0.086 	-0.146 	-0.052 	
-37.211 	-7.278 	94.394 	-0.004 	-0.006 	0.025 	
61.215 	-80.850 	3.827 	0.065 	0.006 	-0.022 	
-1.585 	38.505 	45.192 	0.078 	0.009 	-0.052 	
704.981 	-524.117 	434.104 	0.757 	-0.525 	0.452 	
-679.480 	860.600 	1542.513 	-0.730 	0.971 	1.752 	
-27.932 	0.431 	9.182 	0.078 	-0.035 	-0.039 	
17.470 	18.125 	14.191 	0.080 	-0.097 	0.022 	
116.166 	-87.810 	-2.227 	0.062 	0.041 	0.107 	
131.643 	-156.451 	27.518 	0.166 	-0.072 	0.085 	
14.317 	-51.088 	76.729 	0.134 	-0.025 	0.006 	
-18.554 	-20.148 	21.294 	-0.016 	0.042 	-0.095 	
172.412 	9.191 	3.125 	0.083 	-0.130 	0.024 	
-107.731 	75.187 	-17.681 	-0.069 	-0.006 	0.048 	
5.812 	-29.292 	29.789 	0.053 	-0.115 	-0.049 	
52.902 	-1.724 	26.352 	0.165 	-0.093 	-0.045 	
39.741 	-56.267 	11.080 	0.057 	0.017 	0.170 	
-57.322 	-159.891 	78.511 	0.038 	-0.150 	0.020 	
88.642 	-120.321 	10.709 	0.075 	-0.037 	0.102 	
-57.351 	-33.770 	30.149 	0.004 	0.001 	0.019 	
3.366 	24.616 	119.303 	0.110 	0.013 	0.058 	
140.759 	-88.446 	13.657 	0.103 	-0.027 	0.111 	
53.794 	34.653 	-3.553 	0.078 	-0.001 	0.119 	
63.853 	-51.840 	47.331 	0.010 	-0.008 	-0.092 	
-45.374 	-44.361 	-3.657 	0.015 	-0.009 	-0.013 	
137.192 	-13.719 	-7.239 	0.002 	0.071 	0.116 	
-12.865 	6.819 	57.133 	0.167 	0.001 	0.058 	
-59.304 	-47.345 	-45.513 	0.033 	-0.001 	-0.039 	
8.044 	4.592 	58.029 	0.100 	-0.086 	0.091 	
34.383 	-85.569 	-4.255 	0.164 	0.040 	-0.019 	
-21.095 	6.971 	18.710 	0.098 	0.052 	-0.075 	
-33.624 	14.594 	-58.489 	0.033 	-0.014 	-0.003 	
-13.892 	-60.170 	-1.129 	0.082 	0.016 	-0.058 	
30.261 	43.436 	-45.926 	0.027 	-0.097 	0.055 	
37.292 	-2.550 	-18.784 	0.056 	0.042 	0.016 	
68.749 	-35.111 	-62.743 	0.150 	0.042 	-0.014 	
39.266 	-67.777 	-6.401 	0.024 	0.106 	-0.059 	
49.026 	-43.851 	41.707 	0.216 	0.068 	-0.063 	
121.532 	0.069 	1.302 	0.041 	0.040 	-0.009 	
-601.758 	484.195 	-303.272 	-0.559 	0.483 	-0.287 	
85.041 	-43.923 	41.173 	0.192 	0.062 	0.012 	
17.416 	-11.644 	-30.753 	0.054 	0.126 	0.106 	
-16.533 	-31.442 	43.119 	0.071 	-0.076 	-0.081 	
6.423 	-4.486 	57.357 	0.073 	0.085 	-0.022 	
-11.040 	-43.939 	9.523 	0.065 	-0.029 	0.033 	
143.778 	-41.636 	8.307 	0.052 	0.100 	-0.113 	
28.743 	16.174 	-55.546 	0.105 	0.080 	0.071 	
-26.982 	-27.311 	-32.169 	0.079 	-0.087 	-0.072 	
87.224 	-27.111 	-60.681 	0.032 	-0.018 	0.083 	
55.498 	-41.824 	11.124 	0.190 	-0.023 	0.041 	
71.251 	-25.154 	-17.589 	0.079 	0.111 	-0.116 	
-42.187 	-9.333 	62.881 	0.107 	0.015 	-0.032 	
44.386 	-80.876 	24.198 	0.046 	-0.049 	-0.057 	
-9.150 	-2.508 	-28.228 	0.152 	0.025 	0.034 	
-15.029 	35.508 	-6.213 	0.098 	0.032 	0.053 	
-44.050 	-21.245 	-7.828 	0.012 	0.032 	0.105 	
150.492 	-26.436 	-13.342 	0.109 	0.040 	-0.033 	
28.442 	-38.177 	12.010 	0.113 	0.116 	-0.025 	
6.633 	-50.177 	84.702 	0.130 	-0.027 	-0.017 	
65.704 	-54.536 	51.731 	0.046 	0.067 	-0.082 	
99.121 	-55.259 	15.321 	0.215 	0.043 	-0.133 	
-47.050 	94.583 	-39.845 	0.069 	0.057 	-0.078 	
10.951 	2.697 	-3.699 	0.082 	0.092 	-0.021 	
107.140 	3.786 	42.973 	0.144 	-0.104 	0.075 	
22.260 	-6.478 	-50.771 	0.042 	0.057 	-0.019 	
-19.326 	-16.334 	60.046 	0.035 	-0.054 	0.012 	
-23.883 	23.398 	-14.867 	0.079 	-0.042 	0.035 	
107.080 	-81.567 	18.097 	0.122 	-0.006 	0.111 	
31.382 	-56.157 	62.387 	0.074 	-0.078 	0.036 	
27.609 	-41.542 	5.295 	0.023 	0.104 	0.058 	
-19.342 	-8.447 	95.335 	0.084 	-0.065 	0.008 	
113.576 	-43.105 	-10.902 	0.106 	-0.119 	0.062 	
-15.806 	-42.773 	-16.527 	0.041 	0.016 	-0.086 	
34.039 	-70.526 	-31.627 	0.038 	-0.074 	0.099 	
-17.370 	-11.774 	7.193 	0.105 	0.037 	-0.028 	
-59.063 	-108.750 	-105.210 	-0.049 	-0.045 	-0.012 	
4.696 	-15.627 	3.378 	0.129 	0.049 	0.033 	
115.823 	26.546 	-30.009 	0.097 	-0.112 	-0.040 	
58.637 	-19.861 	63.968 	0.109 	0.028 	-0.089 	
99.340 	70.572 	59.884 	0.073 	-0.025 	0.012 	
134.147 	29.621 	115.197 	0.104 	-0.001 	0.050 	
-11.300 	-52.099 	-28.483 	0.007 	0.052 	0.028 	
122.432 	-17.468 	4.506 	0.104 	-0.188 	0.014 	
-22.369 	-64.659 	57.263 	0.013 	-0.072 	0.023 	
4.178 	44.297 	-86.745 	0.100 	0.006 	-0.045 	
-32.589 	-19.322 	6.162 	0.086 	-0.089 	-0.065 	
-86.963 	-35.158 	119.133 	-0.017 	0.058 	0.120 	
-18.304 	17.656 	20.694 	0.088 	-0.095 	0.060 	
12.075 	40.703 	32.447 	0.115 	0.060 	0.028 	
-40.811 	-61.320 	-64.933 	0.090 	-0.017 	-0.007 	
115.405 	-17.021 	7.614 	0.056 	0.004 	0.224 	
136.472 	-1.900 	27.795 	0.158 	-0.123 	-0.021 	
73.305 	-34.126 	18.305 	0.097 	0.031 	0.025 	
-61.053 	53.353 	-45.062 	0.055 	0.008 	0.034 	
-56.492 	-21.306 	12.961 	-0.029 	-0.026 	-0.010 	
60.702 	-32.453 	-32.359 	0.096 	0.073 	0.039 	
-45.906 	-47.682 	-21.622 	0.041 	-0.057 	0.048 	
73.586 	10.179 	70.947 	0.057 	0.038 	-0.075 	
83.774 	41.782 	50.828 	0.159 	-0.060 	-0.016 	
104.993 	4.916 	32.231 	0.187 	-0.017 	0.091 	
18.820 	-38.624 	31.797 	0.133 	-0.141 	-0.034 	
55.425 	19.375 	7.785 	0.213 	0.014 	0.029 	
60.155 	-8.338 	4.514 	0.204 	0.057 	0.127 	
-10.816 	-32.480 	-3.459 	0.025 	-0.022 	-0.055 	
-5.436 	-0.125 	-47.930 	0.149 	0.012 	0.021 	
-41.272 	-63.215 	47.021 	0.082 	-0.060 	-0.071 	
115.258 	-48.432 	19.504 	0.066 	0.019 	0.109 	
-4.517 	-32.404 	32.738 	0.121 	-0.026 	0.080 	
133.743 	14.637 	7.694 	0.073 	0.115 	-0.027 	
15.022 	27.698 	10.471 	0.193 	-0.035 	-0.012 	
37.128 	4.749 	34.922 	0.172 	0.129 	-0.025 	
163.219 	-41.636 	74.566 	0.212 	-0.098 	0.081 	
-27.010 	-3.478 	3.709 	0.099 	-0.108 	0.069 	
141.655 	-5.384 	6.373 	0.161 	-0.046 	0.122 	
25.729 	54.981 	30.307 	0.142 	0.026 	-0.071 	
-58.819 	-35.896 	9.724 	0.036 	-0.023 	0.075 	
54.196 	29.565 	-126.136 	0.075 	-0.040 	-0.098 	
-52.939 	54.834 	36.029 	-0.053 	-0.040 	-0.001 	
-44.546 	51.617 	-48.269 	0.009 	-0.036 	-0.092 	
9.908 	-22.343 	1.712 	0.091 	0.035 	-0.128 	
51.352 	-101.502 	-29.915 	0.067 	-0.034 	0.009 	
142.944 	-55.174 	19.927 	0.050 	0.041 	0.141 	
-29.675 	-52.268 	-27.595 	0.017 	0.014 	-0.051 	
-22.324 	0.176 	46.536 	-0.020 	-0.015 	-0.073 	
4.822 	-33.130 	-22.525 	0.043 	0.006 	-0.078 	
-77.759 	84.314 	7.991 	0.045 	0.020 	0.028 	
4.656 	15.978 	-3.515 	0.179 	0.039 	-0.029 	
41.778 	2.420 	-30.225 	0.084 	0.019 	0.054 	
14.974 	27.381 	9.890 	0.107 	0.024 	0.028 	
-42.465 	-20.352 	35.658 	0.082 	-0.145 	0.004 	
-3.029 	-19.384 	69.070 	0.040 	-0.107 	-0.021 	
-11.794 	27.793 	8.355 	0.092 	-0.072 	0.117 	
-19.919 	-35.255 	29.652 	0.024 	-0.050 	0.089 	
-13.580 	61.632 	-0.591 	0.095 	-0.003 	0.027 	
16.751 	71.910 	-13.848 	0.008 	-0.001 	0.013 	
-34.071 	-29.640 	54.322 	0.010 	-0.018 	-0.040 	
64.593 	-11.067 	24.468 	0.215 	0.033 	-0.054 	
125.317 	-65.075 	-49.463 	0.100 	-0.027 	-0.009 	
165.934 	-8.781 	55.218 	0.136 	-0.036 	0.002 	
145.629 	118.443 	-63.562 	0.098 	0.063 	0.021 	
52.837 	51.510 	-31.576 	0.041 	-0.059 	0.115 	
38.853 	15.353 	15.963 	0.190 	-0.054 	0.051 	
84.116 	9.521 	-57.380 	0.137 	0.044 	0.011 	
-58.681 	129.667 	28.434 	0.038 	0.107 	0.051 	
88.163 	-19.081 	-21.394 	0.114 	0.158 	-0.012 	
22.171 	-36.157 	-2.642 	0.107 	-0.033 	0.112 	
-16.274 	-38.109 	34.492 	0.044 	-0.027 	-0.037 	
118.610 	-31.806 	-21.897 	0.108 	0.129 	-0.057 	
155.584 	-48.631 	7.725 	0.117 	0.010 	0.184 	
180.215 	-9.068 	4.817 	0.189 	-0.004 	0.081 	
231.609 	111.207 	56.652 	0.365 	0.243 	0.083 	
-13.967 	51.844 	-27.617 	0.137 	-0.016 	0.028 	
2.676 	-5.351 	38.179 	0.030 	0.082 	-0.034 	
-45.102 	-55.405 	141.452 	0.054 	-0.017 	0.145 	
69.947 	-9.086 	84.591 	0.109 	0.103 	-0.028 	
-40.613 	-33.415 	88.096 	-0.021 	-0.094 	0.033 	
97.984 	61.619 	-53.038 	0.052 	-0.053 	-0.013 	
73.967 	8.682 	-98.989 	0.160 	0.029 	-0.001 	
267.646 	112.522 	-184.117 	0.364 	0.222 	-0.226 	
-33.174 	-21.308 	-19.224 	0.107 	-0.043 	-0.056 	
-35.113 	-7.016 	24.719 	0.119 	-0.015 	0.032 	
117.617 	-66.946 	5.425 	0.053 	0.054 	0.130 	
-29.212 	-4.052 	32.020 	0.013 	-0.128 	0.065 	
20.790 	-44.344 	32.647 	0.124 	0.034 	-0.084 	
113.100 	-35.376 	-82.598 	0.079 	0.023 	-0.029 	
104.814 	65.262 	7.808 	0.132 	-0.053 	0.100 	
-47.539 	-112.214 	35.053 	0.013 	-0.084 	-0.081 	
-41.006 	-48.734 	-22.220 	0.046 	-0.046 	0.059 	
129.118 	-12.962 	131.741 	0.133 	0.054 	0.054 	
-4.111 	-70.390 	-56.384 	0.091 	0.002 	-0.081 	
117.887 	-33.699 	1.447 	0.018 	0.094 	0.144 	
92.492 	-57.244 	-25.900 	0.090 	0.009 	-0.057 	
42.770 	-60.880 	3.395 	0.095 	0.054 	0.135 	
32.552 	22.011 	42.179 	0.070 	-0.003 	0.047 	
121.852 	-13.699 	-53.318 	0.122 	0.075 	0.085 	
39.119 	6.542 	22.350 	0.124 	-0.035 	-0.022 	
127.751 	-33.872 	12.281 	0.151 	-0.025 	0.029 	
18.614 	-12.310 	-29.998 	0.010 	0.035 	0.091 	
-76.847 	67.035 	-48.444 	0.035 	0.046 	0.012 	
75.303 	-58.480 	55.764 	0.110 	-0.022 	-0.004 	
64.236 	58.209 	39.693 	0.020 	-0.097 	0.024 	
13.611 	37.812 	-32.356 	0.065 	-0.028 	0.022 	
-161.698 	-66.165 	-350.783 	-0.197 	-0.104 	-0.437 	
82.732 	-20.443 	-48.127 	0.172 	-0.019 	0.070 	
91.383 	-2.376 	-147.738 	0.086 	-0.028 	-0.104 	
49.704 	-20.955 	28.047 	0.069 	0.099 	0.114 	
23.972 	-15.317 	-65.015 	0.028 	0.053 	0.066 	
118.575 	-44.798 	31.634 	0.020 	0.110 	-0.067 	
66.818 	-9.118 	10.543 	0.080 	0.013 	-0.088 	
58.916 	67.266 	-136.731 	0.022 	0.023 	-0.098 	
114.846 	5.260 	72.882 	0.126 	-0.018 	-0.039 	
76.182 	13.866 	27.364 	0.174 	0.010 	-0.015 	
-45.983 	-17.540 	3.101 	0.026 	-0.042 	-0.091 	
5.694 	-55.543 	-8.764 	0.072 	0.028 	-0.019 	
47.129 	-28.662 	-43.156 	0.086 	0.050 	0.051 	
-10.758 	-38.785 	-8.471 	0.098 	0.034 	0.037 	
146.154 	42.856 	25.229 	0.245 	-0.037 	0.029 	
-80.311 	-41.034 	19.402 	-0.003 	0.015 	-0.056 	
59.777 	-4.185 	9.915 	0.136 	-0.014 	-0.105 	
71.767 	-6.265 	-5.466 	0.198 	-0.090 	-0.085 	
3.472 	-25.478 	22.926 	0.093 	-0.109 	-0.049 	
106.785 	-52.649 	-26.137 	0.121 	0.039 	0.013 	
105.696 	-17.098 	25.031 	0.208 	0.013 	-0.104 	
112.720 	5.193 	41.487 	0.179 	0.033 	-0.069 	
-29.787 	-30.051 	3.648 	0.099 	0.000 	-0.014 	
-16.840 	-13.611 	-28.796 	-0.008 	0.053 	0.122 	
19.425 	-98.533 	-5.187 	0.017 	-0.047 	0.002 	
100.373 	-90.628 	-1.790 	0.060 	0.011 	0.123 	
59.149 	-25.634 	51.746 	0.088 	0.062 	-0.011 	
121.298 	34.713 	59.982 	0.049 	-0.104 	-0.017 	
-11.219 	-31.921 	14.907 	0.070 	-0.055 	0.043 	
53.361 	-39.223 	-4.069 	0.199 	-0.059 	-0.063 	
-44.245 	-21.487 	104.767 	-0.025 	0.041 	0.027 	
-24.613 	-14.735 	106.182 	0.081 	0.056 	0.076 	
-34.585 	-192.046 	112.614 	-0.197 	-0.314 	0.319 	
-103.224 	94.582 	-59.635 	-0.038 	0.057 	0.025 	
22.898 	-87.820 	-79.831 	0.122 	-0.026 	-0.011 	
-118.819 	78.093 	134.454 	-0.034 	0.022 	0.090 	
95.331 	-17.939 	-1.034 	0.130 	0.006 	0.108 	
116.264 	-24.326 	12.686 	0.145 	-0.000 	-0.024 	
57.088 	-75.721 	-48.204 	0.148 	0.037 	-0.047 	
138.982 	-33.082 	-64.077 	0.135 	0.027 	0.047 	
31.706 	53.553 	-31.416 	0.155 	-0.041 	-0.025 	
-17.596 	-31.814 	-13.721 	0.129 	-0.017 	0.017 	
109.585 	-30.819 	15.589 	0.247 	0.034 	0.007 	
-18.766 	-71.582 	0.660 	0.019 	-0.031 	0.083 	
50.961 	12.423 	11.405 	0.198 	-0.077 	0.001 	
-9.887 	6.714 	74.034 	0.115 	0.032 	0.074 	
-68.814 	-40.257 	41.735 	0.004 	0.036 	-0.070 	
-86.511 	475.756 	27.915 	-0.195 	0.729 	0.085 	
-26.433 	45.587 	109.846 	0.032 	-0.057 	0.097 	
73.212 	0.323 	-31.174 	0.106 	-0.007 	0.116 	
1.294 	-47.494 	-15.104 	0.098 	-0.068 	0.113 	
-43.113 	-141.319 	-77.654 	0.035 	-0.118 	-0.063 	
52.869 	-59.580 	62.039 	0.040 	0.006 	-0.047 	
-90.748 	11.110 	-0.943 	0.018 	0.000 	0.024 	
77.450 	-44.096 	-9.267 	0.063 	-0.012 	0.100 	
83.119 	-49.238 	0.319 	0.025 	-0.001 	0.075 	
1.124 	-14.819 	-33.170 	0.038 	-0.051 	-0.015 	
124.170 	12.551 	17.979 	0.044 	-0.065 	-0.027 	
-20.399 	-13.905 	59.792 	0.049 	-0.049 	0.078 	
119.767 	-87.022 	17.720 	0.167 	0.072 	0.039 	
-20.755 	-13.177 	-19.114 	0.032 	-0.018 	-0.049 	
-20.618 	15.325 	17.891 	0.085 	0.036 	0.104 	
-4.474 	-9.389 	8.451 	-0.008 	-0.113 	-0.027 	
137.983 	-12.482 	7.333 	0.242 	-0.001 	0.123 	
0.568 	57.384 	94.111 	0.048 	0.019 	0.038 	
15.289 	-4.465 	27.405 	0.023 	-0.034 	0.095 	
50.325 	-15.812 	40.639 	0.194 	0.023 	-0.099 	
-8.635 	-112.768 	-6.559 	0.079 	-0.034 	0.077 	
40.338 	-62.098 	4.724 	0.090 	0.081 	0.065 	
120.760 	-14.563 	8.503 	-0.063 	0.058 	0.028 	
101.287 	14.410 	-5.725 	0.125 	-0.071 	0.012 	
-32.405 	47.973 	1.520 	0.112 	0.027 	0.064 	
-99.784 	-79.154 	-18.678 	-0.060 	-0.068 	0.058 	
74.210 	-42.860 	27.641 	0.223 	0.081 	-0.047 	
106.781 	-3.236 	3.143 	0.162 	0.001 	0.003 	
-44.187 	-53.555 	6.014 	-0.009 	-0.037 	-0.074 	
-2.101 	77.862 	38.247 	0.102 	0.061 	-0.027 	
-17.075 	-28.280 	34.510 	0.055 	-0.106 	-0.072 	
62.625 	-3.281 	-25.328 	0.165 	-0.006 	-0.076 	
81.606 	6.015 	16.784 	0.093 	-0.201 	-0.064 	
117.332 	6.151 	13.579 	0.158 	-0.124 	0.037 	
-16.218 	-1.844 	74.494 	0.086 	0.102 	0.021 	
0.838 	-42.502 	-9.422 	0.069 	-0.042 	0.036 	
57.658 	39.013 	19.801 	0.170 	-0.074 	0.013 	
77.550 	-42.273 	-174.920 	0.082 	-0.072 	-0.142 	
12.074 	-70.785 	-37.371 	0.070 	-0.031 	0.068 	
64.506 	84.259 	34.853 	0.092 	-0.016 	0.074 	
57.112 	-59.613 	-26.701 	0.078 	-0.043 	0.041 	
22.946 	-77.644 	47.832 	0.076 	0.002 	0.083 	
47.008 	-126.643 	66.833 	0.120 	-0.117 	0.068 	
149.084 	-42.482 	-34.042 	0.110 	-0.005 	-0.030 	
99.035 	-94.080 	-23.847 	0.148 	-0.239 	-0.055 	
-16.580 	-6.254 	14.599 	0.095 	-0.022 	-0.024 	
-27.073 	-32.718 	-31.386 	0.049 	-0.108 	0.070 	
60.367 	34.294 	-8.757 	0.136 	-0.006 	0.042 	
134.983 	-18.113 	10.427 	0.007 	0.059 	-0.011 	
22.443 	-17.045 	19.259 	0.117 	-0.054 	0.044 	
40.589 	38.611 	40.669 	0.086 	-0.067 	-0.001 	
147.539 	-18.962 	-11.031 	0.099 	0.107 	-0.124 	
51.850 	-49.058 	91.708 	0.073 	-0.094 	0.009 	
85.820 	-4.016 	38.904 	0.135 	0.038 	-0.011 	
173.869 	-50.340 	-0.315 	0.163 	0.079 	0.054 	
54.733 	-22.104 	-0.041 	0.118 	0.016 	0.099 	
-32.894 	-168.713 	22.526 	0.056 	-0.138 	0.030 	
-32.868 	-32.162 	-2.816 	-0.019 	-0.018 	-0.084 	
117.055 	-61.003 	-27.955 	0.132 	0.002 	-0.027 	
-15.805 	-73.954 	111.699 	0.074 	-0.011 	0.131 	
51.124 	38.870 	14.131 	0.157 	-0.112 	-0.089 	
105.496 	-11.390 	-4.615 	0.089 	-0.055 	-0.073 	
85.628 	7.381 	-19.198 	0.076 	-0.084 	0.155 	
35.365 	-56.959 	105.387 	0.120 	0.024 	0.043 	
-13.715 	10.334 	20.326 	0.125 	0.009 	-0.026 	
138.253 	-35.259 	0.766 	0.145 	-0.120 	-0.058 	
103.669 	11.317 	66.995 	0.131 	-0.157 	-0.017 	
176.205 	13.303 	8.540 	0.094 	-0.120 	-0.002 	
3.146 	-3.399 	15.599 	0.166 	0.014 	0.060 	
150.746 	18.432 	-30.192 	0.163 	-0.089 	0.043 	
-28.096 	-20.424 	-10.476 	0.085 	-0.100 	0.118 	
64.347 	14.053 	-18.277 	0.064 	-0.122 	0.045 	
146.205 	-18.464 	19.316 	0.050 	0.128 	-0.016 	
59.993 	96.095 	191.080 	0.057 	0.100 	0.149 	
116.570 	-17.635 	11.439 	0.051 	0.012 	0.108 	
29.694 	26.604 	16.776 	0.118 	-0.107 	-0.062 	
113.178 	-19.584 	-23.814 	0.122 	0.120 	-0.106 	
258.619 	-269.577 	-18.025 	0.277 	-0.326 	0.002 	
46.919 	4.874 	-44.487 	0.091 	0.060 	0.073 	
24.261 	63.428 	-67.544 	0.097 	-0.007 	-0.013 	
101.814 	-57.017 	14.591 	0.035 	0.083 	-0.010 	
115.947 	-20.238 	23.552 	0.154 	-0.049 	-0.005 	
11.981 	47.416 	-4.097 	0.016 	-0.014 	-0.006 	
61.221 	32.932 	59.652 	0.104 	0.077 	-0.070 	
149.510 	10.194 	44.832 	0.033 	-0.023 	-0.033 	
114.597 	-46.715 	8.958 	0.117 	0.062 	-0.042 	
35.080 	-69.259 	-25.831 	0.117 	-0.008 	-0.067 	
133.092 	13.824 	27.518 	0.120 	-0.021 	0.004 	
56.115 	-229.377 	44.815 	0.126 	-0.338 	-0.012 	
-65.957 	78.806 	-15.417 	-0.042 	0.019 	-0.072 	
100.507 	12.491 	-4.225 	0.205 	-0.137 	-0.063 	
-29.301 	57.049 	-47.936 	0.063 	0.030 	-0.029 	
127.359 	-109.862 	71.489 	0.153 	-0.044 	0.025 	
-61.019 	-9.825 	87.246 	0.021 	0.075 	-0.002 	
14.825 	-4.730 	-4.567 	0.134 	-0.053 	-0.011 	
34.325 	49.008 	70.102 	0.120 	-0.052 	0.041 	
-12.424 	-138.286 	77.442 	0.101 	-0.081 	0.010 	
76.322 	-10.293 	-7.835 	0.076 	0.005 	-0.077 	
-9.305 	-46.605 	58.407 	0.089 	-0.081 	-0.015 	
-100.578 	-82.474 	-62.743 	-0.074 	-0.044 	0.043 	
-101.480 	46.742 	111.603 	-0.029 	-0.020 	0.063 	
105.995 	-6.458 	44.093 	0.037 	-0.026 	-0.093 	
75.292 	-56.584 	64.957 	0.052 	0.004 	-0.030 	
-60.157 	-52.845 	-61.920 	0.043 	0.023 	0.020 	
43.768 	-48.637 	30.215 	0.039 	0.025 	0.038 	
117.237 	-17.712 	11.577 	-0.007 	-0.124 	0.142 	
-3.083 	37.574 	-4.257 	0.091 	-0.081 	0.082 	
107.471 	-0.742 	32.952 	0.148 	0.049 	-0.132 	
57.472 	2.129 	20.114 	0.173 	-0.143 	-0.096 	
51.919 	5.902 	1.668 	0.116 	-0.006 	0.008 	
98.329 	-25.248 	-8.438 	0.127 	0.063 	0.042 	
-28.610 	7.501 	-87.341 	0.042 	0.031 	-0.008 	
-9.458 	-65.412 	11.864 	0.101 	-0.027 	0.079 	
147.601 	276.790 	-766.590 	0.265 	0.622 	-2.370 	
-0.755 	1.269 	-34.909 	0.013 	-0.130 	0.020 	
-4.079 	-1.674 	-10.244 	0.037 	0.055 	0.022 	
-98.571 	-23.215 	-92.165 	-0.091 	-0.062 	-0.024 	
63.927 	-27.325 	62.110 	0.114 	0.080 	-0.018 	
121.818 	-13.202 	-4.571 	-0.046 	0.057 	-0.004 	
67.486 	-0.946 	-0.288 	0.175 	0.070 	-0.087 	
-50.920 	-18.717 	-54.145 	0.093 	-0.035 	0.009 	
8.087 	22.155 	-1.470 	0.075 	-0.020 	-0.045 	
144.307 	28.540 	-9.256 	0.109 	-0.112 	0.119 	
-4.726 	38.621 	-12.839 	0.126 	0.003 	0.107 	
142.185 	-32.316 	4.033 	0.145 	-0.017 	-0.008 	
52.141 	-31.861 	-9.376 	0.056 	0.173 	0.081 	
67.858 	-46.782 	0.670 	0.177 	-0.062 	0.039 	
116.880 	11.357 	-8.702 	0.162 	0.020 	0.154 	
-9.044 	-4.597 	-4.184 	0.126 	0.008 	0.100 	
79.405 	10.343 	12.357 	0.158 	-0.002 	-0.022 	
-44.772 	-58.409 	-20.048 	0.049 	-0.001 	-0.100 	
26.607 	-45.701 	135.570 	0.119 	0.004 	0.063 	
97.992 	-0.344 	57.536 	0.113 	-0.039 	-0.070 	
108.736 	-3.505 	52.606 	0.177 	-0.021 	0.079 	
-10.405 	-37.561 	-17.740 	-0.002 	0.020 	0.112 	
-90.942 	19.218 	-83.365 	-0.004 	-0.043 	-0.066 	
73.734 	61.572 	12.091 	0.172 	-0.049 	-0.035 	
-42.268 	29.151 	-81.935 	0.016 	-0.007 	-0.009 	
134.950 	8.245 	-10.685 	0.312 	0.014 	-0.122 	
69.763 	-10.693 	28.439 	0.041 	-0.069 	-0.016 	
113.109 	69.398 	-32.157 	0.123 	0.002 	0.022 	
28.384 	-62.154 	-14.200 	0.067 	0.025 	0.148 	
134.179 	-17.192 	2.019 	0.161 	0.022 	0.033 	
51.203 	-2.566 	-77.610 	0.140 	-0.077 	0.051 	
-12.910 	-31.898 	-65.913 	0.028 	-0.108 	0.030 	
104.755 	-20.907 	5.815 	0.210 	0.074 	-0.088 	
-117.193 	51.260 	25.640 	-0.129 	-0.010 	0.048 	
2.256 	-9.176 	-30.739 	0.049 	0.033 	0.037 	
78.418 	20.493 	-13.582 	0.126 	-0.041 	0.073 	
200.347 	-24.360 	26.930 	0.136 	-0.080 	-0.025 	
91.998 	-6.549 	-42.316 	0.165 	0.032 	0.069 	
34.141 	7.397 	19.556 	0.088 	-0.028 	-0.136 	
59.723 	-73.621 	76.596 	0.087 	0.027 	0.001 	
116.708 	10.092 	-10.535 	0.154 	-0.159 	0.139 	
47.351 	55.409 	-12.321 	0.038 	-0.042 	0.115 	
-11.315 	-146.027 	68.524 	0.069 	-0.119 	0.006 	
122.361 	-3.395 	0.828 	0.069 	0.069 	0.087 	
9.278 	60.808 	72.915 	0.147 	-0.000 	0.021 	
342.624 	68.546 	106.556 	0.587 	0.239 	0.262 	
70.455 	-11.821 	76.885 	0.121 	-0.072 	0.084 	
21.693 	3.763 	-28.571 	0.012 	-0.036 	0.127 	
62.224 	-42.007 	-12.732 	0.047 	-0.086 	0.140 	
113.513 	-14.200 	12.062 	0.210 	-0.094 	0.140 	
167.084 	-85.507 	-31.622 	0.166 	0.018 	0.038 	
83.809 	-16.987 	-32.176 	0.064 	0.038 	0.045 	
-10.916 	-21.694 	59.861 	0.021 	-0.007 	0.075 	
44.098 	21.965 	7.165 	0.192 	-0.011 	0.005 	
41.923 	-75.247 	-54.561 	0.117 	0.008 	0.013 	
45.047 	60.770 	0.359 	0.042 	-0.023 	-0.049 	
-60.620 	-36.526 	29.477 	-0.030 	-0.014 	-0.019 	
56.344 	-24.242 	62.711 	0.104 	0.094 	-0.036 	
101.811 	-17.874 	-17.610 	-0.079 	0.064 	-0.087 	
151.207 	-118.929 	128.634 	-0.024 	-0.129 	0.241 	
62.440 	7.694 	6.089 	-0.091 	0.030 	0.161 	
24.669 	-21.169 	104.285 	-0.087 	0.051 	0.007 	
85.007 	-42.388 	-18.882 	-0.222 	-0.047 	0.090 	
58.875 	-18.829 	21.787 	-0.140 	0.096 	-0.041 	
151.405 	-73.777 	-29.296 	-0.089 	-0.024 	0.036 	
156.371 	-15.983 	105.837 	-0.120 	0.002 	0.057 	
14.175 	9.234 	23.599 	-0.162 	-0.039 	0.095 	
158.157 	-14.569 	-95.941 	-0.104 	-0.035 	-0.012 	
176.413 	47.703 	-60.224 	-0.066 	-0.001 	-0.020 	
108.424 	-46.959 	40.645 	-0.179 	-0.106 	-0.067 	
60.648 	-24.241 	-14.755 	-0.188 	-0.055 	-0.127 	
47.942 	-49.585 	12.706 	-0.259 	0.041 	-0.050 	
145.691 	23.752 	11.779 	-0.107 	-0.057 	-0.119 	
57.513 	36.990 	-35.903 	-0.068 	-0.066 	-0.003 	
114.402 	17.228 	34.970 	-0.124 	-0.017 	-0.099 	
31.481 	7.781 	9.906 	-0.207 	0.026 	-0.021 	
105.842 	15.464 	88.550 	-0.059 	-0.085 	0.010 	
189.536 	-53.289 	-23.616 	-0.074 	0.006 	-0.032 	
67.078 	-19.459 	1.765 	-0.209 	-0.014 	0.002 	
78.142 	-18.937 	-3.700 	-0.037 	-0.089 	0.185 	
136.053 	14.936 	39.807 	-0.045 	-0.114 	-0.059 	
134.119 	64.440 	-58.478 	-0.152 	0.007 	-0.040 	
12.271 	-32.936 	19.492 	-0.094 	-0.028 	0.060 	
118.447 	22.808 	86.322 	-0.143 	-0.018 	-0.014 	
136.654 	-35.379 	27.948 	-0.139 	0.085 	0.047 	
74.588 	-51.846 	61.166 	-0.152 	0.047 	0.009 	
0.765 	1.102 	12.600 	-0.139 	-0.103 	0.086 	
111.504 	-42.585 	14.712 	-0.105 	-0.006 	0.069 	
189.246 	-20.631 	35.962 	0.005 	-0.085 	0.043 	
20.452 	95.353 	26.149 	-0.082 	0.021 	0.006 	
-25.235 	19.827 	-114.209 	-0.212 	-0.045 	-0.039 	
178.423 	13.955 	20.300 	-0.088 	0.020 	-0.121 	
169.235 	0.854 	57.183 	-0.115 	0.057 	-0.039 	
134.768 	72.966 	15.412 	-0.067 	0.033 	-0.025 	
55.864 	7.334 	11.994 	-0.179 	-0.125 	0.092 	
66.527 	-50.064 	44.131 	-0.118 	-0.082 	-0.085 	
27.524 	-50.212 	19.982 	-0.163 	-0.075 	0.140 	
247.998 	58.336 	-5.858 	0.014 	0.013 	0.083 	
58.279 	-5.138 	-37.132 	-0.073 	0.104 	0.069 	
51.694 	35.658 	-23.220 	-0.052 	-0.007 	0.105 	
162.487 	-44.036 	-19.670 	-0.162 	0.042 	0.027 	
35.635 	57.633 	-12.411 	-0.085 	-0.006 	0.104 	
54.818 	45.768 	5.156 	-0.179 	-0.017 	0.082 	
221.800 	72.276 	2.220 	-0.040 	0.073 	0.078 	
157.177 	24.136 	-60.069 	-0.131 	0.048 	-0.020 	
91.432 	-101.789 	-3.678 	-0.118 	-0.095 	0.104 	
111.435 	2.989 	24.292 	0.019 	-0.119 	-0.088 	
98.354 	-38.472 	16.498 	-0.246 	0.043 	-0.003 	
96.690 	13.969 	-13.740 	-0.163 	0.017 	0.014 	
175.415 	-2.867 	-7.102 	-0.145 	-0.117 	-0.006 	
227.789 	-126.968 	57.603 	0.065 	-0.168 	0.097 	
75.751 	-8.992 	23.424 	-0.128 	-0.102 	0.129 	
35.347 	13.291 	-13.839 	-0.057 	-0.026 	-0.027 	
52.838 	106.430 	114.240 	-0.082 	0.044 	0.086 	
19.705 	-50.172 	-4.243 	-0.193 	-0.019 	0.007 	
99.017 	14.404 	11.983 	-0.097 	0.092 	0.039 	
128.181 	-73.219 	12.020 	-0.054 	0.033 	0.060 	
85.311 	17.817 	-29.281 	-0.158 	0.045 	-0.074 	
146.859 	2.349 	55.856 	-0.035 	0.081 	0.012 	
125.440 	-17.758 	-4.372 	-0.127 	0.103 	-0.023 	
214.946 	2.092 	-59.879 	0.001 	-0.022 	-0.050 	
134.366 	-22.505 	-107.628 	-0.111 	0.028 	-0.016 	
77.992 	4.920 	-0.286 	-0.067 	0.136 	0.094 	
93.260 	-24.117 	9.041 	-0.178 	-0.024 	-0.062 	
75.363 	-37.595 	74.133 	-0.159 	0.048 	-0.039 	
196.296 	45.908 	57.951 	-0.043 	0.054 	-0.013 	
165.576 	8.270 	26.615 	-0.096 	-0.025 	-0.046 	
123.801 	-52.556 	-29.096 	-0.195 	0.008 	0.063 	
59.302 	-25.711 	-14.638 	-0.213 	0.065 	0.162 	
54.064 	6.362 	15.690 	-0.132 	0.048 	-0.011 	
72.350 	-22.211 	8.794 	-0.188 	-0.015 	-0.039 	
194.063 	-65.390 	-55.346 	-0.034 	-0.042 	-0.028 	
71.850 	-29.186 	-8.770 	-0.101 	0.063 	0.030 	
28.555 	-7.258 	6.320 	-0.157 	0.029 	-0.061 	
121.283 	63.549 	-66.067 	-0.017 	0.020 	0.013 	
3.804 	38.315 	-25.543 	-0.143 	-0.069 	-0.047 	
29.380 	52.380 	27.253 	-0.182 	-0.090 	0.046 	
8.735 	-13.656 	-0.737 	-0.041 	0.083 	-0.052 	
242.507 	-50.100 	4.555 	0.015 	0.013 	0.086 	
84.356 	76.344 	32.973 	-0.188 	-0.041 	-0.016 	
107.743 	-13.350 	-0.750 	-0.071 	-0.083 	0.080 	
12.922 	-38.058 	10.751 	-0.127 	-0.068 	-0.001 	
103.570 	33.421 	52.414 	-0.084 	0.085 	-0.090 	
61.508 	-61.039 	31.747 	-0.120 	0.091 	0.136 	
44.213 	-7.213 	-36.848 	-0.086 	-0.033 	0.111 	
193.329 	-31.857 	14.519 	-0.055 	-0.039 	0.081 	
201.480 	46.520 	1.628 	-0.054 	0.045 	-0.057 	
88.369 	-13.613 	-5.256 	-0.064 	-0.090 	-0.102 	
112.168 	-17.041 	33.138 	-0.059 	-0.106 	-0.066 	
51.139 	98.740 	25.666 	-0.154 	0.008 	-0.022 	
67.507 	-49.634 	40.026 	-0.091 	0.101 	0.101 	
89.507 	-23.020 	75.894 	-0.123 	0.036 	-0.037 	
255.643 	30.067 	-11.649 	0.194 	0.024 	-0.034 	
50.931 	-13.386 	-12.563 	-0.016 	0.115 	0.047 	
82.304 	-74.900 	27.237 	-0.127 	0.037 	0.083 	
107.153 	25.050 	-48.236 	-0.155 	-0.040 	0.034 	
118.710 	-33.966 	24.974 	-0.204 	0.047 	-0.029 	
213.626 	-20.920 	19.590 	0.011 	0.030 	0.086 	
113.730 	-20.346 	29.747 	-0.181 	0.056 	-0.119 	
80.080 	-22.852 	-1.509 	-0.198 	-0.010 	0.141 	
117.699 	55.268 	3.479 	-0.077 	0.045 	0.022 	
-14.713 	41.702 	-45.827 	-0.150 	-0.086 	0.054 	
-1.238 	-15.534 	8.285 	-0.057 	0.009 	0.061 	
204.983 	-95.382 	63.999 	-0.027 	-0.054 	0.086 	
224.558 	-88.317 	-68.615 	0.004 	-0.007 	0.016 	
194.684 	12.508 	15.922 	-0.036 	0.026 	-0.037 	
240.274 	-24.755 	-40.255 	0.019 	-0.050 	0.032 	
136.299 	17.905 	29.146 	-0.031 	-0.120 	-0.003 	
98.568 	3.285 	37.582 	-0.038 	-0.015 	-0.181 	
47.568 	-17.603 	19.906 	-0.163 	-0.069 	-0.089 	
96.326 	-4.733 	32.223 	-0.214 	-0.033 	0.122 	
63.084 	-64.631 	-12.011 	-0.114 	0.026 	-0.045 	
5.101 	43.378 	-32.950 	-0.071 	-0.067 	0.042 	
82.214 	-6.446 	-0.718 	-0.136 	0.090 	0.163 	
113.140 	-6.167 	-115.082 	-0.149 	-0.019 	-0.049 	
131.885 	49.312 	-48.545 	-0.126 	0.016 	0.017 	
56.497 	-70.646 	-24.268 	-0.140 	-0.059 	0.066 	
105.692 	26.895 	15.162 	-0.159 	-0.131 	-0.041 	
28.343 	-7.256 	12.327 	-0.236 	0.036 	0.101 	
53.445 	-13.479 	50.234 	-0.142 	-0.000 	0.015 	
206.202 	5.448 	-6.365 	0.011 	-0.114 	0.051 	
165.523 	38.757 	-61.967 	-0.015 	0.018 	-0.043 	
175.496 	33.859 	28.483 	-0.088 	-0.083 	-0.019 	
124.275 	-99.216 	16.716 	-0.136 	0.013 	0.085 	
186.643 	41.702 	13.929 	-0.131 	-0.028 	0.019 	
118.045 	39.871 	12.542 	-0.118 	-0.052 	0.045 	
59.470 	-26.594 	-8.633 	-0.184 	-0.107 	0.176 	
99.399 	21.101 	-1.027 	-0.162 	0.068 	0.074 	
168.792 	51.018 	-30.512 	-0.115 	-0.015 	0.042 	
185.097 	50.050 	1.936 	-0.083 	-0.005 	0.013 	
83.097 	2.550 	58.880 	-0.083 	-0.001 	0.027 	
8.021 	-15.182 	8.037 	-0.174 	-0.098 	-0.056 	
209.339 	-16.390 	-61.000 	-0.006 	0.047 	-0.076 	
120.471 	19.056 	21.888 	-0.209 	-0.072 	-0.010 	
231.735 	80.505 	56.788 	0.032 	0.062 	-0.020 	
63.994 	-31.269 	-83.168 	-0.160 	-0.051 	0.035 	
114.174 	-12.216 	28.199 	-0.051 	-0.119 	-0.086 	
173.134 	-106.759 	-18.502 	-0.081 	-0.072 	0.024 	
-13.531 	-32.966 	16.744 	-0.167 	-0.005 	-0.064 	
117.108 	-18.401 	39.955 	-0.157 	-0.013 	-0.107 	
193.553 	-35.575 	-3.670 	-0.050 	0.023 	-0.076 	
97.315 	-26.429 	-7.952 	-0.219 	-0.101 	-0.062 	
133.960 	-10.288 	67.560 	-0.046 	0.034 	-0.043 	
151.213 	7.750 	16.763 	-0.115 	0.122 	0.001 	
24.875 	-24.635 	22.162 	-0.179 	0.040 	0.054 	
95.901 	-6.244 	52.651 	-0.114 	0.063 	-0.092 	
182.664 	-0.893 	-11.583 	-0.100 	0.008 	-0.053 	
195.144 	7.217 	60.530 	-0.079 	0.059 	0.044 	
188.129 	65.075 	43.487 	-0.004 	0.065 	-0.053 	
62.280 	31.540 	3.550 	-0.172 	0.020 	0.130 	
95.390 	-3.880 	37.691 	-0.093 	-0.107 	0.139 	
130.633 	18.898 	0.637 	-0.085 	-0.088 	-0.069 	
61.944 	-49.768 	-7.288 	-0.137 	0.039 	0.015 	
202.037 	-17.249 	36.455 	-0.022 	0.047 	0.069 	
31.305 	-24.266 	9.657 	-0.130 	0.015 	-0.162 	
42.386 	89.701 	121.889 	-0.060 	0.044 	0.090 	
222.802 	-35.694 	58.104 	-0.029 	0.036 	0.092 	
56.698 	-7.975 	24.542 	-0.226 	0.043 	0.075 	
85.294 	5.568 	37.242 	-0.227 	-0.059 	-0.020 	
335.117 	25.058 	-515.640 	0.280 	0.061 	-0.636 	
-0.534 	19.756 	-3.830 	-0.144 	0.007 	0.157 	
189.641 	40.855 	-23.850 	-0.040 	-0.008 	-0.043 	
32.520 	6.118 	26.428 	-0.087 	0.054 	-0.021 	
43.496 	3.850 	75.667 	-0.069 	0.014 	-0.013 	
103.962 	-1.965 	26.353 	-0.114 	0.013 	-0.063 	
181.984 	13.671 	-1.679 	-0.150 	-0.026 	0.066 	
177.646 	-36.496 	15.146 	-0.079 	0.014 	-0.047 	
53.914 	5.293 	9.219 	-0.065 	-0.077 	0.040 	
45.184 	-25.979 	57.807 	-0.144 	-0.121 	-0.013 	
112.436 	28.709 	70.553 	-0.163 	0.057 	-0.042 	
221.376 	-123.319 	-104.066 	-0.049 	-0.114 	-0.061 	
128.680 	-29.379 	19.689 	-0.143 	0.008 	0.034 	
120.966 	11.588 	-48.913 	-0.167 	0.027 	0.066 	
113.961 	14.480 	-39.257 	-0.053 	0.080 	0.047 	
122.541 	-9.913 	-5.173 	-0.104 	-0.121 	-0.036 	
180.162 	58.175 	-68.997 	-0.114 	0.007 	-0.004 	
11.666 	-16.298 	-1.925 	-0.171 	-0.097 	0.033 	
48.824 	9.609 	-33.482 	-0.184 	-0.016 	0.076 	
91.653 	-32.883 	-27.505 	-0.222 	-0.041 	-0.022 	
50.790 	-13.911 	-4.802 	-0.163 	-0.017 	0.092 	
69.964 	-36.808 	8.005 	-0.086 	-0.005 	-0.143 	
169.643 	-32.102 	-25.792 	-0.167 	-0.003 	0.062 	
97.256 	33.269 	17.875 	-0.072 	0.059 	-0.067 	
106.871 	-84.973 	59.952 	-0.137 	-0.025 	0.091 	
225.763 	-21.281 	-75.232 	0.031 	-0.024 	-0.010 	
168.433 	-26.415 	75.021 	-0.147 	0.029 	-0.010 	
129.187 	-23.726 	38.205 	-0.118 	0.142 	0.073 	
170.915 	40.668 	-2.154 	-0.114 	0.103 	0.002 	
99.732 	-15.029 	0.801 	-0.070 	0.129 	0.010 	
19.468 	18.084 	-9.155 	-0.048 	0.020 	0.094 	
85.838 	75.993 	18.499 	-0.151 	-0.047 	0.088 	
184.057 	12.606 	11.120 	-0.105 	-0.054 	0.061 	
162.237 	18.336 	-29.121 	-0.058 	-0.055 	0.053 	
40.290 	17.486 	28.978 	-0.109 	-0.118 	-0.101 	
75.938 	-74.691 	15.230 	-0.102 	-0.011 	-0.120 	
54.096 	-16.353 	59.633 	-0.226 	-0.071 	-0.070 	
66.462 	12.195 	11.415 	-0.027 	-0.171 	0.001 	
52.390 	-7.197 	-4.576 	-0.174 	0.017 	-0.017 	
80.262 	-19.435 	17.855 	-0.178 	-0.125 	-0.042 	
65.268 	-47.532 	11.760 	-0.169 	-0.093 	-0.011 	
78.404 	31.983 	53.768 	-0.071 	-0.074 	0.034 	
240.134 	-11.230 	-28.730 	0.021 	-0.020 	-0.007 	
214.016 	-1.597 	34.087 	-0.004 	-0.057 	-0.037 	
6.499 	-82.439 	-14.555 	-0.152 	0.014 	0.072 	
107.395 	-95.206 	1.630 	-0.205 	-0.001 	-0.027 	
134.647 	-18.255 	0.830 	-0.094 	-0.011 	0.017 	
43.573 	-23.240 	19.296 	-0.168 	-0.176 	-0.104 	
33.299 	-27.478 	20.839 	-0.116 	0.049 	0.086 	
197.968 	30.135 	7.021 	-0.047 	-0.085 	-0.081 	
211.957 	-71.018 	5.968 	-0.048 	0.009 	-0.038 	
200.591 	-9.241 	6.728 	-0.055 	0.051 	0.018 	
102.465 	-27.948 	-23.138 	-0.037 	-0.098 	0.108 	
37.205 	-1.723 	9.568 	-0.206 	0.059 	0.066 	
33.335 	-48.105 	-24.063 	-0.067 	0.005 	0.003 	
20.557 	-31.805 	22.876 	-0.113 	0.030 	0.059 	
41.025 	-47.620 	32.593 	-0.200 	0.045 	-0.052 	
85.701 	40.901 	33.321 	-0.071 	-0.019 	-0.060 	
140.439 	-3.106 	12.482 	-0.050 	-0.024 	0.076 	
24.723 	73.547 	-30.997 	-0.268 	0.133 	-0.085 	
104.468 	-30.668 	41.937 	-0.087 	0.067 	0.094 	
-0.025 	-18.784 	39.259 	-0.172 	-0.049 	0.043 	
42.096 	-60.327 	12.065 	-0.096 	0.037 	0.099 	
169.620 	-32.503 	-4.859 	-0.034 	0.036 	-0.015 	
89.922 	-17.173 	67.862 	-0.131 	-0.069 	-0.036 	
39.713 	-65.609 	17.944 	-0.051 	0.036 	0.015 	
104.318 	-52.448 	22.877 	-0.179 	0.035 	-0.002 	
170.627 	-59.348 	67.079 	-0.051 	-0.051 	0.043 	
78.043 	-41.333 	32.868 	-0.199 	0.041 	-0.030 	
39.640 	14.589 	-7.229 	-0.136 	-0.096 	-0.051 	
106.827 	38.073 	-28.446 	-0.171 	-0.071 	-0.065 	
87.502 	-19.563 	74.355 	-0.151 	0.045 	0.005 	
40.140 	-25.142 	2.938 	-0.018 	-0.089 	0.078 	
1.708 	27.432 	34.324 	-0.128 	0.057 	-0.099 	
83.944 	-4.307 	14.986 	-0.228 	-0.067 	0.175 	
58.960 	-25.474 	-8.746 	-0.034 	-0.029 	0.025 	
30.468 	-47.134 	-1.638 	-0.102 	-0.018 	-0.114 	
196.053 	70.478 	21.690 	-0.059 	0.072 	-0.050 	
-15.253 	-69.268 	52.527 	-0.100 	0.012 	-0.042 	
96.057 	-13.098 	42.056 	-0.022 	-0.088 	-0.153 	
125.359 	-46.974 	92.666 	-0.138 	-0.037 	0.046 	
60.913 	12.573 	42.999 	-0.187 	0.025 	-0.029 	
33.893 	9.362 	26.145 	-0.213 	-0.099 	-0.030 	
134.618 	40.830 	18.196 	-0.074 	-0.056 	0.116 	
148.806 	62.849 	2.880 	-0.023 	-0.048 	-0.008 	
84.225 	17.904 	5.166 	-0.116 	0.093 	0.066 	
85.769 	57.968 	-46.729 	-0.152 	-0.035 	-0.033 	
220.269 	-113.585 	82.638 	0.112 	-1.033 	0.728 	
31.352 	27.224 	-34.290 	-0.090 	0.010 	-0.004 	
32.483 	-113.878 	47.714 	-0.157 	-0.046 	-0.080 	
18.924 	-43.208 	-0.985 	-0.066 	0.011 	-0.153 	
31.699 	-8.006 	-57.216 	-0.072 	-0.125 	0.035 	
201.325 	10.170 	15.717 	-0.003 	0.083 	-0.003 	
185.704 	91.843 	91.805 	-0.046 	0.064 	0.067 	
117.129 	12.209 	-52.914 	-0.114 	0.126 	-0.059 	
37.573 	-23.618 	-5.392 	-0.222 	-0.044 	0.015 	
94.008 	-6.846 	30.210 	0.022 	-0.049 	-0.078 	
85.008 	-16.136 	23.834 	-0.205 	0.065 	-0.003 	
182.117 	-16.586 	-3.339 	-0.028 	0.049 	-0.029 	
48.462 	-35.878 	-25.596 	-0.172 	0.127 	0.029 	
212.568 	-223.536 	-153.447 	0.271 	-0.453 	-0.402 	
18.575 	-25.731 	-10.223 	-0.130 	-0.091 	0.027 	
130.369 	-114.854 	-21.474 	-0.153 	-0.042 	-0.023 	
82.479 	-67.441 	17.361 	-0.094 	-0.026 	-0.033 	
101.831 	-3.264 	35.362 	0.005 	-0.037 	-0.055 	
142.822 	27.397 	27.845 	-0.113 	0.057 	0.042 	
172.243 	-30.328 	68.634 	-0.042 	0.055 	0.106 	
171.758 	45.219 	52.273 	-0.076 	-0.066 	-0.002 	
221.252 	-35.041 	-64.166 	-0.022 	0.012 	0.049 	
190.428 	-30.052 	-28.008 	-0.016 	-0.069 	-0.010 	
174.811 	51.938 	-57.584 	-0.028 	0.107 	-0.066 	
188.185 	33.112 	22.621 	-0.097 	0.089 	-0.022 	
216.606 	0.383 	-17.722 	-0.025 	-0.015 	0.054 	
60.893 	-9.352 	39.292 	-0.179 	-0.039 	-0.137 	
50.736 	12.890 	13.434 	-0.032 	0.168 	0.075 	
43.123 	-17.509 	-75.572 	-0.138 	-0.122 	0.011 	
94.586 	63.825 	105.998 	-0.174 	0.048 	0.020 	
64.410 	51.910 	28.624 	-0.086 	0.040 	-0.096 	
81.469 	-133.831 	26.823 	-0.111 	-0.063 	-0.036 	
42.109 	1.901 	35.406 	-0.128 	-0.139 	-0.021 	
-42.239 	-135.582 	886.839 	-0.288 	-0.580 	2.451 	
95.462 	-5.390 	-6.141 	-0.111 	-0.035 	0.032 	
77.673 	-15.564 	-70.643 	-0.189 	0.049 	0.034 	
199.650 	-115.189 	100.736 	-0.076 	-0.083 	0.049 	
50.514 	36.623 	-4.591 	-0.043 	-0.108 	0.021 	
125.912 	-19.790 	41.030 	-0.020 	-0.092 	-0.066 	
54.051 	-90.454 	-62.359 	-0.047 	0.015 	-0.009 	
73.948 	100.334 	77.426 	-0.164 	-0.011 	0.040 	
177.345 	-13.322 	-3.437 	-0.074 	0.010 	0.051 	
139.981 	-6.002 	83.902 	-0.088 	-0.092 	-0.042 	
80.215 	-62.857 	12.613 	-0.051 	0.005 	-0.140 	
175.288 	-19.383 	-58.290 	-0.055 	0.065 	-0.035 	
185.437 	43.627 	-53.619 	-0.002 	-0.017 	-0.068 	
77.755 	-13.752 	6.714 	-0.210 	-0.063 	0.070 	
116.421 	27.465 	-10.301 	-0.124 	-0.006 	0.077 	
63.509 	-12.363 	38.174 	-0.155 	0.040 	-0.113 	
69.256 	-24.259 	56.201 	-0.099 	-0.039 	-0.097 	
13.377 	-2.292 	-15.660 	-0.065 	0.069 	-0.003 	
102.978 	-34.587 	-28.545 	-0.080 	0.005 	0.029 	
-5.444 	-37.379 	-66.776 	-0.191 	0.015 	0.060 	
232.280 	77.833 	55.218 	-0.011 	0.013 	0.005 	
48.420 	-31.029 	-2.589 	-0.022 	0.062 	0.116 	
162.642 	78.868 	-59.580 	-0.061 	0.038 	-0.005 	
153.642 	-10.280 	49.862 	-0.047 	-0.015 	0.096 	
121.792 	32.687 	19.736 	-0.045 	-0.047 	-0.014 	
32.524 	-11.356 	-32.217 	-0.079 	-0.067 	-0.069 	
167.485 	-53.369 	-103.398 	-0.073 	-0.075 	-0.039 	
86.678 	62.808 	-24.573 	-0.038 	-0.038 	0.051 	
58.028 	62.794 	-194.765 	-0.072 	0.041 	-0.166 	
186.065 	6.241 	-21.434 	0.019 	-0.066 	0.059 	
128.383 	10.224 	-48.741 	-0.069 	0.029 	0.060 	
194.462 	-14.634 	3.316 	-0.035 	-0.021 	-0.050 	
46.454 	-24.257 	84.122 	-0.128 	-0.073 	-0.049 	
109.028 	-8.526 	42.186 	-0.166 	-0.132 	-0.079 	
67.733 	13.970 	-21.534 	-0.130 	-0.086 	0.118 	
33.478 	-8.642 	56.628 	-0.037 	-0.087 	-0.022 	
105.874 	-32.660 	38.884 	-0.052 	-0.084 	-0.092 	
72.175 	3.338 	-2.718 	-0.152 	-0.042 	-0.096 	
80.680 	122.293 	-29.244 	-0.122 	0.129 	-0.019 	
118.970 	-54.065 	-104.825 	-0.018 	0.011 	-0.025 	
186.793 	13.932 	34.069 	-0.034 	-0.009 	0.141 	
208.213 	25.396 	31.017 	-0.084 	-0.080 	0.065 	
-90.024 	198.207 	139.692 	-0.473 	0.571 	0.309 	
230.906 	47.071 	-81.877 	-0.012 	0.075 	-0.046 	
215.961 	-44.812 	22.123 	-0.082 	0.028 	0.006 	
216.392 	19.431 	-1.271 	-0.028 	0.047 	-0.003 	
162.654 	-32.215 	-35.245 	-0.113 	0.015 	-0.073 	
53.181 	-38.609 	-23.466 	-0.106 	0.122 	-0.071 	
212.141 	21.031 	-86.080 	0.025 	-0.079 	-0.022 	
110.322 	52.489 	27.175 	-0.167 	0.027 	0.078 	
98.069 	-45.879 	29.984 	-0.100 	0.082 	0.076 	
116.692 	120.011 	-70.089 	-0.136 	0.060 	-0.009 	
176.357 	-45.111 	-70.548 	-0.065 	-0.022 	-0.040 	
22.202 	6.931 	101.589 	-0.122 	-0.088 	0.061 	
21.739 	9.023 	-24.301 	-0.098 	0.000 	-0.068 	
37.020 	-27.074 	2.795 	-0.210 	-0.022 	0.122 	
185.647 	95.099 	6.306 	-0.060 	0.020 	0.047 	
64.623 	-46.936 	28.569 	-0.101 	-0.051 	0.145 	
60.814 	-100.193 	30.384 	-0.203 	-0.063 	-0.060 	
29.304 	-53.385 	22.464 	-0.091 	-0.044 	-0.131 	
161.222 	-26.551 	-47.731 	-0.090 	-0.048 	-0.028 	
100.448 	-63.480 	4.878 	-0.140 	0.017 	0.157 	
44.389 	-13.619 	-6.555 	-0.211 	-0.092 	-0.045 	
27.312 	-34.247 	54.132 	-0.132 	0.069 	0.080 	
197.631 	14.619 	38.096 	-0.001 	0.054 	0.090 	
146.077 	27.853 	-26.399 	-0.112 	0.018 	0.033 	
73.946 	-25.832 	36.075 	-0.104 	0.091 	0.097 	
46.442 	106.963 	0.311 	-0.132 	0.018 	-0.070 	
211.765 	-145.652 	33.248 	-0.044 	-0.152 	-0.013 	
173.368 	-74.062 	23.201 	-0.094 	-0.007 	0.106 	
202.601 	1.832 	-27.193 	-0.057 	0.067 	-0.076 	
15.027 	7.815 	9.657 	-0.069 	-0.030 	0.094 	
184.704 	12.867 	-45.633 	-0.021 	-0.047 	-0.031 	
28.688 	-14.285 	18.270 	-0.222 	-0.034 	0.194 	
144.899 	38.076 	31.004 	-0.063 	-0.077 	0.051 	
331.942 	329.638 	318.370 	0.158 	0.354 	0.371 	
99.947 	14.325 	-10.247 	-0.050 	-0.130 	-0.085 	
196.522 	163.449 	-104.787 	-0.069 	1.132 	-0.736 	
40.880 	-11.732 	22.983 	-0.172 	0.040 	0.107 	
121.420 	33.274 	21.480 	-0.074 	-0.045 	-0.078 	
134.455 	-15.564 	-56.710 	-0.058 	-0.069 	0.012 	
57.534 	-12.193 	-1.194 	-0.043 	-0.115 	0.142 	
3.621 	18.110 	-3.919 	-0.173 	0.019 	0.135 	
105.793 	-65.181 	-8.912 	-0.150 	-0.008 	0.073 	
202.192 	-38.999 	-57.339 	-0.063 	0.033 	-0.081 	
7.651 	13.790 	60.677 	-0.196 	-0.058 	-0.005 	
139.574 	-72.854 	-87.819 	-0.143 	-0.004 	-0.037 	
191.603 	-2.279 	-69.170 	-0.033 	0.062 	-0.001 	
93.535 	-19.303 	-10.493 	-0.102 	0.120 	-0.055 	
92.476 	-60.465 	19.036 	-0.102 	-0.015 	0.007 	
110.783 	166.968 	34.303 	-0.123 	0.155 	-0.011 	
20.453 	87.200 	-45.711 	-0.123 	0.036 	0.001 	
76.796 	-34.996 	11.177 	-0.153 	-0.103 	0.108 	
108.534 	-2.880 	-55.492 	-0.066 	-0.107 	0.091 	
40.847 	-24.432 	-2.697 	-0.131 	0.100 	-0.042 	
153.193 	22.840 	-78.703 	-0.034 	-0.015 	-0.070 	
145.400 	-140.414 	-56.539 	-0.114 	-0.087 	-0.006 	
169.760 	23.075 	-5.904 	-0.042 	-0.101 	-0.050 	
80.227 	36.158 	-20.943 	-0.170 	-0.087 	0.034 	
113.494 	-3.734 	4.852 	-0.163 	0.027 	0.005 	
88.155 	-5.827 	30.009 	-0.182 	-0.022 	0.052 	
102.411 	32.474 	54.348 	-0.137 	-0.147 	0.013 	
78.443 	-7.282 	18.518 	-0.082 	-0.187 	0.123 	
25.696 	-17.492 	17.159 	-0.107 	-0.249 	-0.046 	
140.070 	3.065 	-45.689 	-0.082 	0.021 	0.044 	
-8.902 	143.937 	-26.812 	-0.176 	0.104 	0.043 	
133.137 	-14.254 	17.444 	-0.063 	-0.072 	0.017 	
168.006 	21.461 	38.803 	-0.121 	0.029 	0.030 	
194.751 	124.469 	-35.274 	-0.054 	0.095 	-0.011 	
101.793 	-6.969 	35.046 	-0.151 	-0.064 	0.037 	
35.598 	31.715 	-12.219 	-0.074 	-0.037 	-0.082 	
45.088 	236.101 	14.556 	-0.248 	1.423 	0.093 	
100.101 	-56.930 	0.056 	-0.142 	-0.085 	-0.080 	
150.230 	-44.038 	45.622 	-0.070 	-0.070 	-0.025 	
261.532 	81.839 	-33.999 	0.005 	0.002 	-0.013 	
133.111 	-51.189 	-51.916 	-0.114 	-0.055 	0.028 	
106.732 	-82.668 	6.582 	-0.140 	0.020 	0.045 	
22.184 	-20.689 	17.746 	-0.156 	0.101 	0.065 	
165.788 	2.884 	58.780 	-0.055 	-0.016 	0.084 	
25.786 	-17.815 	17.099 	-0.142 	0.235 	-0.014 	
98.720 	-30.044 	-3.097 	-0.131 	0.051 	0.128 	
17.607 	-20.258 	10.279 	-0.213 	0.062 	0.128 	
30.408 	4.090 	65.029 	-0.193 	0.009 	-0.080 	
96.473 	-50.164 	46.024 	-0.101 	0.072 	-0.042 	
252.608 	-13.299 	-21.559 	0.035 	-0.072 	0.045 	
115.409 	44.720 	-74.607 	-0.094 	-0.024 	-0.040 	
76.725 	-19.331 	18.095 	-0.227 	-0.132 	0.017 	
104.591 	68.721 	-42.971 	-0.033 	-0.034 	0.027 	
-295.521 	-523.851 	-267.273 	-0.526 	-0.573 	-0.264 	
82.420 	-30.215 	0.270 	-0.036 	0.130 	0.005 	
145.807 	-28.500 	-38.218 	-0.116 	0.091 	-0.045 	
72.819 	-16.349 	-6.204 	-0.152 	-0.148 	-0.051 	
145.467 	-89.305 	56.922 	-0.137 	-0.005 	-0.010 	
151.695 	-35.293 	43.807 	-0.026 	0.018 	-0.001 	
41.207 	-2.205 	-0.064 	-0.092 	0.044 	0.054 	
2.422 	-13.450 	8.753 	-0.180 	-0.022 	0.028 	
225.299 	-90.518 	16.987 	0.015 	-0.053 	-0.029 	
33.652 	-34.326 	0.670 	-0.097 	0.023 	0.039 	
73.950 	3.140 	27.749 	-0.139 	-0.007 	-0.004 	
82.556 	2.433 	50.363 	-0.121 	0.057 	-0.047 	
221.569 	-88.680 	26.287 	-0.009 	-0.100 	-0.054 	
-18.235 	-96.167 	48.942 	-0.115 	-0.027 	-0.035 	
252.131 	-65.626 	9.461 	0.076 	-0.118 	0.026 	
19.974 	-31.548 	6.398 	-0.076 	-0.119 	-0.142 	
191.461 	5.656 	0.836 	0.012 	-0.016 	-0.015 	
222.077 	60.148 	48.406 	0.026 	0.015 	0.007 	
188.609 	28.752 	52.415 	-0.072 	0.046 	-0.040 	
3.637 	-20.652 	-41.125 	-0.153 	0.079 	0.132 	
91.456 	12.960 	58.312 	-0.050 	-0.101 	-0.040 	
103.668 	-33.575 	17.638 	-0.206 	0.065 	-0.069 	
210.552 	-140.911 	50.861 	-0.014 	-0.119 	0.020 	
47.059 	53.950 	28.947 	-0.136 	-0.008 	-0.009 	
120.470 	-72.781 	-56.753 	-0.151 	0.025 	-0.036 	
8.118 	14.107 	52.788 	-0.214 	0.002 	0.057 	
194.660 	-42.966 	19.235 	-0.095 	0.052 	0.022 	
92.233 	35.949 	69.586 	-0.206 	-0.036 	-0.033 	
43.639 	49.907 	105.124 	-0.082 	-0.010 	0.037 	
215.283 	15.358 	79.403 	-0.011 	0.067 	0.037 	
60.875 	-2.554 	1.948 	-0.098 	-0.222 	-0.067 	
244.578 	84.610 	49.324 	0.005 	0.089 	0.012 	
71.345 	85.026 	43.256 	-0.088 	-0.001 	-0.022 	
-0.190 	-72.621 	12.052 	-0.146 	-0.009 	-0.103 	
227.289 	29.185 	-68.523 	0.023 	0.085 	-0.051 	
109.775 	-24.779 	93.371 	-0.084 	0.023 	0.040 	
46.934 	24.348 	-13.232 	-0.093 	-0.108 	-0.090 	
249.113 	-75.890 	-51.183 	0.006 	-0.002 	0.001 	
-16.828 	-167.664 	497.866 	-0.166 	-0.180 	0.632 	
-28.009 	-14.972 	36.820 	-0.178 	-0.009 	0.024 	
129.159 	-6.741 	-14.231 	-0.068 	-0.105 	0.121 	
34.521 	-57.270 	70.374 	-0.111 	0.033 	-0.028 	
78.694 	-33.818 	32.571 	-0.094 	-0.086 	0.182 	
170.656 	-19.507 	67.872 	-0.019 	0.023 	-0.002 	
80.932 	-2.400 	25.241 	-0.185 	0.086 	0.115 	
51.066 	-16.939 	8.580 	-0.040 	-0.171 	0.028 	
181.042 	50.984 	-51.183 	-0.037 	0.002 	-0.025 	
73.751 	-33.138 	53.782 	-0.100 	-0.027 	-0.053 	
59.771 	-36.914 	2.511 	-0.221 	0.110 	-0.036 	
122.971 	-18.183 	-30.324 	-0.027 	-0.097 	0.089 	
53.080 	-13.227 	18.605 	-0.075 	-0.057 	-0.098 	
99.776 	-2.290 	60.658 	-0.201 	0.048 	-0.047 	
10.704 	27.094 	-28.161 	-0.092 	-0.099 	-0.055 	
105.363 	-22.684 	60.174 	-0.052 	-0.003 	-0.014 	
186.855 	-75.537 	-6.333 	0.012 	-0.047 	0.002 	
100.389 	-98.630 	62.048 	-0.065 	-0.033 	0.012 	
198.234 	-13.001 	30.671 	-0.019 	0.024 	0.030 	
-13.261 	-34.066 	39.221 	-0.120 	0.103 	-0.073 	
28.021 	-18.812 	18.180 	-0.170 	-0.021 	0.084 	
191.956 	-77.971 	52.945 	-0.003 	-0.003 	0.066 	
55.403 	-55.946 	-113.803 	-0.112 	-0.032 	-0.043 	
146.382 	-9.189 	46.417 	-0.141 	-0.021 	0.053 	
108.384 	-1.311 	-39.861 	-0.212 	-0.001 	-0.023 	
99.691 	-7.425 	39.185 	-0.234 	-0.025 	-0.039 	
171.793 	-90.944 	27.156 	-0.039 	-0.045 	0.117 	
101.737 	-27.391 	36.234 	-0.184 	0.031 	-0.061 	
44.664 	-24.758 	-8.892 	-0.152 	0.049 	0.181 	
49.349 	21.212 	107.349 	-0.168 	-0.065 	0.021 	
65.048 	-43.752 	47.712 	-0.164 	-0.124 	-0.029 	
130.505 	-2.664 	29.034 	-0.142 	-0.045 	-0.071 	
73.700 	-186.921 	-35.423 	-0.060 	-1.325 	-0.227 	
79.214 	45.031 	11.264 	-0.093 	-0.083 	-0.037 	
196.405 	44.065 	30.075 	-0.057 	-0.026 	0.058 	
-48.879 	-44.232 	-12.802 	-0.107 	-0.026 	0.064 	
74.239 	-46.889 	-9.992 	-0.140 	0.045 	0.009 	
250.990 	84.079 	55.564 	0.020 	-0.007 	0.107 	
26.994 	-67.292 	6.081 	-0.048 	0.022 	-0.072 	
-27.268 	-8.949 	-27.030 	-0.088 	0.108 	0.091 	
141.744 	-13.402 	113.441 	-0.072 	0.078 	0.040 	
49.135 	-64.358 	-7.829 	-0.174 	-0.013 	-0.082 	
3.288 	14.036 	-20.087 	-0.114 	0.103 	0.048 	
183.737 	15.374 	20.115 	-0.093 	-0.078 	0.082 	
52.690 	40.475 	-16.556 	-0.167 	-0.081 	-0.086 	
143.053 	-13.904 	47.756 	-0.098 	0.033 	-0.012 	
198.181 	-20.167 	44.702 	-0.015 	-0.003 	-0.080 	
62.354 	16.371 	-2.189 	-0.229 	-0.097 	0.037 	
253.320 	45.261 	52.571 	0.076 	-0.026 	-0.029 	
32.528 	-23.111 	24.026 	-0.162 	-0.146 	-0.133 	
84.598 	-43.338 	17.047 	-0.085 	0.078 	-0.033 	
130.637 	-3.546 	-46.695 	-0.169 	-0.069 	0.042 	
83.845 	-13.223 	18.989 	-0.056 	0.054 	0.103 	
