## Las primeras 200 lineas corresponden a la esfera 1 
##las siguienets 300 lineas a la esfera 2
## Las primeras tres columnas corresponden a la posición en 'x', 'y' y 'z', las siguientes tres a las velocidades
12.917 	79.801 	54.829 	-24.795 	63.819 	51.759 	
-19.296 	5.711 	7.296 	0.593 	-0.979 	-4.490 	
-21.567 	5.626 	37.254 	1.150 	-3.008 	-3.663 	
36.596 	-11.495 	-4.022 	-4.100 	4.703 	-6.407 	
-34.721 	-0.698 	-23.501 	4.272 	0.657 	6.147 	
-75.112 	19.585 	49.565 	-15.864 	14.323 	24.192 	
40.403 	-15.990 	70.209 	94.302 	-11.793 	118.814 	
-0.881 	-33.832 	-23.399 	1.914 	5.268 	3.333 	
13.904 	-26.364 	2.348 	-9.981 	11.536 	2.229 	
16.978 	1.313 	-20.039 	-0.295 	-0.315 	5.864 	
21.557 	-7.866 	3.470 	1.320 	0.780 	-2.035 	
-16.117 	0.790 	-11.721 	1.250 	0.350 	1.359 	
-37.468 	-12.545 	-14.323 	14.347 	-0.232 	-17.811 	
45.862 	-4.354 	0.461 	-3.395 	3.807 	-1.970 	
5.004 	26.991 	-17.020 	0.442 	-4.210 	1.744 	
14.291 	-33.754 	-2.044 	0.629 	8.615 	1.517 	
32.615 	28.729 	36.516 	7.358 	8.477 	22.386 	
14.253 	37.411 	19.804 	0.338 	-4.155 	-2.209 	
38.508 	-19.264 	9.282 	0.175 	5.578 	-3.678 	
42.661 	6.211 	4.684 	-5.278 	-8.473 	1.512 	
-10.874 	-40.111 	-16.731 	2.203 	4.637 	1.627 	
21.703 	8.277 	26.093 	0.840 	-2.159 	-5.277 	
7.469 	-32.772 	21.359 	2.203 	3.661 	-3.659 	
-22.497 	-28.554 	25.139 	2.862 	4.123 	-2.047 	
-4.394 	122.665 	6.344 	23.623 	100.689 	-0.504 	
-34.001 	-16.629 	3.660 	5.148 	3.117 	-2.201 	
-22.314 	-12.335 	-3.022 	8.839 	2.199 	6.524 	
29.703 	29.356 	-10.181 	-0.357 	-6.753 	1.038 	
-21.264 	4.636 	0.198 	0.993 	0.449 	-0.705 	
-30.230 	-12.472 	-10.259 	-4.927 	2.163 	-5.609 	
-7.573 	-21.628 	6.240 	2.716 	3.164 	-1.974 	
27.712 	18.683 	-9.593 	0.433 	-2.893 	0.304 	
5.625 	2.426 	-13.045 	3.790 	-1.028 	0.929 	
-39.507 	-0.595 	-2.740 	9.370 	3.569 	0.430 	
9.526 	23.670 	-31.875 	1.376 	-3.564 	4.578 	
-36.798 	-21.785 	-4.290 	4.946 	5.724 	-3.438 	
10.567 	-16.130 	40.029 	0.408 	1.642 	-4.714 	
-42.960 	-3.623 	9.914 	4.844 	0.966 	0.484 	
36.725 	-12.703 	-3.800 	2.310 	3.800 	-1.367 	
15.149 	4.488 	-7.217 	1.665 	-1.140 	-0.439 	
-4.039 	41.737 	5.688 	1.542 	-5.200 	-1.572 	
-10.106 	-23.255 	24.105 	1.649 	2.972 	-2.551 	
44.412 	-2.339 	-10.447 	0.776 	-4.347 	-7.666 	
40.993 	7.241 	6.979 	-7.718 	-5.554 	4.868 	
-27.764 	0.019 	-18.274 	2.248 	-2.245 	5.910 	
-22.364 	-17.906 	-11.957 	2.677 	6.380 	2.676 	
42.299 	-29.131 	-8.900 	5.220 	-56.262 	4.176 	
-5.808 	-5.063 	-9.096 	-2.794 	0.932 	-15.716 	
-22.734 	6.750 	2.863 	2.906 	-3.897 	-2.646 	
-3.206 	-35.579 	2.831 	3.248 	4.069 	0.069 	
-11.445 	10.792 	24.236 	1.897 	-1.714 	-2.756 	
37.343 	-8.859 	15.701 	-1.590 	1.619 	-4.692 	
-20.438 	30.623 	11.693 	3.218 	-4.183 	-0.678 	
-34.076 	14.530 	0.351 	7.370 	3.520 	21.632 	
25.151 	24.678 	0.613 	2.100 	3.508 	3.245 	
-11.896 	34.047 	-16.359 	1.451 	-4.728 	2.005 	
-32.227 	11.999 	15.314 	3.758 	-2.213 	-4.116 	
285.395 	-244.194 	-135.769 	216.777 	-176.679 	-101.410 	
15.742 	-21.187 	-13.031 	-0.734 	4.960 	5.050 	
-4.343 	9.972 	34.120 	0.565 	-1.490 	-3.609 	
39.177 	-17.580 	-6.778 	11.291 	-20.305 	-12.988 	
-14.869 	4.956 	-6.078 	-0.330 	-2.451 	-0.669 	
38.293 	-17.609 	-2.288 	-3.566 	8.073 	-0.195 	
-4.820 	-28.663 	2.240 	-29.368 	37.286 	-7.706 	
-40.319 	1.773 	-10.217 	6.981 	-0.145 	4.349 	
-6.874 	-26.518 	-40.971 	25.900 	-12.496 	-28.422 	
-41.118 	1.576 	10.662 	5.519 	-2.276 	-4.387 	
23.578 	-32.672 	21.537 	13.314 	10.811 	15.564 	
-39.905 	-8.359 	6.914 	4.903 	3.740 	-3.661 	
-3.477 	43.564 	-8.501 	0.808 	-5.010 	1.205 	
-24.090 	23.781 	19.508 	2.939 	-2.752 	-3.312 	
-36.582 	-21.306 	-6.531 	5.022 	3.964 	3.860 	
15.305 	-29.464 	-1.529 	-0.953 	5.746 	3.757 	
25.685 	-0.433 	-9.524 	0.681 	-0.695 	2.356 	
49.470 	3.102 	1.567 	-1.806 	1.784 	2.010 	
5.359 	-20.836 	-35.743 	1.597 	2.811 	4.704 	
10.853 	-37.827 	4.898 	-14.506 	-0.237 	-20.692 	
-5.360 	-7.926 	36.519 	3.991 	0.541 	-8.262 	
26.103 	-19.193 	21.514 	-1.748 	4.281 	-4.659 	
-20.907 	7.342 	-8.585 	1.765 	-3.851 	1.803 	
35.787 	16.019 	-0.558 	-1.560 	-6.073 	-0.086 	
40.029 	-7.834 	-9.856 	-3.173 	2.936 	6.837 	
24.019 	-15.409 	-3.822 	0.885 	2.983 	0.078 	
19.511 	-11.049 	-18.886 	0.038 	1.333 	4.950 	
-16.904 	-18.478 	32.503 	5.332 	0.193 	-3.998 	
-32.108 	-22.720 	-16.551 	-8.521 	-11.210 	15.828 	
-10.048 	14.232 	37.300 	1.607 	-2.986 	-4.474 	
38.619 	0.041 	-2.935 	-15.494 	-7.524 	8.075 	
-24.173 	-0.329 	-7.956 	2.728 	0.197 	0.533 	
-27.478 	15.163 	-7.345 	1.213 	-1.750 	3.475 	
16.218 	-50.337 	6.750 	32.071 	-25.967 	5.997 	
15.894 	-20.451 	-10.900 	1.176 	1.963 	-1.330 	
-2.063 	26.141 	-2.915 	1.814 	-3.113 	0.454 	
-17.032 	31.545 	-17.945 	3.753 	-3.255 	2.671 	
13.149 	-25.952 	1.937 	7.480 	2.641 	11.086 	
-29.411 	-2.300 	-17.204 	4.286 	3.000 	2.999 	
-27.819 	16.904 	-6.599 	3.716 	-8.837 	-0.795 	
-28.510 	-10.625 	-2.318 	3.233 	1.673 	-3.149 	
-39.257 	0.179 	-3.507 	9.127 	1.549 	1.388 	
24.091 	6.372 	-6.721 	0.578 	-12.210 	-2.748 	
-1.933 	27.537 	-17.687 	2.504 	-3.473 	2.729 	
33.718 	-11.802 	-24.959 	-1.698 	1.568 	5.490 	
0.503 	34.233 	1.828 	0.046 	-4.995 	-0.069 	
2.645 	-27.576 	-21.025 	2.574 	4.265 	2.442 	
-125.159 	453.924 	439.055 	-39.652 	224.011 	228.828 	
-34.446 	0.125 	11.343 	2.451 	0.003 	-4.907 	
33.872 	-5.074 	0.796 	-11.083 	29.453 	19.698 	
18.707 	-27.696 	1.581 	-4.213 	5.015 	-1.756 	
20.308 	15.025 	-32.828 	-2.693 	-4.774 	-3.024 	
-30.925 	15.132 	-26.596 	2.983 	-3.043 	4.216 	
-11.946 	2.250 	-23.263 	3.048 	-2.423 	5.984 	
40.437 	2.344 	-3.313 	-2.603 	10.905 	4.802 	
35.249 	29.085 	17.911 	1.507 	12.689 	0.892 	
26.320 	21.246 	-21.849 	2.531 	-0.296 	9.430 	
9.135 	-5.771 	-11.171 	3.261 	0.730 	0.825 	
-14.474 	-16.873 	-8.737 	0.480 	3.148 	0.548 	
21.138 	16.291 	-33.857 	-0.550 	-2.693 	8.375 	
-16.961 	30.567 	15.976 	0.905 	-3.859 	-3.272 	
12.500 	33.005 	-26.246 	0.507 	-4.797 	2.923 	
78.053 	-82.727 	-65.138 	27.105 	-64.290 	-43.149 	
-15.351 	-15.356 	-25.576 	2.734 	1.767 	3.991 	
-2.214 	30.377 	5.603 	1.846 	-3.069 	-2.631 	
15.754 	-32.292 	21.719 	0.246 	3.455 	-4.709 	
31.912 	51.934 	-10.073 	-8.031 	50.953 	2.077 	
39.721 	9.702 	1.504 	-2.309 	-3.543 	-6.838 	
35.318 	-24.573 	-7.493 	-1.018 	6.365 	2.242 	
-10.089 	-15.618 	-29.522 	1.147 	1.679 	5.210 	
32.622 	3.851 	14.988 	-0.866 	-0.659 	-4.927 	
2.633 	-11.793 	-37.740 	2.103 	-0.038 	5.052 	
-340.280 	266.858 	156.117 	-214.865 	175.617 	99.790 	
42.421 	-6.035 	-0.491 	11.628 	1.107 	10.242 	
22.162 	-14.921 	20.815 	-2.569 	-0.564 	-11.160 	
17.468 	12.099 	14.051 	1.968 	-2.210 	-0.434 	
29.946 	20.007 	-11.559 	-3.457 	-5.507 	4.132 	
28.397 	-4.219 	19.128 	-0.156 	0.771 	-4.703 	
-16.764 	11.395 	36.720 	5.167 	1.550 	-4.099 	
34.863 	5.818 	28.774 	-1.498 	-1.121 	-5.007 	
-46.741 	5.393 	-0.310 	-10.428 	3.223 	10.715 	
-2.494 	-10.538 	-0.431 	2.544 	2.523 	-0.119 	
36.545 	-443.662 	-476.230 	41.111 	-224.379 	-228.376 	
-33.730 	10.675 	-3.813 	2.273 	-3.393 	-0.628 	
41.943 	-16.784 	8.337 	-2.831 	2.499 	-3.624 	
15.584 	10.709 	-0.664 	8.444 	-3.528 	25.684 	
10.133 	1.173 	-16.038 	1.240 	0.371 	4.615 	
26.660 	14.710 	1.945 	-0.157 	-3.519 	-1.787 	
15.257 	-2.932 	21.139 	1.830 	0.638 	-4.632 	
-6.306 	-41.307 	6.387 	3.094 	5.358 	-1.770 	
26.500 	5.973 	34.012 	0.076 	-0.737 	-5.941 	
43.435 	7.861 	3.523 	2.412 	6.489 	-9.843 	
-31.369 	21.236 	7.586 	3.819 	-4.149 	-1.753 	
0.738 	0.190 	35.938 	0.527 	-0.810 	-4.560 	
-29.323 	-20.662 	5.484 	2.037 	4.475 	-2.905 	
25.245 	20.888 	-12.236 	2.783 	-5.890 	3.618 	
-43.123 	-4.387 	-40.292 	-90.478 	14.029 	-124.994 	
13.268 	-25.873 	2.495 	9.271 	-6.378 	-19.815 	
45.145 	-25.797 	11.372 	-4.587 	-9.499 	4.222 	
-34.930 	0.337 	-6.702 	22.573 	-11.296 	-7.297 	
6.060 	15.698 	3.343 	2.109 	-3.145 	-1.297 	
-21.196 	2.109 	-16.977 	1.717 	-2.001 	4.591 	
5.828 	9.373 	-30.230 	-6.937 	-5.116 	-20.204 	
-38.278 	1.719 	-27.087 	1.673 	-13.177 	-14.786 	
-23.478 	-22.361 	28.158 	3.990 	1.767 	-3.002 	
21.632 	-15.220 	19.991 	4.485 	3.955 	2.677 	
-24.668 	-28.433 	-16.025 	2.644 	5.928 	2.116 	
18.762 	5.036 	17.519 	0.836 	-0.685 	-4.535 	
29.643 	-10.453 	-13.680 	-0.126 	2.369 	4.880 	
2.055 	-7.641 	15.106 	6.674 	-2.084 	12.418 	
-12.669 	39.350 	-3.909 	2.910 	-4.452 	0.081 	
6.800 	15.420 	-29.984 	2.065 	-1.818 	4.996 	
43.919 	5.400 	-9.805 	-2.570 	-2.536 	6.194 	
-11.119 	0.816 	-15.729 	0.262 	-0.636 	2.878 	
-38.326 	8.120 	-2.162 	4.982 	-4.817 	-2.784 	
46.181 	6.812 	5.502 	1.058 	-6.097 	-5.458 	
19.485 	3.229 	-16.555 	-4.905 	-15.649 	-27.523 	
39.509 	0.275 	0.097 	1.676 	-0.350 	-3.630 	
23.037 	-16.345 	-29.065 	-0.744 	1.996 	5.353 	
14.651 	4.134 	11.886 	2.732 	-0.088 	-1.838 	
-4.362 	-7.991 	34.954 	-0.450 	1.338 	-0.496 	
-8.004 	0.425 	-22.886 	-0.142 	0.368 	5.303 	
3.935 	-24.488 	-22.589 	-6.560 	2.597 	2.146 	
9.236 	-14.086 	-38.732 	-0.413 	0.751 	5.650 	
30.950 	1.362 	9.835 	-3.329 	-20.279 	-8.778 	
-59.613 	-130.354 	3.134 	-20.489 	-100.176 	-3.007 	
32.039 	12.393 	-21.313 	-1.467 	-1.570 	5.148 	
-14.323 	-18.927 	32.721 	-0.829 	2.740 	-4.564 	
31.333 	-7.160 	-9.234 	-9.258 	-1.622 	-6.157 	
14.046 	-26.566 	-31.592 	-0.407 	3.763 	4.801 	
3.299 	-19.138 	-11.383 	2.569 	2.944 	1.616 	
7.173 	-13.950 	3.061 	1.365 	1.408 	-1.752 	
-43.284 	10.983 	-1.192 	3.516 	10.582 	-0.342 	
12.979 	-8.085 	-12.129 	0.055 	1.912 	2.258 	
-43.387 	-14.785 	-3.390 	-2.956 	-5.296 	15.238 	
10.210 	8.825 	-15.604 	3.871 	-1.155 	2.882 	
-37.741 	4.130 	-17.181 	5.613 	-0.600 	4.733 	
43.152 	14.558 	-19.268 	-5.287 	5.640 	-8.223 	
6.536 	30.533 	25.238 	1.277 	-3.243 	-3.217 	
17.568 	11.122 	12.002 	2.130 	-4.966 	-5.644 	
19.438 	-23.285 	-17.730 	7.099 	4.755 	6.776 	
-28.722 	-18.966 	-19.562 	17.476 	17.894 	-7.423 	
-23.373 	-20.117 	-12.784 	0.592 	1.889 	0.927 	
92.112 	5.046 	-8.872 	-0.775 	-0.533 	2.786 	
127.325 	-36.578 	15.042 	0.445 	1.664 	0.417 	
85.540 	-8.109 	0.596 	3.276 	2.442 	-3.460 	
144.490 	-20.219 	-7.141 	-0.426 	1.378 	0.757 	
131.537 	-42.769 	19.649 	-1.026 	1.882 	-2.011 	
102.449 	29.215 	23.555 	1.115 	-3.330 	-2.622 	
120.426 	24.372 	-44.884 	0.545 	-2.332 	3.133 	
195.783 	2.679 	62.094 	-4.789 	3.900 	12.999 	
95.038 	-3.875 	-25.427 	0.879 	0.048 	4.093 	
94.525 	-41.285 	-21.539 	3.571 	-37.299 	-1.442 	
183.705 	27.739 	-16.601 	-1.398 	-4.170 	1.576 	
127.744 	10.609 	-28.253 	-0.589 	-0.484 	1.799 	
171.246 	-22.591 	-14.405 	-0.690 	1.898 	1.631 	
147.164 	-35.063 	-20.733 	-0.767 	2.642 	1.616 	
146.151 	-32.520 	-48.854 	7.223 	1.167 	-0.395 	
161.360 	38.434 	42.237 	-0.599 	-2.517 	-2.600 	
120.753 	-20.317 	26.969 	2.006 	0.942 	-1.404 	
171.834 	-48.001 	-2.909 	-8.121 	-9.262 	-3.538 	
188.137 	-16.006 	-26.430 	-1.091 	1.750 	2.259 	
147.398 	47.910 	0.744 	0.003 	-2.767 	-0.628 	
201.861 	-9.629 	11.987 	-1.030 	-5.135 	-19.479 	
176.055 	17.428 	35.993 	-1.368 	-1.792 	-2.964 	
194.195 	13.881 	-19.266 	-5.126 	4.863 	1.022 	
201.779 	20.290 	19.736 	-4.723 	-1.225 	-3.622 	
210.941 	-14.090 	0.243 	-3.592 	7.609 	1.657 	
158.006 	0.650 	61.443 	9.776 	-5.448 	9.892 	
126.758 	7.700 	-46.747 	-0.473 	-0.221 	2.403 	
207.088 	-12.570 	-16.365 	-5.064 	1.941 	2.608 	
210.309 	40.487 	7.789 	21.484 	54.310 	-5.608 	
99.726 	-15.439 	-38.819 	0.591 	1.950 	3.961 	
108.307 	41.033 	-3.873 	0.516 	-4.520 	0.833 	
178.956 	52.117 	-16.180 	-2.014 	-3.420 	0.955 	
-746.341 	-5.793 	-6359.028 	-510.073 	9.006 	-3862.756 	
174.499 	-7.986 	39.943 	-1.686 	1.240 	-3.634 	
131.056 	21.176 	23.910 	-0.281 	-0.956 	-1.802 	
106.792 	31.484 	35.936 	0.937 	-2.821 	-3.662 	
53.119 	12.866 	288.464 	-16.751 	-2.098 	163.444 	
135.355 	-27.012 	48.394 	0.114 	2.114 	-3.381 	
182.929 	-12.320 	2.337 	-0.446 	-2.862 	-0.508 	
160.930 	44.995 	-34.631 	-0.915 	-2.560 	2.433 	
192.437 	0.829 	11.825 	-29.392 	-58.017 	4.938 	
140.314 	-47.918 	39.317 	-1.052 	3.588 	-2.699 	
118.295 	8.971 	56.756 	0.788 	-0.603 	-4.103 	
141.762 	7.152 	-58.049 	0.274 	-0.003 	5.106 	
166.815 	-9.046 	47.053 	-0.220 	-0.351 	-4.529 	
145.921 	9.999 	-52.325 	1.530 	-1.169 	2.349 	
155.658 	14.232 	-15.537 	1.159 	-0.233 	1.953 	
87.490 	15.205 	16.721 	2.024 	-2.386 	-3.585 	
136.002 	33.154 	-29.271 	-1.028 	-1.659 	1.145 	
140.650 	-37.024 	19.217 	-1.200 	1.882 	-1.379 	
141.889 	-19.076 	55.259 	-0.415 	0.865 	-4.108 	
180.080 	-21.072 	6.113 	-1.040 	3.024 	-0.925 	
185.937 	44.937 	2.154 	-1.160 	-3.359 	-0.300 	
177.298 	4.446 	-39.377 	-1.904 	0.018 	3.525 	
155.275 	49.049 	72.406 	94.482 	74.792 	79.749 	
90.018 	18.523 	11.544 	2.120 	-4.021 	-2.212 	
117.990 	-44.322 	12.713 	0.916 	3.919 	-0.114 	
174.791 	1.662 	30.798 	-1.092 	-1.352 	-1.086 	
197.053 	19.373 	-17.416 	-5.594 	-3.896 	2.329 	
196.688 	18.774 	-19.846 	1.126 	1.024 	6.279 	
194.503 	-7.567 	-27.686 	-2.161 	0.590 	2.962 	
150.405 	50.639 	-23.018 	-1.292 	-2.301 	1.330 	
151.214 	14.086 	-50.350 	-1.388 	-2.989 	2.092 	
159.398 	46.329 	-13.612 	-1.376 	-2.434 	0.727 	
97.947 	12.479 	22.765 	-2.899 	-10.224 	11.926 	
165.827 	22.740 	-11.057 	2.003 	-0.310 	-0.794 	
155.852 	-27.011 	-5.176 	-0.397 	1.528 	1.327 	
108.134 	-7.801 	-3.949 	-1.813 	1.473 	-0.013 	
142.431 	-0.480 	17.252 	0.797 	-0.187 	-0.149 	
117.800 	11.820 	-53.737 	1.208 	-1.167 	4.361 	
95.880 	-13.021 	20.395 	-0.471 	2.126 	-4.224 	
101.358 	-29.835 	3.217 	-1.667 	2.648 	0.970 	
173.247 	-35.171 	34.577 	0.898 	3.591 	-2.581 	
92.878 	-19.732 	9.336 	8.210 	-28.696 	20.088 	
108.111 	35.787 	5.808 	1.022 	-5.086 	-0.588 	
124.051 	-10.800 	47.194 	0.608 	1.067 	-4.083 	
148.260 	21.299 	-1.814 	-0.634 	-2.419 	0.047 	
149.602 	47.317 	-43.365 	-0.462 	-2.621 	3.045 	
141.601 	-43.942 	12.146 	-1.058 	3.342 	0.250 	
127.236 	18.078 	-53.731 	-0.333 	-1.766 	3.879 	
89.930 	-12.138 	6.052 	-1.815 	-1.816 	-2.235 	
193.012 	-43.062 	-20.083 	13.146 	0.380 	-15.099 	
207.662 	-19.530 	3.770 	-0.952 	4.109 	0.547 	
121.236 	-26.864 	-51.701 	-0.642 	1.078 	4.678 	
165.450 	-14.599 	34.629 	0.018 	0.368 	-1.366 	
133.263 	-24.103 	-40.704 	-0.263 	2.036 	3.100 	
199.280 	13.950 	-5.257 	-3.054 	-1.268 	-0.054 	
109.356 	19.176 	-10.686 	-41.537 	-15.083 	-2.267 	
144.097 	-44.945 	-35.754 	2.560 	8.801 	-34.045 	
186.617 	15.846 	-17.539 	-0.171 	-1.348 	0.117 	
193.375 	-33.489 	6.578 	19.172 	41.579 	-8.482 	
148.114 	-10.623 	21.293 	-0.974 	1.709 	-1.292 	
161.173 	10.598 	0.406 	-0.867 	-0.073 	-0.430 	
178.848 	-14.066 	-40.392 	-1.504 	1.622 	3.426 	
137.229 	56.008 	-22.119 	11.489 	-2.035 	6.875 	
156.625 	54.257 	4.339 	-1.072 	-3.960 	-1.396 	
197.424 	24.893 	-27.042 	-2.884 	-4.790 	3.271 	
83.927 	3.537 	-0.074 	3.314 	-5.432 	5.026 	
178.009 	-34.776 	30.976 	-2.088 	2.725 	-1.025 	
89.159 	-11.929 	-13.142 	-1.655 	-0.602 	-5.285 	
200.668 	9.859 	1.290 	-3.088 	-0.500 	-0.970 	
180.788 	15.340 	-16.461 	0.968 	0.091 	0.978 	
126.534 	32.454 	28.108 	-4.205 	-5.466 	-2.452 	
198.497 	28.586 	21.291 	-2.618 	-4.088 	-3.079 	
193.242 	-8.050 	38.899 	-1.249 	-0.666 	-4.157 	
134.542 	-43.529 	38.092 	0.678 	2.343 	-2.646 	
202.596 	-8.014 	-9.663 	-2.889 	-0.018 	1.171 	
105.522 	-33.206 	75.228 	-8.169 	-26.132 	21.516 	
162.034 	-38.859 	16.453 	-15.093 	4.512 	18.838 	
138.962 	-55.379 	-24.896 	-0.280 	3.586 	1.488 	
178.224 	1.881 	43.927 	-1.969 	-1.884 	-4.308 	
201.243 	-6.220 	6.591 	-2.091 	-0.960 	-0.129 	
201.601 	-8.494 	-18.456 	-2.449 	0.638 	2.935 	
123.535 	-15.112 	-23.019 	-0.617 	1.811 	1.262 	
155.649 	61.618 	18.409 	-0.515 	-3.605 	-1.447 	
92.476 	-43.515 	219.243 	-146.644 	-47.778 	254.448 	
336.144 	37.331 	-214.256 	139.818 	47.566 	-255.786 	
121.124 	-30.415 	27.349 	1.196 	3.582 	-1.915 	
168.973 	57.265 	20.872 	-1.611 	-3.203 	-1.734 	
145.527 	12.746 	19.267 	-1.800 	-2.267 	0.503 	
172.687 	38.922 	43.168 	-1.640 	-2.386 	-2.669 	
127.997 	35.253 	-34.176 	2.638 	-3.009 	0.963 	
182.680 	-15.717 	2.747 	0.294 	2.299 	-0.530 	
309.202 	-11.837 	93.379 	143.576 	6.015 	111.096 	
188.237 	-13.632 	13.329 	-1.426 	0.548 	-1.773 	
83.921 	3.508 	0.542 	3.958 	1.291 	-3.105 	
214.010 	-0.003 	-4.777 	-5.688 	-0.804 	0.321 	
98.835 	-31.762 	5.431 	1.971 	5.154 	-1.517 	
112.287 	18.973 	22.302 	-0.034 	-1.381 	-2.017 	
172.397 	-45.327 	29.855 	-0.627 	4.841 	-1.693 	
174.022 	-3.618 	38.144 	-0.742 	-1.890 	-2.093 	
91.721 	-11.302 	7.140 	3.946 	7.097 	-0.064 	
196.246 	20.408 	-18.508 	-5.863 	-3.690 	2.355 	
113.671 	14.994 	-42.282 	1.189 	-1.138 	2.705 	
168.181 	-21.132 	44.647 	-2.471 	-0.901 	-4.832 	
138.755 	-8.519 	33.870 	-1.091 	0.559 	-2.827 	
131.711 	55.490 	-24.714 	-7.961 	-4.286 	-1.317 	
184.174 	-48.925 	38.167 	-3.216 	-13.035 	1.746 	
96.871 	21.689 	-4.370 	1.099 	-3.764 	0.570 	
107.261 	31.328 	-24.323 	0.836 	-4.765 	3.295 	
211.308 	-5.041 	20.757 	-5.140 	-5.173 	8.920 	
131.184 	-6.577 	-52.346 	0.083 	0.848 	3.587 	
194.238 	29.132 	-37.782 	-1.910 	-2.827 	3.910 	
169.646 	-22.662 	-136.044 	107.461 	-98.295 	-263.929 	
175.927 	-31.743 	38.203 	-1.888 	1.877 	-4.596 	
106.132 	-20.331 	-10.114 	-0.963 	3.064 	1.558 	
190.638 	-18.696 	30.909 	-2.577 	1.840 	-1.077 	
158.936 	4.817 	-58.643 	-2.104 	-0.069 	4.514 	
50.586 	82.698 	153.619 	-108.282 	93.583 	261.795 	
140.339 	8.733 	39.070 	-11.685 	4.285 	-17.118 	
157.587 	-32.297 	1.376 	-0.258 	2.721 	-0.032 	
129.451 	38.393 	8.463 	9.496 	25.637 	-27.179 	
116.210 	-26.864 	-109.816 	20.257 	-8.511 	-67.273 	
150.540 	9.494 	-52.664 	-2.234 	0.515 	3.884 	
87.548 	9.964 	-0.446 	3.696 	-2.898 	-4.347 	
138.536 	-54.732 	29.755 	-3.473 	-1.275 	35.227 	
198.979 	-23.705 	17.885 	-20.108 	-8.427 	21.061 	
100.722 	19.627 	-12.056 	1.029 	-2.877 	2.619 	
132.876 	-22.026 	-31.655 	-1.187 	1.731 	2.110 	
207.778 	11.653 	-20.455 	-5.305 	-0.905 	2.178 	
210.001 	2.036 	-24.245 	-4.381 	0.290 	3.158 	
94.469 	20.279 	8.243 	0.181 	-3.875 	-0.780 	
166.634 	-24.095 	46.358 	0.341 	3.696 	-5.990 	
198.839 	-2.569 	37.039 	-3.439 	-3.404 	-2.843 	
160.697 	-39.913 	-62.824 	56.297 	-38.792 	-47.578 	
184.474 	29.292 	34.815 	-2.020 	-2.433 	-2.649 	
127.454 	32.943 	28.016 	4.015 	-1.408 	-2.934 	
117.393 	18.096 	-317.053 	17.892 	0.745 	-162.868 	
86.756 	-15.929 	-0.974 	0.219 	6.844 	0.867 	
116.594 	-18.003 	-51.465 	1.011 	0.593 	3.628 	
122.380 	-7.994 	33.683 	0.905 	0.283 	-2.625 	
168.490 	22.034 	-41.257 	-1.505 	-1.702 	2.913 	
88.657 	-19.535 	-1.106 	-2.743 	8.106 	0.575 	
176.066 	8.962 	-32.014 	0.364 	-1.107 	1.658 	
159.030 	-257.673 	66.099 	-30.041 	-126.562 	36.278 	
130.543 	-17.858 	28.760 	-1.525 	4.434 	-6.004 	
221.280 	-11.794 	-14.763 	9.021 	7.767 	-21.667 	
102.397 	9.040 	28.574 	0.406 	-0.089 	-3.717 	
188.597 	20.007 	14.441 	-0.276 	-1.920 	-1.101 	
135.160 	15.962 	-0.519 	-0.001 	-1.052 	0.319 	
198.648 	22.116 	-32.644 	-3.703 	-1.056 	4.964 	
107.049 	30.793 	-23.970 	0.361 	-1.545 	2.194 	
61.265 	-19.837 	-93.636 	-147.632 	-3.387 	-108.111 	
109.051 	19.070 	-10.688 	37.960 	11.196 	5.294 	
160.962 	58.505 	-14.947 	-1.544 	-4.258 	0.729 	
88.115 	-9.745 	14.524 	0.636 	2.443 	-5.832 	
104.715 	34.415 	-14.603 	2.372 	4.317 	-13.210 	
106.068 	-36.648 	11.143 	0.236 	3.881 	-1.468 	
170.580 	47.221 	9.186 	-1.450 	-3.011 	-1.070 	
155.238 	16.865 	26.561 	-1.467 	-1.727 	-2.468 	
172.205 	-17.905 	-27.046 	-0.497 	1.609 	2.396 	
141.914 	-9.948 	-49.224 	-0.942 	1.211 	2.955 	
131.082 	-13.431 	-4.511 	-0.639 	1.274 	0.236 	
57.006 	13.112 	107.717 	-17.846 	17.007 	70.629 	
199.055 	-13.296 	-3.646 	-1.911 	1.733 	0.779 	
130.496 	-16.770 	27.752 	-0.165 	-2.425 	2.586 	
84.330 	86.910 	-5.404 	-2.110 	33.969 	6.457 	
174.297 	-34.540 	-34.789 	-1.276 	1.611 	1.688 	
139.351 	23.102 	52.517 	0.459 	-2.064 	-3.490 	
116.931 	16.347 	35.460 	0.606 	-1.133 	-3.336 	
14.884 	-63.603 	-53.037 	-92.764 	-74.540 	-87.314 	
129.535 	-23.778 	-24.663 	-0.113 	3.099 	0.829 	
98.691 	11.126 	-24.580 	0.912 	-1.983 	4.570 	
184.611 	-12.960 	28.786 	-2.169 	18.279 	-6.122 	
171.207 	41.911 	-34.390 	-2.049 	-2.625 	2.301 	
170.203 	-56.305 	8.663 	-0.897 	4.475 	-0.480 	
198.715 	24.809 	-8.637 	-4.079 	-3.440 	-0.271 	
263.657 	210.103 	-63.347 	26.353 	125.721 	-33.473 	
173.320 	-42.119 	-34.598 	-1.118 	3.944 	1.832 	
171.585 	2.765 	-43.147 	0.631 	-0.057 	3.500 	
138.811 	56.550 	-22.087 	-3.938 	-5.384 	-0.652 	
131.903 	0.147 	39.031 	-0.243 	-0.454 	-3.327 	
198.931 	22.943 	15.517 	-2.208 	-3.422 	-1.524 	
83.698 	-0.087 	0.514 	1.202 	2.432 	0.458 	
145.712 	12.407 	-1.716 	-0.491 	0.183 	0.355 	
160.752 	-31.020 	24.743 	-0.029 	2.154 	-1.184 	
117.895 	3.034 	-52.041 	0.957 	0.741 	3.752 	
106.876 	-33.273 	34.345 	1.281 	2.583 	-2.922 	
187.169 	-44.224 	8.793 	-25.171 	-34.389 	7.821 	
167.927 	23.941 	-11.606 	-2.327 	-4.977 	1.137 	
103.265 	-0.973 	-10.719 	-1.539 	0.776 	1.296 	
209.052 	3.146 	23.296 	-3.861 	-1.663 	-3.000 	
5.381 	58.799 	71.628 	-58.425 	33.104 	50.131 	
129.790 	54.157 	-20.927 	2.837 	-2.715 	-0.680 	
85.204 	-12.479 	2.567 	-3.243 	2.029 	0.335 	
88.527 	-12.564 	-14.492 	4.778 	5.309 	12.234 	
192.799 	16.719 	19.710 	-1.572 	-0.535 	-3.136 	
133.554 	42.915 	-5.701 	-0.078 	-3.134 	0.345 	
175.609 	23.229 	-13.702 	-1.326 	-2.381 	0.654 	
173.140 	-24.386 	9.247 	0.449 	1.764 	-1.089 	
123.833 	2.645 	9.281 	-0.647 	0.083 	-0.569 	
83.596 	-20.203 	-0.418 	0.188 	-3.289 	1.954 	
121.666 	30.824 	0.220 	-0.738 	-2.694 	0.396 	
114.540 	39.428 	21.229 	0.509 	-4.098 	-2.009 	
184.982 	-7.323 	-6.060 	-0.820 	-0.345 	1.512 	
180.717 	7.096 	-34.091 	-3.436 	-0.342 	2.784 	
161.705 	15.581 	-14.701 	-1.088 	-0.189 	1.677 	
147.322 	-2.564 	18.334 	-2.311 	0.426 	-0.770 	
135.518 	35.151 	8.137 	-0.781 	-2.725 	-0.572 	
158.743 	-38.279 	49.495 	-0.312 	2.831 	-3.244 	
203.234 	-20.373 	-13.883 	-2.824 	3.720 	2.150 	
152.582 	-0.981 	-53.049 	-1.054 	1.577 	3.183 	
198.226 	-15.407 	35.215 	-1.340 	2.661 	-5.045 	
131.931 	-11.264 	-21.584 	-1.467 	0.113 	1.206 	
83.462 	-3.824 	6.326 	2.367 	3.562 	0.014 	
143.714 	10.859 	21.962 	0.380 	-0.027 	-3.302 	
145.752 	23.081 	53.393 	-2.018 	-1.939 	-3.497 	
133.871 	12.130 	54.898 	0.034 	-0.614 	-4.027 	
117.863 	-12.503 	-23.909 	1.018 	0.771 	2.349 	
175.522 	-35.565 	-43.579 	-1.575 	2.259 	3.599 	
110.002 	-40.020 	-9.361 	0.170 	3.863 	1.286 	
86.651 	11.466 	-4.671 	0.916 	-4.817 	2.033 	
185.836 	-17.983 	36.923 	-1.436 	1.095 	-4.119 	
129.053 	23.221 	40.569 	-0.239 	-2.054 	-3.487 	
88.471 	-12.396 	-13.289 	0.100 	2.325 	4.267 	
192.755 	29.063 	-1.887 	-0.966 	-2.010 	1.700 	
936.522 	-32.499 	6385.369 	509.801 	-7.174 	3861.420 	
106.632 	8.677 	-6.304 	-1.722 	-0.533 	0.135 	
171.678 	-1.259 	-18.829 	-0.259 	0.768 	1.365 	
211.647 	-0.227 	9.728 	-4.491 	4.105 	-12.486 	
182.973 	-54.974 	-10.163 	-1.823 	3.802 	1.186 	
159.891 	25.294 	-47.637 	-0.813 	-2.208 	3.403 	
125.181 	-24.154 	29.685 	-0.047 	2.915 	-3.204 	
120.082 	-29.932 	-49.413 	1.257 	4.077 	1.668 	
192.721 	15.290 	-19.242 	2.122 	0.220 	2.188 	
100.785 	6.863 	-19.887 	-0.655 	-0.328 	2.959 	
166.827 	-22.574 	41.474 	0.611 	2.180 	-0.561 	
196.670 	18.383 	-23.774 	-5.930 	-5.369 	-2.759 	
212.526 	2.593 	-10.790 	-4.674 	-0.844 	2.207 	
206.678 	-18.265 	22.534 	-4.079 	2.036 	-2.666 	
193.096 	47.699 	3.263 	-3.112 	-3.918 	-0.714 	
126.414 	-41.751 	-30.540 	0.168 	3.214 	1.740 	
209.231 	-22.280 	11.366 	-3.666 	6.138 	-4.922 	
137.737 	27.534 	23.568 	-1.722 	-2.779 	-1.747 	
166.913 	18.789 	9.886 	-1.164 	-1.652 	-1.224 	
193.402 	30.665 	0.469 	-2.970 	-4.826 	-3.000 	
136.332 	51.503 	17.974 	-0.247 	-3.762 	-1.539 	
146.397 	56.867 	-27.393 	-1.288 	-4.140 	2.765 	
87.473 	-17.889 	-6.263 	4.813 	-1.075 	-4.376 	
197.943 	-10.004 	-37.379 	-3.012 	0.986 	4.098 	
129.336 	-46.003 	18.887 	1.588 	5.292 	-0.244 	
201.528 	-11.894 	12.352 	-2.173 	2.080 	-1.628 	
176.358 	-0.494 	-45.187 	-2.314 	1.574 	4.921 	
90.353 	13.896 	25.256 	1.041 	-1.815 	-4.735 	
100.856 	-10.275 	-31.500 	0.050 	1.020 	3.360 	
155.581 	51.818 	-3.467 	-1.107 	-3.450 	0.357 	
104.249 	2.919 	10.696 	-1.203 	-0.090 	-1.862 	
209.286 	-21.263 	9.611 	-6.169 	0.923 	0.582 	
167.441 	27.294 	23.959 	-1.205 	-2.561 	-1.884 	
200.418 	-14.627 	34.202 	-6.632 	0.526 	-1.568 	
172.280 	-42.995 	4.333 	0.114 	4.795 	-1.371 	
131.768 	-54.485 	22.679 	0.130 	4.840 	-1.545 	
85.869 	4.927 	5.948 	-0.583 	-1.331 	-4.450 	
86.049 	6.117 	19.400 	1.464 	-0.105 	-4.261 	
193.636 	-22.051 	-28.407 	-2.891 	3.150 	2.853 	
77.328 	35.112 	-22.243 	-6.885 	27.170 	-13.159 	
143.902 	-32.135 	-47.949 	-9.096 	3.889 	6.201 	
179.801 	-31.573 	3.147 	4.148 	16.122 	4.946 	
177.587 	-38.418 	24.260 	-1.742 	3.761 	0.038 	
130.419 	34.954 	-35.988 	-1.945 	-1.957 	4.600 	
