## Las primeras 500 lineas corresponden a la esfera 1 
##las siguienets 500 lineas a la esfera 2
## Las primeras tres columnas corresponden a la posición en 'x', 'y' y 'z', las siguientes tres a las velocidades
-17.461 	2.702 	42.973 	0.121 	0.031 	-0.042 	
136.254 	9.136 	4.576 	0.116 	0.029 	0.009 	
123.354 	-5.893 	20.145 	0.115 	-0.151 	-0.175 	
-329.105 	400.329 	-30.178 	-0.344 	0.409 	-0.073 	
115.756 	7.315 	43.108 	0.172 	0.060 	-0.108 	
93.706 	-25.261 	-20.670 	-0.043 	-0.009 	0.036 	
152.076 	-5.415 	-44.775 	0.064 	0.000 	0.117 	
5.469 	14.955 	58.145 	0.142 	0.061 	-0.068 	
15.957 	-22.753 	10.676 	0.102 	-0.108 	0.006 	
74.304 	-30.948 	17.893 	0.016 	0.019 	-0.069 	
-42.826 	272.509 	-149.497 	-0.078 	0.399 	-0.214 	
83.148 	-0.281 	15.742 	0.130 	-0.006 	-0.127 	
210.458 	-289.409 	196.650 	0.275 	-0.365 	0.261 	
135.989 	31.810 	23.106 	0.035 	-0.141 	-0.073 	
20.139 	-72.612 	29.076 	0.079 	-0.029 	0.017 	
29.827 	36.158 	16.008 	0.147 	-0.036 	-0.010 	
21.002 	-69.827 	39.421 	0.111 	-0.008 	0.035 	
54.604 	38.753 	-155.360 	0.053 	-0.065 	-0.069 	
2.726 	-0.539 	22.185 	0.191 	-0.097 	0.014 	
20.801 	-58.154 	-8.458 	0.020 	0.115 	0.102 	
80.552 	9.763 	83.945 	0.111 	0.091 	-0.092 	
140.836 	79.794 	78.555 	0.080 	-0.032 	-0.049 	
59.523 	45.554 	-2.060 	0.165 	-0.028 	0.041 	
89.246 	22.763 	-23.669 	0.132 	-0.063 	0.054 	
126.973 	-7.828 	0.736 	0.134 	0.026 	0.097 	
142.792 	-11.401 	-7.909 	0.111 	-0.033 	-0.024 	
111.306 	-1.510 	32.130 	0.135 	-0.114 	-0.033 	
144.262 	-72.072 	36.844 	0.030 	0.046 	-0.033 	
65.954 	-36.050 	-7.411 	0.143 	-0.016 	-0.077 	
83.080 	-9.756 	-9.849 	0.184 	0.043 	-0.113 	
54.837 	5.753 	5.940 	0.153 	0.079 	0.076 	
54.490 	-64.710 	-1.668 	0.062 	-0.016 	-0.041 	
82.332 	-25.581 	19.743 	0.052 	0.083 	-0.090 	
139.135 	-42.615 	-10.899 	0.132 	-0.036 	-0.050 	
137.299 	-19.314 	26.960 	0.084 	0.152 	-0.072 	
57.316 	-49.718 	13.839 	0.012 	-0.043 	-0.018 	
-6.204 	15.686 	-97.289 	0.113 	0.041 	-0.018 	
150.532 	19.172 	-6.992 	0.181 	0.055 	0.021 	
-1.995 	0.602 	6.195 	0.168 	-0.059 	-0.036 	
53.684 	-11.267 	8.029 	0.088 	0.011 	-0.094 	
89.392 	-86.527 	13.846 	0.092 	0.005 	0.035 	
90.304 	-2.825 	-24.370 	0.102 	-0.031 	-0.037 	
150.967 	3.695 	5.697 	-0.006 	-0.065 	-0.076 	
-73.667 	-10.872 	52.998 	0.030 	0.038 	0.042 	
130.534 	-27.363 	16.996 	0.022 	0.101 	-0.131 	
52.105 	9.987 	33.971 	0.183 	-0.150 	0.031 	
220.025 	-49.882 	34.355 	0.062 	-0.023 	0.070 	
58.015 	-27.160 	27.301 	0.148 	-0.078 	0.075 	
158.598 	-61.165 	-5.987 	0.111 	0.094 	0.104 	
99.575 	25.083 	-12.259 	0.078 	-0.148 	-0.012 	
10.597 	-67.419 	-77.608 	0.110 	-0.028 	0.032 	
18.957 	22.767 	-11.210 	0.099 	0.060 	0.001 	
123.679 	-44.534 	18.700 	0.121 	0.125 	0.090 	
9.454 	-28.983 	7.878 	0.207 	-0.005 	-0.001 	
30.355 	-35.889 	13.924 	0.188 	0.041 	-0.038 	
66.055 	-86.261 	47.984 	0.103 	0.071 	-0.015 	
52.513 	-51.281 	-76.203 	0.159 	-0.027 	0.053 	
92.942 	-52.033 	-22.198 	0.174 	0.054 	0.128 	
-65.259 	122.190 	-17.424 	-0.018 	0.045 	0.023 	
129.479 	-28.606 	-5.317 	0.036 	-0.080 	-0.186 	
-77.675 	-11.971 	35.192 	0.035 	-0.076 	0.005 	
122.230 	-18.821 	20.569 	0.048 	0.064 	0.018 	
-48.050 	9.302 	21.702 	0.078 	-0.054 	-0.005 	
149.230 	76.037 	5.238 	0.072 	-0.028 	0.044 	
17.423 	-164.247 	18.210 	-0.033 	-0.139 	0.001 	
152.730 	-20.439 	26.593 	0.060 	0.042 	0.177 	
-103.068 	-276.949 	-216.483 	-0.188 	-0.304 	-0.250 	
-83.612 	122.774 	-55.350 	-0.012 	0.060 	-0.042 	
156.025 	-29.981 	7.455 	0.112 	0.012 	0.094 	
23.278 	-83.352 	47.749 	0.127 	-0.068 	-0.091 	
76.140 	-66.571 	-11.741 	0.127 	-0.036 	0.023 	
169.636 	-2.121 	22.873 	0.051 	-0.078 	-0.034 	
-37.183 	126.379 	-27.337 	-0.012 	0.052 	0.036 	
43.634 	-11.420 	36.009 	0.090 	0.071 	0.077 	
-15.989 	-50.399 	12.661 	0.121 	-0.029 	-0.023 	
204.502 	-20.435 	-58.457 	0.117 	0.031 	0.103 	
2.038 	-57.166 	11.250 	0.075 	0.162 	-0.020 	
147.137 	240.991 	411.777 	0.138 	0.206 	0.365 	
-6.803 	12.499 	-71.494 	0.009 	0.039 	0.060 	
36.485 	-52.466 	61.854 	0.162 	0.083 	-0.044 	
-12.585 	-58.675 	-16.523 	0.071 	0.032 	-0.057 	
7.091 	-3.082 	40.373 	0.074 	0.006 	0.013 	
187.870 	68.357 	48.115 	0.091 	-0.056 	-0.009 	
-47.875 	-169.493 	189.659 	-0.030 	-0.080 	0.134 	
121.090 	-6.115 	-23.620 	0.054 	-0.024 	0.132 	
-110.641 	-49.731 	-110.854 	-0.002 	-0.004 	-0.023 	
99.112 	-38.764 	-71.738 	0.092 	0.062 	0.026 	
-76.879 	-34.415 	70.710 	0.023 	0.016 	0.028 	
53.781 	-5.672 	14.225 	0.190 	0.067 	-0.079 	
96.904 	-26.329 	41.231 	0.125 	0.167 	-0.032 	
117.437 	76.081 	3.245 	0.061 	-0.042 	-0.031 	
12.913 	77.300 	127.553 	0.066 	0.003 	0.077 	
49.065 	-70.564 	49.749 	0.133 	0.093 	0.001 	
22.861 	-149.247 	6.194 	0.102 	-0.048 	0.067 	
80.401 	-11.268 	3.500 	0.001 	-0.120 	0.020 	
-110.687 	103.959 	-66.046 	0.010 	0.053 	0.006 	
138.180 	-38.121 	-12.974 	0.106 	0.037 	0.011 	
565.279 	-575.344 	-24.275 	0.616 	-0.671 	0.004 	
897.367 	-846.339 	-1771.720 	0.871 	-0.795 	-1.651 	
81.085 	-38.976 	11.846 	0.053 	0.178 	-0.081 	
47.358 	-48.931 	32.960 	0.120 	-0.104 	-0.127 	
-34.950 	-9.199 	96.246 	0.025 	-0.012 	-0.007 	
74.635 	-70.194 	1.286 	0.058 	0.099 	-0.005 	
18.042 	34.987 	30.195 	0.113 	-0.048 	-0.096 	
860.085 	-631.788 	526.737 	0.756 	-0.525 	0.452 	
-829.188 	1059.704 	1901.739 	-0.730 	0.971 	1.752 	
-2.462 	-10.382 	2.950 	0.169 	-0.068 	-0.016 	
38.037 	-10.195 	16.243 	0.119 	-0.181 	-0.010 	
125.621 	-73.143 	20.777 	0.031 	0.103 	0.114 	
164.658 	-168.627 	44.564 	0.156 	-0.048 	0.081 	
43.284 	-53.238 	71.993 	0.144 	0.006 	-0.057 	
-11.325 	-11.162 	0.600 	0.094 	0.043 	-0.093 	
185.648 	-16.674 	9.184 	0.043 	-0.117 	0.031 	
-119.720 	72.938 	-7.595 	-0.049 	-0.016 	0.050 	
22.840 	-45.612 	11.571 	0.124 	-0.033 	-0.115 	
87.892 	-24.856 	16.051 	0.164 	-0.128 	-0.043 	
53.096 	-46.098 	41.029 	0.071 	0.090 	0.114 	
-48.487 	-189.134 	81.846 	0.048 	-0.135 	0.013 	
103.056 	-122.915 	31.183 	0.065 	0.011 	0.097 	
-53.084 	-33.740 	31.483 	0.042 	0.003 	-0.007 	
27.172 	25.893 	127.500 	0.121 	-0.000 	0.021 	
158.636 	-89.271 	35.960 	0.072 	0.018 	0.105 	
70.219 	24.194 	21.630 	0.077 	-0.110 	0.112 	
65.267 	-44.136 	20.937 	-0.000 	0.086 	-0.152 	
-36.054 	-44.015 	-5.632 	0.079 	0.012 	-0.004 	
127.723 	-2.203 	19.912 	-0.095 	0.035 	0.123 	
24.934 	5.070 	63.376 	0.200 	-0.022 	-0.003 	
-48.626 	-46.464 	-51.668 	0.074 	0.008 	-0.030 	
30.960 	-14.565 	68.963 	0.123 	-0.098 	0.013 	
69.027 	-68.928 	-6.106 	0.170 	0.129 	0.006 	
5.507 	13.871 	3.812 	0.167 	0.000 	-0.064 	
-23.340 	10.350 	-55.722 	0.068 	-0.027 	0.031 	
7.767 	-50.251 	-10.603 	0.135 	0.087 	-0.024 	
37.302 	18.612 	-28.634 	0.043 	-0.147 	0.119 	
50.642 	3.002 	-8.168 	0.071 	0.007 	0.091 	
99.242 	-24.691 	-58.915 	0.145 	0.058 	0.052 	
46.793 	-39.699 	-14.965 	0.046 	0.167 	-0.008 	
94.297 	-24.502 	21.541 	0.199 	0.132 	-0.146 	
125.218 	0.559 	4.801 	-0.001 	-0.026 	0.045 	
-716.347 	583.162 	-362.065 	-0.559 	0.483 	-0.287 	
121.007 	-25.904 	35.961 	0.157 	0.114 	-0.064 	
29.829 	4.133 	0.150 	0.053 	0.049 	0.182 	
0.665 	-43.759 	16.884 	0.099 	-0.037 	-0.156 	
24.247 	11.570 	48.381 	0.099 	0.060 	-0.072 	
8.996 	-42.681 	14.736 	0.126 	0.050 	0.014 	
148.129 	-16.109 	-12.821 	-0.009 	0.137 	-0.075 	
51.752 	29.228 	-34.058 	0.117 	0.040 	0.140 	
-6.064 	-44.379 	-40.760 	0.124 	-0.073 	-0.011 	
92.831 	-28.657 	-36.334 	0.022 	0.007 	0.158 	
94.011 	-38.306 	19.490 	0.173 	0.054 	0.031 	
87.856 	-0.930 	-31.650 	0.087 	0.114 	-0.017 	
-14.718 	-6.986 	51.930 	0.163 	0.008 	-0.080 	
55.052 	-82.805 	11.223 	0.056 	0.032 	-0.067 	
28.085 	-0.829 	-15.243 	0.202 	-0.008 	0.110 	
10.959 	36.008 	5.793 	0.154 	-0.031 	0.064 	
-38.817 	-17.368 	14.187 	0.057 	0.011 	0.107 	
166.971 	-16.455 	-16.208 	0.051 	0.055 	0.007 	
55.776 	-10.553 	6.112 	0.139 	0.135 	-0.013 	
36.172 	-53.192 	74.920 	0.159 	0.000 	-0.084 	
73.042 	-32.497 	25.854 	0.022 	0.150 	-0.161 	
138.862 	-42.616 	-7.669 	0.173 	0.098 	-0.110 	
-31.176 	104.171 	-54.680 	0.085 	0.036 	-0.066 	
30.400 	16.851 	-5.697 	0.101 	0.030 	-0.001 	
131.868 	-20.954 	49.924 	0.089 	-0.130 	-0.005 	
33.098 	3.330 	-47.473 	0.061 	0.035 	0.055 	
-6.300 	-23.653 	64.387 	0.106 	-0.047 	0.018 	
-0.671 	10.924 	-4.869 	0.152 	-0.085 	0.066 	
129.658 	-76.475 	38.646 	0.098 	0.054 	0.089 	
47.873 	-67.087 	64.599 	0.084 	-0.027 	-0.019 	
37.504 	-13.275 	16.369 	0.072 	0.162 	0.044 	
0.315 	-21.789 	92.571 	0.109 	-0.063 	-0.037 	
130.642 	-58.789 	5.653 	0.064 	-0.037 	0.092 	
-2.106 	-36.413 	-28.358 	0.091 	0.043 	-0.021 	
44.451 	-77.326 	-5.512 	0.056 	0.010 	0.151 	
12.488 	-6.520 	5.211 	0.185 	0.008 	0.007 	
-67.943 	-116.905 	-106.231 	-0.037 	-0.034 	0.001 	
36.450 	-7.181 	12.059 	0.168 	0.011 	0.041 	
131.897 	-1.290 	-34.056 	0.059 	-0.157 	0.001 	
80.808 	-5.418 	32.103 	0.123 	0.170 	-0.248 	
113.157 	60.831 	59.397 	0.061 	-0.070 	-0.017 	
153.896 	28.006 	121.922 	0.089 	-0.014 	0.017 	
-5.681 	-36.122 	-17.461 	0.056 	0.102 	0.081 	
136.245 	-49.931 	10.089 	0.037 	-0.124 	0.031 	
-15.927 	-76.026 	57.884 	0.049 	-0.037 	-0.015 	
25.947 	43.543 	-92.438 	0.112 	-0.013 	-0.010 	
-2.417 	-37.688 	-4.939 	0.207 	-0.075 	-0.024 	
-88.626 	-23.067 	142.123 	0.000 	0.060 	0.104 	
4.004 	-5.635 	27.210 	0.155 	-0.125 	0.026 	
38.344 	47.086 	33.989 	0.139 	-0.002 	-0.013 	
-19.571 	-62.661 	-63.146 	0.118 	0.005 	0.026 	
127.331 	-21.933 	52.342 	0.044 	-0.016 	0.186 	
161.683 	-26.412 	18.963 	0.086 	-0.107 	-0.060 	
90.938 	-22.794 	20.112 	0.081 	0.070 	-0.006 	
-46.807 	53.173 	-36.833 	0.084 	-0.011 	0.047 	
-55.890 	-27.035 	10.894 	0.035 	-0.029 	-0.008 	
80.498 	-14.999 	-15.178 	0.099 	0.095 	0.130 	
2.995 	-53.732 	-4.369 	0.955 	0.041 	0.186 	
85.299 	13.281 	47.235 	0.050 	-0.013 	-0.156 	
115.353 	23.483 	42.450 	0.148 	-0.119 	-0.070 	
139.253 	-4.210 	44.938 	0.143 	-0.061 	0.032 	
53.925 	-58.659 	17.178 	0.183 	-0.044 	-0.088 	
97.517 	13.511 	13.585 	0.189 	-0.067 	0.027 	
100.059 	-0.099 	28.459 	0.183 	0.014 	0.090 	
0.590 	-35.785 	-12.482 	0.089 	-0.003 	-0.014 	
28.955 	0.533 	-36.320 	0.184 	-0.007 	0.096 	
-19.724 	-71.837 	30.586 	0.129 	-0.020 	-0.088 	
123.912 	-35.811 	38.437 	0.021 	0.099 	0.067 	
25.200 	-33.933 	42.254 	0.167 	0.014 	0.009 	
145.320 	31.122 	2.180 	0.037 	0.047 	-0.023 	
57.343 	20.674 	20.555 	0.222 	-0.071 	0.045 	
74.147 	23.992 	22.945 	0.177 	0.058 	-0.090 	
203.771 	-59.856 	87.905 	0.184 	-0.082 	0.052 	
1.274 	-28.259 	19.267 	0.174 	-0.132 	0.072 	
166.936 	-17.282 	32.086 	0.092 	-0.058 	0.114 	
56.792 	51.824 	13.859 	0.157 	-0.056 	-0.089 	
-45.560 	-38.743 	25.120 	0.092 	-0.003 	0.073 	
69.811 	20.634 	-143.207 	0.077 	-0.047 	-0.069 	
-60.556 	44.252 	34.779 	-0.020 	-0.063 	-0.011 	
-39.929 	42.336 	-64.860 	0.036 	-0.054 	-0.069 	
33.406 	-13.060 	-17.968 	0.129 	0.054 	-0.055 	
65.396 	-103.096 	-25.478 	0.069 	0.019 	0.034 	
147.877 	-41.789 	46.471 	-0.002 	0.088 	0.112 	
-21.779 	-46.014 	-33.681 	0.063 	0.045 	-0.007 	
-20.178 	-5.802 	27.824 	0.054 	-0.044 	-0.105 	
17.162 	-28.891 	-31.191 	0.076 	0.035 	-0.001 	
-66.283 	86.625 	13.408 	0.067 	0.002 	0.025 	
43.612 	19.603 	-3.526 	0.196 	-0.023 	0.025 	
59.714 	3.749 	-11.966 	0.085 	-0.010 	0.128 	
40.751 	16.013 	1.978 	0.137 	-0.100 	-0.042 	
-18.681 	-47.882 	33.833 	0.151 	-0.117 	-0.024 	
8.153 	-39.547 	58.217 	0.073 	-0.086 	-0.086 	
12.535 	5.651 	30.040 	0.146 	-0.152 	0.079 	
-5.264 	-41.013 	43.651 	0.107 	-0.007 	0.039 	
9.415 	55.451 	5.301 	0.130 	-0.061 	0.031 	
20.541 	65.967 	-9.849 	0.028 	-0.058 	0.028 	
-26.051 	-31.295 	41.690 	0.074 	0.010 	-0.086 	
107.764 	-7.485 	13.133 	0.193 	-0.006 	-0.050 	
143.238 	-66.831 	-47.363 	0.075 	0.010 	0.029 	
189.036 	-15.424 	52.089 	0.091 	-0.029 	-0.034 	
164.712 	129.079 	-58.162 	0.088 	0.041 	0.032 	
61.147 	32.465 	-3.856 	0.039 	-0.129 	0.155 	
78.269 	-5.637 	21.039 	0.187 	-0.141 	-0.002 	
111.508 	16.304 	-48.121 	0.127 	0.021 	0.079 	
-49.625 	149.811 	38.422 	0.050 	0.090 	0.047 	
109.139 	10.634 	-15.416 	0.084 	0.123 	0.065 	
47.081 	-32.320 	23.331 	0.125 	0.067 	0.112 	
0.289 	-37.327 	22.116 	0.135 	0.019 	-0.091 	
134.899 	-2.396 	-27.472 	0.054 	0.149 	0.001 	
174.398 	-42.463 	44.088 	0.069 	0.048 	0.165 	
213.736 	-8.974 	20.238 	0.134 	0.001 	0.073 	
305.096 	159.751 	73.123 	0.353 	0.232 	0.079 	
17.613 	43.359 	-19.232 	0.170 	-0.071 	0.057 	
12.925 	7.298 	24.213 	0.066 	0.033 	-0.096 	
-32.723 	-58.230 	169.031 	0.066 	-0.011 	0.124 	
91.988 	10.001 	70.791 	0.102 	0.082 	-0.103 	
-41.760 	-51.379 	91.823 	0.009 	-0.081 	0.003 	
108.046 	47.041 	-51.845 	0.045 	-0.089 	0.026 	
106.559 	13.593 	-94.668 	0.156 	0.019 	0.043 	
341.663 	157.648 	-229.929 	0.359 	0.219 	-0.221 	
-4.204 	-29.658 	-25.818 	0.176 	-0.039 	-0.002 	
-1.856 	-11.467 	29.661 	0.215 	-0.031 	0.010 	
124.216 	-49.529 	31.515 	0.012 	0.117 	0.116 	
-19.979 	-31.470 	42.175 	0.073 	-0.135 	0.037 	
46.266 	-32.492 	12.155 	0.143 	0.084 	-0.110 	
128.069 	-29.474 	-83.959 	0.066 	0.034 	0.015 	
130.112 	48.098 	27.600 	0.112 	-0.115 	0.090 	
-42.468 	-126.676 	17.969 	0.036 	-0.057 	-0.085 	
-61.114 	-58.034 	-12.626 	-0.756 	-0.076 	-0.031 	
155.182 	-1.971 	139.065 	0.120 	0.053 	0.019 	
16.562 	-66.891 	-69.220 	0.109 	0.032 	-0.044 	
116.803 	-9.562 	32.313 	-0.028 	0.116 	0.138 	
109.343 	-49.673 	-31.958 	0.072 	0.062 	-0.003 	
57.641 	-38.301 	24.691 	0.077 	0.163 	0.081 	
49.558 	15.522 	44.885 	0.095 	-0.064 	-0.025 	
143.096 	1.738 	-29.375 	0.078 	0.069 	0.147 	
66.686 	-6.367 	13.329 	0.141 	-0.090 	-0.056 	
150.715 	-32.279 	17.305 	0.075 	0.041 	0.017 	
25.382 	3.251 	-2.701 	0.062 	0.061 	0.185 	
-67.355 	74.965 	-44.704 	0.057 	0.031 	0.024 	
95.172 	-56.080 	49.505 	0.082 	0.044 	-0.058 	
68.789 	31.684 	40.925 	0.024 	-0.164 	-0.015 	
29.819 	25.732 	-23.238 	0.092 	-0.098 	0.069 	
-201.937 	-87.493 	-439.905 	-0.195 	-0.104 	-0.433 	
116.235 	-22.358 	-26.060 	0.148 	0.004 	0.145 	
108.717 	-8.225 	-166.225 	0.083 	-0.029 	-0.078 	
67.319 	0.241 	42.197 	0.095 	0.088 	0.022 	
31.877 	-4.325 	-43.621 	0.047 	0.054 	0.145 	
117.105 	-18.696 	18.002 	-0.030 	0.170 	-0.083 	
82.260 	-7.704 	-7.182 	0.083 	-0.023 	-0.067 	
63.402 	70.588 	-154.623 	0.022 	0.010 	-0.077 	
137.100 	-0.892 	57.478 	0.091 	-0.045 	-0.112 	
111.202 	7.217 	20.271 	0.157 	-0.072 	-0.057 	
-27.918 	-24.821 	-13.101 	0.135 	-0.035 	-0.062 	
22.691 	-40.809 	-6.953 	0.089 	0.107 	0.040 	
65.647 	-16.655 	-23.897 	0.093 	0.065 	0.140 	
13.284 	-27.620 	1.234 	0.139 	0.064 	0.065 	
192.621 	30.522 	29.701 	0.206 	-0.078 	0.016 	
-75.870 	-36.966 	7.899 	0.047 	0.025 	-0.055 	
87.237 	-12.662 	-2.188 	0.107 	-0.040 	-0.003 	
109.122 	-23.847 	-21.442 	0.162 	-0.072 	-0.052 	
26.096 	-45.345 	12.513 	0.102 	-0.065 	-0.047 	
128.955 	-41.832 	-18.552 	0.093 	0.076 	0.064 	
146.029 	-17.262 	6.131 	0.164 	-0.005 	-0.074 	
144.084 	5.867 	21.176 	0.136 	-0.015 	-0.124 	
-0.859 	-29.253 	0.039 	0.189 	-0.001 	0.001 	
-12.492 	-5.688 	1.223 	0.063 	0.022 	0.167 	
24.771 	-102.222 	-3.696 	0.034 	0.011 	0.013 	
110.776 	-82.414 	24.233 	0.040 	0.072 	0.126 	
76.591 	-22.319 	48.627 	0.062 	-0.076 	-0.001 	
128.370 	8.705 	51.180 	0.022 	-0.149 	-0.073 	
9.345 	-39.145 	21.931 	0.128 	-0.007 	0.017 	
92.834 	-46.614 	-12.971 	0.177 	-0.004 	-0.025 	
-46.606 	-12.718 	106.999 	0.002 	0.044 	-0.005 	
-5.807 	-3.421 	117.572 	0.103 	0.053 	0.034 	
-74.511 	-255.319 	177.332 	-0.193 	-0.305 	0.313 	
-109.808 	105.127 	-54.392 	-0.026 	0.046 	0.025 	
48.756 	-90.275 	-78.720 	0.129 	0.002 	0.023 	
-124.748 	81.996 	152.117 	-0.024 	0.016 	0.082 	
120.634 	-16.093 	19.370 	0.100 	0.009 	0.096 	
138.317 	-17.878 	11.152 	0.078 	0.056 	0.008 	
87.071 	-63.815 	-53.092 	0.144 	0.078 	-0.001 	
163.669 	-25.943 	-49.237 	0.103 	0.041 	0.097 	
64.693 	38.984 	-32.208 	0.163 	-0.102 	0.019 	
14.181 	-35.156 	-1.992 	0.175 	-0.001 	0.099 	
151.889 	-16.004 	16.755 	0.159 	0.091 	0.003 	
-9.310 	-71.866 	17.526 	0.072 	0.030 	0.078 	
91.395 	-14.251 	15.234 	0.186 	-0.175 	-0.002 	
15.818 	10.707 	83.280 	0.136 	0.008 	0.015 	
-61.952 	-31.708 	25.117 	0.070 	0.040 	-0.091 	
-126.385 	624.896 	45.252 	-0.194 	0.726 	0.085 	
-18.028 	32.373 	126.963 	0.050 	-0.071 	0.070 	
92.486 	-5.101 	1.144 	0.074 	-0.051 	0.193 	
26.196 	-54.587 	11.533 	0.139 	0.004 	0.132 	
-34.853 	-163.834 	-89.420 	0.045 	-0.102 	-0.052 	
61.875 	-51.915 	45.571 	0.041 	0.073 	-0.117 	
-83.251 	10.334 	4.356 	0.056 	-0.008 	0.028 	
86.967 	-40.701 	16.875 	0.020 	0.040 	0.155 	
84.684 	-41.352 	16.469 	0.006 	0.098 	0.073 	
12.350 	-23.730 	-28.962 	0.073 	-0.041 	0.064 	
127.792 	-6.417 	10.039 	-0.003 	-0.103 	-0.058 	
-4.500 	-27.039 	64.253 	0.097 	-0.040 	-0.021 	
150.287 	-66.459 	24.819 	0.130 	0.126 	0.031 	
-6.844 	-16.112 	-24.615 	0.104 	-0.015 	0.003 	
5.374 	14.318 	36.689 	0.159 	-0.041 	0.067 	
2.536 	-35.538 	9.098 	0.079 	-0.135 	0.031 	
177.132 	-10.002 	31.643 	0.147 	0.019 	0.106 	
12.067 	58.904 	99.074 	0.064 	-0.005 	0.010 	
24.960 	-13.721 	37.620 	0.066 	-0.050 	-0.002 	
91.394 	-11.471 	11.868 	0.199 	0.018 	-0.144 	
9.843 	-115.436 	9.854 	0.100 	0.010 	0.082 	
64.990 	-36.256 	21.261 	0.114 	0.160 	0.075 	
102.207 	-7.408 	16.934 	-0.118 	0.005 	0.038 	
125.293 	-10.129 	0.286 	0.125 	-0.146 	0.049 	
-4.741 	48.933 	14.646 	0.158 	-0.022 	0.063 	
-109.585 	-91.760 	-6.324 	-0.036 	-0.056 	0.062 	
115.602 	-15.477 	19.417 	0.175 	0.189 	-0.020 	
139.639 	-5.572 	13.182 	0.130 	-0.022 	0.065 	
-40.220 	-56.879 	-9.273 	0.050 	0.004 	-0.073 	
20.926 	86.278 	31.298 	0.121 	0.020 	-0.041 	
0.732 	-46.956 	21.660 	0.127 	-0.039 	-0.069 	
96.354 	-6.657 	-31.145 	0.154 	-0.028 	0.024 	
97.480 	-36.783 	5.442 	0.064 	-0.188 	-0.027 	
142.987 	-22.848 	19.315 	0.087 	-0.157 	0.009 	
5.366 	17.448 	72.881 	0.124 	0.081 	-0.036 	
20.875 	-47.407 	1.500 	0.121 	-0.009 	0.073 	
91.889 	15.665 	18.452 	0.159 	-0.153 	-0.031 	
94.327 	-56.628 	-201.966 	0.081 	-0.068 	-0.123 	
29.080 	-71.655 	-18.512 	0.094 	0.028 	0.118 	
82.806 	75.925 	49.235 	0.085 	-0.066 	0.061 	
72.515 	-62.293 	-11.213 	0.074 	0.011 	0.115 	
41.056 	-72.797 	59.548 	0.099 	0.054 	0.032 	
71.883 	-147.199 	78.965 	0.121 	-0.085 	0.051 	
167.755 	-40.117 	-36.436 	0.072 	0.025 	0.007 	
128.343 	-138.658 	-32.652 	0.137 	-0.200 	-0.034 	
10.610 	-14.200 	7.769 	0.171 	-0.049 	-0.034 	
-11.070 	-51.769 	-12.855 	0.110 	-0.074 	0.112 	
87.063 	24.799 	3.652 	0.123 	-0.091 	0.080 	
126.879 	-1.587 	9.766 	-0.081 	0.097 	0.027 	
50.290 	-30.858 	20.730 	0.149 	-0.054 	-0.012 	
59.677 	17.897 	35.321 	0.097 	-0.140 	-0.054 	
162.540 	2.520 	-31.944 	0.050 	0.101 	-0.077 	
67.036 	-65.680 	87.812 	0.074 	-0.066 	-0.047 	
112.086 	-2.151 	28.761 	0.110 	-0.008 	-0.075 	
202.389 	-30.965 	11.475 	0.114 	0.108 	0.061 	
78.452 	-17.536 	22.920 	0.111 	0.020 	0.121 	
-20.466 	-194.991 	28.523 	0.065 	-0.118 	0.029 	
-29.301 	-33.581 	-17.268 	0.054 	0.001 	-0.053 	
140.935 	-55.164 	-29.429 	0.100 	0.052 	0.013 	
0.849 	-74.671 	135.624 	0.087 	0.004 	0.103 	
82.943 	7.079 	-3.706 	0.152 	-0.196 	-0.065 	
120.508 	-21.464 	-10.523 	0.054 	-0.038 	0.011 	
97.474 	-13.693 	19.677 	0.037 	-0.130 	0.207 	
60.624 	-50.050 	109.267 	0.125 	0.042 	-0.006 	
16.748 	7.649 	13.307 	0.178 	-0.036 	-0.038 	
162.495 	-53.582 	-8.318 	0.092 	-0.064 	-0.034 	
128.326 	-22.507 	55.096 	0.109 	-0.161 	-0.106 	
190.368 	-12.487 	8.544 	0.039 	-0.127 	-0.001 	
42.338 	-4.925 	22.660 	0.213 	-0.037 	-0.001 	
184.688 	6.850 	-11.210 	0.165 	-0.026 	0.135 	
-3.852 	-34.121 	17.669 	0.166 	-0.027 	0.134 	
76.908 	-14.462 	-4.530 	0.076 	-0.147 	0.111 	
149.176 	8.279 	12.966 	-0.041 	0.130 	-0.045 	
71.803 	115.782 	220.232 	0.058 	0.092 	0.136 	
87.995 	-35.784 	30.427 	-0.188 	-0.082 	0.042 	
55.832 	-4.123 	3.372 	0.125 	-0.187 	-0.064 	
134.275 	4.709 	-38.590 	0.081 	0.113 	-0.034 	
315.073 	-335.781 	-17.458 	0.274 	-0.320 	0.003 	
65.835 	13.941 	-20.952 	0.092 	0.024 	0.154 	
45.168 	58.758 	-66.783 	0.106 	-0.039 	0.021 	
104.826 	-28.363 	9.951 	-0.018 	0.181 	-0.012 	
143.947 	-24.810 	16.793 	0.111 	0.013 	-0.040 	
18.286 	37.204 	-3.743 	0.046 	-0.088 	0.014 	
83.122 	42.809 	40.081 	0.103 	0.017 	-0.120 	
151.003 	3.046 	33.542 	-0.021 	-0.046 	-0.081 	
133.546 	-26.455 	2.119 	0.067 	0.131 	-0.025 	
59.443 	-66.023 	-34.500 	0.121 	0.042 	-0.014 	
149.909 	6.825 	27.440 	0.050 	-0.058 	-0.019 	
81.906 	-297.175 	42.102 	0.126 	-0.325 	-0.014 	
-72.207 	80.797 	-29.787 	-0.019 	0.001 	-0.068 	
138.466 	-16.925 	-11.235 	0.165 	-0.149 	0.003 	
-13.934 	60.256 	-51.537 	0.086 	0.002 	-0.006 	
157.270 	-115.818 	74.567 	0.139 	-0.015 	0.006 	
-53.194 	4.875 	84.422 	0.055 	0.068 	-0.026 	
45.978 	-17.824 	-0.967 	0.161 	-0.068 	0.055 	
60.020 	34.294 	74.068 	0.129 	-0.092 	-0.006 	
9.317 	-152.797 	77.800 	0.110 	-0.060 	-0.006 	
92.864 	-8.833 	-13.426 	0.078 	0.012 	0.003 	
12.811 	-59.480 	50.391 	0.128 	-0.039 	-0.065 	
-113.826 	-90.465 	-52.894 	-0.055 	-0.034 	0.052 	
-105.834 	42.072 	123.360 	-0.014 	-0.026 	0.052 	
108.204 	-14.333 	16.370 	-0.013 	-0.047 	-0.165 	
84.254 	-50.340 	50.833 	0.035 	0.057 	-0.105 	
-47.927 	-46.727 	-54.528 	0.075 	0.039 	0.063 	
53.875 	-37.257 	32.655 	0.059 	0.091 	-0.019 	
141.607 	-10.266 	35.704 	0.104 	0.048 	0.091 	
20.112 	14.024 	12.570 	0.131 	-0.160 	0.080 	
134.287 	3.762 	2.807 	0.120 	-0.005 	-0.146 	
92.204 	-28.847 	-0.150 	0.159 	-0.138 	-0.077 	
77.303 	-1.881 	8.215 	0.127 	-0.084 	0.048 	
121.438 	-8.939 	5.669 	0.101 	0.087 	0.089 	
-15.523 	12.283 	-89.455 	0.079 	0.020 	0.003 	
15.897 	-64.983 	26.552 	0.146 	0.038 	0.063 	
201.928 	404.252 	-1252.354 	0.265 	0.622 	-2.369 	
7.440 	-26.989 	-23.229 	0.071 	-0.140 	0.093 	
10.999 	5.811 	-1.322 	0.109 	0.007 	0.061 	
-115.230 	-35.863 	-95.769 	-0.072 	-0.061 	-0.012 	
84.937 	-9.177 	47.626 	0.086 	0.086 	-0.128 	
100.706 	-9.174 	-4.809 	-0.134 	0.000 	0.024 	
101.779 	8.145 	-13.525 	0.156 	0.012 	-0.034 	
-27.694 	-25.975 	-49.054 	0.133 	-0.038 	0.043 	
31.248 	8.292 	-6.900 	0.148 	-0.106 	0.005 	
160.993 	-0.456 	17.209 	0.039 	-0.175 	0.136 	
25.284 	32.281 	11.368 	0.165 	-0.068 	0.124 	
163.372 	-32.656 	2.710 	0.063 	0.022 	0.004 	
65.129 	3.919 	14.935 	0.065 	0.151 	0.139 	
102.192 	-49.798 	11.459 	0.148 	0.035 	0.064 	
144.675 	7.369 	23.760 	0.106 	-0.066 	0.154 	
23.939 	-6.590 	18.872 	0.192 	-0.031 	0.110 	
108.498 	2.836 	8.276 	0.119 	-0.070 	-0.014 	
-29.611 	-54.333 	-37.343 	0.099 	0.037 	-0.067 	
51.516 	-44.037 	144.750 	0.123 	0.012 	0.027 	
116.710 	-10.788 	33.535 	0.069 	-0.053 	-0.177 	
139.090 	-8.542 	62.428 	0.119 	-0.029 	0.023 	
-2.282 	-27.323 	9.383 	0.088 	0.067 	0.141 	
-89.551 	9.994 	-95.415 	0.017 	-0.047 	-0.051 	
107.958 	44.358 	5.130 	0.159 	-0.119 	-0.031 	
-36.522 	26.321 	-81.025 	0.040 	-0.020 	0.018 	
189.387 	1.688 	-36.361 	0.216 	-0.077 	-0.129 	
70.650 	-17.047 	25.365 	-0.014 	-0.019 	-0.051 	
136.645 	65.178 	-25.749 	0.106 	-0.043 	0.041 	
45.009 	-49.387 	19.899 	0.086 	0.106 	0.182 	
156.770 	-13.034 	9.817 	0.072 	0.025 	0.043 	
80.102 	-19.030 	-60.528 	0.141 	-0.081 	0.118 	
-7.300 	-56.865 	-53.865 	0.037 	-0.114 	0.084 	
144.529 	-4.691 	-9.515 	0.180 	0.064 	-0.053 	
-141.522 	48.431 	35.172 	-0.109 	-0.017 	0.045 	
16.946 	-2.576 	-16.372 	0.104 	0.027 	0.116 	
101.924 	3.902 	5.400 	0.098 	-0.120 	0.111 	
223.201 	-39.390 	20.838 	0.088 	-0.067 	-0.032 	
125.059 	-1.265 	-21.821 	0.152 	0.007 	0.123 	
55.139 	-3.874 	-7.090 	0.103 	-0.072 	-0.107 	
77.321 	-63.553 	71.447 	0.082 	0.071 	-0.052 	
141.884 	-27.158 	23.087 	0.103 	-0.192 	0.157 	
55.283 	39.502 	12.813 	0.040 	-0.116 	0.125 	
3.952 	-167.566 	69.122 	0.079 	-0.092 	-0.001 	
127.537 	5.687 	17.387 	-0.006 	-0.005 	0.071 	
41.138 	57.103 	74.106 	0.162 	-0.037 	-0.011 	
462.247 	117.391 	160.030 	0.581 	0.237 	0.260 	
94.877 	-26.019 	85.543 	0.113 	-0.064 	0.005 	
27.302 	-6.436 	2.138 	0.038 	-0.069 	0.164 	
71.232 	-50.623 	19.578 	0.037 	-0.000 	0.167 	
138.169 	-33.973 	32.117 	0.058 	-0.066 	0.067 	
198.367 	-78.867 	-22.267 	0.138 	0.046 	0.053 	
96.131 	-6.637 	-14.456 	0.039 	0.059 	0.126 	
-4.418 	-21.949 	68.719 	0.040 	-0.003 	-0.001 	
85.396 	11.771 	9.718 	0.204 	-0.088 	0.019 	
66.631 	-69.748 	-47.145 	0.122 	0.047 	0.061 	
54.575 	47.244 	-8.369 	0.051 	-0.112 	-0.027 	
-59.999 	-36.462 	25.715 	0.031 	0.017 	-0.018 	
83.869 	-6.259 	41.665 	0.142 	0.057 	-0.164 	
80.686 	-7.126 	-26.183 	-0.112 	0.046 	0.010 	
145.519 	-144.188 	176.483 	-0.031 	-0.118 	0.227 	
45.387 	7.110 	36.129 	-0.065 	-0.037 	0.127 	
8.212 	-10.288 	100.525 	-0.074 	0.054 	-0.043 	
37.905 	-43.679 	7.244 	-0.230 	0.044 	0.156 	
31.160 	-1.848 	10.370 	-0.126 	0.043 	-0.052 	
129.865 	-74.050 	-19.126 	-0.119 	0.024 	0.063 	
129.516 	-15.188 	113.508 	-0.141 	0.006 	0.017 	
-12.676 	-4.196 	37.481 	-0.094 	-0.088 	0.035 	
134.918 	-21.528 	-94.508 	-0.122 	-0.033 	0.027 	
160.702 	46.244 	-61.358 	-0.087 	-0.018 	0.006 	
67.746 	-59.760 	21.321 	-0.217 	-0.008 	-0.119 	
22.151 	-32.733 	-30.670 	-0.184 	-0.023 	-0.037 	
-2.958 	-34.324 	1.969 	-0.231 	0.106 	-0.053 	
117.115 	6.594 	-9.081 	-0.164 	-0.115 	-0.080 	
44.019 	18.364 	-30.176 	-0.065 	-0.115 	0.059 	
84.890 	5.284 	10.802 	-0.166 	-0.100 	-0.130 	
-5.607 	6.677 	7.223 	-0.146 	-0.037 	-0.005 	
92.396 	-3.485 	83.839 	-0.074 	-0.099 	-0.057 	
170.385 	-49.127 	-28.208 	-0.113 	0.036 	-0.011 	
25.744 	-21.890 	9.136 	-0.182 	0.000 	0.066 	
68.668 	-36.326 	36.167 	-0.037 	-0.066 	0.175 	
122.683 	-11.986 	21.050 	-0.064 	-0.159 	-0.107 	
102.578 	62.834 	-66.062 	-0.149 	-0.023 	-0.029 	
0.608 	-33.308 	27.471 	-0.022 	0.023 	0.004 	
87.208 	16.135 	77.493 	-0.160 	-0.050 	-0.074 	
102.262 	-13.917 	32.006 	-0.185 	0.117 	-0.018 	
43.609 	-37.815 	54.135 	-0.153 	0.094 	-0.082 	
-19.158 	-23.377 	25.688 	-0.050 	-0.121 	0.045 	
87.735 	-36.713 	27.837 	-0.121 	0.069 	0.051 	
186.585 	-35.876 	42.137 	-0.035 	-0.063 	0.015 	
5.362 	95.351 	26.696 	-0.064 	-0.021 	-0.000 	
-66.983 	10.150 	-119.527 	-0.196 	-0.049 	-0.015 	
156.275 	13.784 	-4.755 	-0.137 	-0.025 	-0.115 	
140.072 	11.025 	46.005 	-0.168 	0.037 	-0.079 	
119.028 	74.411 	9.621 	-0.087 	-0.018 	-0.032 	
22.501 	-20.967 	26.716 	-0.144 	-0.147 	0.037 	
43.845 	-55.401 	24.773 	-0.107 	0.032 	-0.111 	
-0.703 	-59.099 	44.370 	-0.115 	-0.013 	0.097 	
248.185 	59.774 	11.451 	-0.012 	0.001 	0.085 	
43.646 	13.840 	-13.740 	-0.067 	0.070 	0.160 	
40.886 	28.312 	2.597 	-0.048 	-0.076 	0.141 	
124.977 	-31.116 	-10.585 	-0.198 	0.083 	0.071 	
20.462 	48.873 	10.245 	-0.062 	-0.081 	0.115 	
19.984 	33.917 	21.114 	-0.158 	-0.097 	0.064 	
211.108 	85.028 	18.470 	-0.064 	0.051 	0.080 	
128.060 	32.078 	-60.327 	-0.152 	0.027 	0.019 	
66.976 	-115.089 	18.269 	-0.121 	-0.036 	0.107 	
112.101 	-25.115 	5.545 	-0.012 	-0.135 	-0.080 	
46.143 	-24.065 	14.166 	-0.258 	0.092 	-0.012 	
62.458 	10.623 	-4.040 	-0.170 	-0.052 	0.078 	
140.909 	-26.909 	-5.599 	-0.199 	-0.111 	0.020 	
239.582 	-160.098 	76.815 	0.051 	-0.156 	0.091 	
58.455 	-33.477 	32.877 	-0.074 	-0.111 	-0.001 	
25.890 	1.473 	-12.451 	-0.041 	-0.094 	0.043 	
36.206 	113.256 	130.047 	-0.080 	0.023 	0.069 	
-13.938 	-46.484 	-1.749 	-0.127 	0.052 	0.020 	
77.775 	24.766 	18.623 	-0.117 	0.003 	0.028 	
113.038 	-59.786 	23.553 	-0.090 	0.101 	0.050 	
52.152 	22.419 	-37.360 	-0.164 	0.002 	-0.003 	
135.619 	16.158 	52.373 	-0.074 	0.048 	-0.048 	
97.104 	4.783 	-5.163 	-0.145 	0.087 	0.021 	
211.863 	-3.060 	-68.255 	-0.032 	-0.029 	-0.032 	
110.476 	-16.476 	-106.910 	-0.121 	0.030 	0.023 	
64.733 	26.448 	20.936 	-0.058 	0.081 	0.091 	
54.165 	-24.746 	-0.519 	-0.201 	0.017 	-0.015 	
43.363 	-25.204 	57.081 	-0.148 	0.067 	-0.133 	
184.319 	54.551 	52.782 	-0.073 	0.029 	-0.037 	
139.639 	1.947 	15.983 	-0.154 	-0.042 	-0.061 	
80.744 	-43.542 	-10.289 	-0.219 	0.074 	0.127 	
19.604 	-12.805 	25.271 	-0.177 	0.055 	0.192 	
30.613 	6.973 	9.694 	-0.102 	-0.044 	-0.036 	
32.981 	-20.513 	4.081 	-0.194 	0.021 	0.015 	
184.394 	-71.874 	-58.963 	-0.059 	-0.021 	-0.007 	
47.951 	-12.828 	4.478 	-0.122 	0.084 	0.105 	
1.581 	-4.843 	-2.659 	-0.098 	0.002 	-0.026 	
115.604 	63.632 	-57.373 	-0.043 	-0.020 	0.067 	
-20.439 	20.581 	-31.589 	-0.093 	-0.103 	-0.010 	
-4.289 	27.727 	35.057 	-0.141 	-0.153 	0.025 	
6.981 	0.727 	-5.154 	0.030 	0.056 	0.011 	
242.124 	-46.459 	22.118 	-0.019 	0.023 	0.085 	
46.350 	61.920 	27.605 	-0.177 	-0.104 	-0.034 	
88.777 	-25.524 	21.737 	-0.123 	-0.019 	0.120 	
-6.563 	-45.507 	11.913 	-0.055 	-0.003 	0.013 	
83.748 	43.526 	31.105 	-0.108 	0.014 	-0.118 	
41.387 	-35.446 	55.075 	-0.072 	0.142 	0.079 	
27.640 	-14.099 	-5.266 	-0.079 	-0.032 	0.197 	
175.595 	-39.035 	29.383 	-0.120 	-0.021 	0.060 	
186.496 	52.617 	-9.216 	-0.091 	0.014 	-0.048 	
74.520 	-28.556 	-20.021 	-0.070 	-0.051 	-0.034 	
99.417 	-34.205 	8.710 	-0.058 	-0.078 	-0.172 	
20.363 	95.631 	20.522 	-0.146 	-0.038 	-0.027 	
49.599 	-26.887 	53.685 	-0.081 	0.124 	0.021 	
60.541 	-11.926 	59.270 	-0.151 	0.058 	-0.123 	
292.715 	34.392 	-18.185 	0.170 	0.019 	-0.030 	
48.975 	5.534 	6.602 	0.005 	0.043 	0.141 	
55.334 	-58.451 	40.531 	-0.135 	0.126 	0.043 	
74.638 	12.922 	-34.832 	-0.162 	-0.076 	0.101 	
74.610 	-16.953 	16.000 	-0.216 	0.121 	-0.053 	
210.133 	-14.047 	36.244 	-0.045 	0.038 	0.071 	
75.376 	-6.911 	4.264 	-0.191 	0.068 	-0.121 	
37.397 	-19.887 	26.867 	-0.214 	0.021 	0.115 	
99.844 	58.214 	9.003 	-0.096 	-0.019 	0.030 	
-41.711 	21.445 	-31.735 	-0.111 	-0.110 	0.082 	
-12.324 	-8.341 	12.912 	-0.018 	0.025 	0.015 	
197.257 	-104.666 	80.195 	-0.048 	-0.036 	0.072 	
223.420 	-88.248 	-64.027 	-0.015 	0.007 	0.029 	
182.283 	15.506 	7.862 	-0.086 	0.000 	-0.041 	
241.028 	-34.137 	-32.501 	-0.012 	-0.042 	0.043 	
125.400 	-13.362 	22.937 	-0.115 	-0.165 	-0.055 	
86.323 	-9.027 	-2.128 	-0.092 	-0.092 	-0.188 	
18.422 	-27.533 	1.735 	-0.121 	-0.033 	-0.074 	
54.654 	-15.413 	49.483 	-0.199 	-0.061 	0.035 	
39.946 	-50.836 	-15.921 	-0.109 	0.107 	0.014 	
-6.087 	24.182 	-19.818 	-0.034 	-0.119 	0.084 	
52.131 	7.089 	32.500 	-0.146 	0.041 	0.147 	
82.110 	-10.237 	-121.298 	-0.153 	-0.020 	-0.012 	
104.024 	48.970 	-42.026 	-0.145 	-0.021 	0.046 	
28.523 	-75.467 	-7.671 	-0.127 	0.012 	0.091 	
69.575 	-7.826 	7.222 	-0.178 	-0.199 	-0.039 	
-10.869 	-4.220 	29.975 	-0.144 	-0.001 	0.069 	
26.824 	-15.305 	44.670 	-0.118 	-0.017 	-0.074 	
202.677 	-17.950 	5.171 	-0.047 	-0.112 	0.061 	
160.796 	41.302 	-67.258 	-0.031 	0.008 	-0.006 	
153.294 	12.873 	22.678 	-0.136 	-0.128 	-0.038 	
94.296 	-90.405 	32.885 	-0.155 	0.074 	0.071 	
156.507 	31.967 	18.489 	-0.165 	-0.068 	0.022 	
92.059 	20.419 	21.241 	-0.140 	-0.141 	0.029 	
24.518 	-35.064 	31.015 	-0.134 	0.002 	0.189 	
63.824 	26.060 	16.527 	-0.185 	-0.021 	0.104 	
142.513 	44.150 	-19.877 	-0.142 	-0.054 	0.064 	
164.503 	44.802 	5.544 	-0.119 	-0.047 	0.023 	
67.202 	-1.059 	54.605 	-0.074 	-0.035 	-0.073 	
-18.590 	-34.369 	-1.137 	-0.071 	-0.100 	-0.023 	
205.297 	-6.412 	-74.135 	-0.032 	0.050 	-0.050 	
74.296 	-3.298 	18.088 	-0.236 	-0.164 	-0.041 	
235.633 	87.809 	51.347 	0.006 	0.021 	-0.028 	
31.731 	-40.494 	-70.381 	-0.154 	-0.039 	0.090 	
99.787 	-37.305 	8.835 	-0.093 	-0.083 	-0.084 	
154.383 	-118.187 	-12.716 	-0.101 	-0.040 	0.032 	
-39.072 	-30.896 	2.374 	-0.084 	0.020 	-0.070 	
79.761 	-19.965 	9.740 	-0.203 	-0.006 	-0.159 	
178.077 	-28.647 	-17.640 	-0.102 	0.045 	-0.057 	
50.753 	-41.263 	-13.529 	-0.240 	-0.043 	0.011 	
121.761 	-3.769 	49.542 	-0.069 	0.023 	-0.140 	
122.599 	27.578 	17.613 	-0.160 	0.063 	0.002 	
-1.352 	-12.711 	28.275 	-0.085 	0.057 	0.026 	
70.751 	2.723 	25.269 	-0.133 	0.012 	-0.169 	
157.118 	0.076 	-18.938 	-0.152 	0.000 	-0.013 	
175.092 	18.357 	65.790 	-0.116 	0.046 	0.005 	
184.753 	75.368 	31.381 	-0.029 	0.035 	-0.063 	
28.795 	27.292 	29.265 	-0.150 	-0.062 	0.112 	
74.841 	-26.121 	53.810 	-0.114 	-0.095 	0.024 	
108.409 	-7.094 	-8.646 	-0.130 	-0.156 	-0.014 	
36.282 	-33.599 	0.863 	-0.107 	0.113 	0.070 	
191.679 	-7.884 	47.210 	-0.077 	0.044 	0.034 	
11.266 	-21.800 	-18.740 	-0.069 	0.011 	-0.106 	
30.506 	97.045 	138.076 	-0.056 	0.028 	0.068 	
213.446 	-27.419 	74.857 	-0.062 	0.044 	0.071 	
13.631 	-2.940 	32.613 	-0.197 	-0.002 	0.001 	
39.439 	-11.774 	23.495 	-0.210 	-0.103 	-0.117 	
392.394 	37.449 	-645.727 	0.279 	0.060 	-0.634 	
-23.109 	15.610 	28.979 	-0.085 	-0.043 	0.146 	
177.806 	36.589 	-30.799 	-0.075 	-0.035 	-0.024 	
12.667 	12.204 	13.536 	-0.081 	-0.015 	-0.085 	
30.952 	4.307 	66.033 	-0.054 	-0.011 	-0.084 	
78.923 	-2.720 	12.908 	-0.134 	-0.025 	-0.072 	
146.763 	6.298 	14.373 	-0.174 	-0.053 	0.094 	
155.898 	-30.479 	4.692 	-0.144 	0.050 	-0.050 	
43.760 	-14.021 	19.982 	-0.015 	-0.110 	0.048 	
18.790 	-47.569 	47.338 	-0.113 	-0.085 	-0.087 	
77.287 	35.641 	56.110 	-0.178 	0.008 	-0.099 	
210.338 	-145.512 	-115.531 	-0.059 	-0.103 	-0.051 	
92.062 	-21.504 	21.234 	-0.216 	0.048 	-0.029 	
84.572 	14.180 	-29.291 	-0.187 	-0.006 	0.129 	
100.877 	26.099 	-24.771 	-0.076 	0.029 	0.095 	
102.028 	-28.939 	1.911 	-0.116 	-0.062 	0.070 	
155.106 	56.917 	-65.660 	-0.128 	-0.019 	0.034 	
-18.439 	-33.486 	9.867 	-0.108 	-0.074 	0.065 	
13.786 	1.369 	-9.056 	-0.147 	-0.070 	0.163 	
45.393 	-36.889 	-23.391 	-0.226 	0.000 	0.067 	
22.483 	-19.290 	18.209 	-0.104 	-0.027 	0.124 	
50.671 	-32.521 	-16.632 	-0.103 	0.037 	-0.078 	
129.764 	-30.503 	-9.026 	-0.227 	0.021 	0.108 	
80.599 	36.707 	3.855 	-0.091 	-0.029 	-0.065 	
77.293 	-85.962 	74.868 	-0.150 	0.016 	0.053 	
229.257 	-25.886 	-75.013 	0.003 	-0.020 	0.011 	
135.565 	-19.245 	67.758 	-0.177 	0.044 	-0.066 	
97.366 	4.285 	46.907 	-0.164 	0.127 	0.013 	
144.257 	57.437 	-0.601 	-0.147 	0.057 	0.014 	
83.748 	6.708 	5.018 	-0.089 	0.069 	0.039 	
11.636 	15.068 	9.493 	-0.014 	-0.054 	0.095 	
53.586 	60.272 	36.259 	-0.163 	-0.107 	0.078 	
156.108 	-0.172 	22.229 	-0.169 	-0.072 	0.047 	
146.048 	2.201 	-15.980 	-0.098 	-0.098 	0.084 	
21.236 	-12.395 	4.111 	-0.066 	-0.147 	-0.125 	
55.441 	-69.394 	-9.193 	-0.094 	0.063 	-0.110 	
11.135 	-29.711 	36.617 	-0.189 	-0.054 	-0.153 	
59.947 	-28.093 	11.748 	-0.032 	-0.198 	0.010 	
18.760 	-7.231 	-1.578 	-0.146 	-0.012 	0.042 	
40.495 	-39.181 	9.193 	-0.201 	-0.064 	-0.031 	
29.871 	-54.485 	10.178 	-0.166 	0.031 	-0.005 	
64.312 	11.374 	54.787 	-0.068 	-0.128 	-0.031 	
241.170 	-15.419 	-29.083 	-0.011 	-0.021 	0.003 	
207.684 	-14.142 	25.081 	-0.058 	-0.064 	-0.049 	
-21.215 	-73.322 	2.272 	-0.117 	0.077 	0.089 	
64.091 	-87.427 	-2.433 	-0.216 	0.076 	-0.011 	
108.766 	-17.290 	9.321 	-0.163 	0.007 	0.065 	
10.498 	-51.310 	-5.618 	-0.147 	-0.090 	-0.119 	
10.408 	-12.141 	29.320 	-0.088 	0.082 	0.006 	
183.243 	9.700 	-8.204 	-0.097 	-0.117 	-0.067 	
198.545 	-66.832 	-1.626 	-0.083 	0.032 	-0.035 	
182.121 	0.291 	10.232 	-0.125 	0.035 	0.013 	
91.574 	-42.462 	4.785 	-0.069 	-0.035 	0.163 	
-1.843 	5.180 	22.922 	-0.166 	-0.002 	0.061 	
21.753 	-42.272 	-15.864 	-0.052 	0.053 	0.080 	
2.490 	-20.663 	28.270 	-0.062 	0.071 	-0.007 	
2.891 	-32.514 	14.858 	-0.169 	0.097 	-0.114 	
70.055 	28.887 	17.784 	-0.086 	-0.112 	-0.089 	
122.583 	-10.353 	24.683 	-0.119 	-0.032 	0.022 	
-28.348 	96.944 	-46.781 	-0.250 	0.100 	-0.070 	
83.303 	-13.797 	51.974 	-0.122 	0.092 	0.001 	
-29.791 	-28.145 	41.964 	-0.107 	-0.044 	-0.017 	
26.886 	-43.214 	29.567 	-0.051 	0.124 	0.062 	
156.531 	-22.283 	-6.009 	-0.098 	0.063 	0.009 	
61.132 	-28.941 	52.462 	-0.146 	-0.042 	-0.124 	
32.218 	-46.224 	18.425 	-0.020 	0.151 	-0.008 	
64.794 	-37.080 	19.506 	-0.210 	0.120 	-0.017 	
157.404 	-67.182 	72.852 	-0.078 	-0.026 	0.013 	
38.137 	-26.185 	21.196 	-0.183 	0.099 	-0.096 	
15.993 	-9.894 	-15.069 	-0.079 	-0.129 	-0.013 	
70.370 	17.800 	-36.783 	-0.180 	-0.128 	-0.010 	
58.601 	-12.578 	65.102 	-0.131 	0.028 	-0.104 	
37.969 	-39.983 	19.938 	0.006 	-0.030 	0.063 	
-19.412 	33.148 	11.233 	-0.075 	-0.002 	-0.119 	
38.582 	-23.391 	46.056 	-0.205 	-0.099 	0.109 	
49.045 	-28.997 	5.567 	-0.056 	0.001 	0.100 	
11.536 	-44.083 	-18.986 	-0.084 	0.041 	-0.045 	
181.421 	82.049 	11.344 	-0.084 	0.041 	-0.050 	
-31.949 	-62.985 	41.569 	-0.059 	0.048 	-0.067 	
89.950 	-26.831 	6.446 	-0.041 	-0.045 	-0.168 	
95.343 	-52.278 	97.189 	-0.154 	-0.015 	-0.002 	
24.637 	11.688 	29.612 	-0.162 	-0.036 	-0.098 	
1.711 	-17.699 	17.011 	-0.126 	-0.142 	-0.060 	
117.491 	22.971 	40.187 	-0.092 	-0.114 	0.092 	
141.556 	48.169 	1.727 	-0.046 	-0.096 	-0.003 	
59.939 	27.501 	18.345 	-0.101 	0.001 	0.061 	
54.597 	46.366 	-49.471 	-0.151 	-0.079 	0.009 	
242.370 	-324.375 	231.051 	0.106 	-1.025 	0.722 	
15.752 	24.829 	-28.827 	-0.055 	-0.037 	0.061 	
1.770 	-118.795 	29.764 	-0.142 	-0.002 	-0.094 	
9.693 	-36.479 	-25.263 	-0.025 	0.051 	-0.076 	
18.564 	-32.534 	-43.135 	-0.054 	-0.110 	0.109 	
193.958 	25.234 	14.280 	-0.064 	0.061 	-0.010 	
174.877 	103.129 	103.967 	-0.059 	0.046 	0.052 	
92.266 	34.756 	-58.078 	-0.127 	0.094 	0.003 	
-1.503 	-29.024 	4.671 	-0.161 	-0.022 	0.069 	
95.994 	-17.598 	12.917 	-0.009 	-0.049 	-0.093 	
39.640 	-2.968 	18.194 	-0.220 	0.035 	-0.044 	
170.043 	-5.075 	-6.712 	-0.088 	0.057 	-0.004 	
17.165 	-7.200 	-10.429 	-0.132 	0.151 	0.120 	
267.708 	-315.783 	-235.464 	0.268 	-0.448 	-0.398 	
-3.057 	-40.485 	1.252 	-0.074 	-0.039 	0.077 	
97.536 	-119.153 	-25.219 	-0.165 	-0.001 	-0.013 	
62.194 	-63.595 	9.661 	-0.101 	0.066 	-0.039 	
97.929 	-14.892 	18.604 	-0.046 	-0.057 	-0.116 	
115.288 	33.103 	33.797 	-0.155 	-0.010 	0.017 	
159.389 	-17.341 	86.279 	-0.080 	0.068 	0.063 	
153.273 	28.151 	48.512 	-0.107 	-0.103 	-0.037 	
213.649 	-31.600 	-52.420 	-0.053 	0.022 	0.066 	
182.618 	-42.539 	-27.458 	-0.061 	-0.051 	0.016 	
167.029 	69.700 	-69.556 	-0.050 	0.070 	-0.049 	
163.564 	47.402 	16.629 	-0.141 	0.046 	-0.035 	
206.345 	-3.124 	-5.067 	-0.077 	-0.020 	0.070 	
30.931 	-18.226 	4.079 	-0.126 	-0.044 	-0.180 	
45.795 	37.472 	25.188 	-0.019 	0.077 	0.042 	
16.309 	-41.610 	-67.384 	-0.122 	-0.112 	0.068 	
58.658 	71.085 	106.972 	-0.176 	0.023 	-0.010 	
47.163 	52.454 	7.653 	-0.080 	-0.038 	-0.101 	
58.594 	-142.496 	18.853 	-0.112 	-0.022 	-0.041 	
18.917 	-27.820 	22.138 	-0.093 	-0.134 	-0.103 	
-101.230 	-254.418 	1389.167 	-0.288 	-0.580 	2.450 	
70.097 	-13.772 	4.698 	-0.131 	-0.024 	0.078 	
39.068 	-5.605 	-57.344 	-0.185 	0.047 	0.099 	
182.679 	-130.678 	109.453 	-0.089 	-0.068 	0.036 	
43.961 	6.697 	2.783 	-0.025 	-0.187 	0.051 	
118.063 	-32.847 	18.502 	-0.067 	-0.029 	-0.143 	
44.809 	-83.451 	-60.305 	-0.042 	0.053 	0.028 	
40.518 	94.908 	83.516 	-0.161 	-0.042 	0.020 	
157.273 	-10.496 	7.528 	-0.134 	0.011 	0.062 	
119.055 	-24.385 	68.920 	-0.115 	-0.083 	-0.108 	
68.729 	-53.833 	-13.529 	-0.062 	0.076 	-0.108 	
160.938 	-5.933 	-61.741 	-0.085 	0.065 	0.004 	
181.135 	38.985 	-65.188 	-0.038 	-0.030 	-0.043 	
34.334 	-26.800 	19.689 	-0.196 	-0.055 	0.056 	
87.875 	18.461 	8.651 	-0.155 	-0.086 	0.107 	
29.797 	-7.424 	7.742 	-0.145 	0.026 	-0.158 	
50.064 	-29.003 	27.886 	-0.081 	-0.013 	-0.183 	
5.786 	8.617 	-10.123 	-0.003 	0.028 	0.059 	
84.290 	-28.405 	-14.625 	-0.100 	0.056 	0.104 	
-38.663 	-28.903 	-50.923 	-0.139 	0.050 	0.098 	
229.318 	82.866 	55.557 	-0.018 	0.025 	-0.005 	
46.143 	-14.880 	21.990 	-0.011 	0.089 	0.112 	
148.562 	83.640 	-58.674 	-0.076 	0.008 	0.014 	
138.667 	-12.507 	64.203 	-0.099 	-0.005 	0.039 	
97.597 	21.098 	10.121 	-0.140 	-0.098 	-0.050 	
18.807 	-24.106 	-38.114 	-0.056 	-0.060 	0.015 	
150.971 	-67.419 	-108.587 	-0.088 	-0.062 	-0.012 	
78.060 	48.839 	-11.576 	-0.046 	-0.102 	0.077 	
43.477 	70.661 	-227.362 	-0.070 	0.036 	-0.152 	
184.655 	-8.322 	-6.074 	-0.036 	-0.074 	0.090 	
110.889 	12.941 	-30.291 	-0.098 	-0.007 	0.122 	
181.273 	-16.992 	-5.519 	-0.094 	-0.002 	-0.034 	
22.072 	-38.203 	66.740 	-0.108 	-0.061 	-0.123 	
70.944 	-32.947 	16.734 	-0.174 	-0.108 	-0.185 	
42.382 	-10.300 	11.884 	-0.127 	-0.135 	0.186 	
29.430 	-27.349 	43.612 	-0.003 	-0.088 	-0.109 	
89.104 	-41.299 	14.029 	-0.130 	0.018 	-0.135 	
41.599 	-9.454 	-14.604 	-0.150 	-0.069 	-0.014 	
55.572 	145.719 	-32.314 	-0.122 	0.100 	-0.011 	
114.414 	-50.421 	-106.322 	-0.026 	0.024 	0.011 	
175.633 	10.766 	59.818 	-0.075 	-0.021 	0.110 	
185.799 	7.261 	43.000 	-0.135 	-0.096 	0.049 	
-186.545 	314.755 	202.722 	-0.469 	0.567 	0.306 	
226.395 	61.197 	-89.616 	-0.031 	0.063 	-0.030 	
193.478 	-38.054 	23.224 	-0.134 	0.043 	0.003 	
205.650 	27.235 	-1.172 	-0.076 	0.028 	0.004 	
135.530 	-27.668 	-46.588 	-0.148 	0.027 	-0.036 	
32.120 	-10.148 	-28.219 	-0.099 	0.145 	0.027 	
215.030 	4.249 	-88.270 	0.003 	-0.085 	0.001 	
74.591 	51.049 	40.924 	-0.179 	-0.043 	0.053 	
74.574 	-23.682 	39.644 	-0.132 	0.126 	0.005 	
88.431 	129.900 	-70.471 	-0.139 	0.036 	0.005 	
160.518 	-48.026 	-75.485 	-0.089 	-0.006 	-0.007 	
-1.155 	-11.994 	109.105 	-0.104 	-0.095 	0.012 	
5.708 	4.523 	-31.022 	-0.056 	-0.040 	0.005 	
-0.504 	-29.620 	28.003 	-0.154 	-0.009 	0.107 	
171.561 	95.962 	15.952 	-0.077 	-0.012 	0.047 	
44.687 	-51.348 	54.602 	-0.094 	0.011 	0.096 	
19.972 	-106.960 	17.004 	-0.194 	-0.004 	-0.069 	
14.098 	-51.309 	-4.949 	-0.060 	0.078 	-0.127 	
139.028 	-34.731 	-48.327 	-0.126 	-0.026 	0.025 	
68.119 	-50.834 	35.307 	-0.172 	0.104 	0.127 	
4.576 	-31.197 	-6.142 	-0.178 	-0.073 	0.042 	
3.741 	-18.253 	63.164 	-0.099 	0.081 	0.008 	
192.664 	24.036 	53.480 	-0.047 	0.037 	0.061 	
119.853 	26.761 	-16.007 	-0.144 	-0.033 	0.069 	
53.546 	-6.735 	46.988 	-0.086 	0.086 	0.004 	
20.163 	106.544 	-13.580 	-0.124 	-0.022 	-0.064 	
201.475 	-174.967 	30.588 	-0.056 	-0.134 	-0.013 	
150.408 	-71.890 	43.602 	-0.132 	0.029 	0.089 	
186.450 	14.643 	-40.187 	-0.101 	0.055 	-0.050 	
7.558 	-4.134 	26.463 	-0.012 	-0.081 	0.064 	
176.887 	2.244 	-48.806 	-0.055 	-0.056 	0.001 	
-11.827 	-25.606 	46.592 	-0.167 	-0.053 	0.096 	
127.468 	16.477 	37.392 	-0.106 	-0.133 	0.011 	
364.146 	401.976 	394.176 	0.157 	0.352 	0.369 	
86.693 	-17.218 	-20.679 	-0.075 	-0.163 	-0.012 	
182.050 	394.817 	-255.193 	-0.071 	1.126 	-0.732 	
9.939 	-7.605 	37.928 	-0.128 	0.004 	0.034 	
113.764 	12.148 	10.547 	-0.056 	-0.140 	-0.050 	
119.811 	-28.228 	-47.902 	-0.083 	-0.053 	0.075 	
50.534 	-34.162 	26.972 	-0.036 	-0.078 	0.120 	
-23.890 	15.988 	24.696 	-0.084 	-0.042 	0.149 	
71.334 	-58.527 	9.266 	-0.185 	0.075 	0.100 	
186.470 	-30.737 	-71.412 	-0.090 	0.047 	-0.055 	
-28.337 	-1.091 	53.983 	-0.149 	-0.082 	-0.056 	
108.918 	-71.495 	-92.078 	-0.155 	0.017 	-0.004 	
182.058 	9.814 	-66.101 	-0.060 	0.055 	0.031 	
70.258 	3.303 	-11.666 	-0.116 	0.089 	0.041 	
70.491 	-54.041 	18.839 	-0.116 	0.086 	-0.003 	
85.205 	196.567 	31.693 	-0.126 	0.135 	-0.014 	
-3.631 	90.776 	-43.371 	-0.112 	0.001 	0.021 	
44.758 	-48.212 	30.677 	-0.153 	-0.022 	0.077 	
93.554 	-24.381 	-28.397 	-0.080 	-0.094 	0.175 	
18.986 	-3.451 	-5.475 	-0.074 	0.100 	0.023 	
144.443 	18.616 	-88.883 	-0.051 	-0.026 	-0.030 	
121.176 	-155.823 	-56.489 	-0.122 	-0.063 	0.006 	
156.728 	-0.969 	-13.768 	-0.088 	-0.133 	-0.028 	
44.677 	11.538 	-9.144 	-0.175 	-0.155 	0.083 	
78.854 	-6.415 	3.669 	-0.187 	-0.041 	0.010 	
51.527 	-13.218 	32.634 	-0.172 	-0.047 	-0.035 	
72.589 	-2.442 	50.422 	-0.157 	-0.194 	-0.056 	
61.099 	-40.493 	39.596 	-0.092 	-0.131 	0.062 	
11.695 	-59.867 	8.673 	-0.040 	-0.154 	-0.048 	
119.292 	5.347 	-30.985 	-0.115 	-0.003 	0.106 	
-44.097 	163.029 	-17.605 	-0.167 	0.083 	0.046 	
109.711 	-25.529 	18.944 	-0.168 	-0.015 	-0.012 	
138.908 	23.589 	41.215 	-0.163 	-0.014 	-0.007 	
182.414 	141.833 	-36.830 	-0.066 	0.075 	-0.005 	
66.311 	-19.253 	36.350 	-0.185 	-0.060 	-0.033 	
23.526 	17.821 	-25.212 	-0.044 	-0.096 	-0.047 	
-5.758 	527.025 	33.666 	-0.248 	1.417 	0.093 	
69.194 	-67.336 	-11.604 	-0.159 	-0.002 	-0.041 	
131.446 	-53.764 	36.288 	-0.112 	-0.022 	-0.067 	
260.776 	81.068 	-36.103 	-0.013 	-0.009 	-0.008 	
107.546 	-59.360 	-41.343 	-0.135 	-0.021 	0.076 	
76.046 	-71.440 	15.616 	-0.162 	0.095 	0.041 	
-0.230 	-1.487 	27.458 	-0.085 	0.072 	0.002 	
150.982 	-1.912 	69.533 	-0.093 	-0.029 	0.024 	
-0.781 	24.097 	15.580 	-0.106 	0.160 	-0.011 	
67.910 	-15.476 	25.391 	-0.156 	0.075 	0.135 	
-18.379 	-7.329 	33.121 	-0.136 	0.059 	0.076 	
-5.949 	2.069 	40.973 	-0.153 	-0.031 	-0.156 	
72.690 	-28.008 	30.051 	-0.133 	0.140 	-0.116 	
256.251 	-27.896 	-12.069 	0.002 	-0.070 	0.048 	
95.284 	37.372 	-78.395 	-0.101 	-0.048 	0.004 	
32.336 	-40.799 	17.698 	-0.207 	-0.081 	0.000 	
97.031 	56.820 	-34.769 	-0.040 	-0.083 	0.053 	
-403.170 	-641.087 	-321.419 	-0.525 	-0.571 	-0.264 	
73.040 	-0.603 	5.912 	-0.036 	0.135 	0.053 	
118.444 	-8.520 	-41.974 	-0.149 	0.102 	0.015 	
42.480 	-44.743 	-4.962 	-0.142 	-0.121 	0.065 	
115.220 	-86.252 	52.099 	-0.158 	0.037 	-0.038 	
140.657 	-28.858 	39.094 	-0.083 	0.047 	-0.050 	
26.484 	0.942 	13.241 	-0.047 	-0.025 	0.064 	
-17.969 	-19.186 	14.947 	-0.034 	-0.013 	0.023 	
225.191 	-99.597 	11.608 	-0.016 	-0.037 	-0.024 	
18.481 	-24.858 	13.715 	-0.047 	0.068 	0.071 	
47.463 	-6.495 	22.416 	-0.127 	-0.086 	-0.052 	
58.651 	8.105 	33.067 	-0.118 	-0.007 	-0.119 	
217.680 	-106.986 	14.079 	-0.027 	-0.077 	-0.063 	
-39.072 	-98.081 	40.231 	-0.087 	0.008 	-0.049 	
265.075 	-88.701 	14.696 	0.051 	-0.107 	0.025 	
10.019 	-51.127 	-18.949 	-0.021 	-0.064 	-0.093 	
187.918 	0.911 	-0.399 	-0.049 	-0.032 	0.002 	
224.824 	61.772 	48.743 	0.001 	0.001 	-0.003 	
170.162 	35.608 	41.061 	-0.107 	0.018 	-0.070 	
-21.741 	-4.290 	-6.937 	-0.088 	0.070 	0.194 	
78.471 	-13.012 	42.170 	-0.085 	-0.137 	-0.113 	
59.338 	-14.881 	4.295 	-0.223 	0.110 	-0.043 	
206.423 	-163.511 	54.275 	-0.026 	-0.102 	0.014 	
20.780 	45.599 	24.253 	-0.116 	-0.078 	-0.036 	
88.414 	-64.031 	-59.775 	-0.163 	0.060 	0.009 	
-31.230 	8.758 	61.446 	-0.166 	-0.049 	0.022 	
172.499 	-28.104 	23.449 	-0.126 	0.087 	0.021 	
49.950 	23.507 	56.427 	-0.203 	-0.087 	-0.097 	
27.535 	45.482 	109.095 	-0.075 	-0.033 	0.002 	
210.208 	28.388 	84.632 	-0.038 	0.059 	0.014 	
44.316 	-49.447 	-4.420 	-0.065 	-0.198 	-0.003 	
243.451 	100.946 	51.733 	-0.016 	0.070 	0.010 	
54.245 	78.812 	35.544 	-0.080 	-0.060 	-0.048 	
-26.255 	-68.573 	-7.758 	-0.102 	0.047 	-0.089 	
229.607 	45.767 	-77.466 	0.000 	0.077 	-0.037 	
91.022 	-19.214 	95.277 	-0.098 	0.030 	-0.023 	
28.897 	-3.422 	-25.094 	-0.084 	-0.156 	-0.014 	
248.050 	-75.162 	-50.129 	-0.016 	0.009 	0.010 	
-50.725 	-204.415 	627.086 	-0.165 	-0.179 	0.629 	
-57.695 	-17.099 	38.800 	-0.114 	-0.013 	-0.002 	
108.513 	-25.603 	18.427 	-0.105 	-0.059 	0.190 	
14.292 	-47.312 	58.468 	-0.083 	0.066 	-0.090 	
56.902 	-46.951 	61.576 	-0.115 	-0.040 	0.098 	
162.427 	-14.480 	63.478 	-0.062 	0.028 	-0.043 	
43.495 	6.967 	41.951 	-0.171 	0.011 	0.038 	
43.628 	-46.000 	13.096 	-0.035 	-0.095 	0.026 	
170.333 	48.530 	-55.442 	-0.068 	-0.025 	-0.014 	
52.762 	-34.581 	34.049 	-0.098 	0.011 	-0.148 	
19.312 	-8.303 	0.375 	-0.175 	0.161 	0.016 	
114.118 	-35.544 	-4.948 	-0.059 	-0.061 	0.154 	
41.007 	-27.038 	1.577 	-0.052 	-0.050 	-0.061 	
58.071 	4.395 	40.430 	-0.203 	0.007 	-0.144 	
-3.706 	3.129 	-33.536 	-0.043 	-0.133 	0.005 	
90.795 	-20.822 	47.963 	-0.094 	0.021 	-0.107 	
186.116 	-81.955 	-5.328 	-0.019 	-0.016 	0.008 	
86.171 	-100.582 	61.664 	-0.074 	0.014 	-0.015 	
189.834 	-8.798 	35.742 	-0.065 	0.017 	0.016 	
-30.224 	-12.474 	20.687 	-0.038 	0.105 	-0.101 	
-5.273 	-16.891 	30.678 	-0.137 	0.029 	0.018 	
188.514 	-76.308 	64.785 	-0.031 	0.019 	0.049 	
32.788 	-61.230 	-119.029 	-0.108 	-0.020 	-0.009 	
111.992 	-13.486 	47.457 	-0.180 	-0.004 	-0.039 	
65.091 	-3.332 	-37.851 	-0.210 	-0.018 	0.054 	
48.834 	-11.599 	24.689 	-0.258 	-0.030 	-0.100 	
160.981 	-96.535 	49.907 	-0.066 	-0.010 	0.104 	
62.806 	-17.227 	18.077 	-0.186 	0.060 	-0.113 	
17.557 	-13.420 	31.087 	-0.102 	0.053 	0.177 	
15.663 	6.398 	106.874 	-0.159 	-0.079 	-0.026 	
35.558 	-61.834 	32.041 	-0.127 	-0.040 	-0.110 	
95.580 	-15.006 	9.779 	-0.196 	-0.069 	-0.095 	
61.309 	-457.244 	-81.594 	-0.060 	-1.315 	-0.224 	
59.335 	19.022 	4.606 	-0.096 	-0.173 	-0.020 	
180.495 	35.425 	40.300 	-0.099 	-0.058 	0.041 	
-64.199 	-47.710 	1.710 	-0.046 	-0.008 	0.076 	
45.651 	-29.184 	0.240 	-0.140 	0.122 	0.090 	
252.670 	81.532 	76.157 	-0.002 	-0.017 	0.095 	
20.561 	-53.733 	-7.045 	-0.023 	0.112 	-0.050 	
-38.492 	11.014 	-5.024 	-0.022 	0.086 	0.119 	
125.564 	2.187 	117.518 	-0.085 	0.073 	-0.001 	
14.300 	-58.397 	-18.577 	-0.161 	0.068 	-0.019 	
-14.322 	30.474 	-6.150 	-0.056 	0.054 	0.082 	
158.441 	-2.293 	33.131 	-0.156 	-0.094 	0.040 	
20.805 	16.311 	-29.002 	-0.145 	-0.144 	-0.020 	
118.477 	-5.066 	43.744 	-0.146 	0.036 	-0.040 	
190.524 	-18.740 	25.163 	-0.063 	0.015 	-0.105 	
17.303 	-11.364 	10.457 	-0.200 	-0.177 	0.075 	
266.424 	39.197 	45.841 	0.052 	-0.033 	-0.036 	
5.323 	-48.775 	-3.930 	-0.095 	-0.096 	-0.120 	
64.926 	-17.958 	13.071 	-0.105 	0.157 	-0.001 	
92.817 	-17.949 	-31.211 	-0.200 	-0.072 	0.119 	
65.858 	-5.086 	36.961 	-0.103 	0.019 	0.059 	
