## Las primeras 500 lineas corresponden a la esfera 1 
##las siguienets 500 lineas a la esfera 2
## Las primeras tres columnas corresponden a la posición en 'x', 'y' y 'z', las siguientes tres a las velocidades
17.706 	1.573 	25.732 	0.200 	-0.055 	-0.110 	
154.999 	7.333 	8.854 	0.039 	-0.037 	0.022 	
141.239 	-33.905 	-2.532 	0.050 	-0.087 	-0.056 	
-404.508 	490.006 	-46.292 	-0.342 	0.407 	-0.073 	
143.470 	15.365 	12.895 	0.096 	-0.004 	-0.160 	
79.888 	-25.254 	-2.769 	-0.071 	0.010 	0.136 	
160.806 	-6.204 	-12.137 	0.011 	-0.013 	0.181 	
41.351 	20.617 	35.114 	0.180 	-0.022 	-0.145 	
43.635 	-37.897 	11.296 	0.137 	-0.011 	0.009 	
75.113 	-18.941 	3.980 	-0.015 	0.081 	-0.046 	
-59.711 	359.636 	-196.259 	-0.076 	0.394 	-0.211 	
107.557 	-9.635 	-9.826 	0.085 	-0.083 	-0.075 	
270.634 	-369.164 	253.654 	0.273 	-0.361 	0.258 	
138.595 	-7.882 	6.944 	-0.013 	-0.224 	-0.058 	
40.593 	-67.023 	30.140 	0.104 	0.084 	-0.010 	
63.373 	14.946 	13.843 	0.155 	-0.164 	-0.006 	
47.520 	-61.162 	40.851 	0.124 	0.094 	-0.025 	
66.589 	23.776 	-167.854 	0.055 	-0.071 	-0.045 	
51.899 	-28.911 	23.197 	0.243 	-0.145 	-0.033 	
28.696 	-19.291 	18.333 	0.067 	0.221 	0.125 	
103.222 	26.116 	54.915 	0.093 	0.050 	-0.168 	
156.641 	69.286 	65.145 	0.063 	-0.064 	-0.072 	
93.555 	28.956 	8.585 	0.139 	-0.125 	0.051 	
116.155 	0.142 	-4.068 	0.104 	-0.143 	0.123 	
147.114 	-4.827 	26.042 	0.048 	0.009 	0.101 	
160.189 	-16.445 	-8.960 	0.041 	0.011 	0.010 	
138.711 	-25.369 	16.462 	0.102 	-0.077 	-0.086 	
146.342 	-55.586 	27.735 	-0.015 	0.108 	-0.053 	
96.068 	-31.342 	-14.435 	0.125 	0.058 	0.024 	
120.001 	-2.897 	-19.358 	0.153 	0.017 	0.016 	
85.961 	10.725 	19.155 	0.118 	-0.044 	0.030 	
67.133 	-57.800 	-6.312 	0.051 	0.080 	0.005 	
91.674 	-5.216 	-0.225 	0.022 	0.090 	-0.078 	
162.477 	-40.126 	-16.485 	0.079 	0.041 	-0.010 	
147.962 	12.561 	7.912 	0.014 	0.115 	-0.089 	
57.600 	-48.497 	13.480 	-0.021 	0.064 	0.010 	
19.977 	23.389 	-96.644 	0.125 	0.028 	0.023 	
183.914 	25.109 	0.197 	0.123 	0.008 	0.041 	
44.269 	-17.143 	1.445 	0.237 	-0.099 	0.022 	
74.809 	-9.250 	-4.540 	0.093 	0.013 	0.024 	
107.107 	-76.985 	21.288 	0.068 	0.082 	0.030 	
110.695 	-11.676 	-20.533 	0.083 	-0.044 	0.075 	
140.572 	-13.671 	-7.375 	-0.087 	-0.083 	-0.032 	
-61.587 	-3.128 	59.871 	0.083 	0.030 	0.030 	
128.888 	-1.926 	-24.801 	-0.036 	0.115 	-0.190 	
89.066 	-28.414 	30.863 	0.106 	-0.130 	-0.128 	
229.778 	-53.182 	48.181 	0.027 	-0.007 	0.056 	
86.040 	-38.243 	34.523 	0.110 	-0.005 	-0.002 	
177.300 	-34.092 	17.187 	0.053 	0.150 	0.104 	
112.736 	-14.828 	-9.950 	0.037 	-0.198 	0.044 	
37.094 	-69.721 	-64.965 	0.128 	0.008 	0.083 	
45.101 	25.891 	-4.767 	0.136 	-0.037 	0.059 	
144.001 	-9.713 	35.004 	0.060 	0.179 	0.045 	
59.379 	-27.045 	8.100 	0.216 	0.009 	-0.009 	
70.525 	-18.565 	9.061 	0.144 	0.108 	-0.013 	
87.230 	-62.907 	40.386 	0.085 	0.142 	-0.056 	
87.468 	-54.695 	-57.991 	0.156 	-0.002 	0.113 	
125.061 	-26.764 	10.550 	0.108 	0.165 	0.163 	
-67.550 	129.946 	-12.125 	-0.003 	0.026 	0.025 	
131.247 	-41.362 	-39.516 	-0.012 	-0.033 	-0.120 	
-63.223 	-27.952 	35.898 	0.096 	-0.064 	0.001 	
122.958 	1.482 	29.181 	-0.033 	0.072 	-0.001 	
-21.360 	-5.677 	19.897 	0.173 	-0.085 	-0.010 	
162.448 	64.728 	14.963 	0.047 	-0.073 	0.043 	
10.941 	-191.661 	18.347 	-0.026 	-0.112 	0.001 	
157.581 	-8.422 	58.217 	-0.011 	0.059 	0.100 	
-144.147 	-343.416 	-271.126 	-0.186 	-0.301 	-0.247 	
-84.949 	134.336 	-63.761 	-0.000 	0.045 	-0.034 	
172.075 	-23.876 	27.381 	0.031 	0.035 	0.080 	
52.752 	-89.465 	24.392 	0.137 	0.014 	-0.117 	
100.133 	-63.732 	-1.483 	0.100 	0.069 	0.062 	
171.009 	-20.996 	13.000 	-0.043 	-0.097 	-0.056 	
-38.517 	135.271 	-18.867 	-0.001 	0.029 	0.041 	
60.511 	1.770 	37.353 	0.053 	0.040 	-0.064 	
20.702 	-45.620 	7.294 	0.206 	0.077 	-0.024 	
226.114 	-13.456 	-33.529 	0.080 	0.032 	0.122 	
29.677 	-11.368 	9.531 	0.173 	0.223 	0.009 	
177.471 	286.139 	491.685 	0.138 	0.204 	0.362 	
-1.998 	18.855 	-53.109 	0.036 	0.016 	0.109 	
72.295 	-28.470 	41.197 	0.153 	0.139 	-0.144 	
11.072 	-43.647 	-21.867 	0.141 	0.110 	0.016 	
28.704 	-9.721 	30.624 	0.122 	-0.060 	-0.105 	
204.647 	52.916 	44.483 	0.062 	-0.082 	-0.023 	
-53.852 	-186.220 	218.191 	-0.025 	-0.073 	0.126 	
129.205 	-13.989 	13.520 	0.015 	-0.064 	0.196 	
-109.392 	-49.996 	-114.336 	0.013 	0.001 	-0.009 	
117.866 	-23.315 	-59.068 	0.077 	0.076 	0.091 	
-67.647 	-30.185 	74.404 	0.062 	0.023 	0.005 	
91.001 	1.299 	-2.985 	0.148 	0.003 	-0.027 	
120.463 	12.072 	24.727 	0.087 	0.156 	-0.109 	
128.484 	59.806 	-1.824 	0.038 	-0.108 	-0.017 	
28.387 	76.079 	141.813 	0.073 	-0.014 	0.053 	
76.889 	-40.323 	43.965 	0.113 	0.186 	-0.054 	
46.042 	-155.596 	21.004 	0.108 	-0.009 	0.067 	
79.400 	-34.796 	9.278 	-0.023 	-0.076 	0.038 	
-106.838 	114.474 	-63.250 	0.024 	0.043 	0.019 	
157.471 	-26.227 	-5.661 	0.061 	0.078 	0.050 	
700.710 	-722.770 	-23.390 	0.615 	-0.670 	0.004 	
1088.984 	-1021.308 	-2134.986 	0.871 	-0.795 	-1.651 	
89.141 	4.542 	-1.047 	0.019 	0.183 	-0.034 	
71.418 	-58.873 	1.148 	0.094 	0.012 	-0.146 	
-25.844 	-12.076 	90.454 	0.059 	-0.014 	-0.047 	
85.194 	-39.162 	-0.341 	0.035 	0.185 	0.003 	
46.592 	13.897 	5.754 	0.140 	-0.161 	-0.110 	
1026.423 	-747.246 	626.071 	0.756 	-0.525 	0.451 	
-989.837 	1273.359 	2287.220 	-0.730 	0.971 	1.752 	
44.820 	-26.552 	5.408 	0.244 	-0.078 	0.039 	
56.096 	-41.952 	15.058 	0.056 	-0.103 	-0.005 	
128.464 	-42.804 	43.568 	-0.005 	0.170 	0.084 	
198.171 	-177.037 	61.823 	0.149 	-0.031 	0.075 	
70.886 	-44.696 	52.360 	0.101 	0.095 	-0.053 	
20.596 	-2.872 	-11.679 	0.183 	0.015 	-0.010 	
190.541 	-39.788 	16.334 	-0.013 	-0.102 	0.036 	
-128.160 	68.344 	3.576 	-0.028 	-0.026 	0.051 	
50.682 	-42.951 	-4.932 	0.100 	0.059 	-0.036 	
120.059 	-42.745 	6.519 	0.124 	-0.033 	-0.042 	
68.298 	-22.461 	53.794 	0.057 	0.116 	-0.001 	
-37.026 	-217.300 	84.056 	0.056 	-0.121 	0.007 	
115.977 	-115.547 	51.338 	0.052 	0.056 	0.085 	
-36.279 	-31.493 	27.011 	0.115 	0.017 	-0.031 	
54.352 	24.413 	127.620 	0.125 	-0.014 	-0.020 	
171.034 	-80.991 	57.695 	0.041 	0.056 	0.090 	
83.439 	-8.837 	37.090 	0.037 	-0.183 	0.017 	
62.120 	-14.929 	-8.352 	-0.025 	0.162 	-0.080 	
-8.415 	-37.991 	-2.020 	0.175 	0.046 	0.042 	
100.734 	-2.311 	39.537 	-0.142 	-0.034 	0.044 	
65.756 	-7.634 	55.814 	0.181 	-0.075 	-0.094 	
-29.945 	-42.086 	-44.768 	0.022 	-0.037 	0.075 	
59.565 	-35.571 	59.550 	0.132 	-0.087 	-0.102 	
98.467 	-27.469 	1.055 	0.098 	0.239 	0.060 	
48.461 	1.391 	-5.029 	0.214 	-0.089 	-0.014 	
-3.835 	2.306 	-43.473 	0.111 	-0.048 	0.085 	
35.476 	-27.671 	-1.128 	0.114 	0.137 	0.109 	
49.308 	-18.774 	5.886 	0.060 	-0.181 	0.202 	
64.913 	-2.614 	18.691 	0.055 	-0.074 	0.125 	
129.061 	-11.879 	-39.170 	0.122 	0.056 	0.129 	
56.221 	0.172 	-5.212 	0.036 	0.175 	0.106 	
127.834 	5.642 	-13.397 	0.128 	0.116 	-0.145 	
-630.218 	-225.120 	-436.189 	-5.695 	-1.675 	-3.368 	
-839.180 	689.263 	-425.094 	-0.558 	0.482 	-0.286 	
148.820 	0.981 	13.652 	0.093 	0.094 	-0.138 	
-12.073 	3.333 	49.059 	-0.391 	-0.046 	0.244 	
31.573 	-41.241 	-11.753 	0.170 	0.058 	-0.092 	
49.236 	14.872 	24.245 	0.124 	-0.050 	-0.153 	
42.065 	-22.918 	17.655 	0.177 	0.110 	0.005 	
139.922 	13.845 	-20.333 	-0.065 	0.121 	0.002 	
77.420 	28.908 	3.994 	0.113 	-0.053 	0.202 	
24.999 	-55.653 	-34.688 	0.152 	-0.024 	0.068 	
92.741 	-22.410 	10.440 	-0.036 	0.045 	0.247 	
125.434 	-16.721 	20.380 	0.116 	0.134 	-0.019 	
105.515 	19.374 	-24.758 	0.069 	0.068 	0.075 	
29.211 	-10.368 	24.455 	0.235 	-0.043 	-0.165 	
66.357 	-64.381 	-2.773 	0.045 	0.140 	-0.053 	
68.380 	-4.466 	16.728 	0.164 	-0.041 	0.167 	
49.908 	17.022 	20.590 	0.194 	-0.158 	0.067 	
-15.251 	-14.654 	36.392 	0.159 	0.018 	0.082 	
169.818 	-3.840 	-9.747 	-0.033 	0.053 	0.050 	
84.532 	8.518 	6.292 	0.114 	0.021 	-0.003 	
74.598 	-46.735 	42.864 	0.187 	0.049 	-0.277 	
76.028 	2.302 	-9.556 	0.005 	0.137 	-0.126 	
167.807 	-16.614 	-28.333 	0.097 	0.133 	-0.064 	
-11.133 	109.284 	-67.243 	0.097 	0.012 	-0.049 	
56.284 	10.903 	1.345 	0.123 	-0.089 	0.070 	
144.233 	-47.858 	40.564 	0.037 	-0.094 	-0.083 	
48.012 	6.553 	-24.005 	0.074 	-0.011 	0.161 	
21.983 	-31.849 	55.387 	0.147 	-0.044 	-0.162 	
41.432 	-18.126 	12.465 	0.214 	-0.163 	0.084 	
147.970 	-58.260 	55.205 	0.067 	0.109 	0.058 	
64.390 	-64.655 	53.158 	0.068 	0.054 	-0.084 	
59.878 	12.619 	19.801 	0.107 	0.064 	-0.002 	
27.196 	-34.411 	76.746 	0.134 	-0.050 	-0.114 	
142.752 	-58.781 	24.809 	0.043 	0.033 	0.079 	
27.062 	-23.383 	-24.267 	0.153 	0.068 	0.076 	
57.405 	-63.630 	28.487 	0.055 	0.120 	0.148 	
58.507 	-8.935 	8.522 	0.223 	-0.028 	0.024 	
-74.760 	-123.207 	-104.496 	-0.025 	-0.023 	0.014 	
73.332 	-11.735 	20.706 	0.157 	-0.059 	0.023 	
140.491 	-35.502 	-24.861 	0.042 	-0.181 	0.092 	
104.503 	23.689 	-24.385 	0.094 	0.091 	-0.237 	
124.364 	39.894 	51.669 	0.039 	-0.122 	-0.054 	
171.586 	23.575 	122.324 	0.072 	-0.026 	-0.013 	
18.835 	-13.303 	7.838 	0.164 	0.091 	0.151 	
136.629 	-69.672 	18.863 	-0.025 	-0.050 	0.049 	
-1.167 	-78.680 	50.618 	0.085 	0.016 	-0.052 	
51.443 	38.405 	-90.508 	0.119 	-0.034 	0.029 	
49.420 	-43.717 	-5.868 	0.254 	0.033 	0.039 	
-86.861 	-9.839 	163.315 	0.015 	0.060 	0.088 	
40.708 	-25.932 	27.132 	0.210 	-0.080 	-0.060 	
69.396 	36.424 	27.056 	0.138 	-0.101 	-0.047 	
9.749 	-57.782 	-51.423 	0.146 	0.044 	0.087 	
135.110 	-24.379 	84.971 	0.020 	-0.003 	0.113 	
172.104 	-44.166 	5.133 	0.017 	-0.055 	-0.058 	
102.317 	-3.756 	13.440 	0.025 	0.094 	-0.045 	
-24.702 	47.744 	-24.546 	0.118 	-0.041 	0.066 	
-40.628 	-31.797 	11.084 	0.109 	-0.007 	0.008 	
104.419 	1.680 	19.418 	0.101 	0.029 	0.145 	
211.266 	-33.739 	37.497 	0.920 	0.117 	0.185 	
92.907 	1.350 	6.597 	0.017 	-0.097 	-0.197 	
139.638 	-15.974 	14.928 	0.080 	-0.199 	-0.157 	
164.113 	-17.034 	44.265 	0.081 	-0.045 	-0.024 	
92.482 	-55.194 	-0.886 	0.165 	0.073 	-0.073 	
134.624 	-11.831 	17.412 	0.150 	-0.156 	0.000 	
136.075 	-3.199 	40.592 	0.135 	-0.035 	0.013 	
29.794 	-31.995 	-6.013 	0.182 	0.053 	0.096 	
68.995 	-4.992 	-3.978 	0.172 	-0.048 	0.203 	
15.195 	-67.261 	9.351 	0.187 	0.077 	-0.101 	
124.824 	-9.757 	44.627 	-0.016 	0.125 	-0.017 	
64.296 	-24.808 	31.281 	0.175 	0.072 	-0.110 	
148.468 	34.728 	-0.709 	-0.011 	-0.016 	-0.003 	
104.020 	-4.756 	26.046 	0.194 	-0.155 	-0.005 	
108.022 	25.194 	0.095 	0.138 	-0.044 	-0.107 	
241.705 	-76.671 	97.264 	0.162 	-0.072 	0.035 	
46.377 	-48.170 	27.152 	0.226 	-0.010 	0.001 	
180.034 	-28.152 	52.305 	0.028 	-0.041 	0.070 	
91.477 	27.248 	-4.925 	0.155 	-0.169 	-0.069 	
-17.341 	-35.664 	38.605 	0.169 	0.033 	0.040 	
86.564 	9.836 	-155.368 	0.075 	-0.051 	-0.042 	
-60.521 	27.580 	31.312 	0.022 	-0.089 	-0.021 	
-29.007 	28.051 	-77.219 	0.064 	-0.077 	-0.041 	
62.444 	-0.913 	-16.313 	0.132 	0.048 	0.081 	
79.915 	-92.402 	-15.245 	0.062 	0.080 	0.059 	
141.959 	-18.538 	64.090 	-0.048 	0.118 	0.045 	
-0.884 	-32.892 	-28.506 	0.132 	0.082 	0.067 	
4.687 	-16.399 	4.840 	0.177 	-0.041 	-0.091 	
33.474 	-21.369 	-18.466 	0.066 	0.019 	0.129 	
-48.956 	84.455 	18.697 	0.091 	-0.023 	0.023 	
87.074 	2.448 	8.696 	0.206 	-0.110 	0.088 	
77.598 	-5.361 	24.107 	0.067 	-0.076 	0.171 	
72.325 	-16.876 	0.742 	0.138 	-0.177 	0.044 	
21.354 	-65.752 	24.415 	0.202 	-0.033 	-0.062 	
24.430 	-54.138 	31.125 	0.089 	-0.019 	-0.160 	
47.209 	-34.082 	35.884 	0.157 	-0.181 	-0.042 	
26.308 	-35.558 	45.103 	0.179 	0.058 	-0.017 	
41.619 	32.305 	13.452 	0.161 	-0.157 	0.043 	
29.345 	45.319 	-1.360 	0.053 	-0.134 	0.050 	
0.519 	-26.361 	18.045 	0.174 	0.039 	-0.124 	
143.416 	-10.517 	7.266 	0.111 	-0.021 	0.007 	
156.681 	-60.373 	-36.906 	0.046 	0.050 	0.066 	
202.943 	-20.351 	40.496 	0.035 	-0.017 	-0.066 	
183.034 	135.948 	-50.086 	0.078 	0.022 	0.041 	
70.496 	-9.202 	31.806 	0.130 	-0.280 	0.145 	
116.116 	-35.690 	13.770 	0.151 	-0.108 	-0.053 	
136.746 	16.823 	-23.599 	0.102 	-0.021 	0.145 	
-37.574 	167.559 	48.277 	0.059 	0.072 	0.043 	
122.292 	29.417 	3.222 	0.042 	0.045 	0.098 	
75.902 	-14.674 	38.150 	0.119 	0.083 	0.002 	
39.933 	-26.771 	1.520 	0.211 	0.081 	-0.078 	
142.523 	25.796 	-20.333 	0.014 	0.100 	0.059 	
184.634 	-29.114 	75.858 	0.025 	0.069 	0.124 	
237.333 	-9.338 	35.518 	0.084 	-0.003 	0.065 	
382.078 	210.207 	90.185 	0.347 	0.227 	0.077 	
57.538 	17.674 	-1.060 	0.188 	-0.173 	0.112 	
33.982 	2.330 	1.031 	0.125 	-0.083 	-0.088 	
-17.149 	-60.042 	194.185 	0.075 	-0.006 	0.105 	
111.810 	22.918 	39.925 	0.077 	0.026 	-0.176 	
-36.440 	-67.301 	89.092 	0.039 	-0.063 	-0.028 	
116.048 	22.918 	-41.035 	0.027 	-0.130 	0.075 	
139.950 	16.356 	-80.415 	0.146 	0.005 	0.085 	
420.237 	205.500 	-278.267 	0.356 	0.217 	-0.218 	
39.473 	-36.252 	-17.563 	0.202 	-0.004 	0.095 	
53.578 	-24.578 	22.862 	0.256 	-0.108 	-0.082 	
123.101 	-17.319 	50.566 	-0.024 	0.168 	0.047 	
3.801 	-55.660 	43.624 	0.142 	-0.079 	-0.026 	
75.921 	-5.758 	-5.246 	0.109 	0.121 	-0.054 	
140.384 	-21.027 	-75.637 	0.045 	0.042 	0.062 	
150.993 	15.631 	44.184 	0.077 	-0.175 	0.057 	
-32.124 	-135.880 	-0.586 	0.058 	-0.026 	-0.083 	
-224.269 	-73.588 	-18.707 	-0.733 	-0.068 	-0.026 	
179.947 	9.402 	140.074 	0.105 	0.050 	-0.009 	
40.936 	-57.440 	-73.746 	0.113 	0.053 	0.007 	
108.290 	12.059 	50.284 	-0.053 	0.077 	0.032 	
121.703 	-30.315 	-25.511 	0.039 	0.110 	0.064 	
71.320 	0.283 	34.993 	0.044 	0.160 	-0.012 	
69.086 	-7.353 	29.082 	-0.002 	-0.102 	-0.122 	
153.487 	10.432 	9.464 	0.012 	-0.004 	0.200 	
95.676 	-27.852 	0.938 	0.130 	-0.082 	-0.051 	
159.271 	-16.911 	18.514 	0.002 	0.089 	-0.007 	
95.303 	1.350 	29.276 	0.541 	-0.073 	0.064 	
-52.537 	79.936 	-37.835 	0.077 	0.013 	0.037 	
109.128 	-38.957 	30.131 	0.041 	0.115 	-0.118 	
72.117 	-13.404 	28.647 	-0.010 	-0.235 	-0.105 	
52.342 	-6.511 	0.479 	0.098 	-0.213 	0.160 	
-244.752 	-110.280 	-534.927 	-0.194 	-0.103 	-0.431 	
141.891 	-18.636 	14.995 	0.073 	0.043 	0.210 	
126.414 	-14.612 	-180.769 	0.078 	-0.029 	-0.055 	
84.814 	12.715 	36.482 	0.063 	0.020 	-0.074 	
44.880 	3.099 	2.169 	0.066 	-0.045 	0.285 	
107.833 	16.801 	1.671 	-0.064 	0.124 	-0.060 	
99.316 	-18.458 	-9.479 	0.065 	-0.058 	0.043 	
68.354 	71.642 	-169.389 	0.023 	-0.000 	-0.058 	
152.451 	-13.267 	24.348 	0.042 	-0.059 	-0.187 	
142.074 	-16.268 	5.528 	0.119 	-0.107 	-0.069 	
11.084 	-33.334 	-21.188 	0.212 	-0.048 	-0.004 	
43.907 	-12.814 	12.035 	0.099 	0.129 	0.122 	
85.272 	-4.680 	17.308 	0.072 	0.028 	0.211 	
46.002 	-17.044 	23.275 	0.142 	0.032 	0.114 	
232.787 	11.142 	31.893 	0.161 	-0.096 	0.006 	
-58.831 	-30.755 	-3.183 	0.111 	0.033 	-0.044 	
105.185 	-19.677 	3.957 	0.048 	-0.028 	0.060 	
141.493 	-35.713 	-24.695 	0.106 	-0.022 	-0.004 	
46.524 	-44.352 	1.846 	0.086 	0.079 	-0.030 	
144.123 	-17.866 	1.639 	0.034 	0.137 	0.119 	
173.204 	-16.412 	-7.618 	0.079 	0.012 	-0.049 	
164.822 	-2.425 	-5.419 	0.052 	-0.058 	-0.112 	
48.168 	-26.159 	5.405 	0.223 	0.035 	0.063 	
11.808 	-6.325 	38.014 	0.155 	-0.028 	0.139 	
33.887 	-92.148 	0.898 	0.048 	0.085 	0.028 	
116.630 	-58.981 	49.613 	0.013 	0.140 	0.099 	
86.364 	-34.969 	36.082 	0.027 	-0.033 	-0.113 	
128.367 	-26.586 	26.244 	-0.029 	-0.159 	-0.146 	
40.992 	-30.573 	17.755 	0.163 	0.086 	-0.032 	
127.086 	-43.053 	-8.783 	0.127 	0.046 	0.059 	
-42.661 	-3.375 	102.196 	0.034 	0.040 	-0.039 	
18.733 	7.402 	119.871 	0.118 	0.045 	-0.013 	
-116.552 	-321.761 	245.791 	-0.190 	-0.300 	0.310 	
-113.620 	113.994 	-48.782 	-0.009 	0.035 	0.026 	
77.269 	-86.215 	-69.574 	0.129 	0.035 	0.061 	
-128.904 	84.921 	169.256 	-0.014 	0.011 	0.074 	
129.447 	-14.024 	25.786 	-0.009 	0.027 	-0.015 	
146.204 	-2.076 	15.133 	-0.014 	0.082 	0.029 	
116.782 	-42.324 	-47.315 	0.125 	0.118 	0.059 	
181.170 	-15.846 	-22.838 	0.049 	0.048 	0.142 	
99.828 	9.654 	-20.973 	0.155 	-0.162 	0.088 	
54.111 	-25.619 	23.294 	0.149 	0.100 	0.104 	
176.849 	2.473 	14.061 	0.067 	0.067 	-0.021 	
12.543 	-55.612 	32.544 	0.131 	0.125 	0.048 	
128.162 	-44.530 	12.167 	0.136 	-0.094 	-0.023 	
47.576 	9.501 	78.789 	0.150 	-0.020 	-0.059 	
-37.981 	-24.588 	4.925 	0.151 	0.023 	-0.089 	
-169.034 	784.498 	63.832 	-0.194 	0.725 	0.084 	
-5.285 	15.442 	138.900 	0.066 	-0.082 	0.038 	
103.804 	-20.792 	40.791 	0.028 	-0.068 	0.139 	
58.896 	-37.952 	33.612 	0.135 	0.145 	0.065 	
-24.126 	-184.691 	-99.838 	0.052 	-0.088 	-0.043 	
67.444 	-24.211 	12.388 	0.014 	0.177 	-0.168 	
-65.772 	7.061 	10.824 	0.106 	-0.023 	0.031 	
83.451 	-21.848 	41.314 	-0.038 	0.107 	0.066 	
84.857 	-11.920 	29.728 	-0.027 	0.151 	0.030 	
30.457 	-32.424 	-3.596 	0.080 	-0.025 	0.169 	
121.523 	-25.757 	1.352 	-0.045 	-0.055 	-0.020 	
21.816 	-31.675 	54.893 	0.140 	0.011 	-0.030 	
172.950 	-32.338 	30.011 	0.073 	0.187 	0.010 	
24.643 	-22.692 	-14.528 	0.174 	-0.044 	0.099 	
45.391 	-4.020 	44.602 	0.190 	-0.127 	-0.008 	
28.748 	-55.347 	13.465 	0.148 	-0.028 	0.006 	
203.523 	-4.788 	49.579 	0.088 	0.010 	0.068 	
27.776 	54.579 	97.860 	0.077 	-0.034 	-0.022 	
40.791 	-25.610 	25.405 	0.059 	-0.059 	-0.098 	
129.496 	-10.746 	-12.901 	0.146 	-0.002 	-0.074 	
33.659 	-106.579 	27.784 	0.115 	0.071 	0.078 	
85.355 	1.291 	31.624 	0.069 	0.154 	0.010 	
71.851 	-13.306 	19.827 	-0.176 	-0.050 	-0.001 	
145.222 	-35.299 	14.801 	0.053 	-0.077 	0.066 	
35.658 	35.117 	26.306 	0.206 	-0.111 	0.037 	
-114.958 	-102.577 	7.421 	-0.013 	-0.043 	0.063 	
147.865 	17.753 	11.708 	0.110 	0.101 	-0.046 	
157.981 	-10.997 	25.596 	0.030 	-0.027 	0.038 	
-22.086 	-52.207 	-22.409 	0.114 	0.041 	-0.042 	
48.797 	84.936 	21.111 	0.131 	-0.034 	-0.050 	
34.547 	-41.230 	1.635 	0.172 	0.092 	-0.092 	
125.639 	-12.983 	-14.927 	0.113 	-0.025 	0.125 	
105.681 	-63.467 	4.089 	0.014 	-0.069 	-0.002 	
156.862 	-50.531 	17.935 	0.036 	-0.093 	-0.009 	
36.059 	30.100 	57.830 	0.152 	0.029 	-0.104 	
53.243 	-38.669 	20.622 	0.146 	0.096 	0.085 	
122.768 	-23.071 	7.564 	0.120 	-0.165 	-0.058 	
112.016 	-71.201 	-227.230 	0.079 	-0.064 	-0.107 	
50.238 	-54.504 	13.896 	0.093 	0.138 	0.169 	
100.510 	55.344 	59.497 	0.075 	-0.121 	0.031 	
89.527 	-51.179 	18.069 	0.063 	0.109 	0.134 	
65.640 	-53.245 	59.581 	0.117 	0.122 	-0.040 	
98.297 	-162.880 	88.575 	0.118 	-0.058 	0.037 	
178.293 	-32.121 	-30.120 	0.021 	0.048 	0.050 	
157.318 	-179.616 	-39.094 	0.127 	-0.175 	-0.026 	
53.494 	-28.233 	7.814 	0.187 	-0.063 	0.037 	
21.459 	-58.505 	15.627 	0.170 	0.017 	0.159 	
109.611 	-8.529 	21.790 	0.071 	-0.202 	0.066 	
103.804 	7.488 	16.348 	-0.135 	-0.017 	0.030 	
84.952 	-33.825 	21.807 	0.230 	0.021 	0.130 	
79.085 	-19.925 	15.611 	0.064 	-0.184 	-0.113 	
168.294 	22.507 	-44.526 	0.001 	0.083 	-0.042 	
82.328 	-75.812 	71.273 	0.064 	-0.023 	-0.102 	
133.337 	-9.418 	9.926 	0.079 	-0.057 	-0.085 	
220.425 	-5.840 	24.599 	0.053 	0.115 	0.058 	
99.086 	-13.448 	39.640 	0.073 	0.018 	0.027 	
-5.288 	-218.835 	34.639 	0.072 	-0.099 	0.027 	
-7.724 	-31.616 	-23.390 	0.147 	0.018 	-0.006 	
158.933 	-37.698 	-21.893 	0.060 	0.106 	0.058 	
21.130 	-72.407 	155.122 	0.096 	0.016 	0.075 	
112.382 	-39.662 	-8.607 	0.106 	-0.197 	0.022 	
127.786 	-25.934 	-1.058 	0.007 	0.011 	0.077 	
99.801 	-40.703 	53.349 	-0.019 	-0.108 	0.105 	
87.839 	-38.987 	101.651 	0.120 	0.058 	-0.064 	
61.596 	-8.147 	5.852 	0.203 	-0.113 	-0.016 	
177.443 	-62.636 	-13.301 	0.046 	-0.016 	-0.010 	
149.760 	-49.105 	25.659 	0.084 	-0.090 	-0.144 	
189.820 	-40.899 	12.192 	-0.045 	-0.119 	0.048 	
86.909 	-20.434 	15.614 	0.174 	-0.073 	-0.045 	
213.229 	-1.359 	20.417 	0.100 	-0.047 	0.146 	
44.014 	-31.727 	38.587 	0.248 	0.051 	0.037 	
91.725 	-38.258 	25.246 	0.043 	-0.061 	0.135 	
132.801 	27.897 	4.466 	-0.102 	0.049 	-0.033 	
84.437 	135.323 	248.886 	0.057 	0.086 	0.125 	
42.360 	-41.999 	28.361 	-0.227 	0.019 	-0.049 	
81.476 	-43.518 	-0.086 	0.111 	-0.139 	0.014 	
148.346 	25.880 	-38.991 	0.048 	0.079 	0.025 	
374.925 	-405.805 	-16.757 	0.271 	-0.317 	0.003 	
83.947 	8.014 	18.919 	0.070 	-0.083 	0.191 	
69.319 	46.108 	-57.557 	0.113 	-0.075 	0.066 	
95.056 	11.894 	10.409 	-0.068 	0.136 	0.010 	
160.517 	-18.295 	9.875 	0.041 	0.044 	-0.024 	
33.564 	6.684 	3.311 	0.095 	-0.203 	0.056 	
103.256 	37.136 	9.985 	0.078 	-0.074 	-0.146 	
138.630 	-9.445 	9.227 	-0.095 	-0.072 	-0.124 	
140.645 	3.504 	0.829 	0.001 	0.121 	0.014 	
86.248 	-50.792 	-30.802 	0.123 	0.096 	0.054 	
147.295 	-12.727 	19.365 	-0.067 	-0.104 	-0.057 	
109.501 	-367.567 	38.927 	0.125 	-0.316 	-0.015 	
-73.673 	79.046 	-44.112 	0.006 	-0.016 	-0.061 	
167.595 	-45.523 	-5.685 	0.099 	-0.107 	0.037 	
7.393 	57.007 	-49.674 	0.107 	-0.032 	0.023 	
185.970 	-116.325 	74.115 	0.122 	0.010 	-0.009 	
-36.986 	18.136 	75.214 	0.093 	0.050 	-0.059 	
78.698 	-29.010 	18.613 	0.130 	-0.021 	0.096 	
87.985 	8.933 	65.079 	0.122 	-0.137 	-0.080 	
34.258 	-163.394 	74.992 	0.116 	-0.036 	-0.019 	
105.359 	-5.983 	-2.458 	0.049 	0.020 	0.080 	
44.924 	-58.707 	28.949 	0.159 	0.056 	-0.126 	
-123.816 	-96.939 	-40.573 	-0.036 	-0.025 	0.059 	
-107.088 	35.758 	133.454 	0.002 	-0.032 	0.040 	
95.253 	-24.189 	-14.675 	-0.093 	-0.038 	-0.097 	
87.797 	-29.729 	19.904 	-0.008 	0.131 	-0.167 	
-23.857 	-37.421 	-45.795 	0.221 	0.115 	0.042 	
67.078 	-11.097 	21.010 	0.061 	0.131 	-0.083 	
158.020 	-2.179 	49.108 	0.049 	0.014 	0.031 	
49.689 	-31.024 	23.315 	0.124 	-0.192 	0.039 	
154.530 	-2.473 	-24.228 	0.063 	-0.045 	-0.094 	
123.830 	-50.300 	-8.819 	0.128 	-0.048 	-0.016 	
100.887 	-24.176 	18.600 	0.083 	-0.097 	0.037 	
137.577 	7.841 	26.125 	0.044 	0.047 	0.079 	
4.280 	15.753 	-84.541 	0.100 	0.010 	0.043 	
51.539 	-45.646 	35.148 	0.165 	0.146 	0.005 	
260.218 	541.002 	-1773.547 	0.265 	0.622 	-2.369 	
29.141 	-49.907 	5.478 	0.125 	-0.035 	0.158 	
39.759 	-6.057 	15.360 	0.151 	-0.113 	0.082 	
-129.138 	-49.139 	-97.354 	-0.054 	-0.059 	-0.003 	
100.192 	4.868 	8.912 	0.050 	0.024 	-0.200 	
66.032 	-9.869 	5.901 	-0.185 	-0.008 	0.074 	
131.464 	4.672 	-14.030 	0.107 	-0.047 	0.031 	
7.250 	-33.792 	-32.066 	0.184 	-0.027 	0.129 	
69.958 	-19.366 	8.660 	0.201 	-0.115 	0.144 	
160.369 	-39.025 	43.043 	-0.037 	-0.164 	0.094 	
65.316 	7.523 	33.802 	0.185 	-0.167 	0.061 	
168.687 	-22.946 	6.200 	-0.014 	0.065 	0.028 	
78.919 	26.917 	40.570 	0.055 	0.054 	0.085 	
128.458 	-31.736 	23.625 	0.090 	0.124 	0.039 	
161.961 	-14.243 	50.526 	0.040 	-0.118 	0.100 	
69.308 	-17.550 	34.664 	0.203 	-0.056 	0.026 	
129.820 	-16.981 	9.871 	0.078 	-0.082 	0.025 	
-2.059 	-42.453 	-46.290 	0.152 	0.068 	-0.007 	
78.733 	-40.579 	146.543 	0.123 	0.019 	-0.011 	
126.838 	-17.729 	-9.851 	0.032 	-0.025 	-0.165 	
159.801 	-15.271 	59.164 	0.070 	-0.026 	-0.057 	
27.253 	-14.112 	37.509 	0.158 	0.047 	0.097 	
-83.703 	-0.706 	-105.068 	0.036 	-0.050 	-0.036 	
139.516 	9.669 	-0.169 	0.125 	-0.195 	-0.012 	
-24.829 	20.726 	-73.449 	0.065 	-0.030 	0.051 	
232.514 	-16.040 	-62.206 	0.179 	-0.083 	-0.107 	
64.507 	-20.162 	8.510 	-0.030 	0.001 	-0.089 	
157.183 	50.397 	-14.422 	0.080 	-0.092 	0.061 	
63.668 	-16.233 	51.371 	0.079 	0.169 	0.085 	
161.983 	-6.641 	20.426 	-0.024 	0.021 	0.045 	
110.250 	-35.418 	-25.587 	0.128 	-0.064 	0.203 	
4.305 	-76.872 	-30.163 	0.069 	-0.062 	0.130 	
176.069 	5.316 	-16.857 	0.106 	0.027 	-0.011 	
-163.404 	44.004 	44.765 	-0.091 	-0.023 	0.042 	
45.298 	-3.710 	20.781 	0.138 	-0.036 	0.190 	
120.101 	-25.240 	28.356 	0.068 	-0.115 	0.081 	
238.180 	-52.777 	13.682 	0.050 	-0.054 	-0.033 	
153.511 	-4.270 	11.349 	0.091 	-0.032 	0.171 	
77.706 	-20.884 	-17.646 	0.101 	-0.092 	0.008 	
92.913 	-42.682 	52.716 	0.057 	0.122 	-0.124 	
157.716 	-62.754 	53.285 	0.045 	-0.136 	0.118 	
63.931 	1.444 	37.555 	0.026 	-0.225 	0.074 	
22.169 	-185.041 	67.986 	0.086 	-0.067 	-0.009 	
121.342 	-6.586 	29.316 	-0.042 	-0.093 	0.038 	
77.223 	43.629 	66.866 	0.163 	-0.087 	-0.057 	
589.605 	169.462 	216.999 	0.577 	0.236 	0.258 	
117.631 	-38.299 	79.299 	0.093 	-0.046 	-0.062 	
35.391 	-23.916 	39.253 	0.048 	-0.103 	0.114 	
74.310 	-40.262 	49.893 	-0.006 	0.081 	0.094 	
144.281 	-42.018 	41.669 	-0.004 	-0.015 	0.014 	
225.093 	-66.144 	-9.374 	0.105 	0.068 	0.063 	
96.364 	0.005 	21.016 	-0.019 	0.025 	0.186 	
11.017 	-24.431 	56.431 	0.101 	-0.015 	-0.108 	
127.402 	-17.546 	14.847 	0.181 	-0.162 	0.020 	
91.918 	-53.158 	-26.949 	0.101 	0.109 	0.126 	
66.932 	12.807 	-8.785 	0.057 	-0.201 	0.036 	
-44.991 	-29.369 	20.193 	0.111 	0.040 	-0.031 	
110.678 	-0.281 	-0.733 	0.095 	-0.002 	-0.196 	
54.791 	-0.581 	-11.117 	-0.128 	0.001 	0.133 	
138.346 	-169.162 	225.011 	-0.034 	-0.110 	0.215 	
34.893 	-6.657 	52.160 	-0.035 	-0.084 	-0.001 	
-5.568 	0.862 	85.450 	-0.050 	0.044 	-0.095 	
-6.497 	-24.427 	39.458 	-0.156 	0.119 	0.113 	
15.449 	-0.920 	3.538 	-0.010 	-0.046 	-0.006 	
100.118 	-61.201 	-2.175 	-0.157 	0.093 	0.097 	
96.901 	-13.641 	111.926 	-0.155 	0.007 	-0.033 	
-23.695 	-23.359 	36.639 	-0.004 	-0.081 	-0.038 	
106.473 	-28.432 	-83.121 	-0.135 	-0.029 	0.077 	
140.275 	39.052 	-57.464 	-0.098 	-0.047 	0.034 	
20.812 	-46.578 	-6.048 	-0.203 	0.129 	-0.103 	
-13.123 	-32.118 	-25.029 	-0.114 	0.019 	0.082 	
-41.454 	-10.568 	-5.280 	-0.128 	0.103 	-0.015 	
76.549 	-22.606 	-18.265 	-0.201 	-0.129 	0.018 	
31.723 	-13.684 	-5.624 	-0.035 	-0.171 	0.166 	
44.670 	-22.531 	-9.059 	-0.193 	-0.131 	-0.026 	
-26.957 	-8.073 	8.723 	-0.055 	-0.093 	0.018 	
74.347 	-25.669 	62.328 	-0.092 	-0.099 	-0.146 	
140.667 	-37.122 	-25.557 	-0.159 	0.094 	0.051 	
-4.867 	-21.097 	24.400 	-0.083 	0.011 	0.063 	
56.037 	-44.078 	63.322 	-0.066 	-0.007 	0.068 	
97.484 	-40.150 	0.718 	-0.121 	-0.105 	-0.120 	
69.245 	53.720 	-68.050 	-0.153 	-0.060 	0.012 	
8.897 	-27.085 	20.853 	0.091 	0.043 	-0.052 	
51.106 	0.904 	52.393 	-0.168 	-0.093 	-0.167 	
57.375 	7.599 	19.854 	-0.225 	0.061 	-0.080 	
15.869 	-10.647 	22.567 	-0.054 	0.153 	-0.214 	
-19.650 	-46.081 	32.679 	0.040 	-0.077 	0.014 	
59.212 	-16.048 	35.079 	-0.128 	0.105 	0.002 	
172.617 	-46.492 	42.251 	-0.092 	-0.030 	-0.016 	
-6.189 	85.998 	25.354 	-0.042 	-0.064 	-0.013 	
-108.336 	-0.995 	-120.788 	-0.180 	-0.052 	0.002 	
120.738 	1.846 	-24.767 	-0.180 	-0.083 	-0.052 	
97.666 	12.273 	21.860 	-0.212 	-0.039 	-0.136 	
98.840 	63.655 	1.748 	-0.096 	-0.083 	-0.034 	
-0.227 	-48.144 	25.743 	-0.056 	-0.085 	-0.033 	
22.826 	-34.911 	-0.940 	-0.071 	0.146 	-0.105 	
-20.080 	-55.892 	60.010 	-0.062 	0.038 	0.046 	
242.750 	58.557 	30.173 	-0.038 	-0.012 	0.085 	
30.608 	17.669 	26.015 	-0.041 	-0.040 	0.185 	
33.616 	-0.234 	33.053 	-0.015 	-0.183 	0.120 	
78.608 	-7.671 	12.065 	-0.233 	0.117 	0.121 	
10.304 	20.904 	34.186 	-0.023 	-0.174 	0.092 	
-7.599 	3.255 	31.887 	-0.088 	-0.184 	0.026 	
194.403 	93.546 	35.772 	-0.087 	0.026 	0.077 	
92.708 	34.710 	-50.272 	-0.166 	-0.006 	0.074 	
40.288 	-116.737 	41.003 	-0.120 	0.021 	0.097 	
104.057 	-46.662 	-6.410 	-0.057 	-0.050 	-0.024 	
-5.587 	-8.897 	7.611 	-0.176 	0.037 	-0.042 	
28.574 	-11.691 	18.206 	-0.136 	-0.144 	0.100 	
90.024 	-44.095 	1.399 	-0.256 	-0.034 	0.041 	
249.548 	-193.114 	96.147 	0.040 	-0.145 	0.085 	
36.083 	-46.298 	24.967 	-0.100 	-0.001 	-0.064 	
19.546 	-21.617 	9.245 	-0.007 	-0.117 	0.149 	
18.963 	115.998 	143.509 	-0.076 	0.002 	0.054 	
-31.701 	-30.190 	2.128 	-0.032 	0.085 	0.023 	
49.924 	12.616 	24.339 	-0.135 	-0.112 	0.012 	
88.824 	-28.163 	30.517 	-0.095 	0.137 	0.071 	
17.840 	16.434 	-29.183 	-0.143 	-0.058 	0.076 	
114.594 	19.626 	33.373 	-0.118 	-0.022 	-0.118 	
61.210 	14.255 	7.420 	-0.175 	-0.006 	0.096 	
200.985 	-9.713 	-73.326 	-0.064 	-0.030 	-0.012 	
83.188 	-9.862 	-96.879 	-0.126 	0.029 	0.069 	
50.312 	31.330 	34.429 	-0.070 	-0.034 	0.037 	
10.881 	-17.535 	8.025 	-0.161 	0.047 	0.081 	
15.209 	-11.885 	15.511 	-0.099 	0.056 	-0.221 	
165.171 	57.585 	42.412 	-0.102 	-0.004 	-0.057 	
852.492 	201.252 	462.594 	5.490 	1.541 	3.410 	
29.811 	-18.890 	23.717 	-0.235 	0.130 	0.157 	
-13.694 	-2.288 	57.941 	-0.096 	0.009 	0.101 	
9.228 	-11.142 	2.033 	-0.072 	-0.104 	-0.013 	
-1.481 	-11.305 	11.960 	-0.102 	0.058 	0.048 	
168.493 	-73.918 	-57.675 	-0.085 	0.003 	0.019 	
23.530 	-0.204 	29.484 	-0.090 	0.012 	0.094 	
-7.347 	-9.265 	-2.142 	0.020 	-0.037 	0.035 	
104.581 	54.342 	-39.087 	-0.056 	-0.066 	0.100 	
-34.820 	-5.258 	-29.412 	-0.036 	-0.129 	0.031 	
-27.765 	-13.239 	35.325 	-0.065 	-0.207 	-0.029 	
24.912 	17.976 	28.274 	0.119 	0.069 	0.227 	
233.615 	-40.434 	39.946 	-0.058 	0.031 	0.077 	
9.801 	28.927 	19.472 	-0.148 	-0.202 	-0.034 	
53.644 	-23.535 	34.665 	-0.192 	0.039 	-0.014 	
12.104 	-43.544 	19.065 	0.250 	0.013 	0.064 	
58.737 	35.866 	3.497 	-0.115 	-0.090 	-0.125 	
28.618 	-2.976 	57.780 	-0.042 	0.144 	-0.054 	
16.951 	-22.270 	39.202 	-0.007 	-0.019 	0.173 	
142.493 	-39.092 	39.171 	-0.183 	0.014 	0.031 	
162.276 	51.735 	-18.405 	-0.131 	-0.025 	-0.033 	
59.381 	-34.456 	-15.859 	-0.071 	-0.000 	0.074 	
81.885 	-44.307 	-21.136 	-0.096 	-0.005 	-0.092 	
-10.135 	82.236 	14.827 	-0.129 	-0.082 	-0.023 	
32.904 	1.124 	43.146 	-0.049 	0.113 	-0.115 	
28.820 	-2.149 	20.991 	-0.130 	0.014 	-0.210 	
328.065 	38.002 	-24.539 	0.153 	0.015 	-0.028 	
50.647 	3.477 	34.006 	0.006 	-0.062 	0.094 	
27.958 	-20.795 	40.109 	-0.107 	0.201 	-0.063 	
38.355 	-8.787 	-1.570 	-0.159 	-0.121 	0.211 	
24.140 	7.890 	5.890 	-0.220 	0.063 	-0.038 	
193.573 	-5.295 	48.978 	-0.100 	0.047 	0.041 	
34.846 	2.635 	-9.637 	-0.168 	0.015 	0.002 	
-5.843 	-14.020 	39.019 	-0.165 	0.026 	-0.006 	
77.098 	45.003 	15.432 	-0.110 	-0.107 	0.027 	
-60.216 	-4.957 	-11.125 	-0.056 	-0.129 	0.105 	
-3.298 	-7.021 	17.174 	0.115 	-0.026 	0.012 	
184.625 	-110.646 	94.258 	-0.067 	-0.018 	0.055 	
217.845 	-84.940 	-56.106 	-0.036 	0.023 	0.043 	
156.000 	10.651 	-0.412 	-0.160 	-0.050 	-0.028 	
234.807 	-42.299 	-21.764 	-0.045 	-0.032 	0.054 	
98.843 	-41.080 	1.070 	-0.173 	-0.082 	-0.068 	
66.626 	-27.443 	-33.633 	-0.093 	-0.077 	-0.084 	
0.833 	-30.532 	-4.892 	-0.016 	-0.004 	-0.005 	
13.523 	-28.590 	45.612 	-0.165 	-0.053 	-0.076 	
16.564 	-21.376 	-0.883 	-0.095 	0.147 	0.114 	
-4.761 	-8.648 	4.201 	0.061 	-0.180 	0.138 	
23.315 	6.253 	56.093 	-0.116 	-0.044 	0.054 	
48.641 	-14.726 	-119.742 	-0.151 	-0.021 	0.026 	
71.316 	38.492 	-26.473 	-0.149 	-0.079 	0.097 	
4.094 	-61.678 	14.763 	-0.083 	0.115 	0.109 	
34.291 	-47.994 	4.131 	-0.155 	-0.134 	0.016 	
-32.116 	-7.494 	40.942 	-0.047 	-0.024 	0.022 	
11.510 	-20.703 	16.588 	-0.004 	-0.023 	-0.162 	
183.468 	-38.299 	16.718 	-0.117 	-0.061 	0.020 	
151.162 	41.330 	-63.141 	-0.057 	-0.013 	0.045 	
116.156 	-21.584 	11.867 	-0.187 	-0.152 	-0.062 	
58.595 	-65.793 	46.020 	-0.167 	0.156 	0.043 	
114.650 	8.386 	21.396 	-0.213 	-0.152 	0.004 	
57.750 	-19.005 	22.251 	-0.159 	-0.202 	-0.021 	
1.677 	-30.811 	62.495 	-0.070 	0.030 	0.097 	
27.755 	16.658 	34.132 	-0.137 	-0.095 	0.046 	
107.881 	25.276 	-2.056 	-0.173 	-0.127 	0.108 	
132.973 	28.080 	10.703 	-0.167 	-0.115 	0.017 	
47.313 	-11.198 	25.618 	-0.103 	-0.054 	-0.183 	
-23.800 	-51.875 	-1.046 	0.020 	-0.046 	0.018 	
196.096 	4.053 	-81.562 	-0.053 	0.043 	-0.018 	
21.741 	-35.416 	8.595 	-0.229 	-0.089 	-0.008 	
234.137 	90.512 	45.042 	-0.019 	0.004 	-0.029 	
-0.782 	-47.055 	-43.006 	-0.138 	-0.016 	0.162 	
76.628 	-43.216 	-10.084 	-0.115 	0.021 	-0.060 	
130.145 	-122.894 	-4.809 	-0.119 	-0.002 	0.039 	
-48.883 	-25.855 	-10.551 	-0.007 	0.026 	-0.044 	
34.670 	-15.887 	-14.685 	-0.203 	0.029 	-0.047 	
149.004 	-16.867 	-25.076 	-0.158 	0.058 	-0.001 	
-3.002 	-38.730 	-2.595 	-0.217 	0.070 	0.091 	
101.203 	0.154 	10.114 	-0.118 	0.016 	-0.189 	
84.005 	31.665 	16.655 	-0.189 	-0.030 	-0.013 	
-11.812 	-0.550 	24.894 	-0.021 	0.038 	-0.060 	
41.319 	-3.510 	-13.526 	-0.133 	-0.065 	-0.138 	
118.286 	-3.412 	-12.983 	-0.195 	-0.032 	0.066 	
145.637 	24.940 	61.910 	-0.151 	0.012 	-0.041 	
175.506 	79.525 	16.748 	-0.056 	0.002 	-0.069 	
0.730 	4.560 	47.165 	-0.099 	-0.144 	0.044 	
48.064 	-43.815 	45.102 	-0.122 	-0.056 	-0.104 	
73.987 	-38.046 	-2.855 	-0.170 	-0.112 	0.065 	
19.431 	-0.513 	19.427 	-0.036 	0.140 	0.099 	
168.140 	0.155 	49.794 	-0.139 	0.025 	-0.012 	
3.229 	-21.777 	-31.284 	-0.002 	-0.015 	0.002 	
18.812 	101.494 	150.804 	-0.051 	0.013 	0.048 	
196.091 	-17.361 	87.474 	-0.096 	0.047 	0.042 	
-15.140 	-12.772 	30.744 	-0.054 	-0.065 	-0.007 	
2.983 	-33.410 	-8.805 	-0.121 	-0.084 	-0.136 	
453.694 	50.719 	-784.983 	0.278 	0.060 	-0.632 	
-209.511 	-824.962 	-1274.333 	-1.525 	-7.108 	-11.197 	
156.830 	25.115 	-33.283 	-0.117 	-0.071 	0.002 	
5.875 	0.274 	-3.380 	0.017 	-0.107 	-0.053 	
28.014 	1.278 	31.115 	0.018 	-0.047 	-0.218 	
46.024 	-12.876 	-2.808 	-0.164 	-0.064 	-0.039 	
102.907 	-10.440 	31.351 	-0.221 	-0.091 	0.045 	
117.361 	-12.708 	-3.150 	-0.203 	0.109 	-0.026 	
38.838 	-31.570 	22.601 	-0.036 	-0.034 	-0.034 	
-0.056 	-57.875 	21.855 	-0.050 	-0.005 	-0.139 	
37.691 	29.193 	27.434 	-0.175 	-0.077 	-0.157 	
196.511 	-167.023 	-125.658 	-0.067 	-0.093 	-0.041 	
43.525 	-13.676 	8.947 	-0.235 	0.029 	-0.052 	
41.730 	4.854 	8.803 	-0.198 	-0.085 	0.212 	
82.017 	22.924 	2.197 	-0.095 	-0.061 	0.147 	
67.291 	-32.387 	13.331 	-0.262 	0.061 	-0.092 	
125.512 	48.769 	-54.703 	-0.141 	-0.056 	0.067 	
-31.103 	-45.536 	23.424 	-0.014 	-0.032 	0.056 	
-4.513 	-17.009 	30.536 	-0.024 	-0.091 	0.171 	
-0.292 	-35.583 	1.754 	-0.167 	0.017 	0.134 	
7.320 	-24.014 	37.662 	-0.025 	-0.014 	0.044 	
27.472 	-21.265 	-20.872 	-0.101 	0.076 	0.039 	
73.583 	-18.291 	17.615 	-0.284 	0.089 	0.126 	
59.448 	20.373 	-6.968 	-0.097 	-0.126 	-0.024 	
44.158 	-77.039 	81.473 	-0.149 	0.064 	0.005 	
226.924 	-29.748 	-70.383 	-0.024 	-0.014 	0.031 	
94.188 	-8.774 	43.403 	-0.202 	0.044 	-0.162 	
58.274 	24.968 	39.730 	-0.186 	0.051 	-0.076 	
109.356 	63.667 	3.120 	-0.168 	-0.001 	0.019 	
60.083 	10.654 	18.251 	-0.130 	-0.028 	0.079 	
14.355 	-11.531 	27.717 	0.054 	-0.160 	0.056 	
19.461 	28.080 	48.659 	-0.140 	-0.187 	0.030 	
111.880 	-17.239 	26.864 	-0.220 	-0.084 	-0.018 	
119.123 	-21.751 	8.149 	-0.145 	-0.111 	0.138 	
15.304 	-43.759 	-14.711 	0.008 	-0.120 	-0.047 	
35.505 	-46.727 	-25.561 	-0.089 	0.141 	-0.029 	
-22.164 	-33.606 	-2.028 	-0.103 	-0.000 	-0.173 	
52.557 	-62.248 	16.522 	-0.038 	-0.096 	0.022 	
-2.514 	-8.055 	16.084 	-0.047 	-0.016 	0.094 	
-2.262 	-45.480 	5.378 	-0.167 	0.014 	-0.016 	
-0.510 	-34.372 	12.513 	-0.095 	0.128 	0.015 	
48.258 	-21.788 	33.189 	-0.077 	-0.156 	-0.173 	
234.801 	-20.328 	-27.297 	-0.048 	-0.023 	0.013 	
187.804 	-28.207 	12.656 	-0.129 	-0.065 	-0.061 	
-40.028 	-50.083 	22.049 	-0.048 	0.137 	0.093 	
18.451 	-58.588 	-1.875 	-0.187 	0.193 	0.020 	
68.199 	-14.869 	22.972 	-0.206 	0.031 	0.033 	
-114.898 	9.240 	22.200 	-1.024 	0.623 	0.367 	
2.625 	11.816 	20.692 	0.007 	0.075 	-0.058 	
155.160 	-19.218 	-18.483 	-0.162 	-0.136 	-0.016 	
175.256 	-56.354 	-8.679 	-0.132 	0.065 	-0.029 	
145.801 	4.107 	12.300 	-0.208 	-0.009 	0.003 	
72.564 	-37.047 	39.842 	-0.099 	0.077 	0.139 	
-27.897 	-3.891 	34.565 	-0.073 	-0.074 	0.043 	
14.791 	-26.245 	8.574 	0.008 	0.100 	0.129 	
-0.566 	-4.105 	21.917 	0.035 	0.061 	-0.052 	
-23.164 	-10.012 	-7.091 	-0.068 	0.097 	-0.078 	
51.070 	-7.618 	0.084 	-0.084 	-0.201 	-0.067 	
94.435 	-17.796 	22.454 	-0.149 	-0.025 	-0.038 	
-81.590 	116.826 	-61.182 	-0.235 	0.082 	-0.061 	
52.912 	3.609 	38.293 	-0.149 	0.050 	-0.134 	
-44.017 	-36.185 	33.279 	-0.024 	-0.026 	-0.061 	
19.414 	-9.726 	33.143 	-0.019 	0.155 	-0.052 	
126.415 	-5.820 	0.964 	-0.171 	0.072 	0.060 	
29.705 	-32.970 	13.590 	-0.121 	0.028 	-0.215 	
29.437 	-5.363 	11.318 	0.006 	0.186 	-0.036 	
17.957 	-8.436 	15.548 	-0.198 	0.118 	-0.025 	
137.319 	-69.496 	71.387 	-0.104 	0.006 	-0.027 	
5.002 	-1.802 	6.901 	-0.113 	0.087 	-0.038 	
7.203 	-38.510 	-8.002 	0.003 	-0.116 	0.072 	
31.084 	-14.684 	-27.278 	-0.177 	-0.163 	0.105 	
30.273 	-7.888 	27.457 	-0.125 	0.008 	-0.230 	
40.433 	-36.948 	26.706 	0.014 	0.063 	-0.016 	
-28.612 	27.264 	-13.888 	-0.012 	-0.050 	-0.103 	
-2.068 	-41.897 	58.094 	-0.161 	-0.058 	0.005 	
37.604 	-26.071 	29.951 	-0.039 	0.036 	0.077 	
1.554 	-28.541 	-19.463 	0.013 	0.103 	0.033 	
160.301 	87.285 	0.783 	-0.107 	0.005 	-0.045 	
-38.054 	-47.555 	23.909 	0.007 	0.092 	-0.096 	
78.922 	-31.786 	-21.910 	-0.058 	-0.003 	-0.077 	
60.279 	-52.786 	90.314 	-0.162 	0.011 	-0.063 	
-0.722 	-6.892 	2.124 	-0.052 	-0.130 	-0.109 	
-14.753 	-47.963 	3.865 	-0.032 	-0.112 	-0.050 	
100.290 	-3.521 	57.291 	-0.089 	-0.140 	0.031 	
128.004 	19.460 	2.348 	-0.077 	-0.170 	0.013 	
38.978 	9.777 	32.953 	-0.087 	-0.139 	0.069 	
22.633 	23.604 	-41.579 	-0.137 	-0.128 	0.066 	
265.463 	-549.611 	389.600 	0.105 	-1.023 	0.720 	
9.506 	8.297 	-8.222 	0.004 	-0.117 	0.127 	
-26.748 	-114.369 	8.482 	-0.117 	0.042 	-0.098 	
8.718 	-24.815 	-27.036 	-0.025 	0.047 	0.071 	
9.112 	-49.708 	-7.541 	-0.023 	-0.032 	0.204 	
174.172 	34.775 	11.581 	-0.115 	0.023 	-0.016 	
160.766 	111.372 	113.726 	-0.069 	0.029 	0.037 	
64.164 	51.359 	-52.107 	-0.128 	0.054 	0.046 	
-22.773 	-31.448 	20.883 	-0.039 	0.000 	0.070 	
84.808 	-25.594 	-3.235 	-0.065 	-0.022 	-0.071 	
-3.473 	-3.699 	6.292 	-0.157 	-0.049 	-0.064 	
142.233 	4.436 	-4.269 	-0.165 	0.023 	0.036 	
-1.098 	19.968 	22.004 	-0.034 	0.076 	0.145 	
326.410 	-414.014 	-322.856 	0.266 	-0.445 	-0.396 	
-28.147 	-36.364 	13.490 	-0.185 	0.083 	0.011 	
60.300 	-114.065 	-26.171 	-0.171 	0.048 	0.005 	
38.503 	-36.211 	5.933 	-0.121 	0.182 	0.003 	
88.099 	-24.529 	-3.644 	-0.064 	-0.018 	-0.040 	
78.458 	21.686 	32.846 	-0.182 	-0.098 	-0.028 	
138.452 	-2.288 	94.321 	-0.109 	0.066 	0.009 	
124.206 	-0.399 	34.350 	-0.159 	-0.160 	-0.102 	
198.008 	-25.361 	-35.691 	-0.091 	0.033 	0.088 	
163.142 	-50.192 	-20.874 	-0.115 	-0.013 	0.047 	
154.038 	82.129 	-77.630 	-0.067 	0.044 	-0.025 	
128.477 	50.982 	8.020 	-0.175 	-0.017 	-0.042 	
181.576 	-8.384 	11.571 	-0.153 	-0.030 	0.079 	
7.091 	-28.360 	-22.942 	-0.083 	-0.053 	-0.079 	
43.594 	44.354 	31.618 	-0.002 	-0.019 	0.016 	
-7.566 	-63.761 	-45.825 	-0.090 	-0.085 	0.125 	
20.208 	73.066 	101.406 	-0.172 	-0.006 	-0.040 	
31.292 	33.932 	-12.092 	-0.061 	-0.131 	-0.071 	
34.103 	-142.700 	9.879 	-0.110 	0.019 	-0.040 	
7.710 	-50.363 	-0.033 	-0.002 	-0.061 	-0.071 	
-164.524 	-381.931 	1928.144 	-0.288 	-0.580 	2.450 	
36.850 	-16.065 	22.975 	-0.156 	-0.028 	0.064 	
0.988 	2.717 	-25.371 	-0.152 	0.018 	0.192 	
161.932 	-143.896 	115.682 	-0.099 	-0.052 	0.021 	
39.858 	-38.153 	17.762 	-0.018 	-0.183 	0.081 	
96.392 	-31.141 	-11.970 	-0.126 	0.039 	-0.118 	
36.188 	-67.199 	-49.151 	-0.036 	0.097 	0.076 	
5.991 	81.969 	85.555 	-0.151 	-0.075 	-0.001 	
119.415 	-9.070 	21.513 	-0.207 	0.003 	0.047 	
90.909 	-38.626 	35.902 	-0.149 	-0.031 	-0.194 	
54.720 	-30.303 	-27.716 	-0.064 	0.133 	-0.011 	
139.120 	7.744 	-55.077 	-0.113 	0.057 	0.058 	
169.431 	30.407 	-71.186 	-0.069 	-0.049 	-0.010 	
-2.645 	-33.702 	26.539 	-0.130 	-0.003 	0.010 	
51.961 	-10.313 	29.522 	-0.167 	-0.164 	0.066 	
6.337 	-9.068 	-22.531 	-0.075 	-0.029 	-0.088 	
34.841 	-27.332 	-9.919 	-0.075 	0.035 	-0.114 	
14.004 	2.358 	12.430 	0.074 	-0.090 	0.125 	
60.722 	-12.797 	17.560 	-0.111 	0.066 	0.170 	
-63.672 	-18.047 	-25.622 	-0.087 	0.049 	0.130 	
223.811 	86.788 	52.915 	-0.033 	0.010 	-0.018 	
41.796 	2.008 	36.073 	-0.014 	0.045 	0.021 	
130.465 	81.814 	-53.446 	-0.089 	-0.026 	0.034 	
113.426 	-13.703 	63.614 	-0.129 	-0.007 	-0.045 	
62.208 	-10.466 	2.114 	-0.175 	-0.183 	-0.005 	
8.683 	-35.630 	-19.698 	-0.032 	-0.016 	0.151 	
130.279 	-79.414 	-107.991 	-0.100 	-0.047 	0.017 	
65.974 	15.443 	9.310 	-0.068 	-0.212 	0.109 	
28.160 	78.124 	-259.546 	-0.069 	0.032 	-0.141 	
168.576 	-23.346 	15.995 	-0.110 	-0.048 	0.103 	
87.300 	5.171 	5.224 	-0.120 	-0.073 	0.196 	
152.416 	-16.510 	-9.250 	-0.163 	-0.018 	0.009 	
2.712 	-45.773 	28.512 	-0.058 	0.002 	-0.218 	
30.669 	-47.145 	-15.489 	-0.188 	-0.016 	-0.095 	
19.832 	-39.732 	48.916 	-0.090 	-0.103 	0.097 	
32.710 	-40.476 	10.952 	0.042 	-0.001 	-0.173 	
58.619 	-25.805 	-10.363 	-0.148 	0.113 	-0.068 	
10.511 	-26.003 	-7.367 	-0.114 	-0.085 	0.078 	
28.981 	165.044 	-34.097 	-0.119 	0.076 	-0.005 	
107.652 	-43.686 	-99.488 	-0.035 	0.037 	0.052 	
154.572 	4.571 	78.758 	-0.115 	-0.037 	0.060 	
149.789 	-16.225 	48.963 	-0.192 	-0.109 	-0.002 	
-289.580 	439.103 	269.925 	-0.468 	0.564 	0.305 	
217.811 	73.600 	-94.461 	-0.047 	0.050 	-0.014 	
156.861 	-24.187 	21.844 	-0.200 	0.090 	-0.021 	
183.182 	30.278 	0.737 	-0.131 	-0.005 	0.013 	
99.910 	-20.519 	-46.643 	-0.172 	0.037 	0.039 	
12.887 	17.392 	-11.195 	-0.068 	0.087 	0.118 	
212.685 	-14.734 	-84.925 	-0.024 	-0.086 	0.029 	
35.088 	32.414 	47.328 	-0.175 	-0.128 	-0.000 	
42.958 	3.288 	31.413 	-0.151 	0.099 	-0.068 	
57.695 	135.270 	-67.928 	-0.140 	0.013 	0.018 	
138.445 	-47.328 	-72.740 	-0.112 	0.013 	0.034 	
-21.343 	-32.301 	106.516 	-0.079 	-0.088 	-0.035 	
1.097 	-9.196 	-21.467 	0.023 	-0.091 	0.083 	
-24.059 	-28.761 	43.234 	-0.066 	0.017 	0.033 	
152.724 	89.033 	25.690 	-0.094 	-0.051 	0.041 	
27.420 	-42.057 	68.006 	-0.064 	0.066 	0.017 	
-20.015 	-102.136 	1.861 	-0.168 	0.047 	-0.066 	
7.970 	-24.414 	-27.426 	0.045 	0.143 	-0.058 	
107.314 	-36.619 	-35.538 	-0.160 	0.009 	0.097 	
28.324 	-21.222 	53.894 	-0.176 	0.152 	0.022 	
-24.431 	-43.589 	8.317 	-0.083 	-0.031 	0.080 	
-12.758 	-2.295 	56.092 	-0.064 	0.091 	-0.073 	
177.662 	29.537 	63.745 	-0.088 	0.013 	0.032 	
84.226 	9.057 	3.184 	-0.175 	-0.142 	0.112 	
36.064 	5.173 	36.223 	-0.070 	0.005 	-0.102 	
-5.863 	97.690 	-26.722 	-0.112 	-0.058 	-0.055 	
188.004 	-202.554 	27.662 	-0.066 	-0.117 	-0.013 	
117.783 	-60.491 	57.993 	-0.162 	0.076 	0.039 	
159.577 	24.010 	-47.482 	-0.141 	0.027 	-0.012 	
12.605 	-38.264 	36.871 	0.062 	-0.145 	0.007 	
160.083 	-10.678 	-43.548 	-0.098 	-0.060 	0.050 	
-41.131 	-35.557 	60.767 	-0.103 	-0.037 	0.038 	
103.731 	-20.153 	31.161 	-0.124 	-0.172 	-0.078 	
398.476 	479.274 	475.221 	0.156 	0.351 	0.368 	
69.995 	-47.301 	-11.739 	-0.077 	-0.099 	0.091 	
166.291 	642.370 	-416.120 	-0.072 	1.124 	-0.731 	
-8.092 	-8.953 	34.519 	-0.036 	-0.022 	-0.057 	
96.462 	-26.428 	2.791 	-0.107 	-0.188 	-0.032 	
99.154 	-36.716 	-23.365 	-0.104 	-0.017 	0.150 	
48.014 	-40.005 	43.201 	-0.005 	0.011 	0.022 	
137.823 	829.667 	1388.364 	1.431 	6.974 	11.464 	
28.732 	-30.279 	30.256 	-0.174 	0.181 	0.076 	
163.704 	-19.528 	-79.476 	-0.117 	0.054 	-0.017 	
-53.432 	-20.405 	37.138 	-0.079 	-0.091 	-0.093 	
74.136 	-65.147 	-88.743 	-0.160 	0.040 	0.036 	
165.169 	20.619 	-54.833 	-0.095 	0.043 	0.074 	
43.803 	12.579 	6.627 	-0.112 	-0.017 	0.110 	
40.962 	-24.156 	15.778 	-0.152 	0.185 	-0.013 	
57.514 	224.371 	28.446 	-0.126 	0.118 	-0.015 	
-26.595 	87.680 	-37.147 	-0.096 	-0.028 	0.035 	
15.199 	-42.868 	39.254 	-0.113 	0.070 	-0.001 	
73.640 	-34.087 	19.565 	-0.107 	0.019 	0.238 	
5.482 	-6.534 	-10.433 	-0.025 	-0.099 	-0.038 	
131.143 	11.681 	-90.706 	-0.069 	-0.036 	0.016 	
93.717 	-166.943 	-53.748 	-0.127 	-0.038 	0.018 	
128.685 	-28.742 	-12.975 	-0.158 	-0.111 	0.041 	
9.521 	-29.353 	14.208 	-0.119 	-0.183 	0.118 	
34.561 	-16.450 	11.388 	-0.191 	-0.052 	0.061 	
16.084 	-22.277 	14.977 	-0.132 	-0.024 	-0.107 	
35.880 	-43.712 	26.598 	-0.165 	-0.156 	-0.162 	
41.080 	-58.755 	44.095 	-0.086 	-0.035 	-0.022 	
8.145 	-82.085 	-0.684 	0.006 	-0.053 	-0.033 	
89.669 	0.446 	2.088 	-0.162 	-0.042 	0.193 	
-79.937 	179.539 	-7.214 	-0.158 	0.067 	0.048 	
63.269 	-23.278 	17.048 	-0.229 	0.040 	-0.032 	
99.121 	11.013 	33.903 	-0.197 	-0.101 	-0.066 	
166.808 	156.080 	-37.401 	-0.075 	0.055 	-0.000 	
27.361 	-31.067 	17.464 	-0.142 	-0.037 	-0.136 	
17.475 	-9.886 	-25.979 	-0.009 	-0.151 	0.051 	
-60.234 	838.474 	54.141 	-0.248 	1.415 	0.093 	
33.500 	-57.680 	-13.616 	-0.164 	0.094 	0.023 	
102.307 	-50.154 	17.916 	-0.154 	0.060 	-0.097 	
255.980 	77.784 	-37.125 	-0.031 	-0.021 	-0.002 	
75.460 	-57.347 	-18.735 	-0.155 	0.046 	0.131 	
37.930 	-35.977 	21.628 	-0.176 	0.235 	0.011 	
-9.520 	5.911 	24.647 	0.005 	-0.011 	-0.023 	
126.375 	-10.272 	66.831 	-0.129 	-0.045 	-0.050 	
-17.527 	51.511 	12.636 	-0.053 	0.092 	-0.015 	
33.899 	-1.359 	45.953 	-0.153 	0.059 	0.038 	
-36.287 	2.630 	44.372 	-0.035 	0.027 	0.026 	
-29.683 	-9.595 	3.536 	-0.050 	-0.062 	-0.168 	
42.142 	3.619 	-0.788 	-0.128 	0.132 	-0.137 	
252.942 	-42.730 	-1.235 	-0.032 	-0.065 	0.051 	
72.564 	24.367 	-72.034 	-0.104 	-0.070 	0.055 	
-4.593 	-47.490 	11.137 	-0.122 	0.024 	-0.052 	
86.866 	31.270 	-19.787 	-0.053 	-0.152 	0.090 	
-518.538 	-766.691 	-379.416 	-0.524 	-0.571 	-0.263 	
64.534 	18.043 	20.640 	-0.047 	0.019 	0.063 	
83.222 	11.968 	-28.704 	-0.167 	0.078 	0.107 	
12.584 	-59.135 	14.141 	-0.119 	-0.005 	0.073 	
78.033 	-71.407 	40.028 	-0.181 	0.107 	-0.072 	
116.600 	-13.364 	21.097 	-0.130 	0.093 	-0.109 	
23.708 	-12.687 	18.736 	0.009 	-0.099 	-0.010 	
-13.074 	-21.727 	19.882 	0.080 	-0.008 	0.021 	
218.658 	-106.027 	6.297 	-0.043 	-0.020 	-0.024 	
18.309 	-10.941 	23.431 	0.047 	0.044 	0.023 	
20.441 	-28.740 	8.350 	-0.092 	-0.093 	-0.060 	
33.345 	-4.165 	3.257 	-0.105 	-0.109 	-0.139 	
209.582 	-121.152 	0.213 	-0.046 	-0.052 	-0.062 	
-54.536 	-92.773 	28.206 	-0.053 	0.040 	-0.059 	
274.090 	-111.110 	20.103 	0.031 	-0.097 	0.024 	
8.895 	-56.916 	-29.105 	0.012 	0.014 	-0.009 	
168.909 	-8.434 	1.444 	-0.130 	-0.055 	0.016 	
222.098 	60.501 	47.069 	-0.026 	-0.013 	-0.012 	
142.218 	34.100 	23.231 	-0.149 	-0.037 	-0.093 	
-30.984 	6.286 	37.642 	0.001 	0.019 	0.198 	
56.342 	-40.247 	9.343 	-0.119 	-0.086 	-0.156 	
12.920 	3.809 	5.118 	-0.188 	0.017 	0.041 	
199.193 	-184.193 	56.733 	-0.040 	-0.084 	0.010 	
1.501 	19.323 	14.134 	-0.056 	-0.166 	-0.046 	
52.302 	-46.932 	-50.839 	-0.165 	0.094 	0.074 	
-62.302 	-4.172 	62.076 	-0.121 	-0.065 	-0.024 	
136.481 	-5.654 	23.922 	-0.197 	0.110 	-0.028 	
8.459 	-5.714 	26.239 	-0.158 	-0.180 	-0.173 	
12.342 	35.876 	105.090 	-0.062 	-0.055 	-0.038 	
198.770 	40.065 	85.221 	-0.065 	0.046 	-0.009 	
30.003 	-81.919 	-0.986 	-0.066 	-0.100 	0.029 	
237.919 	114.261 	53.382 	-0.034 	0.052 	0.005 	
37.297 	58.206 	23.374 	-0.072 	-0.131 	-0.062 	
-42.107 	-52.487 	-24.593 	-0.041 	0.095 	-0.063 	
227.324 	61.634 	-84.114 	-0.020 	0.068 	-0.024 	
68.407 	-12.544 	81.971 	-0.107 	0.029 	-0.101 	
14.451 	-38.729 	-16.624 	-0.056 	-0.151 	0.094 	
241.854 	-72.019 	-46.906 	-0.040 	0.020 	0.020 	
-87.016 	-243.717 	765.312 	-0.165 	-0.178 	0.628 	
-77.027 	-21.155 	35.593 	-0.059 	-0.025 	-0.026 	
82.619 	-29.123 	45.309 	-0.146 	0.007 	0.069 	
8.006 	-25.097 	28.910 	0.022 	0.123 	-0.178 	
31.985 	-52.738 	72.936 	-0.107 	-0.006 	0.007 	
143.135 	-8.284 	47.109 	-0.108 	0.024 	-0.110 	
12.543 	4.028 	37.723 	-0.106 	-0.044 	-0.079 	
35.015 	-53.363 	19.162 	-0.034 	0.037 	0.022 	
151.618 	39.544 	-56.321 	-0.102 	-0.057 	0.007 	
32.974 	-25.374 	-2.888 	-0.085 	0.078 	-0.142 	
-6.093 	20.307 	3.124 	-0.059 	0.093 	0.031 	
95.397 	-37.419 	29.685 	-0.114 	0.043 	0.142 	
30.691 	-30.777 	-0.423 	-0.033 	0.022 	0.029 	
16.259 	-1.685 	0.712 	-0.175 	-0.071 	-0.184 	
-5.042 	-28.509 	-24.129 	0.037 	-0.155 	0.083 	
65.904 	-14.052 	13.339 	-0.127 	0.039 	-0.185 	
178.511 	-81.303 	-2.930 	-0.051 	0.023 	0.014 	
68.817 	-91.468 	54.890 	-0.083 	0.072 	-0.047 	
167.316 	-8.779 	39.522 	-0.139 	-0.010 	0.008 	
-27.847 	7.947 	-0.395 	0.057 	0.074 	-0.084 	
-23.899 	-9.818 	29.691 	-0.035 	0.026 	-0.016 	
178.471 	-69.622 	73.040 	-0.061 	0.042 	0.025 	
9.939 	-64.346 	-117.331 	-0.099 	-0.008 	0.024 	
68.835 	-14.377 	26.321 	-0.217 	-0.002 	-0.156 	
19.670 	-8.599 	-13.471 	-0.194 	-0.039 	0.173 	
-4.222 	-21.811 	-2.085 	-0.200 	-0.042 	-0.112 	
143.939 	-94.519 	70.392 	-0.088 	0.028 	0.082 	
24.277 	-4.175 	-3.581 	-0.158 	0.039 	-0.056 	
-0.662 	-3.241 	55.435 	-0.060 	0.033 	0.055 	
-17.196 	-12.447 	95.077 	-0.137 	-0.089 	-0.082 	
10.978 	-57.452 	5.253 	-0.082 	0.090 	-0.122 	
49.375 	-28.032 	-3.201 	-0.223 	-0.042 	-0.025 	
48.030 	-746.223 	-130.895 	-0.060 	-1.312 	-0.224 	
37.269 	-26.906 	2.698 	-0.093 	-0.228 	0.024 	
153.262 	18.555 	46.270 	-0.151 	-0.099 	0.008 	
-68.167 	-46.871 	18.868 	0.011 	0.015 	0.078 	
15.405 	-3.753 	23.148 	-0.102 	0.083 	0.092 	
250.289 	76.572 	95.887 	-0.019 	-0.027 	0.084 	
18.502 	-14.099 	-11.360 	0.007 	0.218 	0.025 	
-35.779 	25.849 	22.378 	0.045 	0.046 	0.125 	
105.327 	16.990 	112.357 	-0.098 	0.060 	-0.047 	
-14.572 	-34.534 	-16.132 	-0.088 	0.136 	0.037 	
-20.948 	35.931 	13.858 	-0.004 	-0.004 	0.095 	
115.681 	-20.978 	32.954 	-0.225 	-0.062 	-0.061 	
-5.368 	-19.308 	-23.340 	-0.086 	-0.175 	0.070 	
85.420 	-0.715 	23.915 	-0.165 	-0.002 	-0.132 	
168.259 	-15.342 	0.729 	-0.148 	0.013 	-0.109 	
-15.825 	-49.317 	25.739 	-0.104 	-0.147 	0.059 	
275.179 	31.319 	37.325 	0.028 	-0.039 	-0.041 	
92.115 	-131.514 	-76.735 	0.891 	-0.676 	-0.546 	
42.821 	8.093 	9.064 	-0.099 	0.058 	-0.037 	
48.699 	-31.021 	8.280 	-0.204 	-0.019 	0.230 	
46.832 	-8.883 	43.362 	-0.066 	-0.048 	-0.017 	
