## Las primeras 500 lineas corresponden a la esfera 1 
##las siguienets 500 lineas a la esfera 2
## Las primeras tres columnas corresponden a la posición en 'x', 'y' y 'z', las siguientes tres a las velocidades
49.720 	-10.624 	6.719 	0.228 	-0.110 	-0.131 	
155.204 	-0.445 	11.985 	-0.028 	-0.075 	0.022 	
145.268 	-43.314 	-8.725 	0.008 	-0.043 	-0.024 	
-454.033 	548.928 	-56.891 	-0.341 	0.406 	-0.073 	
155.431 	12.495 	-10.970 	0.063 	-0.036 	-0.153 	
70.415 	-19.809 	18.512 	-0.047 	0.059 	0.108 	
158.900 	-10.075 	15.909 	-0.043 	-0.044 	0.195 	
68.000 	10.967 	11.716 	0.183 	-0.115 	-0.166 	
63.806 	-33.565 	14.276 	0.146 	0.061 	0.033 	
70.010 	-8.290 	1.734 	-0.043 	0.061 	0.012 	
-70.670 	416.556 	-226.797 	-0.075 	0.391 	-0.210 	
119.895 	-21.478 	-16.269 	0.086 	-0.078 	-0.003 	
310.075 	-421.320 	290.941 	0.272 	-0.359 	0.257 	
131.880 	-38.174 	3.013 	-0.064 	-0.196 	-0.017 	
56.292 	-48.494 	26.649 	0.109 	0.168 	-0.036 	
82.087 	-14.363 	13.044 	0.104 	-0.221 	0.013 	
66.137 	-42.237 	33.652 	0.131 	0.170 	-0.078 	
74.687 	13.228 	-173.229 	0.056 	-0.074 	-0.029 	
84.229 	-44.035 	16.685 	0.207 	-0.048 	-0.054 	
39.987 	10.785 	33.586 	0.088 	0.169 	0.076 	
115.411 	29.789 	27.788 	0.074 	-0.003 	-0.202 	
164.693 	58.372 	53.521 	0.047 	-0.087 	-0.088 	
111.849 	5.430 	15.639 	0.106 	-0.194 	0.039 	
128.684 	-21.892 	15.479 	0.067 	-0.157 	0.135 	
150.654 	-5.709 	38.405 	0.002 	-0.029 	0.072 	
161.765 	-14.269 	-3.847 	-0.022 	0.014 	0.059 	
149.616 	-32.445 	3.367 	0.048 	-0.029 	-0.090 	
141.988 	-37.244 	18.726 	-0.044 	0.148 	-0.073 	
110.542 	-21.036 	-5.425 	0.087 	0.077 	0.094 	
140.345 	-2.080 	-13.300 	0.128 	-0.009 	0.064 	
100.608 	-1.170 	21.212 	0.079 	-0.111 	-0.003 	
71.691 	-41.745 	-5.724 	0.014 	0.161 	0.005 	
93.245 	5.083 	-4.913 	-0.011 	0.039 	0.002 	
170.491 	-32.052 	-16.241 	0.031 	0.068 	0.016 	
146.610 	24.380 	-3.018 	-0.029 	0.057 	-0.067 	
56.131 	-31.770 	17.014 	0.002 	0.154 	0.021 	
38.527 	26.713 	-91.221 	0.131 	0.017 	0.052 	
198.756 	25.128 	6.461 	0.084 	-0.009 	0.045 	
78.183 	-30.086 	9.922 	0.228 	-0.077 	0.090 	
86.096 	-8.648 	4.311 	0.070 	-0.020 	0.087 	
115.371 	-60.938 	24.913 	0.045 	0.140 	0.018 	
119.991 	-18.319 	-4.941 	0.050 	-0.043 	0.130 	
125.224 	-24.368 	-8.592 	-0.125 	-0.053 	0.021 	
-47.686 	0.035 	63.227 	0.114 	0.016 	0.013 	
122.104 	13.754 	-48.269 	-0.052 	0.109 	-0.134 	
105.148 	-43.778 	14.408 	0.096 	-0.072 	-0.108 	
232.169 	-53.455 	55.593 	0.006 	0.003 	0.047 	
99.063 	-33.506 	28.133 	0.042 	0.059 	-0.070 	
180.857 	-11.325 	31.641 	-0.007 	0.162 	0.096 	
115.842 	-41.640 	-0.259 	0.002 	-0.164 	0.085 	
55.943 	-66.493 	-50.275 	0.131 	0.037 	0.120 	
65.526 	14.628 	6.644 	0.142 	-0.121 	0.101 	
149.618 	14.174 	38.662 	0.018 	0.143 	0.007 	
89.461 	-22.434 	8.670 	0.210 	0.019 	0.004 	
87.299 	-5.233 	9.680 	0.090 	0.071 	0.021 	
97.456 	-36.921 	29.679 	0.049 	0.230 	-0.097 	
109.413 	-53.052 	-38.468 	0.145 	0.026 	0.156 	
138.788 	-1.351 	33.109 	0.076 	0.168 	0.142 	
-67.304 	132.905 	-8.434 	0.006 	0.015 	0.026 	
127.872 	-44.350 	-53.811 	-0.033 	-0.010 	-0.078 	
-45.591 	-36.328 	34.640 	0.149 	-0.050 	-0.021 	
115.283 	7.980 	26.460 	-0.074 	0.019 	-0.036 	
9.744 	-19.047 	17.491 	0.251 	-0.093 	-0.029 	
167.652 	52.019 	21.012 	0.024 	-0.102 	0.040 	
7.422 	-206.774 	18.430 	-0.022 	-0.097 	0.001 	
153.909 	-0.595 	69.358 	-0.040 	0.049 	0.055 	
-171.001 	-386.871 	-306.835 	-0.185 	-0.299 	-0.246 	
-84.564 	140.069 	-68.392 	0.005 	0.035 	-0.029 	
174.022 	-18.688 	36.889 	-0.011 	0.039 	0.055 	
72.335 	-83.026 	7.247 	0.132 	0.076 	-0.117 	
112.117 	-48.383 	8.508 	0.067 	0.140 	0.073 	
159.915 	-33.073 	4.762 	-0.107 	-0.070 	-0.056 	
-38.111 	138.493 	-12.802 	0.006 	0.015 	0.043 	
68.176 	2.580 	23.025 	0.049 	-0.031 	-0.130 	
52.526 	-27.988 	4.526 	0.203 	0.158 	0.005 	
235.955 	-9.339 	-15.250 	0.055 	0.026 	0.129 	
55.863 	16.752 	12.749 	0.188 	0.158 	0.035 	
197.401 	315.710 	544.054 	0.137 	0.204 	0.360 	
4.870 	19.279 	-34.537 	0.059 	-0.013 	0.149 	
92.535 	-6.806 	18.009 	0.114 	0.134 	-0.170 	
32.859 	-25.148 	-14.898 	0.150 	0.135 	0.085 	
47.421 	-19.476 	10.429 	0.138 	-0.073 	-0.153 	
212.192 	40.123 	40.686 	0.042 	-0.094 	-0.029 	
-57.285 	-196.484 	236.063 	-0.022 	-0.069 	0.121 	
128.992 	-22.412 	39.429 	-0.020 	-0.050 	0.154 	
-106.876 	-49.693 	-114.988 	0.022 	0.003 	-0.000 	
128.013 	-12.083 	-42.358 	0.062 	0.078 	0.142 	
-56.638 	-26.538 	73.617 	0.091 	0.027 	-0.016 	
109.511 	-1.462 	-2.028 	0.109 	-0.038 	0.031 	
130.360 	31.207 	7.700 	0.046 	0.111 	-0.120 	
132.593 	40.750 	-3.539 	0.019 	-0.157 	-0.007 	
39.208 	73.368 	148.348 	0.076 	-0.024 	0.037 	
90.370 	-10.220 	29.382 	0.064 	0.213 	-0.145 	
61.699 	-155.141 	30.519 	0.108 	0.015 	0.064 	
74.082 	-39.971 	15.752 	-0.051 	0.013 	0.050 	
-102.571 	120.337 	-60.227 	0.034 	0.039 	0.022 	
162.270 	-12.614 	3.370 	-0.002 	0.101 	0.078 	
789.878 	-819.832 	-22.800 	0.615 	-0.669 	0.004 	
1215.270 	-1136.621 	-2374.396 	0.871 	-0.795 	-1.651 	
91.025 	25.822 	-2.147 	0.008 	0.112 	0.010 	
82.861 	-51.299 	-17.893 	0.068 	0.089 	-0.106 	
-15.419 	-14.848 	81.651 	0.083 	-0.022 	-0.079 	
87.575 	-9.672 	3.313 	-0.016 	0.221 	0.049 	
67.626 	-14.453 	-6.311 	0.152 	-0.221 	-0.042 	
1136.007 	-823.307 	691.510 	0.756 	-0.524 	0.451 	
-1095.713 	1414.170 	2541.275 	-0.730 	0.971 	1.752 	
82.991 	-33.008 	15.999 	0.726 	-0.046 	0.071 	
60.523 	-50.465 	13.429 	0.027 	-0.005 	-0.006 	
125.984 	-16.457 	51.918 	-0.032 	0.186 	0.027 	
219.248 	-181.042 	72.287 	0.142 	-0.023 	0.070 	
83.805 	-26.252 	39.106 	0.068 	0.153 	-0.141 	
48.342 	-4.718 	-7.300 	0.196 	-0.038 	0.072 	
183.491 	-54.169 	19.381 	-0.095 	-0.102 	0.018 	
-131.336 	64.148 	11.046 	-0.015 	-0.032 	0.052 	
68.451 	-35.118 	-4.879 	0.123 	0.084 	0.040 	
135.883 	-42.833 	1.590 	0.105 	0.032 	-0.029 	
76.363 	-5.976 	46.389 	0.057 	0.097 	-0.114 	
-28.638 	-234.192 	84.866 	0.060 	-0.112 	0.004 	
122.829 	-105.438 	62.824 	0.042 	0.084 	0.073 	
-14.480 	-28.552 	22.256 	0.182 	0.021 	-0.030 	
72.493 	21.702 	122.634 	0.125 	-0.024 	-0.049 	
175.265 	-71.187 	69.736 	0.017 	0.078 	0.075 	
84.878 	-33.803 	33.593 	-0.009 	-0.142 	-0.059 	
57.900 	6.859 	-13.227 	-0.030 	0.129 	0.009 	
17.544 	-30.890 	6.138 	0.199 	0.067 	0.049 	
77.266 	-10.291 	39.597 	-0.180 	-0.083 	-0.049 	
90.279 	-19.025 	34.241 	0.163 	-0.063 	-0.204 	
-23.906 	-46.270 	-31.263 	0.062 	-0.018 	0.114 	
78.902 	-44.884 	39.337 	0.129 	-0.031 	-0.175 	
109.919 	7.080 	11.324 	0.056 	0.230 	0.078 	
79.570 	-14.405 	-1.164 	0.212 	-0.127 	0.082 	
14.438 	-6.530 	-26.861 	0.148 	-0.084 	0.154 	
52.697 	-7.799 	17.882 	0.119 	0.128 	0.143 	
59.040 	-40.193 	35.773 	0.086 	-0.107 	0.187 	
72.426 	-17.672 	32.923 	0.040 	-0.115 	0.058 	
144.645 	-4.355 	-16.036 	0.088 	0.042 	0.190 	
61.061 	20.177 	14.032 	0.033 	0.096 	0.150 	
145.087 	19.802 	-31.404 	0.105 	0.084 	-0.111 	
-1455.892 	-468.048 	-924.583 	-5.694 	-1.675 	-3.368 	
-920.078 	759.147 	-466.607 	-0.558 	0.482 	-0.286 	
158.583 	12.434 	-5.735 	0.040 	0.064 	-0.129 	
-65.558 	-4.879 	82.054 	-0.352 	-0.061 	0.214 	
56.553 	-29.144 	-19.167 	0.173 	0.100 	-0.006 	
70.125 	0.257 	2.470 	0.163 	-0.158 	-0.131 	
67.870 	-8.412 	17.184 	0.182 	0.085 	0.005 	
144.800 	29.052 	-30.975 	0.037 	0.086 	-0.072 	
92.807 	14.866 	32.992 	0.103 	-0.141 	0.180 	
47.492 	-55.574 	-20.998 	0.156 	0.028 	0.121 	
82.097 	-15.448 	44.615 	-0.082 	0.047 	0.211 	
140.375 	0.271 	16.184 	0.087 	0.101 	-0.032 	
114.294 	26.283 	-10.899 	0.051 	0.020 	0.118 	
63.426 	-20.526 	-0.131 	0.227 	-0.084 	-0.169 	
73.632 	-36.690 	-5.347 	0.047 	0.219 	0.037 	
89.570 	-14.210 	39.437 	0.131 	-0.092 	0.138 	
75.160 	-12.071 	27.598 	0.155 	-0.212 	0.047 	
10.619 	-9.506 	43.620 	0.199 	0.064 	0.021 	
159.554 	1.040 	-0.879 	-0.101 	0.018 	0.071 	
99.494 	6.107 	7.379 	0.097 	-0.050 	0.022 	
100.151 	-33.309 	0.949 	0.156 	0.127 	-0.286 	
75.808 	18.780 	-22.764 	-0.005 	0.090 	-0.060 	
179.005 	2.469 	-35.126 	0.058 	0.128 	-0.031 	
3.315 	109.914 	-73.656 	0.103 	-0.003 	-0.039 	
74.475 	-6.793 	14.442 	0.126 	-0.157 	0.108 	
146.543 	-56.972 	25.686 	-0.007 	-0.024 	-0.118 	
59.005 	1.256 	4.970 	0.081 	-0.068 	0.231 	
44.138 	-28.409 	46.188 	0.165 	0.033 	-0.104 	
69.780 	-41.195 	24.560 	0.174 	-0.126 	0.068 	
155.867 	-40.652 	61.119 	0.041 	0.132 	0.023 	
73.346 	-52.189 	37.444 	0.054 	0.125 	-0.135 	
73.892 	14.722 	18.400 	0.090 	-0.039 	-0.013 	
47.384 	-40.454 	55.202 	0.145 	-0.027 	-0.186 	
148.034 	-51.070 	35.943 	0.029 	0.061 	0.069 	
49.204 	-12.911 	-5.534 	0.157 	0.076 	0.170 	
63.931 	-40.560 	46.724 	0.040 	0.195 	0.089 	
90.181 	-16.751 	11.823 	0.198 	-0.058 	0.039 	
-77.781 	-126.028 	-101.887 	-0.017 	-0.016 	0.022 	
91.858 	-20.963 	23.045 	0.099 	-0.061 	0.012 	
144.853 	-56.615 	-11.505 	0.016 	-0.116 	0.110 	
117.494 	34.041 	-55.596 	0.087 	0.057 	-0.196 	
128.490 	19.198 	41.625 	0.016 	-0.165 	-0.085 	
181.162 	19.341 	119.184 	0.060 	-0.032 	-0.030 	
44.426 	-1.906 	30.767 	0.176 	0.048 	0.149 	
131.373 	-73.278 	25.514 	-0.048 	0.000 	0.041 	
12.899 	-73.172 	41.267 	0.109 	0.063 	-0.078 	
68.899 	32.464 	-84.271 	0.121 	-0.048 	0.058 	
80.698 	-28.906 	3.843 	0.199 	0.124 	0.097 	
-84.052 	-1.148 	175.405 	0.023 	0.060 	0.078 	
70.111 	-33.852 	12.197 	0.206 	-0.035 	-0.115 	
88.793 	15.807 	18.517 	0.129 	-0.186 	-0.067 	
32.161 	-49.426 	-35.037 	0.159 	0.050 	0.146 	
136.788 	-24.483 	98.529 	0.003 	0.002 	0.075 	
171.550 	-50.350 	-3.203 	-0.025 	-0.031 	-0.054 	
102.733 	6.938 	7.282 	-0.019 	0.040 	-0.034 	
-5.907 	39.500 	-13.735 	0.142 	-0.075 	0.084 	
-20.132 	-31.674 	14.009 	0.174 	0.015 	0.028 	
116.429 	2.917 	37.125 	0.068 	-0.010 	0.099 	
343.191 	-16.700 	63.876 	0.903 	0.118 	0.180 	
93.149 	-12.456 	-19.093 	-0.009 	-0.095 	-0.143 	
147.574 	-42.044 	-6.352 	0.026 	-0.163 	-0.137 	
172.541 	-22.789 	38.517 	0.036 	-0.030 	-0.058 	
114.065 	-39.576 	-9.651 	0.129 	0.142 	-0.038 	
153.217 	-32.651 	14.919 	0.098 	-0.132 	-0.030 	
153.133 	-10.079 	38.556 	0.091 	-0.058 	-0.047 	
56.810 	-21.590 	12.839 	0.187 	0.082 	0.143 	
91.388 	-14.669 	28.110 	0.129 	-0.066 	0.223 	
43.619 	-49.769 	-3.762 	0.202 	0.165 	-0.073 	
120.259 	6.691 	38.045 	-0.049 	0.096 	-0.071 	
88.414 	-13.001 	11.429 	0.152 	0.074 	-0.146 	
144.612 	28.811 	-0.582 	-0.041 	-0.068 	0.004 	
129.635 	-27.346 	22.510 	0.156 	-0.148 	-0.040 	
124.776 	14.443 	-13.571 	0.101 	-0.098 	-0.077 	
264.269 	-86.659 	101.761 	0.150 	-0.066 	0.028 	
77.340 	-42.744 	24.458 	0.197 	0.085 	-0.039 	
181.463 	-33.319 	60.608 	-0.008 	-0.030 	0.045 	
112.522 	-1.679 	-11.574 	0.129 	-0.225 	-0.019 	
10.882 	-28.351 	40.288 	0.218 	0.072 	-0.026 	
97.318 	2.285 	-160.225 	0.073 	-0.053 	-0.025 	
-54.723 	13.285 	27.870 	0.059 	-0.109 	-0.027 	
-18.378 	15.976 	-81.297 	0.082 	-0.089 	-0.015 	
80.893 	2.725 	1.753 	0.121 	-0.004 	0.159 	
88.206 	-77.168 	-5.470 	0.052 	0.133 	0.077 	
133.178 	-1.538 	67.058 	-0.073 	0.114 	-0.004 	
27.538 	-25.485 	-6.147 	0.216 	0.053 	0.205 	
33.930 	-21.921 	-4.771 	0.208 	-0.047 	-0.040 	
42.138 	-19.748 	6.986 	0.057 	0.004 	0.211 	
-34.527 	79.730 	21.830 	0.109 	-0.044 	0.020 	
114.440 	-14.978 	20.713 	0.167 	-0.128 	0.075 	
86.099 	-17.927 	44.016 	0.041 	-0.093 	0.076 	
88.177 	-42.195 	11.569 	0.080 	-0.156 	0.088 	
52.019 	-63.814 	14.476 	0.218 	0.058 	-0.069 	
40.079 	-50.910 	5.675 	0.123 	0.068 	-0.176 	
69.953 	-54.629 	24.988 	0.142 	-0.084 	-0.101 	
53.665 	-24.039 	38.145 	0.197 	0.092 	-0.081 	
66.031 	3.072 	20.497 	0.179 	-0.240 	0.055 	
38.359 	20.839 	7.172 	0.069 	-0.209 	0.069 	
30.891 	-18.151 	-1.320 	0.231 	0.059 	-0.132 	
153.911 	-15.232 	8.402 	0.047 	-0.039 	0.003 	
161.433 	-51.117 	-25.165 	0.017 	0.078 	0.097 	
205.419 	-22.495 	30.123 	-0.001 	-0.013 	-0.076 	
193.775 	138.268 	-43.760 	0.070 	0.010 	0.046 	
90.241 	-48.968 	45.229 	0.131 	-0.243 	0.051 	
136.033 	-46.960 	5.229 	0.122 	-0.042 	-0.069 	
133.114 	10.462 	13.015 	-0.055 	-0.066 	0.272 	
-28.635 	177.204 	54.298 	0.064 	0.061 	0.040 	
127.158 	30.684 	17.357 	0.022 	-0.031 	0.091 	
90.465 	-5.293 	31.847 	0.074 	0.033 	-0.076 	
69.746 	-14.212 	-3.858 	0.199 	0.087 	0.005 	
142.524 	37.050 	-10.090 	-0.013 	0.056 	0.081 	
186.600 	-18.654 	92.157 	0.002 	0.076 	0.101 	
247.660 	-9.794 	44.455 	0.060 	-0.003 	0.058 	
432.178 	242.961 	101.252 	0.344 	0.225 	0.076 	
83.406 	-14.303 	18.646 	0.170 	-0.265 	0.143 	
53.472 	-13.030 	-7.510 	0.137 	-0.110 	-0.052 	
-5.970 	-60.672 	208.465 	0.079 	-0.003 	0.093 	
121.014 	22.320 	11.881 	0.050 	-0.031 	-0.206 	
-29.411 	-75.201 	83.461 	0.058 	-0.046 	-0.050 	
119.008 	2.066 	-26.736 	0.014 	-0.158 	0.124 	
160.063 	16.524 	-65.834 	0.130 	-0.001 	0.115 	
471.696 	236.824 	-309.840 	0.354 	0.216 	-0.217 	
68.317 	-32.305 	2.384 	0.196 	0.055 	0.173 	
87.300 	-36.273 	12.616 	0.208 	-0.057 	-0.067 	
117.595 	6.550 	53.078 	-0.052 	0.154 	-0.012 	
26.865 	-62.707 	36.812 	0.177 	-0.014 	-0.070 	
90.364 	8.194 	-7.708 	0.095 	0.064 	0.018 	
145.807 	-14.766 	-64.175 	0.029 	0.045 	0.096 	
158.745 	-11.422 	50.593 	0.027 	-0.192 	0.025 	
-22.894 	-138.137 	-12.384 	0.069 	-0.005 	-0.079 	
-330.089 	-83.424 	-22.488 	-0.727 	-0.067 	-0.026 	
194.346 	16.473 	137.514 	0.094 	0.047 	-0.026 	
57.607 	-48.767 	-69.882 	0.116 	0.067 	0.047 	
98.956 	20.365 	51.187 	-0.075 	0.036 	-0.019 	
125.787 	-13.112 	-11.805 	0.014 	0.118 	0.125 	
75.579 	17.975 	28.825 	0.021 	0.080 	-0.069 	
67.585 	-24.244 	8.480 	-0.009 	-0.121 	-0.137 	
151.311 	6.127 	36.596 	-0.041 	-0.051 	0.177 	
111.452 	-36.274 	-2.823 	0.094 	-0.038 	-0.009 	
154.834 	-4.129 	16.790 	-0.058 	0.078 	-0.016 	
171.117 	-11.628 	35.185 	0.499 	-0.095 	0.024 	
-40.077 	80.866 	-31.832 	0.105 	0.016 	0.051 	
110.890 	-18.903 	11.058 	-0.024 	0.145 	-0.138 	
68.386 	-44.422 	10.898 	-0.031 	-0.174 	-0.137 	
66.462 	-39.173 	24.966 	0.102 	-0.220 	0.160 	
-272.827 	-125.255 	-597.299 	-0.193 	-0.103 	-0.430 	
149.000 	-10.528 	41.624 	0.030 	0.076 	0.162 	
137.470 	-18.805 	-187.846 	0.074 	-0.029 	-0.043 	
93.372 	9.130 	23.421 	0.053 	-0.062 	-0.097 	
54.561 	-8.332 	43.014 	0.056 	-0.110 	0.257 	
96.493 	30.945 	-5.212 	-0.086 	0.065 	-0.034 	
106.946 	-26.530 	0.286 	0.040 	-0.052 	0.086 	
71.656 	71.177 	-176.887 	0.023 	-0.006 	-0.046 	
154.549 	-20.719 	-3.780 	-0.017 	-0.039 	-0.186 	
155.608 	-28.543 	-2.733 	0.065 	-0.069 	-0.041 	
40.912 	-37.960 	-16.206 	0.200 	-0.007 	0.077 	
57.605 	1.988 	30.247 	0.093 	0.077 	0.115 	
91.841 	-2.133 	43.233 	0.017 	-0.005 	0.124 	
67.010 	-12.274 	34.481 	0.154 	0.032 	0.035 	
254.335 	-3.284 	32.467 	0.137 	-0.102 	0.003 	
-38.823 	-25.132 	-8.824 	0.167 	0.044 	-0.033 	
109.226 	-23.108 	13.976 	0.010 	-0.017 	0.077 	
150.693 	-39.017 	-21.128 	0.044 	-0.012 	0.050 	
59.064 	-27.858 	0.894 	0.085 	0.139 	0.018 	
145.922 	0.706 	20.990 	-0.008 	0.114 	0.131 	
180.595 	-14.191 	-13.234 	0.025 	0.016 	-0.029 	
169.301 	-11.683 	-19.152 	0.007 	-0.069 	-0.076 	
77.598 	-20.505 	19.504 	0.174 	0.039 	0.163 	
37.551 	-12.004 	51.790 	0.192 	-0.051 	0.048 	
41.026 	-75.404 	5.665 	0.052 	0.149 	0.038 	
116.615 	-36.201 	61.400 	-0.014 	0.172 	0.058 	
89.164 	-36.754 	15.629 	-0.019 	0.032 	-0.170 	
123.190 	-46.548 	3.388 	-0.047 	-0.108 	-0.164 	
66.737 	-15.545 	13.537 	0.188 	0.107 	-0.021 	
142.807 	-33.065 	1.891 	0.089 	0.086 	0.088 	
-36.234 	2.047 	94.632 	0.055 	0.034 	-0.066 	
36.390 	13.414 	115.731 	0.125 	0.037 	-0.045 	
-143.977 	-365.065 	290.544 	-0.189 	-0.298 	0.308 	
-114.139 	118.586 	-44.958 	0.002 	0.028 	0.027 	
95.585 	-79.357 	-58.881 	0.123 	0.060 	0.087 	
-130.542 	86.205 	179.576 	-0.008 	0.007 	0.069 	
126.012 	-11.246 	19.714 	-0.038 	0.012 	-0.063 	
141.349 	7.308 	17.799 	-0.054 	0.041 	0.012 	
133.743 	-23.929 	-35.280 	0.106 	0.135 	0.110 	
184.260 	-9.102 	-0.754 	-0.008 	0.043 	0.158 	
121.148 	-16.167 	-3.905 	0.135 	-0.199 	0.138 	
75.412 	-10.219 	31.359 	0.153 	0.094 	0.035 	
182.732 	10.527 	10.649 	0.016 	0.045 	-0.025 	
33.839 	-32.746 	36.062 	0.161 	0.187 	-0.006 	
145.152 	-53.750 	8.633 	0.099 	-0.034 	-0.025 	
69.549 	4.749 	65.861 	0.152 	-0.047 	-0.122 	
-11.334 	-22.128 	-6.252 	0.218 	0.015 	-0.063 	
-197.088 	889.524 	76.067 	-0.193 	0.724 	0.084 	
4.839 	3.208 	142.750 	0.074 	-0.086 	0.015 	
105.121 	-29.215 	55.812 	-0.009 	-0.048 	0.069 	
77.071 	-14.613 	37.561 	0.116 	0.163 	-0.017 	
-16.269 	-196.755 	-105.574 	0.056 	-0.079 	-0.037 	
68.468 	1.657 	-8.643 	0.007 	0.156 	-0.111 	
-47.371 	2.643 	15.411 	0.150 	-0.040 	0.032 	
76.181 	-7.172 	43.850 	-0.054 	0.083 	-0.029 	
78.279 	6.093 	30.236 	-0.057 	0.085 	-0.025 	
43.742 	-31.190 	23.295 	0.101 	0.030 	0.184 	
113.052 	-31.370 	0.368 	-0.078 	-0.027 	0.002 	
45.273 	-35.525 	24.168 	0.176 	-0.004 	-0.251 	
178.419 	-4.325 	30.058 	0.006 	0.186 	-0.007 	
52.180 	-28.427 	5.091 	0.223 	-0.037 	0.152 	
73.157 	-24.130 	35.996 	0.199 	-0.140 	-0.114 	
50.639 	-51.523 	15.284 	0.154 	0.077 	0.017 	
214.026 	-3.745 	58.218 	0.059 	0.005 	0.052 	
39.356 	48.086 	92.866 	0.082 	-0.056 	-0.047 	
52.096 	-33.078 	11.344 	0.086 	-0.033 	-0.097 	
147.186 	-11.981 	-19.844 	0.099 	-0.010 	-0.022 	
50.824 	-92.962 	38.441 	0.121 	0.118 	0.067 	
92.564 	18.978 	27.124 	0.020 	0.084 	-0.062 	
43.039 	-21.274 	20.758 	-0.200 	-0.055 	-0.003 	
149.380 	-43.287 	23.480 	0.003 	-0.034 	0.050 	
66.239 	12.505 	30.117 	0.212 	-0.203 	0.004 	
-115.847 	-108.196 	16.543 	0.001 	-0.035 	0.063 	
160.320 	28.121 	4.148 	0.073 	0.048 	-0.061 	
157.977 	-14.467 	27.863 	-0.029 	-0.015 	-0.002 	
-2.524 	-43.360 	-26.068 	0.151 	0.083 	-0.001 	
67.959 	77.138 	13.756 	0.133 	-0.074 	-0.052 	
59.549 	-23.205 	-6.845 	0.173 	0.137 	-0.017 	
140.483 	-17.469 	5.974 	0.089 	-0.039 	0.153 	
105.552 	-68.232 	3.940 	-0.013 	0.002 	0.004 	
158.232 	-60.634 	16.150 	-0.014 	-0.045 	-0.019 	
58.532 	30.268 	39.163 	0.156 	-0.030 	-0.151 	
73.403 	-19.581 	30.000 	0.144 	0.152 	0.064 	
137.540 	-43.794 	0.277 	0.071 	-0.123 	-0.032 	
123.435 	-80.389 	-242.192 	0.078 	-0.062 	-0.099 	
64.816 	-28.074 	36.586 	0.110 	0.212 	0.130 	
110.530 	35.085 	61.908 	0.062 	-0.159 	0.001 	
96.427 	-28.723 	35.828 	0.031 	0.198 	0.089 	
81.515 	-31.758 	48.279 	0.099 	0.175 	-0.123 	
115.240 	-170.261 	93.344 	0.115 	-0.044 	0.029 	
178.538 	-24.217 	-20.791 	-0.018 	0.062 	0.078 	
175.344 	-204.091 	-42.524 	0.122 	-0.163 	-0.022 	
75.213 	-32.447 	15.838 	-0.335 	0.024 	0.080 	
47.939 	-48.422 	36.137 	0.191 	0.116 	0.112 	
117.156 	-36.074 	29.119 	0.027 	-0.172 	0.033 	
81.383 	0.662 	20.736 	-0.170 	-0.079 	0.028 	
109.226 	-25.978 	35.455 	0.124 	0.072 	0.060 	
85.035 	-42.395 	0.980 	0.020 	-0.114 	-0.073 	
165.861 	33.212 	-49.121 	-0.033 	0.064 	-0.020 	
90.830 	-76.354 	54.018 	0.053 	0.018 	-0.135 	
143.266 	-20.164 	-3.918 	0.046 	-0.078 	-0.086 	
225.450 	10.259 	32.681 	0.020 	0.106 	0.054 	
106.495 	-11.429 	38.461 	0.026 	0.006 	-0.040 	
5.448 	-232.306 	38.452 	0.076 	-0.087 	0.026 	
20.385 	-27.822 	-15.436 	0.217 	0.042 	0.109 	
164.906 	-21.224 	-10.663 	0.018 	0.120 	0.095 	
35.324 	-69.535 	164.614 	0.099 	0.023 	0.057 	
125.588 	-64.132 	-3.258 	0.078 	-0.138 	0.049 	
126.312 	-22.488 	12.082 	-0.023 	0.036 	0.099 	
95.566 	-53.714 	64.191 	-0.034 	-0.067 	0.042 	
104.638 	-29.893 	89.219 	0.111 	0.067 	-0.109 	
87.059 	-26.011 	11.039 	0.129 	-0.082 	0.082 	
181.737 	-62.839 	-13.662 	0.013 	0.012 	0.006 	
159.747 	-59.523 	4.796 	0.053 	-0.051 	-0.139 	
181.577 	-55.005 	20.834 	-0.054 	-0.071 	0.057 	
110.178 	-29.167 	10.908 	0.140 	-0.043 	-0.024 	
226.262 	-8.235 	41.436 	0.077 	-0.047 	0.142 	
80.498 	-22.337 	37.027 	0.247 	0.083 	-0.057 	
93.858 	-40.280 	42.221 	-0.008 	0.026 	0.084 	
115.680 	30.824 	1.098 	-0.130 	-0.010 	-0.014 	
92.693 	147.465 	266.597 	0.057 	0.082 	0.119 	
12.011 	-34.921 	16.918 	-0.186 	0.077 	-0.096 	
96.229 	-56.799 	4.691 	0.087 	-0.046 	0.048 	
153.771 	35.041 	-33.423 	0.023 	0.047 	0.050 	
414.076 	-451.563 	-16.264 	0.269 	-0.315 	0.003 	
92.769 	-7.286 	46.052 	0.039 	-0.111 	0.184 	
85.619 	33.209 	-45.582 	0.111 	-0.104 	0.101 	
83.599 	25.555 	12.472 	-0.087 	0.051 	0.019 	
162.341 	-12.014 	6.869 	-0.022 	0.035 	-0.011 	
49.210 	-27.333 	14.172 	0.118 	-0.243 	0.087 	
113.194 	21.539 	-10.553 	0.060 	-0.135 	-0.133 	
125.061 	-21.547 	-7.147 	-0.098 	-0.079 	-0.101 	
139.343 	18.159 	2.047 	-0.026 	0.078 	0.011 	
103.063 	-33.809 	-18.098 	0.105 	0.137 	0.123 	
133.063 	-29.636 	11.907 	-0.116 	-0.123 	-0.032 	
127.601 	-413.043 	36.763 	0.125 	-0.312 	-0.015 	
-71.839 	75.980 	-52.395 	0.020 	-0.026 	-0.053 	
178.941 	-58.567 	0.616 	0.056 	-0.073 	0.048 	
23.767 	50.358 	-44.667 	0.119 	-0.060 	0.046 	
202.706 	-113.876 	72.312 	0.109 	0.024 	-0.016 	
-21.604 	23.909 	64.772 	0.120 	0.027 	-0.086 	
95.506 	-28.590 	30.523 	0.098 	0.016 	0.056 	
104.201 	-13.056 	48.540 	0.096 	-0.165 	-0.150 	
51.188 	-167.359 	71.610 	0.117 	-0.019 	-0.027 	
109.685 	-4.136 	11.127 	0.003 	0.011 	0.106 	
67.534 	-43.341 	9.301 	0.153 	0.157 	-0.132 	
-128.119 	-100.067 	-31.666 	-0.023 	-0.018 	0.063 	
-106.069 	30.935 	138.651 	0.012 	-0.035 	0.032 	
72.714 	-32.123 	-19.914 	-0.207 	-0.057 	0.019 	
83.516 	-9.076 	-2.560 	-0.046 	0.140 	-0.122 	
10.831 	-20.322 	-35.697 	0.256 	0.120 	0.106 	
75.835 	3.818 	7.245 	0.056 	0.062 	-0.105 	
162.110 	-0.424 	50.180 	0.001 	0.005 	-0.016 	
67.571 	-53.263 	26.443 	0.129 	-0.119 	0.011 	
160.895 	-9.890 	-34.860 	0.025 	-0.055 	-0.053 	
140.261 	-53.054 	-9.069 	0.102 	0.010 	0.011 	
109.096 	-34.657 	22.344 	0.025 	-0.044 	0.012 	
141.441 	11.124 	35.417 	0.012 	-0.001 	0.050 	
19.630 	16.481 	-76.089 	0.111 	-0.001 	0.074 	
74.541 	-19.338 	31.468 	0.147 	0.213 	-0.056 	
298.633 	631.122 	-2117.025 	0.265 	0.621 	-2.369 	
48.061 	-49.125 	28.885 	0.137 	0.044 	0.156 	
63.291 	-25.272 	24.533 	0.172 	-0.132 	0.038 	
-136.236 	-57.540 	-97.284 	-0.044 	-0.057 	0.003 	
104.448 	3.792 	-17.202 	0.018 	-0.031 	-0.151 	
38.905 	-14.705 	17.606 	-0.182 	-0.061 	0.079 	
143.911 	-3.813 	-6.784 	0.064 	-0.073 	0.065 	
36.202 	-33.926 	-5.870 	0.215 	0.033 	0.223 	
96.543 	-31.743 	29.889 	0.166 	-0.055 	0.152 	
152.513 	-60.891 	54.521 	-0.069 	-0.136 	0.065 	
91.607 	-20.969 	36.877 	0.145 	-0.213 	-0.022 	
161.016 	-12.067 	10.703 	-0.098 	0.086 	0.018 	
86.161 	30.462 	49.764 	0.046 	-0.004 	0.043 	
136.944 	-10.299 	26.153 	0.035 	0.157 	-0.001 	
164.791 	-29.659 	62.712 	0.002 	-0.098 	0.065 	
96.382 	-23.664 	33.630 	0.160 	-0.031 	-0.039 	
139.474 	-26.900 	13.560 	0.046 	-0.050 	-0.000 	
21.629 	-31.573 	-42.640 	0.173 	0.083 	0.060 	
96.391 	-37.467 	143.195 	0.120 	0.024 	-0.036 	
129.262 	-20.069 	-29.447 	0.002 	-0.012 	-0.103 	
167.517 	-19.586 	47.224 	0.034 	-0.030 	-0.103 	
51.499 	-8.087 	43.858 	0.179 	0.036 	-0.027 	
-77.703 	-8.079 	-109.461 	0.047 	-0.051 	-0.024 	
153.605 	-21.382 	1.271 	0.076 	-0.225 	0.027 	
-14.152 	15.817 	-64.402 	0.083 	-0.040 	0.075 	
257.101 	-28.116 	-77.041 	0.161 	-0.083 	-0.098 	
59.474 	-19.302 	0.725 	-0.030 	0.002 	-0.009 	
166.826 	34.799 	-5.203 	0.049 	-0.125 	0.070 	
75.325 	6.486 	57.275 	0.079 	0.137 	-0.000 	
153.302 	-8.934 	25.370 	-0.084 	-0.049 	0.026 	
126.627 	-41.306 	7.452 	0.097 	-0.016 	0.243 	
15.774 	-82.497 	-9.350 	0.087 	-0.014 	0.157 	
188.104 	7.813 	-17.021 	0.062 	0.009 	0.008 	
-175.797 	40.485 	50.613 	-0.081 	-0.026 	0.039 	
65.128 	-13.094 	43.360 	0.138 	-0.086 	0.107 	
127.435 	-39.259 	36.960 	0.031 	-0.077 	0.041 	
243.793 	-59.993 	8.769 	0.028 	-0.044 	-0.036 	
162.598 	-7.942 	34.795 	0.030 	-0.024 	0.146 	
91.061 	-33.860 	-11.321 	0.080 	-0.079 	0.076 	
98.267 	-22.399 	29.688 	0.003 	0.150 	-0.191 	
162.679 	-80.476 	68.958 	0.025 	-0.110 	0.099 	
66.983 	-32.344 	41.487 	0.021 	-0.226 	-0.021 	
34.851 	-193.681 	66.283 	0.089 	-0.052 	-0.014 	
111.798 	-19.809 	30.632 	-0.091 	-0.092 	-0.017 	
100.406 	28.161 	55.888 	0.155 	-0.128 	-0.096 	
673.220 	203.665 	254.416 	0.576 	0.236 	0.258 	
129.644 	-43.741 	67.084 	0.071 	-0.028 	-0.107 	
43.032 	-37.371 	48.358 	0.059 	-0.075 	0.015 	
71.841 	-26.815 	56.522 	-0.024 	0.105 	-0.007 	
141.028 	-42.063 	40.847 	-0.039 	0.014 	-0.025 	
238.762 	-55.427 	0.047 	0.085 	0.079 	0.068 	
89.527 	-0.590 	44.081 	-0.070 	-0.059 	0.117 	
28.207 	-24.487 	34.815 	0.135 	0.014 	-0.188 	
150.786 	-37.151 	15.962 	0.141 	-0.110 	-0.003 	
104.686 	-33.707 	-4.882 	0.077 	0.155 	0.182 	
73.435 	-19.421 	0.922 	0.028 	-0.224 	0.097 	
-23.635 	-23.847 	15.030 	0.184 	0.036 	-0.044 	
122.263 	-3.500 	-25.896 	0.066 	-0.036 	-0.146 	
36.943 	-4.403 	14.011 	-0.118 	-0.057 	0.197 	
133.261 	-184.773 	255.795 	-0.036 	-0.106 	0.210 	
30.961 	-19.392 	44.766 	-0.016 	-0.090 	-0.101 	
-11.201 	6.193 	68.548 	-0.027 	0.027 	-0.140 	
-25.246 	-6.413 	51.339 	-0.104 	0.121 	0.056 	
16.135 	-11.825 	4.852 	0.007 	-0.101 	0.020 	
76.887 	-41.708 	12.174 	-0.166 	0.187 	0.103 	
74.068 	-12.750 	104.302 	-0.159 	0.005 	-0.073 	
-20.317 	-33.638 	28.282 	0.050 	-0.053 	-0.084 	
86.438 	-32.197 	-69.177 	-0.141 	-0.023 	0.116 	
125.690 	30.512 	-50.371 	-0.104 	-0.072 	0.065 	
-6.382 	-24.331 	-17.355 	-0.160 	0.169 	-0.045 	
-24.782 	-27.788 	-9.129 	-0.051 	0.046 	0.129 	
-56.298 	3.243 	-6.371 	-0.079 	0.087 	-0.001 	
47.239 	-39.742 	-9.404 	-0.205 	-0.099 	0.104 	
30.278 	-37.641 	21.339 	0.014 	-0.145 	0.188 	
16.578 	-38.381 	-6.591 	-0.191 	-0.076 	0.049 	
-29.909 	-23.085 	11.526 	0.019 	-0.112 	0.020 	
60.518 	-37.914 	34.309 	-0.097 	-0.060 	-0.236 	
118.724 	-21.321 	-12.588 	-0.163 	0.126 	0.116 	
-12.758 	-18.468 	31.105 	-0.032 	0.020 	0.027 	
46.687 	-42.855 	68.244 	-0.063 	0.024 	-0.001 	
64.845 	-37.199 	-44.257 	-0.277 	0.093 	-0.414 	
47.212 	43.212 	-64.193 	-0.150 	-0.084 	0.041 	
26.487 	-17.363 	10.984 	0.147 	0.082 	-0.071 	
27.309 	-15.180 	21.603 	-0.157 	-0.118 	-0.241 	
26.441 	11.298 	8.285 	-0.194 	-0.016 	-0.087 	
11.449 	7.658 	-8.752 	-0.010 	0.085 	-0.203 	
-10.441 	-54.269 	32.119 	0.087 	-0.032 	-0.021 	
41.195 	-2.371 	28.432 	-0.111 	0.097 	-0.084 	
156.309 	-48.921 	38.417 	-0.134 	-0.003 	-0.039 	
-11.424 	74.518 	23.050 	-0.030 	-0.094 	-0.019 	
-133.747 	-8.590 	-119.839 	-0.171 	-0.053 	0.010 	
93.657 	-11.604 	-27.348 	-0.194 	-0.100 	0.018 	
64.389 	0.627 	2.759 	-0.253 	-0.107 	-0.115 	
84.903 	48.201 	-2.457 	-0.097 	-0.132 	-0.022 	
-2.939 	-55.378 	18.519 	0.017 	-0.013 	-0.055 	
15.694 	-11.944 	-12.031 	-0.040 	0.159 	-0.042 	
-26.725 	-48.444 	64.193 	-0.029 	0.064 	0.011 	
235.937 	56.171 	42.311 	-0.056 	-0.021 	0.082 	
25.996 	6.481 	50.502 	-0.026 	-0.106 	0.140 	
33.459 	-27.807 	44.897 	0.013 	-0.185 	0.040 	
43.483 	3.896 	29.524 	-0.250 	0.036 	0.106 	
10.496 	-8.540 	43.893 	0.026 	-0.247 	0.025 	
-15.685 	-26.525 	31.854 	-0.025 	-0.209 	-0.034 	
180.926 	96.012 	46.554 	-0.099 	0.008 	0.072 	
68.355 	31.803 	-37.023 	-0.168 	-0.036 	0.109 	
23.322 	-111.192 	54.111 	-0.113 	0.055 	0.083 	
93.620 	-49.782 	-6.351 	-0.085 	0.011 	0.025 	
-22.627 	-5.855 	1.329 	-0.071 	0.000 	-0.039 	
12.370 	-31.348 	28.521 	-0.082 	-0.118 	0.043 	
51.336 	-44.116 	8.022 	-0.272 	0.034 	0.054 	
255.014 	-213.701 	108.296 	0.035 	-0.139 	0.082 	
19.537 	-40.857 	13.854 	-0.097 	0.074 	-0.084 	
20.659 	-35.106 	29.465 	0.029 	-0.061 	0.122 	
8.123 	115.431 	150.687 	-0.073 	-0.010 	0.045 	
-31.353 	-16.660 	6.577 	0.042 	0.091 	0.041 	
32.102 	-7.837 	24.266 	-0.114 	-0.165 	-0.008 	
73.724 	-9.056 	36.553 	-0.106 	0.115 	0.006 	
-0.808 	4.702 	-14.611 	-0.108 	-0.107 	0.126 	
95.438 	12.034 	14.405 	-0.146 	-0.090 	-0.139 	
36.327 	6.475 	22.802 	-0.170 	-0.102 	0.109 	
190.341 	-14.053 	-73.873 	-0.083 	-0.030 	0.006 	
64.823 	-5.807 	-84.428 	-0.127 	0.026 	0.104 	
41.338 	19.806 	35.433 	-0.056 	-0.121 	-0.023 	
-7.334 	-11.797 	20.480 	-0.090 	0.030 	0.085 	
5.451 	-6.496 	-14.301 	-0.035 	0.013 	-0.178 	
149.005 	55.033 	33.285 	-0.121 	-0.033 	-0.069 	
1648.539 	424.725 	957.013 	5.490 	1.541 	3.410 	
0.043 	-0.094 	41.322 	-0.170 	0.117 	0.091 	
-24.593 	-1.644 	68.207 	-0.058 	-0.001 	0.048 	
4.924 	-26.636 	3.646 	0.015 	-0.091 	0.022 	
-9.857 	-4.466 	19.526 	-0.010 	0.033 	0.046 	
154.923 	-72.085 	-53.376 	-0.102 	0.022 	0.041 	
13.766 	-2.685 	37.412 	-0.061 	-0.032 	0.017 	
2.408 	-16.319 	6.003 	0.110 	-0.060 	0.071 	
95.981 	41.925 	-22.768 	-0.062 	-0.107 	0.126 	
-36.746 	-24.627 	-22.355 	0.013 	-0.136 	0.069 	
-32.053 	-42.783 	29.004 	0.004 	-0.195 	-0.059 	
44.013 	21.854 	57.656 	0.138 	-0.004 	0.175 	
223.379 	-35.464 	50.574 	-0.083 	0.037 	0.069 	
-7.437 	-6.557 	13.653 	-0.085 	-0.275 	-0.046 	
28.101 	14.593 	25.826 	-0.158 	0.387 	-0.097 	
51.450 	-37.009 	26.097 	0.282 	0.077 	0.029 	
42.460 	17.149 	-12.427 	-0.106 	-0.164 	-0.089 	
23.871 	14.888 	43.732 	-0.022 	0.092 	-0.135 	
18.989 	-25.218 	58.850 	0.032 	-0.019 	0.096 	
113.993 	-34.891 	40.887 	-0.213 	0.049 	-0.012 	
141.554 	45.440 	-21.732 	-0.154 	-0.063 	-0.014 	
48.374 	-32.627 	0.940 	-0.074 	0.032 	0.156 	
67.417 	-41.751 	-29.604 	-0.101 	0.041 	-0.024 	
-27.649 	68.295 	11.556 	-0.111 	-0.112 	-0.022 	
28.209 	12.041 	20.987 	-0.022 	0.026 	-0.178 	
11.973 	-5.906 	-7.728 	-0.103 	-0.065 	-0.176 	
349.524 	39.964 	-28.430 	0.144 	0.013 	-0.026 	
51.042 	-8.046 	42.102 	0.007 	-0.108 	0.017 	
15.329 	7.619 	25.427 	-0.064 	0.175 	-0.127 	
18.231 	-27.286 	31.353 	-0.120 	-0.126 	0.218 	
-5.055 	10.521 	2.366 	-0.180 	-0.025 	-0.009 	
176.405 	0.894 	53.420 	-0.138 	0.037 	0.018 	
11.348 	-0.199 	-4.245 	-0.156 	-0.054 	0.067 	
-24.215 	-14.228 	33.866 	-0.090 	-0.015 	-0.059 	
60.951 	23.316 	19.108 	-0.114 	-0.199 	0.019 	
-65.010 	-24.065 	4.695 	-0.010 	-0.132 	0.112 	
13.461 	-16.787 	16.571 	0.136 	-0.077 	-0.016 	
174.178 	-112.403 	101.375 	-0.077 	-0.006 	0.043 	
211.563 	-80.804 	-49.082 	-0.051 	0.034 	0.054 	
129.102 	0.867 	-2.214 	-0.206 	-0.084 	0.000 	
226.560 	-46.535 	-13.438 	-0.068 	-0.026 	0.061 	
84.174 	-62.997 	23.715 	-0.075 	-0.167 	0.295 	
52.853 	-37.608 	-40.479 	-0.095 	-0.061 	-0.012 	
4.060 	-29.970 	-2.514 	0.062 	0.015 	0.040 	
-6.787 	-33.709 	30.339 	-0.114 	-0.017 	-0.128 	
5.530 	-1.406 	17.353 	-0.052 	0.120 	0.123 	
9.309 	-32.701 	24.906 	0.128 	-0.144 	0.134 	
8.710 	-2.617 	58.417 	-0.088 	-0.075 	-0.024 	
27.073 	-17.693 	-114.085 	-0.146 	-0.020 	0.052 	
49.830 	23.167 	-9.611 	-0.146 	-0.138 	0.137 	
-6.158 	-40.548 	29.282 	-0.048 	0.168 	0.085 	
13.404 	-61.045 	8.893 	-0.127 	-0.047 	0.038 	
-34.061 	-11.977 	40.827 	0.021 	-0.048 	-0.026 	
14.359 	-27.351 	-4.139 	0.035 	-0.045 	-0.123 	
163.496 	-45.166 	18.975 	-0.161 	-0.033 	0.010 	
141.453 	37.173 	-53.810 	-0.078 	-0.046 	0.082 	
87.350 	-40.400 	3.874 	-0.224 	-0.103 	-0.039 	
34.730 	-38.634 	47.988 	-0.156 	0.217 	-0.021 	
80.351 	-17.745 	21.701 	-0.257 	-0.204 	0.003 	
34.316 	-44.891 	16.967 	-0.159 	-0.138 	-0.048 	
-6.177 	-25.566 	72.438 	-0.040 	0.041 	0.042 	
11.284 	-2.470 	36.671 	-0.085 	-0.174 	-0.008 	
82.864 	1.509 	15.065 	-0.183 	-0.204 	0.125 	
106.503 	7.413 	12.827 	-0.199 	-0.180 	0.019 	
34.656 	-18.367 	-1.885 	-0.080 	-0.046 	-0.183 	
-16.013 	-55.154 	2.736 	0.088 	0.000 	0.029 	
187.216 	9.950 	-82.799 	-0.070 	0.038 	0.001 	
-7.638 	-43.577 	7.017 	-0.177 	-0.027 	-0.019 	
230.266 	90.183 	40.696 	-0.034 	-0.008 	-0.030 	
-17.597 	-46.814 	-15.563 	-0.087 	0.022 	0.217 	
58.904 	-36.700 	-13.734 	-0.127 	0.069 	0.016 	
112.220 	-121.168 	1.220 	-0.128 	0.027 	0.044 	
-46.278 	-22.005 	-15.053 	0.047 	0.026 	-0.017 	
8.072 	-16.791 	-15.036 	-0.166 	-0.034 	0.061 	
123.670 	-8.410 	-21.046 	-0.190 	0.055 	0.058 	
-24.697 	-23.848 	11.192 	-0.111 	0.111 	0.107 	
83.269 	0.296 	-16.312 	-0.121 	-0.014 	-0.156 	
56.165 	21.300 	14.630 	-0.188 	-0.119 	-0.011 	
-8.308 	1.708 	15.520 	0.076 	-0.018 	-0.077 	
22.268 	-15.753 	-26.772 	-0.130 	-0.101 	-0.042 	
87.712 	-9.000 	1.460 	-0.237 	-0.045 	0.142 	
122.107 	24.472 	53.287 	-0.174 	-0.021 	-0.079 	
166.136 	78.083 	6.723 	-0.073 	-0.023 	-0.069 	
-10.620 	-18.198 	49.643 	-0.056 	-0.163 	-0.012 	
31.723 	-46.624 	25.196 	-0.102 	0.017 	-0.163 	
48.726 	-49.033 	8.899 	-0.168 	-0.030 	0.094 	
17.979 	12.648 	32.691 	0.013 	0.043 	0.075 	
145.411 	1.327 	45.439 	-0.166 	-0.009 	-0.054 	
6.522 	-24.501 	-23.916 	0.045 	-0.016 	0.098 	
11.706 	102.857 	156.809 	-0.048 	0.006 	0.035 	
180.601 	-10.756 	91.915 	-0.117 	0.043 	0.018 	
-17.212 	-22.276 	28.290 	0.028 	-0.067 	-0.026 	
-9.345 	-42.680 	-25.657 	-0.051 	-0.049 	-0.092 	
494.030 	59.454 	-876.625 	0.278 	0.060 	-0.632 	
-430.584 	-1855.552 	-2897.873 	-1.525 	-7.107 	-11.197 	
137.588 	13.409 	-30.811 	-0.146 	-0.088 	0.038 	
13.387 	-18.943 	-8.002 	0.075 	-0.148 	-0.012 	
31.684 	-11.876 	1.059 	0.036 	-0.129 	-0.186 	
22.957 	-23.406 	-2.933 	-0.150 	-0.062 	0.033 	
67.623 	-23.790 	34.081 	-0.252 	-0.083 	-0.011 	
86.225 	2.440 	-4.503 	-0.224 	0.093 	0.014 	
36.963 	-31.517 	15.960 	0.012 	0.029 	-0.054 	
-2.686 	-53.258 	1.495 	0.008 	0.070 	-0.137 	
14.562 	12.046 	4.509 	-0.142 	-0.161 	-0.153 	
186.491 	-179.979 	-131.204 	-0.071 	-0.086 	-0.035 	
9.758 	-11.328 	4.256 	-0.217 	0.020 	-0.021 	
14.340 	-12.872 	37.215 	-0.174 	-0.144 	0.166 	
67.116 	8.750 	24.892 	-0.113 	-0.135 	0.153 	
29.618 	-19.489 	-0.794 	-0.246 	0.113 	-0.094 	
104.555 	38.546 	-42.892 	-0.148 	-0.087 	0.097 	
-29.861 	-47.281 	30.117 	0.033 	0.012 	0.034 	
-4.669 	-29.097 	51.423 	0.022 	-0.075 	0.113 	
-19.930 	-30.969 	20.805 	-0.103 	0.050 	0.131 	
7.246 	-25.271 	39.554 	0.023 	-0.007 	-0.020 	
13.532 	-10.174 	-9.833 	-0.097 	0.057 	0.112 	
33.147 	-3.269 	34.330 	-0.260 	0.098 	0.094 	
45.953 	-3.534 	-5.862 	-0.084 	-0.207 	0.035 	
23.131 	-65.490 	79.565 	-0.140 	0.095 	-0.032 	
222.116 	-31.504 	-64.963 	-0.042 	-0.010 	0.043 	
63.475 	-4.440 	15.206 	-0.208 	0.014 	-0.200 	
30.851 	27.844 	27.031 	-0.182 	-0.017 	-0.094 	
84.143 	59.845 	5.937 	-0.178 	-0.053 	0.020 	
41.259 	2.317 	28.302 	-0.121 	-0.097 	0.058 	
26.826 	-33.046 	30.939 	0.107 	-0.130 	-0.008 	
1.820 	-2.814 	49.254 	-0.096 	-0.236 	-0.025 	
78.407 	-29.135 	22.133 	-0.226 	-0.065 	-0.082 	
94.842 	-35.854 	29.025 	-0.183 	-0.071 	0.153 	
17.920 	-55.089 	-17.497 	0.027 	-0.041 	0.007 	
22.643 	-23.591 	-23.358 	-0.087 	0.174 	0.068 	
-32.357 	-32.133 	-24.863 	-0.040 	0.021 	-0.138 	
46.666 	-69.446 	19.654 	-0.041 	-0.002 	0.017 	
0.576 	-8.798 	27.502 	0.057 	-0.017 	0.053 	
-19.423 	-40.582 	5.156 	-0.053 	0.059 	-0.013 	
-8.452 	-13.646 	14.290 	-0.010 	0.151 	0.013 	
39.077 	-41.018 	3.558 	-0.050 	-0.094 	-0.205 	
226.005 	-23.292 	-24.887 	-0.073 	-0.019 	0.021 	
164.901 	-36.732 	4.273 	-0.190 	-0.047 	-0.055 	
-42.580 	-27.385 	33.853 	0.007 	0.164 	0.068 	
-6.593 	-26.120 	2.756 	-0.137 	0.245 	0.044 	
47.707 	-11.880 	29.792 	-0.136 	0.015 	0.023 	
-262.426 	99.297 	75.468 	-1.013 	0.620 	0.367 	
5.864 	17.973 	11.629 	0.039 	0.005 	-0.065 	
128.696 	-37.458 	-17.468 	-0.200 	-0.112 	0.033 	
153.535 	-44.426 	-11.435 	-0.173 	0.100 	-0.007 	
113.413 	-0.377 	12.146 	-0.248 	-0.049 	-0.004 	
59.270 	-23.738 	54.339 	-0.080 	0.097 	0.045 	
-34.299 	-15.908 	40.040 	-0.015 	-0.079 	0.034 	
18.965 	-10.612 	26.850 	0.056 	0.101 	0.110 	
8.507 	-0.209 	11.902 	0.084 	-0.009 	-0.077 	
-28.831 	2.309 	-15.919 	-0.011 	0.071 	-0.044 	
38.978 	-37.284 	-3.289 	-0.085 	-0.187 	0.016 	
70.195 	-21.447 	15.535 	-0.184 	-0.027 	-0.059 	
-115.254 	128.143 	-69.463 	-0.228 	0.073 	-0.053 	
30.766 	3.548 	14.304 	-0.158 	-0.044 	-0.167 	
-42.492 	-38.766 	23.268 	0.047 	-0.007 	-0.071 	
20.570 	9.627 	22.048 	0.038 	0.103 	-0.089 	
98.596 	1.386 	10.234 	-0.211 	0.025 	0.070 	
15.201 	-25.514 	-15.573 	-0.078 	0.067 	-0.177 	
33.416 	15.078 	7.873 	0.044 	0.081 	-0.016 	
-6.029 	3.870 	12.838 	-0.147 	0.045 	-0.013 	
120.983 	-66.600 	65.329 	-0.121 	0.035 	-0.057 	
-5.790 	6.218 	4.138 	-0.038 	0.025 	0.003 	
10.616 	-51.540 	4.227 	0.040 	-0.056 	0.089 	
6.854 	-37.306 	-5.335 	-0.146 	-0.133 	0.182 	
14.916 	-10.747 	-6.271 	-0.096 	-0.044 	-0.216 	
43.873 	-23.427 	19.012 	0.034 	0.114 	-0.079 	
-27.722 	17.969 	-27.319 	0.025 	-0.078 	-0.080 	
-22.882 	-48.226 	55.601 	-0.127 	-0.030 	-0.036 	
34.566 	-19.071 	35.324 	-0.008 	0.060 	0.003 	
8.013 	-14.029 	-10.329 	0.084 	0.085 	0.101 	
143.830 	86.020 	-5.468 	-0.120 	-0.023 	-0.041 	
-33.209 	-32.487 	10.363 	0.069 	0.118 	-0.090 	
70.011 	-30.818 	-27.155 	-0.064 	0.014 	0.005 	
36.905 	-49.560 	77.661 	-0.158 	0.034 	-0.114 	
-3.479 	-26.709 	-9.738 	0.021 	-0.137 	-0.057 	
-16.043 	-59.982 	-2.131 	0.011 	-0.049 	-0.029 	
85.904 	-24.390 	56.215 	-0.110 	-0.142 	-0.052 	
114.654 	-8.283 	5.303 	-0.112 	-0.206 	0.031 	
27.173 	-15.126 	37.074 	-0.067 	-0.188 	-0.015 	
4.018 	2.456 	-28.383 	-0.116 	-0.165 	0.119 	
280.597 	-697.838 	493.938 	0.104 	-1.022 	0.719 	
14.101 	-14.325 	13.086 	0.062 	-0.187 	0.151 	
-42.299 	-106.345 	-5.689 	-0.098 	0.069 	-0.096 	
7.170 	-16.651 	-13.528 	0.026 	0.054 	0.137 	
8.049 	-51.644 	22.094 	0.009 	0.019 	0.196 	
155.003 	35.550 	8.915 	-0.149 	-0.016 	-0.022 	
150.328 	114.703 	118.415 	-0.075 	0.017 	0.028 	
46.038 	56.887 	-43.735 	-0.123 	0.022 	0.069 	
-24.677 	-29.488 	29.324 	0.023 	0.025 	0.041 	
79.101 	-25.672 	-11.308 	0.001 	0.022 	-0.097 	
-21.552 	-14.389 	-0.050 	-0.092 	-0.083 	-0.027 	
116.445 	5.398 	3.978 	-0.197 	-0.015 	0.071 	
-2.768 	26.453 	41.418 	0.007 	0.016 	0.121 	
364.942 	-478.503 	-380.241 	0.265 	-0.444 	-0.395 	
-50.165 	-22.957 	14.542 	-0.117 	0.096 	0.007 	
35.564 	-104.539 	-24.328 	-0.169 	0.084 	0.021 	
20.998 	-8.734 	6.040 	-0.118 	0.178 	0.005 	
71.763 	-27.958 	-1.700 	-0.173 	-0.032 	0.133 	
51.426 	1.695 	25.206 	-0.187 	-0.179 	-0.074 	
121.671 	6.679 	92.958 	-0.122 	0.057 	-0.029 	
98.493 	-25.760 	16.241 	-0.200 	-0.178 	-0.136 	
181.970 	-20.213 	-21.356 	-0.135 	0.036 	0.112 	
144.005 	-49.394 	-12.042 	-0.152 	0.024 	0.078 	
143.712 	87.365 	-80.284 	-0.075 	0.028 	-0.011 	
101.919 	44.786 	2.024 	-0.190 	-0.071 	-0.039 	
154.317 	-13.377 	22.411 	-0.222 	-0.034 	0.070 	
-8.901 	-27.909 	-35.304 	-0.100 	0.024 	-0.061 	
43.987 	36.310 	32.526 	0.007 	-0.092 	-0.004 	
-18.694 	-73.752 	-25.441 	-0.063 	-0.052 	0.155 	
-4.216 	70.880 	94.332 	-0.165 	-0.024 	-0.058 	
23.785 	10.686 	-19.323 	-0.042 	-0.188 	-0.021 	
18.614 	-138.005 	4.231 	-0.104 	0.046 	-0.038 	
15.273 	-44.844 	-1.854 	0.120 	0.171 	0.079 	
-206.236 	-465.968 	2283.346 	-0.288 	-0.580 	2.450 	
15.869 	-19.200 	27.200 	-0.126 	-0.018 	-0.004 	
-17.104 	2.035 	5.855 	-0.092 	-0.028 	0.233 	
147.114 	-150.596 	118.059 	-0.105 	-0.041 	0.012 	
37.623 	-58.461 	27.947 	-0.008 	-0.096 	0.057 	
85.534 	-21.494 	-27.454 	-0.040 	0.079 	-0.080 	
31.224 	-50.362 	-34.912 	-0.029 	0.161 	0.121 	
-15.098 	69.590 	84.424 	-0.139 	-0.095 	-0.014 	
85.751 	-11.156 	26.410 	-0.260 	-0.035 	0.017 	
67.329 	-36.165 	7.637 	-0.169 	0.054 	-0.188 	
45.180 	-10.735 	-23.026 	-0.067 	0.130 	0.078 	
121.552 	14.880 	-43.533 	-0.131 	0.032 	0.098 	
158.005 	22.420 	-70.606 	-0.089 	-0.063 	0.019 	
-17.378 	-31.276 	25.630 	-0.079 	0.038 	-0.024 	
26.940 	-65.992 	34.133 	-0.169 	-0.502 	0.009 	
-1.406 	-15.755 	-29.593 	-0.028 	-0.058 	-0.010 	
24.233 	-19.984 	-18.580 	-0.077 	0.058 	-0.007 	
29.722 	-15.200 	29.877 	0.142 	-0.129 	0.101 	
45.467 	-6.551 	38.455 	-0.100 	0.027 	0.107 	
-73.494 	-11.052 	-5.577 	-0.047 	0.046 	0.145 	
218.315 	87.423 	49.786 	-0.043 	-0.002 	-0.025 	
39.634 	4.230 	32.761 	-0.011 	-0.019 	-0.069 	
117.087 	76.318 	-47.408 	-0.096 	-0.051 	0.049 	
92.923 	-14.793 	52.187 	-0.156 	-0.010 	-0.120 	
36.125 	-36.521 	7.496 	-0.178 	-0.162 	0.063 	
7.645 	-35.312 	5.391 	0.022 	0.027 	0.184 	
115.314 	-85.351 	-104.130 	-0.106 	-0.035 	0.036 	
56.080 	-19.670 	26.973 	-0.061 	-0.259 	0.115 	
18.241 	82.612 	-279.507 	-0.068 	0.030 	-0.135 	
148.932 	-28.224 	29.140 	-0.161 	-0.021 	0.076 	
66.063 	-9.845 	30.761 	-0.189 	-0.107 	0.157 	
124.888 	-18.811 	-4.833 	-0.226 	-0.026 	0.047 	
-2.023 	-41.772 	-4.245 	-0.001 	0.061 	-0.220 	
4.352 	-45.244 	-24.225 	-0.170 	0.038 	-0.026 	
8.984 	-51.465 	58.512 	-0.060 	-0.061 	0.039 	
39.429 	-34.121 	-11.079 	0.048 	0.078 	-0.118 	
36.164 	-9.937 	-13.225 	-0.157 	0.093 	0.030 	
-2.643 	-36.985 	5.600 	-0.065 	-0.060 	0.087 	
11.847 	175.120 	-34.626 	-0.117 	0.063 	-0.002 	
102.097 	-37.748 	-89.705 	-0.042 	0.045 	0.084 	
136.326 	-1.523 	84.775 	-0.136 	-0.047 	0.022 	
119.216 	-31.090 	45.248 	-0.232 	-0.093 	-0.051 	
-357.315 	520.834 	314.087 	-0.467 	0.563 	0.304 	
210.427 	80.161 	-95.778 	-0.055 	0.041 	-0.004 	
123.745 	-9.702 	16.520 	-0.254 	0.096 	-0.040 	
161.493 	27.247 	3.057 	-0.180 	-0.032 	0.025 	
74.362 	-15.214 	-36.469 	-0.180 	0.034 	0.104 	
5.438 	25.002 	8.264 	-0.034 	0.015 	0.145 	
207.957 	-27.152 	-79.465 	-0.041 	-0.085 	0.046 	
11.453 	9.085 	43.822 	-0.146 	-0.197 	-0.050 	
22.297 	10.834 	20.959 	-0.126 	-0.003 	-0.071 	
37.534 	135.999 	-64.747 	-0.138 	-0.002 	0.026 	
121.227 	-44.391 	-65.443 	-0.125 	0.028 	0.069 	
-31.573 	-44.563 	99.389 	-0.062 	-0.080 	-0.063 	
8.784 	-22.047 	-5.851 	0.078 	-0.072 	0.116 	
-29.650 	-25.065 	44.503 	-0.012 	0.032 	-0.015 	
138.310 	79.567 	31.211 	-0.105 	-0.080 	0.035 	
19.664 	-30.736 	65.865 	-0.042 	0.088 	-0.049 	
-42.838 	-93.395 	-7.325 	-0.146 	0.072 	-0.060 	
15.893 	-7.602 	-26.462 	0.056 	0.108 	0.050 	
82.628 	-33.537 	-16.424 	-0.182 	0.036 	0.171 	
4.912 	0.301 	50.833 	-0.146 	0.141 	-0.062 	
-32.370 	-45.087 	20.323 	-0.026 	0.012 	0.084 	
-19.391 	8.863 	43.250 	-0.024 	0.060 	-0.105 	
163.182 	30.029 	66.831 	-0.112 	-0.006 	0.010 	
60.344 	-14.568 	23.065 	-0.153 	-0.173 	0.142 	
30.024 	1.932 	18.673 	-0.012 	-0.035 	-0.124 	
-21.484 	87.728 	-34.103 	-0.103 	-0.079 	-0.047 	
178.110 	-218.724 	25.708 	-0.071 	-0.106 	-0.014 	
92.596 	-46.565 	60.593 	-0.188 	0.113 	-0.003 	
137.930 	26.654 	-47.066 	-0.158 	0.010 	0.018 	
24.229 	-55.716 	35.595 	0.101 	-0.092 	-0.031 	
143.613 	-19.255 	-33.045 	-0.130 	-0.057 	0.097 	
-53.487 	-40.017 	64.361 	-0.068 	-0.025 	0.013 	
83.543 	-43.245 	18.729 	-0.143 	-0.137 	-0.088 	
421.009 	530.079 	528.505 	0.155 	0.350 	0.367 	
59.513 	-56.600 	4.226 	-0.072 	-0.016 	0.126 	
155.874 	805.354 	-522.070 	-0.072 	1.124 	-0.730 	
-9.673 	-14.019 	24.070 	0.020 	-0.046 	-0.089 	
79.503 	-50.055 	-0.863 	-0.130 	-0.124 	-0.003 	
82.087 	-36.206 	2.980 	-0.136 	0.024 	0.217 	
47.630 	-35.237 	40.327 	0.002 	0.058 	-0.057 	
345.352 	1840.895 	3050.616 	1.431 	6.974 	11.464 	
6.847 	-2.117 	35.915 	-0.123 	0.196 	0.009 	
145.484 	-11.534 	-79.839 	-0.134 	0.056 	0.014 	
-61.248 	-33.955 	23.026 	-0.028 	-0.093 	-0.100 	
50.824 	-58.314 	-81.184 	-0.160 	0.055 	0.069 	
149.240 	26.111 	-41.664 	-0.126 	0.031 	0.107 	
29.479 	1.583 	22.497 	-0.088 	-0.133 	0.097 	
21.241 	2.289 	14.230 	-0.120 	0.163 	-0.005 	
39.303 	240.871 	26.153 	-0.125 	0.109 	-0.016 	
-39.768 	82.138 	-31.381 	-0.095 	-0.065 	0.038 	
2.223 	-28.886 	33.992 	-0.067 	0.119 	-0.062 	
57.169 	-26.823 	50.417 	-0.099 	0.072 	0.174 	
6.606 	-24.342 	-11.831 	0.048 	-0.138 	0.024 	
120.566 	6.016 	-86.041 	-0.077 	-0.042 	0.048 	
75.164 	-171.260 	-50.589 	-0.129 	-0.022 	0.025 	
103.727 	-42.243 	-3.829 	-0.184 	-0.068 	0.085 	
-4.230 	-52.107 	29.409 	-0.079 	-0.131 	0.086 	
10.041 	-22.942 	21.104 	-0.144 	-0.033 	0.059 	
3.166 	-21.327 	-1.572 	-0.057 	0.003 	-0.112 	
20.439 	-60.613 	2.367 	-0.089 	-0.073 	-0.162 	
29.936 	-58.883 	37.185 	-0.071 	0.034 	-0.075 	
10.783 	-85.729 	-4.765 	0.030 	0.002 	-0.024 	
66.244 	-9.539 	32.269 	-0.119 	-0.159 	0.171 	
-102.512 	188.725 	-0.243 	-0.153 	0.059 	0.048 	
30.090 	-16.628 	12.273 	-0.218 	0.048 	-0.036 	
67.557 	-9.539 	21.327 	-0.237 	-0.183 	-0.097 	
155.547 	163.073 	-37.219 	-0.080 	0.042 	0.003 	
9.142 	-32.785 	-3.314 	-0.115 	0.006 	-0.136 	
18.000 	-33.044 	-11.693 	0.013 	-0.148 	0.147 	
-96.119 	1043.570 	67.628 	-0.247 	1.414 	0.093 	
10.250 	-38.466 	-6.985 	-0.154 	0.171 	0.072 	
77.396 	-36.053 	3.912 	-0.184 	0.136 	-0.086 	
250.579 	74.248 	-37.090 	-0.043 	-0.028 	0.002 	
53.069 	-45.254 	5.549 	-0.153 	0.125 	0.206 	
16.304 	0.484 	20.874 	-0.127 	0.244 	-0.016 	
-4.629 	-0.762 	19.155 	0.061 	-0.080 	-0.062 	
105.746 	-17.068 	55.180 	-0.159 	-0.048 	-0.115 	
-23.420 	62.530 	10.616 	-0.030 	0.062 	-0.013 	
13.673 	4.519 	45.252 	-0.127 	0.020 	-0.044 	
-37.381 	4.973 	46.324 	0.018 	0.004 	0.003 	
-32.266 	-19.673 	-18.948 	0.013 	-0.078 	-0.140 	
24.566 	17.319 	-16.221 	-0.115 	0.060 	-0.082 	
246.616 	-51.880 	6.258 	-0.056 	-0.063 	0.052 	
57.474 	13.108 	-61.303 	-0.103 	-0.086 	0.094 	
-20.194 	-39.303 	2.371 	-0.107 	0.078 	-0.038 	
78.647 	4.927 	-3.416 	-0.059 	-0.217 	0.141 	
-594.511 	-849.390 	-417.597 	-0.524 	-0.570 	-0.263 	
56.850 	13.200 	27.063 	-0.051 	-0.081 	0.026 	
58.885 	19.849 	-8.747 	-0.168 	0.025 	0.165 	
-2.833 	-54.194 	23.674 	-0.095 	0.074 	0.052 	
50.829 	-50.214 	27.416 	-0.191 	0.198 	-0.108 	
95.058 	-0.457 	6.120 	-0.163 	0.079 	-0.096 	
28.584 	-25.533 	17.420 	0.043 	-0.070 	-0.017 	
3.960 	-21.476 	21.686 	0.153 	0.014 	-0.004 	
211.270 	-108.039 	2.815 	-0.059 	-0.007 	-0.024 	
27.788 	-6.753 	23.413 	0.076 	0.006 	-0.016 	
10.660 	-37.443 	1.380 	-0.051 	-0.014 	-0.044 	
19.992 	-23.025 	-12.376 	-0.087 	-0.144 	-0.076 	
201.961 	-127.551 	-8.585 	-0.059 	-0.036 	-0.059 	
-60.460 	-85.452 	19.372 	-0.028 	0.061 	-0.062 	
277.807 	-124.630 	23.542 	0.020 	-0.090 	0.023 	
12.549 	-51.176 	-26.631 	0.037 	0.067 	0.047 	
145.866 	-17.564 	4.260 	-0.180 	-0.068 	0.023 	
217.040 	57.696 	44.829 	-0.044 	-0.026 	-0.019 	
118.349 	24.837 	8.588 	-0.175 	-0.092 	-0.103 	
-27.813 	6.617 	64.542 	0.042 	-0.011 	0.170 	
38.578 	-45.817 	-10.604 	-0.119 	0.005 	-0.111 	
-9.408 	0.166 	13.845 	-0.103 	-0.061 	0.092 	
192.968 	-195.506 	58.102 	-0.046 	-0.073 	0.008 	
-2.625 	-9.098 	7.082 	-0.002 	-0.214 	-0.049 	
28.592 	-31.821 	-35.688 	-0.162 	0.113 	0.139 	
-76.631 	-13.357 	57.027 	-0.082 	-0.065 	-0.042 	
105.107 	7.413 	18.077 	-0.235 	0.068 	-0.056 	
-8.753 	-32.038 	-0.983 	-0.073 	-0.174 	-0.185 	
4.184 	26.796 	97.499 	-0.050 	-0.071 	-0.067 	
188.076 	45.927 	82.838 	-0.082 	0.034 	-0.024 	
21.472 	-92.224 	4.100 	-0.052 	-0.043 	0.039 	
232.338 	120.945 	53.830 	-0.043 	0.041 	0.001 	
27.963 	34.706 	14.217 	-0.056 	-0.196 	-0.063 	
-45.044 	-37.450 	-31.958 	0.001 	0.112 	-0.037 	
223.459 	70.986 	-87.018 	-0.033 	0.061 	-0.016 	
52.852 	-8.934 	62.369 	-0.105 	0.019 	-0.174 	
4.849 	-61.971 	-4.028 	-0.104 	-0.203 	0.038 	
234.754 	-68.565 	-43.439 	-0.058 	0.028 	0.028 	
-110.899 	-269.568 	856.239 	-0.165 	-0.178 	0.627 	
-82.853 	-24.791 	31.381 	-0.022 	-0.025 	-0.032 	
59.540 	-27.013 	48.819 	-0.175 	0.024 	-0.021 	
16.309 	-7.136 	0.162 	0.096 	0.103 	-0.197 	
17.638 	-51.180 	70.128 	-0.090 	0.026 	-0.045 	
125.637 	-5.182 	26.848 	-0.135 	0.012 	-0.164 	
1.922 	-5.916 	22.183 	-0.042 	-0.091 	-0.128 	
30.846 	-41.346 	20.885 	-0.014 	0.124 	0.001 	
135.641 	30.019 	-53.874 	-0.116 	-0.075 	0.033 	
22.929 	-15.438 	-18.733 	-0.064 	0.050 	-0.069 	
-11.446 	29.800 	8.606 	-0.016 	0.038 	0.042 	
74.797 	-28.840 	45.334 	-0.150 	0.080 	0.074 	
29.999 	-25.796 	6.137 	0.011 	0.056 	0.057 	
-5.567 	-15.692 	-19.866 	-0.116 	-0.118 	-0.104 	
1.869 	-47.242 	-11.069 	0.068 	-0.098 	0.117 	
46.438 	-10.091 	-8.892 	-0.139 	-0.006 	-0.086 	
169.308 	-75.812 	-0.502 	-0.077 	0.054 	0.020 	
56.605 	-77.648 	46.206 	-0.085 	0.121 	-0.074 	
143.680 	-10.435 	38.050 	-0.174 	-0.009 	-0.032 	
-15.729 	15.877 	-11.118 	0.109 	0.034 	-0.062 	
-23.689 	-7.921 	26.498 	0.038 	-0.003 	-0.029 	
168.044 	-62.472 	75.011 	-0.083 	0.056 	0.001 	
-3.938 	-65.013 	-112.375 	-0.092 	-0.001 	0.044 	
27.984 	-16.560 	-2.602 	-0.280 	-0.055 	-0.163 	
-3.858 	-16.039 	15.392 	-0.131 	-0.056 	0.209 	
-28.142 	-27.665 	-16.201 	-0.133 	-0.040 	-0.078 	
130.264 	-88.780 	80.876 	-0.101 	0.051 	0.062 	
3.954 	-3.197 	-7.624 	-0.113 	-0.029 	-0.001 	
-6.958 	0.128 	58.890 	-0.026 	0.012 	-0.005 	
-35.515 	-24.742 	80.218 	-0.113 	-0.081 	-0.120 	
3.890 	-37.271 	-11.823 	-0.016 	0.175 	-0.096 	
16.449 	-30.540 	-1.493 	-0.224 	0.008 	0.032 	
39.285 	-936.451 	-163.342 	-0.060 	-1.312 	-0.224 	
25.669 	-54.474 	7.927 	-0.066 	-0.150 	0.047 	
129.295 	0.893 	44.416 	-0.180 	-0.138 	-0.036 	
-63.540 	-43.551 	30.006 	0.054 	0.032 	0.074 	
5.517 	3.760 	33.686 	-0.038 	0.017 	0.056 	
246.738 	72.139 	107.629 	-0.030 	-0.034 	0.077 	
21.094 	14.241 	-2.293 	0.032 	0.155 	0.090 	
-26.359 	30.159 	39.866 	0.084 	0.013 	0.114 	
90.589 	24.825 	103.286 	-0.105 	0.047 	-0.079 	
-22.072 	-14.934 	-7.904 	-0.017 	0.125 	0.080 	
-18.901 	32.385 	27.440 	0.032 	-0.046 	0.091 	
77.488 	-28.396 	20.837 	-0.313 	-0.051 	-0.062 	
-12.845 	-44.767 	-9.459 	-0.019 	-0.162 	0.117 	
59.999 	-4.751 	5.127 	-0.173 	-0.048 	-0.110 	
143.357 	-13.282 	-13.053 	-0.193 	0.013 	-0.075 	
-27.528 	-66.923 	33.120 	-0.060 	-0.098 	0.042 	
278.059 	25.389 	31.227 	0.012 	-0.043 	-0.043 	
221.053 	-228.763 	-155.326 	0.888 	-0.667 	-0.539 	
29.975 	11.383 	8.131 	-0.090 	-0.006 	0.042 	
20.785 	-30.547 	40.261 	-0.175 	0.023 	0.189 	
37.757 	-15.626 	34.513 	-0.060 	-0.048 	-0.101 	
