## Las primeras 500 lineas corresponden a la esfera 1 
##las siguienets 500 lineas a la esfera 2
## Las primeras tres columnas corresponden a la posición en 'x', 'y' y 'z', las siguientes tres a las velocidades
64.726 	-18.392 	-1.257 	0.231 	-0.131 	-0.107 	
152.567 	-5.907 	13.711 	-0.049 	-0.092 	0.024 	
146.004 	-45.891 	-9.676 	0.006 	-0.035 	-0.007 	
-476.198 	575.303 	-61.637 	-0.341 	0.406 	-0.073 	
158.971 	9.841 	-20.367 	0.046 	-0.045 	-0.136 	
67.494 	-16.186 	25.125 	-0.040 	0.054 	0.093 	
155.057 	-13.162 	28.469 	-0.075 	-0.061 	0.190 	
80.065 	2.449 	1.177 	0.194 	-0.140 	-0.157 	
73.377 	-29.026 	16.973 	0.139 	0.071 	0.050 	
67.356 	-4.936 	3.256 	-0.038 	0.039 	0.035 	
-75.553 	441.973 	-240.431 	-0.075 	0.391 	-0.210 	
124.907 	-26.369 	-15.165 	0.066 	-0.073 	0.036 	
327.710 	-444.623 	307.602 	0.271 	-0.358 	0.256 	
127.366 	-50.330 	2.112 	-0.076 	-0.175 	-0.011 	
63.355 	-36.123 	23.844 	0.109 	0.213 	-0.054 	
88.493 	-28.799 	14.159 	0.094 	-0.221 	0.020 	
74.427 	-30.246 	27.478 	0.122 	0.193 	-0.117 	
78.341 	8.374 	-174.927 	0.056 	-0.075 	-0.023 	
97.015 	-46.432 	12.686 	0.186 	-0.027 	-0.063 	
45.582 	20.732 	37.714 	0.085 	0.137 	0.052 	
119.903 	28.697 	14.381 	0.064 	-0.031 	-0.209 	
167.479 	52.364 	47.618 	0.038 	-0.098 	-0.094 	
117.920 	-7.831 	17.824 	0.087 	-0.201 	0.027 	
132.350 	-31.982 	23.804 	0.046 	-0.152 	0.121 	
150.194 	-7.987 	42.671 	-0.016 	-0.037 	0.059 	
159.467 	-13.505 	0.446 	-0.048 	0.011 	0.072 	
152.137 	-33.954 	-2.151 	0.032 	-0.023 	-0.076 	
138.627 	-27.032 	13.524 	-0.055 	0.161 	-0.088 	
115.979 	-16.343 	1.249 	0.075 	0.064 	0.109 	
148.659 	-3.297 	-8.349 	0.125 	-0.026 	0.091 	
104.994 	-8.887 	20.470 	0.056 	-0.125 	-0.021 	
72.490 	-29.710 	-4.201 	-0.002 	0.207 	0.035 	
92.100 	7.070 	-4.008 	-0.022 	0.021 	0.028 	
171.812 	-27.307 	-14.807 	0.009 	0.078 	0.028 	
144.056 	27.629 	-6.823 	-0.049 	0.041 	-0.050 	
56.541 	-21.435 	18.057 	0.012 	0.159 	0.010 	
47.103 	27.643 	-87.415 	0.133 	0.011 	0.065 	
203.734 	24.299 	9.391 	0.069 	-0.016 	0.045 	
92.635 	-34.488 	15.830 	0.217 	-0.052 	0.090 	
90.546 	-9.815 	9.608 	0.064 	-0.018 	0.089 	
117.833 	-50.868 	25.782 	0.031 	0.171 	0.009 	
123.552 	-21.401 	3.032 	0.043 	-0.051 	0.124 	
116.538 	-26.336 	-6.896 	-0.141 	-0.021 	0.029 	
-39.710 	0.927 	63.675 	0.132 	0.011 	0.000 	
118.599 	20.696 	-56.239 	-0.055 	0.104 	-0.112 	
110.945 	-47.362 	7.386 	0.083 	-0.039 	-0.107 	
232.237 	-53.159 	58.506 	-0.004 	0.006 	0.043 	
99.761 	-28.358 	24.252 	-0.008 	0.104 	-0.060 	
179.519 	-0.971 	37.725 	-0.032 	0.157 	0.090 	
115.499 	-51.336 	5.642 	-0.013 	-0.133 	0.095 	
64.444 	-63.565 	-41.846 	0.130 	0.053 	0.139 	
75.009 	5.311 	13.576 	0.150 	-0.165 	0.110 	
150.167 	22.754 	38.686 	-0.001 	0.122 	-0.005 	
102.312 	-20.997 	9.763 	0.189 	0.025 	0.029 	
92.770 	-1.293 	11.114 	0.080 	0.052 	0.028 	
100.567 	-21.111 	22.616 	0.031 	0.242 	-0.121 	
118.599 	-50.865 	-27.632 	0.137 	0.042 	0.178 	
143.250 	9.204 	41.877 	0.059 	0.157 	0.124 	
-66.765 	133.684 	-6.732 	0.010 	0.009 	0.026 	
125.441 	-44.721 	-58.356 	-0.042 	-0.002 	-0.061 	
-34.998 	-39.285 	32.919 	0.177 	-0.041 	-0.033 	
109.906 	8.337 	23.638 	-0.092 	-0.009 	-0.050 	
26.617 	-23.637 	15.408 	0.262 	-0.056 	-0.032 	
168.796 	44.924 	23.497 	0.011 	-0.116 	0.037 	
6.014 	-212.914 	18.477 	-0.021 	-0.092 	0.001 	
150.902 	2.411 	72.349 	-0.052 	0.044 	0.037 	
-182.994 	-406.280 	-322.781 	-0.184 	-0.298 	-0.245 	
-84.133 	142.196 	-70.236 	0.008 	0.031 	-0.027 	
172.476 	-16.291 	40.188 	-0.037 	0.034 	0.046 	
80.832 	-77.124 	-0.219 	0.129 	0.106 	-0.112 	
115.797 	-38.277 	13.225 	0.047 	0.170 	0.072 	
152.225 	-37.574 	1.014 	-0.137 	-0.085 	-0.062 	
-37.620 	139.272 	-9.986 	0.009 	0.009 	0.044 	
71.178 	-1.288 	14.259 	0.050 	-0.081 	-0.133 	
65.992 	-18.178 	5.701 	0.208 	0.147 	0.013 	
239.190 	-7.706 	-6.778 	0.044 	0.025 	0.131 	
68.175 	25.967 	15.556 	0.190 	0.123 	0.048 	
206.321 	328.927 	567.467 	0.137 	0.203 	0.360 	
9.101 	17.798 	-24.159 	0.072 	-0.034 	0.171 	
99.245 	1.444 	7.034 	0.095 	0.118 	-0.158 	
42.572 	-16.225 	-7.907 	0.154 	0.139 	0.129 	
56.830 	-24.315 	0.926 	0.154 	-0.072 	-0.136 	
214.590 	33.844 	38.686 	0.032 	-0.099 	-0.032 	
-58.713 	-200.914 	243.861 	-0.021 	-0.067 	0.119 	
127.070 	-25.497 	48.690 	-0.039 	-0.045 	0.130 	
-105.309 	-49.444 	-114.863 	0.026 	0.004 	0.004 	
131.684 	-7.121 	-32.268 	0.049 	0.075 	0.169 	
-50.233 	-24.734 	72.194 	0.107 	0.028 	-0.028 	
116.101 	-4.455 	0.602 	0.093 	-0.057 	0.042 	
132.991 	37.585 	-0.118 	0.036 	0.085 	-0.121 	
133.554 	29.794 	-3.740 	0.011 	-0.179 	0.002 	
44.151 	71.677 	150.555 	0.076 	-0.028 	0.031 	
93.939 	2.912 	19.698 	0.049 	0.188 	-0.159 	
68.721 	-153.815 	34.669 	0.108 	0.026 	0.063 	
70.653 	-37.402 	18.375 	-0.056 	0.067 	0.036 	
-100.291 	122.749 	-58.711 	0.037 	0.036 	0.024 	
160.349 	-7.949 	9.375 	-0.056 	0.046 	0.083 	
829.833 	-863.323 	-22.535 	0.615 	-0.669 	0.004 	
1271.879 	-1188.311 	-2481.714 	0.871 	-0.795 	-1.651 	
91.512 	32.236 	-1.248 	0.006 	0.087 	0.015 	
87.066 	-44.728 	-23.877 	0.061 	0.112 	-0.077 	
-9.662 	-16.300 	75.784 	0.095 	-0.024 	-0.102 	
85.413 	3.493 	7.798 	-0.034 	0.195 	0.080 	
76.179 	-28.533 	-7.300 	0.099 	-0.197 	0.007 	
1185.121 	-857.396 	720.839 	0.756 	-0.524 	0.451 	
-1143.173 	1477.291 	2655.158 	-0.730 	0.971 	1.752 	
129.375 	-35.304 	20.400 	0.703 	-0.025 	0.065 	
62.218 	-49.344 	13.132 	0.025 	0.041 	-0.001 	
123.401 	-4.416 	52.791 	-0.048 	0.183 	-0.001 	
228.348 	-182.445 	76.804 	0.138 	-0.020 	0.069 	
87.954 	-15.372 	28.746 	0.057 	0.161 	-0.174 	
61.020 	-8.088 	-1.367 	0.195 	-0.065 	0.111 	
176.318 	-60.358 	22.128 	-0.105 	-0.076 	0.066 	
-132.147 	61.974 	14.404 	-0.010 	-0.035 	0.052 	
76.607 	-28.886 	-1.067 	0.118 	0.105 	0.073 	
142.386 	-40.810 	-0.203 	0.093 	0.034 	-0.025 	
79.249 	-1.190 	37.176 	0.037 	0.053 	-0.162 	
-24.705 	-241.360 	85.082 	0.061 	-0.108 	0.003 	
125.419 	-99.560 	67.326 	0.037 	0.097 	0.066 	
-2.108 	-26.876 	20.168 	0.200 	0.032 	-0.036 	
80.585 	19.985 	118.998 	0.124 	-0.029 	-0.063 	
175.973 	-65.827 	74.375 	0.005 	0.086 	0.067 	
83.978 	-42.029 	28.995 	-0.019 	-0.112 	-0.082 	
56.044 	14.384 	-11.720 	-0.027 	0.102 	0.035 	
30.853 	-25.850 	9.408 	0.211 	0.089 	0.057 	
65.595 	-16.038 	34.772 	-0.177 	-0.093 	-0.096 	
100.212 	-23.397 	20.458 	0.142 	-0.075 	-0.209 	
-19.221 	-47.001 	-23.255 	0.083 	-0.003 	0.133 	
86.788 	-45.627 	27.097 	0.111 	0.012 	-0.199 	
112.867 	20.924 	16.388 	0.037 	0.197 	0.076 	
92.907 	-22.629 	5.302 	0.198 	-0.126 	0.117 	
25.629 	-11.663 	-16.539 	0.169 	-0.087 	0.174 	
60.714 	-0.235 	27.015 	0.129 	0.103 	0.137 	
64.730 	-46.028 	46.690 	0.087 	-0.073 	0.149 	
75.410 	-24.700 	35.336 	0.045 	-0.101 	0.020 	
149.191 	-1.945 	-3.198 	0.054 	0.029 	0.200 	
62.953 	24.889 	23.703 	0.030 	0.052 	0.145 	
151.412 	25.090 	-38.205 	0.089 	0.079 	-0.098 	
-1826.011 	-576.943 	-1143.512 	-5.694 	-1.675 	-3.368 	
-956.330 	790.465 	-485.210 	-0.558 	0.482 	-0.286 	
160.462 	16.120 	-13.958 	0.019 	0.050 	-0.123 	
-88.122 	-8.907 	95.693 	-0.342 	-0.062 	0.207 	
67.874 	-22.565 	-18.179 	0.174 	0.102 	0.036 	
80.906 	-10.823 	-4.941 	0.171 	-0.181 	-0.088 	
79.777 	-3.733 	17.895 	0.182 	0.057 	0.016 	
146.879 	34.049 	-35.369 	0.027 	0.068 	-0.063 	
99.142 	4.751 	43.944 	0.091 	-0.169 	0.156 	
57.649 	-52.780 	-12.316 	0.156 	0.059 	0.146 	
76.603 	-12.634 	56.626 	-0.087 	0.039 	0.160 	
145.414 	6.423 	14.253 	0.068 	0.086 	-0.028 	
117.305 	26.686 	-2.759 	0.041 	-0.007 	0.132 	
79.098 	-26.539 	-10.037 	0.260 	-0.114 	-0.127 	
75.741 	-22.226 	-1.635 	0.020 	0.219 	0.071 	
97.243 	-20.512 	47.247 	0.095 	-0.098 	0.105 	
84.735 	-25.790 	30.750 	0.143 	-0.204 	0.040 	
23.006 	-6.286 	43.946 	0.195 	0.042 	-0.014 	
152.213 	1.676 	4.009 	-0.125 	0.001 	0.079 	
105.640 	2.653 	9.020 	0.079 	-0.047 	0.020 	
111.211 	-24.828 	-17.728 	0.194 	0.130 	-0.297 	
75.432 	23.936 	-25.928 	-0.006 	0.069 	-0.038 	
182.284 	10.609 	-36.809 	0.043 	0.123 	-0.021 	
10.059 	109.506 	-76.042 	0.105 	-0.010 	-0.034 	
82.252 	-17.394 	21.626 	0.113 	-0.165 	0.112 	
145.626 	-57.738 	17.739 	-0.021 	0.000 	-0.126 	
64.531 	-4.368 	20.213 	0.091 	-0.103 	0.236 	
55.170 	-26.000 	38.200 	0.172 	0.041 	-0.143 	
80.634 	-47.989 	28.608 	0.161 	-0.081 	0.058 	
158.156 	-31.836 	62.103 	0.030 	0.139 	0.008 	
76.682 	-42.758 	27.723 	0.050 	0.163 	-0.163 	
79.560 	10.798 	17.464 	0.086 	-0.082 	-0.017 	
56.906 	-41.407 	41.797 	0.152 	-0.001 	-0.227 	
149.725 	-46.601 	39.721 	0.020 	0.074 	0.042 	
59.684 	-8.368 	6.275 	0.164 	0.061 	0.189 	
66.502 	-27.046 	51.074 	0.039 	0.220 	0.044 	
102.126 	-20.650 	14.455 	0.172 	-0.062 	0.040 	
-78.761 	-126.952 	-100.354 	-0.013 	-0.013 	0.025 	
97.833 	-24.558 	23.918 	0.095 	-0.046 	0.011 	
145.376 	-63.087 	-3.934 	0.001 	-0.085 	0.122 	
123.045 	37.372 	-67.800 	0.084 	0.046 	-0.180 	
129.030 	7.764 	35.592 	0.001 	-0.187 	-0.102 	
184.881 	17.139 	116.947 	0.054 	-0.035 	-0.038 	
55.854 	0.438 	39.506 	0.180 	0.022 	0.120 	
127.906 	-72.517 	28.019 	-0.059 	0.024 	0.035 	
20.384 	-68.224 	35.751 	0.121 	0.090 	-0.092 	
76.728 	29.088 	-80.055 	0.120 	-0.055 	0.072 	
93.050 	-20.712 	11.075 	0.183 	0.127 	0.121 	
-82.425 	2.715 	180.353 	0.027 	0.059 	0.074 	
83.343 	-35.313 	5.318 	0.200 	-0.008 	-0.092 	
97.090 	2.346 	14.104 	0.122 	-0.224 	-0.063 	
41.787 	-45.550 	-24.641 	0.147 	0.071 	0.175 	
136.753 	-24.324 	102.871 	-0.004 	0.003 	0.059 	
169.229 	-51.989 	-6.463 	-0.047 	-0.019 	-0.047 	
100.675 	7.774 	5.995 	-0.040 	-0.012 	-0.008 	
3.717 	33.896 	-7.979 	0.154 	-0.098 	0.093 	
-7.921 	-30.160 	16.005 	0.202 	0.032 	0.032 	
120.431 	1.889 	42.837 	0.054 	-0.024 	0.077 	
401.773 	-9.042 	75.566 	0.900 	0.118 	0.180 	
92.140 	-18.739 	-27.439 	-0.022 	-0.097 	-0.113 	
147.848 	-51.770 	-14.923 	-0.010 	-0.136 	-0.119 	
174.142 	-24.194 	34.538 	0.012 	-0.016 	-0.063 	
121.935 	-29.607 	-11.188 	0.111 	0.166 	-0.011 	
158.597 	-41.250 	12.919 	0.068 	-0.134 	-0.029 	
158.282 	-13.691 	35.063 	0.067 	-0.055 	-0.061 	
69.287 	-16.497 	22.134 	0.195 	0.076 	0.147 	
98.962 	-20.496 	44.360 	0.103 	-0.130 	0.340 	
56.678 	-37.842 	-7.702 	0.198 	0.201 	-0.049 	
116.519 	12.114 	32.881 	-0.065 	0.071 	-0.087 	
97.424 	-8.367 	2.472 	0.128 	0.069 	-0.124 	
141.554 	23.674 	-0.379 	-0.055 	-0.088 	0.004 	
139.105 	-36.449 	19.367 	0.134 	-0.131 	-0.055 	
130.881 	7.545 	-18.065 	0.087 	-0.114 	-0.061 	
273.866 	-90.911 	103.470 	0.145 	-0.064 	0.025 	
89.597 	-36.051 	21.403 	0.181 	0.121 	-0.052 	
180.407 	-35.128 	63.147 	-0.024 	-0.026 	0.034 	
120.524 	-16.669 	-12.033 	0.115 	-0.234 	0.006 	
25.596 	-23.458 	37.439 	0.237 	0.075 	-0.064 	
102.025 	-1.172 	-161.639 	0.072 	-0.053 	-0.018 	
-50.204 	5.909 	26.012 	0.080 	-0.118 	-0.030 	
-12.825 	10.093 	-81.835 	0.089 	-0.092 	-0.002 	
88.584 	1.313 	12.433 	0.117 	-0.038 	0.168 	
91.368 	-67.578 	-0.136 	0.045 	0.163 	0.087 	
128.075 	5.619 	66.103 	-0.084 	0.106 	-0.026 	
41.743 	-21.517 	7.758 	0.222 	0.063 	0.222 	
47.109 	-24.515 	-6.367 	0.202 	-0.034 	-0.011 	
46.684 	-19.091 	21.105 	0.084 	0.020 	0.216 	
-27.198 	76.488 	23.065 	0.117 	-0.056 	0.018 	
124.559 	-23.261 	25.114 	0.144 	-0.126 	0.059 	
88.357 	-23.719 	47.376 	0.030 	-0.084 	0.027 	
92.571 	-50.036 	17.866 	0.061 	-0.088 	0.098 	
66.162 	-58.543 	10.031 	0.217 	0.105 	-0.067 	
48.272 	-45.065 	-5.270 	0.128 	0.109 	-0.159 	
78.676 	-58.500 	18.526 	0.129 	-0.036 	-0.099 	
66.808 	-17.937 	31.857 	0.206 	0.097 	-0.109 	
78.189 	-12.828 	23.717 	0.186 	-0.252 	0.038 	
42.793 	6.101 	11.918 	0.069 	-0.242 	0.077 	
45.727 	-15.256 	-9.590 	0.221 	0.035 	-0.112 	
156.308 	-17.617 	8.605 	0.025 	-0.034 	0.003 	
161.959 	-45.598 	-18.326 	-0.002 	0.091 	0.114 	
204.806 	-23.280 	25.126 	-0.018 	-0.011 	-0.078 	
198.242 	138.771 	-40.725 	0.067 	0.005 	0.048 	
98.401 	-63.813 	47.835 	0.121 	-0.216 	0.031 	
143.370 	-48.661 	0.168 	0.099 	-0.017 	-0.089 	
129.085 	5.474 	30.554 	-0.070 	-0.086 	0.267 	
-24.420 	181.023 	56.877 	0.066 	0.056 	0.039 	
128.126 	27.836 	23.066 	0.008 	-0.056 	0.084 	
94.585 	-4.124 	25.858 	0.053 	0.006 	-0.106 	
82.296 	-8.831 	-2.453 	0.181 	0.082 	0.032 	
141.249 	39.935 	-4.557 	-0.027 	0.032 	0.089 	
186.361 	-13.680 	98.407 	-0.009 	0.077 	0.091 	
251.213 	-9.979 	48.114 	0.050 	-0.003 	0.055 	
454.516 	257.553 	106.181 	0.343 	0.224 	0.076 	
93.906 	-31.414 	27.790 	0.156 	-0.254 	0.134 	
62.440 	-20.444 	-9.452 	0.140 	-0.117 	-0.007 	
-0.781 	-60.829 	214.310 	0.081 	-0.002 	0.087 	
123.643 	19.576 	-1.499 	0.033 	-0.053 	-0.203 	
-25.377 	-77.874 	79.919 	0.066 	-0.036 	-0.059 	
119.608 	-8.728 	-17.769 	0.002 	-0.172 	0.153 	
168.172 	16.361 	-57.981 	0.119 	-0.005 	0.127 	
494.699 	250.823 	-323.939 	0.354 	0.215 	-0.217 	
80.790 	-28.404 	14.051 	0.185 	0.063 	0.183 	
99.593 	-38.725 	9.284 	0.175 	-0.021 	-0.044 	
113.840 	16.090 	51.496 	-0.065 	0.140 	-0.037 	
38.549 	-62.299 	31.503 	0.174 	0.013 	-0.105 	
96.243 	11.074 	-5.404 	0.084 	0.026 	0.051 	
147.381 	-11.833 	-57.392 	0.019 	0.045 	0.113 	
159.974 	-23.853 	51.536 	0.010 	-0.189 	0.005 	
-18.222 	-138.144 	-17.468 	0.074 	0.005 	-0.077 	
-377.318 	-87.794 	-24.163 	-0.726 	-0.067 	-0.026 	
200.268 	19.483 	135.616 	0.089 	0.045 	-0.033 	
65.148 	-44.195 	-66.225 	0.116 	0.074 	0.066 	
93.934 	22.043 	49.337 	-0.080 	0.014 	-0.038 	
125.963 	-5.849 	-3.044 	-0.010 	0.106 	0.143 	
76.809 	21.806 	23.842 	0.017 	0.039 	-0.083 	
66.805 	-32.041 	-0.203 	-0.014 	-0.108 	-0.128 	
147.933 	2.288 	47.567 	-0.062 	-0.066 	0.159 	
116.998 	-37.880 	-2.782 	0.077 	-0.012 	0.010 	
150.422 	0.386 	15.304 	-0.078 	0.059 	-0.029 	
202.795 	-17.783 	36.458 	0.477 	-0.094 	0.017 	
-34.686 	82.428 	-27.963 	0.081 	0.019 	0.061 	
109.288 	-9.757 	2.045 	-0.027 	0.132 	-0.135 	
66.315 	-54.022 	2.368 	-0.032 	-0.127 	-0.123 	
73.368 	-52.235 	34.714 	0.108 	-0.179 	0.138 	
-285.383 	-131.958 	-625.205 	-0.193 	-0.103 	-0.429 	
150.470 	-5.550 	51.144 	0.015 	0.076 	0.133 	
142.258 	-20.671 	-190.440 	0.073 	-0.029 	-0.037 	
96.315 	4.055 	16.229 	0.036 	-0.100 	-0.130 	
57.944 	-15.767 	57.999 	0.050 	-0.122 	0.207 	
90.652 	34.185 	-6.927 	-0.092 	0.035 	-0.018 	
108.883 	-29.540 	5.730 	0.018 	-0.033 	0.082 	
73.135 	70.705 	-179.709 	0.023 	-0.008 	-0.041 	
152.714 	-23.236 	-15.179 	-0.039 	-0.038 	-0.165 	
158.875 	-32.745 	-4.748 	0.034 	-0.063 	-0.021 	
53.957 	-37.674 	-9.916 	0.205 	0.017 	0.117 	
63.855 	5.919 	36.733 	0.098 	0.040 	0.084 	
91.881 	-3.217 	50.335 	-0.011 	-0.028 	0.092 	
77.081 	-10.650 	35.782 	0.156 	0.017 	0.006 	
262.897 	-9.942 	32.663 	0.127 	-0.103 	0.003 	
-26.938 	-22.249 	-10.651 	0.198 	0.044 	-0.020 	
109.101 	-23.990 	18.855 	-0.017 	-0.010 	0.073 	
152.952 	-39.499 	-17.101 	0.025 	-0.003 	0.074 	
64.579 	-18.542 	3.210 	0.083 	0.144 	0.056 	
144.689 	7.566 	29.190 	-0.031 	0.097 	0.122 	
181.364 	-13.325 	-14.951 	-0.002 	0.010 	-0.023 	
169.151 	-16.321 	-23.584 	-0.011 	-0.073 	-0.059 	
88.073 	-17.515 	30.431 	0.156 	0.056 	0.166 	
50.419 	-15.503 	53.574 	0.206 	-0.057 	0.007 	
44.549 	-64.578 	8.380 	0.056 	0.185 	0.045 	
115.259 	-24.740 	64.245 	-0.028 	0.179 	0.030 	
87.533 	-33.798 	4.537 	-0.035 	0.058 	-0.154 	
119.710 	-52.563 	-6.872 	-0.060 	-0.078 	-0.150 	
79.011 	-9.022 	12.585 	0.186 	0.094 	-0.011 	
148.070 	-27.198 	7.771 	0.070 	0.092 	0.092 	
-32.328 	4.132 	89.902 	0.065 	0.030 	-0.080 	
44.572 	15.684 	112.349 	0.127 	0.032 	-0.060 	
-156.217 	-384.387 	310.533 	-0.188 	-0.297 	0.307 	
-113.887 	120.334 	-43.205 	0.006 	0.025 	0.027 	
103.491 	-75.079 	-52.770 	0.120 	0.072 	0.101 	
-131.016 	86.625 	183.958 	-0.006 	0.006 	0.066 	
122.604 	-10.644 	15.395 	-0.068 	0.006 	-0.068 	
137.292 	9.141 	18.483 	-0.070 	0.017 	0.009 	
140.288 	-15.104 	-27.166 	0.093 	0.133 	0.139 	
182.945 	-6.424 	9.558 	-0.032 	0.040 	0.159 	
128.361 	-29.368 	4.369 	0.094 	-0.198 	0.129 	
84.829 	-5.473 	33.143 	0.130 	0.052 	0.025 	
183.095 	13.168 	9.049 	-0.004 	0.036 	-0.024 	
44.556 	-20.078 	34.740 	0.167 	0.198 	-0.036 	
150.980 	-55.104 	6.945 	0.080 	-0.009 	-0.026 	
79.406 	1.193 	56.788 	0.151 	-0.063 	-0.158 	
4.113 	-21.139 	-9.524 	0.251 	0.018 	-0.030 	
-209.654 	936.572 	81.548 	-0.193 	0.724 	0.084 	
9.743 	-2.453 	143.387 	0.077 	-0.088 	0.004 	
104.100 	-31.959 	59.164 	-0.022 	-0.037 	0.035 	
83.859 	-4.524 	34.985 	0.098 	0.139 	-0.072 	
-12.583 	-201.760 	-107.873 	0.057 	-0.075 	-0.034 	
68.968 	10.985 	-14.814 	0.008 	0.131 	-0.080 	
-36.774 	-0.281 	17.483 	0.177 	-0.051 	0.032 	
73.248 	-2.345 	40.791 	-0.041 	0.061 	-0.069 	
74.231 	10.330 	27.934 	-0.065 	0.044 	-0.045 	
50.842 	-28.740 	34.614 	0.120 	0.046 	0.158 	
107.203 	-32.411 	0.959 	-0.098 	-0.002 	0.021 	
57.419 	-34.768 	7.680 	0.198 	0.029 	-0.255 	
178.067 	7.397 	29.490 	-0.016 	0.175 	-0.011 	
66.977 	-29.824 	14.991 	0.228 	-0.016 	0.163 	
85.876 	-32.420 	27.607 	0.191 	-0.115 	-0.141 	
60.853 	-45.082 	16.249 	0.160 	0.121 	0.013 	
217.467 	-3.479 	61.392 	0.048 	0.003 	0.046 	
44.774 	44.092 	89.382 	0.084 	-0.067 	-0.060 	
58.011 	-34.236 	5.504 	0.094 	-0.003 	-0.074 	
152.933 	-12.699 	-20.519 	0.079 	-0.013 	0.000 	
58.684 	-84.464 	42.523 	0.121 	0.143 	0.058 	
93.553 	23.182 	22.705 	0.011 	0.046 	-0.073 	
30.431 	-24.700 	20.054 	-0.190 	-0.049 	-0.016 	
148.947 	-44.977 	26.311 	-0.016 	-0.018 	0.037 	
79.972 	-1.982 	29.573 	0.211 	-0.243 	-0.018 	
-115.585 	-110.319 	20.612 	0.007 	-0.031 	0.062 	
164.014 	29.762 	-0.118 	0.048 	0.015 	-0.065 	
155.098 	-15.083 	27.249 	-0.059 	0.005 	-0.014 	
7.810 	-37.683 	-24.944 	0.165 	0.095 	0.036 	
76.613 	71.707 	10.396 	0.133 	-0.094 	-0.052 	
70.879 	-14.454 	-6.462 	0.173 	0.128 	0.027 	
145.749 	-20.150 	15.679 	0.070 	-0.043 	0.147 	
104.355 	-67.070 	4.355 	-0.024 	0.034 	0.010 	
156.750 	-62.882 	14.774 	-0.032 	-0.024 	-0.023 	
68.675 	27.201 	28.834 	0.156 	-0.065 	-0.167 	
84.086 	-8.106 	32.836 	0.163 	0.186 	0.021 	
141.520 	-50.636 	-0.905 	0.061 	-0.086 	-0.005 	
128.487 	-84.410 	-248.526 	0.077 	-0.061 	-0.096 	
72.063 	-13.879 	43.640 	0.112 	0.219 	0.089 	
114.310 	24.118 	61.334 	0.054 	-0.178 	-0.019 	
97.395 	-14.674 	37.505 	0.001 	0.248 	-0.096 	
87.688 	-19.700 	38.929 	0.091 	0.193 	-0.162 	
122.687 	-172.894 	95.129 	0.114 	-0.037 	0.026 	
176.622 	-19.394 	-15.193 	-0.047 	0.084 	0.095 	
183.196 	-214.570 	-43.907 	0.120 	-0.159 	-0.021 	
54.001 	-30.102 	20.622 	-0.312 	0.046 	0.065 	
60.579 	-39.812 	42.367 	0.193 	0.146 	0.080 	
118.242 	-46.468 	30.765 	0.007 	-0.148 	0.017 	
70.132 	-5.943 	21.926 	-0.173 	-0.125 	0.011 	
116.271 	-21.085 	38.523 	0.092 	0.077 	0.034 	
85.900 	-48.525 	-2.763 	0.016 	-0.075 	-0.050 	
163.345 	37.067 	-50.096 	-0.044 	0.055 	-0.010 	
94.114 	-74.439 	44.806 	0.047 	0.042 	-0.148 	
145.724 	-25.159 	-8.964 	0.030 	-0.076 	-0.069 	
226.363 	17.025 	36.161 	0.008 	0.102 	0.053 	
107.333 	-11.483 	35.083 	0.000 	-0.009 	-0.065 	
10.398 	-237.804 	40.098 	0.077 	-0.082 	0.025 	
34.357 	-24.387 	-7.202 	0.216 	0.064 	0.140 	
165.147 	-13.411 	-4.026 	-0.011 	0.120 	0.108 	
41.821 	-67.943 	168.029 	0.100 	0.026 	0.049 	
130.355 	-72.245 	0.163 	0.068 	-0.112 	0.056 	
124.203 	-20.136 	18.535 	-0.045 	0.036 	0.098 	
93.140 	-57.488 	66.152 	-0.040 	-0.049 	0.018 	
111.619 	-25.410 	81.416 	0.104 	0.071 	-0.132 	
94.793 	-31.087 	16.502 	0.106 	-0.073 	0.084 	
182.035 	-61.695 	-13.051 	-0.004 	0.023 	0.013 	
162.639 	-62.226 	-4.112 	0.036 	-0.032 	-0.134 	
177.834 	-59.356 	22.666 	-0.081 	-0.075 	-0.000 	
118.523 	-31.394 	9.336 	0.116 	-0.027 	-0.023 	
230.922 	-11.321 	50.563 	0.066 	-0.048 	0.139 	
95.869 	-17.399 	32.365 	0.224 	0.071 	-0.085 	
92.831 	-37.694 	46.572 	-0.022 	0.053 	0.049 	
107.003 	29.174 	0.377 	-0.137 	-0.041 	-0.008 	
96.371 	152.742 	274.278 	0.056 	0.080 	0.117 	
0.781 	-29.296 	10.238 	-0.158 	0.094 	-0.108 	
101.482 	-58.651 	7.998 	0.075 	-0.011 	0.054 	
154.754 	37.546 	-29.911 	0.007 	0.031 	0.058 	
431.565 	-471.996 	-16.037 	0.269 	-0.314 	0.004 	
94.711 	-14.969 	56.584 	0.022 	-0.123 	0.139 	
92.816 	25.997 	-38.420 	0.111 	-0.117 	0.120 	
77.839 	27.619 	13.746 	-0.090 	0.013 	0.020 	
160.397 	-8.264 	5.711 	-0.039 	0.076 	-0.004 	
57.016 	-42.506 	19.663 	0.115 	-0.213 	0.084 	
116.833 	12.182 	-18.576 	0.051 	-0.154 	-0.114 	
117.771 	-27.267 	-12.391 	-0.121 	-0.089 	-0.059 	
137.201 	22.769 	2.869 	-0.038 	0.064 	0.012 	
108.678 	-24.350 	-7.963 	0.057 	0.156 	0.200 	
124.926 	-37.125 	9.854 	-0.135 	-0.106 	-0.030 	
135.691 	-433.244 	35.782 	0.124 	-0.310 	-0.015 	
-70.372 	74.125 	-55.724 	0.026 	-0.031 	-0.049 	
181.970 	-62.880 	3.819 	0.037 	-0.060 	0.050 	
31.651 	45.981 	-41.277 	0.124 	-0.074 	0.058 	
209.593 	-112.167 	71.152 	0.103 	0.029 	-0.019 	
-13.407 	25.184 	58.718 	0.132 	0.012 	-0.101 	
101.351 	-27.013 	33.574 	0.083 	0.032 	0.034 	
109.603 	-23.941 	37.683 	0.069 	-0.168 	-0.184 	
58.835 	-168.332 	69.739 	0.118 	-0.011 	-0.030 	
109.218 	-3.448 	17.811 	-0.019 	-0.001 	0.094 	
77.463 	-31.749 	1.462 	0.148 	0.199 	-0.109 	
-129.462 	-101.176 	-27.503 	-0.018 	-0.016 	0.065 	
-105.146 	28.615 	140.592 	0.016 	-0.036 	0.028 	
59.144 	-35.263 	-17.466 	-0.210 	-0.039 	0.057 	
80.201 	-0.479 	-9.109 	-0.055 	0.123 	-0.080 	
27.727 	-12.685 	-27.238 	0.260 	0.114 	0.154 	
79.298 	6.493 	1.044 	0.051 	0.014 	-0.081 	
161.585 	-0.419 	48.578 	-0.018 	-0.005 	-0.033 	
76.109 	-59.597 	26.397 	0.131 	-0.075 	-0.009 	
162.015 	-13.497 	-37.703 	0.009 	-0.056 	-0.035 	
146.565 	-51.314 	-7.977 	0.089 	0.043 	0.023 	
109.867 	-36.678 	22.759 	-0.000 	-0.017 	0.000 	
141.712 	10.265 	38.323 	-0.003 	-0.027 	0.041 	
27.024 	16.239 	-70.747 	0.116 	-0.007 	0.090 	
82.263 	-7.299 	27.444 	0.111 	0.170 	-0.061 	
315.853 	671.518 	-2270.992 	0.265 	0.621 	-2.369 	
57.329 	-44.965 	38.192 	0.147 	0.085 	0.134 	
74.556 	-33.342 	26.310 	0.169 	-0.111 	0.021 	
-138.928 	-61.191 	-96.974 	-0.039 	-0.056 	0.006 	
105.392 	1.289 	-26.123 	0.012 	-0.045 	-0.123 	
27.274 	-18.914 	22.638 	-0.181 	-0.067 	0.076 	
147.487 	-8.764 	-2.433 	0.047 	-0.077 	0.070 	
50.421 	-31.295 	9.440 	0.224 	0.051 	0.248 	
106.378 	-34.200 	38.617 	0.135 	-0.021 	0.123 	
147.663 	-69.308 	58.398 	-0.080 	-0.123 	0.054 	
100.900 	-34.216 	34.117 	0.140 	-0.187 	-0.058 	
153.818 	-6.659 	11.573 	-0.125 	0.083 	0.015 	
89.076 	29.359 	51.989 	0.044 	-0.030 	0.025 	
138.652 	-0.270 	25.782 	0.018 	0.150 	-0.010 	
164.438 	-35.864 	66.406 	-0.014 	-0.093 	0.048 	
105.477 	-25.797 	30.260 	0.118 	-0.030 	-0.082 	
141.530 	-30.057 	13.578 	0.012 	-0.044 	0.004 	
33.048 	-25.985 	-37.557 	0.177 	0.089 	0.096 	
104.132 	-35.875 	140.509 	0.118 	0.025 	-0.047 	
129.204 	-20.674 	-35.299 	-0.005 	-0.007 	-0.076 	
169.101 	-21.356 	39.965 	0.016 	-0.023 	-0.120 	
63.147 	-6.889 	40.722 	0.182 	0.006 	-0.067 	
-74.476 	-11.441 	-110.856 	0.052 	-0.052 	-0.019 	
157.585 	-36.085 	3.006 	0.042 	-0.228 	0.025 	
-8.486 	13.028 	-59.067 	0.092 	-0.046 	0.090 	
267.404 	-33.496 	-83.272 	0.156 	-0.083 	-0.094 	
57.898 	-19.464 	1.118 	-0.016 	-0.007 	0.022 	
169.339 	26.172 	-0.471 	0.027 	-0.139 	0.076 	
80.321 	14.657 	56.302 	0.076 	0.114 	-0.029 	
147.155 	-12.525 	26.604 	-0.105 	-0.060 	0.013 	
132.450 	-41.547 	23.003 	0.081 	0.010 	0.235 	
21.540 	-82.668 	1.130 	0.090 	0.010 	0.164 	
191.520 	8.177 	-16.317 	0.044 	0.003 	0.014 	
-180.884 	38.785 	53.119 	-0.076 	-0.027 	0.038 	
74.218 	-18.900 	48.634 	0.138 	-0.091 	0.057 	
128.866 	-43.656 	39.038 	0.014 	-0.058 	0.022 	
245.310 	-62.537 	6.377 	0.018 	-0.034 	-0.037 	
163.699 	-9.692 	43.889 	0.005 	-0.030 	0.133 	
95.876 	-38.445 	-5.292 	0.067 	-0.061 	0.109 	
97.366 	-13.028 	17.166 	-0.026 	0.137 	-0.195 	
164.071 	-87.270 	75.134 	0.018 	-0.100 	0.091 	
68.221 	-46.151 	38.937 	0.016 	-0.198 	-0.055 	
40.650 	-196.854 	65.300 	0.090 	-0.046 	-0.016 	
104.694 	-25.828 	29.175 	-0.128 	-0.093 	-0.010 	
110.261 	19.113 	48.985 	0.150 	-0.148 	-0.117 	
710.643 	218.975 	271.165 	0.575 	0.235 	0.258 	
133.890 	-45.194 	59.494 	0.059 	-0.017 	-0.127 	
47.226 	-41.505 	48.162 	0.070 	-0.052 	-0.021 	
70.189 	-19.810 	54.483 	-0.027 	0.110 	-0.057 	
137.946 	-40.684 	38.634 	-0.056 	0.028 	-0.044 	
244.038 	-50.258 	4.635 	0.077 	0.079 	0.074 	
85.131 	-5.384 	50.415 	-0.069 	-0.085 	0.078 	
37.462 	-23.060 	21.962 	0.146 	0.028 	-0.206 	
159.240 	-43.539 	15.414 	0.116 	-0.085 	-0.016 	
109.543 	-23.419 	8.052 	0.069 	0.157 	0.212 	
74.764 	-34.145 	7.977 	0.015 	-0.222 	0.117 	
-10.595 	-21.570 	12.120 	0.224 	0.029 	-0.048 	
126.191 	-6.061 	-34.422 	0.057 	-0.043 	-0.118 	
29.177 	-8.105 	26.341 	-0.115 	-0.047 	0.166 	
130.918 	-191.598 	269.340 	-0.036 	-0.104 	0.207 	
30.302 	-25.126 	36.768 	-0.006 	-0.085 	-0.142 	
-12.519 	7.557 	58.754 	-0.013 	0.014 	-0.162 	
-31.361 	1.263 	54.424 	-0.085 	0.115 	0.040 	
17.141 	-18.761 	6.404 	0.023 	-0.113 	0.029 	
65.490 	-28.228 	19.279 	-0.186 	0.221 	0.109 	
63.684 	-12.445 	98.874 	-0.160 	0.004 	-0.094 	
-16.013 	-35.846 	22.347 	0.085 	-0.017 	-0.094 	
77.182 	-33.550 	-60.952 	-0.144 	-0.019 	0.137 	
118.916 	25.440 	-45.679 	-0.104 	-0.085 	0.080 	
-15.682 	-13.330 	-19.503 	-0.127 	0.166 	-0.022 	
-27.158 	-24.575 	-0.294 	-0.021 	0.053 	0.143 	
-60.817 	8.646 	-6.241 	-0.060 	0.080 	0.005 	
33.548 	-45.517 	-1.726 	-0.216 	-0.085 	0.128 	
31.636 	-46.248 	32.583 	0.027 	-0.114 	0.162 	
4.411 	-41.938 	-2.615 	-0.179 	-0.034 	0.072 	
-27.276 	-30.146 	12.835 	0.059 	-0.104 	0.019 	
54.634 	-40.876 	18.177 	-0.074 	-0.030 	-0.261 	
107.980 	-13.246 	-3.912 	-0.169 	0.120 	0.151 	
-14.019 	-17.417 	31.952 	-0.005 	0.012 	-0.002 	
42.704 	-40.874 	67.187 	-0.059 	0.037 	-0.032 	
46.795 	-30.963 	-70.296 	-0.277 	0.098 	-0.389 	
37.531 	37.384 	-61.072 	-0.148 	-0.095 	0.055 	
36.212 	-12.266 	7.376 	0.152 	0.070 	-0.049 	
17.448 	-22.818 	5.733 	-0.148 	-0.114 	-0.242 	
14.430 	9.129 	3.219 	-0.177 	-0.050 	-0.069 	
11.276 	12.168 	-21.188 	0.004 	0.056 	-0.180 	
-3.439 	-56.067 	30.576 	0.119 	-0.023 	-0.024 	
34.120 	3.618 	23.275 	-0.105 	0.078 	-0.077 	
146.625 	-48.553 	35.720 	-0.162 	0.017 	-0.040 	
-13.190 	67.911 	21.772 	-0.024 	-0.109 	-0.021 	
-144.707 	-12.035 	-119.076 	-0.167 	-0.053 	0.013 	
80.804 	-18.294 	-25.005 	-0.201 	-0.105 	0.052 	
48.028 	-7.670 	-3.677 	-0.246 	-0.151 	-0.076 	
78.594 	38.735 	-3.685 	-0.096 	-0.160 	-0.015 	
-1.215 	-55.224 	14.899 	0.036 	0.018 	-0.058 	
12.905 	-2.577 	-13.342 	-0.039 	0.128 	-0.005 	
-28.130 	-44.001 	64.323 	-0.014 	0.073 	-0.007 	
231.991 	54.668 	47.600 	-0.065 	-0.025 	0.080 	
24.519 	-0.960 	58.520 	-0.019 	-0.122 	0.107 	
34.506 	-39.355 	46.359 	0.020 	-0.168 	0.006 	
26.972 	3.093 	37.113 	-0.249 	-0.036 	0.106 	
13.457 	-24.088 	43.913 	0.051 	-0.239 	-0.018 	
-16.618 	-39.642 	28.590 	-0.002 	-0.190 	-0.064 	
174.332 	96.273 	51.134 	-0.104 	-0.000 	0.069 	
57.477 	28.856 	-29.332 	-0.166 	-0.055 	0.127 	
16.107 	-107.119 	59.311 	-0.109 	0.070 	0.076 	
87.665 	-47.894 	-3.850 	-0.105 	0.046 	0.057 	
-26.147 	-6.457 	-0.909 	-0.035 	-0.019 	-0.031 	
7.909 	-38.588 	30.311 	-0.056 	-0.102 	0.017 	
34.388 	-40.920 	11.701 	-0.255 	0.065 	0.061 	
257.234 	-222.665 	113.607 	0.033 	-0.137 	0.081 	
13.661 	-35.055 	8.256 	-0.084 	0.105 	-0.089 	
23.065 	-38.193 	36.612 	0.043 	-0.035 	0.097 	
3.448 	114.598 	153.510 	-0.071 	-0.015 	0.042 	
-27.416 	-11.077 	9.369 	0.079 	0.081 	0.045 	
25.073 	-18.677 	23.160 	-0.091 	-0.172 	-0.028 	
67.095 	-2.920 	35.926 	-0.099 	0.078 	-0.024 	
-6.907 	-3.101 	-5.671 	-0.077 	-0.133 	0.148 	
85.702 	4.740 	5.687 	-0.155 	-0.140 	-0.123 	
25.611 	-1.380 	29.581 	-0.158 	-0.139 	0.098 	
184.701 	-15.981 	-73.210 	-0.091 	-0.029 	0.015 	
56.586 	-4.161 	-77.101 	-0.126 	0.024 	0.122 	
38.076 	10.568 	33.340 	-0.045 	-0.160 	-0.042 	
-12.216 	-10.569 	25.389 	-0.060 	0.011 	0.066 	
4.016 	-6.381 	-24.678 	-0.012 	-0.009 	-0.140 	
140.837 	52.369 	28.627 	-0.130 	-0.050 	-0.074 	
2005.378 	524.899 	1178.643 	5.490 	1.541 	3.410 	
-10.036 	6.953 	46.586 	-0.141 	0.101 	0.072 	
-27.843 	-1.741 	70.740 	-0.042 	-0.002 	0.030 	
6.900 	-32.233 	4.632 	0.044 	-0.076 	0.008 	
-9.409 	-3.031 	21.817 	0.019 	0.010 	0.024 	
148.020 	-70.317 	-50.385 	-0.110 	0.032 	0.052 	
9.732 	-5.549 	37.602 	-0.057 	-0.053 	-0.010 	
10.394 	-20.285 	10.601 	0.135 	-0.063 	0.069 	
91.811 	34.223 	-14.117 	-0.066 	-0.131 	0.142 	
-34.679 	-33.140 	-17.377 	0.051 	-0.120 	0.079 	
-30.775 	-54.854 	25.035 	0.033 	-0.173 	-0.063 	
53.067 	20.919 	68.269 	0.141 	-0.023 	0.152 	
217.636 	-32.994 	54.922 	-0.094 	0.039 	0.064 	
-11.896 	-24.751 	11.581 	-0.058 	-0.273 	-0.021 	
18.401 	38.476 	19.327 	-0.141 	0.348 	-0.101 	
70.005 	-31.288 	27.298 	0.290 	0.099 	0.004 	
35.686 	5.625 	-17.423 	-0.103 	-0.191 	-0.064 	
22.658 	19.810 	34.121 	-0.016 	0.058 	-0.158 	
21.143 	-26.512 	64.211 	0.028 	-0.019 	0.066 	
99.540 	-31.016 	39.158 	-0.230 	0.068 	-0.047 	
131.294 	40.696 	-22.329 	-0.162 	-0.083 	-0.004 	
43.914 	-30.040 	11.586 	-0.063 	0.047 	0.168 	
60.768 	-38.493 	-30.069 	-0.103 	0.059 	0.010 	
-34.381 	60.601 	10.142 	-0.096 	-0.124 	-0.021 	
26.676 	12.380 	9.305 	-0.029 	-0.017 	-0.179 	
6.397 	-11.596 	-18.102 	-0.067 	-0.105 	-0.145 	
358.753 	40.756 	-30.107 	0.140 	0.012 	-0.026 	
52.332 	-15.232 	42.462 	0.029 	-0.118 	-0.012 	
11.975 	17.616 	16.710 	-0.043 	0.129 	-0.138 	
10.991 	-34.883 	44.755 	-0.103 	-0.106 	0.193 	
-15.760 	7.724 	2.343 	-0.148 	-0.058 	0.007 	
166.790 	3.032 	54.147 	-0.158 	0.029 	0.003 	
1.912 	-4.753 	0.486 	-0.133 	-0.084 	0.077 	
-29.095 	-15.430 	29.559 	-0.059 	-0.022 	-0.072 	
53.712 	9.104 	19.877 	-0.109 	-0.237 	0.009 	
-64.925 	-32.615 	12.111 	0.012 	-0.131 	0.116 	
20.516 	-22.187 	15.684 	0.109 	-0.092 	-0.009 	
169.009 	-112.605 	103.995 	-0.082 	-0.000 	0.038 	
208.009 	-78.406 	-45.431 	-0.058 	0.040 	0.059 	
114.962 	-5.148 	-1.723 	-0.230 	-0.101 	0.024 	
221.762 	-48.123 	-9.377 	-0.079 	-0.023 	0.064 	
79.039 	-72.685 	42.561 	-0.082 	-0.133 	0.284 	
46.711 	-41.267 	-40.286 	-0.094 	-0.051 	0.018 	
9.313 	-29.333 	0.762 	0.091 	0.003 	0.064 	
-13.621 	-34.243 	21.599 	-0.100 	0.000 	-0.138 	
2.841 	5.512 	25.093 	-0.031 	0.093 	0.114 	
18.168 	-40.821 	33.468 	0.144 	-0.109 	0.124 	
3.369 	-7.723 	55.706 	-0.076 	-0.082 	-0.058 	
17.652 	-19.011 	-110.320 	-0.143 	-0.020 	0.064 	
40.525 	13.187 	-0.128 	-0.141 	-0.169 	0.155 	
-8.780 	-28.797 	34.020 	-0.032 	0.190 	0.059 	
5.609 	-62.924 	11.316 	-0.113 	-0.011 	0.037 	
-31.903 	-15.689 	38.700 	0.046 	-0.065 	-0.039 	
16.778 	-29.599 	-11.298 	0.039 	-0.020 	-0.094 	
152.171 	-46.729 	19.333 	-0.186 	-0.014 	0.001 	
136.044 	33.673 	-48.005 	-0.088 	-0.062 	0.097 	
72.329 	-45.965 	1.904 	-0.235 	-0.066 	-0.020 	
25.197 	-23.875 	45.279 	-0.139 	0.233 	-0.063 	
63.762 	-31.251 	21.203 	-0.255 	-0.206 	-0.021 	
24.323 	-52.479 	13.947 	-0.148 	-0.095 	-0.047 	
-8.418 	-22.733 	74.421 	-0.029 	0.046 	0.019 	
6.725 	-13.824 	35.592 	-0.059 	-0.176 	-0.029 	
70.540 	-12.478 	23.443 	-0.192 	-0.224 	0.133 	
92.889 	-5.063 	13.828 	-0.217 	-0.199 	0.008 	
29.366 	-20.894 	-12.336 	-0.074 	-0.036 	-0.141 	
-9.525 	-54.248 	4.647 	0.111 	0.029 	0.029 	
182.423 	12.336 	-82.416 	-0.078 	0.035 	0.011 	
-18.245 	-44.515 	5.747 	-0.150 	-0.002 	-0.019 	
227.819 	89.479 	38.703 	-0.041 	-0.014 	-0.031 	
-22.246 	-44.747 	-0.894 	-0.056 	0.042 	0.233 	
50.637 	-31.615 	-11.532 	-0.126 	0.084 	0.053 	
103.748 	-118.941 	4.112 	-0.132 	0.042 	0.045 	
-42.303 	-20.384 	-15.845 	0.076 	0.023 	-0.007 	
-1.405 	-19.006 	-9.157 	-0.123 	-0.044 	0.110 	
111.019 	-5.016 	-16.487 	-0.198 	0.047 	0.083 	
-30.816 	-16.902 	18.171 	-0.076 	0.104 	0.106 	
75.235 	-1.157 	-25.280 	-0.125 	-0.030 	-0.121 	
44.424 	12.237 	13.963 	-0.178 	-0.159 	-0.009 	
-2.825 	-0.456 	10.466 	0.095 	-0.048 	-0.075 	
14.060 	-22.356 	-27.871 	-0.122 	-0.100 	0.009 	
72.583 	-11.820 	12.258 	-0.232 	-0.046 	0.177 	
110.391 	22.411 	47.607 	-0.188 	-0.047 	-0.094 	
161.111 	76.225 	2.273 	-0.081 	-0.035 	-0.068 	
-13.558 	-28.676 	48.052 	-0.035 	-0.158 	-0.037 	
25.600 	-44.285 	14.104 	-0.087 	0.050 	-0.179 	
38.151 	-49.456 	15.077 	-0.159 	0.016 	0.095 	
19.302 	14.423 	36.904 	0.028 	0.013 	0.054 	
134.223 	0.386 	41.140 	-0.179 	-0.019 	-0.078 	
10.196 	-25.238 	-16.149 	0.066 	-0.006 	0.140 	
8.651 	103.147 	158.928 	-0.046 	0.003 	0.030 	
172.737 	-8.056 	92.751 	-0.125 	0.041 	0.007 	
-14.456 	-26.768 	26.094 	0.055 	-0.069 	-0.042 	
-11.970 	-45.344 	-30.819 	-0.031 	-0.033 	-0.066 	
512.097 	63.368 	-917.678 	0.278 	0.060 	-0.631 	
-529.685 	-2317.539 	-3625.664 	-1.525 	-7.107 	-11.197 	
127.724 	7.360 	-27.729 	-0.158 	-0.099 	0.058 	
18.455 	-28.676 	-8.010 	0.076 	-0.150 	0.009 	
34.174 	-21.222 	-10.656 	0.039 	-0.151 	-0.170 	
13.214 	-27.095 	-0.420 	-0.152 	-0.050 	0.055 	
51.344 	-28.781 	32.536 	-0.255 	-0.068 	-0.032 	
71.482 	7.451 	-2.447 	-0.225 	0.060 	0.048 	
38.049 	-29.005 	12.413 	0.021 	0.048 	-0.053 	
-1.488 	-47.662 	-7.130 	0.030 	0.102 	-0.126 	
5.885 	0.467 	-4.968 	-0.124 	-0.196 	-0.137 	
181.801 	-185.493 	-133.416 	-0.073 	-0.083 	-0.033 	
-3.490 	-10.629 	3.118 	-0.190 	0.003 	-0.014 	
3.798 	-22.044 	47.203 	-0.150 	-0.140 	0.139 	
59.880 	-1.135 	34.422 	-0.108 	-0.167 	0.139 	
13.711 	-12.392 	-6.776 	-0.246 	0.104 	-0.084 	
94.844 	32.361 	-36.125 	-0.152 	-0.105 	0.112 	
-27.212 	-45.790 	31.685 	0.050 	0.032 	0.015 	
-2.668 	-33.604 	57.878 	0.039 	-0.064 	0.086 	
-24.850 	-27.544 	29.453 	-0.046 	0.055 	0.132 	
9.571 	-25.482 	37.307 	0.047 	0.002 	-0.047 	
8.099 	-8.018 	-2.390 	-0.070 	0.014 	0.116 	
16.659 	2.402 	39.367 	-0.247 	0.075 	0.063 	
40.793 	-17.855 	-3.021 	-0.077 	-0.229 	0.050 	
14.227 	-58.872 	76.851 	-0.134 	0.109 	-0.052 	
219.084 	-32.133 	-61.960 	-0.051 	-0.009 	0.049 	
50.309 	-4.395 	2.350 	-0.198 	-0.016 	-0.196 	
19.008 	25.445 	20.450 	-0.181 	-0.055 	-0.108 	
72.570 	55.619 	7.269 	-0.178 	-0.077 	0.021 	
33.672 	-4.536 	31.285 	-0.115 	-0.115 	0.031 	
34.112 	-40.791 	29.625 	0.117 	-0.108 	-0.032 	
-3.638 	-18.229 	46.663 	-0.072 	-0.239 	-0.054 	
62.401 	-32.250 	15.690 	-0.248 	-0.032 	-0.104 	
82.519 	-39.255 	38.086 	-0.197 	-0.037 	0.122 	
19.905 	-56.791 	-16.381 	0.034 	-0.011 	0.028 	
17.544 	-12.035 	-17.242 	-0.065 	0.172 	0.111 	
-34.301 	-30.511 	-33.110 	-0.020 	0.028 	-0.116 	
44.115 	-68.369 	20.617 	-0.038 	0.035 	0.013 	
5.090 	-10.210 	30.252 	0.081 	-0.028 	0.034 	
-22.042 	-35.969 	4.063 	-0.028 	0.081 	-0.018 	
-8.044 	-4.006 	14.774 	0.021 	0.141 	0.008 	
35.704 	-45.443 	-9.059 	-0.051 	-0.046 	-0.173 	
220.888 	-24.493 	-23.364 	-0.085 	-0.018 	0.026 	
151.267 	-38.691 	0.870 	-0.218 	0.008 	-0.047 	
-41.161 	-16.716 	37.997 	0.038 	0.164 	0.059 	
-14.348 	-10.190 	5.900 	-0.102 	0.242 	0.054 	
38.995 	-11.265 	30.631 	-0.134 	0.002 	0.002 	
-328.241 	139.565 	99.322 	-1.012 	0.619 	0.367 	
9.041 	17.255 	7.569 	0.059 	-0.028 	-0.058 	
115.264 	-44.111 	-14.468 	-0.212 	-0.092 	0.060 	
141.403 	-37.782 	-11.051 	-0.196 	0.103 	0.018 	
96.505 	-4.305 	12.126 	-0.276 	-0.066 	0.004 	
53.971 	-17.673 	55.579 	-0.081 	0.093 	-0.003 	
-34.291 	-20.818 	41.745 	0.017 	-0.074 	0.017 	
23.215 	-4.468 	33.291 	0.076 	0.087 	0.085 	
14.721 	-1.540 	6.936 	0.109 	-0.025 	-0.080 	
-28.820 	6.540 	-18.353 	0.012 	0.059 	-0.031 	
34.683 	-48.786 	-1.815 	-0.050 	-0.156 	0.022 	
58.312 	-23.225 	12.037 	-0.181 	-0.031 	-0.049 	
-129.966 	132.794 	-72.839 	-0.225 	0.070 	-0.051 	
20.665 	-0.124 	3.991 	-0.154 	-0.068 	-0.152 	
-38.416 	-38.891 	18.607 	0.079 	0.003 	-0.071 	
22.493 	14.652 	13.604 	0.028 	0.053 	-0.138 	
84.576 	2.130 	14.685 	-0.215 	-0.005 	0.061 	
10.657 	-20.846 	-25.580 	-0.060 	0.074 	-0.132 	
36.393 	19.084 	7.235 	0.047 	0.042 	-0.005 	
-14.594 	5.368 	12.244 	-0.116 	0.007 	-0.008 	
112.821 	-63.822 	61.124 	-0.130 	0.051 	-0.073 	
-7.590 	7.163 	4.580 	-0.018 	0.001 	0.011 	
13.707 	-54.119 	10.070 	0.054 	-0.023 	0.091 	
-1.604 	-44.723 	6.679 	-0.118 	-0.098 	0.186 	
8.437 	-13.362 	-19.529 	-0.097 	-0.039 	-0.183 	
45.699 	-16.673 	13.676 	0.022 	0.085 	-0.082 	
-25.589 	12.489 	-32.049 	0.041 	-0.090 	-0.065 	
-30.645 	-49.772 	52.824 	-0.111 	-0.017 	-0.049 	
34.444 	-15.399 	33.823 	0.005 	0.049 	-0.046 	
14.219 	-8.727 	-3.417 	0.098 	0.074 	0.112 	
135.896 	84.116 	-8.054 	-0.125 	-0.036 	-0.039 	
-27.484 	-24.419 	4.799 	0.107 	0.127 	-0.083 	
65.733 	-29.692 	-25.456 	-0.068 	0.021 	0.047 	
26.764 	-46.934 	69.448 	-0.153 	0.047 	-0.139 	
-0.863 	-35.233 	-12.580 	0.060 	-0.123 	-0.032 	
-14.586 	-62.231 	-3.684 	0.033 	-0.020 	-0.019 	
78.498 	-33.233 	51.328 	-0.117 	-0.128 	-0.096 	
106.118 	-21.771 	7.937 	-0.148 	-0.207 	0.048 	
23.461 	-27.368 	35.155 	-0.048 	-0.183 	-0.039 	
-2.753 	-8.909 	-19.544 	-0.089 	-0.184 	0.152 	
287.370 	-764.250 	540.685 	0.104 	-1.022 	0.719 	
21.186 	-27.365 	22.157 	0.135 	-0.197 	0.120 	
-48.360 	-101.475 	-11.868 	-0.089 	0.081 	-0.094 	
9.823 	-13.312 	-4.188 	0.055 	0.050 	0.152 	
9.079 	-49.426 	34.372 	0.024 	0.049 	0.181 	
144.863 	33.811 	7.347 	-0.164 	-0.038 	-0.026 	
145.396 	115.659 	120.080 	-0.077 	0.012 	0.024 	
38.131 	57.822 	-38.893 	-0.121 	0.006 	0.079 	
-21.873 	-27.712 	31.059 	0.057 	0.030 	0.008 	
78.710 	-24.190 	-16.229 	-0.013 	0.024 	-0.053 	
-26.495 	-19.931 	-1.476 	-0.060 	-0.089 	-0.016 	
102.689 	3.315 	9.265 	-0.226 	-0.065 	0.098 	
-1.865 	26.775 	48.871 	0.020 	-0.006 	0.108 	
382.184 	-507.365 	-405.924 	0.265 	-0.444 	-0.395 	
-56.927 	-16.779 	15.004 	-0.092 	0.094 	0.007 	
24.675 	-98.505 	-22.711 	-0.166 	0.102 	0.029 	
13.569 	1.973 	6.667 	-0.110 	0.147 	0.017 	
60.973 	-29.535 	8.167 	-0.157 	-0.015 	0.164 	
39.285 	-10.772 	20.274 	-0.187 	-0.203 	-0.077 	
113.524 	10.154 	90.492 	-0.128 	0.050 	-0.047 	
84.424 	-36.699 	7.654 	-0.229 	-0.153 	-0.132 	
172.477 	-18.405 	-13.752 	-0.152 	0.021 	0.120 	
133.939 	-47.263 	-6.129 	-0.157 	0.043 	0.102 	
138.721 	88.977 	-80.825 	-0.078 	0.021 	-0.005 	
89.389 	39.194 	-0.420 	-0.195 	-0.103 	-0.036 	
139.402 	-15.272 	26.784 	-0.237 	-0.027 	0.062 	
-14.798 	-26.263 	-38.335 	-0.082 	0.027 	-0.032 	
44.577 	29.239 	31.905 	0.011 	-0.126 	-0.015 	
-22.342 	-76.557 	-15.043 	-0.049 	-0.035 	0.165 	
-14.809 	69.013 	90.311 	-0.161 	-0.033 	-0.066 	
21.206 	-2.413 	-19.750 	-0.042 	-0.217 	0.008 	
11.976 	-134.594 	1.796 	-0.100 	0.059 	-0.037 	
23.140 	-32.547 	3.531 	0.123 	0.204 	0.088 	
-224.934 	-503.638 	2442.568 	-0.288 	-0.580 	2.450 	
8.229 	-20.358 	26.104 	-0.109 	-0.019 	-0.029 	
-21.843 	-0.531 	21.138 	-0.054 	-0.051 	0.234 	
140.217 	-153.066 	118.683 	-0.107 	-0.035 	0.007 	
37.150 	-63.451 	31.518 	-0.000 	-0.046 	0.065 	
82.763 	-16.261 	-31.396 	-0.045 	0.081 	-0.039 	
30.310 	-39.270 	-26.065 	-0.010 	0.179 	0.153 	
-23.921 	63.117 	83.288 	-0.132 	-0.104 	-0.021 	
68.480 	-14.156 	27.398 	-0.265 	-0.055 	0.006 	
56.771 	-31.554 	-3.698 	-0.157 	0.085 	-0.158 	
40.794 	-2.774 	-16.698 	-0.068 	0.113 	0.116 	
112.908 	16.659 	-36.607 	-0.135 	0.022 	0.116 	
151.990 	18.115 	-68.888 	-0.096 	-0.069 	0.034 	
-21.978 	-28.490 	23.914 	-0.058 	0.048 	-0.025 	
16.200 	-97.603 	34.461 	-0.162 	-0.474 	0.002 	
-2.565 	-19.697 	-29.011 	-0.008 	-0.062 	0.028 	
18.678 	-15.872 	-18.368 	-0.094 	0.076 	0.013 	
39.624 	-23.369 	35.845 	0.161 	-0.119 	0.077 	
39.328 	-5.375 	44.184 	-0.089 	0.008 	0.070 	
-76.000 	-8.118 	3.959 	-0.030 	0.044 	0.148 	
215.340 	87.137 	48.082 	-0.048 	-0.007 	-0.028 	
39.297 	3.256 	25.480 	-0.008 	-0.028 	-0.127 	
110.762 	72.609 	-43.958 	-0.099 	-0.063 	0.057 	
82.352 	-15.639 	42.817 	-0.167 	-0.017 	-0.167 	
24.973 	-46.085 	11.812 	-0.165 	-0.130 	0.073 	
9.670 	-32.659 	17.058 	0.039 	0.054 	0.174 	
108.328 	-87.454 	-101.478 	-0.109 	-0.030 	0.045 	
52.526 	-36.054 	33.776 	-0.051 	-0.237 	0.093 	
13.839 	84.531 	-288.179 	-0.068 	0.029 	-0.132 	
137.792 	-29.294 	33.511 	-0.182 	-0.013 	0.058 	
55.691 	-18.055 	41.695 	-0.138 	-0.144 	0.157 	
109.180 	-20.017 	0.255 	-0.250 	-0.011 	0.096 	
-1.111 	-36.890 	-17.799 	0.027 	0.089 	-0.193 	
-6.236 	-41.826 	-25.116 	-0.154 	0.064 	-0.000 	
5.498 	-54.907 	60.409 	-0.047 	-0.044 	0.020 	
42.692 	-28.684 	-17.526 	0.052 	0.090 	-0.080 	
26.003 	-4.616 	-10.237 	-0.158 	0.071 	0.058 	
-5.990 	-40.163 	11.152 	-0.038 	-0.037 	0.084 	
4.287 	179.038 	-34.723 	-0.116 	0.058 	-0.001 	
99.303 	-34.736 	-83.772 	-0.044 	0.048 	0.099 	
127.169 	-4.682 	85.578 	-0.145 	-0.050 	0.003 	
103.235 	-36.577 	40.893 	-0.259 	-0.070 	-0.087 	
-387.647 	557.432 	333.861 	-0.467 	0.563 	0.304 	
206.732 	82.682 	-95.897 	-0.059 	0.037 	0.000 	
106.468 	-3.703 	14.043 	-0.280 	0.090 	-0.032 	
149.590 	25.630 	4.991 	-0.192 	-0.031 	0.029 	
62.635 	-13.142 	-28.562 	-0.180 	0.029 	0.140 	
3.783 	24.811 	17.762 	-0.016 	-0.021 	0.145 	
205.053 	-32.600 	-76.218 	-0.048 	-0.083 	0.054 	
2.857 	-4.542 	39.839 	-0.120 	-0.216 	-0.075 	
15.454 	9.876 	18.420 	-0.094 	-0.024 	-0.044 	
28.575 	135.619 	-62.963 	-0.137 	-0.009 	0.029 	
112.933 	-42.392 	-60.382 	-0.130 	0.034 	0.087 	
-35.295 	-49.637 	94.872 	-0.053 	-0.076 	-0.076 	
14.608 	-26.846 	1.788 	0.098 	-0.076 	0.109 	
-29.694 	-22.735 	42.850 	0.009 	0.040 	-0.037 	
131.317 	73.899 	33.374 	-0.110 	-0.095 	0.031 	
17.527 	-24.657 	61.454 	-0.019 	0.097 	-0.085 	
-51.976 	-88.395 	-11.106 	-0.135 	0.081 	-0.056 	
18.440 	-2.449 	-20.854 	0.048 	0.063 	0.111 	
70.491 	-30.573 	-3.681 	-0.176 	0.058 	0.232 	
-4.057 	8.763 	45.755 	-0.131 	0.119 	-0.092 	
-33.150 	-43.772 	25.880 	0.002 	0.028 	0.085 	
-20.240 	12.200 	36.024 	-0.002 	0.042 	-0.117 	
155.591 	29.287 	67.113 	-0.122 	-0.017 	-0.002 	
50.819 	-26.083 	31.856 	-0.140 	-0.185 	0.131 	
29.382 	-1.161 	10.654 	-0.008 	-0.060 	-0.121 	
-28.084 	82.269 	-36.973 	-0.100 	-0.089 	-0.041 	
173.464 	-225.490 	24.819 	-0.072 	-0.102 	-0.014 	
80.155 	-38.675 	59.394 	-0.194 	0.131 	-0.036 	
127.352 	27.001 	-45.592 	-0.167 	-0.000 	0.027 	
31.847 	-58.892 	33.468 	0.121 	-0.010 	-0.040 	
134.416 	-22.681 	-26.138 	-0.151 	-0.046 	0.116 	
-57.429 	-41.425 	64.899 	-0.053 	-0.019 	0.004 	
74.012 	-50.591 	12.848 	-0.151 	-0.090 	-0.089 	
431.091 	552.824 	552.363 	0.155 	0.350 	0.367 	
54.908 	-56.247 	12.852 	-0.068 	0.027 	0.137 	
151.202 	878.388 	-569.547 	-0.072 	1.123 	-0.730 	
-7.197 	-17.003 	17.759 	0.052 	-0.049 	-0.100 	
70.841 	-56.721 	-0.356 	-0.137 	-0.081 	0.019 	
72.328 	-33.503 	17.373 	-0.162 	0.060 	0.222 	
48.123 	-30.735 	35.596 	0.019 	0.084 	-0.092 	
438.382 	2294.202 	3795.760 	1.431 	6.974 	11.464 	
0.649 	10.089 	35.422 	-0.071 	0.171 	-0.019 	
136.560 	-7.915 	-78.448 	-0.140 	0.056 	0.029 	
-62.343 	-39.838 	16.512 	-0.006 	-0.087 	-0.101 	
40.477 	-54.506 	-76.152 	-0.158 	0.062 	0.086 	
140.736 	27.776 	-34.153 	-0.134 	0.021 	0.123 	
24.390 	-7.832 	28.265 	-0.066 	-0.154 	0.081 	
14.066 	12.069 	14.164 	-0.101 	0.138 	0.004 	
31.169 	247.859 	25.099 	-0.125 	0.106 	-0.016 	
-44.069 	76.911 	-29.209 	-0.057 	-0.083 	0.035 	
-1.334 	-20.826 	29.179 	-0.043 	0.126 	-0.087 	
51.218 	-21.666 	60.038 	-0.086 	0.086 	0.123 	
10.436 	-32.903 	-9.094 	0.066 	-0.122 	0.058 	
115.447 	3.176 	-82.400 	-0.081 	-0.045 	0.064 	
66.796 	-172.419 	-48.840 	-0.129 	-0.014 	0.028 	
91.243 	-45.640 	2.323 	-0.201 	-0.036 	0.104 	
-9.444 	-59.168 	34.012 	-0.074 	-0.085 	0.055 	
1.406 	-24.243 	24.343 	-0.121 	-0.013 	0.042 	
0.643 	-21.244 	-8.692 	-0.020 	0.003 	-0.115 	
14.925 	-64.218 	-7.759 	-0.081 	-0.039 	-0.149 	
25.194 	-57.986 	31.191 	-0.062 	0.003 	-0.103 	
13.164 	-84.748 	-6.083 	0.042 	0.028 	-0.016 	
57.744 	-19.809 	40.916 	-0.144 	-0.149 	0.112 	
-112.381 	192.488 	2.894 	-0.151 	0.056 	0.048 	
16.223 	-14.176 	9.319 	-0.207 	0.026 	-0.047 	
52.591 	-22.126 	14.828 	-0.221 	-0.203 	-0.100 	
150.291 	165.621 	-36.987 	-0.082 	0.036 	0.004 	
2.525 	-32.079 	-10.994 	-0.089 	0.020 	-0.102 	
18.884 	-41.608 	-1.161 	0.015 	-0.115 	0.173 	
-112.202 	1135.481 	73.672 	-0.247 	1.414 	0.093 	
1.079 	-25.997 	-1.710 	-0.120 	0.200 	0.091 	
65.064 	-26.456 	-0.588 	-0.193 	0.152 	-0.050 	
247.568 	72.300 	-36.879 	-0.049 	-0.032 	0.004 	
42.836 	-36.007 	19.307 	-0.156 	0.158 	0.212 	
8.912 	15.684 	19.523 	-0.098 	0.223 	-0.028 	
-0.112 	-6.749 	14.792 	0.078 	-0.104 	-0.071 	
94.876 	-20.182 	46.173 	-0.162 	-0.048 	-0.171 	
-25.252 	66.233 	9.842 	-0.026 	0.050 	-0.011 	
5.299 	5.028 	41.114 	-0.127 	-0.007 	-0.082 	
-35.501 	4.892 	46.200 	0.040 	-0.007 	-0.007 	
-30.736 	-25.006 	-27.350 	0.034 	-0.085 	-0.119 	
17.286 	20.251 	-20.895 	-0.109 	0.031 	-0.062 	
242.550 	-55.980 	9.550 	-0.068 	-0.063 	0.048 	
50.804 	7.287 	-54.528 	-0.102 	-0.094 	0.115 	
-25.829 	-33.929 	0.660 	-0.067 	0.088 	-0.017 	
74.754 	-10.142 	6.623 	-0.061 	-0.243 	0.166 	
-628.553 	-886.445 	-434.703 	-0.524 	-0.570 	-0.263 	
53.714 	6.711 	28.292 	-0.045 	-0.118 	0.012 	
47.957 	20.379 	2.517 	-0.168 	-0.009 	0.180 	
-8.387 	-48.601 	26.828 	-0.075 	0.097 	0.045 	
38.785 	-36.147 	20.134 	-0.178 	0.233 	-0.120 	
83.943 	3.768 	0.854 	-0.179 	0.050 	-0.062 	
31.868 	-29.537 	16.059 	0.057 	-0.051 	-0.022 	
14.904 	-20.922 	21.129 	0.180 	0.007 	-0.014 	
207.190 	-108.282 	1.296 	-0.066 	-0.000 	-0.023 	
33.404 	-7.693 	22.715 	0.089 	-0.044 	0.009 	
7.765 	-37.210 	-1.572 	-0.038 	0.020 	-0.043 	
14.510 	-31.949 	-16.087 	-0.083 	-0.126 	-0.035 	
197.966 	-129.685 	-12.379 	-0.064 	-0.029 	-0.058 	
-61.900 	-81.195 	15.286 	-0.016 	0.070 	-0.063 	
278.972 	-130.382 	25.056 	0.016 	-0.087 	0.023 	
15.259 	-46.080 	-22.631 	0.046 	0.091 	0.076 	
133.460 	-22.046 	6.188 	-0.201 	-0.070 	0.035 	
213.962 	55.824 	43.535 	-0.051 	-0.032 	-0.021 	
106.682 	17.926 	2.053 	-0.185 	-0.120 	-0.097 	
-24.604 	5.506 	75.061 	0.056 	-0.023 	0.153 	
31.129 	-44.473 	-16.839 	-0.111 	0.034 	-0.081 	
-14.434 	-4.412 	19.868 	-0.056 	-0.081 	0.092 	
189.929 	-200.082 	58.614 	-0.048 	-0.068 	0.007 	
-1.744 	-23.290 	4.216 	0.030 	-0.220 	-0.041 	
18.157 	-24.105 	-25.427 	-0.161 	0.126 	0.178 	
-81.467 	-17.593 	54.125 	-0.067 	-0.066 	-0.047 	
89.198 	10.286 	14.037 	-0.253 	0.015 	-0.064 	
-12.429 	-42.887 	-12.535 	-0.042 	-0.158 	-0.169 	
1.106 	21.944 	92.676 	-0.044 	-0.079 	-0.082 	
182.491 	47.959 	81.048 	-0.090 	0.028 	-0.031 	
18.256 	-94.203 	6.640 	-0.047 	-0.018 	0.039 	
229.390 	123.435 	53.879 	-0.047 	0.036 	0.000 	
24.575 	20.695 	10.215 	-0.049 	-0.236 	-0.060 	
-44.310 	-30.024 	-33.888 	0.022 	0.116 	-0.022 	
221.158 	74.878 	-87.957 	-0.038 	0.058 	-0.013 	
46.198 	-8.162 	49.728 	-0.098 	0.002 	-0.215 	
-1.456 	-74.146 	-1.263 	-0.090 	-0.173 	0.046 	
230.742 	-66.648 	-41.500 	-0.066 	0.031 	0.032 	
-121.597 	-281.145 	896.963 	-0.165 	-0.178 	0.626 	
-83.739 	-26.370 	29.229 	-0.006 	-0.024 	-0.034 	
48.241 	-25.089 	46.368 	-0.169 	0.035 	-0.059 	
22.635 	-1.476 	-12.149 	0.099 	0.071 	-0.180 	
12.066 	-49.069 	66.436 	-0.081 	0.039 	-0.069 	
115.877 	-5.028 	15.641 	-0.174 	-0.020 	-0.176 	
-0.285 	-12.179 	13.564 	-0.026 	-0.099 	-0.135 	
30.353 	-32.332 	21.062 	-0.000 	0.152 	-0.003 	
127.848 	24.856 	-50.955 	-0.124 	-0.083 	0.057 	
18.733 	-13.075 	-21.719 	-0.065 	0.024 	-0.016 	
-11.892 	31.491 	11.428 	0.002 	0.014 	0.044 	
64.963 	-23.162 	48.713 	-0.151 	0.092 	0.032 	
30.907 	-21.868 	10.062 	0.017 	0.058 	0.066 	
-12.257 	-23.588 	-25.486 	-0.090 	-0.121 	-0.071 	
6.778 	-52.491 	-2.830 	0.082 	-0.063 	0.135 	
37.506 	-10.989 	-13.155 	-0.136 	-0.023 	-0.047 	
163.895 	-71.687 	0.875 	-0.091 	0.073 	0.023 	
51.105 	-68.904 	40.886 	-0.084 	0.149 	-0.090 	
131.938 	-10.993 	35.373 	-0.189 	-0.009 	-0.051 	
-8.011 	17.366 	-14.662 	0.129 	0.012 	-0.047 	
-20.084 	-8.588 	24.298 	0.073 	-0.017 	-0.040 	
162.379 	-58.616 	74.731 	-0.092 	0.063 	-0.010 	
-9.784 	-64.950 	-109.206 	-0.088 	0.003 	0.053 	
10.252 	-20.576 	-12.115 	-0.268 	-0.064 	-0.133 	
-11.811 	-19.198 	28.621 	-0.112 	-0.045 	0.196 	
-36.306 	-30.164 	-20.787 	-0.119 	-0.042 	-0.059 	
123.556 	-85.106 	84.561 	-0.106 	0.062 	0.051 	
-2.319 	-5.881 	-7.050 	-0.082 	-0.051 	0.020 	
-8.093 	0.653 	57.799 	-0.010 	0.004 	-0.029 	
-42.433 	-29.950 	71.910 	-0.100 	-0.079 	-0.135 	
3.702 	-25.248 	-16.733 	0.011 	0.192 	-0.055 	
2.002 	-28.868 	0.066 	-0.211 	0.048 	0.013 	
35.367 	-1021.689 	-177.880 	-0.060 	-1.311 	-0.224 	
21.667 	-63.048 	11.046 	-0.057 	-0.113 	0.049 	
117.047 	-8.351 	41.309 	-0.198 	-0.146 	-0.060 	
-59.388 	-41.259 	34.643 	0.074 	0.039 	0.068 	
2.960 	3.666 	37.457 	-0.040 	-0.011 	0.057 	
244.669 	69.865 	112.561 	-0.034 	-0.036 	0.074 	
23.459 	23.143 	4.167 	0.041 	0.118 	0.108 	
-20.365 	30.439 	46.977 	0.100 	-0.004 	0.105 	
83.694 	27.598 	97.653 	-0.107 	0.038 	-0.094 	
-22.233 	-7.157 	-2.014 	0.010 	0.114 	0.101 	
-16.295 	28.758 	33.202 	0.048 	-0.066 	0.086 	
58.028 	-31.793 	16.771 	-0.288 	-0.046 	-0.066 	
-13.289 	-54.541 	-1.421 	0.005 	-0.138 	0.131 	
49.168 	-8.543 	-1.611 	-0.162 	-0.065 	-0.102 	
130.268 	-12.486 	-17.287 	-0.210 	0.010 	-0.055 	
-30.884 	-72.682 	35.644 	-0.044 	-0.080 	0.035 	
278.607 	22.536 	28.415 	0.005 	-0.045 	-0.044 	
278.711 	-272.071 	-190.335 	0.887 	-0.666 	-0.538 	
24.156 	10.040 	11.333 	-0.084 	-0.030 	0.056 	
9.854 	-28.500 	51.207 	-0.161 	0.038 	0.149 	
33.577 	-19.198 	27.486 	-0.063 	-0.059 	-0.115 	
