## Las primeras 500 lineas corresponden a la esfera 1 
##las siguienets 500 lineas a la esfera 2
## Las primeras tres columnas corresponden a la posición en 'x', 'y' y 'z', las siguientes tres a las velocidades
22.727 	-472.736 	37.102 	-0.010 	-0.252 	0.028 	
128.059 	-139.676 	4.711 	0.087 	-0.078 	-0.004 	
150.124 	600.077 	428.054 	0.099 	0.319 	0.210 	
-526.620 	594.175 	393.199 	-0.308 	0.338 	0.219 	
-150.887 	-128.190 	543.107 	-0.052 	-0.070 	0.315 	
567.106 	384.935 	708.614 	0.344 	0.216 	0.379 	
624.869 	-332.143 	-605.581 	0.347 	-0.170 	-0.341 	
-602.401 	-371.931 	195.662 	-0.326 	-0.180 	0.124 	
527.445 	131.499 	344.436 	0.280 	0.096 	0.188 	
204.465 	195.582 	251.477 	0.106 	0.102 	0.153 	
542.723 	-48.481 	39.676 	0.283 	-0.021 	0.015 	
-134.291 	-482.700 	66.977 	-0.057 	-0.260 	0.045 	
60.480 	-343.764 	48.203 	0.068 	-0.185 	0.029 	
410.440 	538.327 	526.470 	0.200 	0.296 	0.285 	
-13.022 	467.916 	-747.140 	-0.008 	0.237 	-0.398 	
-255.795 	-80.372 	-4.780 	-0.143 	-0.017 	0.002 	
-274.661 	605.046 	-232.260 	-0.163 	0.318 	-0.133 	
70.504 	367.840 	-638.800 	0.033 	0.174 	-0.363 	
-825.002 	-653.493 	-350.580 	-0.478 	-0.344 	-0.202 	
331.637 	-731.963 	-636.238 	0.159 	-0.410 	-0.352 	
60.467 	-723.328 	809.847 	0.042 	-0.370 	0.457 	
71.973 	263.953 	747.467 	0.030 	0.139 	0.387 	
-187.451 	-362.749 	181.295 	-0.102 	-0.172 	0.084 	
-624.763 	-500.033 	235.569 	-0.326 	-0.256 	0.115 	
393.650 	-301.557 	503.587 	0.237 	-0.161 	0.261 	
-315.139 	-17.104 	650.980 	-0.144 	0.000 	0.348 	
23.229 	-411.526 	-35.831 	0.033 	-0.208 	-0.011 	
183.587 	-681.366 	518.870 	0.088 	-0.393 	0.293 	
-635.978 	622.226 	157.544 	-0.332 	0.337 	0.088 	
-369.435 	-547.009 	412.862 	-0.183 	-0.288 	0.235 	
-229.670 	-389.380 	-624.155 	-0.117 	-0.198 	-0.344 	
312.721 	516.663 	592.527 	0.159 	0.265 	0.328 	
599.875 	-226.672 	548.220 	0.329 	-0.124 	0.305 	
-432.493 	416.338 	48.240 	-0.201 	0.224 	0.029 	
67.702 	-188.665 	-715.167 	0.035 	-0.122 	-0.366 	
70.298 	-116.780 	73.471 	0.070 	-0.042 	0.040 	
-285.142 	-599.496 	-631.330 	-0.159 	-0.317 	-0.374 	
-317.244 	-722.534 	541.001 	-0.145 	-0.393 	0.295 	
-259.701 	-76.272 	381.623 	-0.157 	-0.032 	0.214 	
469.683 	-735.672 	522.201 	0.253 	-0.402 	0.293 	
789.421 	332.025 	-26.334 	0.438 	0.151 	-0.018 	
126.250 	-211.521 	79.861 	0.081 	-0.095 	0.029 	
337.733 	84.179 	516.447 	0.155 	0.045 	0.280 	
-1.489 	-510.224 	-335.639 	-0.025 	-0.280 	-0.181 	
98.137 	-145.622 	486.344 	0.077 	-0.081 	0.280 	
41.175 	118.056 	-262.581 	0.044 	0.075 	-0.128 	
794.107 	76.958 	-11.535 	0.411 	0.024 	0.005 	
-183.896 	703.982 	-181.116 	-0.093 	0.386 	-0.102 	
145.741 	-196.409 	-281.005 	0.100 	-0.116 	-0.150 	
653.735 	401.345 	211.974 	0.364 	0.242 	0.115 	
-622.726 	-210.733 	-472.936 	-0.328 	-0.126 	-0.276 	
375.306 	-63.913 	370.244 	0.185 	-0.029 	0.184 	
714.284 	-308.233 	-727.326 	0.414 	-0.193 	-0.402 	
-93.197 	476.881 	-9.807 	-0.022 	0.253 	0.008 	
-519.663 	596.205 	425.907 	-0.297 	0.312 	0.233 	
-136.450 	-673.006 	337.968 	-0.060 	-0.389 	0.200 	
-327.421 	1.555 	-427.335 	-0.151 	-0.009 	-0.244 	
-0.809 	-615.990 	-206.410 	0.022 	-0.340 	-0.120 	
-711.142 	497.596 	599.786 	-0.398 	0.288 	0.341 	
409.699 	664.525 	285.722 	0.232 	0.352 	0.134 	
-161.456 	692.991 	193.122 	-0.107 	0.386 	0.095 	
255.245 	429.092 	-252.185 	0.154 	0.224 	-0.132 	
-525.080 	738.686 	291.265 	-0.314 	0.418 	0.164 	
499.450 	114.529 	-253.391 	0.275 	0.087 	-0.138 	
556.488 	-695.352 	-717.984 	0.340 	-0.383 	-0.383 	
816.660 	-291.488 	-717.326 	0.482 	-0.157 	-0.395 	
503.723 	-400.012 	-623.153 	0.311 	-0.221 	-0.346 	
-774.243 	829.921 	-233.672 	-0.437 	0.482 	-0.141 	
815.567 	392.836 	528.200 	0.479 	0.221 	0.280 	
-126.056 	301.467 	304.791 	-0.066 	0.124 	0.171 	
540.343 	235.291 	239.511 	0.317 	0.107 	0.116 	
198.574 	-55.627 	264.432 	0.139 	-0.016 	0.146 	
-12.840 	425.382 	-731.935 	-0.014 	0.255 	-0.399 	
-182.261 	-556.801 	-236.498 	-0.107 	-0.303 	-0.119 	
-304.310 	293.426 	457.346 	-0.191 	0.156 	0.246 	
333.201 	-107.399 	-224.272 	0.182 	-0.049 	-0.089 	
-12.522 	-204.332 	-515.420 	-0.013 	-0.084 	-0.285 	
630.180 	375.909 	-578.787 	0.357 	0.210 	-0.340 	
99.337 	-157.345 	-269.399 	0.041 	-0.073 	-0.162 	
-28.542 	-168.674 	625.215 	0.001 	-0.104 	0.341 	
-86.590 	594.876 	174.500 	-0.067 	0.307 	0.099 	
197.286 	-312.137 	-225.153 	0.084 	-0.161 	-0.107 	
377.781 	453.763 	608.542 	0.198 	0.259 	0.332 	
-142.961 	-502.244 	602.138 	-0.088 	-0.264 	0.344 	
462.029 	-282.135 	-91.223 	0.268 	-0.134 	-0.071 	
-462.617 	-628.117 	-615.867 	-0.235 	-0.335 	-0.326 	
450.102 	-127.944 	-254.401 	0.255 	-0.084 	-0.165 	
-443.947 	-513.753 	544.460 	-0.271 	-0.280 	0.303 	
-682.551 	-645.127 	415.270 	-0.355 	-0.356 	0.236 	
-626.243 	-239.510 	-82.945 	-0.319 	-0.147 	-0.037 	
780.016 	322.632 	559.791 	0.429 	0.205 	0.302 	
28.338 	288.151 	557.662 	0.009 	0.171 	0.308 	
38.736 	-115.452 	48.980 	0.033 	-0.079 	0.029 	
-113.528 	-648.929 	-297.872 	-0.046 	-0.374 	-0.147 	
648.383 	-449.239 	645.407 	0.351 	-0.229 	0.349 	
-263.012 	412.327 	-701.965 	-0.130 	0.214 	-0.364 	
621.890 	183.748 	413.770 	0.363 	0.082 	0.229 	
666.395 	156.650 	-466.706 	0.390 	0.089 	-0.253 	
746.205 	632.072 	94.490 	0.445 	0.341 	0.055 	
448.753 	-318.387 	439.274 	0.233 	-0.186 	0.239 	
-504.748 	686.462 	350.381 	-0.274 	0.357 	0.204 	
-792.546 	-594.053 	-276.883 	-0.456 	-0.321 	-0.132 	
214.438 	-746.166 	443.442 	0.123 	-0.426 	0.241 	
-340.272 	-104.450 	561.681 	-0.181 	-0.034 	0.323 	
379.525 	-178.250 	211.114 	0.239 	-0.098 	0.129 	
-722.323 	347.870 	650.240 	-0.375 	0.192 	0.349 	
-659.857 	-493.092 	440.659 	-0.384 	-0.261 	0.251 	
-780.944 	809.349 	-339.569 	-0.444 	0.467 	-0.187 	
521.109 	-311.770 	-0.557 	0.272 	-0.182 	0.020 	
818.752 	-57.558 	-299.400 	0.472 	-0.047 	-0.141 	
-223.807 	-61.269 	397.304 	-0.108 	-0.043 	0.237 	
219.947 	-247.276 	374.603 	0.094 	-0.138 	0.207 	
358.405 	19.510 	137.773 	0.179 	-0.006 	0.063 	
-111.759 	744.027 	-288.728 	-0.074 	0.394 	-0.138 	
-483.815 	662.684 	655.858 	-0.268 	0.366 	0.369 	
-91.300 	703.201 	688.379 	-0.038 	0.395 	0.382 	
228.273 	-744.190 	-165.634 	0.117 	-0.412 	-0.062 	
-800.761 	-198.724 	754.314 	-0.431 	-0.132 	0.406 	
544.249 	-299.432 	-306.712 	0.294 	-0.187 	-0.146 	
-25.040 	538.301 	85.500 	-0.038 	0.288 	0.057 	
-387.811 	74.045 	433.437 	-0.195 	0.048 	0.259 	
412.352 	-570.216 	-264.639 	0.233 	-0.329 	-0.146 	
346.943 	-142.133 	-549.420 	0.186 	-0.051 	-0.313 	
711.097 	-303.598 	699.704 	0.371 	-0.173 	0.390 	
-728.029 	270.257 	383.904 	-0.422 	0.138 	0.203 	
242.762 	-117.995 	-288.386 	0.112 	-0.043 	-0.146 	
-789.954 	-507.796 	-322.088 	-0.427 	-0.272 	-0.156 	
-796.826 	-764.761 	322.652 	-0.463 	-0.421 	0.168 	
-602.720 	303.991 	-767.192 	-0.333 	0.175 	-0.398 	
-670.802 	-664.326 	261.534 	-0.349 	-0.375 	0.141 	
-48.515 	-461.294 	347.153 	-0.044 	-0.246 	0.197 	
-164.461 	569.992 	-307.538 	-0.100 	0.318 	-0.186 	
-446.539 	391.743 	11.798 	-0.251 	0.202 	-0.000 	
34.015 	234.878 	-664.299 	0.000 	0.112 	-0.353 	
816.505 	-742.715 	90.256 	0.437 	-0.402 	0.035 	
-129.125 	-577.561 	-266.259 	-0.052 	-0.315 	-0.172 	
109.785 	-451.425 	231.461 	0.041 	-0.246 	0.104 	
-561.968 	-663.375 	528.733 	-0.282 	-0.377 	0.293 	
624.848 	-318.934 	-314.455 	0.346 	-0.162 	-0.170 	
233.668 	-567.674 	154.428 	0.161 	-0.307 	0.097 	
-571.300 	-324.460 	-432.613 	-0.289 	-0.188 	-0.236 	
735.028 	-225.191 	-182.862 	0.378 	-0.107 	-0.105 	
-468.132 	737.116 	156.603 	-0.264 	0.393 	0.099 	
-571.893 	-608.049 	76.456 	-0.318 	-0.332 	0.057 	
-166.249 	250.011 	272.008 	-0.105 	0.116 	0.145 	
447.839 	-98.678 	657.934 	0.241 	-0.053 	0.336 	
-346.149 	-76.821 	-260.551 	-0.177 	-0.014 	-0.145 	
7.698 	382.881 	598.328 	-0.009 	0.204 	0.300 	
699.831 	-620.848 	-719.355 	0.362 	-0.343 	-0.402 	
-84.278 	545.225 	-364.692 	-0.023 	0.280 	-0.205 	
663.102 	-730.055 	216.483 	0.368 	-0.397 	0.093 	
-551.147 	-224.759 	459.198 	-0.279 	-0.108 	0.248 	
191.017 	428.150 	769.910 	0.095 	0.213 	0.427 	
-783.238 	-772.122 	-273.852 	-0.429 	-0.420 	-0.162 	
-655.203 	-59.634 	-739.874 	-0.364 	-0.017 	-0.409 	
-32.869 	-315.455 	-269.625 	-0.042 	-0.171 	-0.146 	
661.661 	-170.482 	556.332 	0.419 	-0.090 	0.287 	
-692.348 	-337.092 	695.255 	-0.382 	-0.200 	0.378 	
-359.410 	-536.964 	755.048 	-0.181 	-0.300 	0.426 	
85.553 	-534.805 	441.559 	0.044 	-0.297 	0.251 	
711.006 	-613.993 	558.106 	0.418 	-0.342 	0.315 	
-264.694 	126.630 	168.950 	-0.123 	0.081 	0.075 	
-192.056 	-85.909 	366.074 	-0.156 	0.003 	0.246 	
350.439 	33.803 	-50.588 	0.213 	0.037 	-0.012 	
49.533 	-280.532 	171.682 	0.020 	-0.153 	0.078 	
-269.849 	-13.446 	-121.538 	-0.161 	-0.002 	-0.050 	
-273.717 	426.616 	-375.571 	-0.144 	0.236 	-0.208 	
838.542 	-145.426 	-57.221 	0.471 	-0.108 	-0.027 	
245.279 	9.247 	-118.838 	0.136 	-0.014 	-0.041 	
327.749 	-148.516 	-190.799 	0.151 	-0.087 	-0.090 	
-493.974 	149.039 	794.005 	-0.261 	0.079 	0.445 	
421.987 	332.168 	23.291 	0.265 	0.167 	0.018 	
-674.820 	149.673 	303.006 	-0.388 	0.073 	0.162 	
207.149 	-21.502 	-226.133 	0.102 	-0.030 	-0.128 	
-774.762 	-355.893 	681.348 	-0.446 	-0.196 	0.371 	
-618.118 	-258.462 	-73.002 	-0.350 	-0.128 	-0.016 	
-320.053 	-172.551 	-165.803 	-0.172 	-0.095 	-0.096 	
478.209 	428.688 	648.603 	0.269 	0.240 	0.330 	
137.861 	-157.780 	611.186 	0.086 	-0.078 	0.344 	
735.272 	430.077 	771.843 	0.399 	0.254 	0.436 	
633.104 	565.121 	595.472 	0.345 	0.317 	0.354 	
695.788 	-562.790 	-575.041 	0.366 	-0.319 	-0.326 	
461.583 	708.160 	43.300 	0.280 	0.385 	0.020 	
-334.231 	51.427 	170.071 	-0.196 	0.017 	0.112 	
-156.516 	41.344 	-419.159 	-0.074 	0.034 	-0.252 	
-78.538 	328.112 	360.124 	-0.064 	0.178 	0.195 	
-781.637 	-722.682 	397.916 	-0.435 	-0.380 	0.243 	
-314.599 	234.309 	-298.506 	-0.168 	0.139 	-0.151 	
-210.952 	-680.642 	-499.417 	-0.118 	-0.358 	-0.278 	
-398.961 	-647.388 	-388.312 	-0.191 	-0.352 	-0.212 	
66.301 	-717.392 	-593.166 	0.031 	-0.385 	-0.317 	
585.338 	248.160 	34.711 	0.353 	0.141 	0.028 	
691.731 	-47.766 	-507.986 	0.381 	-0.032 	-0.261 	
-342.941 	117.295 	14.751 	-0.157 	0.058 	0.026 	
-281.572 	352.111 	185.726 	-0.180 	0.187 	0.102 	
720.698 	-298.612 	20.774 	0.391 	-0.184 	-0.008 	
-401.023 	281.966 	-731.993 	-0.228 	0.146 	-0.409 	
745.203 	-84.760 	452.950 	0.403 	-0.026 	0.261 	
118.955 	234.894 	191.078 	0.094 	0.141 	0.119 	
434.797 	-168.792 	-330.868 	0.257 	-0.076 	-0.164 	
-452.992 	595.187 	119.240 	-0.242 	0.302 	0.073 	
-29.548 	-588.925 	351.583 	0.006 	-0.300 	0.182 	
-100.880 	-66.256 	-612.831 	-0.031 	-0.031 	-0.326 	
-206.512 	25.849 	122.596 	-0.122 	0.020 	0.069 	
-95.064 	-652.251 	-617.864 	-0.041 	-0.344 	-0.354 	
-190.190 	-260.659 	695.351 	-0.088 	-0.155 	0.353 	
785.316 	-85.740 	-586.885 	0.446 	-0.066 	-0.316 	
-180.368 	126.724 	-137.531 	-0.094 	0.061 	-0.061 	
641.794 	-712.656 	641.903 	0.374 	-0.380 	0.353 	
-236.752 	-272.075 	229.165 	-0.126 	-0.126 	0.118 	
-235.237 	-47.775 	663.350 	-0.108 	-0.004 	0.363 	
114.988 	350.145 	70.185 	0.095 	0.189 	0.041 	
-713.795 	755.549 	-550.314 	-0.403 	0.416 	-0.301 	
3.109 	-204.397 	-744.178 	0.033 	-0.103 	-0.412 	
-144.495 	-427.950 	462.572 	-0.067 	-0.205 	0.257 	
-422.375 	-348.451 	-320.488 	-0.249 	-0.196 	-0.174 	
394.715 	720.619 	-582.917 	0.222 	0.400 	-0.349 	
-401.654 	57.398 	472.779 	-0.245 	0.030 	0.256 	
1.533 	98.694 	384.104 	-0.015 	0.057 	0.187 	
-175.310 	-100.407 	343.103 	-0.054 	-0.086 	0.107 	
702.568 	-139.854 	-431.202 	0.382 	-0.103 	-0.246 	
821.680 	-761.806 	-16.225 	0.446 	-0.421 	0.012 	
-569.127 	-424.099 	-19.708 	-0.332 	-0.249 	-0.024 	
46.362 	-642.821 	147.327 	0.009 	-0.335 	0.093 	
-280.049 	63.174 	628.930 	-0.162 	0.020 	0.329 	
-429.195 	758.384 	11.918 	-0.209 	0.411 	0.021 	
-558.574 	-604.157 	262.732 	-0.300 	-0.316 	0.134 	
664.657 	-284.194 	-539.624 	0.373 	-0.149 	-0.317 	
-480.024 	-733.179 	453.190 	-0.265 	-0.379 	0.249 	
-333.015 	23.719 	264.098 	-0.180 	-0.013 	0.153 	
-351.230 	73.802 	690.904 	-0.191 	0.041 	0.396 	
-638.225 	469.270 	-150.308 	-0.341 	0.254 	-0.054 	
-575.842 	210.289 	19.266 	-0.336 	0.114 	0.013 	
-227.474 	178.521 	-379.744 	-0.120 	0.115 	-0.199 	
667.614 	799.781 	-741.701 	0.359 	0.466 	-0.418 	
-521.427 	303.715 	398.655 	-0.303 	0.165 	0.239 	
-634.370 	-59.252 	-641.231 	-0.329 	-0.039 	-0.351 	
354.137 	-502.044 	272.612 	0.206 	-0.287 	0.125 	
514.133 	598.826 	-67.197 	0.317 	0.330 	-0.025 	
642.278 	313.648 	-727.385 	0.339 	0.181 	-0.381 	
426.537 	210.148 	-509.126 	0.223 	0.106 	-0.252 	
-323.092 	-627.167 	-169.469 	-0.166 	-0.321 	-0.097 	
556.257 	-275.538 	101.229 	0.319 	-0.140 	0.026 	
-345.881 	480.779 	99.529 	-0.045 	0.376 	0.096 	
160.098 	-458.176 	689.969 	0.093 	-0.239 	0.349 	
-375.476 	256.347 	-274.729 	-0.207 	0.132 	-0.165 	
-531.775 	-19.118 	255.161 	-0.310 	-0.013 	0.154 	
575.455 	-193.136 	632.430 	0.335 	-0.114 	0.322 	
142.446 	-431.531 	-711.967 	0.096 	-0.247 	-0.363 	
798.113 	139.985 	-457.036 	0.464 	0.077 	-0.255 	
247.468 	-177.651 	600.532 	0.161 	-0.096 	0.322 	
-533.751 	646.010 	-150.185 	-0.260 	0.358 	-0.077 	
-304.767 	-307.002 	244.986 	-0.176 	-0.167 	0.148 	
-275.553 	-344.061 	91.615 	-0.145 	-0.187 	0.082 	
719.305 	-21.378 	309.107 	0.407 	0.012 	0.182 	
-496.742 	48.745 	419.907 	-0.276 	0.027 	0.260 	
26.200 	290.669 	-540.293 	-0.007 	0.161 	-0.311 	
-559.295 	-706.733 	-668.660 	-0.284 	-0.380 	-0.386 	
395.410 	613.792 	-280.667 	0.204 	0.324 	-0.149 	
-726.749 	350.948 	458.474 	-0.408 	0.195 	0.234 	
-745.180 	28.133 	298.526 	-0.430 	0.029 	0.160 	
254.765 	-604.698 	-655.127 	0.128 	-0.341 	-0.336 	
-834.980 	134.669 	9.822 	-0.598 	-0.015 	-0.005 	
-712.231 	-276.875 	351.869 	-0.380 	-0.157 	0.207 	
434.213 	-160.638 	-476.089 	0.231 	-0.090 	-0.285 	
188.693 	133.493 	61.078 	0.122 	0.080 	0.056 	
-20.586 	-248.881 	212.318 	-0.011 	-0.155 	0.089 	
-734.058 	80.104 	-413.008 	-0.415 	0.032 	-0.242 	
593.890 	-76.481 	805.570 	0.339 	-0.032 	0.462 	
-148.231 	-235.014 	461.420 	-0.082 	-0.146 	0.226 	
300.109 	-446.386 	-186.029 	0.147 	-0.239 	-0.091 	
89.376 	-86.242 	140.869 	0.062 	-0.066 	0.061 	
-655.015 	-765.041 	-397.797 	-0.365 	-0.435 	-0.215 	
381.710 	-391.431 	-663.407 	0.205 	-0.186 	-0.347 	
130.637 	106.886 	-168.057 	0.093 	0.150 	-0.091 	
-310.119 	-117.050 	238.278 	-0.165 	-0.043 	0.136 	
803.710 	430.114 	-60.435 	0.472 	0.229 	-0.038 	
206.123 	-98.122 	-427.208 	0.100 	-0.049 	-0.239 	
-623.288 	197.360 	-766.577 	-0.333 	0.119 	-0.418 	
269.801 	260.591 	208.729 	0.166 	0.122 	0.131 	
770.153 	66.095 	-626.759 	0.402 	0.028 	-0.332 	
-307.512 	77.777 	-369.915 	-0.165 	0.060 	-0.216 	
-718.703 	675.709 	280.703 	-0.419 	0.374 	0.158 	
3.166 	-598.005 	-676.218 	0.020 	-0.324 	-0.394 	
523.379 	673.535 	-378.051 	0.292 	0.368 	-0.238 	
393.067 	-310.046 	46.396 	0.208 	-0.166 	0.052 	
405.621 	-666.917 	-500.503 	0.210 	-0.354 	-0.295 	
267.071 	-305.015 	434.830 	0.134 	-0.168 	0.235 	
328.334 	-344.307 	521.491 	0.182 	-0.176 	0.289 	
679.841 	724.285 	-621.104 	0.363 	0.406 	-0.364 	
602.889 	-135.555 	426.303 	0.346 	-0.058 	0.254 	
257.646 	-198.047 	-153.116 	0.150 	-0.095 	-0.085 	
-280.493 	-295.494 	558.912 	-0.176 	-0.155 	0.309 	
-357.922 	-132.927 	616.815 	-0.194 	-0.096 	0.339 	
136.718 	-378.606 	-224.663 	0.080 	-0.202 	-0.133 	
-503.156 	-67.934 	-3.494 	-0.275 	-0.046 	-0.010 	
-122.837 	610.812 	-775.168 	-0.040 	0.350 	-0.426 	
-568.203 	-195.231 	404.988 	-0.333 	-0.107 	0.215 	
-27.474 	-628.979 	626.288 	-0.014 	-0.330 	0.356 	
-323.323 	210.954 	613.399 	-0.154 	0.129 	0.332 	
-67.727 	-18.800 	426.546 	-0.049 	-0.015 	0.236 	
524.565 	-392.913 	32.386 	0.299 	-0.232 	-0.006 	
-85.584 	-285.264 	157.908 	-0.012 	-0.149 	0.102 	
-198.496 	-277.602 	602.656 	-0.075 	-0.147 	0.341 	
-734.052 	-212.760 	201.854 	-0.427 	-0.118 	0.114 	
-172.413 	-521.364 	-109.427 	-0.118 	-0.274 	-0.060 	
231.451 	-710.137 	405.214 	0.116 	-0.413 	0.214 	
279.601 	-551.816 	-169.985 	0.145 	-0.307 	-0.076 	
301.080 	-672.454 	-106.437 	0.174 	-0.379 	-0.039 	
229.893 	50.932 	621.777 	0.107 	0.012 	0.340 	
-674.691 	338.849 	53.203 	-0.379 	0.183 	0.023 	
-195.258 	185.536 	331.983 	-0.080 	0.088 	0.171 	
-251.012 	-400.572 	621.844 	-0.151 	-0.219 	0.365 	
-563.457 	-688.249 	556.237 	-0.310 	-0.368 	0.331 	
417.386 	470.508 	-727.378 	0.218 	0.250 	-0.384 	
-269.073 	417.822 	-694.643 	-0.127 	0.248 	-0.367 	
-85.963 	-574.633 	-456.426 	-0.019 	-0.316 	-0.257 	
-52.378 	-15.799 	114.224 	0.001 	-0.029 	0.055 	
492.398 	-233.690 	152.972 	0.277 	-0.128 	0.067 	
357.661 	236.992 	-445.147 	0.227 	0.130 	-0.239 	
-512.145 	-636.735 	405.925 	-0.266 	-0.373 	0.208 	
797.108 	-165.407 	-738.489 	0.461 	-0.089 	-0.416 	
-155.312 	525.248 	196.913 	-0.062 	0.296 	0.097 	
-425.864 	607.296 	-514.731 	-0.239 	0.332 	-0.289 	
-624.065 	402.451 	-206.805 	-0.314 	0.218 	-0.115 	
12.455 	238.155 	-74.824 	-0.009 	0.104 	-0.041 	
-679.141 	226.859 	63.845 	-0.349 	0.148 	0.029 	
-26.753 	-581.554 	-469.710 	-0.017 	-0.306 	-0.230 	
-523.807 	-319.236 	61.337 	-0.294 	-0.165 	0.011 	
375.956 	325.202 	-434.387 	0.234 	0.180 	-0.229 	
-512.259 	751.453 	67.799 	-0.284 	0.401 	0.060 	
361.531 	-76.365 	-549.294 	0.212 	-0.033 	-0.301 	
-89.375 	95.243 	-182.324 	-0.038 	0.026 	-0.080 	
-719.772 	-342.663 	-649.558 	-0.391 	-0.210 	-0.371 	
344.838 	-129.024 	92.332 	0.180 	-0.079 	0.062 	
-585.428 	-153.601 	642.236 	-0.324 	-0.078 	0.358 	
578.948 	-47.156 	568.053 	0.320 	-0.037 	0.292 	
233.393 	-36.928 	-501.248 	0.111 	-0.037 	-0.274 	
630.104 	237.680 	-27.433 	0.327 	0.135 	-0.031 	
284.061 	111.610 	452.407 	0.143 	0.072 	0.240 	
-32.720 	336.442 	-579.354 	-0.033 	0.186 	-0.304 	
718.137 	-558.161 	-254.980 	0.423 	-0.303 	-0.126 	
-667.510 	-674.435 	717.683 	-0.377 	-0.379 	0.393 	
-603.668 	-425.458 	-16.192 	-0.327 	-0.223 	-0.008 	
495.515 	109.980 	155.673 	0.242 	0.058 	0.086 	
742.347 	-200.065 	220.446 	0.412 	-0.100 	0.106 	
-631.751 	211.353 	302.912 	-0.339 	0.132 	0.192 	
55.647 	-48.764 	-6.347 	0.006 	-0.021 	0.005 	
-243.958 	-448.819 	587.078 	-0.109 	-0.236 	0.333 	
-100.107 	-351.257 	-313.275 	-0.040 	-0.204 	-0.153 	
719.125 	-258.090 	-501.523 	0.396 	-0.164 	-0.266 	
118.807 	-441.143 	-419.567 	0.038 	-0.233 	-0.220 	
535.023 	-621.573 	756.747 	0.312 	-0.322 	0.411 	
-710.475 	-303.187 	-382.050 	-0.377 	-0.153 	-0.202 	
-605.144 	-152.332 	-248.166 	-0.351 	-0.099 	-0.128 	
57.554 	-157.304 	585.282 	0.063 	-0.087 	0.315 	
393.997 	-426.324 	341.244 	0.249 	-0.234 	0.173 	
-368.566 	338.434 	329.924 	-0.224 	0.173 	0.188 	
-692.369 	-415.674 	564.271 	-0.373 	-0.200 	0.316 	
-527.633 	3.756 	161.513 	-0.297 	-0.005 	0.103 	
-455.896 	-524.446 	95.331 	-0.232 	-0.277 	0.041 	
665.377 	683.552 	441.061 	0.376 	0.346 	0.234 	
641.794 	356.878 	-120.842 	0.379 	0.209 	-0.074 	
-650.952 	-618.568 	141.013 	-0.355 	-0.332 	0.093 	
-525.063 	181.509 	307.021 	-0.297 	0.088 	0.161 	
-469.576 	48.181 	352.907 	-0.231 	0.041 	0.202 	
-397.736 	-178.758 	-741.431 	-0.222 	-0.112 	-0.430 	
-366.454 	-392.418 	-576.640 	-0.208 	-0.229 	-0.331 	
795.390 	800.122 	-400.609 	0.448 	0.459 	-0.210 	
767.977 	295.458 	-595.991 	0.428 	0.149 	-0.348 	
-198.002 	-308.838 	-227.381 	-0.108 	-0.185 	-0.115 	
-213.802 	-280.972 	514.811 	-0.114 	-0.180 	0.276 	
175.257 	-33.080 	103.634 	0.117 	-0.027 	0.041 	
232.948 	103.204 	176.232 	0.142 	0.041 	0.089 	
-424.345 	471.927 	453.936 	-0.251 	0.259 	0.246 	
-500.949 	626.750 	-691.864 	-0.279 	0.324 	-0.383 	
-213.282 	-492.649 	-753.466 	-0.109 	-0.249 	-0.424 	
648.121 	-315.028 	-488.945 	0.331 	-0.166 	-0.259 	
-12.166 	0.181 	-474.977 	-0.005 	0.004 	-0.261 	
231.271 	576.607 	235.497 	0.135 	0.333 	0.140 	
358.877 	-69.845 	3.004 	0.225 	-0.033 	-0.021 	
304.580 	373.199 	395.363 	0.175 	0.195 	0.247 	
196.308 	-305.621 	-348.233 	0.127 	-0.162 	-0.176 	
645.446 	-550.619 	-476.259 	0.386 	-0.306 	-0.261 	
212.275 	175.891 	-448.046 	0.123 	0.100 	-0.254 	
-510.877 	-506.503 	-17.729 	-0.267 	-0.297 	-0.007 	
449.270 	275.074 	338.816 	0.218 	0.142 	0.184 	
543.876 	244.004 	93.202 	0.327 	0.117 	0.038 	
-66.422 	-674.264 	588.416 	-0.027 	-0.364 	0.347 	
17.530 	249.128 	655.898 	0.038 	0.135 	0.339 	
524.763 	-34.344 	613.851 	0.316 	-0.013 	0.331 	
653.540 	268.953 	-54.758 	0.354 	0.134 	-0.014 	
-442.573 	-801.825 	783.215 	-0.232 	-0.449 	0.448 	
-812.653 	-691.233 	738.551 	-0.461 	-0.370 	0.412 	
745.652 	655.646 	3.481 	0.438 	0.345 	0.001 	
790.275 	195.160 	660.107 	0.439 	0.081 	0.375 	
319.985 	104.606 	538.192 	0.161 	0.047 	0.283 	
-516.418 	-90.712 	-650.296 	-0.285 	-0.045 	-0.353 	
523.906 	283.213 	-232.062 	0.319 	0.158 	-0.134 	
-179.919 	411.945 	-691.681 	-0.104 	0.210 	-0.361 	
311.356 	324.929 	-92.269 	0.165 	0.176 	-0.057 	
452.444 	-300.259 	-416.797 	0.255 	-0.155 	-0.218 	
615.356 	553.331 	703.113 	0.338 	0.324 	0.399 	
111.309 	655.006 	-475.546 	0.037 	0.350 	-0.253 	
-682.136 	112.493 	268.882 	-0.359 	0.073 	0.150 	
171.269 	-712.712 	516.070 	0.114 	-0.393 	0.260 	
248.902 	-262.998 	-76.119 	0.125 	-0.165 	-0.040 	
569.363 	12.224 	-44.570 	0.312 	0.029 	-0.035 	
-364.872 	310.149 	-493.262 	-0.185 	0.182 	-0.282 	
374.135 	-615.347 	353.528 	0.196 	-0.352 	0.199 	
592.242 	625.959 	15.187 	0.346 	0.344 	0.020 	
421.509 	-710.722 	626.425 	0.227 	-0.363 	0.340 	
736.430 	-93.838 	141.762 	0.409 	-0.024 	0.091 	
836.267 	657.102 	430.531 	0.450 	0.360 	0.240 	
186.911 	-543.717 	304.207 	0.128 	-0.302 	0.166 	
-418.222 	-735.336 	706.868 	-0.233 	-0.420 	0.388 	
288.281 	-181.636 	-171.166 	0.185 	-0.081 	-0.085 	
-36.996 	33.159 	138.978 	-0.035 	0.008 	0.062 	
-635.233 	799.580 	680.865 	-0.368 	0.464 	0.369 	
-2.063 	64.632 	662.430 	0.029 	0.041 	0.348 	
-88.685 	627.898 	611.254 	-0.057 	0.362 	0.322 	
519.411 	-561.987 	630.049 	0.308 	-0.327 	0.357 	
-578.627 	-652.654 	628.702 	-0.323 	-0.332 	0.347 	
-681.124 	-459.602 	515.265 	-0.380 	-0.240 	0.286 	
-535.086 	459.863 	217.172 	-0.278 	0.267 	0.131 	
-157.498 	-792.080 	156.609 	-0.056 	-0.438 	0.081 	
76.699 	-386.934 	538.888 	0.056 	-0.206 	0.297 	
-15.957 	99.626 	66.246 	-0.015 	0.039 	0.051 	
-594.487 	-701.246 	-603.371 	-0.346 	-0.387 	-0.310 	
-382.074 	-0.815 	405.949 	-0.194 	-0.017 	0.215 	
594.874 	206.151 	72.761 	0.304 	0.113 	0.056 	
265.845 	-380.898 	505.186 	0.158 	-0.226 	0.293 	
-596.432 	-360.845 	-508.044 	-0.317 	-0.183 	-0.270 	
53.999 	-231.303 	-157.937 	0.009 	-0.222 	-0.080 	
789.852 	60.225 	6.256 	0.419 	0.034 	0.016 	
-377.714 	-516.109 	-511.179 	-0.197 	-0.290 	-0.263 	
585.184 	-391.973 	30.215 	0.348 	-0.206 	0.026 	
-229.527 	537.025 	468.734 	-0.100 	0.286 	0.249 	
125.988 	-196.563 	674.277 	0.069 	-0.102 	0.357 	
640.134 	-82.556 	370.235 	0.361 	-0.053 	0.189 	
-218.952 	15.736 	-771.735 	-0.108 	0.021 	-0.433 	
-357.960 	-94.555 	-34.525 	-0.195 	-0.077 	-0.004 	
172.529 	610.601 	309.193 	0.082 	0.336 	0.174 	
-671.149 	198.081 	-114.569 	-0.384 	0.093 	-0.074 	
404.351 	-408.772 	225.332 	0.211 	-0.206 	0.108 	
-106.442 	154.371 	-156.797 	-0.083 	0.076 	-0.090 	
569.121 	-602.292 	106.857 	0.314 	-0.336 	0.072 	
102.310 	-153.451 	225.196 	0.032 	-0.076 	0.117 	
725.794 	-632.104 	255.016 	0.422 	-0.336 	0.138 	
-383.589 	76.448 	-51.399 	-0.186 	0.038 	-0.027 	
-581.752 	43.733 	648.520 	-0.326 	0.050 	0.349 	
779.824 	332.704 	-113.195 	0.432 	0.162 	-0.035 	
-494.134 	575.003 	-379.813 	-0.253 	0.329 	-0.196 	
-505.059 	575.357 	-208.034 	-0.248 	0.315 	-0.118 	
582.298 	-224.162 	-86.428 	0.307 	-0.093 	-0.041 	
-631.216 	125.896 	580.616 	-0.332 	0.078 	0.318 	
604.716 	-395.934 	-759.638 	0.362 	-0.202 	-0.417 	
-541.575 	-743.255 	-402.684 	-0.294 	-0.399 	-0.220 	
-189.123 	-84.124 	587.875 	-0.080 	-0.044 	0.310 	
-35.576 	-386.211 	-18.213 	-0.028 	-0.207 	-0.039 	
-94.485 	-101.767 	262.605 	-0.025 	-0.057 	0.163 	
433.514 	191.851 	160.112 	0.259 	0.115 	0.103 	
260.809 	-631.618 	-18.051 	0.164 	-0.324 	0.005 	
441.595 	-676.406 	-658.000 	0.217 	-0.372 	-0.364 	
-450.033 	687.207 	-181.648 	-0.241 	0.363 	-0.108 	
-591.105 	605.654 	177.218 	-0.300 	0.350 	0.093 	
-9.340 	-54.516 	-194.072 	0.002 	-0.034 	-0.117 	
-88.140 	-604.831 	452.943 	-0.015 	-0.326 	0.243 	
206.201 	-258.487 	652.851 	0.110 	-0.126 	0.379 	
640.676 	506.206 	-692.036 	0.372 	0.300 	-0.387 	
20.459 	-391.856 	-182.503 	0.006 	-0.215 	-0.076 	
751.736 	557.162 	-14.738 	0.444 	0.298 	-0.014 	
-330.686 	471.955 	-814.817 	-0.155 	0.247 	-0.446 	
-19.299 	87.573 	-134.682 	-0.016 	0.024 	-0.086 	
-652.319 	-145.462 	256.877 	-0.330 	-0.085 	0.146 	
367.978 	-61.333 	4.437 	0.194 	-0.060 	0.017 	
-215.068 	-150.361 	678.040 	-0.124 	-0.087 	0.342 	
-133.927 	18.836 	-783.796 	-0.066 	0.027 	-0.431 	
632.104 	244.110 	292.760 	0.324 	0.135 	0.152 	
-655.814 	-408.983 	-835.558 	-0.346 	-0.218 	-0.484 	
726.926 	-170.311 	161.834 	0.388 	-0.076 	0.096 	
444.174 	-715.243 	78.243 	0.248 	-0.399 	0.066 	
336.746 	705.993 	-470.833 	0.211 	0.370 	-0.250 	
600.284 	157.793 	-508.288 	0.316 	0.106 	-0.268 	
3.799 	-782.961 	705.282 	0.020 	-0.450 	0.379 	
233.304 	-248.279 	248.851 	0.163 	-0.135 	0.130 	
-13.156 	765.060 	344.126 	0.024 	0.421 	0.193 	
588.330 	-393.206 	-478.334 	0.352 	-0.224 	-0.262 	
292.012 	708.573 	-67.591 	0.175 	0.393 	-0.012 	
407.283 	204.047 	-236.354 	0.197 	0.116 	-0.124 	
648.925 	735.503 	-177.261 	0.340 	0.381 	-0.096 	
301.895 	381.093 	-241.891 	0.201 	0.207 	-0.128 	
220.715 	-178.995 	-98.774 	0.150 	-0.115 	-0.057 	
221.086 	-163.279 	298.476 	0.125 	-0.091 	0.130 	
-185.196 	-518.567 	-350.626 	-0.119 	-0.286 	-0.174 	
-776.052 	-268.996 	566.828 	-0.408 	-0.134 	0.305 	
-658.586 	-538.613 	-43.965 	-0.350 	-0.309 	-0.045 	
188.887 	634.635 	357.476 	0.097 	0.368 	0.193 	
-129.128 	-225.702 	304.802 	-0.095 	-0.121 	0.166 	
409.742 	-721.080 	86.304 	0.236 	-0.400 	0.055 	
-642.119 	-308.613 	479.423 	-0.426 	-0.165 	0.252 	
652.165 	-646.750 	-723.127 	0.272 	-0.373 	-0.384 	
-570.900 	-313.012 	-598.068 	-0.407 	-0.152 	-0.331 	
-139.622 	-681.752 	292.674 	-0.150 	-0.361 	0.184 	
631.600 	398.511 	-88.241 	0.235 	0.202 	-0.057 	
-317.965 	-629.111 	370.432 	-0.285 	-0.351 	0.213 	
936.852 	-631.750 	-655.167 	0.432 	-0.363 	-0.373 	
702.283 	-446.954 	369.693 	0.293 	-0.247 	0.225 	
-106.636 	-416.267 	-668.632 	-0.174 	-0.212 	-0.365 	
455.827 	387.583 	-508.301 	0.147 	0.211 	-0.294 	
685.872 	218.800 	102.363 	0.299 	0.136 	0.038 	
281.166 	50.324 	180.251 	0.027 	0.007 	0.098 	
-599.241 	679.247 	740.924 	-0.438 	0.367 	0.394 	
438.244 	-542.772 	280.352 	0.117 	-0.302 	0.156 	
388.824 	806.864 	757.536 	0.124 	0.450 	0.395 	
54.074 	624.848 	485.692 	-0.045 	0.346 	0.247 	
613.469 	-240.998 	285.351 	0.264 	-0.120 	0.169 	
327.516 	-766.074 	718.692 	0.061 	-0.419 	0.396 	
13.601 	720.402 	226.348 	-0.076 	0.394 	0.147 	
513.656 	-705.310 	664.574 	0.198 	-0.400 	0.356 	
262.583 	200.475 	359.034 	0.040 	0.110 	0.200 	
-218.943 	744.266 	-750.666 	-0.188 	0.401 	-0.406 	
284.638 	241.312 	11.704 	0.093 	0.140 	0.009 	
696.981 	22.159 	-70.927 	0.271 	0.031 	-0.054 	
-677.586 	285.009 	-424.607 	-0.492 	0.158 	-0.231 	
215.430 	551.152 	321.440 	0.011 	0.309 	0.196 	
188.993 	-237.026 	-8.097 	0.015 	-0.148 	0.004 	
55.139 	-551.086 	-120.238 	-0.073 	-0.317 	-0.051 	
-378.391 	-141.468 	-161.936 	-0.327 	-0.073 	-0.093 	
-138.444 	362.846 	-747.761 	-0.147 	0.190 	-0.406 	
229.583 	278.190 	-150.795 	0.059 	0.148 	-0.066 	
-196.847 	704.580 	205.573 	-0.184 	0.408 	0.128 	
-359.310 	528.913 	-652.069 	-0.313 	0.284 	-0.373 	
151.186 	667.903 	576.103 	-0.019 	0.372 	0.298 	
347.984 	-764.634 	645.220 	0.093 	-0.404 	0.354 	
311.158 	-637.904 	64.431 	0.090 	-0.337 	0.051 	
249.359 	-136.928 	-588.248 	0.026 	-0.064 	-0.322 	
-460.874 	234.724 	662.284 	-0.361 	0.109 	0.379 	
-663.529 	505.025 	-5.482 	-0.471 	0.246 	0.005 	
760.807 	22.446 	-493.581 	0.333 	0.014 	-0.247 	
-247.099 	-322.953 	-411.873 	-0.221 	-0.157 	-0.240 	
-459.465 	-423.055 	-233.668 	-0.322 	-0.209 	-0.129 	
561.830 	-702.503 	-428.760 	0.191 	-0.380 	-0.237 	
-441.442 	210.421 	-506.692 	-0.328 	0.125 	-0.251 	
-169.081 	-151.907 	-184.621 	-0.207 	-0.062 	-0.113 	
768.602 	755.335 	-432.786 	0.336 	0.437 	-0.220 	
424.120 	-517.972 	-414.013 	0.139 	-0.270 	-0.245 	
-402.326 	649.612 	-664.960 	-0.314 	0.333 	-0.375 	
-135.626 	-369.615 	-305.893 	-0.135 	-0.206 	-0.168 	
157.376 	-110.260 	221.681 	-0.035 	-0.065 	0.121 	
127.657 	-0.811 	40.219 	-0.028 	0.012 	0.014 	
371.140 	805.135 	-65.401 	0.139 	0.450 	-0.036 	
380.826 	-476.671 	-238.047 	0.146 	-0.260 	-0.126 	
609.777 	324.062 	268.947 	0.235 	0.183 	0.145 	
-505.687 	-131.460 	451.007 	-0.374 	-0.044 	0.230 	
-95.906 	490.746 	439.172 	-0.136 	0.286 	0.259 	
-377.732 	326.944 	579.282 	-0.329 	0.181 	0.313 	
-142.891 	-178.624 	-334.230 	-0.154 	-0.075 	-0.170 	
-412.332 	-327.343 	-280.084 	-0.297 	-0.203 	-0.147 	
-400.943 	-20.189 	91.713 	-0.308 	0.009 	0.034 	
-94.453 	-676.188 	201.989 	-0.122 	-0.353 	0.123 	
318.665 	-93.992 	-13.461 	0.087 	-0.049 	-0.016 	
495.518 	233.215 	412.789 	0.206 	0.128 	0.207 	
139.505 	-97.240 	-692.754 	-0.040 	-0.039 	-0.371 	
80.147 	-387.572 	-313.208 	-0.035 	-0.192 	-0.178 	
460.341 	-46.646 	667.532 	0.165 	-0.030 	0.364 	
230.230 	-199.514 	102.029 	0.015 	-0.115 	0.080 	
192.102 	-667.981 	695.953 	0.023 	-0.348 	0.391 	
356.207 	130.171 	333.006 	0.106 	0.079 	0.181 	
204.129 	-603.059 	-70.281 	-0.008 	-0.333 	-0.041 	
175.727 	-611.996 	-311.038 	-0.019 	-0.327 	-0.177 	
-537.100 	-611.918 	-55.935 	-0.389 	-0.317 	-0.025 	
-514.219 	-464.409 	-212.464 	-0.403 	-0.257 	-0.114 	
748.212 	-640.974 	-150.389 	0.340 	-0.361 	-0.101 	
-25.718 	-277.689 	-351.377 	-0.117 	-0.173 	-0.204 	
-26.034 	-101.948 	47.895 	-0.130 	-0.064 	0.029 	
-159.378 	552.545 	-386.561 	-0.168 	0.317 	-0.224 	
-197.464 	247.775 	258.756 	-0.213 	0.154 	0.125 	
-2.068 	197.694 	-385.488 	-0.118 	0.125 	-0.208 	
-517.029 	-485.202 	318.847 	-0.356 	-0.253 	0.170 	
444.553 	-531.158 	-146.084 	0.172 	-0.285 	-0.065 	
685.055 	135.103 	561.799 	0.262 	0.084 	0.306 	
-540.937 	406.132 	541.307 	-0.372 	0.222 	0.282 	
-169.688 	188.893 	227.459 	-0.214 	0.102 	0.118 	
-297.366 	-600.300 	798.595 	-0.244 	-0.303 	0.445 	
-315.317 	-407.996 	29.260 	-0.268 	-0.237 	0.040 	
-372.400 	76.529 	-553.746 	-0.286 	0.042 	-0.311 	
709.094 	15.585 	-602.358 	0.321 	0.002 	-0.324 	
215.306 	247.872 	677.491 	0.043 	0.150 	0.362 	
-342.608 	395.231 	361.019 	-0.266 	0.207 	0.184 	
-167.114 	396.921 	517.625 	-0.154 	0.212 	0.284 	
-556.793 	550.885 	107.097 	-0.405 	0.330 	0.063 	
-97.669 	-232.809 	-344.620 	-0.133 	-0.150 	-0.167 	
-139.967 	-593.856 	122.015 	-0.173 	-0.321 	0.091 	
838.478 	653.354 	-494.909 	0.399 	0.366 	-0.272 	
132.634 	-507.998 	-463.521 	0.005 	-0.277 	-0.275 	
-299.353 	-643.006 	-594.378 	-0.256 	-0.379 	-0.315 	
380.210 	829.135 	-314.550 	0.102 	0.467 	-0.189 	
332.333 	-423.305 	602.553 	0.073 	-0.241 	0.334 	
889.936 	-57.056 	-489.157 	0.420 	-0.040 	-0.272 	
371.121 	-106.149 	130.150 	0.093 	-0.059 	0.070 	
306.204 	735.974 	-392.604 	0.060 	0.408 	-0.220 	
-403.289 	-336.350 	-301.198 	-0.306 	-0.150 	-0.163 	
-174.554 	714.297 	-185.377 	-0.197 	0.368 	-0.092 	
-175.614 	-147.062 	-623.717 	-0.173 	-0.078 	-0.340 	
433.516 	-699.921 	-347.316 	0.160 	-0.399 	-0.175 	
616.304 	-217.380 	-33.741 	0.236 	-0.099 	0.002 	
816.312 	8.140 	445.193 	0.381 	0.006 	0.246 	
471.741 	559.682 	-749.154 	0.194 	0.305 	-0.419 	
-521.395 	220.003 	499.894 	-0.349 	0.124 	0.267 	
2.468 	-7.123 	196.247 	-0.071 	0.003 	0.118 	
-115.962 	582.400 	507.034 	-0.167 	0.328 	0.283 	
901.691 	645.664 	-137.030 	0.411 	0.358 	-0.082 	
-550.996 	115.775 	511.860 	-0.401 	0.038 	0.273 	
-687.913 	185.153 	-556.375 	-0.450 	0.110 	-0.307 	
-393.504 	-264.498 	-112.422 	-0.311 	-0.155 	-0.071 	
373.402 	236.175 	-312.870 	0.089 	0.130 	-0.188 	
670.062 	726.079 	-467.466 	0.282 	0.418 	-0.273 	
-405.574 	328.924 	-8.611 	-0.317 	0.159 	-0.018 	
258.207 	69.628 	154.403 	0.024 	0.029 	0.080 	
270.558 	-593.229 	-297.985 	0.029 	-0.327 	-0.169 	
-463.958 	-93.030 	-396.615 	-0.366 	-0.048 	-0.202 	
888.958 	493.139 	-472.854 	0.423 	0.283 	-0.265 	
635.399 	101.615 	440.896 	0.266 	0.071 	0.220 	
319.352 	692.530 	146.492 	0.074 	0.360 	0.075 	
372.314 	-170.160 	-298.393 	0.095 	-0.105 	-0.146 	
745.829 	579.357 	-512.401 	0.297 	0.323 	-0.281 	
830.385 	175.768 	-224.772 	0.389 	0.100 	-0.122 	
-324.743 	227.759 	-159.128 	-0.294 	0.102 	-0.075 	
-219.235 	-679.860 	-182.376 	-0.205 	-0.349 	-0.107 	
504.833 	779.260 	-749.166 	0.178 	0.439 	-0.409 	
804.866 	262.029 	-192.203 	0.351 	0.161 	-0.105 	
-408.083 	-459.820 	-476.215 	-0.328 	-0.254 	-0.242 	
-569.802 	38.909 	383.252 	-0.432 	0.026 	0.222 	
850.269 	-422.045 	647.392 	0.398 	-0.227 	0.336 	
730.431 	42.661 	321.914 	0.283 	0.028 	0.179 	
280.977 	556.892 	451.846 	0.073 	0.322 	0.252 	
-573.750 	645.484 	-483.957 	-0.426 	0.348 	-0.286 	
-605.198 	61.747 	718.228 	-0.394 	0.035 	0.399 	
822.306 	-491.363 	-327.704 	0.362 	-0.293 	-0.185 	
-183.788 	308.760 	304.661 	-0.223 	0.168 	0.177 	
510.403 	500.555 	185.517 	0.183 	0.271 	0.113 	
665.449 	-88.288 	278.679 	0.290 	-0.056 	0.156 	
653.322 	269.548 	289.674 	0.249 	0.130 	0.139 	
-463.768 	-155.142 	654.650 	-0.329 	-0.086 	0.378 	
853.644 	-594.947 	352.488 	0.388 	-0.320 	0.199 	
-32.923 	519.764 	-699.426 	-0.133 	0.284 	-0.384 	
-333.406 	-501.850 	762.230 	-0.416 	-0.368 	0.620 	
227.659 	415.663 	26.342 	0.049 	0.225 	0.007 	
287.540 	-7.625 	81.950 	0.081 	0.008 	0.060 	
384.489 	556.927 	718.722 	0.140 	0.327 	0.393 	
-436.574 	61.243 	-59.402 	-0.344 	0.057 	-0.029 	
-625.513 	216.434 	-695.267 	-0.431 	0.125 	-0.368 	
379.541 	371.466 	114.117 	0.137 	0.206 	0.061 	
-79.672 	-513.242 	202.066 	-0.147 	-0.294 	0.102 	
490.762 	-133.567 	-303.831 	0.202 	-0.076 	-0.164 	
-62.862 	-82.821 	547.115 	-0.125 	-0.056 	0.280 	
-511.803 	534.502 	709.634 	-0.361 	0.306 	0.410 	
579.400 	-387.269 	22.356 	0.233 	-0.205 	0.041 	
-408.609 	-359.536 	-190.680 	-0.337 	-0.190 	-0.103 	
198.632 	583.771 	323.889 	-0.000 	0.318 	0.174 	
-176.471 	-191.380 	-707.336 	-0.158 	-0.106 	-0.382 	
-347.445 	18.117 	-590.731 	-0.308 	0.023 	-0.322 	
142.851 	390.983 	54.205 	0.001 	0.229 	0.024 	
-294.915 	-394.826 	-0.068 	-0.266 	-0.195 	0.020 	
-512.460 	-697.321 	722.836 	-0.381 	-0.382 	0.421 	
285.281 	0.662 	245.500 	0.076 	-0.003 	0.141 	
879.322 	330.066 	-284.045 	0.381 	0.173 	-0.149 	
869.055 	-510.621 	532.786 	0.399 	-0.289 	0.295 	
-658.073 	-414.345 	1.655 	-0.452 	-0.207 	-0.006 	
-152.357 	114.628 	-590.677 	-0.196 	0.066 	-0.305 	
173.727 	-71.571 	339.341 	-0.016 	-0.024 	0.199 	
726.394 	-230.313 	-129.578 	0.277 	-0.138 	-0.071 	
202.662 	-15.610 	-471.783 	0.032 	-0.005 	-0.263 	
920.934 	-671.035 	-822.582 	0.420 	-0.360 	-0.474 	
45.357 	-470.591 	-137.502 	-0.059 	-0.233 	-0.096 	
-270.465 	612.215 	665.546 	-0.226 	0.333 	0.359 	
670.702 	89.461 	-576.007 	0.253 	0.049 	-0.320 	
-101.408 	597.289 	362.341 	-0.166 	0.330 	0.187 	
-393.144 	-190.493 	-276.607 	-0.324 	-0.094 	-0.174 	
178.376 	31.438 	207.868 	-0.012 	0.009 	0.088 	
-125.009 	-346.050 	432.272 	-0.179 	-0.180 	0.234 	
69.951 	462.862 	146.293 	-0.053 	0.227 	0.089 	
325.791 	-99.258 	-471.222 	0.060 	-0.070 	-0.247 	
-169.844 	-284.254 	584.660 	-0.182 	-0.126 	0.321 	
849.602 	-224.482 	-768.146 	0.380 	-0.142 	-0.417 	
823.182 	-20.887 	-613.561 	0.380 	-0.014 	-0.361 	
509.688 	9.703 	712.458 	0.160 	0.015 	0.389 	
-48.931 	-419.800 	-362.981 	-0.114 	-0.226 	-0.171 	
385.114 	-807.372 	683.787 	0.124 	-0.414 	0.372 	
-486.073 	-298.170 	685.731 	-0.336 	-0.165 	0.367 	
-219.223 	-97.577 	-633.176 	-0.214 	-0.041 	-0.338 	
94.433 	613.579 	26.274 	-0.061 	0.348 	0.030 	
404.366 	321.922 	-651.239 	0.131 	0.165 	-0.354 	
535.658 	450.337 	-619.138 	0.213 	0.264 	-0.342 	
-658.864 	96.404 	442.842 	-0.448 	0.060 	0.244 	
-359.023 	-70.479 	584.263 	-0.293 	-0.070 	0.314 	
137.789 	473.015 	339.498 	-0.042 	0.258 	0.204 	
-0.943 	732.415 	665.823 	-0.064 	0.400 	0.364 	
-339.073 	-230.584 	710.805 	-0.297 	-0.132 	0.384 	
574.552 	420.047 	-228.555 	0.205 	0.227 	-0.113 	
124.007 	-209.490 	221.489 	-0.051 	-0.098 	0.120 	
-369.739 	652.599 	-637.854 	-0.295 	0.378 	-0.336 	
737.718 	546.918 	75.331 	0.342 	0.303 	0.043 	
637.977 	665.519 	231.173 	0.288 	0.363 	0.133 	
-528.607 	-667.058 	-354.176 	-0.403 	-0.378 	-0.195 	
855.853 	-413.902 	440.501 	0.355 	-0.247 	0.242 	
-150.532 	-115.805 	116.694 	-0.144 	-0.065 	0.058 	
-432.484 	169.312 	311.296 	-0.359 	0.087 	0.169 	
-513.682 	-249.189 	65.120 	-0.404 	-0.137 	0.037 	
850.160 	417.762 	651.834 	0.386 	0.221 	0.339 	
894.564 	-255.496 	-36.180 	0.401 	-0.139 	-0.033 	
266.413 	-632.610 	-215.163 	0.084 	-0.343 	-0.118 	
-320.359 	343.203 	-211.087 	-0.243 	0.179 	-0.125 	
63.471 	-590.922 	-658.398 	-0.087 	-0.323 	-0.362 	
-687.016 	-256.555 	663.231 	-0.482 	-0.157 	0.343 	
-417.644 	137.433 	421.395 	-0.349 	0.076 	0.221 	
320.694 	-560.639 	323.939 	0.060 	-0.317 	0.191 	
74.957 	-433.375 	51.971 	-0.046 	-0.214 	0.040 	
0.867 	-84.343 	-251.045 	-0.064 	-0.041 	-0.135 	
248.145 	-335.490 	186.797 	0.018 	-0.165 	0.101 	
-413.266 	-358.940 	-3.077 	-0.309 	-0.203 	0.021 	
-557.831 	315.696 	-131.494 	-0.429 	0.175 	-0.060 	
-441.217 	-524.998 	-466.425 	-0.333 	-0.302 	-0.252 	
854.612 	-682.964 	192.738 	0.398 	-0.387 	0.108 	
-164.204 	698.755 	199.516 	-0.193 	0.366 	0.134 	
-458.251 	-187.994 	-38.723 	-0.320 	-0.129 	-0.014 	
862.237 	-230.248 	694.045 	0.384 	-0.135 	0.394 	
243.632 	105.025 	507.792 	0.056 	0.044 	0.291 	
371.533 	-127.981 	-540.071 	0.099 	-0.084 	-0.274 	
-31.740 	357.923 	28.985 	-0.122 	0.201 	0.006 	
959.866 	705.486 	450.082 	0.424 	0.402 	0.229 	
-382.281 	-271.277 	916.954 	-0.326 	-0.163 	0.543 	
-505.084 	167.357 	-484.923 	-0.348 	0.084 	-0.266 	
-188.936 	-113.282 	251.386 	-0.214 	-0.037 	0.142 	
902.647 	-351.239 	-613.888 	0.386 	-0.189 	-0.330 	
-312.925 	305.749 	87.769 	-0.258 	0.161 	0.039 	
-70.712 	490.687 	41.636 	-0.141 	0.244 	0.022 	
287.692 	73.123 	670.906 	0.080 	0.067 	0.361 	
-113.753 	-352.599 	232.693 	-0.138 	-0.204 	0.132 	
-312.160 	443.797 	309.889 	-0.242 	0.230 	0.184 	
449.456 	281.020 	162.787 	0.154 	0.146 	0.120 	
59.943 	-57.096 	255.115 	-0.079 	-0.019 	0.152 	
813.887 	-482.457 	521.083 	0.337 	-0.255 	0.301 	
301.707 	635.223 	-41.908 	0.092 	0.355 	-0.014 	
-297.532 	292.765 	424.860 	-0.245 	0.179 	0.222 	
-605.591 	-234.792 	-614.337 	-0.413 	-0.110 	-0.340 	
841.195 	314.893 	481.385 	0.360 	0.200 	0.253 	
522.961 	-509.317 	-252.911 	0.221 	-0.272 	-0.142 	
-192.657 	-75.274 	494.283 	-0.204 	-0.028 	0.242 	
100.680 	-303.124 	761.406 	-0.051 	-0.183 	0.394 	
19.843 	-574.610 	686.619 	-0.078 	-0.333 	0.349 	
-607.462 	509.305 	-498.029 	-0.412 	0.265 	-0.289 	
639.804 	-139.088 	-113.694 	0.287 	-0.080 	-0.053 	
369.234 	308.937 	351.083 	0.114 	0.196 	0.208 	
-59.609 	-245.945 	-421.368 	-0.125 	-0.155 	-0.216 	
-129.889 	-155.591 	209.567 	-0.189 	-0.082 	0.115 	
-479.311 	80.225 	104.912 	-0.323 	0.042 	0.062 	
619.817 	-73.701 	-81.169 	0.239 	-0.051 	-0.041 	
482.032 	-335.447 	425.891 	0.196 	-0.184 	0.232 	
-22.435 	-310.297 	502.270 	-0.131 	-0.183 	0.269 	
-631.322 	1.660 	547.415 	-0.445 	0.002 	0.297 	
-262.352 	113.510 	170.515 	-0.265 	0.067 	0.094 	
833.616 	-477.589 	-8.162 	0.350 	-0.284 	-0.012 	
3.832 	186.757 	-419.607 	-0.097 	0.079 	-0.213 	
-130.877 	292.939 	686.010 	-0.141 	0.146 	0.380 	
671.132 	-478.194 	-168.081 	0.283 	-0.260 	-0.083 	
856.265 	-80.460 	-376.582 	0.396 	-0.052 	-0.189 	
788.474 	639.795 	814.035 	0.330 	0.346 	0.449 	
701.128 	-774.328 	-423.790 	0.292 	-0.417 	-0.211 	
735.067 	228.600 	249.911 	0.336 	0.121 	0.125 	
884.865 	-436.143 	246.104 	0.423 	-0.237 	0.136 	
212.246 	-609.673 	436.535 	0.032 	-0.310 	0.244 	
312.971 	70.221 	-551.407 	0.106 	0.041 	-0.306 	
842.280 	489.343 	340.152 	0.350 	0.274 	0.202 	
-63.784 	-137.666 	-2.989 	-0.152 	-0.084 	0.004 	
-379.572 	61.434 	-507.371 	-0.310 	0.015 	-0.296 	
249.529 	347.230 	227.815 	0.027 	0.201 	0.148 	
-379.879 	-3.760 	527.260 	-0.301 	0.027 	0.289 	
-133.563 	-218.832 	692.723 	-0.175 	-0.149 	0.371 	
-591.431 	351.383 	198.785 	-0.435 	0.205 	0.112 	
-663.219 	369.354 	612.847 	-0.431 	0.200 	0.342 	
-117.635 	-128.067 	561.149 	-0.164 	-0.050 	0.297 	
898.836 	-517.719 	-583.267 	0.386 	-0.282 	-0.343 	
250.683 	-739.747 	755.900 	0.019 	-0.413 	0.413 	
-280.691 	395.675 	148.139 	-0.232 	0.219 	0.074 	
-600.694 	276.680 	557.450 	-0.394 	0.147 	0.313 	
-454.277 	-15.008 	445.597 	-0.310 	-0.003 	0.243 	
190.887 	370.422 	451.731 	-0.013 	0.186 	0.250 	
261.831 	-230.056 	-80.168 	0.069 	-0.125 	-0.043 	
312.174 	137.348 	112.998 	0.068 	0.050 	0.059 	
-134.632 	-534.820 	273.038 	-0.143 	-0.312 	0.141 	
335.277 	-140.463 	261.322 	0.099 	-0.079 	0.124 	
613.873 	193.607 	439.284 	0.266 	0.116 	0.222 	
458.931 	75.238 	-433.528 	0.144 	0.045 	-0.238 	
284.977 	27.579 	-221.086 	0.060 	0.028 	-0.129 	
-645.171 	-557.325 	748.832 	-0.463 	-0.309 	0.428 	
-359.360 	707.278 	427.471 	-0.295 	0.378 	0.252 	
-167.690 	-666.264 	551.935 	-0.174 	-0.356 	0.297 	
-11.717 	-128.257 	541.497 	-0.097 	-0.094 	0.276 	
-50.333 	-126.037 	-159.879 	-0.148 	-0.077 	-0.101 	
936.371 	263.047 	756.708 	0.438 	0.152 	0.412 	
-93.316 	-670.109 	-656.063 	-0.118 	-0.367 	-0.366 	
450.413 	755.203 	-85.956 	0.158 	0.433 	-0.062 	
322.620 	788.096 	-760.760 	0.106 	0.440 	-0.404 	
5.830 	511.686 	292.556 	-0.083 	0.290 	0.164 	
-156.510 	494.829 	-41.679 	-0.180 	0.266 	-0.049 	
225.633 	319.178 	-815.225 	0.034 	0.164 	-0.473 	
-212.000 	84.990 	-231.309 	-0.189 	0.056 	-0.119 	
100.775 	59.528 	-463.505 	-0.021 	0.035 	-0.271 	
668.680 	463.743 	-216.039 	0.304 	0.252 	-0.121 	
-579.650 	470.573 	-454.956 	-0.416 	0.266 	-0.271 	
785.000 	697.443 	428.507 	0.372 	0.381 	0.238 	
-378.651 	484.896 	468.311 	-0.313 	0.260 	0.284 	
402.329 	282.895 	548.134 	0.107 	0.135 	0.301 	
-666.252 	469.403 	-418.673 	-0.474 	0.270 	-0.238 	
-338.115 	695.406 	-268.531 	-0.260 	0.376 	-0.131 	
-362.765 	322.892 	206.250 	-0.269 	0.167 	0.132 	
62.020 	-280.380 	402.066 	-0.064 	-0.130 	0.209 	
123.657 	-341.241 	-658.868 	-0.026 	-0.158 	-0.360 	
-635.381 	-218.270 	-351.707 	-0.418 	-0.121 	-0.208 	
612.754 	70.024 	-146.564 	0.254 	0.049 	-0.052 	
689.110 	11.082 	-111.611 	0.281 	-0.012 	-0.035 	
-169.472 	-131.449 	668.660 	-0.200 	-0.075 	0.359 	
772.032 	-475.234 	-414.114 	0.342 	-0.243 	-0.243 	
394.445 	-100.503 	370.271 	0.112 	-0.047 	0.203 	
890.211 	-723.721 	-406.724 	0.417 	-0.381 	-0.239 	
364.244 	-525.783 	99.838 	0.111 	-0.284 	0.035 	
-68.020 	-657.606 	41.424 	-0.136 	-0.367 	0.020 	
313.665 	674.325 	-90.437 	0.099 	0.342 	-0.052 	
574.542 	-160.813 	-154.006 	0.216 	-0.062 	-0.078 	
-179.783 	-80.767 	16.723 	-0.179 	-0.063 	0.021 	
55.788 	472.756 	-121.534 	-0.087 	0.269 	-0.067 	
532.892 	-558.452 	-714.243 	0.222 	-0.317 	-0.412 	
-481.171 	536.906 	153.391 	-0.369 	0.292 	0.113 	
7.377 	-351.929 	530.604 	-0.101 	-0.182 	0.267 	
489.946 	419.125 	-12.492 	0.147 	0.234 	-0.016 	
642.106 	657.906 	-613.272 	0.253 	0.374 	-0.328 	
-536.304 	151.835 	-4.955 	-0.394 	0.056 	0.010 	
633.251 	413.530 	93.845 	0.253 	0.211 	0.071 	
-646.996 	759.156 	747.269 	-0.462 	0.401 	0.420 	
225.108 	129.546 	307.998 	0.048 	0.069 	0.150 	
558.161 	-175.254 	-95.075 	0.200 	-0.109 	-0.039 	
808.824 	394.894 	596.217 	0.330 	0.219 	0.323 	
40.113 	-78.773 	-120.703 	-0.090 	-0.057 	-0.041 	
768.188 	-577.648 	-571.388 	0.357 	-0.312 	-0.312 	
669.962 	-25.190 	-278.832 	0.279 	-0.009 	-0.160 	
-535.953 	-651.977 	-133.268 	-0.388 	-0.357 	-0.048 	
-453.352 	640.915 	705.581 	-0.350 	0.378 	0.374 	
570.562 	-775.706 	515.319 	0.219 	-0.456 	0.278 	
619.930 	-514.893 	-112.528 	0.243 	-0.279 	-0.039 	
879.076 	-700.917 	698.463 	0.417 	-0.383 	0.377 	
-202.506 	-146.298 	-302.302 	-0.200 	-0.070 	-0.159 	
935.077 	676.627 	460.252 	0.452 	0.378 	0.240 	
560.912 	346.704 	-312.748 	0.188 	0.190 	-0.180 	
120.449 	579.692 	-232.117 	-0.016 	0.332 	-0.117 	
-669.240 	154.536 	-320.451 	-0.480 	0.084 	-0.159 	
-800.151 	665.169 	1126.410 	-0.523 	0.379 	0.618 	
364.802 	-152.179 	623.305 	0.138 	-0.078 	0.334 	
-227.633 	-171.759 	-225.532 	-0.246 	-0.087 	-0.116 	
-646.697 	285.920 	601.513 	-0.423 	0.161 	0.326 	
-229.844 	365.267 	-377.885 	-0.213 	0.200 	-0.235 	
72.835 	104.171 	-132.135 	-0.025 	0.048 	-0.076 	
-536.008 	-116.808 	-354.139 	-0.405 	-0.053 	-0.193 	
145.991 	-193.517 	-106.866 	-0.015 	-0.123 	-0.068 	
904.763 	-90.981 	-25.564 	0.413 	-0.049 	-0.036 	
-7.141 	212.142 	100.136 	-0.115 	0.111 	0.082 	
486.258 	-586.274 	-55.071 	0.147 	-0.318 	-0.043 	
628.990 	-690.264 	-287.302 	0.263 	-0.370 	-0.179 	
-315.564 	-448.961 	311.992 	-0.244 	-0.252 	0.165 	
-28.078 	480.761 	599.543 	-0.109 	0.248 	0.323 	
524.465 	720.840 	506.376 	0.196 	0.422 	0.276 	
-694.363 	358.218 	-75.749 	-0.479 	0.219 	-0.052 	
54.916 	38.774 	-536.030 	-0.069 	0.006 	-0.288 	
-257.525 	288.987 	-719.290 	-0.224 	0.136 	-0.380 	
-533.235 	-187.766 	98.471 	-0.402 	-0.119 	0.055 	
455.705 	263.878 	301.440 	0.162 	0.155 	0.140 	
312.205 	-141.638 	-588.598 	0.059 	-0.089 	-0.319 	
249.875 	565.012 	290.167 	0.056 	0.299 	0.150 	
155.575 	187.169 	411.537 	-0.017 	0.122 	0.215 	
-205.056 	-494.833 	495.470 	-0.203 	-0.264 	0.281 	
136.183 	-89.651 	-279.059 	-0.030 	-0.050 	-0.141 	
-49.853 	752.887 	433.496 	-0.140 	0.392 	0.250 	
-307.973 	186.559 	-81.438 	-0.247 	0.089 	-0.023 	
-514.866 	-416.411 	67.210 	-0.404 	-0.221 	0.038 	
627.361 	-289.389 	-769.765 	0.265 	-0.155 	-0.434 	
-505.722 	835.855 	-390.483 	-0.383 	0.484 	-0.205 	
-218.180 	337.002 	-718.031 	-0.185 	0.189 	-0.394 	
669.851 	-369.783 	-133.976 	0.272 	-0.182 	-0.063 	
214.109 	132.790 	-129.853 	0.014 	0.089 	-0.072 	
-71.872 	630.149 	-309.778 	-0.144 	0.347 	-0.166 	
-36.731 	65.923 	531.228 	-0.124 	0.054 	0.277 	
-416.267 	-578.884 	682.349 	-0.346 	-0.304 	0.375 	
466.007 	557.829 	489.583 	0.178 	0.279 	0.262 	
191.302 	487.996 	624.370 	0.031 	0.263 	0.355 	
408.983 	372.872 	-416.443 	0.115 	0.181 	-0.227 	
589.344 	406.669 	-666.180 	0.235 	0.219 	-0.381 	
186.019 	-265.000 	-594.373 	0.006 	-0.169 	-0.324 	
-418.298 	408.913 	-274.805 	-0.346 	0.208 	-0.144 	
481.809 	24.037 	-19.908 	0.184 	0.020 	0.001 	
-459.449 	627.561 	30.234 	-0.377 	0.339 	0.020 	
-177.342 	-590.055 	-235.811 	-0.193 	-0.319 	-0.141 	
308.143 	-368.116 	-592.732 	0.047 	-0.208 	-0.326 	
-0.529 	-202.762 	468.105 	-0.117 	-0.107 	0.260 	
60.675 	-692.523 	301.176 	-0.051 	-0.389 	0.179 	
580.965 	372.953 	-521.431 	0.254 	0.198 	-0.286 	
181.520 	414.306 	-383.306 	0.011 	0.242 	-0.230 	
151.233 	544.456 	-468.753 	-0.029 	0.292 	-0.247 	
-308.518 	531.401 	-313.918 	-0.240 	0.298 	-0.172 	
-659.143 	-275.880 	69.885 	-0.466 	-0.163 	0.056 	
-402.019 	-212.698 	-412.547 	-0.281 	-0.124 	-0.224 	
953.640 	-486.949 	730.716 	0.436 	-0.265 	0.386 	
-619.100 	329.559 	-132.389 	-0.445 	0.196 	-0.069 	
83.004 	-282.662 	368.397 	-0.084 	-0.146 	0.196 	
-115.397 	-258.401 	-567.871 	-0.135 	-0.145 	-0.289 	
-199.824 	-721.272 	671.355 	-0.209 	-0.391 	0.360 	
69.972 	-258.563 	374.354 	-0.081 	-0.140 	0.208 	
159.264 	-688.053 	159.512 	0.010 	-0.393 	0.088 	
-70.147 	-89.612 	39.585 	-0.165 	-0.061 	0.027 	
-135.483 	-230.968 	-283.530 	-0.175 	-0.138 	-0.141 	
-218.311 	-420.793 	600.583 	-0.094 	-0.140 	0.166 	
383.759 	-615.794 	402.155 	0.132 	-0.359 	0.218 	
-358.579 	-107.740 	403.837 	-0.265 	-0.077 	0.219 	
795.208 	367.751 	-591.468 	0.375 	0.207 	-0.330 	
13.561 	427.453 	724.547 	-0.090 	0.216 	0.382 	
335.015 	606.301 	479.903 	0.118 	0.327 	0.259 	
560.203 	499.357 	316.130 	0.241 	0.284 	0.176 	
502.347 	-461.135 	137.660 	0.186 	-0.233 	0.083 	
-162.216 	-145.833 	-534.514 	-0.197 	-0.061 	-0.270 	
-351.700 	467.805 	253.144 	-0.259 	0.257 	0.153 	
232.755 	-268.432 	460.007 	0.015 	-0.153 	0.254 	
359.316 	-496.578 	374.238 	0.104 	-0.298 	0.214 	
-85.758 	-560.587 	50.862 	-0.156 	-0.276 	0.025 	
241.388 	-454.964 	-68.766 	0.021 	-0.255 	-0.057 	
102.065 	-481.958 	-219.223 	-0.065 	-0.253 	-0.115 	
737.835 	-111.628 	-619.412 	0.314 	-0.058 	-0.335 	
472.096 	152.956 	718.752 	0.140 	0.091 	0.401 	
-426.437 	337.722 	449.721 	-0.321 	0.192 	0.265 	
877.648 	-443.625 	693.760 	0.413 	-0.232 	0.402 	
-412.610 	252.594 	134.981 	-0.300 	0.143 	0.057 	
172.329 	84.929 	662.701 	0.002 	0.072 	0.353 	
-670.586 	318.611 	488.642 	-0.466 	0.203 	0.269 	
-145.659 	-460.561 	144.925 	-0.185 	-0.275 	0.078 	
479.194 	-98.610 	-399.616 	0.188 	-0.036 	-0.230 	
-155.515 	-686.499 	759.124 	-0.176 	-0.381 	0.444 	
-480.808 	611.696 	63.577 	-0.374 	0.340 	0.025 	
274.415 	-753.683 	-684.987 	0.055 	-0.400 	-0.368 	
-705.990 	-186.209 	-726.249 	-0.455 	-0.106 	-0.396 	
-220.559 	5.073 	-455.920 	-0.240 	0.001 	-0.252 	
107.773 	52.782 	-69.185 	-0.018 	0.021 	-0.039 	
-667.130 	-171.527 	746.565 	-0.464 	-0.112 	0.419 	
-152.833 	-2.293 	-92.213 	-0.170 	-0.022 	-0.019 	
809.870 	-364.909 	420.461 	0.360 	-0.215 	0.251 	
-579.073 	-572.591 	-601.960 	-0.422 	-0.307 	-0.319 	
-597.703 	217.424 	-5.800 	-0.391 	0.109 	-0.005 	
233.782 	222.378 	-710.657 	0.054 	0.138 	-0.398 	
-406.532 	210.579 	329.181 	-0.292 	0.094 	0.190 	
885.483 	-689.696 	515.830 	0.376 	-0.397 	0.283 	
-138.905 	456.310 	-496.892 	-0.144 	0.233 	-0.276 	
-676.532 	69.740 	402.870 	-0.467 	0.032 	0.228 	
451.423 	-577.981 	621.451 	0.143 	-0.313 	0.355 	
-665.102 	534.803 	-51.004 	-0.456 	0.293 	-0.045 	
-642.256 	337.836 	227.251 	-0.426 	0.171 	0.147 	
215.320 	-532.530 	150.635 	0.048 	-0.307 	0.082 	
-160.196 	-534.433 	325.403 	-0.178 	-0.316 	0.195 	
252.198 	-392.986 	-693.121 	0.072 	-0.227 	-0.368 	
-520.006 	-400.719 	341.272 	-0.369 	-0.204 	0.185 	
-629.111 	-288.491 	-369.166 	-0.464 	-0.161 	-0.205 	
530.579 	-663.242 	-664.917 	0.213 	-0.390 	-0.355 	
-583.771 	-468.396 	-526.388 	-0.417 	-0.262 	-0.315 	
303.531 	-231.630 	-64.280 	0.079 	-0.122 	-0.023 	
504.415 	670.030 	364.959 	0.175 	0.375 	0.185 	
762.805 	170.608 	400.598 	0.314 	0.099 	0.232 	
435.434 	-364.033 	-485.796 	0.159 	-0.224 	-0.250 	
920.293 	-685.708 	569.611 	0.403 	-0.378 	0.329 	
-590.568 	-340.712 	-119.219 	-0.429 	-0.186 	-0.074 	
-286.162 	709.100 	309.504 	-0.268 	0.384 	0.191 	
-104.689 	467.771 	618.542 	-0.158 	0.234 	0.353 	
548.726 	115.437 	562.402 	0.212 	0.069 	0.313 	
25.183 	-621.669 	648.566 	-0.095 	-0.319 	0.346 	
-486.545 	378.923 	285.568 	-0.349 	0.224 	0.150 	
587.279 	585.335 	42.082 	0.238 	0.333 	0.033 	
-316.966 	-272.848 	-296.949 	-0.244 	-0.167 	-0.166 	
42.287 	-454.501 	640.055 	-0.075 	-0.273 	0.337 	
709.028 	115.261 	65.449 	0.295 	0.049 	0.062 	
-633.281 	-726.879 	482.584 	-0.421 	-0.412 	0.259 	
-180.534 	-284.290 	-193.676 	-0.170 	-0.129 	-0.112 	
676.483 	-594.427 	137.348 	0.281 	-0.312 	0.095 	
47.800 	418.934 	212.454 	-0.081 	0.203 	0.110 	
-33.604 	-342.803 	-62.182 	-0.126 	-0.165 	-0.045 	
506.009 	36.151 	-436.123 	0.179 	0.023 	-0.219 	
-491.560 	636.065 	483.606 	-0.380 	0.363 	0.243 	
839.340 	-627.434 	62.525 	0.386 	-0.350 	0.052 	
734.094 	-25.311 	479.465 	0.331 	-0.014 	0.272 	
316.177 	613.208 	-3.195 	0.060 	0.356 	-0.004 	
198.838 	199.584 	426.446 	0.044 	0.093 	0.222 	
-656.653 	522.290 	656.943 	-0.473 	0.275 	0.365 	
-512.836 	-178.973 	266.196 	-0.348 	-0.117 	0.150 	
796.634 	134.665 	-158.348 	0.324 	0.068 	-0.097 	
-338.212 	-140.391 	-611.784 	-0.250 	-0.076 	-0.327 	
