## Las primeras 500 lineas corresponden a la esfera 1 
##las siguienets 500 lineas a la esfera 2
## Las primeras tres columnas corresponden a la posición en 'x', 'y' y 'z', las siguientes tres a las velocidades
20.840 	-520.475 	42.341 	-0.010 	-0.251 	0.028 	
144.579 	-154.424 	3.919 	0.087 	-0.078 	-0.004 	
168.919 	660.539 	467.893 	0.099 	0.318 	0.209 	
-585.133 	658.437 	434.862 	-0.308 	0.338 	0.219 	
-160.638 	-141.422 	603.049 	-0.051 	-0.069 	0.316 	
632.468 	426.017 	780.525 	0.344 	0.216 	0.378 	
690.747 	-364.507 	-670.299 	0.347 	-0.170 	-0.340 	
-664.199 	-406.061 	219.231 	-0.325 	-0.179 	0.124 	
580.557 	149.702 	380.047 	0.279 	0.096 	0.187 	
224.621 	214.849 	280.536 	0.106 	0.101 	0.153 	
596.530 	-52.514 	42.486 	0.283 	-0.021 	0.015 	
-145.113 	-532.097 	75.512 	-0.057 	-0.260 	0.045 	
73.362 	-378.960 	53.675 	0.068 	-0.185 	0.029 	
448.511 	594.586 	580.513 	0.200 	0.296 	0.284 	
-14.603 	512.827 	-822.714 	-0.008 	0.236 	-0.397 	
-282.941 	-83.536 	-4.390 	-0.143 	-0.017 	0.002 	
-305.696 	665.326 	-257.443 	-0.163 	0.317 	-0.132 	
76.693 	400.823 	-707.627 	0.033 	0.173 	-0.362 	
-915.752 	-718.888 	-388.871 	-0.477 	-0.344 	-0.201 	
361.774 	-809.779 	-703.053 	0.159 	-0.409 	-0.352 	
68.511 	-793.646 	896.631 	0.042 	-0.370 	0.456 	
77.615 	290.288 	820.949 	0.030 	0.139 	0.386 	
-206.710 	-395.335 	197.334 	-0.101 	-0.171 	0.084 	
-686.630 	-548.731 	257.438 	-0.325 	-0.256 	0.115 	
438.690 	-332.196 	553.175 	0.237 	-0.161 	0.261 	
-342.417 	-17.047 	717.017 	-0.143 	0.000 	0.347 	
29.467 	-451.001 	-37.970 	0.033 	-0.207 	-0.011 	
200.191 	-756.099 	574.510 	0.087 	-0.393 	0.293 	
-699.008 	686.253 	174.328 	-0.331 	0.337 	0.088 	
-404.146 	-601.724 	457.521 	-0.183 	-0.288 	0.235 	
-251.950 	-426.944 	-689.396 	-0.117 	-0.198 	-0.343 	
342.912 	566.874 	654.792 	0.159 	0.264 	0.327 	
662.279 	-250.169 	606.129 	0.328 	-0.124 	0.305 	
-470.730 	458.895 	53.756 	-0.201 	0.224 	0.029 	
74.264 	-211.824 	-784.653 	0.034 	-0.122 	-0.365 	
83.574 	-124.834 	81.128 	0.070 	-0.042 	0.040 	
-315.372 	-659.614 	-702.237 	-0.159 	-0.316 	-0.373 	
-344.820 	-797.093 	596.944 	-0.145 	-0.392 	0.294 	
-289.362 	-82.408 	422.179 	-0.156 	-0.032 	0.213 	
517.786 	-812.066 	577.924 	0.253 	-0.402 	0.293 	
872.536 	360.758 	-29.739 	0.437 	0.151 	-0.018 	
141.631 	-229.480 	85.277 	0.081 	-0.094 	0.028 	
367.051 	92.823 	569.626 	0.154 	0.046 	0.280 	
-6.224 	-563.324 	-369.941 	-0.025 	-0.279 	-0.180 	
112.770 	-161.006 	539.560 	0.077 	-0.081 	0.280 	
49.529 	132.305 	-286.858 	0.044 	0.075 	-0.128 	
872.075 	81.386 	-10.444 	0.410 	0.023 	0.006 	
-201.517 	777.831 	-200.803 	-0.094 	0.392 	-0.105 	
164.811 	-218.394 	-309.422 	0.100 	-0.116 	-0.149 	
722.906 	447.246 	233.799 	0.364 	0.241 	0.115 	
-684.967 	-234.688 	-525.420 	-0.327 	-0.126 	-0.276 	
410.365 	-69.537 	405.098 	0.184 	-0.030 	0.183 	
792.830 	-344.925 	-803.608 	0.413 	-0.193 	-0.401 	
-97.405 	524.923 	-8.161 	-0.022 	0.253 	0.009 	
-576.081 	655.400 	470.179 	-0.297 	0.311 	0.233 	
-147.876 	-746.764 	375.903 	-0.060 	-0.388 	0.199 	
-356.031 	-0.224 	-473.603 	-0.150 	-0.009 	-0.243 	
3.416 	-680.605 	-229.138 	0.022 	-0.340 	-0.120 	
-786.687 	552.250 	664.562 	-0.397 	0.287 	0.341 	
453.752 	731.303 	311.153 	0.232 	0.351 	0.134 	
-182.096 	766.502 	211.558 	-0.110 	0.387 	0.098 	
284.553 	471.551 	-277.303 	0.154 	0.223 	-0.132 	
-584.626 	818.005 	322.439 	-0.313 	0.417 	0.164 	
551.594 	131.082 	-279.658 	0.274 	0.087 	-0.138 	
621.040 	-768.029 	-790.708 	0.340 	-0.382 	-0.383 	
908.219 	-321.273 	-792.400 	0.482 	-0.157 	-0.395 	
562.799 	-441.992 	-688.836 	0.311 	-0.221 	-0.345 	
-857.318 	921.467 	-260.424 	-0.437 	0.482 	-0.141 	
906.610 	434.779 	581.327 	0.479 	0.221 	0.280 	
-138.598 	324.997 	337.280 	-0.066 	0.124 	0.171 	
600.472 	255.614 	261.500 	0.316 	0.107 	0.116 	
224.939 	-58.719 	292.174 	0.139 	-0.016 	0.146 	
-15.513 	473.889 	-807.755 	-0.014 	0.255 	-0.399 	
-202.601 	-614.428 	-259.117 	-0.107 	-0.303 	-0.119 	
-340.605 	322.971 	503.991 	-0.191 	0.155 	0.245 	
367.711 	-116.709 	-241.130 	0.181 	-0.049 	-0.088 	
-14.927 	-220.188 	-569.499 	-0.013 	-0.083 	-0.284 	
697.885 	415.778 	-643.396 	0.356 	0.210 	-0.340 	
107.055 	-171.207 	-300.102 	0.041 	-0.073 	-0.161 	
-28.390 	-188.376 	689.920 	0.001 	-0.104 	0.340 	
-99.264 	653.218 	193.216 	-0.067 	0.307 	0.099 	
213.153 	-342.601 	-245.380 	0.083 	-0.160 	-0.106 	
415.345 	502.979 	671.505 	0.198 	0.259 	0.331 	
-159.698 	-552.291 	667.368 	-0.088 	-0.263 	0.343 	
512.972 	-307.616 	-104.781 	0.268 	-0.134 	-0.071 	
-507.322 	-691.746 	-677.688 	-0.235 	-0.335 	-0.325 	
498.492 	-143.852 	-285.710 	0.254 	-0.084 	-0.165 	
-495.346 	-566.888 	601.980 	-0.270 	-0.279 	0.303 	
-750.035 	-712.665 	460.089 	-0.355 	-0.355 	0.236 	
-686.695 	-267.636 	-89.941 	-0.318 	-0.149 	-0.036 	
861.576 	361.561 	617.136 	0.429 	0.205 	0.302 	
30.048 	320.624 	616.226 	0.009 	0.171 	0.308 	
44.951 	-130.495 	54.510 	0.033 	-0.079 	0.029 	
-122.196 	-719.928 	-325.705 	-0.046 	-0.373 	-0.146 	
715.105 	-492.660 	711.628 	0.351 	-0.228 	0.348 	
-287.925 	453.361 	-770.708 	-0.132 	0.218 	-0.360 	
690.769 	199.405 	457.292 	0.362 	0.082 	0.229 	
740.385 	173.489 	-514.674 	0.389 	0.089 	-0.252 	
830.698 	696.877 	104.942 	0.444 	0.341 	0.055 	
492.998 	-353.707 	484.627 	0.233 	-0.186 	0.238 	
-556.695 	754.221 	389.127 	-0.273 	0.356 	0.204 	
-879.193 	-655.060 	-301.986 	-0.456 	-0.321 	-0.132 	
237.813 	-826.992 	489.117 	0.123 	-0.425 	0.240 	
-374.583 	-110.960 	623.070 	-0.181 	-0.034 	0.323 	
424.869 	-196.895 	235.627 	0.238 	-0.098 	0.129 	
-793.464 	384.334 	716.577 	-0.374 	0.192 	0.349 	
-732.806 	-542.610 	488.347 	-0.384 	-0.260 	0.251 	
-865.209 	898.101 	-375.161 	-0.443 	0.467 	-0.187 	
572.744 	-346.348 	3.206 	0.272 	-0.182 	0.020 	
908.411 	-66.511 	-326.116 	0.472 	-0.047 	-0.141 	
-244.283 	-69.501 	442.276 	-0.108 	-0.044 	0.236 	
237.731 	-273.535 	413.839 	0.093 	-0.138 	0.206 	
392.344 	18.419 	149.707 	0.178 	-0.006 	0.063 	
-125.763 	818.782 	-314.997 	-0.074 	0.393 	-0.138 	
-534.772 	732.256 	725.926 	-0.268 	0.366 	0.369 	
-98.451 	778.203 	760.987 	-0.038 	0.395 	0.382 	
250.538 	-822.345 	-177.380 	0.117 	-0.411 	-0.062 	
-882.577 	-223.843 	831.440 	-0.430 	-0.132 	0.406 	
600.148 	-334.900 	-334.367 	0.294 	-0.187 	-0.145 	
-32.203 	592.964 	96.289 	-0.038 	0.287 	0.057 	
-424.915 	83.221 	482.589 	-0.195 	0.048 	0.259 	
456.584 	-632.688 	-292.374 	0.233 	-0.328 	-0.146 	
382.319 	-151.745 	-608.849 	0.186 	-0.050 	-0.312 	
781.635 	-336.532 	773.689 	0.371 	-0.173 	0.389 	
-808.185 	296.449 	422.522 	-0.421 	0.138 	0.203 	
264.033 	-126.197 	-316.016 	0.112 	-0.043 	-0.145 	
-871.088 	-559.447 	-351.776 	-0.427 	-0.272 	-0.156 	
-884.659 	-844.716 	354.617 	-0.462 	-0.421 	0.168 	
-665.948 	337.197 	-842.841 	-0.333 	0.175 	-0.398 	
-736.972 	-735.494 	288.254 	-0.348 	-0.374 	0.141 	
-56.802 	-508.043 	384.533 	-0.044 	-0.246 	0.197 	
-183.429 	630.435 	-342.778 	-0.100 	0.318 	-0.185 	
-494.177 	430.108 	11.750 	-0.250 	0.202 	-0.000 	
34.099 	256.061 	-731.368 	0.000 	0.111 	-0.353 	
899.491 	-819.100 	96.861 	0.437 	-0.402 	0.035 	
-138.981 	-637.431 	-298.882 	-0.052 	-0.315 	-0.172 	
117.661 	-498.173 	251.204 	0.041 	-0.246 	0.104 	
-615.600 	-734.975 	584.353 	-0.282 	-0.377 	0.293 	
690.567 	-349.665 	-346.801 	0.346 	-0.162 	-0.170 	
264.186 	-625.862 	172.801 	0.160 	-0.306 	0.097 	
-626.187 	-360.192 	-477.340 	-0.289 	-0.188 	-0.235 	
806.802 	-245.497 	-202.704 	0.377 	-0.107 	-0.104 	
-518.240 	811.695 	175.468 	-0.264 	0.392 	0.099 	
-632.276 	-671.049 	87.326 	-0.318 	-0.331 	0.057 	
-186.186 	272.071 	299.596 	-0.105 	0.116 	0.145 	
493.669 	-108.676 	721.724 	0.241 	-0.052 	0.335 	
-379.680 	-79.467 	-288.042 	-0.176 	-0.014 	-0.145 	
5.942 	421.540 	655.369 	-0.009 	0.203 	0.300 	
768.619 	-686.071 	-795.690 	0.362 	-0.343 	-0.402 	
-88.716 	598.345 	-403.641 	-0.023 	0.279 	-0.205 	
732.963 	-805.425 	234.229 	0.368 	-0.396 	0.093 	
-604.098 	-245.322 	506.188 	-0.278 	-0.108 	0.247 	
209.076 	468.583 	850.894 	0.095 	0.213 	0.426 	
-864.719 	-851.838 	-304.677 	-0.429 	-0.419 	-0.162 	
-724.249 	-62.820 	-817.621 	-0.363 	-0.017 	-0.409 	
-40.919 	-347.868 	-297.265 	-0.042 	-0.170 	-0.145 	
741.143 	-187.625 	610.813 	0.418 	-0.090 	0.287 	
-764.873 	-375.130 	766.963 	-0.382 	-0.200 	0.377 	
-393.753 	-593.912 	835.862 	-0.181 	-0.299 	0.425 	
93.993 	-591.240 	489.139 	0.044 	-0.297 	0.250 	
790.463 	-678.932 	617.924 	0.418 	-0.342 	0.315 	
-288.074 	141.782 	183.168 	-0.123 	0.079 	0.075 	
-221.693 	-85.409 	412.694 	-0.156 	0.003 	0.245 	
390.779 	40.768 	-52.811 	0.212 	0.036 	-0.012 	
53.324 	-309.636 	186.578 	0.020 	-0.153 	0.078 	
-300.366 	-13.793 	-130.978 	-0.160 	-0.002 	-0.050 	
-301.012 	471.441 	-414.968 	-0.144 	0.236 	-0.207 	
927.946 	-165.975 	-62.376 	0.470 	-0.108 	-0.027 	
271.028 	6.592 	-126.610 	0.135 	-0.014 	-0.041 	
356.468 	-165.073 	-207.825 	0.151 	-0.087 	-0.089 	
-543.547 	164.001 	878.565 	-0.261 	0.079 	0.445 	
472.226 	363.873 	26.645 	0.264 	0.167 	0.018 	
-748.466 	163.515 	333.686 	-0.387 	0.073 	0.161 	
226.538 	-27.235 	-250.359 	0.102 	-0.030 	-0.127 	
-859.492 	-393.106 	751.721 	-0.446 	-0.196 	0.370 	
-684.535 	-282.699 	-76.130 	-0.349 	-0.127 	-0.017 	
-352.744 	-190.674 	-183.960 	-0.172 	-0.095 	-0.095 	
529.311 	474.168 	711.170 	0.269 	0.239 	0.329 	
154.224 	-172.644 	676.435 	0.086 	-0.078 	0.343 	
811.081 	478.382 	854.596 	0.399 	0.254 	0.435 	
698.555 	625.315 	662.777 	0.344 	0.317 	0.354 	
765.225 	-623.345 	-636.949 	0.365 	-0.319 	-0.326 	
514.732 	781.307 	47.158 	0.280 	0.385 	0.020 	
-371.510 	54.560 	191.405 	-0.196 	0.016 	0.112 	
-170.507 	47.758 	-467.086 	-0.074 	0.034 	-0.252 	
-90.772 	361.834 	397.220 	-0.064 	0.177 	0.195 	
-864.308 	-794.925 	444.039 	-0.435 	-0.380 	0.243 	
-346.541 	260.669 	-327.235 	-0.168 	0.139 	-0.151 	
-233.450 	-748.674 	-552.152 	-0.118 	-0.358 	-0.277 	
-435.237 	-714.242 	-428.576 	-0.191 	-0.352 	-0.212 	
72.175 	-790.537 	-653.291 	0.031 	-0.385 	-0.316 	
652.448 	274.955 	40.035 	0.353 	0.141 	0.028 	
764.108 	-53.935 	-557.598 	0.381 	-0.032 	-0.261 	
-372.664 	128.286 	19.630 	-0.156 	0.058 	0.026 	
-315.792 	387.568 	205.061 	-0.180 	0.186 	0.102 	
794.841 	-333.453 	19.301 	0.390 	-0.183 	-0.008 	
-444.258 	309.764 	-809.696 	-0.227 	0.146 	-0.409 	
821.711 	-89.663 	502.533 	0.402 	-0.026 	0.261 	
136.807 	261.703 	213.660 	0.094 	0.141 	0.119 	
483.652 	-183.124 	-361.912 	0.257 	-0.075 	-0.163 	
-499.051 	652.602 	133.063 	-0.242 	0.302 	0.073 	
-28.435 	-645.773 	386.049 	0.006 	-0.299 	0.181 	
-106.793 	-72.071 	-674.723 	-0.031 	-0.031 	-0.325 	
-229.755 	29.669 	135.623 	-0.122 	0.020 	0.069 	
-102.801 	-717.547 	-685.101 	-0.041 	-0.344 	-0.354 	
-206.859 	-289.989 	762.318 	-0.088 	-0.154 	0.352 	
870.059 	-98.324 	-646.905 	0.446 	-0.066 	-0.316 	
-198.111 	138.322 	-149.164 	-0.093 	0.061 	-0.061 	
712.909 	-784.890 	708.933 	0.374 	-0.380 	0.353 	
-260.608 	-295.955 	251.526 	-0.125 	-0.126 	0.118 	
-255.670 	-48.634 	732.174 	-0.107 	-0.005 	0.362 	
132.996 	386.090 	77.907 	0.095 	0.189 	0.041 	
-790.387 	834.540 	-607.428 	-0.403 	0.416 	-0.300 	
9.431 	-223.960 	-822.419 	0.033 	-0.103 	-0.411 	
-157.211 	-466.874 	511.333 	-0.067 	-0.205 	0.256 	
-469.674 	-385.522 	-353.482 	-0.249 	-0.195 	-0.173 	
436.792 	796.525 	-649.111 	0.221 	0.399 	-0.348 	
-448.232 	63.146 	521.321 	-0.245 	0.030 	0.255 	
-1.327 	109.451 	419.642 	-0.015 	0.056 	0.187 	
-185.554 	-116.674 	363.371 	-0.054 	-0.086 	0.107 	
775.114 	-159.403 	-477.987 	0.382 	-0.103 	-0.246 	
906.345 	-841.838 	-14.005 	0.445 	-0.421 	0.012 	
-632.196 	-471.371 	-24.245 	-0.332 	-0.249 	-0.024 	
48.021 	-706.486 	165.049 	0.009 	-0.335 	0.093 	
-310.749 	66.979 	691.291 	-0.162 	0.020 	0.328 	
-468.864 	836.364 	15.987 	-0.209 	0.410 	0.021 	
-615.474 	-664.229 	288.277 	-0.299 	-0.316 	0.134 	
735.532 	-312.458 	-599.712 	0.373 	-0.149 	-0.316 	
-530.271 	-805.106 	500.466 	-0.264 	-0.378 	0.249 	
-367.240 	21.335 	293.214 	-0.180 	-0.013 	0.153 	
-387.537 	81.614 	766.120 	-0.191 	0.041 	0.395 	
-703.052 	517.485 	-160.491 	-0.341 	0.254 	-0.053 	
-639.595 	231.994 	21.658 	-0.335 	0.114 	0.012 	
-250.249 	200.364 	-417.532 	-0.120 	0.115 	-0.199 	
735.876 	888.222 	-821.150 	0.359 	0.465 	-0.418 	
-578.980 	335.067 	443.967 	-0.303 	0.165 	0.238 	
-696.882 	-66.606 	-707.953 	-0.329 	-0.039 	-0.351 	
393.212 	-556.588 	296.302 	0.206 	-0.287 	0.125 	
574.285 	661.396 	-71.884 	0.316 	0.329 	-0.025 	
706.669 	348.041 	-799.705 	0.339 	0.181 	-0.380 	
468.912 	230.293 	-557.024 	0.223 	0.106 	-0.252 	
-354.522 	-688.042 	-187.941 	-0.165 	-0.320 	-0.097 	
616.780 	-302.150 	106.206 	0.318 	-0.140 	0.026 	
-354.478 	552.232 	117.702 	-0.045 	0.376 	0.096 	
177.833 	-503.632 	756.254 	0.093 	-0.239 	0.349 	
-414.822 	281.476 	-306.025 	-0.207 	0.132 	-0.165 	
-590.571 	-21.550 	284.395 	-0.309 	-0.013 	0.154 	
639.007 	-214.825 	693.454 	0.334 	-0.114 	0.321 	
160.594 	-478.430 	-780.953 	0.096 	-0.247 	-0.363 	
886.212 	154.622 	-505.551 	0.463 	0.077 	-0.255 	
278.002 	-195.875 	661.646 	0.161 	-0.096 	0.321 	
-583.122 	713.891 	-164.854 	-0.260 	0.357 	-0.077 	
-338.094 	-338.735 	273.139 	-0.175 	-0.167 	0.148 	
-303.007 	-379.637 	107.157 	-0.144 	-0.187 	0.082 	
796.621 	-19.129 	343.718 	0.407 	0.012 	0.182 	
-549.119 	53.937 	469.275 	-0.275 	0.027 	0.260 	
24.820 	321.318 	-599.299 	-0.007 	0.161 	-0.310 	
-613.212 	-778.851 	-741.897 	-0.284 	-0.379 	-0.385 	
434.059 	675.396 	-308.882 	0.203 	0.324 	-0.148 	
-804.141 	388.047 	503.000 	-0.407 	0.195 	0.234 	
-826.737 	33.682 	328.910 	-0.429 	0.029 	0.160 	
279.008 	-669.408 	-718.902 	0.128 	-0.340 	-0.335 	
-948.492 	131.848 	8.792 	-0.597 	-0.015 	-0.005 	
-784.451 	-306.642 	391.143 	-0.380 	-0.157 	0.207 	
478.007 	-177.814 	-530.180 	0.230 	-0.090 	-0.284 	
211.786 	148.712 	71.671 	0.122 	0.080 	0.056 	
-22.657 	-278.280 	229.297 	-0.011 	-0.155 	0.089 	
-812.888 	86.266 	-459.035 	-0.415 	0.032 	-0.242 	
658.265 	-82.512 	893.220 	0.339 	-0.032 	0.461 	
-163.699 	-262.702 	504.238 	-0.081 	-0.146 	0.225 	
328.080 	-491.780 	-203.375 	0.147 	-0.239 	-0.091 	
101.202 	-98.807 	152.495 	0.062 	-0.066 	0.061 	
-724.338 	-847.696 	-438.660 	-0.365 	-0.435 	-0.215 	
420.712 	-426.838 	-729.308 	0.205 	-0.186 	-0.347 	
148.333 	135.305 	-185.293 	0.093 	0.149 	-0.090 	
-341.435 	-125.205 	264.155 	-0.165 	-0.043 	0.136 	
893.308 	473.655 	-67.692 	0.471 	0.229 	-0.038 	
225.113 	-107.424 	-472.584 	0.100 	-0.049 	-0.239 	
-686.452 	219.928 	-845.910 	-0.332 	0.119 	-0.417 	
301.270 	283.754 	233.557 	0.166 	0.122 	0.131 	
846.420 	71.442 	-689.741 	0.401 	0.028 	-0.331 	
-338.908 	89.155 	-410.966 	-0.165 	0.060 	-0.216 	
-798.228 	746.748 	310.735 	-0.418 	0.374 	0.158 	
7.031 	-659.452 	-751.023 	0.020 	-0.323 	-0.393 	
578.771 	743.368 	-423.250 	0.291 	0.367 	-0.238 	
432.571 	-341.571 	56.228 	0.208 	-0.166 	0.052 	
445.552 	-734.050 	-556.576 	0.210 	-0.353 	-0.295 	
292.425 	-336.935 	479.448 	0.133 	-0.168 	0.235 	
362.798 	-377.718 	576.310 	0.181 	-0.176 	0.288 	
748.775 	801.295 	-690.190 	0.363 	0.405 	-0.363 	
668.616 	-146.619 	474.605 	0.346 	-0.058 	0.254 	
286.067 	-216.075 	-169.176 	0.150 	-0.095 	-0.084 	
-313.964 	-324.917 	617.648 	-0.176 	-0.155 	0.309 	
-394.802 	-151.153 	681.232 	-0.194 	-0.096 	0.339 	
151.981 	-416.861 	-249.897 	0.080 	-0.201 	-0.133 	
-555.398 	-76.647 	-5.457 	-0.275 	-0.046 	-0.010 	
-130.431 	677.358 	-856.014 	-0.040 	0.350 	-0.425 	
-631.407 	-215.544 	445.840 	-0.332 	-0.107 	0.215 	
-30.018 	-691.578 	693.819 	-0.013 	-0.329 	0.355 	
-352.559 	235.487 	676.377 	-0.154 	0.129 	0.331 	
-76.993 	-21.727 	471.371 	-0.049 	-0.016 	0.236 	
581.384 	-436.917 	31.309 	0.299 	-0.231 	-0.006 	
-87.885 	-313.552 	177.321 	-0.012 	-0.149 	0.102 	
-212.736 	-305.579 	667.311 	-0.075 	-0.147 	0.339 	
-815.017 	-235.144 	223.483 	-0.426 	-0.118 	0.114 	
-194.717 	-573.296 	-120.802 	-0.117 	-0.273 	-0.060 	
253.403 	-788.536 	445.870 	0.115 	-0.412 	0.214 	
307.064 	-610.130 	-184.451 	0.144 	-0.307 	-0.076 	
334.141 	-744.327 	-113.843 	0.174 	-0.378 	-0.039 	
250.140 	53.264 	686.328 	0.107 	0.012 	0.339 	
-746.643 	373.499 	57.529 	-0.378 	0.182 	0.023 	
-210.365 	202.157 	364.512 	-0.079 	0.087 	0.171 	
-279.733 	-442.246 	691.032 	-0.151 	-0.219 	0.364 	
-622.267 	-758.078 	619.057 	-0.309 	-0.367 	0.330 	
458.887 	518.050 	-800.283 	0.218 	0.250 	-0.383 	
-292.891 	464.506 	-764.767 	-0.124 	0.244 	-0.370 	
-89.636 	-634.564 	-505.173 	-0.019 	-0.315 	-0.256 	
-52.100 	-21.349 	124.627 	0.002 	-0.029 	0.055 	
545.066 	-258.070 	165.709 	0.277 	-0.128 	0.067 	
400.773 	261.706 	-490.421 	0.227 	0.130 	-0.238 	
-562.686 	-707.531 	445.427 	-0.266 	-0.372 	0.208 	
884.622 	-182.398 	-817.570 	0.460 	-0.089 	-0.416 	
-167.099 	581.451 	215.303 	-0.062 	0.296 	0.097 	
-471.237 	670.329 	-569.630 	-0.239 	0.332 	-0.289 	
-683.670 	443.853 	-228.556 	-0.313 	0.218 	-0.114 	
10.691 	257.950 	-82.622 	-0.009 	0.104 	-0.041 	
-745.376 	255.017 	69.289 	-0.348 	0.148 	0.029 	
-30.063 	-639.697 	-513.391 	-0.018 	-0.306 	-0.230 	
-579.677 	-350.592 	63.340 	-0.294 	-0.165 	0.011 	
420.434 	359.411 	-477.782 	0.234 	0.180 	-0.228 	
-566.258 	827.599 	79.179 	-0.284 	0.400 	0.060 	
401.801 	-82.632 	-606.490 	0.212 	-0.033 	-0.301 	
-96.594 	100.198 	-197.515 	-0.038 	0.026 	-0.080 	
-793.936 	-382.610 	-719.957 	-0.390 	-0.210 	-0.370 	
378.921 	-143.996 	104.081 	0.179 	-0.079 	0.062 	
-646.944 	-168.344 	710.189 	-0.324 	-0.078 	0.357 	
639.657 	-54.198 	623.423 	0.319 	-0.037 	0.291 	
254.432 	-43.916 	-553.180 	0.111 	-0.037 	-0.273 	
692.193 	263.286 	-33.251 	0.327 	0.135 	-0.031 	
311.120 	125.309 	498.009 	0.142 	0.072 	0.240 	
-38.991 	371.764 	-637.015 	-0.033 	0.186 	-0.303 	
798.518 	-615.653 	-278.883 	0.423 	-0.302 	-0.126 	
-739.064 	-746.385 	792.341 	-0.376 	-0.379 	0.393 	
-665.713 	-467.705 	-17.701 	-0.326 	-0.222 	-0.008 	
541.456 	121.045 	171.958 	0.242 	0.058 	0.086 	
820.485 	-219.000 	240.499 	0.411 	-0.100 	0.105 	
-696.018 	236.329 	339.396 	-0.338 	0.131 	0.192 	
56.869 	-52.832 	-5.306 	0.006 	-0.022 	0.006 	
-264.548 	-493.637 	650.258 	-0.108 	-0.235 	0.332 	
-107.736 	-389.956 	-342.384 	-0.040 	-0.204 	-0.153 	
794.300 	-289.151 	-552.079 	0.395 	-0.163 	-0.266 	
126.069 	-485.320 	-461.315 	0.038 	-0.232 	-0.219 	
594.306 	-682.726 	834.843 	0.312 	-0.322 	0.411 	
-782.000 	-332.298 	-420.361 	-0.376 	-0.153 	-0.202 	
-671.857 	-171.059 	-272.484 	-0.351 	-0.099 	-0.128 	
69.517 	-173.801 	645.093 	0.063 	-0.087 	0.314 	
441.355 	-470.818 	373.991 	0.249 	-0.234 	0.172 	
-411.176 	371.304 	365.590 	-0.224 	0.173 	0.188 	
-763.220 	-453.739 	624.226 	-0.373 	-0.200 	0.315 	
-584.012 	2.894 	181.081 	-0.296 	-0.005 	0.103 	
-500.007 	-576.951 	103.048 	-0.232 	-0.276 	0.041 	
736.729 	749.215 	485.460 	0.375 	0.345 	0.234 	
713.754 	396.657 	-134.840 	0.378 	0.209 	-0.074 	
-718.335 	-681.595 	158.773 	-0.354 	-0.331 	0.093 	
-581.397 	198.214 	337.581 	-0.296 	0.088 	0.161 	
-513.347 	56.037 	391.369 	-0.230 	0.041 	0.202 	
-439.896 	-200.042 	-823.008 	-0.222 	-0.112 	-0.429 	
-405.940 	-435.859 	-639.464 	-0.208 	-0.229 	-0.330 	
880.462 	887.313 	-440.464 	0.448 	0.459 	-0.210 	
849.212 	323.732 	-662.134 	0.427 	0.149 	-0.348 	
-218.549 	-343.923 	-249.234 	-0.108 	-0.184 	-0.115 	
-235.398 	-315.178 	567.301 	-0.113 	-0.180 	0.276 	
197.553 	-38.272 	111.414 	0.117 	-0.027 	0.041 	
259.901 	110.838 	193.186 	0.142 	0.040 	0.089 	
-471.904 	521.148 	500.662 	-0.250 	0.259 	0.246 	
-553.849 	688.294 	-764.586 	-0.278 	0.324 	-0.383 	
-234.033 	-539.842 	-834.029 	-0.109 	-0.248 	-0.424 	
710.998 	-346.500 	-538.153 	0.331 	-0.166 	-0.259 	
-13.113 	0.969 	-524.541 	-0.005 	0.004 	-0.261 	
256.848 	639.854 	262.130 	0.135 	0.333 	0.140 	
402.031 	-75.594 	-0.641 	0.229 	-0.028 	-0.016 	
337.857 	410.230 	442.340 	0.175 	0.195 	0.247 	
220.382 	-336.395 	-381.533 	0.127 	-0.162 	-0.175 	
718.848 	-608.797 	-525.829 	0.386 	-0.306 	-0.261 	
235.560 	194.768 	-496.184 	0.123 	0.099 	-0.253 	
-561.571 	-562.958 	-19.064 	-0.267 	-0.297 	-0.007 	
490.745 	302.085 	373.776 	0.218 	0.142 	0.184 	
606.032 	266.147 	100.348 	0.327 	0.116 	0.038 	
-71.628 	-743.308 	654.253 	-0.027 	-0.363 	0.346 	
24.663 	274.734 	720.270 	0.038 	0.135 	0.338 	
584.679 	-36.872 	676.775 	0.315 	-0.013 	0.331 	
720.805 	294.324 	-57.417 	0.354 	0.133 	-0.014 	
-486.647 	-887.125 	868.292 	-0.232 	-0.449 	0.448 	
-900.112 	-761.524 	816.798 	-0.460 	-0.370 	0.412 	
828.882 	721.229 	3.624 	0.438 	0.345 	0.001 	
873.582 	210.455 	731.323 	0.438 	0.080 	0.375 	
350.647 	113.531 	591.785 	0.161 	0.047 	0.282 	
-570.484 	-99.196 	-717.248 	-0.284 	-0.045 	-0.352 	
584.490 	313.109 	-257.530 	0.319 	0.157 	-0.134 	
-199.705 	451.787 	-760.284 	-0.104 	0.209 	-0.361 	
342.701 	358.368 	-103.108 	0.165 	0.176 	-0.057 	
500.879 	-329.639 	-458.147 	0.255 	-0.154 	-0.217 	
679.508 	614.799 	778.840 	0.338 	0.323 	0.398 	
118.256 	721.542 	-523.517 	0.037 	0.350 	-0.252 	
-750.213 	126.288 	297.496 	-0.358 	0.073 	0.151 	
193.001 	-787.159 	565.375 	0.114 	-0.391 	0.259 	
272.706 	-294.313 	-83.805 	0.125 	-0.164 	-0.040 	
628.624 	17.809 	-51.131 	0.312 	0.029 	-0.034 	
-400.014 	344.647 	-546.710 	-0.185 	0.181 	-0.281 	
411.422 	-682.243 	391.249 	0.196 	-0.352 	0.199 	
658.033 	691.199 	18.911 	0.346 	0.343 	0.020 	
464.684 	-779.743 	690.981 	0.227 	-0.363 	0.340 	
814.010 	-98.411 	159.069 	0.408 	-0.024 	0.091 	
921.715 	725.505 	476.061 	0.450 	0.360 	0.240 	
211.227 	-601.133 	335.777 	0.128 	-0.302 	0.166 	
-462.533 	-815.045 	780.648 	-0.233 	-0.419 	0.388 	
323.352 	-197.022 	-187.178 	0.184 	-0.081 	-0.084 	
-43.679 	34.693 	150.778 	-0.035 	0.008 	0.062 	
-705.183 	887.648 	751.012 	-0.368 	0.463 	0.369 	
3.418 	72.433 	728.486 	0.029 	0.041 	0.347 	
-99.468 	696.595 	672.307 	-0.057 	0.361 	0.321 	
577.832 	-624.078 	697.883 	0.307 	-0.327 	0.357 	
-639.956 	-715.697 	694.560 	-0.323 	-0.332 	0.346 	
-753.199 	-505.086 	569.489 	-0.379 	-0.239 	0.285 	
-587.827 	510.614 	242.126 	-0.277 	0.267 	0.131 	
-168.190 	-875.222 	172.089 	-0.056 	-0.437 	0.081 	
87.325 	-426.042 	595.351 	0.056 	-0.206 	0.297 	
-18.792 	106.970 	75.979 	-0.015 	0.038 	0.051 	
-660.233 	-774.799 	-662.155 	-0.346 	-0.387 	-0.309 	
-418.977 	-3.975 	446.789 	-0.194 	-0.017 	0.215 	
652.597 	227.595 	83.459 	0.304 	0.113 	0.056 	
295.889 	-423.729 	560.819 	0.158 	-0.225 	0.293 	
-656.544 	-395.573 	-559.260 	-0.316 	-0.183 	-0.269 	
55.709 	-273.492 	-173.121 	0.009 	-0.222 	-0.080 	
869.464 	66.716 	9.118 	0.419 	0.035 	0.015 	
-415.121 	-571.242 	-561.060 	-0.197 	-0.290 	-0.262 	
650.918 	-430.876 	34.980 	0.345 	-0.204 	0.025 	
-248.539 	591.384 	515.984 	-0.100 	0.286 	0.249 	
139.135 	-215.925 	741.975 	0.069 	-0.102 	0.356 	
708.719 	-92.697 	406.024 	0.361 	-0.053 	0.188 	
-239.421 	19.671 	-853.983 	-0.108 	0.021 	-0.433 	
-394.981 	-109.089 	-35.285 	-0.195 	-0.076 	-0.004 	
188.244 	674.390 	342.352 	0.083 	0.335 	0.175 	
-744.063 	215.772 	-128.597 	-0.383 	0.093 	-0.074 	
444.324 	-447.885 	245.803 	0.210 	-0.206 	0.108 	
-122.263 	168.748 	-173.930 	-0.083 	0.075 	-0.090 	
628.781 	-666.104 	120.569 	0.314 	-0.336 	0.072 	
108.378 	-167.790 	247.345 	0.032 	-0.075 	0.116 	
805.986 	-695.958 	281.170 	0.422 	-0.336 	0.138 	
-418.802 	83.676 	-56.574 	-0.185 	0.038 	-0.027 	
-643.726 	53.149 	714.856 	-0.326 	0.050 	0.349 	
861.829 	363.387 	-119.877 	0.431 	0.161 	-0.035 	
-542.264 	637.555 	-417.026 	-0.253 	0.329 	-0.196 	
-552.157 	635.105 	-230.359 	-0.248 	0.314 	-0.117 	
640.518 	-241.762 	-94.215 	0.306 	-0.092 	-0.041 	
-694.308 	140.648 	641.043 	-0.332 	0.078 	0.318 	
673.382 	-434.262 	-838.853 	0.361 	-0.202 	-0.417 	
-597.484 	-819.014 	-444.549 	-0.294 	-0.398 	-0.220 	
-204.239 	-92.436 	646.669 	-0.079 	-0.044 	0.309 	
-40.936 	-425.535 	-25.535 	-0.028 	-0.207 	-0.039 	
-99.193 	-112.562 	293.542 	-0.025 	-0.057 	0.163 	
482.765 	213.642 	179.645 	0.259 	0.115 	0.103 	
292.016 	-693.074 	-17.085 	0.164 	-0.323 	0.005 	
482.832 	-747.051 	-727.028 	0.217 	-0.372 	-0.363 	
-495.884 	756.102 	-202.134 	-0.241 	0.362 	-0.108 	
-647.985 	672.031 	194.896 	-0.299 	0.349 	0.093 	
-8.974 	-60.926 	-216.321 	0.002 	-0.034 	-0.117 	
-90.975 	-666.712 	499.155 	-0.015 	-0.325 	0.243 	
227.075 	-282.488 	724.798 	0.110 	-0.126 	0.378 	
711.329 	563.176 	-765.549 	0.372 	0.300 	-0.387 	
21.682 	-432.717 	-196.898 	0.006 	-0.215 	-0.076 	
836.027 	613.701 	-17.438 	0.443 	0.297 	-0.014 	
-360.194 	518.879 	-899.591 	-0.155 	0.247 	-0.446 	
-22.296 	92.194 	-151.064 	-0.016 	0.024 	-0.086 	
-715.009 	-161.596 	284.682 	-0.330 	-0.085 	0.146 	
404.270 	-73.212 	7.282 	0.188 	-0.065 	0.011 	
-238.594 	-166.858 	742.914 	-0.124 	-0.087 	0.341 	
-146.379 	23.870 	-865.648 	-0.066 	0.026 	-0.430 	
693.593 	269.767 	321.558 	0.324 	0.135 	0.151 	
-721.496 	-450.465 	-927.543 	-0.346 	-0.218 	-0.484 	
800.626 	-184.677 	180.157 	0.388 	-0.076 	0.096 	
491.280 	-791.006 	90.778 	0.247 	-0.398 	0.066 	
376.889 	776.284 	-518.208 	0.211 	0.370 	-0.249 	
660.212 	177.859 	-559.156 	0.315 	0.105 	-0.267 	
7.651 	-868.387 	777.209 	0.020 	-0.449 	0.378 	
264.237 	-273.936 	273.515 	0.163 	-0.135 	0.130 	
-8.560 	844.997 	380.844 	0.024 	0.420 	0.193 	
655.132 	-435.715 	-528.143 	0.351 	-0.224 	-0.262 	
325.296 	783.220 	-69.833 	0.175 	0.392 	-0.012 	
444.750 	226.090 	-259.926 	0.197 	0.116 	-0.124 	
713.533 	807.901 	-195.478 	0.340 	0.381 	-0.096 	
340.040 	420.402 	-266.227 	0.201 	0.207 	-0.128 	
249.194 	-200.807 	-109.547 	0.150 	-0.115 	-0.057 	
244.820 	-180.588 	323.219 	0.125 	-0.091 	0.130 	
-207.791 	-572.887 	-383.674 	-0.119 	-0.286 	-0.174 	
-853.532 	-294.361 	624.766 	-0.407 	-0.133 	0.305 	
-725.004 	-597.237 	-52.453 	-0.349 	-0.308 	-0.045 	
207.228 	704.393 	394.155 	0.096 	0.367 	0.193 	
-147.084 	-248.684 	336.225 	-0.094 	-0.121 	0.165 	
454.621 	-797.025 	96.812 	0.236 	-0.399 	0.055 	
-723.082 	-339.937 	527.279 	-0.426 	-0.165 	0.252 	
703.876 	-717.522 	-796.058 	0.272 	-0.372 	-0.384 	
-648.180 	-341.925 	-660.860 	-0.407 	-0.152 	-0.330 	
-168.127 	-750.196 	327.578 	-0.150 	-0.360 	0.184 	
676.218 	436.743 	-98.984 	0.235 	0.201 	-0.057 	
-372.180 	-695.802 	410.820 	-0.285 	-0.351 	0.213 	
1018.924 	-700.709 	-725.949 	0.432 	-0.363 	-0.372 	
757.822 	-493.830 	412.428 	0.292 	-0.247 	0.225 	
-139.672 	-456.611 	-737.958 	-0.174 	-0.212 	-0.365 	
483.708 	427.698 	-564.069 	0.147 	0.211 	-0.293 	
742.658 	244.622 	109.632 	0.298 	0.136 	0.038 	
286.260 	51.755 	198.844 	0.026 	0.008 	0.098 	
-682.369 	748.989 	815.688 	-0.437 	0.367 	0.393 	
460.428 	-600.053 	309.932 	0.116 	-0.301 	0.156 	
412.420 	892.405 	832.616 	0.124 	0.450 	0.395 	
45.459 	690.582 	532.614 	-0.045 	0.346 	0.247 	
663.666 	-263.846 	317.516 	0.264 	-0.120 	0.169 	
339.063 	-845.550 	793.944 	0.061 	-0.418 	0.396 	
-0.937 	795.266 	254.229 	-0.077 	0.394 	0.147 	
551.194 	-781.324 	732.126 	0.197 	-0.400 	0.355 	
270.212 	221.241 	397.083 	0.040 	0.109 	0.200 	
-254.717 	820.350 	-827.847 	-0.188 	0.400 	-0.406 	
302.258 	267.958 	13.379 	0.093 	0.140 	0.009 	
748.368 	28.120 	-81.253 	0.270 	0.031 	-0.055 	
-771.072 	315.088 	-468.486 	-0.492 	0.158 	-0.231 	
217.505 	609.952 	358.568 	0.011 	0.310 	0.195 	
191.821 	-265.046 	-7.305 	0.015 	-0.147 	0.004 	
41.307 	-611.219 	-129.910 	-0.073 	-0.316 	-0.051 	
-440.547 	-155.312 	-179.611 	-0.327 	-0.073 	-0.093 	
-166.363 	398.908 	-824.805 	-0.147 	0.190 	-0.405 	
240.764 	306.277 	-163.223 	0.059 	0.148 	-0.065 	
-231.715 	782.074 	229.927 	-0.183 	0.407 	0.128 	
-418.840 	582.910 	-722.830 	-0.313 	0.284 	-0.372 	
147.635 	738.560 	632.647 	-0.019 	0.372 	0.297 	
365.589 	-841.390 	712.429 	0.093 	-0.404 	0.354 	
328.244 	-701.840 	74.035 	0.090 	-0.336 	0.051 	
254.265 	-149.112 	-649.410 	0.026 	-0.064 	-0.322 	
-529.406 	255.405 	734.310 	-0.361 	0.109 	0.379 	
-752.989 	551.820 	-4.484 	-0.471 	0.246 	0.005 	
824.073 	25.141 	-540.507 	0.333 	0.014 	-0.247 	
-289.154 	-352.682 	-457.425 	-0.221 	-0.156 	-0.239 	
-520.638 	-462.790 	-258.235 	-0.322 	-0.209 	-0.129 	
598.180 	-774.571 	-473.777 	0.191 	-0.379 	-0.237 	
-503.676 	234.123 	-554.249 	-0.327 	0.125 	-0.250 	
-208.361 	-163.652 	-206.042 	-0.207 	-0.062 	-0.113 	
832.369 	838.322 	-474.597 	0.335 	0.437 	-0.220 	
450.481 	-569.138 	-460.590 	0.139 	-0.269 	-0.245 	
-461.948 	712.811 	-736.205 	-0.314 	0.332 	-0.375 	
-161.236 	-408.715 	-337.725 	-0.135 	-0.205 	-0.167 	
150.784 	-122.628 	244.600 	-0.035 	-0.065 	0.120 	
122.248 	1.403 	42.961 	-0.029 	0.011 	0.014 	
397.549 	890.529 	-72.182 	0.139 	0.449 	-0.036 	
408.573 	-525.950 	-261.863 	0.146 	-0.259 	-0.125 	
654.296 	358.846 	296.524 	0.234 	0.183 	0.145 	
-576.672 	-139.883 	494.668 	-0.373 	-0.044 	0.230 	
-121.837 	545.019 	488.358 	-0.136 	0.285 	0.259 	
-440.196 	361.331 	638.698 	-0.329 	0.181 	0.312 	
-172.210 	-192.906 	-366.395 	-0.154 	-0.075 	-0.169 	
-468.703 	-365.910 	-308.135 	-0.296 	-0.203 	-0.148 	
-459.451 	-18.522 	98.216 	-0.308 	0.009 	0.034 	
-117.598 	-743.116 	225.290 	-0.122 	-0.352 	0.123 	
335.115 	-103.342 	-16.394 	0.087 	-0.049 	-0.015 	
534.710 	257.541 	451.981 	0.206 	0.128 	0.206 	
131.882 	-104.674 	-763.256 	-0.040 	-0.039 	-0.371 	
73.492 	-424.031 	-346.988 	-0.035 	-0.192 	-0.178 	
491.616 	-52.295 	736.639 	0.165 	-0.030 	0.363 	
232.955 	-221.420 	117.196 	0.014 	-0.115 	0.080 	
196.504 	-734.111 	770.101 	0.023 	-0.348 	0.390 	
376.323 	145.169 	367.381 	0.106 	0.079 	0.181 	
202.563 	-666.195 	-78.047 	-0.008 	-0.332 	-0.041 	
172.182 	-673.963 	-344.620 	-0.019 	-0.326 	-0.177 	
-610.957 	-672.036 	-60.607 	-0.389 	-0.316 	-0.025 	
-590.765 	-513.156 	-234.089 	-0.403 	-0.256 	-0.114 	
812.856 	-709.565 	-169.581 	0.340 	-0.361 	-0.101 	
-47.924 	-310.552 	-390.058 	-0.117 	-0.173 	-0.203 	
-50.704 	-114.113 	53.402 	-0.130 	-0.064 	0.029 	
-191.215 	612.790 	-429.032 	-0.167 	0.317 	-0.223 	
-237.885 	276.943 	282.544 	-0.212 	0.153 	0.125 	
-24.546 	221.440 	-424.955 	-0.118 	0.125 	-0.208 	
-584.674 	-533.308 	351.205 	-0.356 	-0.253 	0.170 	
477.197 	-585.292 	-158.355 	0.172 	-0.285 	-0.065 	
734.757 	151.142 	619.913 	0.261 	0.084 	0.306 	
-611.541 	448.330 	594.838 	-0.371 	0.222 	0.282 	
-210.381 	208.299 	249.869 	-0.214 	0.102 	0.118 	
-343.694 	-657.830 	883.121 	-0.244 	-0.303 	0.445 	
-366.149 	-453.033 	36.892 	-0.267 	-0.237 	0.040 	
-426.759 	84.431 	-612.680 	-0.286 	0.041 	-0.310 	
770.096 	15.937 	-663.850 	0.321 	0.002 	-0.323 	
223.372 	276.418 	746.173 	0.042 	0.150 	0.361 	
-393.208 	434.455 	395.882 	-0.266 	0.206 	0.183 	
-196.358 	437.189 	571.480 	-0.154 	0.212 	0.283 	
-633.675 	613.573 	119.015 	-0.404 	0.330 	0.063 	
-122.989 	-261.263 	-376.269 	-0.133 	-0.150 	-0.166 	
-172.877 	-654.794 	139.312 	-0.173 	-0.320 	0.091 	
914.182 	722.860 	-546.616 	0.398 	0.366 	-0.272 	
133.596 	-560.539 	-515.782 	0.005 	-0.276 	-0.275 	
-347.968 	-714.955 	-654.281 	-0.256 	-0.378 	-0.315 	
399.621 	917.805 	-350.484 	0.102 	0.466 	-0.189 	
346.228 	-469.152 	665.938 	0.073 	-0.241 	0.333 	
969.636 	-64.609 	-540.841 	0.419 	-0.040 	-0.272 	
388.726 	-117.431 	143.460 	0.092 	-0.059 	0.070 	
317.509 	813.533 	-434.304 	0.059 	0.408 	-0.219 	
-461.415 	-364.897 	-332.111 	-0.306 	-0.150 	-0.162 	
-211.983 	783.532 	-202.613 	-0.195 	0.361 	-0.089 	
-208.552 	-161.774 	-688.284 	-0.173 	-0.077 	-0.340 	
463.850 	-775.747 	-380.453 	0.160 	-0.399 	-0.174 	
660.998 	-236.118 	-33.383 	0.235 	-0.099 	0.002 	
888.547 	9.319 	491.852 	0.380 	0.006 	0.245 	
508.553 	617.514 	-828.700 	0.194 	0.304 	-0.418 	
-587.722 	243.585 	550.502 	-0.349 	0.124 	0.266 	
-10.956 	-6.492 	218.667 	-0.071 	0.003 	0.118 	
-147.728 	644.726 	560.676 	-0.167 	0.328 	0.282 	
979.689 	713.588 	-152.550 	0.410 	0.357 	-0.082 	
-627.194 	123.002 	563.596 	-0.401 	0.038 	0.272 	
-773.448 	206.065 	-614.764 	-0.450 	0.110 	-0.307 	
-452.523 	-293.835 	-125.888 	-0.310 	-0.154 	-0.071 	
390.348 	260.874 	-348.511 	0.089 	0.130 	-0.187 	
723.613 	805.520 	-519.229 	0.282 	0.418 	-0.272 	
-465.831 	359.039 	-11.934 	-0.317 	0.158 	-0.017 	
262.773 	75.159 	169.551 	0.024 	0.029 	0.080 	
275.962 	-655.276 	-330.053 	0.028 	-0.326 	-0.169 	
-533.476 	-102.154 	-434.981 	-0.366 	-0.048 	-0.202 	
969.244 	546.853 	-523.213 	0.422 	0.283 	-0.265 	
685.902 	115.078 	482.591 	0.266 	0.071 	0.219 	
333.373 	760.892 	160.646 	0.074 	0.359 	0.074 	
390.302 	-190.106 	-326.032 	0.095 	-0.105 	-0.145 	
802.155 	640.736 	-565.793 	0.296 	0.323 	-0.281 	
904.285 	194.772 	-247.996 	0.389 	0.100 	-0.122 	
-380.532 	247.120 	-173.286 	-0.293 	0.102 	-0.074 	
-258.218 	-746.158 	-202.719 	-0.205 	-0.349 	-0.107 	
538.673 	862.581 	-826.826 	0.178 	0.438 	-0.409 	
871.539 	292.547 	-212.181 	0.351 	0.160 	-0.105 	
-470.340 	-508.080 	-522.092 	-0.328 	-0.254 	-0.241 	
-651.863 	43.902 	425.492 	-0.432 	0.026 	0.222 	
925.896 	-465.163 	711.143 	0.398 	-0.227 	0.335 	
784.082 	47.893 	355.865 	0.282 	0.027 	0.179 	
294.753 	618.108 	499.780 	0.072 	0.322 	0.252 	
-654.580 	711.534 	-538.233 	-0.425 	0.347 	-0.286 	
-679.953 	68.319 	794.047 	-0.393 	0.035 	0.399 	
891.020 	-547.054 	-362.859 	0.361 	-0.293 	-0.185 	
-226.101 	340.630 	338.225 	-0.223 	0.167 	0.176 	
545.198 	552.018 	206.907 	0.183 	0.271 	0.113 	
720.504 	-98.966 	308.255 	0.289 	-0.056 	0.156 	
700.433 	294.167 	316.060 	0.247 	0.129 	0.139 	
-526.201 	-171.498 	726.372 	-0.328 	-0.086 	0.377 	
927.298 	-655.755 	390.226 	0.387 	-0.320 	0.199 	
-58.103 	573.634 	-772.369 	-0.133 	0.283 	-0.384 	
-412.432 	-571.732 	879.853 	-0.416 	-0.368 	0.619 	
236.979 	458.358 	27.692 	0.049 	0.224 	0.007 	
302.991 	-6.053 	93.411 	0.081 	0.008 	0.060 	
411.010 	619.024 	793.379 	0.139 	0.327 	0.393 	
-501.951 	72.144 	-64.846 	-0.344 	0.057 	-0.029 	
-707.447 	240.136 	-765.175 	-0.431 	0.125 	-0.368 	
405.585 	410.577 	125.707 	0.137 	0.206 	0.061 	
-107.583 	-569.119 	221.499 	-0.147 	-0.294 	0.102 	
529.134 	-147.981 	-334.910 	0.202 	-0.076 	-0.163 	
-86.620 	-93.573 	600.259 	-0.125 	-0.057 	0.279 	
-580.342 	592.704 	787.547 	-0.361 	0.306 	0.410 	
623.919 	-426.281 	30.271 	0.235 	-0.205 	0.042 	
-472.632 	-395.519 	-210.265 	-0.337 	-0.189 	-0.103 	
198.548 	644.155 	356.831 	-0.000 	0.318 	0.173 	
-206.501 	-211.517 	-779.759 	-0.158 	-0.106 	-0.381 	
-406.013 	22.529 	-651.899 	-0.308 	0.023 	-0.322 	
143.030 	434.475 	58.751 	0.001 	0.229 	0.024 	
-345.492 	-431.840 	3.749 	-0.266 	-0.195 	0.020 	
-584.844 	-769.818 	802.753 	-0.381 	-0.381 	0.420 	
299.744 	0.155 	272.189 	0.076 	-0.003 	0.140 	
951.605 	362.999 	-312.374 	0.380 	0.173 	-0.149 	
944.826 	-565.543 	588.731 	0.398 	-0.289 	0.294 	
-743.889 	-453.680 	0.512 	-0.451 	-0.207 	-0.006 	
-189.664 	127.191 	-648.488 	-0.196 	0.066 	-0.304 	
170.654 	-76.215 	377.096 	-0.016 	-0.024 	0.198 	
778.961 	-256.480 	-143.143 	0.276 	-0.138 	-0.071 	
208.686 	-16.603 	-521.689 	0.032 	-0.005 	-0.262 	
1000.707 	-739.320 	-912.600 	0.420 	-0.359 	-0.474 	
34.128 	-514.845 	-155.683 	-0.059 	-0.233 	-0.096 	
-313.436 	675.534 	733.736 	-0.226 	0.333 	0.359 	
718.690 	98.762 	-636.762 	0.252 	0.049 	-0.319 	
-132.999 	659.914 	397.805 	-0.166 	0.329 	0.187 	
-454.605 	-208.426 	-309.671 	-0.323 	-0.094 	-0.174 	
176.048 	33.207 	224.616 	-0.012 	0.009 	0.088 	
-158.910 	-380.252 	476.637 	-0.178 	-0.180 	0.233 	
59.889 	505.918 	163.122 	-0.053 	0.226 	0.089 	
337.167 	-112.553 	-518.195 	0.060 	-0.070 	-0.247 	
-204.437 	-308.222 	645.661 	-0.182 	-0.126 	0.321 	
921.746 	-251.367 	-847.270 	0.379 	-0.141 	-0.416 	
895.262 	-23.653 	-682.024 	0.379 	-0.015 	-0.360 	
540.083 	12.449 	786.386 	0.160 	0.014 	0.389 	
-70.599 	-462.755 	-395.375 	-0.114 	-0.226 	-0.170 	
408.567 	-886.018 	754.410 	0.123 	-0.414 	0.371 	
-549.960 	-329.488 	755.385 	-0.336 	-0.165 	0.366 	
-259.902 	-105.298 	-697.401 	-0.214 	-0.041 	-0.338 	
82.875 	679.720 	31.992 	-0.061 	0.348 	0.030 	
429.233 	353.310 	-718.394 	0.131 	0.165 	-0.353 	
576.024 	500.420 	-684.081 	0.212 	0.263 	-0.342 	
-743.831 	107.725 	489.140 	-0.447 	0.059 	0.243 	
-414.541 	-83.715 	643.891 	-0.292 	-0.070 	0.313 	
129.721 	522.023 	378.200 	-0.042 	0.258 	0.204 	
-13.171 	808.386 	734.969 	-0.064 	0.400 	0.364 	
-395.453 	-255.553 	783.647 	-0.297 	-0.131 	0.383 	
613.386 	463.209 	-250.071 	0.204 	0.227 	-0.113 	
114.305 	-227.983 	244.189 	-0.051 	-0.097 	0.119 	
-425.741 	724.338 	-701.738 	-0.295 	0.377 	-0.336 	
802.561 	604.395 	83.568 	0.341 	0.302 	0.043 	
692.589 	734.455 	256.367 	0.287 	0.363 	0.133 	
-605.070 	-738.845 	-391.126 	-0.402 	-0.378 	-0.194 	
923.325 	-460.811 	486.474 	0.355 	-0.247 	0.242 	
-177.889 	-128.094 	127.712 	-0.144 	-0.065 	0.058 	
-500.619 	185.922 	343.341 	-0.358 	0.087 	0.169 	
-590.339 	-275.232 	72.222 	-0.403 	-0.137 	0.037 	
923.445 	459.703 	716.279 	0.385 	0.221 	0.339 	
970.638 	-281.939 	-42.488 	0.400 	-0.139 	-0.033 	
282.451 	-697.692 	-237.576 	0.084 	-0.342 	-0.118 	
-366.515 	377.182 	-234.792 	-0.243 	0.179 	-0.125 	
46.889 	-652.238 	-727.209 	-0.087 	-0.323 	-0.362 	
-778.477 	-286.331 	728.293 	-0.481 	-0.157 	0.342 	
-483.900 	151.914 	463.438 	-0.349 	0.076 	0.221 	
332.059 	-620.789 	360.272 	0.060 	-0.316 	0.191 	
66.150 	-474.018 	59.653 	-0.046 	-0.214 	0.040 	
-11.332 	-92.116 	-276.576 	-0.064 	-0.041 	-0.134 	
251.623 	-366.741 	205.889 	0.018 	-0.164 	0.100 	
-471.845 	-397.409 	0.997 	-0.308 	-0.202 	0.021 	
-639.299 	348.949 	-142.946 	-0.429 	0.175 	-0.060 	
-504.435 	-582.317 	-514.330 	-0.332 	-0.301 	-0.252 	
930.157 	-756.492 	213.158 	0.397 	-0.387 	0.107 	
-200.611 	767.978 	224.609 	-0.191 	0.364 	0.131 	
-518.906 	-212.433 	-41.402 	-0.319 	-0.129 	-0.014 	
935.089 	-255.959 	768.935 	0.383 	-0.135 	0.394 	
254.231 	113.395 	563.087 	0.056 	0.044 	0.291 	
390.232 	-143.978 	-592.070 	0.098 	-0.084 	-0.274 	
-54.921 	396.074 	30.209 	-0.122 	0.201 	0.007 	
1040.402 	781.873 	493.653 	0.424 	0.402 	0.229 	
-444.134 	-302.147 	1020.138 	-0.325 	-0.162 	0.543 	
-571.126 	183.356 	-535.518 	-0.347 	0.084 	-0.266 	
-229.536 	-120.350 	278.365 	-0.213 	-0.037 	0.142 	
975.939 	-387.172 	-676.622 	0.385 	-0.189 	-0.330 	
-361.914 	336.400 	95.285 	-0.258 	0.161 	0.040 	
-97.404 	537.075 	45.748 	-0.140 	0.244 	0.022 	
302.783 	85.892 	739.330 	0.079 	0.067 	0.360 	
-139.894 	-391.286 	257.794 	-0.138 	-0.203 	0.132 	
-358.062 	487.408 	344.769 	-0.242 	0.229 	0.183 	
478.720 	308.697 	185.631 	0.154 	0.145 	0.120 	
44.887 	-60.713 	283.879 	-0.079 	-0.019 	0.151 	
877.813 	-530.910 	578.159 	0.336 	-0.255 	0.300 	
319.113 	702.575 	-44.638 	0.092 	0.354 	-0.014 	
-344.034 	326.722 	467.016 	-0.245 	0.179 	0.222 	
-684.090 	-255.674 	-678.831 	-0.413 	-0.110 	-0.339 	
909.527 	352.900 	529.505 	0.359 	0.200 	0.253 	
564.935 	-560.992 	-279.835 	0.221 	-0.272 	-0.142 	
-231.456 	-80.625 	540.279 	-0.204 	-0.028 	0.242 	
90.995 	-337.957 	836.094 	-0.051 	-0.183 	0.393 	
4.979 	-637.890 	752.937 	-0.078 	-0.333 	0.349 	
-685.602 	559.701 	-552.817 	-0.411 	0.265 	-0.288 	
694.192 	-154.348 	-123.808 	0.286 	-0.080 	-0.053 	
390.933 	346.055 	390.597 	0.114 	0.195 	0.208 	
-83.381 	-275.462 	-462.380 	-0.125 	-0.155 	-0.215 	
-165.795 	-171.160 	231.398 	-0.189 	-0.082 	0.115 	
-540.619 	88.213 	116.674 	-0.322 	0.042 	0.062 	
665.118 	-83.382 	-88.877 	0.238 	-0.051 	-0.041 	
519.250 	-370.389 	469.950 	0.195 	-0.184 	0.232 	
-47.370 	-345.071 	553.295 	-0.131 	-0.183 	0.268 	
-715.894 	1.957 	603.810 	-0.445 	0.002 	0.297 	
-312.638 	126.427 	188.331 	-0.264 	0.069 	0.094 	
900.016 	-531.487 	-10.533 	0.349 	-0.284 	-0.012 	
-14.604 	201.845 	-459.987 	-0.097 	0.079 	-0.212 	
-157.587 	320.701 	758.234 	-0.141 	0.146 	0.380 	
724.878 	-527.523 	-183.913 	0.283 	-0.259 	-0.083 	
931.518 	-90.413 	-412.511 	0.396 	-0.052 	-0.189 	
851.172 	705.417 	899.316 	0.330 	0.345 	0.449 	
756.586 	-853.506 	-463.875 	0.292 	-0.416 	-0.211 	
798.886 	251.484 	273.565 	0.335 	0.120 	0.124 	
965.139 	-481.078 	272.015 	0.422 	-0.236 	0.136 	
218.372 	-668.581 	482.903 	0.032 	-0.310 	0.244 	
333.152 	78.029 	-609.522 	0.106 	0.041 	-0.306 	
908.799 	541.464 	378.591 	0.350 	0.274 	0.202 	
-92.635 	-153.523 	-2.249 	-0.152 	-0.083 	0.004 	
-438.509 	64.251 	-563.660 	-0.310 	0.015 	-0.296 	
254.551 	385.419 	255.887 	0.026 	0.201 	0.148 	
-437.052 	1.332 	582.098 	-0.301 	0.027 	0.288 	
-166.872 	-247.197 	763.157 	-0.175 	-0.149 	0.370 	
-674.127 	390.373 	219.986 	-0.435 	0.205 	0.112 	
-745.026 	407.328 	677.786 	-0.430 	0.200 	0.342 	
-148.927 	-137.597 	617.466 	-0.165 	-0.050 	0.296 	
972.192 	-571.203 	-648.372 	0.386 	-0.281 	-0.343 	
254.264 	-818.140 	834.383 	0.019 	-0.412 	0.413 	
-324.833 	437.272 	162.211 	-0.232 	0.219 	0.074 	
-675.509 	304.674 	616.837 	-0.394 	0.147 	0.312 	
-513.196 	-15.474 	491.632 	-0.310 	-0.002 	0.242 	
188.350 	405.798 	499.248 	-0.013 	0.186 	0.250 	
274.989 	-253.719 	-88.292 	0.069 	-0.125 	-0.043 	
325.133 	146.778 	124.199 	0.068 	0.049 	0.059 	
-161.861 	-594.073 	299.845 	-0.143 	-0.312 	0.141 	
354.111 	-155.459 	284.845 	0.099 	-0.079 	0.124 	
664.414 	215.505 	481.271 	0.266 	0.115 	0.221 	
486.329 	83.847 	-478.775 	0.144 	0.045 	-0.238 	
296.411 	32.894 	-245.511 	0.060 	0.028 	-0.128 	
-733.009 	-616.103 	830.027 	-0.462 	-0.309 	0.427 	
-415.308 	779.111 	475.259 	-0.294 	0.378 	0.251 	
-200.737 	-733.765 	608.334 	-0.174 	-0.355 	0.297 	
-30.214 	-146.079 	593.811 	-0.097 	-0.094 	0.275 	
-78.427 	-140.603 	-178.994 	-0.148 	-0.077 	-0.100 	
1019.572 	291.843 	835.038 	0.438 	0.152 	0.412 	
-115.660 	-739.698 	-725.477 	-0.118 	-0.366 	-0.365 	
480.400 	837.345 	-97.653 	0.158 	0.432 	-0.061 	
342.666 	871.566 	-837.491 	0.105 	0.439 	-0.404 	
-9.848 	566.784 	323.727 	-0.083 	0.290 	0.164 	
-190.654 	545.274 	-50.911 	-0.180 	0.265 	-0.048 	
232.035 	350.297 	-905.039 	0.034 	0.164 	-0.472 	
-247.801 	95.589 	-253.943 	-0.188 	0.056 	-0.119 	
96.792 	66.144 	-514.946 	-0.021 	0.035 	-0.270 	
726.422 	511.488 	-238.910 	0.304 	0.251 	-0.120 	
-658.709 	521.085 	-506.380 	-0.416 	0.266 	-0.271 	
855.579 	769.712 	473.687 	0.371 	0.380 	0.238 	
-438.175 	534.310 	522.203 	-0.313 	0.260 	0.283 	
422.633 	308.586 	605.267 	0.107 	0.135 	0.300 	
-756.241 	520.590 	-463.876 	-0.473 	0.269 	-0.238 	
-387.439 	766.821 	-293.320 	-0.259 	0.376 	-0.130 	
-413.751 	354.630 	231.407 	-0.268 	0.167 	0.132 	
49.927 	-305.048 	441.728 	-0.064 	-0.129 	0.208 	
118.767 	-371.174 	-727.230 	-0.026 	-0.157 	-0.359 	
-714.718 	-241.230 	-391.244 	-0.417 	-0.121 	-0.208 	
661.053 	79.219 	-156.370 	0.254 	0.048 	-0.051 	
742.392 	8.891 	-118.270 	0.280 	-0.011 	-0.035 	
-207.499 	-145.756 	736.741 	-0.200 	-0.075 	0.358 	
836.991 	-521.307 	-460.191 	0.342 	-0.242 	-0.242 	
415.738 	-109.429 	408.758 	0.112 	-0.047 	0.202 	
969.459 	-796.015 	-452.057 	0.417 	-0.380 	-0.239 	
385.386 	-579.616 	106.458 	0.111 	-0.283 	0.035 	
-93.929 	-727.230 	45.239 	-0.136 	-0.366 	0.020 	
332.378 	739.258 	-100.321 	0.098 	0.342 	-0.052 	
615.510 	-172.630 	-168.780 	0.215 	-0.062 	-0.078 	
-213.778 	-92.646 	20.784 	-0.179 	-0.063 	0.021 	
39.257 	523.750 	-134.248 	-0.087 	0.268 	-0.067 	
574.969 	-618.711 	-792.496 	0.221 	-0.317 	-0.412 	
-551.239 	592.431 	174.943 	-0.369 	0.292 	0.113 	
-11.873 	-386.380 	581.346 	-0.101 	-0.181 	0.267 	
517.934 	463.568 	-15.491 	0.147 	0.234 	-0.016 	
690.110 	728.886 	-675.573 	0.253 	0.373 	-0.328 	
-611.089 	162.511 	-2.988 	-0.393 	0.056 	0.010 	
681.225 	453.657 	107.245 	0.252 	0.211 	0.071 	
-734.729 	835.320 	827.015 	-0.462 	0.401 	0.420 	
234.302 	142.656 	336.432 	0.048 	0.069 	0.149 	
596.087 	-196.058 	-102.393 	0.199 	-0.109 	-0.038 	
871.452 	436.551 	657.581 	0.329 	0.219 	0.323 	
23.100 	-89.557 	-128.517 	-0.090 	-0.057 	-0.041 	
836.005 	-636.980 	-630.602 	0.357 	-0.312 	-0.312 	
722.990 	-26.818 	-309.242 	0.279 	-0.009 	-0.160 	
-609.603 	-719.799 	-142.296 	-0.387 	-0.357 	-0.047 	
-519.804 	712.608 	776.593 	-0.350 	0.377 	0.373 	
612.169 	-862.317 	568.139 	0.219 	-0.456 	0.278 	
666.111 	-567.941 	-120.021 	0.243 	-0.279 	-0.039 	
958.228 	-773.592 	770.062 	0.416 	-0.382 	0.377 	
-240.487 	-159.573 	-332.471 	-0.200 	-0.070 	-0.159 	
1021.031 	748.548 	505.907 	0.452 	0.379 	0.240 	
596.591 	382.674 	-346.849 	0.188 	0.189 	-0.179 	
117.418 	642.750 	-254.358 	-0.016 	0.332 	-0.117 	
-760.385 	170.445 	-350.625 	-0.479 	0.084 	-0.159 	
-899.459 	737.168 	1243.843 	-0.523 	0.379 	0.618 	
390.978 	-166.974 	686.649 	0.138 	-0.078 	0.333 	
-274.273 	-188.251 	-247.564 	-0.245 	-0.087 	-0.116 	
-726.922 	316.456 	663.352 	-0.422 	0.161 	0.325 	
-270.324 	403.238 	-422.554 	-0.213 	0.200 	-0.235 	
68.009 	113.226 	-146.618 	-0.025 	0.047 	-0.076 	
-612.886 	-126.960 	-390.823 	-0.404 	-0.053 	-0.193 	
143.152 	-216.866 	-119.773 	-0.015 	-0.123 	-0.068 	
983.092 	-100.314 	-32.322 	0.412 	-0.049 	-0.036 	
-28.997 	233.094 	115.625 	-0.115 	0.110 	0.082 	
514.116 	-646.638 	-63.145 	0.146 	-0.317 	-0.042 	
678.840 	-760.512 	-321.358 	0.262 	-0.369 	-0.179 	
-361.883 	-496.738 	343.311 	-0.244 	-0.251 	0.165 	
-48.800 	527.744 	660.771 	-0.109 	0.247 	0.322 	
561.620 	800.986 	558.762 	0.195 	0.422 	0.276 	
-785.238 	399.882 	-85.668 	-0.478 	0.219 	-0.052 	
41.768 	39.988 	-590.683 	-0.069 	0.006 	-0.287 	
-299.999 	314.914 	-791.433 	-0.223 	0.136 	-0.379 	
-609.540 	-210.329 	108.931 	-0.401 	-0.119 	0.055 	
486.387 	293.224 	328.063 	0.161 	0.154 	0.140 	
323.479 	-158.493 	-649.078 	0.059 	-0.089 	-0.318 	
260.471 	621.691 	318.577 	0.055 	0.298 	0.150 	
152.430 	210.299 	452.401 	-0.016 	0.122 	0.215 	
-243.507 	-545.009 	548.751 	-0.202 	-0.264 	0.280 	
130.520 	-99.207 	-305.775 	-0.030 	-0.050 	-0.140 	
-76.357 	827.382 	481.043 	-0.139 	0.392 	0.250 	
-354.897 	203.497 	-85.703 	-0.247 	0.089 	-0.022 	
-591.585 	-458.406 	74.327 	-0.404 	-0.221 	0.037 	
677.662 	-318.802 	-852.129 	0.265 	-0.155 	-0.433 	
-578.419 	927.828 	-429.429 	-0.383 	0.484 	-0.205 	
-253.258 	372.885 	-792.852 	-0.185 	0.189 	-0.394 	
721.466 	-404.288 	-145.943 	0.271 	-0.181 	-0.063 	
216.737 	149.598 	-143.485 	0.014 	0.088 	-0.072 	
-99.159 	695.992 	-341.346 	-0.144 	0.346 	-0.166 	
-60.203 	76.143 	583.787 	-0.124 	0.054 	0.276 	
-481.904 	-636.518 	753.521 	-0.345 	-0.303 	0.374 	
499.813 	610.820 	539.351 	0.178 	0.279 	0.262 	
197.144 	537.954 	691.709 	0.031 	0.263 	0.354 	
430.887 	407.118 	-459.573 	0.115 	0.180 	-0.227 	
633.907 	448.278 	-738.477 	0.234 	0.219 	-0.380 	
187.114 	-297.144 	-655.790 	0.006 	-0.169 	-0.323 	
-483.917 	448.474 	-302.188 	-0.345 	0.208 	-0.144 	
516.746 	27.766 	-19.695 	0.184 	0.020 	0.001 	
-531.139 	691.831 	34.011 	-0.377 	0.338 	0.020 	
-213.926 	-650.570 	-262.619 	-0.192 	-0.318 	-0.141 	
317.095 	-407.623 	-654.682 	0.047 	-0.208 	-0.326 	
-22.727 	-222.990 	517.442 	-0.117 	-0.106 	0.259 	
51.029 	-766.282 	335.096 	-0.051 	-0.388 	0.178 	
629.186 	410.513 	-575.654 	0.254 	0.198 	-0.285 	
183.572 	460.292 	-427.048 	0.011 	0.242 	-0.230 	
145.674 	599.983 	-515.596 	-0.029 	0.292 	-0.246 	
-354.163 	587.966 	-346.644 	-0.240 	0.297 	-0.172 	
-747.520 	-306.844 	80.450 	-0.465 	-0.163 	0.056 	
-455.449 	-236.158 	-455.053 	-0.281 	-0.123 	-0.223 	
1036.424 	-537.262 	804.109 	0.435 	-0.265 	0.386 	
-703.530 	366.851 	-145.513 	-0.444 	0.196 	-0.069 	
67.005 	-310.352 	405.691 	-0.085 	-0.145 	0.196 	
-140.991 	-285.871 	-622.631 	-0.135 	-0.144 	-0.288 	
-239.517 	-795.518 	739.765 	-0.209 	-0.390 	0.360 	
54.519 	-285.194 	413.840 	-0.081 	-0.141 	0.208 	
161.067 	-762.566 	176.302 	0.009 	-0.392 	0.088 	
-101.360 	-101.174 	44.705 	-0.164 	-0.061 	0.027 	
-168.674 	-257.090 	-310.257 	-0.175 	-0.137 	-0.141 	
-236.156 	-447.439 	632.129 	-0.094 	-0.140 	0.166 	
408.875 	-683.960 	443.462 	0.132 	-0.358 	0.217 	
-408.809 	-122.375 	445.471 	-0.264 	-0.077 	0.219 	
866.433 	407.062 	-654.082 	0.375 	0.207 	-0.329 	
-3.565 	468.513 	797.026 	-0.090 	0.216 	0.381 	
357.487 	668.331 	529.130 	0.118 	0.326 	0.259 	
605.881 	553.295 	349.595 	0.240 	0.284 	0.176 	
537.631 	-505.344 	153.357 	0.185 	-0.232 	0.083 	
-199.567 	-157.446 	-585.830 	-0.196 	-0.061 	-0.270 	
-400.858 	516.655 	282.131 	-0.259 	0.257 	0.153 	
235.527 	-297.581 	508.293 	0.015 	-0.153 	0.254 	
379.131 	-553.084 	414.812 	0.104 	-0.297 	0.213 	
-115.445 	-613.041 	55.555 	-0.156 	-0.276 	0.025 	
245.418 	-503.454 	-79.619 	0.021 	-0.255 	-0.057 	
89.788 	-530.000 	-240.958 	-0.065 	-0.253 	-0.114 	
797.541 	-122.666 	-683.002 	0.314 	-0.058 	-0.334 	
498.681 	170.275 	794.867 	0.140 	0.091 	0.400 	
-487.297 	374.229 	500.003 	-0.320 	0.192 	0.264 	
956.088 	-487.620 	770.118 	0.413 	-0.231 	0.402 	
-469.585 	279.686 	145.863 	-0.300 	0.142 	0.057 	
172.769 	98.559 	729.723 	0.002 	0.072 	0.352 	
-759.076 	357.098 	539.783 	-0.465 	0.202 	0.269 	
-180.687 	-512.791 	159.729 	-0.184 	-0.275 	0.078 	
514.899 	-105.521 	-443.198 	0.188 	-0.036 	-0.229 	
-188.988 	-758.763 	843.379 	-0.176 	-0.380 	0.443 	
-551.737 	676.300 	68.310 	-0.373 	0.340 	0.025 	
284.937 	-829.636 	-754.879 	0.055 	-0.400 	-0.368 	
-792.358 	-206.397 	-801.367 	-0.454 	-0.106 	-0.395 	
-266.189 	5.217 	-503.783 	-0.240 	0.001 	-0.252 	
104.279 	56.783 	-76.625 	-0.018 	0.021 	-0.039 	
-755.187 	-192.768 	826.057 	-0.463 	-0.112 	0.418 	
-185.081 	-6.417 	-95.790 	-0.170 	-0.022 	-0.019 	
878.297 	-405.675 	468.176 	0.360 	-0.215 	0.251 	
-659.233 	-630.904 	-662.467 	-0.422 	-0.307 	-0.318 	
-671.957 	238.109 	-6.776 	-0.390 	0.109 	-0.005 	
244.062 	248.630 	-786.155 	0.054 	0.138 	-0.397 	
-461.969 	228.418 	365.175 	-0.292 	0.094 	0.189 	
956.905 	-765.030 	569.598 	0.376 	-0.396 	0.283 	
-166.216 	500.541 	-549.331 	-0.144 	0.233 	-0.276 	
-765.187 	75.805 	446.139 	-0.466 	0.032 	0.228 	
478.623 	-637.409 	688.933 	0.143 	-0.313 	0.355 	
-751.618 	590.508 	-59.493 	-0.455 	0.293 	-0.045 	
-723.035 	370.324 	255.167 	-0.425 	0.171 	0.147 	
224.385 	-590.763 	166.164 	0.048 	-0.306 	0.082 	
-193.916 	-594.497 	362.332 	-0.177 	-0.316 	0.194 	
265.910 	-436.053 	-763.055 	0.072 	-0.227 	-0.368 	
-590.009 	-439.470 	376.320 	-0.368 	-0.204 	0.184 	
-717.240 	-318.994 	-408.010 	-0.464 	-0.160 	-0.204 	
570.988 	-737.222 	-732.418 	0.213 	-0.389 	-0.355 	
-662.872 	-518.194 	-586.210 	-0.416 	-0.262 	-0.315 	
318.391 	-254.753 	-68.626 	0.078 	-0.122 	-0.023 	
537.615 	741.205 	400.131 	0.175 	0.374 	0.185 	
822.311 	189.472 	444.604 	0.313 	0.099 	0.231 	
465.648 	-406.475 	-533.210 	0.159 	-0.223 	-0.249 	
996.764 	-757.468 	632.108 	0.402 	-0.378 	0.329 	
-672.004 	-376.003 	-133.229 	-0.428 	-0.186 	-0.074 	
-337.125 	781.911 	345.719 	-0.268 	0.383 	0.191 	
-134.762 	512.185 	685.619 	-0.158 	0.234 	0.353 	
589.011 	128.562 	621.726 	0.212 	0.069 	0.312 	
7.008 	-682.134 	714.320 	-0.096 	-0.318 	0.346 	
-552.793 	421.503 	314.103 	-0.348 	0.224 	0.150 	
632.408 	648.652 	48.427 	0.237 	0.333 	0.033 	
-363.362 	-304.514 	-328.468 	-0.244 	-0.167 	-0.166 	
28.093 	-506.360 	704.068 	-0.075 	-0.273 	0.337 	
765.075 	124.618 	77.300 	0.295 	0.049 	0.062 	
-713.280 	-805.185 	531.764 	-0.421 	-0.412 	0.259 	
-212.885 	-308.755 	-214.921 	-0.170 	-0.129 	-0.112 	
729.898 	-653.688 	155.306 	0.281 	-0.312 	0.094 	
32.374 	457.510 	233.281 	-0.081 	0.203 	0.110 	
-57.495 	-374.137 	-70.760 	-0.126 	-0.165 	-0.045 	
540.013 	40.574 	-477.616 	0.179 	0.023 	-0.218 	
-563.720 	704.907 	529.750 	-0.380 	0.362 	0.243 	
912.618 	-693.979 	72.368 	0.385 	-0.350 	0.052 	
796.884 	-27.979 	531.058 	0.330 	-0.014 	0.271 	
327.578 	680.777 	-3.989 	0.060 	0.355 	-0.004 	
207.195 	217.290 	468.535 	0.044 	0.093 	0.221 	
-746.467 	574.439 	726.233 	-0.473 	0.274 	0.364 	
-578.929 	-201.123 	294.707 	-0.348 	-0.116 	0.150 	
858.142 	147.551 	-176.738 	0.323 	0.068 	-0.097 	
-385.663 	-154.799 	-673.873 	-0.250 	-0.076 	-0.327 	
