## Las primeras 500 lineas corresponden a la esfera 1 
##las siguienets 500 lineas a la esfera 2
## Las primeras tres columnas corresponden a la posición en 'x', 'y' y 'z', las siguientes tres a las velocidades
169.801 	-56.064 	4.563 	0.144 	-0.002 	0.057 	
91.317 	-35.793 	15.040 	-0.155 	0.026 	0.002 	
119.074 	-30.277 	21.189 	-0.119 	0.102 	0.097 	
-651.255 	783.651 	-99.159 	-0.339 	0.404 	-0.073 	
152.277 	-23.166 	-62.503 	-0.064 	-0.072 	-0.026 	
52.710 	-18.056 	15.330 	-0.020 	-0.077 	-0.088 	
85.232 	-38.580 	81.115 	-0.160 	-0.025 	0.012 	
159.089 	-66.511 	-13.030 	0.101 	-0.082 	0.062 	
138.602 	15.583 	39.491 	0.070 	0.065 	0.057 	
51.572 	-21.879 	28.483 	-0.047 	-0.065 	-0.019 	
-113.809 	641.869 	-347.636 	-0.074 	0.386 	-0.207 	
103.946 	-31.793 	45.473 	-0.079 	0.095 	0.082 	
466.746 	-628.124 	438.815 	0.269 	-0.355 	0.254 	
69.935 	-80.949 	12.528 	-0.130 	0.044 	0.038 	
129.085 	49.367 	-1.053 	0.118 	0.072 	0.016 	
121.536 	-74.871 	27.544 	0.024 	0.036 	0.015 	
127.401 	42.951 	-22.083 	0.068 	0.060 	-0.050 	
106.802 	-31.198 	-173.523 	0.053 	-0.077 	0.028 	
140.795 	-6.852 	21.063 	-0.052 	0.067 	0.099 	
96.426 	35.297 	34.943 	0.103 	-0.082 	-0.057 	
123.933 	-22.756 	-65.303 	-0.040 	-0.131 	-0.077 	
153.630 	-22.201 	-8.807 	-0.123 	-0.183 	-0.097 	
106.027 	-79.886 	22.951 	-0.065 	-0.059 	0.025 	
119.776 	-74.856 	57.549 	-0.069 	-0.012 	0.008 	
102.255 	-29.624 	31.330 	-0.156 	-0.027 	-0.122 	
79.803 	-17.778 	38.551 	-0.213 	-0.011 	0.026 	
120.794 	-46.407 	1.050 	-0.148 	0.016 	0.060 	
68.890 	29.278 	-2.506 	-0.171 	0.013 	0.021 	
110.464 	-3.344 	51.973 	0.058 	-0.031 	0.072 	
154.162 	-24.981 	46.632 	-0.109 	-0.039 	0.079 	
97.156 	-57.570 	13.039 	-0.044 	0.005 	0.021 	
77.780 	36.355 	38.482 	0.023 	0.016 	0.075 	
82.949 	-32.084 	33.406 	-0.027 	-0.083 	0.030 	
126.233 	10.398 	18.221 	-0.185 	0.034 	0.089 	
86.514 	7.811 	-5.460 	-0.156 	-0.119 	0.063 	
73.550 	1.033 	18.773 	0.047 	-0.094 	-0.025 	
114.702 	14.922 	-19.487 	0.104 	-0.089 	0.214 	
213.429 	5.363 	33.596 	-0.030 	-0.053 	0.044 	
142.418 	-20.906 	10.030 	-0.023 	0.003 	-0.072 	
101.782 	-16.917 	31.568 	-0.012 	-0.042 	-0.062 	
91.118 	40.167 	6.189 	-0.090 	0.089 	-0.047 	
93.526 	-40.561 	36.398 	-0.094 	0.035 	-0.037 	
30.024 	-13.629 	38.002 	-0.163 	0.055 	0.037 	
54.857 	-14.805 	19.994 	0.219 	-0.115 	-0.172 	
83.845 	56.816 	-83.568 	-0.075 	0.039 	-0.007 	
123.773 	-17.499 	-4.037 	-0.014 	0.117 	0.068 	
211.998 	-43.856 	72.466 	-0.076 	0.029 	0.010 	
91.946 	3.777 	12.398 	-0.033 	-0.036 	0.006 	
130.106 	60.739 	66.876 	-0.142 	0.072 	0.024 	
89.680 	-47.349 	45.468 	-0.062 	0.119 	0.028 	
126.103 	1.535 	63.924 	0.094 	0.162 	0.184 	
142.924 	-60.184 	28.138 	0.055 	-0.059 	-0.036 	
122.082 	46.907 	23.050 	-0.099 	-0.036 	-0.044 	
136.048 	-11.887 	32.446 	-0.058 	0.004 	0.022 	
112.847 	-30.919 	25.915 	-0.014 	-0.076 	0.007 	
84.457 	39.503 	-20.462 	-0.052 	0.000 	-0.036 	
137.291 	0.832 	75.660 	-0.075 	0.108 	0.143 	
146.747 	61.589 	77.632 	-0.032 	0.057 	0.025 	
-53.238 	127.571 	7.520 	0.042 	-0.034 	0.029 	
92.288 	-32.119 	-51.617 	-0.076 	0.048 	0.095 	
83.306 	-17.324 	-2.776 	0.221 	0.129 	-0.046 	
62.402 	-35.914 	-5.962 	-0.088 	-0.058 	0.022 	
160.458 	-21.101 	16.179 	0.192 	0.056 	0.029 	
136.919 	-35.954 	32.919 	-0.167 	-0.165 	-0.017 	
-1.953 	-249.734 	19.114 	-0.011 	-0.053 	0.002 	
101.726 	5.283 	48.646 	-0.128 	-0.053 	-0.147 	
-277.318 	-558.950 	-448.165 	-0.182 	-0.295 	-0.242 	
-74.960 	150.481 	-79.687 	0.028 	0.002 	-0.009 	
100.707 	-3.716 	35.378 	-0.227 	0.005 	-0.071 	
129.708 	20.121 	-15.028 	0.032 	0.185 	0.061 	
96.577 	26.092 	26.522 	-0.072 	0.015 	-0.010 	
60.773 	-8.387 	17.596 	-0.161 	0.096 	0.130 	
-27.118 	130.602 	13.320 	0.032 	-0.043 	0.045 	
106.094 	-52.114 	-7.253 	0.061 	-0.050 	0.062 	
135.013 	17.827 	23.851 	0.050 	-0.013 	0.063 	
241.837 	2.279 	61.640 	-0.031 	0.014 	0.128 	
153.946 	19.673 	28.560 	0.101 	-0.111 	0.008 	
276.740 	433.025 	751.961 	0.136 	0.201 	0.357 	
62.947 	-44.023 	60.783 	0.131 	-0.123 	0.074 	
110.087 	15.535 	-25.150 	-0.026 	-0.023 	0.018 	
127.479 	4.234 	61.286 	0.171 	-0.063 	0.071 	
138.191 	-32.505 	-9.943 	0.133 	0.052 	0.089 	
208.159 	-23.649 	18.188 	-0.062 	-0.116 	-0.044 	
-68.060 	-232.903 	301.608 	-0.015 	-0.057 	0.106 	
67.592 	-46.727 	32.725 	-0.167 	0.002 	-0.156 	
-82.316 	-45.169 	-103.825 	0.065 	0.012 	0.041 	
114.541 	1.712 	70.542 	-0.103 	-0.052 	0.145 	
37.690 	-19.324 	17.221 	0.220 	-0.038 	-0.186 	
104.401 	-44.183 	32.621 	-0.121 	-0.033 	0.001 	
135.459 	41.750 	-45.502 	-0.024 	-0.051 	-0.050 	
103.916 	-66.698 	35.746 	-0.116 	-0.113 	0.116 	
84.111 	48.281 	151.633 	0.077 	-0.062 	-0.028 	
102.321 	25.760 	-39.786 	0.005 	-0.048 	-0.035 	
121.505 	-117.911 	62.273 	0.093 	0.117 	0.039 	
44.473 	11.945 	13.010 	-0.041 	0.007 	-0.036 	
-74.755 	133.761 	-42.185 	0.062 	0.006 	0.039 	
75.245 	-11.639 	22.253 	-0.239 	-0.084 	-0.054 	
1146.113 	-1207.592 	-20.422 	0.614 	-0.668 	0.004 	
1720.373 	-1597.835 	-3331.956 	0.871 	-0.795 	-1.651 	
86.907 	11.883 	15.357 	-0.018 	-0.166 	0.048 	
102.320 	21.328 	-2.476 	-0.005 	0.089 	0.134 	
63.189 	-27.716 	-16.350 	0.180 	0.001 	-0.152 	
67.305 	32.356 	39.827 	-0.014 	-0.060 	0.025 	
118.188 	-70.667 	27.723 	0.063 	0.045 	0.067 	
1574.090 	-1127.362 	953.107 	0.755 	-0.524 	0.451 	
-1519.187 	1977.377 	3557.427 	-0.730 	0.971 	1.752 	
464.575 	-40.722 	47.198 	0.631 	-0.008 	0.049 	
78.834 	6.312 	19.229 	0.038 	0.048 	0.011 	
76.573 	44.888 	16.339 	-0.113 	-0.014 	-0.100 	
293.994 	-186.794 	109.620 	0.117 	0.001 	0.059 	
104.167 	16.564 	-34.147 	0.006 	-0.003 	-0.021 	
149.044 	-34.247 	54.672 	0.098 	-0.007 	0.040 	
-34.693 	-143.599 	41.091 	-0.483 	-0.137 	0.028 	
-124.364 	38.451 	40.249 	0.042 	-0.057 	0.047 	
122.398 	11.454 	40.585 	0.051 	-0.005 	0.049 	
142.794 	-23.015 	5.273 	-0.125 	0.050 	0.061 	
110.349 	-20.391 	-36.698 	0.059 	-0.071 	-0.043 	
9.160 	-289.989 	84.105 	0.069 	-0.081 	-0.006 	
129.661 	-25.662 	75.713 	-0.031 	0.183 	-0.050 	
112.892 	-11.862 	7.472 	0.195 	0.037 	0.018 	
135.758 	-10.509 	47.326 	0.068 	-0.087 	-0.239 	
155.159 	-10.994 	86.404 	-0.093 	0.116 	-0.028 	
68.445 	-29.549 	-8.220 	-0.054 	0.137 	0.003 	
51.346 	3.525 	28.081 	0.005 	-0.150 	0.077 	
144.536 	46.215 	51.946 	0.197 	0.101 	0.049 	
-16.426 	-34.622 	-19.235 	-0.106 	0.013 	-0.036 	
136.361 	-42.594 	-31.141 	0.016 	-0.001 	0.021 	
67.047 	-10.599 	50.427 	0.192 	0.106 	0.062 	
125.896 	-0.624 	-32.342 	0.028 	0.095 	-0.006 	
115.721 	71.213 	44.996 	-0.015 	0.015 	0.037 	
156.346 	-48.268 	55.003 	0.037 	0.012 	0.041 	
122.441 	-31.052 	50.129 	0.176 	0.019 	0.043 	
125.247 	-10.248 	48.984 	0.125 	-0.066 	-0.089 	
108.602 	-47.929 	69.743 	0.081 	0.039 	-0.040 	
97.162 	-28.761 	2.722 	0.026 	0.091 	-0.058 	
126.245 	-17.874 	82.606 	-0.123 	-0.061 	0.087 	
85.177 	-2.775 	63.435 	0.052 	-0.124 	-0.015 	
175.705 	52.005 	-67.391 	0.015 	0.028 	-0.024 	
-4758.436 	-1439.712 	-2878.066 	-5.694 	-1.675 	-3.368 	
-1243.344 	1038.426 	-632.497 	-0.557 	0.481 	-0.286 	
141.326 	22.512 	-55.976 	-0.084 	-0.017 	-0.035 	
-254.723 	-41.162 	195.772 	-0.312 	-0.062 	0.187 	
137.158 	5.746 	54.768 	0.075 	-0.020 	0.145 	
142.307 	-73.613 	8.322 	0.085 	-0.033 	0.076 	
129.188 	-1.624 	13.102 	0.013 	-0.039 	0.023 	
132.791 	47.374 	-49.785 	-0.077 	-0.017 	0.019 	
139.699 	-68.015 	93.891 	0.063 	-0.092 	0.047 	
141.094 	17.570 	56.514 	0.142 	0.085 	0.063 	
31.718 	-5.190 	73.386 	-0.082 	0.005 	-0.087 	
133.375 	8.576 	6.434 	-0.118 	-0.058 	0.015 	
110.047 	-28.908 	48.451 	-0.066 	-0.151 	0.003 	
183.359 	-56.613 	-16.012 	0.135 	-0.012 	0.057 	
87.176 	29.163 	49.329 	0.041 	-0.020 	0.060 	
127.553 	-49.324 	46.105 	0.010 	0.008 	-0.087 	
138.381 	-66.922 	18.874 	0.058 	0.028 	-0.049 	
128.676 	-19.501 	-6.327 	0.171 	-0.063 	-0.095 	
61.279 	-8.787 	32.789 	-0.207 	-0.066 	-0.026 	
94.147 	-41.772 	29.992 	-0.068 	-0.029 	0.027 	
198.239 	42.061 	-125.261 	0.146 	0.122 	-0.167 	
71.130 	23.461 	-3.683 	0.005 	-0.076 	0.111 	
179.304 	59.822 	-33.192 	-0.045 	0.067 	0.029 	
67.078 	91.039 	-82.947 	0.114 	-0.063 	0.009 	
102.521 	-55.616 	15.334 	-0.023 	0.032 	-0.057 	
112.095 	-21.323 	-29.373 	-0.100 	0.115 	-0.000 	
125.115 	-68.556 	82.670 	0.108 	-0.091 	0.030 	
132.525 	0.683 	-37.314 	0.117 	0.021 	-0.069 	
141.273 	-25.118 	7.776 	0.031 	0.159 	-0.075 	
140.455 	25.725 	29.828 	-0.119 	0.055 	-0.109 	
103.663 	49.651 	-29.001 	0.049 	0.108 	-0.047 	
130.697 	-49.466 	21.630 	0.053 	-0.048 	0.038 	
135.781 	-5.713 	-56.366 	0.129 	0.094 	-0.096 	
109.325 	6.036 	30.799 	-0.165 	0.104 	-0.034 	
148.101 	-9.736 	64.849 	0.129 	-0.013 	0.013 	
91.495 	56.070 	8.466 	0.052 	0.055 	-0.119 	
130.953 	-36.853 	27.581 	-0.069 	0.023 	-0.040 	
-78.022 	-126.337 	-80.281 	0.017 	0.016 	0.053 	
82.273 	-40.182 	8.222 	-0.081 	0.078 	0.005 	
118.921 	-56.992 	55.620 	-0.102 	0.092 	0.079 	
158.228 	49.212 	-139.658 	0.056 	0.009 	-0.110 	
80.362 	-86.965 	-14.670 	-0.132 	-0.106 	-0.060 	
197.474 	-6.214 	81.837 	-0.012 	-0.053 	-0.097 	
147.155 	-16.416 	31.481 	0.110 	-0.041 	-0.112 	
101.317 	-7.070 	22.940 	-0.035 	0.174 	-0.048 	
86.937 	23.589 	-6.894 	0.111 	0.156 	-0.036 	
129.588 	-16.961 	-4.860 	0.059 	-0.131 	0.240 	
138.399 	11.535 	48.806 	-0.022 	-0.029 	0.006 	
-62.994 	31.820 	209.772 	0.047 	0.053 	0.041 	
153.227 	-18.152 	7.182 	0.035 	0.010 	0.071 	
128.236 	-86.837 	12.490 	0.022 	-0.081 	0.031 	
129.363 	14.823 	73.884 	0.187 	0.097 	0.098 	
122.020 	-20.975 	101.765 	-0.049 	0.011 	-0.069 	
105.107 	-25.030 	-1.448 	-0.156 	0.121 	0.092 	
52.485 	-40.042 	28.641 	-0.132 	-0.059 	0.006 	
89.820 	-60.693 	34.612 	0.159 	-0.155 	0.030 	
123.792 	-13.654 	11.865 	0.236 	0.009 	-0.023 	
120.782 	-28.872 	38.000 	-0.080 	-0.049 	-0.113 	
862.451 	51.483 	167.475 	0.892 	0.117 	0.178 	
77.240 	-48.614 	-25.055 	-0.035 	-0.006 	0.102 	
121.820 	-89.232 	-45.451 	-0.078 	-0.020 	-0.012 	
116.296 	-32.390 	-13.122 	-0.200 	0.002 	-0.069 	
130.631 	36.014 	17.159 	-0.052 	0.047 	0.093 	
157.347 	-76.421 	0.741 	-0.069 	0.002 	-0.027 	
136.362 	-27.455 	-10.270 	-0.158 	-0.001 	-0.073 	
139.912 	-2.155 	44.869 	0.036 	-0.017 	-0.021 	
126.452 	-75.281 	169.720 	0.039 	-0.091 	0.193 	
140.679 	47.537 	28.471 	0.107 	0.082 	0.115 	
67.399 	-14.444 	-17.068 	-0.106 	-0.135 	-0.018 	
124.748 	5.209 	-7.887 	-0.020 	-0.042 	0.055 	
70.668 	-45.103 	21.931 	-0.193 	-0.082 	0.059 	
166.442 	-72.353 	-8.885 	-0.022 	-0.006 	-0.026 	
137.813 	-62.908 	-8.271 	-0.052 	-0.121 	0.089 	
341.148 	-120.979 	112.644 	0.118 	-0.053 	0.012 	
148.708 	20.972 	12.570 	0.014 	0.060 	-0.003 	
134.728 	-38.084 	56.554 	-0.159 	0.027 	-0.072 	
161.482 	-94.743 	22.602 	0.026 	-0.075 	0.089 	
149.820 	-44.820 	-30.815 	0.202 	-0.061 	-0.082 	
135.701 	-29.011 	-157.393 	0.058 	-0.053 	0.034 	
54.016 	-52.943 	7.104 	0.269 	-0.030 	-0.022 	
43.700 	-41.184 	-48.250 	0.120 	-0.091 	0.150 	
118.531 	-45.673 	26.183 	0.004 	-0.036 	-0.095 	
111.851 	43.457 	44.003 	0.036 	0.152 	0.045 	
61.581 	19.182 	12.566 	-0.157 	-0.082 	-0.139 	
153.307 	4.353 	81.573 	0.184 	0.026 	0.041 	
150.820 	-23.662 	29.902 	0.141 	0.036 	0.082 	
100.667 	-19.956 	73.234 	0.110 	-0.006 	-0.011 	
46.725 	9.151 	25.484 	0.164 	-0.242 	-0.015 	
141.167 	-67.506 	29.847 	-0.059 	-0.020 	-0.028 	
88.855 	-30.465 	15.090 	-0.026 	0.042 	-0.141 	
114.441 	-24.315 	32.389 	0.013 	0.142 	-0.074 	
156.048 	29.343 	11.688 	0.103 	0.123 	0.063 	
115.823 	29.819 	-22.240 	0.125 	0.104 	0.059 	
133.425 	-11.206 	-7.568 	0.055 	0.126 	0.020 	
146.924 	15.284 	-22.866 	0.075 	0.011 	-0.046 	
149.261 	-93.418 	29.505 	0.086 	-0.061 	-0.020 	
77.294 	-104.957 	45.142 	0.063 	-0.133 	0.035 	
144.945 	-13.218 	3.433 	0.122 	-0.033 	0.114 	
100.790 	-33.108 	23.177 	-0.216 	-0.017 	0.041 	
99.797 	1.918 	53.643 	-0.194 	0.064 	0.109 	
156.199 	-27.761 	-13.473 	-0.195 	-0.010 	-0.055 	
225.881 	132.072 	-13.515 	0.040 	-0.030 	0.057 	
147.187 	-137.004 	45.397 	0.072 	-0.088 	-0.022 	
150.765 	-26.950 	-14.930 	-0.084 	0.063 	0.043 	
68.565 	-42.956 	107.001 	-0.132 	-0.090 	0.056 	
12.287 	200.872 	74.643 	0.076 	0.021 	0.030 	
101.706 	-36.680 	29.719 	-0.087 	-0.108 	-0.080 	
80.330 	-19.508 	-10.763 	-0.082 	-0.059 	0.033 	
126.129 	-12.781 	47.232 	-0.018 	-0.062 	0.073 	
99.025 	4.150 	41.214 	-0.113 	-0.176 	0.075 	
166.939 	23.623 	126.518 	-0.063 	0.063 	0.019 	
259.671 	-12.751 	71.063 	-0.014 	-0.007 	0.034 	
629.725 	371.850 	144.801 	0.338 	0.220 	0.074 	
152.516 	-112.077 	60.075 	0.079 	-0.092 	0.024 	
123.924 	-38.648 	34.852 	0.097 	0.058 	0.105 	
42.823 	-59.865 	249.456 	0.087 	0.005 	0.050 	
114.756 	-28.899 	-66.618 	-0.052 	-0.106 	-0.039 	
25.332 	-65.749 	26.104 	0.123 	0.118 	-0.149 	
86.797 	-73.690 	71.306 	-0.098 	-0.045 	0.123 	
202.028 	3.766 	24.518 	0.006 	-0.044 	0.175 	
675.936 	361.089 	-434.838 	0.351 	0.213 	-0.214 	
134.928 	7.049 	55.781 	0.013 	0.037 	-0.045 	
137.930 	-23.334 	19.705 	-0.020 	0.019 	0.068 	
68.852 	31.695 	7.784 	-0.087 	-0.086 	-0.088 	
123.791 	3.051 	-10.104 	0.152 	0.173 	-0.016 	
100.633 	-20.485 	36.206 	-0.033 	-0.077 	0.052 	
125.534 	0.614 	34.583 	-0.122 	-0.017 	0.214 	
129.494 	-97.580 	30.081 	-0.111 	-0.077 	-0.074 	
27.982 	-114.819 	-48.210 	0.101 	0.088 	-0.035 	
-749.266 	-122.069 	-37.251 	-0.720 	-0.066 	-0.025 	
234.999 	38.683 	107.648 	0.045 	0.029 	-0.072 	
118.315 	2.627 	18.907 	0.069 	0.068 	0.247 	
47.514 	-28.220 	-2.319 	-0.096 	-0.190 	-0.109 	
87.880 	-2.355 	55.450 	-0.095 	-0.073 	0.030 	
110.635 	-40.057 	-10.532 	0.079 	-0.127 	0.020 	
52.068 	-34.930 	-7.169 	-0.037 	0.076 	0.100 	
93.284 	-38.317 	82.939 	-0.138 	-0.073 	-0.029 	
128.084 	-32.207 	20.863 	-0.055 	0.042 	0.025 	
60.164 	-19.263 	13.515 	-0.244 	-0.106 	0.055 	
432.029 	-63.816 	41.444 	0.428 	-0.084 	0.007 	
17.979 	68.768 	9.578 	0.120 	-0.081 	0.083 	
71.245 	10.927 	-3.336 	-0.095 	-0.042 	0.088 	
52.416 	-63.498 	-20.077 	-0.033 	0.072 	0.021 	
120.636 	-95.476 	73.771 	0.075 	-0.021 	0.028 	
-384.396 	-184.914 	-845.436 	-0.192 	-0.103 	-0.426 	
125.602 	18.496 	80.079 	-0.097 	0.003 	-0.021 	
176.228 	-34.927 	-200.074 	0.059 	-0.027 	-0.002 	
72.525 	-50.157 	-10.612 	-0.070 	-0.030 	0.050 	
84.236 	-69.238 	105.869 	0.051 	-0.077 	0.017 	
46.295 	-12.933 	8.243 	-0.066 	-0.222 	0.063 	
120.694 	5.668 	45.051 	-0.012 	0.064 	0.019 	
84.519 	62.033 	-191.067 	0.021 	-0.025 	-0.004 	
104.897 	-33.379 	-56.882 	-0.124 	0.002 	0.005 	
117.957 	-42.362 	-5.689 	-0.147 	0.027 	0.031 	
144.239 	-5.871 	50.981 	0.098 	0.096 	0.062 	
122.789 	-11.247 	28.267 	0.096 	-0.075 	-0.069 	
77.642 	-30.074 	24.975 	-0.031 	-0.027 	-0.167 	
138.147 	-22.564 	-10.350 	0.032 	-0.053 	-0.073 	
313.551 	-63.785 	33.712 	0.076 	-0.104 	0.001 	
108.855 	-17.453 	22.393 	0.264 	-0.039 	0.103 	
74.364 	-9.892 	17.357 	-0.102 	0.023 	-0.064 	
120.115 	-16.319 	34.625 	-0.168 	0.073 	0.072 	
125.035 	10.740 	29.361 	0.101 	-0.047 	0.045 	
95.623 	14.016 	64.294 	-0.117 	-0.091 	0.002 	
131.111 	-17.911 	-1.938 	-0.200 	-0.038 	0.079 	
125.634 	-45.073 	-19.220 	-0.142 	-0.011 	0.085 	
137.345 	-2.203 	46.435 	0.044 	0.004 	-0.084 	
149.904 	-30.121 	0.858 	0.143 	0.017 	-0.133 	
80.224 	47.084 	26.478 	0.093 	0.134 	0.008 	
84.994 	41.856 	25.814 	-0.077 	0.042 	-0.137 	
52.842 	2.945 	-11.132 	-0.071 	0.037 	0.108 	
75.898 	-50.350 	-42.679 	-0.101 	0.066 	0.016 	
115.267 	-0.045 	35.328 	-0.044 	-0.057 	0.058 	
125.857 	13.677 	38.559 	-0.147 	0.028 	-0.021 	
28.822 	-5.323 	11.273 	0.168 	-0.105 	-0.213 	
112.700 	13.371 	44.236 	0.132 	-0.072 	-0.213 	
-252.399 	-536.152 	467.812 	-0.186 	-0.293 	0.304 	
-102.327 	126.829 	-27.367 	0.039 	-0.001 	0.035 	
144.584 	-11.085 	31.264 	-0.006 	0.132 	0.196 	
-129.651 	86.860 	213.512 	0.011 	-0.005 	0.049 	
46.160 	-18.413 	13.491 	-0.171 	-0.015 	0.064 	
67.056 	-26.392 	10.040 	-0.177 	-0.089 	-0.012 	
143.198 	29.590 	63.195 	-0.077 	0.022 	0.158 	
118.405 	2.570 	74.796 	-0.203 	-0.012 	0.050 	
137.220 	-90.695 	63.571 	-0.035 	-0.052 	0.078 	
118.856 	-43.735 	-7.944 	0.047 	-0.039 	-0.021 	
139.205 	10.711 	2.883 	-0.177 	-0.055 	0.016 	
136.306 	17.894 	-3.574 	0.152 	-0.034 	-0.057 	
153.856 	-34.351 	-14.412 	-0.067 	0.073 	-0.089 	
105.522 	-37.880 	-40.309 	-0.008 	-0.041 	-0.107 	
118.445 	-22.593 	17.977 	0.123 	-0.039 	0.088 	
-309.062 	1308.819 	124.942 	-0.193 	0.722 	0.084 	
54.503 	-47.740 	121.797 	0.094 	-0.082 	-0.093 	
78.153 	-20.841 	11.966 	-0.074 	0.074 	-0.182 	
125.968 	-5.749 	-23.952 	0.041 	-0.070 	-0.056 	
19.120 	-233.303 	-120.649 	0.065 	-0.048 	-0.016 	
82.710 	20.371 	-14.433 	0.037 	-0.092 	0.081 	
97.039 	-38.541 	12.343 	0.267 	-0.005 	0.015 	
52.867 	-20.188 	-9.821 	-0.026 	-0.110 	0.010 	
54.534 	-37.810 	-0.694 	-0.035 	-0.137 	0.002 	
109.260 	3.710 	42.189 	0.034 	0.135 	-0.164 	
42.520 	-10.969 	26.009 	-0.132 	0.035 	0.004 	
121.050 	9.194 	-71.478 	0.108 	0.076 	-0.057 	
136.621 	71.139 	21.157 	-0.127 	0.064 	-0.017 	
165.530 	-8.814 	45.129 	0.101 	0.069 	-0.029 	
155.226 	-40.122 	-26.180 	0.055 	0.057 	-0.030 	
144.796 	29.069 	16.244 	0.132 	0.061 	-0.016 	
222.522 	-5.112 	74.663 	-0.027 	-0.008 	0.008 	
96.142 	-12.999 	25.429 	0.106 	-0.156 	-0.183 	
141.581 	0.341 	22.619 	0.098 	0.059 	0.082 	
148.920 	-25.480 	8.375 	-0.132 	-0.030 	0.089 	
122.837 	24.491 	30.810 	0.127 	0.187 	-0.095 	
82.792 	-26.990 	-0.390 	-0.066 	-0.170 	0.043 	
-17.777 	-30.735 	13.592 	0.020 	-0.023 	-0.020 	
102.109 	-20.542 	26.408 	-0.136 	0.109 	-0.038 	
161.287 	-93.520 	-4.071 	0.101 	-0.093 	-0.070 	
-99.363 	-117.871 	51.072 	0.056 	0.002 	0.054 	
156.028 	11.782 	-21.280 	-0.083 	-0.076 	-0.006 	
67.583 	-16.930 	3.330 	-0.248 	0.006 	-0.039 	
95.387 	6.907 	47.826 	0.186 	0.013 	0.125 	
129.953 	-26.939 	-5.671 	0.044 	-0.260 	0.012 	
141.211 	6.755 	52.418 	0.030 	-0.051 	0.159 	
128.492 	-30.643 	63.314 	-0.120 	0.011 	0.015 	
81.982 	11.582 	19.179 	-0.039 	0.155 	0.025 	
107.570 	-24.577 	-0.595 	-0.156 	0.162 	-0.010 	
121.273 	-32.484 	-28.226 	0.043 	-0.138 	-0.018 	
151.229 	78.142 	40.214 	0.094 	0.095 	-0.013 	
141.358 	-43.964 	10.490 	-0.085 	0.093 	0.034 	
166.990 	-114.428 	-292.146 	0.072 	-0.055 	-0.075 	
123.970 	51.832 	34.507 	0.082 	0.030 	-0.073 	
116.984 	-74.488 	9.342 	-0.047 	-0.126 	-0.142 	
81.731 	36.790 	-38.837 	-0.026 	-0.013 	-0.111 	
108.106 	32.030 	-45.313 	-0.013 	0.009 	-0.088 	
177.044 	-180.851 	102.734 	0.096 	0.004 	0.004 	
97.655 	7.048 	47.442 	-0.232 	-0.007 	0.124 	
241.364 	-289.968 	-52.526 	0.107 	-0.136 	-0.014 	
-70.693 	-9.965 	13.479 	-0.147 	0.016 	-0.054 	
135.909 	18.704 	31.531 	0.073 	0.013 	-0.061 	
97.792 	-56.589 	22.715 	-0.061 	0.104 	-0.043 	
-24.364 	-58.340 	7.453 	-0.125 	-0.007 	-0.035 	
108.456 	4.161 	14.347 	-0.109 	-0.012 	-0.060 	
92.516 	-15.648 	24.245 	0.003 	0.143 	0.104 	
132.364 	40.162 	-29.455 	-0.082 	-0.039 	0.078 	
107.911 	6.959 	-25.411 	0.007 	0.204 	-0.066 	
126.635 	-47.840 	2.172 	-0.111 	0.046 	0.098 	
209.410 	61.511 	58.082 	-0.068 	0.067 	0.033 	
100.147 	-9.082 	9.948 	0.019 	0.024 	0.051 	
51.158 	-270.775 	51.790 	0.080 	-0.047 	0.021 	
135.988 	2.500 	63.315 	0.161 	0.038 	0.037 	
102.066 	14.599 	49.166 	-0.186 	-0.057 	0.065 	
94.056 	-50.237 	176.890 	0.100 	0.041 	-0.015 	
144.758 	-84.522 	32.756 	-0.022 	0.041 	0.062 	
62.004 	-12.689 	15.170 	-0.108 	-0.023 	-0.115 	
65.494 	-44.833 	33.723 	-0.054 	0.110 	-0.136 	
124.445 	8.364 	-24.146 	-0.074 	0.030 	-0.196 	
119.976 	-26.959 	32.904 	-0.038 	0.055 	0.010 	
129.729 	-26.209 	23.162 	-0.241 	0.131 	0.146 	
150.497 	-50.660 	-48.383 	-0.073 	0.061 	-0.031 	
236.516 	0.693 	18.605 	0.127 	0.168 	-0.019 	
122.313 	-28.301 	10.805 	-0.073 	0.038 	0.040 	
247.362 	-35.248 	113.391 	0.004 	-0.044 	0.106 	
148.843 	1.658 	-12.657 	-0.009 	-0.003 	-0.041 	
75.122 	-0.845 	8.506 	-0.037 	0.001 	-0.108 	
32.490 	-44.827 	23.121 	-0.126 	-0.138 	0.075 	
124.941 	191.550 	330.559 	0.054 	0.071 	0.103 	
-22.895 	6.058 	-18.638 	0.050 	0.019 	0.008 	
125.419 	-7.877 	43.170 	0.018 	0.143 	0.052 	
129.887 	21.504 	15.163 	-0.111 	-0.106 	0.121 	
569.135 	-632.630 	-14.162 	0.266 	-0.310 	0.004 	
95.027 	-62.952 	64.212 	-0.017 	-0.034 	-0.080 	
120.798 	-44.710 	64.061 	-0.028 	-0.112 	0.183 	
48.206 	-35.860 	17.665 	-0.011 	-0.201 	-0.043 	
87.765 	-3.874 	21.732 	-0.222 	-0.076 	0.054 	
110.180 	-89.440 	44.191 	0.086 	0.004 	0.018 	
119.272 	-75.741 	-29.151 	-0.028 	-0.127 	0.059 	
44.329 	-34.657 	17.025 	-0.159 	0.082 	0.134 	
85.506 	2.461 	17.391 	-0.148 	-0.158 	0.043 	
107.346 	22.582 	84.885 	-0.039 	0.018 	0.091 	
40.027 	-32.350 	12.751 	-0.143 	0.118 	0.029 	
199.290 	-590.405 	27.893 	0.123 	-0.301 	-0.015 	
-44.977 	48.210 	-70.954 	0.073 	-0.071 	-0.006 	
167.012 	-70.938 	28.418 	-0.093 	0.027 	0.038 	
99.980 	-30.068 	25.337 	0.122 	-0.199 	0.193 	
250.101 	-88.128 	55.726 	0.054 	0.061 	-0.038 	
70.581 	-22.256 	-12.522 	0.176 	-0.189 	-0.092 	
99.447 	-2.715 	3.406 	-0.077 	-0.007 	-0.058 	
112.394 	-43.892 	-57.120 	-0.016 	0.048 	-0.113 	
118.342 	-156.790 	48.372 	0.110 	0.058 	-0.051 	
80.559 	-37.769 	9.335 	-0.038 	-0.044 	-0.115 	
120.735 	47.331 	-0.280 	0.039 	0.051 	0.010 	
-126.765 	-103.278 	8.068 	0.029 	0.008 	0.072 	
-87.791 	7.193 	146.757 	0.051 	-0.046 	-0.005 	
-25.640 	-19.207 	41.467 	-0.046 	0.034 	0.046 	
57.281 	6.471 	-5.224 	-0.022 	-0.104 	0.087 	
161.955 	4.197 	74.325 	0.216 	-0.047 	0.145 	
108.276 	-32.118 	16.375 	0.025 	-0.050 	0.120 	
105.047 	-17.339 	10.768 	-0.199 	-0.070 	-0.094 	
138.349 	-24.172 	12.397 	0.079 	0.187 	-0.025 	
133.616 	-41.857 	-17.368 	-0.129 	-0.047 	0.117 	
132.462 	-6.152 	16.712 	-0.124 	0.078 	0.038 	
79.578 	-1.704 	12.438 	-0.110 	0.052 	-0.039 	
94.502 	-24.145 	25.754 	-0.169 	-0.073 	-0.089 	
90.457 	-10.294 	21.894 	0.109 	-0.111 	0.271 	
125.013 	-0.946 	-13.881 	0.046 	-0.083 	-0.050 	
452.278 	991.558 	-3490.798 	0.265 	0.621 	-2.368 	
124.145 	21.299 	40.799 	0.096 	0.076 	-0.097 	
144.102 	-20.613 	10.279 	0.019 	0.136 	-0.032 	
-150.428 	-87.284 	-88.825 	-0.006 	-0.045 	0.025 	
99.080 	-28.185 	-32.151 	-0.024 	-0.047 	0.099 	
-18.237 	-40.371 	17.333 	0.045 	0.032 	-0.066 	
123.848 	-39.232 	31.151 	-0.151 	-0.006 	0.041 	
158.955 	6.576 	89.426 	0.164 	0.064 	0.054 	
136.368 	-18.864 	47.227 	-0.024 	0.066 	-0.074 	
90.890 	-103.722 	66.169 	-0.127 	-0.008 	-0.022 	
134.962 	-65.138 	-6.632 	0.003 	0.046 	-0.050 	
47.451 	-17.126 	29.814 	-0.233 	-0.103 	0.000 	
105.385 	-29.759 	16.466 	0.042 	-0.149 	-0.124 	
107.784 	32.126 	10.608 	-0.112 	-0.041 	-0.030 	
130.294 	-67.094 	62.864 	-0.117 	-0.018 	-0.062 	
116.669 	-27.063 	-8.903 	-0.020 	0.013 	-0.007 	
99.282 	-28.648 	8.801 	-0.140 	0.068 	0.013 	
115.540 	-1.734 	57.155 	0.131 	-0.039 	0.154 	
155.639 	-19.485 	88.979 	0.067 	0.041 	-0.162 	
103.959 	-17.413 	-25.290 	-0.088 	0.010 	0.108 	
125.055 	-29.482 	-10.756 	-0.188 	-0.000 	-0.036 	
147.959 	-29.492 	-16.527 	0.099 	-0.062 	-0.048 	
-37.169 	-38.301 	-106.938 	0.092 	-0.051 	0.038 	
134.711 	-116.325 	19.877 	-0.088 	-0.085 	0.039 	
55.964 	-35.565 	31.318 	0.155 	-0.091 	0.230 	
339.367 	-74.790 	-126.840 	0.128 	-0.078 	-0.077 	
42.302 	-22.143 	35.282 	-0.019 	0.026 	0.018 	
136.366 	-61.094 	39.618 	-0.159 	-0.151 	0.054 	
115.809 	19.881 	8.767 	0.046 	-0.097 	-0.107 	
50.700 	-33.249 	8.907 	-0.229 	0.015 	-0.047 	
135.029 	-14.436 	102.407 	-0.045 	0.067 	0.075 	
70.245 	-21.432 	69.360 	0.089 	0.185 	0.046 	
180.722 	0.783 	0.660 	-0.087 	-0.029 	0.051 	
-211.738 	23.185 	71.139 	-0.045 	-0.033 	0.032 	
130.380 	-36.725 	6.618 	0.068 	0.061 	-0.143 	
105.113 	-24.897 	12.365 	-0.106 	0.117 	-0.070 	
235.748 	-71.732 	-9.000 	-0.052 	-0.005 	-0.024 	
123.955 	-20.856 	80.464 	-0.130 	-0.003 	-0.007 	
119.682 	-19.990 	49.317 	0.024 	0.095 	0.006 	
83.727 	14.493 	-21.978 	-0.025 	-0.035 	0.011 	
160.105 	-123.616 	109.240 	-0.029 	-0.045 	0.044 	
78.217 	-79.085 	-5.083 	0.015 	0.041 	-0.072 	
87.452 	-207.314 	53.647 	0.090 	0.005 	-0.028 	
28.736 	-23.149 	4.535 	-0.128 	0.104 	-0.038 	
137.654 	-66.951 	-25.823 	-0.041 	-0.110 	-0.124 	
1006.291 	339.956 	403.512 	0.573 	0.234 	0.257 	
111.934 	-17.358 	-27.932 	-0.131 	0.083 	-0.124 	
78.065 	-17.221 	-6.920 	0.027 	0.126 	-0.075 	
52.266 	-4.645 	-17.567 	-0.035 	-0.061 	-0.112 	
69.008 	-4.829 	2.334 	-0.185 	0.083 	-0.006 	
264.989 	-8.431 	43.572 	0.008 	0.083 	0.075 	
44.767 	-42.666 	18.308 	-0.086 	0.013 	-0.160 	
117.535 	-7.441 	-34.768 	0.156 	0.023 	0.011 	
156.423 	-70.583 	-6.892 	-0.085 	-0.020 	-0.041 	
98.873 	15.543 	65.115 	-0.053 	0.017 	-0.021 	
79.049 	-88.141 	57.793 	0.004 	-0.015 	0.058 	
114.685 	-7.578 	8.675 	0.208 	-0.024 	0.070 	
130.621 	-33.399 	-54.095 	-0.034 	-0.045 	0.045 	
-4.212 	-45.642 	48.348 	-0.014 	-0.045 	-0.077 	
111.530 	-242.889 	372.365 	-0.039 	-0.096 	0.194 	
29.625 	-25.121 	-25.737 	-0.011 	0.054 	0.018 	
17.727 	-22.287 	-37.552 	0.114 	-0.119 	-0.123 	
-37.606 	34.902 	53.321 	0.042 	0.006 	-0.029 	
53.050 	-47.466 	24.170 	0.085 	0.054 	0.017 	
-11.569 	38.277 	47.653 	-0.110 	0.036 	0.024 	
-7.980 	-19.124 	-1.008 	-0.080 	-0.055 	-0.252 	
63.736 	-12.683 	-3.044 	0.110 	0.054 	0.061 	
0.560 	-23.878 	53.171 	-0.140 	0.054 	0.212 	
58.602 	-36.014 	37.600 	-0.139 	-0.113 	0.179 	
-38.323 	48.404 	-3.228 	0.016 	0.070 	0.060 	
27.360 	-18.416 	47.054 	0.152 	-0.013 	-0.029 	
-60.364 	35.315 	3.150 	0.057 	0.020 	0.027 	
-44.275 	-40.497 	59.974 	-0.070 	0.060 	0.072 	
60.346 	-49.006 	59.273 	0.066 	0.072 	-0.048 	
-22.982 	-19.169 	41.058 	0.077 	0.111 	0.045 	
51.326 	-38.245 	16.388 	0.173 	0.105 	-0.022 	
22.892 	-17.276 	-70.286 	-0.055 	0.063 	-0.075 	
17.428 	16.311 	63.224 	-0.165 	-0.028 	0.050 	
33.808 	-29.601 	7.203 	0.171 	-0.027 	-0.038 	
24.040 	-11.356 	-9.179 	0.008 	0.002 	-0.139 	
-91.163 	20.003 	-249.628 	-0.261 	0.098 	-0.328 	
-15.536 	-36.184 	10.278 	-0.033 	-0.179 	0.229 	
126.011 	-20.200 	20.428 	0.143 	-0.076 	0.069 	
-29.517 	-58.691 	-77.840 	-0.049 	-0.033 	-0.096 	
-25.473 	-48.021 	8.481 	0.044 	-0.086 	0.075 	
23.489 	12.926 	-73.489 	0.038 	-0.037 	-0.035 	
63.894 	0.683 	-0.958 	0.131 	0.138 	-0.012 	
3.518 	-15.487 	-11.915 	-0.017 	-0.107 	-0.008 	
40.109 	0.229 	-5.156 	-0.207 	0.081 	-0.062 	
4.477 	-26.673 	9.399 	0.120 	-0.269 	-0.023 	
-223.491 	-39.498 	-107.951 	-0.141 	-0.053 	0.028 	
-23.356 	-40.832 	43.470 	-0.147 	0.033 	0.109 	
-39.677 	-75.930 	25.550 	-0.064 	-0.066 	0.075 	
33.755 	-66.539 	23.633 	-0.093 	-0.137 	0.101 	
55.933 	-1.648 	5.532 	0.161 	0.076 	0.040 	
21.269 	0.766 	22.904 	0.060 	-0.118 	0.099 	
6.054 	2.096 	24.593 	0.159 	0.043 	-0.136 	
181.372 	31.506 	80.784 	-0.134 	-0.066 	0.043 	
28.523 	-64.440 	50.070 	0.023 	-0.076 	-0.126 	
48.519 	-68.018 	7.867 	0.021 	0.059 	-0.098 	
-65.969 	-40.363 	50.899 	-0.098 	-0.098 	-0.017 	
55.988 	-95.120 	-1.203 	0.085 	-0.028 	-0.098 	
21.350 	-81.488 	-7.437 	0.113 	0.024 	-0.040 	
111.713 	77.518 	78.630 	-0.136 	-0.078 	0.031 	
-13.459 	-45.328 	56.156 	-0.081 	-0.174 	0.120 	
-26.579 	-44.241 	75.531 	-0.038 	0.162 	-0.031 	
24.564 	4.160 	37.583 	-0.117 	0.062 	0.016 	
19.057 	-32.058 	19.727 	0.159 	-0.054 	0.092 	
14.734 	-38.633 	9.497 	0.067 	0.108 	-0.017 	
-44.124 	6.846 	38.348 	-0.046 	0.055 	0.031 	
271.023 	-288.908 	153.244 	0.021 	-0.122 	0.073 	
6.437 	12.744 	-4.747 	0.060 	0.009 	0.054 	
57.202 	-23.009 	24.753 	0.055 	0.097 	-0.137 	
-26.829 	96.979 	167.459 	-0.044 	-0.049 	0.011 	
60.960 	-8.174 	20.188 	0.220 	-0.110 	-0.011 	
22.556 	-47.770 	-12.270 	0.040 	0.057 	-0.032 	
25.715 	-22.363 	-2.295 	-0.064 	-0.115 	-0.060 	
15.582 	-61.385 	57.481 	0.124 	-0.046 	0.042 	
3.336 	-60.288 	-1.050 	-0.150 	-0.036 	0.078 	
-18.194 	-67.159 	29.236 	-0.016 	-0.055 	-0.072 	
117.277 	-28.997 	-38.961 	-0.177 	-0.016 	0.135 	
-0.578 	-10.213 	31.138 	-0.074 	-0.078 	0.260 	
28.422 	-79.721 	-13.240 	-0.017 	-0.091 	-0.056 	
4.427 	-31.204 	21.528 	0.125 	-0.094 	-0.040 	
16.685 	-32.700 	-22.773 	0.065 	-0.038 	0.113 	
57.973 	-27.463 	-8.776 	-0.175 	-0.219 	-0.020 	
4832.582 	1318.575 	2934.601 	5.490 	1.541 	3.410 	
-49.113 	32.953 	55.909 	-0.022 	0.024 	-0.023 	
-14.799 	-12.641 	49.885 	0.102 	-0.035 	-0.127 	
52.849 	-23.909 	20.028 	0.086 	0.070 	0.046 	
24.890 	-39.758 	11.724 	0.086 	-0.067 	-0.021 	
76.089 	-21.244 	10.780 	-0.163 	0.174 	0.192 	
6.519 	-38.235 	-1.189 	0.024 	-0.014 	-0.061 	
95.288 	-28.703 	18.538 	0.159 	0.101 	-0.040 	
57.886 	-65.383 	55.877 	-0.067 	-0.166 	0.058 	
40.761 	-56.850 	37.324 	0.197 	0.029 	0.080 	
16.625 	-97.600 	-4.294 	0.125 	0.010 	-0.033 	
124.823 	-9.935 	105.029 	0.130 	-0.081 	-0.007 	
142.196 	-10.303 	72.613 	-0.212 	0.047 	-0.014 	
2.754 	-121.646 	10.982 	0.075 	-0.108 	0.003 	
-45.466 	188.284 	-31.202 	-0.114 	0.263 	-0.094 	
197.219 	16.521 	6.413 	0.162 	0.065 	-0.051 	
-5.618 	-85.697 	14.223 	-0.038 	-0.095 	0.130 	
27.069 	-13.232 	-39.451 	0.029 	-0.148 	-0.060 	
43.818 	-25.500 	32.847 	0.072 	0.024 	-0.194 	
-16.687 	2.132 	-23.534 	-0.194 	0.012 	-0.090 	
41.035 	-40.177 	16.255 	-0.151 	-0.156 	0.178 	
21.664 	0.319 	54.567 	-0.022 	0.024 	-0.026 	
13.757 	-2.427 	38.533 	-0.052 	0.038 	0.195 	
-52.768 	-24.519 	2.554 	0.049 	-0.194 	-0.005 	
16.033 	-34.810 	-28.442 	-0.005 	-0.109 	0.066 	
2.304 	-52.911 	-46.707 	0.023 	-0.048 	0.045 	
425.301 	45.588 	-42.216 	0.120 	0.007 	-0.022 	
73.593 	-52.146 	-4.830 	0.032 	0.042 	-0.096 	
11.679 	22.078 	-31.055 	0.031 	-0.078 	-0.036 	
-17.855 	-63.447 	100.351 	-0.024 	-0.023 	0.041 	
-15.112 	-44.961 	18.419 	0.148 	-0.068 	0.040 	
59.037 	-11.937 	8.065 	-0.221 	-0.119 	-0.152 	
-3.299 	-55.067 	34.629 	0.105 	-0.040 	0.019 	
3.713 	-51.290 	0.798 	0.071 	-0.249 	0.016 	
7.577 	-93.988 	14.657 	-0.077 	-0.089 	-0.026 	
-19.973 	-84.692 	65.357 	0.146 	-0.056 	0.075 	
80.563 	-15.777 	20.037 	0.089 	0.101 	0.011 	
118.450 	-100.006 	109.631 	-0.113 	0.051 	-0.020 	
154.918 	-44.089 	-2.556 	-0.172 	0.101 	0.110 	
-20.577 	-37.188 	33.891 	-0.228 	-0.000 	0.015 	
149.885 	-49.416 	26.010 	-0.220 	0.029 	0.062 	
36.408 	-112.298 	163.302 	-0.080 	-0.048 	0.199 	
4.281 	-33.602 	26.061 	-0.053 	0.077 	0.206 	
69.413 	-21.104 	29.405 	0.107 	0.008 	-0.009 	
-7.008 	-20.257 	-18.520 	0.108 	0.051 	0.015 	
13.943 	3.042 	51.537 	0.072 	-0.094 	-0.026 	
102.388 	-53.602 	54.453 	0.159 	0.042 	-0.044 	
2.957 	-41.992 	-17.280 	0.078 	0.001 	-0.126 	
-44.849 	-28.838 	-51.440 	-0.087 	-0.019 	0.167 	
26.812 	-60.528 	23.533 	0.040 	0.001 	-0.068 	
10.536 	41.908 	26.421 	0.088 	0.050 	-0.047 	
-5.000 	-14.098 	28.931 	0.108 	0.130 	0.034 	
143.389 	96.888 	-37.549 	0.467 	0.306 	-0.179 	
42.505 	-17.517 	9.607 	0.074 	0.049 	0.186 	
31.218 	-4.670 	10.082 	-0.241 	0.105 	-0.012 	
67.600 	-28.282 	38.943 	-0.173 	-0.152 	0.179 	
-29.425 	-19.273 	21.141 	-0.093 	0.101 	0.074 	
-25.407 	57.255 	-15.822 	-0.061 	0.084 	-0.107 	
-48.784 	-71.727 	9.333 	-0.152 	0.018 	-0.013 	
-16.763 	-26.349 	7.447 	0.014 	0.124 	0.009 	
3.946 	-5.664 	30.365 	0.085 	-0.021 	-0.183 	
10.620 	-68.232 	-3.186 	0.055 	-0.011 	-0.056 	
-21.083 	-89.995 	56.413 	-0.148 	-0.076 	-0.003 	
-26.393 	-69.763 	20.484 	-0.211 	-0.024 	0.002 	
2.396 	-28.768 	-7.884 	-0.013 	0.008 	0.125 	
70.147 	-6.972 	19.992 	0.113 	0.137 	0.019 	
126.991 	22.560 	-55.019 	-0.136 	-0.003 	0.105 	
-38.962 	-15.041 	9.625 	0.075 	0.083 	0.004 	
191.998 	70.459 	22.476 	-0.102 	-0.063 	-0.031 	
7.349 	0.923 	86.168 	0.117 	0.098 	0.073 	
-3.225 	5.080 	48.956 	-0.058 	0.001 	0.098 	
30.938 	-56.222 	28.388 	-0.152 	0.221 	0.031 	
46.144 	-15.351 	23.564 	0.239 	-0.013 	0.156 	
0.322 	-20.632 	48.178 	0.119 	0.020 	0.031 	
16.635 	-11.115 	56.838 	-0.145 	-0.065 	0.081 	
-9.920 	16.970 	58.554 	0.123 	0.020 	0.037 	
10.057 	-32.117 	-24.038 	-0.130 	-0.098 	0.122 	
-38.141 	-78.152 	20.236 	-0.102 	-0.122 	0.025 	
68.858 	-47.298 	-0.773 	0.140 	-0.033 	0.059 	
-9.507 	-41.740 	31.907 	0.062 	0.031 	0.142 	
-19.736 	-31.595 	44.417 	-0.099 	-0.009 	-0.055 	
13.205 	-43.045 	-20.342 	-0.170 	-0.131 	-0.086 	
102.923 	27.059 	-24.508 	-0.141 	-0.171 	-0.017 	
12.724 	-72.618 	-4.124 	0.113 	0.018 	-0.109 	
-4.789 	-5.317 	-25.712 	-0.019 	0.049 	0.052 	
-19.194 	-6.313 	28.419 	-0.018 	0.052 	-0.065 	
52.479 	-30.361 	19.670 	0.119 	-0.142 	-0.104 	
17.140 	-35.139 	-15.333 	-0.238 	-0.059 	-0.045 	
75.198 	-21.791 	49.673 	0.144 	0.017 	0.009 	
-14.811 	99.387 	164.470 	-0.046 	-0.020 	-0.006 	
91.808 	8.692 	62.276 	-0.167 	0.021 	-0.153 	
51.543 	-32.357 	2.370 	0.160 	0.051 	0.025 	
2.818 	-33.552 	-20.892 	0.087 	0.069 	0.103 	
655.033 	94.332 	-1242.476 	0.277 	0.060 	-0.630 	
-1314.868 	-5977.886 	-9391.991 	-1.525 	-7.107 	-11.197 	
35.058 	-37.691 	55.668 	-0.124 	-0.052 	0.268 	
46.985 	-42.932 	32.275 	0.041 	0.121 	0.068 	
54.225 	-70.645 	-39.594 	0.038 	-0.037 	0.029 	
-8.779 	-35.230 	33.867 	0.068 	0.010 	0.010 	
-34.809 	-16.884 	-4.456 	-0.044 	0.063 	-0.067 	
-26.008 	-27.055 	37.764 	-0.106 	-0.144 	0.075 	
60.462 	-13.497 	18.539 	0.076 	-0.042 	0.049 	
41.388 	20.997 	-15.765 	0.109 	0.084 	0.077 	
-7.439 	-95.708 	-37.592 	0.025 	-0.132 	-0.007 	
141.416 	-222.831 	-145.419 	-0.083 	-0.062 	-0.014 	
-16.957 	-28.518 	6.503 	0.124 	-0.068 	0.041 	
-39.974 	-77.564 	76.524 	-0.033 	-0.074 	-0.000 	
17.025 	-80.509 	43.587 	-0.070 	-0.083 	-0.070 	
-73.572 	10.905 	-14.969 	-0.098 	0.013 	0.021 	
25.578 	-53.907 	50.065 	-0.094 	-0.170 	0.120 	
103.320 	27.861 	-3.300 	0.616 	0.257 	-0.119 	
38.099 	-47.456 	47.203 	0.103 	0.024 	-0.120 	
5.231 	1.736 	52.048 	0.142 	0.017 	-0.047 	
68.715 	-31.771 	1.513 	0.150 	0.014 	-0.003 	
4.446 	-37.942 	36.634 	0.062 	-0.064 	-0.033 	
-77.816 	6.137 	37.426 	-0.115 	-0.027 	-0.030 	
7.397 	-81.659 	34.725 	-0.039 	-0.013 	0.041 	
-21.843 	7.719 	2.567 	0.022 	0.096 	-0.190 	
170.532 	-34.576 	-22.474 	-0.152 	-0.000 	0.113 	
-35.949 	-44.391 	-41.278 	-0.108 	-0.085 	0.009 	
-23.485 	-56.088 	-6.774 	0.035 	-0.158 	0.032 	
-7.920 	-45.138 	23.492 	-0.100 	-0.282 	0.051 	
-4.771 	-56.489 	1.946 	-0.026 	0.005 	-0.091 	
84.999 	-25.524 	12.767 	0.059 	0.140 	-0.026 	
-6.285 	-101.113 	-8.249 	0.050 	-0.071 	-0.111 	
-48.049 	-16.764 	0.336 	-0.147 	0.000 	0.028 	
-6.141 	-15.667 	30.292 	-0.140 	0.084 	-0.145 	
53.586 	-6.926 	38.970 	0.112 	0.133 	0.106 	
6.258 	19.327 	59.160 	0.017 	-0.038 	0.117 	
-10.731 	-13.540 	-53.689 	0.097 	0.025 	0.032 	
33.097 	5.982 	13.847 	0.017 	0.134 	-0.054 	
60.882 	-32.476 	12.024 	0.093 	0.019 	-0.081 	
17.431 	3.583 	12.967 	0.151 	-0.033 	0.052 	
36.535 	8.876 	14.967 	0.127 	-0.102 	0.002 	
17.493 	-28.920 	-42.065 	-0.027 	0.075 	0.050 	
144.423 	-30.885 	1.967 	-0.236 	0.011 	0.089 	
10.510 	-43.636 	-3.557 	-0.315 	0.057 	0.059 	
26.767 	36.397 	36.453 	0.176 	0.016 	-0.070 	
-24.863 	70.707 	39.482 	0.031 	0.093 	0.057 	
-3.922 	-40.598 	-3.109 	-0.022 	-0.042 	-0.094 	
-847.842 	457.792 	287.857 	-1.007 	0.617 	0.366 	
65.211 	-45.183 	9.722 	0.106 	-0.108 	0.061 	
-3.457 	-28.112 	39.895 	-0.230 	0.113 	0.061 	
18.356 	3.568 	34.104 	-0.228 	-0.004 	0.108 	
-40.613 	-34.397 	14.395 	-0.183 	-0.019 	-0.020 	
22.622 	-14.014 	-9.566 	-0.050 	-0.077 	-0.182 	
28.462 	-35.782 	18.708 	0.173 	0.037 	-0.095 	
72.642 	-13.956 	20.307 	0.087 	-0.112 	-0.126 	
66.996 	-36.610 	15.278 	0.058 	0.000 	0.102 	
-8.231 	-1.400 	-16.818 	-0.167 	-0.132 	-0.064 	
17.310 	-55.624 	29.943 	-0.014 	0.114 	0.063 	
-24.243 	-31.857 	17.493 	-0.083 	0.007 	0.032 	
-240.387 	165.122 	-96.646 	-0.206 	0.057 	-0.043 	
-12.693 	-49.719 	-38.775 	0.027 	-0.071 	-0.015 	
63.016 	-12.608 	-3.156 	0.324 	0.068 	0.023 	
40.997 	-21.712 	-24.181 	0.036 	-0.136 	0.045 	
-13.343 	-48.717 	25.102 	-0.128 	-0.056 	-0.027 	
7.898 	1.410 	-33.025 	0.041 	-0.001 	0.083 	
69.710 	-27.640 	17.892 	0.063 	-0.157 	0.036 	
-6.539 	-34.518 	5.404 	0.120 	-0.134 	0.004 	
36.277 	-0.781 	-10.810 	-0.135 	0.129 	-0.132 	
33.046 	-36.513 	28.068 	0.144 	-0.112 	0.027 	
38.896 	14.849 	76.275 	0.041 	0.137 	0.044 	
-20.676 	-50.190 	78.157 	0.018 	0.037 	0.079 	
-4.920 	-47.362 	-34.776 	0.029 	-0.051 	0.070 	
66.280 	-11.167 	5.435 	0.043 	-0.058 	0.066 	
27.772 	-46.817 	-20.471 	0.150 	-0.089 	0.128 	
-47.306 	-37.941 	9.799 	0.053 	0.055 	-0.101 	
38.876 	-25.152 	-6.067 	0.004 	-0.087 	0.023 	
67.727 	-19.030 	32.082 	0.086 	-0.110 	-0.044 	
64.620 	30.679 	-17.471 	-0.139 	-0.188 	0.019 	
69.417 	2.912 	-1.445 	0.222 	-0.051 	0.077 	
38.986 	-14.623 	50.168 	-0.025 	0.002 	0.122 	
-38.786 	-5.875 	-59.535 	-0.099 	0.091 	-0.288 	
47.974 	-37.675 	16.879 	0.125 	0.130 	0.131 	
38.953 	-23.301 	17.974 	0.155 	0.152 	0.096 	
-4.897 	-43.081 	-23.933 	-0.147 	0.079 	-0.113 	
22.171 	-68.418 	35.746 	-0.169 	0.021 	0.013 	
35.587 	-79.039 	-7.304 	0.050 	0.017 	-0.067 	
2.784 	-79.528 	74.907 	0.068 	-0.071 	0.139 	
340.919 	-1289.999 	910.758 	0.104 	-1.020 	0.718 	
101.133 	-75.282 	49.701 	0.150 	-0.004 	0.003 	
-74.162 	-42.780 	-49.357 	-0.008 	0.136 	-0.045 	
60.457 	-17.634 	47.551 	0.119 	-0.051 	-0.021 	
39.955 	1.026 	74.839 	0.086 	0.091 	-0.024 	
37.200 	-40.210 	8.440 	-0.236 	-0.181 	0.078 	
101.953 	111.034 	123.433 	-0.090 	-0.031 	-0.012 	
-13.743 	23.976 	18.731 	-0.072 	-0.143 	0.135 	
-22.374 	-41.862 	7.461 	-0.276 	-0.210 	-0.039 	
65.387 	-12.382 	23.837 	-0.023 	-0.047 	0.159 	
17.195 	-42.254 	26.158 	0.175 	0.027 	0.057 	
-5.794 	-46.683 	23.890 	-0.198 	-0.003 	-0.059 	
22.360 	-6.020 	60.675 	0.083 	-0.109 	-0.079 	
518.370 	-735.349 	-608.816 	0.264 	-0.442 	-0.393 	
-65.175 	23.440 	19.175 	0.048 	0.055 	0.006 	
-31.934 	-6.777 	14.399 	-0.008 	0.220 	0.090 	
-12.444 	25.830 	22.923 	0.008 	-0.038 	0.025 	
-18.360 	-10.447 	50.266 	-0.114 	0.022 	-0.028 	
-22.081 	-78.471 	-12.979 	-0.062 	-0.038 	-0.030 	
42.670 	7.784 	21.651 	-0.128 	-0.091 	-0.211 	
-29.311 	-63.922 	-18.065 	-0.188 	0.027 	0.020 	
58.212 	-13.642 	53.708 	-0.255 	-0.005 	0.047 	
37.675 	6.524 	46.420 	-0.185 	0.082 	0.028 	
93.321 	85.136 	-71.078 	-0.096 	-0.038 	0.044 	
-1.162 	-61.510 	15.927 	-0.140 	-0.192 	0.060 	
-1.752 	-24.455 	7.609 	-0.246 	-0.008 	-0.077 	
-15.693 	-18.475 	-7.730 	0.111 	-0.020 	0.143 	
60.886 	-64.849 	-0.055 	0.031 	-0.116 	-0.068 	
-12.276 	-56.882 	70.025 	0.083 	0.101 	0.126 	
-84.127 	34.199 	43.753 	-0.099 	-0.097 	-0.108 	
13.149 	-85.112 	35.830 	0.016 	-0.052 	0.143 	
-27.482 	-75.139 	-10.715 	-0.032 	0.181 	-0.003 	
98.729 	30.873 	47.740 	0.155 	0.032 	0.022 	
-373.070 	-802.087 	3704.022 	-0.288 	-0.579 	2.449 	
8.251 	-41.701 	29.600 	0.105 	-0.043 	0.054 	
-7.420 	-42.567 	104.208 	0.073 	-0.081 	0.088 	
81.726 	-160.090 	113.490 	-0.118 	0.010 	-0.028 	
40.239 	-21.657 	23.843 	-0.033 	0.191 	-0.209 	
59.614 	0.301 	12.898 	-0.030 	-0.068 	0.171 	
47.980 	31.015 	66.108 	0.071 	0.044 	0.129 	
-72.383 	-4.529 	57.542 	-0.044 	-0.155 	-0.078 	
-26.115 	-40.401 	-1.320 	-0.100 	-0.007 	-0.020 	
-11.665 	7.541 	-17.260 	-0.084 	0.017 	0.084 	
17.324 	-11.497 	51.555 	0.002 	-0.119 	0.075 	
42.568 	-25.118 	49.640 	-0.116 	-0.170 	0.133 	
87.672 	-26.408 	-12.429 	-0.145 	-0.088 	0.209 	
19.265 	-11.483 	7.091 	0.194 	-0.030 	-0.026 	
-60.515 	-323.371 	31.952 	-0.142 	-0.421 	-0.007 	
28.094 	-41.643 	37.532 	0.096 	0.011 	0.141 	
-0.924 	-8.182 	24.399 	0.037 	-0.062 	0.108 	
128.330 	-41.946 	21.403 	0.155 	0.078 	-0.083 	
12.669 	-28.267 	17.145 	-0.011 	-0.062 	-0.125 	
-57.997 	8.123 	75.591 	0.088 	0.021 	0.114 	
179.180 	69.875 	29.346 	-0.096 	-0.064 	-0.044 	
31.885 	-48.431 	-16.371 	-0.032 	-0.069 	0.028 	
57.388 	1.157 	4.449 	-0.095 	-0.250 	0.134 	
-4.811 	-24.831 	-39.439 	-0.137 	-0.017 	-0.059 	
-23.473 	-52.416 	28.478 	-0.009 	0.083 	-0.005 	
58.962 	0.387 	41.909 	0.106 	-0.003 	-0.083 	
49.513 	-88.610 	-58.295 	-0.117 	0.032 	0.127 	
27.645 	-98.379 	44.553 	-0.043 	-0.028 	-0.026 	
-20.152 	98.112 	-351.990 	-0.065 	0.024 	-0.117 	
22.798 	-17.110 	11.937 	-0.198 	0.026 	-0.103 	
-101.279 	-7.341 	-17.533 	-0.303 	0.076 	-0.197 	
-25.287 	-19.321 	39.296 	-0.230 	-0.035 	0.010 	
28.850 	17.961 	-46.292 	0.075 	0.078 	0.046 	
-33.822 	1.734 	8.216 	0.050 	0.054 	0.109 	
1.460 	-40.801 	28.984 	0.031 	0.094 	-0.152 	
75.337 	8.417 	7.745 	0.062 	0.009 	0.137 	
-16.668 	-15.759 	35.713 	0.022 	-0.097 	0.095 	
7.578 	-12.504 	36.321 	0.069 	0.088 	-0.004 	
-52.428 	199.030 	-32.924 	-0.104 	0.021 	0.007 	
72.317 	-5.177 	15.229 	-0.060 	0.035 	0.295 	
42.894 	-31.281 	32.453 	-0.172 	-0.022 	-0.226 	
-27.646 	-16.575 	-18.361 	-0.206 	0.086 	-0.048 	
-627.519 	846.824 	490.203 	-0.465 	0.561 	0.303 	
170.157 	93.139 	-86.836 	-0.083 	0.003 	0.035 	
-39.831 	-14.198 	9.096 	-0.204 	-0.131 	0.013 	
25.098 	-34.724 	18.963 	-0.231 	-0.166 	0.025 	
-16.878 	-25.947 	66.490 	-0.091 	-0.054 	0.125 	
14.395 	-37.769 	57.873 	0.052 	-0.162 	-0.031 	
162.142 	-68.292 	-30.822 	-0.127 	-0.044 	0.128 	
-7.580 	-88.431 	-19.214 	0.057 	-0.074 	-0.094 	
11.572 	-19.466 	-0.097 	0.156 	0.068 	0.013 	
-38.390 	117.513 	-41.654 	-0.120 	-0.060 	0.053 	
36.070 	-10.117 	33.846 	-0.131 	0.061 	0.248 	
-38.387 	-74.375 	33.011 	0.056 	-0.012 	-0.158 	
70.448 	-22.595 	31.843 	0.093 	0.074 	-0.054 	
36.595 	-16.695 	-5.764 	0.216 	-0.008 	-0.057 	
72.665 	-17.633 	30.029 	-0.111 	-0.257 	-0.077 	
29.275 	-4.994 	-24.391 	0.050 	-0.049 	-0.142 	
-96.684 	-34.717 	-31.922 	-0.039 	0.117 	-0.025 	
48.540 	-20.426 	62.545 	0.066 	-0.095 	0.091 	
-32.073 	1.054 	78.089 	-0.170 	0.037 	0.055 	
-31.761 	32.663 	-14.345 	0.012 	-0.011 	-0.110 	
38.857 	-2.558 	33.189 	0.234 	0.074 	-0.081 	
22.719 	-16.168 	-20.993 	0.137 	-0.138 	-0.046 	
77.633 	-12.799 	25.966 	-0.163 	-0.154 	-0.201 	
-22.547 	-115.090 	66.063 	-0.117 	-0.111 	0.015 	
33.958 	-41.983 	-2.172 	0.031 	-0.040 	0.071 	
-65.783 	21.431 	-45.744 	-0.040 	-0.143 	0.008 	
133.208 	-269.391 	17.681 	-0.083 	-0.069 	-0.014 	
-13.440 	15.571 	-18.162 	-0.135 	0.009 	-0.178 	
38.334 	-13.296 	12.731 	-0.136 	-0.174 	0.211 	
99.026 	-3.399 	1.630 	0.113 	0.179 	-0.002 	
38.002 	-26.809 	61.910 	-0.191 	0.037 	0.108 	
-52.655 	-42.168 	48.456 	0.074 	0.016 	-0.065 	
-6.066 	-35.446 	-1.995 	-0.123 	0.112 	0.069 	
510.669 	732.540 	740.925 	0.154 	0.348 	0.365 	
17.360 	1.437 	45.460 	-0.063 	0.111 	-0.034 	
114.153 	1456.688 	-945.478 	-0.072 	1.122 	-0.730 	
58.352 	-35.525 	-16.717 	0.152 	0.005 	0.029 	
0.949 	-19.034 	18.194 	-0.105 	0.144 	0.037 	
-12.068 	8.162 	74.224 	-0.139 	0.054 	0.007 	
90.254 	17.875 	-24.395 	0.094 	0.037 	-0.009 	
1175.466 	5885.780 	9699.580 	1.431 	6.974 	11.464 	
-9.326 	45.269 	8.995 	0.023 	-0.018 	-0.066 	
54.731 	12.063 	-23.581 	-0.162 	0.000 	0.198 	
-28.597 	-67.594 	-25.196 	0.135 	-0.013 	-0.046 	
-28.908 	-11.179 	9.745 	-0.077 	0.076 	0.241 	
54.791 	-13.212 	43.740 	-0.173 	-0.193 	0.113 	
-9.518 	-88.679 	41.597 	-0.073 	-0.128 	-0.000 	
-15.635 	29.876 	5.874 	-0.004 	-0.060 	-0.013 	
-32.171 	295.899 	16.458 	-0.121 	0.082 	-0.017 	
-53.843 	17.439 	-3.399 	0.029 	-0.150 	0.068 	
31.082 	8.531 	-4.177 	0.380 	0.001 	0.114 	
17.745 	9.005 	59.303 	-0.042 	0.011 	-0.109 	
52.612 	-32.122 	35.782 	0.076 	0.118 	0.025 	
69.898 	-23.050 	-4.228 	-0.097 	-0.045 	0.268 	
1.741 	-164.211 	-28.104 	-0.121 	0.047 	0.052 	
-12.388 	-8.112 	37.949 	-0.163 	0.098 	-0.017 	
-14.270 	-60.030 	37.056 	0.057 	0.074 	-0.048 	
-0.579 	-28.516 	24.930 	0.132 	-0.028 	-0.049 	
31.896 	-26.737 	-23.389 	0.110 	-0.039 	0.034 	
-7.639 	-41.689 	-48.248 	-0.002 	0.098 	0.001 	
22.640 	0.429 	-2.622 	0.045 	0.113 	0.041 	
42.143 	-13.913 	8.740 	0.080 	0.208 	0.059 	
103.944 	-144.410 	120.113 	0.168 	-0.253 	0.146 	
-185.802 	216.497 	27.705 	-0.135 	0.039 	0.048 	
-41.104 	-24.116 	0.361 	0.004 	-0.040 	0.009 	
-36.592 	-63.464 	-0.750 	-0.099 	0.010 	0.023 	
105.064 	173.311 	-31.953 	-0.093 	-0.007 	0.015 	
2.696 	-15.043 	0.653 	0.076 	0.017 	0.129 	
40.792 	-74.370 	21.316 	0.047 	0.042 	-0.015 	
-239.576 	1863.336 	121.543 	-0.247 	1.413 	0.093 	
-8.136 	37.674 	59.397 	0.057 	0.049 	0.092 	
-23.893 	10.052 	16.319 	-0.114 	-0.027 	0.062 	
209.217 	48.163 	-29.925 	-0.104 	-0.064 	0.025 	
-20.462 	35.514 	69.886 	-0.086 	0.083 	0.017 	
-18.333 	79.872 	2.861 	-0.027 	0.056 	-0.028 	
75.841 	-51.345 	-39.113 	0.174 	-0.018 	-0.074 	
5.054 	-27.386 	-38.736 	-0.171 	0.027 	-0.046 	
-20.531 	65.676 	6.496 	0.045 	-0.051 	-0.004 	
-7.440 	-44.758 	-12.050 	0.083 	-0.095 	-0.069 	
30.606 	-26.491 	16.670 	0.202 	-0.113 	-0.098 	
16.883 	-56.699 	-44.169 	0.121 	-0.020 	0.056 	
-14.840 	-6.866 	-13.810 	0.006 	-0.111 	0.082 	
188.390 	-79.261 	31.548 	-0.150 	-0.022 	0.037 	
7.377 	-52.791 	50.363 	-0.051 	-0.094 	0.196 	
15.535 	0.046 	14.889 	0.202 	-0.002 	0.073 	
36.481 	-97.762 	70.774 	-0.076 	-0.092 	0.064 	
-898.053 	-1179.757 	-570.099 	-0.523 	-0.569 	-0.263 	
32.020 	-70.358 	4.025 	-0.045 	-0.070 	-0.052 	
-25.455 	-33.334 	73.025 	-0.087 	-0.136 	0.064 	
-101.061 	-136.855 	79.608 	-0.216 	-0.295 	0.127 	
-25.326 	59.319 	-25.629 	-0.080 	0.117 	-0.048 	
4.463 	-22.513 	3.949 	-0.120 	-0.133 	0.069 	
60.306 	-13.608 	21.069 	0.043 	0.063 	-0.015 	
122.271 	-24.059 	10.278 	0.164 	0.008 	-0.001 	
155.831 	-90.838 	-6.910 	-0.137 	0.080 	0.003 	
85.718 	-34.822 	12.793 	0.086 	0.046 	-0.003 	
27.651 	-11.704 	10.266 	0.103 	0.002 	0.052 	
3.517 	-49.510 	21.917 	0.046 	0.061 	0.136 	
154.148 	-129.720 	-36.794 	-0.105 	0.031 	-0.034 	
-36.519 	-27.307 	-13.633 	0.132 	0.131 	-0.029 	
278.977 	-169.657 	36.531 	-0.014 	-0.066 	0.021 	
49.410 	11.383 	50.400 	0.083 	0.039 	0.118 	
10.065 	-21.481 	28.111 	-0.228 	0.055 	-0.022 	
167.693 	24.854 	28.075 	-0.144 	-0.094 	-0.039 	
10.175 	-63.033 	6.288 	-0.189 	-0.089 	0.088 	
18.806 	-14.650 	119.141 	0.106 	-0.049 	0.024 	
-1.468 	5.054 	3.790 	0.014 	0.078 	0.118 	
22.434 	-54.811 	16.317 	0.151 	-0.023 	-0.093 	
160.677 	-226.256 	60.347 	-0.065 	-0.033 	-0.000 	
42.643 	-78.919 	9.322 	0.091 	0.004 	0.054 	
-26.014 	23.049 	83.459 	-0.015 	0.043 	0.175 	
-88.263 	-49.777 	21.958 	0.041 	-0.055 	-0.072 	
-21.240 	-35.083 	4.791 	-0.137 	-0.074 	0.060 	
-8.996 	-89.741 	-68.200 	0.037 	-0.046 	-0.058 	
1.209 	-35.712 	9.574 	0.078 	-0.128 	-0.227 	
120.605 	41.090 	49.056 	-0.149 	-0.075 	-0.099 	
10.213 	-49.841 	27.626 	0.040 	0.177 	0.040 	
197.189 	132.236 	51.310 	-0.077 	-0.003 	-0.010 	
12.552 	-108.328 	14.115 	-0.011 	-0.166 	0.046 	
9.310 	16.406 	-11.212 	0.172 	0.024 	0.121 	
191.577 	98.041 	-87.503 	-0.076 	0.030 	0.015 	
11.385 	-38.762 	-53.517 	-0.031 	-0.065 	-0.095 	
-27.210 	-123.402 	26.874 	-0.016 	-0.035 	0.054 	
174.642 	-42.642 	-15.357 	-0.169 	0.064 	0.074 	
-206.236 	-372.703 	1219.047 	-0.164 	-0.178 	0.625 	
-51.593 	-35.742 	9.873 	0.147 	-0.010 	-0.039 	
-16.779 	-18.015 	-15.014 	-0.061 	-0.036 	-0.077 	
78.894 	0.673 	-49.479 	0.116 	-0.031 	0.025 	
2.616 	-11.520 	-15.059 	0.072 	0.037 	-0.178 	
2.676 	-29.099 	-21.824 	-0.206 	-0.067 	0.029 	
33.393 	-40.274 	-17.292 	0.113 	0.013 	0.045 	
29.650 	19.151 	1.472 	0.013 	-0.012 	-0.024 	
42.922 	-27.434 	35.411 	-0.216 	-0.057 	0.233 	
1.661 	-27.819 	33.167 	0.012 	-0.086 	0.112 	
23.873 	-16.070 	26.742 	0.131 	-0.212 	-0.024 	
2.392 	2.446 	0.467 	-0.080 	-0.024 	-0.144 	
49.503 	-24.740 	28.689 	0.059 	-0.032 	-0.059 	
-17.102 	-66.685 	-22.124 	0.055 	-0.034 	0.072 	
62.730 	-21.127 	56.113 	0.106 	0.136 	0.000 	
-9.872 	-36.488 	19.990 	-0.015 	-0.035 	0.130 	
85.340 	4.169 	22.569 	-0.199 	0.144 	0.042 	
8.133 	33.788 	-18.933 	-0.063 	0.142 	-0.083 	
23.539 	-20.734 	-10.502 	-0.175 	-0.036 	-0.038 	
82.364 	-21.640 	1.496 	0.184 	-0.154 	0.120 	
53.120 	-19.022 	21.538 	0.181 	-0.051 	0.008 	
93.687 	-7.518 	29.733 	-0.161 	0.114 	-0.199 	
-44.361 	-55.588 	-62.548 	-0.038 	0.035 	0.131 	
-83.472 	-47.254 	-37.894 	-0.118 	-0.044 	-0.003 	
-25.879 	-34.495 	81.341 	0.041 	-0.021 	0.025 	
-55.439 	-42.180 	-31.538 	0.028 	-0.008 	0.010 	
62.237 	-33.026 	79.587 	-0.123 	0.134 	-0.087 	
9.089 	-36.609 	33.655 	0.106 	-0.030 	0.050 	
17.192 	-16.540 	0.254 	0.097 	-0.061 	-0.135 	
-55.580 	-59.509 	-12.203 	0.053 	-0.029 	-0.164 	
41.724 	32.736 	10.894 	0.107 	0.005 	0.107 	
-27.900 	-0.942 	17.096 	0.065 	0.006 	0.025 	
4.334 	-1696.580 	-292.980 	-0.060 	-1.310 	-0.223 	
9.517 	-52.537 	25.520 	0.002 	0.167 	-0.030 	
1.560 	-57.457 	-15.584 	-0.227 	0.006 	-0.059 	
27.273 	-10.713 	42.511 	0.248 	0.064 	-0.079 	
8.813 	-19.782 	25.431 	0.073 	-0.125 	-0.082 	
218.272 	45.752 	143.533 	-0.068 	-0.057 	0.044 	
53.489 	19.004 	52.258 	0.070 	-0.116 	0.050 	
50.255 	-13.098 	68.849 	0.154 	-0.129 	-0.030 	
29.861 	13.670 	15.260 	-0.081 	-0.122 	-0.212 	
26.580 	4.325 	53.298 	0.144 	-0.078 	0.063 	
36.645 	-38.342 	37.606 	0.138 	-0.135 	-0.101 	
-49.316 	-17.471 	-1.425 	-0.068 	0.060 	0.029 	
21.221 	-70.009 	57.583 	0.105 	0.058 	0.059 	
-25.791 	-51.017 	-3.928 	-0.089 	-0.045 	0.074 	
9.967 	-18.482 	14.841 	-0.207 	-0.036 	0.160 	
-24.881 	-81.971 	41.336 	0.066 	0.045 	-0.013 	
266.591 	-3.847 	6.061 	-0.052 	-0.056 	-0.041 	
734.186 	-613.644 	-466.446 	0.883 	-0.662 	-0.535 	
3.303 	-47.206 	17.250 	0.015 	-0.124 	-0.013 	
-44.424 	-7.070 	75.478 	-0.047 	0.034 	-0.026 	
7.181 	-43.567 	26.926 	-0.046 	0.050 	0.106 	
