## Las primeras 200 lineas corresponden a la esfera 1 
##las siguienets 300 lineas a la esfera 2
## Las primeras tres columnas corresponden a la posición en 'x', 'y' y 'z', las siguientes tres a las velocidades
34.252 	-7.404 	21.663 	9.564 	5.258 	-3.647 	
30.259 	24.794 	16.542 	1.330 	8.360 	4.259 	
664.091 	2366.980 	4587.584 	218.098 	801.892 	1553.998 	
22.806 	1.433 	5.018 	6.006 	1.210 	6.189 	
-102.358 	241.544 	412.900 	-24.568 	57.905 	98.136 	
-15.455 	9.998 	44.504 	-6.778 	-4.928 	11.075 	
47.825 	-2.952 	24.654 	2.163 	0.806 	-9.542 	
-8.306 	282.313 	7.607 	-12.050 	107.367 	0.750 	
53.101 	-10.841 	12.156 	8.086 	-3.129 	5.734 	
44.486 	5.390 	11.569 	4.613 	9.444 	-1.996 	
70.078 	-18.504 	-7.286 	18.908 	-5.443 	-2.564 	
32.310 	10.886 	-2.457 	7.015 	-2.176 	1.773 	
87.723 	-19.402 	-152.144 	18.646 	-4.514 	-33.166 	
16.078 	9.533 	14.668 	-31.896 	14.107 	7.168 	
48.250 	4.545 	14.010 	2.789 	-15.499 	-10.741 	
49.618 	-2.849 	7.972 	14.879 	16.104 	-3.453 	
39.331 	-3.747 	10.465 	10.686 	-3.469 	7.941 	
-79.738 	-249.214 	-106.976 	-33.304 	-80.343 	-35.419 	
130.431 	-193.727 	-1.669 	39.828 	-70.160 	-3.020 	
47.660 	-2.852 	12.505 	-2.751 	5.408 	9.189 	
44.707 	10.280 	4.699 	7.045 	11.319 	-9.037 	
84.533 	24.861 	-11.290 	19.338 	10.345 	-3.236 	
-20.964 	24.333 	-146.549 	-11.045 	7.299 	-41.537 	
46.978 	-21.948 	-88.798 	7.280 	-6.517 	-30.638 	
164.391 	-75.923 	54.016 	37.926 	-18.767 	13.492 	
51.027 	-1.071 	14.862 	9.144 	-9.827 	-1.949 	
-133.159 	261.341 	-169.717 	-30.985 	61.713 	-40.210 	
60.353 	-9.086 	-13.880 	9.333 	-0.232 	6.729 	
121.915 	471.137 	-315.807 	29.026 	112.497 	-75.030 	
-254.901 	-47.873 	119.385 	-62.023 	-10.828 	28.510 	
181.875 	124.394 	138.587 	42.702 	28.813 	31.802 	
51.438 	6.163 	10.241 	11.792 	-8.648 	-1.821 	
-3.540 	-68.727 	-76.477 	0.831 	-13.533 	-14.999 	
49.173 	-3.125 	9.639 	23.604 	-4.692 	6.317 	
54.965 	8.905 	7.313 	18.526 	2.470 	2.338 	
48.983 	-3.380 	14.177 	4.003 	-0.974 	-7.028 	
8.121 	63.119 	236.825 	1.330 	16.106 	60.506 	
78.496 	1.400 	-55.701 	18.204 	-1.307 	-5.561 	
-579.943 	53.265 	176.026 	-143.114 	12.896 	43.403 	
56.585 	0.476 	5.294 	13.477 	-8.699 	2.680 	
128.578 	-159.687 	-15.063 	28.185 	-35.414 	-3.173 	
-464.621 	-139.034 	-160.056 	-109.693 	-33.732 	-37.460 	
22.787 	-21.516 	-30.414 	10.315 	-1.874 	-0.907 	
217.809 	-52.357 	-213.721 	54.865 	-14.216 	-56.076 	
58.109 	4.401 	7.512 	-0.283 	-14.057 	10.661 	
152.986 	43.152 	-342.316 	35.527 	11.166 	-79.913 	
-112.364 	53.034 	136.040 	-33.898 	13.191 	34.971 	
73.048 	-64.764 	49.069 	18.459 	-23.466 	16.512 	
43.604 	4.122 	13.353 	9.667 	-7.399 	1.993 	
-3.596 	43.834 	-41.438 	-4.655 	10.918 	-9.383 	
38.314 	-0.791 	21.807 	-8.204 	-12.737 	26.073 	
64.169 	-32.400 	23.475 	15.725 	-13.309 	7.224 	
289.439 	122.476 	-189.482 	86.586 	40.378 	-62.611 	
76.068 	116.410 	44.233 	17.613 	40.639 	14.017 	
-50.814 	-139.290 	-29.681 	-17.043 	-37.237 	-7.470 	
357.613 	-37.949 	-125.024 	86.485 	-8.532 	-30.796 	
-61.384 	17.355 	37.486 	-64.771 	13.387 	19.108 	
49.922 	-3.766 	10.014 	8.109 	-14.328 	-6.869 	
53.281 	-3.652 	17.095 	25.323 	-3.191 	1.412 	
124.237 	140.936 	50.437 	31.151 	41.396 	14.687 	
70.171 	4.755 	16.822 	5.391 	-7.330 	2.442 	
62.300 	0.156 	-62.523 	12.739 	0.114 	-13.031 	
804.559 	-958.613 	1184.090 	190.626 	-228.028 	281.916 	
-22.441 	-5.409 	-3.391 	-12.107 	-0.193 	0.542 	
127.593 	-49.857 	4.992 	34.093 	-14.359 	0.431 	
35.188 	-88.608 	22.032 	2.994 	-33.183 	7.154 	
149.898 	201.304 	-38.252 	33.824 	45.981 	-8.617 	
164.706 	-83.265 	-150.667 	36.801 	-18.123 	-33.979 	
41.015 	3.683 	10.454 	12.662 	-7.779 	21.226 	
127.638 	2.027 	8.223 	23.485 	0.644 	-0.547 	
106.570 	-109.610 	11.190 	43.373 	-63.936 	2.855 	
54.522 	-2.401 	11.913 	20.090 	-10.818 	-2.435 	
34.357 	-153.623 	29.668 	-0.413 	-79.713 	12.266 	
-379.166 	229.608 	464.314 	-90.728 	54.950 	110.053 	
1425.867 	245.041 	-150.445 	377.189 	65.035 	-39.993 	
81.083 	-30.224 	-5.425 	30.756 	-17.391 	-7.761 	
51.949 	-3.032 	12.690 	9.922 	-10.901 	-6.296 	
49.126 	-2.509 	11.432 	10.220 	-18.800 	3.071 	
88.550 	-66.889 	141.639 	20.853 	-14.918 	31.559 	
20.612 	-275.334 	8.420 	6.344 	-63.514 	1.604 	
290.730 	180.089 	66.094 	75.050 	48.266 	17.679 	
36.175 	120.731 	81.085 	7.874 	25.524 	16.446 	
86.598 	12.035 	15.697 	22.397 	7.930 	7.156 	
-74.525 	-82.393 	79.060 	-14.344 	-17.753 	16.853 	
47.692 	2.209 	14.993 	19.628 	17.696 	-2.174 	
20.748 	13.817 	-19.338 	-0.598 	1.115 	-0.294 	
54.790 	0.984 	7.415 	7.451 	-3.150 	8.280 	
132.777 	-195.304 	208.306 	30.252 	-45.991 	48.582 	
49.552 	0.675 	14.499 	-9.795 	-1.818 	8.827 	
-94.019 	-168.765 	-31.947 	-20.103 	-38.815 	-7.803 	
41.618 	-9.615 	17.505 	9.318 	-3.129 	3.376 	
-43.613 	145.594 	-111.464 	-14.776 	37.341 	-28.584 	
44.233 	-0.160 	8.271 	1.240 	2.294 	1.707 	
86.208 	-71.416 	-137.655 	19.323 	-16.270 	-29.813 	
31.312 	13.271 	56.712 	6.388 	2.332 	8.264 	
-298.346 	230.990 	-144.652 	-70.317 	54.885 	-33.184 	
332.174 	11.701 	83.883 	81.095 	2.367 	20.903 	
45.385 	-3.548 	9.972 	21.934 	25.169 	12.152 	
37.808 	-2.328 	11.925 	25.915 	-3.502 	-1.847 	
51.643 	103.854 	161.004 	10.117 	28.901 	44.616 	
51.268 	72.315 	57.191 	9.333 	16.659 	13.786 	
25.409 	3.952 	21.808 	19.423 	0.638 	6.121 	
34.599 	70.703 	-86.198 	5.118 	17.617 	-21.911 	
40.648 	-36.386 	19.025 	5.498 	-4.169 	4.444 	
1.800 	-25.351 	10.745 	6.223 	-6.562 	1.720 	
241.023 	-292.476 	0.604 	58.236 	-73.782 	0.195 	
63.119 	12.724 	-1.208 	10.540 	1.280 	6.143 	
46.391 	1.904 	16.252 	15.259 	-17.859 	15.621 	
1.034 	-330.112 	-112.652 	-0.223 	-77.996 	-25.797 	
-949.012 	988.200 	-1123.242 	-226.865 	235.045 	-267.271 	
1.010 	-51.677 	85.519 	-3.518 	-12.326 	20.755 	
48.509 	-2.609 	13.584 	-7.811 	6.736 	13.139 	
188.117 	113.780 	129.053 	45.365 	25.646 	29.610 	
98.700 	230.411 	-110.544 	22.267 	53.029 	-25.624 	
-119.741 	-0.141 	488.457 	-45.183 	0.111 	155.487 	
-55.555 	74.687 	-44.766 	-13.388 	15.413 	-9.753 	
211.677 	250.452 	-151.612 	48.546 	58.696 	-35.742 	
-264.862 	-12.735 	283.557 	-62.968 	-2.647 	66.297 	
88.781 	-4.167 	-68.337 	17.901 	-1.066 	-15.633 	
65.569 	-8.173 	13.370 	25.150 	-5.164 	6.197 	
73.738 	-10.283 	-1.802 	5.678 	-0.011 	5.608 	
11.709 	78.262 	-89.741 	-0.123 	19.061 	-22.388 	
588.415 	-59.853 	259.877 	139.899 	-15.060 	61.899 	
144.976 	-20.814 	20.477 	38.899 	-5.911 	4.755 	
245.326 	-32.596 	-425.115 	70.490 	-10.323 	-134.052 	
89.288 	-24.952 	-9.969 	15.336 	-3.318 	-0.326 	
49.386 	-4.464 	11.999 	30.896 	-13.488 	-10.468 	
122.238 	12.480 	-192.368 	27.027 	2.342 	-43.602 	
126.921 	151.444 	-74.024 	27.753 	34.152 	-15.930 	
-670.621 	-430.093 	68.719 	-167.535 	-106.047 	16.879 	
73.565 	-10.603 	4.166 	8.457 	-2.136 	7.895 	
34.914 	21.282 	2.821 	10.152 	-9.383 	2.416 	
58.280 	10.536 	15.217 	-6.535 	-2.822 	2.023 	
32.446 	-31.374 	4.720 	10.697 	4.673 	-0.164 	
196.120 	-11.654 	-8.351 	43.742 	-3.621 	-1.510 	
-20.849 	57.467 	19.887 	-12.766 	17.144 	5.025 	
-28.093 	127.258 	-193.342 	-8.215 	31.012 	-47.389 	
-35.471 	0.802 	-90.788 	-6.523 	0.633 	-17.568 	
94.554 	-116.640 	-113.809 	20.167 	-25.499 	-25.093 	
497.543 	560.162 	-411.582 	139.356 	162.404 	-119.696 	
29.447 	7.616 	7.015 	3.779 	1.414 	-2.120 	
22.107 	50.484 	326.301 	4.111 	11.677 	76.116 	
49.502 	-3.290 	11.812 	1.788 	20.180 	-17.126 	
75.515 	-12.174 	8.534 	23.867 	-5.304 	-0.467 	
300.186 	181.862 	18.183 	71.230 	41.787 	4.203 	
84.059 	-28.520 	1.823 	12.444 	-8.491 	5.513 	
31.793 	7.303 	17.583 	12.175 	-4.604 	-9.824 	
44.926 	-1.298 	11.615 	23.469 	-10.690 	-9.534 	
148.738 	386.396 	-359.183 	34.434 	91.822 	-84.435 	
3.242 	-128.483 	-24.943 	0.134 	-25.832 	-4.950 	
-0.909 	-106.009 	-77.807 	-4.276 	-27.008 	-18.908 	
17.295 	24.577 	-0.516 	-0.635 	5.714 	1.966 	
50.501 	-5.951 	12.282 	23.651 	-1.698 	0.708 	
33.972 	-5.986 	28.275 	5.520 	1.919 	-5.060 	
46.929 	-14.380 	13.747 	10.072 	9.786 	5.004 	
44.565 	4.824 	15.598 	-1.884 	8.002 	9.426 	
37.203 	-45.955 	-3.789 	4.288 	-10.491 	0.226 	
48.462 	-0.712 	13.925 	7.485 	-8.111 	77.053 	
420.043 	-128.648 	406.515 	99.263 	-29.938 	97.270 	
38.807 	4.125 	14.062 	-7.789 	0.626 	6.479 	
18.089 	45.690 	76.274 	-2.810 	13.281 	22.303 	
30.767 	-5.594 	22.298 	9.951 	3.975 	-2.535 	
50.407 	-11.683 	6.547 	14.287 	-0.834 	10.546 	
-72.036 	63.996 	103.653 	-22.714 	16.360 	26.966 	
-229.818 	-363.301 	-66.932 	-66.207 	-99.056 	-18.394 	
44.427 	5.770 	10.365 	-8.111 	11.797 	1.770 	
-41.481 	127.466 	53.184 	-77.085 	141.300 	46.912 	
54.109 	-6.299 	11.087 	-11.082 	-5.331 	3.830 	
419.666 	67.855 	-857.146 	99.831 	16.447 	-204.320 	
41.357 	-0.282 	13.585 	-16.781 	0.527 	-0.559 	
47.394 	63.540 	151.788 	8.182 	17.478 	41.233 	
179.519 	80.940 	-28.631 	41.140 	17.352 	-6.223 	
-612.253 	-457.678 	244.953 	-182.409 	-132.164 	70.483 	
-14.524 	80.091 	403.547 	-4.922 	19.497 	101.276 	
11.417 	-55.123 	24.809 	1.190 	-19.954 	8.665 	
80.836 	10.389 	20.908 	13.593 	4.588 	5.108 	
24.601 	-73.429 	-47.293 	0.484 	-21.345 	-13.516 	
-334.626 	-362.603 	56.019 	-86.122 	-90.979 	14.084 	
50.152 	6.413 	26.248 	11.517 	0.402 	10.075 	
54.581 	8.023 	14.667 	19.176 	8.112 	0.540 	
46.878 	-7.496 	11.608 	25.376 	-4.089 	10.457 	
238.278 	-11.399 	7.915 	101.855 	-4.175 	1.927 	
50.042 	-1.620 	13.026 	12.162 	0.353 	-3.276 	
40.886 	23.884 	-75.888 	4.674 	6.275 	-21.488 	
90.294 	12.275 	-170.395 	20.564 	1.985 	-37.803 	
49.648 	-4.245 	9.072 	26.128 	0.842 	-11.546 	
175.111 	18.800 	206.163 	41.646 	3.740 	46.982 	
46.005 	-3.973 	15.094 	25.098 	0.808 	-0.411 	
48.328 	1.816 	13.583 	24.032 	-9.232 	9.090 	
54.877 	-0.035 	-0.763 	37.950 	-12.017 	-32.807 	
46.814 	2.420 	12.802 	8.358 	-1.995 	0.661 	
48.514 	-2.526 	12.389 	5.307 	9.810 	16.435 	
-90.945 	-90.322 	817.096 	-21.629 	-21.032 	193.678 	
-27.434 	3.456 	16.736 	-5.875 	-1.796 	4.274 	
74.952 	-71.066 	-241.088 	16.363 	-16.147 	-55.120 	
43.543 	-213.467 	242.426 	10.407 	-48.740 	56.449 	
75.760 	-241.756 	-54.463 	17.120 	-73.557 	-16.917 	
43.167 	-17.724 	19.930 	5.024 	-8.423 	6.745 	
-1288.352 	-294.475 	383.871 	-346.580 	-78.857 	102.348 	
50.137 	-2.695 	10.454 	-9.268 	16.683 	2.692 	
191.213 	-264.349 	12.310 	43.359 	-64.566 	3.011 	
113.603 	-407.935 	-229.994 	25.652 	-100.215 	-56.698 	
45.980 	-255.143 	-93.742 	8.266 	-59.044 	-21.738 	
-96.179 	120.723 	30.758 	-22.964 	25.355 	6.592 	
31.090 	5.261 	1.103 	4.186 	4.028 	2.864 	
55.873 	0.279 	14.114 	22.119 	-6.930 	5.787 	
35.895 	4.026 	15.827 	11.465 	14.251 	1.437 	
51.802 	-5.075 	5.456 	2.498 	3.915 	-12.193 	
-7.125 	-65.878 	28.252 	29.360 	-44.282 	5.006 	
107.758 	-7.451 	-8.973 	21.606 	-0.201 	2.058 	
39.717 	3.192 	12.384 	17.289 	-1.929 	-0.958 	
58.570 	6.370 	15.124 	-1.147 	-6.265 	0.320 	
15.319 	-212.415 	-111.377 	-2.336 	-66.331 	-35.145 	
-283.089 	-105.862 	-283.121 	-72.657 	-25.755 	-69.138 	
47.228 	-2.400 	11.290 	5.517 	4.847 	-1.881 	
-38.832 	-372.996 	-56.673 	-12.117 	-91.054 	-13.868 	
-88.437 	-12.538 	22.610 	-15.812 	-6.223 	7.545 	
48.127 	-1.261 	13.391 	40.034 	5.473 	5.682 	
-323.660 	-593.435 	27.846 	-82.942 	-146.221 	6.570 	
-178.007 	-85.249 	-266.758 	-45.967 	-20.854 	-64.685 	
-73.073 	-98.713 	356.785 	-21.917 	-23.079 	84.214 	
-77.807 	198.391 	-181.107 	-22.312 	47.864 	-43.252 	
44.276 	3.136 	13.621 	1.021 	3.147 	7.323 	
-324.777 	425.061 	-280.052 	-78.902 	100.624 	-67.735 	
676.781 	9.495 	-184.564 	165.904 	2.206 	-45.025 	
-147.540 	-249.573 	-173.511 	-38.776 	-61.031 	-41.989 	
-99.971 	-143.107 	63.044 	-26.274 	-32.791 	14.211 	
-540.465 	-2338.022 	-4605.681 	-189.434 	-793.447 	-1562.568 	
-117.510 	-46.198 	171.300 	-31.216 	-10.782 	39.845 	
-12.094 	30.214 	7.244 	-2.005 	0.511 	2.839 	
57.200 	-0.361 	9.724 	-12.764 	-4.068 	2.247 	
-220.484 	693.276 	6.502 	-57.744 	171.304 	1.735 	
-86.755 	240.038 	-72.886 	-39.864 	89.615 	-30.595 	
43.982 	-4.303 	10.470 	19.130 	13.955 	4.377 	
-110.332 	34.862 	71.343 	-23.675 	5.596 	15.065 	
142.391 	-27.627 	278.279 	32.065 	-6.559 	67.362 	
48.050 	-2.917 	13.186 	2.398 	6.531 	13.233 	
-107.528 	-16.777 	51.525 	-23.761 	-0.609 	11.980 	
-136.219 	-363.102 	-104.537 	-35.710 	-88.963 	-25.313 	
-71.805 	-175.194 	-55.160 	-20.510 	-42.044 	-11.594 	
-94.162 	-17.956 	32.968 	-22.904 	-3.130 	3.925 	
-64.879 	-36.766 	46.869 	-17.148 	-2.775 	9.574 	
-260.864 	-140.992 	-8.071 	-65.964 	-33.959 	-1.535 	
56.030 	-154.919 	162.054 	10.375 	-36.530 	38.467 	
0.821 	7.625 	-28.364 	2.817 	0.587 	-1.067 	
-88.733 	-166.422 	-43.329 	-23.866 	-39.949 	-10.544 	
-69.722 	-34.389 	22.613 	-16.782 	-4.207 	6.023 	
46.625 	0.288 	18.085 	-13.393 	0.289 	20.326 	
-137.960 	-41.116 	-252.203 	-36.876 	-9.852 	-61.180 	
-194.294 	-319.830 	291.390 	-49.443 	-76.674 	68.854 	
-151.174 	68.479 	40.349 	-64.089 	41.483 	13.156 	
45.392 	-1.818 	14.333 	11.772 	5.859 	-17.404 	
-12.064 	-15.708 	21.189 	0.480 	3.059 	2.256 	
-547.722 	612.378 	-3920.863 	-133.099 	145.957 	-934.076 	
-41.094 	-0.557 	36.080 	-10.017 	0.142 	3.695 	
-230.805 	-189.691 	54.029 	-54.873 	-43.759 	12.257 	
-60.448 	206.937 	184.290 	-18.307 	49.759 	44.476 	
-2.044 	-72.037 	103.220 	-2.416 	-14.551 	21.916 	
20.100 	3.078 	15.138 	-4.735 	4.329 	6.480 	
-41.089 	-1.082 	370.295 	-12.865 	-0.013 	90.399 	
738.576 	241.336 	-180.288 	179.339 	59.147 	-44.469 	
41.813 	5.386 	13.359 	-1.137 	-4.247 	10.382 	
42.807 	3.965 	0.558 	19.571 	-4.794 	16.167 	
57.184 	-146.108 	134.857 	11.992 	-34.320 	31.888 	
60.409 	-6.471 	14.662 	12.503 	-6.823 	4.260 	
-341.809 	-24.075 	68.268 	-95.489 	-6.794 	18.083 	
-58.863 	43.323 	10.107 	-10.648 	6.389 	2.150 	
477.324 	-617.494 	3838.521 	111.109 	-146.837 	913.336 	
60.901 	-2.145 	14.269 	5.740 	1.549 	-8.466 	
-171.184 	33.445 	32.427 	-41.750 	7.698 	7.984 	
1727.444 	1521.033 	-497.772 	423.958 	375.291 	-122.918 	
121.128 	172.242 	-246.276 	24.610 	38.841 	-57.262 	
122.093 	280.737 	-21.243 	27.223 	67.918 	-5.385 	
-515.743 	-295.152 	-415.564 	-143.116 	-80.393 	-114.514 	
10.305 	0.260 	2.193 	9.973 	3.499 	-2.384 	
-201.028 	-55.456 	-117.261 	-51.075 	-12.919 	-27.272 	
-123.045 	52.380 	-3.822 	-30.804 	10.823 	0.368 	
-9.175 	6.045 	174.688 	-4.482 	0.514 	44.085 	
8.805 	-56.390 	-122.849 	1.256 	-13.664 	-29.268 	
-49.337 	47.922 	13.768 	-12.802 	6.521 	2.929 	
-44.594 	175.098 	-300.370 	-13.312 	42.809 	-73.420 	
-106.300 	-14.379 	51.230 	-26.680 	-3.645 	7.121 	
-89.187 	-9.010 	46.317 	-22.119 	-3.648 	6.945 	
14.584 	34.364 	-19.693 	3.570 	1.631 	0.175 	
-96.611 	45.315 	-8.772 	-23.824 	9.233 	-1.367 	
-110.651 	-24.468 	-227.344 	-37.746 	-7.380 	-67.297 	
-116.111 	62.938 	37.912 	-29.103 	12.435 	8.346 	
42.750 	0.145 	15.932 	23.417 	-6.563 	23.216 	
48.486 	-121.370 	-87.278 	8.720 	-26.020 	-17.442 	
-49.249 	11.217 	164.543 	-13.985 	2.782 	35.922 	
-40.339 	-136.190 	-0.142 	-9.490 	-28.928 	0.537 	
22.441 	-100.265 	7.145 	6.265 	-19.672 	-0.602 	
-142.446 	219.866 	-2.206 	-37.354 	52.609 	-0.299 	
11.552 	-54.186 	15.447 	5.145 	-6.038 	4.311 	
-20.691 	-28.442 	-175.857 	-5.136 	-5.120 	-31.348 	
-107.778 	-274.020 	-204.438 	-26.437 	-64.551 	-48.143 	
1813.402 	1151.341 	-542.989 	663.590 	440.937 	-189.950 	
-8.700 	-36.621 	-125.228 	-6.635 	-9.813 	-32.922 	
-161.145 	-41.972 	53.818 	-39.573 	-8.817 	12.007 	
-32.629 	85.101 	-2.502 	-11.258 	14.880 	-0.154 	
-160.143 	130.583 	410.494 	-182.432 	311.724 	868.754 	
-18.433 	16.647 	-10.879 	-2.234 	0.702 	-2.445 	
-4.632 	-18.432 	28.368 	2.825 	-1.324 	7.071 	
52.340 	-7.127 	12.847 	12.762 	-0.276 	-1.625 	
-42.432 	-302.812 	-82.092 	-12.430 	-73.656 	-19.913 	
-35.163 	-69.383 	15.222 	-7.681 	-12.057 	4.458 	
42.951 	-12.077 	4.073 	24.820 	0.714 	3.255 	
84.593 	-32.501 	28.181 	23.417 	-13.153 	7.845 	
-33.326 	46.459 	421.121 	-11.273 	11.564 	103.041 	
35.789 	-4.793 	14.084 	20.949 	-4.617 	-3.588 	
42.898 	4.539 	11.410 	17.470 	-12.961 	6.849 	
-103.274 	358.145 	24.238 	-28.731 	87.283 	5.732 	
-537.327 	-272.123 	-1385.544 	-136.183 	-67.436 	-342.017 	
17.029 	-44.160 	110.185 	-2.757 	-12.855 	32.458 	
182.264 	116.768 	179.473 	40.101 	28.202 	43.312 	
-12.608 	-78.471 	4.504 	-3.974 	-13.394 	1.742 	
51.413 	-2.720 	12.480 	2.818 	1.237 	8.197 	
30.153 	-166.360 	205.630 	5.004 	-40.008 	49.051 	
-93.646 	106.078 	-63.178 	-21.680 	22.914 	-13.719 	
-48.893 	-27.399 	-23.369 	-11.271 	-3.679 	-2.141 	
-18.914 	1.202 	180.612 	-6.336 	-0.428 	40.796 	
-102.278 	-147.524 	47.565 	-27.777 	-31.722 	11.301 	
35.078 	-25.289 	8.165 	13.715 	-2.435 	8.830 	
-2036.856 	-1586.107 	210.373 	-505.361 	-391.399 	51.641 	
-6993.247 	1556.030 	-4463.264 	-1668.730 	369.939 	-1063.524 	
-4.876 	66.865 	22.846 	-26.948 	44.573 	9.555 	
-215.221 	-35.831 	-254.361 	-55.773 	-8.735 	-61.592 	
-34.241 	10.632 	77.990 	-6.179 	1.342 	13.045 	
-1.194 	290.754 	-120.196 	-3.453 	70.528 	-29.275 	
0.904 	-31.331 	-18.936 	-2.207 	-0.643 	1.649 	
-1.006 	-7.039 	36.597 	5.661 	2.247 	4.124 	
59.637 	-4.675 	8.623 	22.486 	-1.709 	5.363 	
-130.144 	-177.989 	782.929 	-35.554 	-43.775 	193.214 	
17.126 	-14.268 	17.153 	13.215 	-4.630 	6.082 	
-33.688 	-5.240 	-33.170 	-4.330 	-0.856 	-2.767 	
-91.720 	219.235 	340.634 	-25.434 	53.653 	83.495 	
61.381 	-5.110 	17.995 	5.639 	11.079 	4.131 	
66.681 	-48.941 	-2.183 	9.370 	-9.913 	0.277 	
54.242 	-1.961 	10.170 	-1.289 	-3.664 	7.397 	
46.452 	3.302 	11.984 	10.030 	-11.793 	2.679 	
117.448 	10.782 	161.408 	26.860 	2.823 	42.986 	
-324.072 	98.932 	7.312 	-77.069 	23.053 	2.255 	
-117.839 	-431.514 	-69.549 	-32.322 	-105.107 	-17.113 	
43.033 	-6.376 	10.353 	8.884 	-2.743 	5.015 	
-8.019 	171.947 	-27.323 	-3.504 	38.033 	-5.922 	
42.978 	-2.856 	13.039 	9.153 	15.815 	-15.417 	
138.244 	-30.057 	34.742 	48.741 	-12.849 	12.706 	
-103.391 	27.008 	66.545 	-23.787 	6.766 	15.224 	
-244.837 	29.865 	35.823 	-62.322 	6.853 	8.866 	
-29.206 	22.570 	-33.124 	-114.520 	37.487 	-63.242 	
-129.388 	130.842 	-101.089 	-30.163 	29.523 	-23.679 	
-352.384 	19.673 	-921.096 	-87.730 	5.079 	-220.214 	
41.509 	-4.617 	13.785 	-16.177 	-0.162 	8.592 	
-32.768 	78.490 	-206.061 	-11.888 	17.678 	-46.084 	
185.541 	-20.071 	45.766 	46.348 	-5.153 	11.922 	
351.885 	350.749 	-479.591 	84.566 	86.678 	-118.248 	
55.642 	122.143 	-31.450 	11.223 	66.318 	-19.832 	
-30.984 	-51.213 	127.244 	-9.380 	-11.058 	27.431 	
-53.503 	-242.377 	-7.988 	-15.980 	-57.861 	-1.888 	
173.754 	-237.558 	82.889 	57.829 	-89.276 	27.726 	
53.827 	2.267 	5.323 	-3.176 	0.532 	9.328 	
-96.014 	-31.856 	28.829 	-22.620 	-3.046 	8.718 	
-128.800 	-158.737 	13.913 	-33.293 	-37.704 	3.302 	
653.742 	-21.457 	-89.979 	175.917 	-5.954 	-25.129 	
-63.548 	118.059 	-151.364 	-17.555 	27.951 	-35.768 	
-129.383 	52.213 	-300.652 	-34.870 	12.947 	-73.068 	
288.744 	11.937 	71.366 	65.530 	3.165 	15.779 	
290.009 	403.299 	-440.645 	68.064 	99.460 	-108.633 	
-443.772 	-337.747 	192.693 	-112.610 	-83.040 	47.483 	
18.274 	207.971 	-179.810 	1.226 	50.319 	-43.394 	
84.065 	22.433 	-11.529 	18.717 	3.897 	-3.538 	
52.581 	-7.209 	9.207 	10.609 	11.070 	9.917 	
-46.305 	248.570 	22.290 	-13.923 	59.714 	5.111 	
3.235 	-1.668 	23.531 	6.560 	0.900 	2.808 	
34.893 	6.551 	-49.324 	6.252 	0.763 	-4.087 	
-50.663 	-8.086 	44.494 	-11.581 	0.447 	7.504 	
52.563 	5.188 	13.362 	17.090 	7.049 	5.271 	
-102.860 	-28.781 	37.376 	-23.584 	-6.293 	9.505 	
-153.096 	251.077 	134.071 	-39.509 	58.981 	31.838 	
159.073 	-332.925 	-165.702 	36.639 	-81.385 	-40.863 	
63.432 	78.416 	-0.870 	11.764 	25.183 	-0.849 	
12.909 	116.720 	-0.879 	3.057 	25.197 	0.241 	
116.468 	-28.802 	63.393 	109.656 	-40.850 	84.366 	
-583.270 	446.082 	-487.793 	-147.296 	109.909 	-120.173 	
-185.963 	-216.008 	105.109 	-47.659 	-52.435 	25.402 	
115.655 	77.835 	-73.707 	37.649 	33.481 	-32.277 	
-15.924 	-151.684 	-366.741 	137.840 	-315.018 	-858.521 	
-292.322 	-54.961 	15.101 	-73.532 	-13.084 	3.668 	
-1.870 	-6.235 	14.577 	2.886 	0.917 	-3.709 	
-109.660 	-243.732 	23.595 	-29.180 	-58.278 	5.414 	
39.918 	0.769 	14.642 	13.030 	-1.368 	0.468 	
-21.651 	118.507 	250.397 	-7.855 	28.487 	60.423 	
-163.652 	35.826 	-9.544 	-39.904 	7.298 	-1.066 	
-160.603 	36.248 	-71.835 	-40.594 	8.548 	-16.923 	
20.588 	190.282 	114.120 	2.100 	44.661 	27.315 	
53.625 	-29.329 	63.810 	7.590 	-7.816 	16.242 	
-32.247 	5.609 	-7.694 	-6.641 	-0.747 	3.890 	
-29.778 	-40.086 	-280.484 	-8.769 	-9.731 	-72.555 	
-67.229 	11.834 	26.973 	-15.017 	0.785 	9.402 	
37.618 	6.357 	8.596 	13.849 	1.663 	4.812 	
754.010 	380.785 	362.980 	204.191 	104.310 	98.686 	
7.340 	89.616 	-16.410 	-1.237 	17.365 	-2.380 	
-131.207 	-40.922 	28.085 	-31.845 	-7.821 	5.694 	
-96.461 	-20.561 	27.166 	-23.335 	-1.441 	5.828 	
23.248 	-20.469 	-1.682 	12.350 	-2.531 	1.452 	
-34.870 	231.881 	-289.159 	-11.005 	56.692 	-70.495 	
-110.538 	-8.809 	41.610 	-26.063 	-3.193 	10.450 	
2.703 	-46.834 	32.718 	2.320 	-5.162 	2.503 	
672.027 	-1290.913 	-168.793 	156.064 	-306.949 	-39.552 	
-91.444 	-166.285 	116.848 	-23.688 	-37.591 	24.910 	
42.653 	2.376 	14.201 	2.179 	13.346 	4.148 	
-6.609 	-1.345 	43.513 	2.186 	-1.978 	3.313 	
-126.560 	28.896 	113.213 	-31.981 	6.086 	24.426 	
113.693 	-141.374 	-120.178 	29.334 	-41.603 	-35.016 	
-3.232 	-69.616 	-5.664 	-1.269 	-11.887 	2.146 	
46.006 	-1.463 	16.146 	-7.827 	15.693 	23.480 	
-22.958 	12.813 	-220.335 	-6.934 	3.535 	-52.722 	
-91.822 	-7.576 	-205.429 	-26.152 	-2.235 	-48.643 	
-1375.581 	138.884 	-873.461 	-331.756 	32.891 	-208.366 	
1.442 	94.232 	-22.417 	-1.254 	18.117 	-2.546 	
-158.576 	334.340 	41.286 	-40.946 	81.744 	10.092 	
48.485 	-0.713 	14.150 	-15.966 	-8.818 	-75.044 	
50.374 	-1.233 	13.028 	5.110 	-15.615 	5.852 	
-155.684 	-175.032 	-3.967 	-39.838 	-40.945 	-0.982 	
19.857 	-16.032 	148.653 	2.053 	-3.856 	32.681 	
427.810 	426.497 	-412.120 	100.311 	101.170 	-97.550 	
-74.556 	-109.710 	49.531 	-19.673 	-24.161 	11.001 	
15.926 	9.266 	194.889 	0.835 	1.581 	55.694 	
94.387 	47.622 	39.266 	17.109 	6.767 	7.590 	
401.596 	-45.330 	277.720 	114.134 	-13.754 	82.264 	
-84.719 	77.078 	268.907 	-23.417 	18.968 	65.239 	
24.897 	-18.779 	16.239 	-3.470 	-8.848 	5.038 	
36.741 	-4.963 	11.481 	12.719 	5.687 	4.696 	
6918.490 	-1650.269 	4324.931 	1643.676 	-393.614 	1028.861 	
-53.825 	-1.195 	2.359 	-11.521 	0.904 	4.318 	
106.954 	3.539 	18.018 	18.077 	-0.903 	3.948 	
48.806 	-0.058 	-2.114 	13.263 	4.596 	-4.387 	
-81.225 	312.230 	-184.767 	-23.480 	76.141 	-44.945 	
118.983 	-141.550 	-31.857 	91.724 	-141.377 	-42.366 	
49.820 	-4.551 	11.396 	6.588 	-6.355 	6.434 	
-75.841 	-19.071 	37.048 	-19.069 	-8.900 	10.406 	
-120.729 	32.281 	98.226 	-30.866 	7.478 	21.622 	
249.531 	-296.466 	-468.554 	59.093 	-72.886 	-115.596 	
100.916 	33.220 	-18.326 	35.969 	11.995 	-4.965 	
-56.427 	324.277 	-336.981 	-16.955 	79.814 	-82.797 	
-49.069 	-246.800 	133.757 	-15.082 	-59.682 	32.345 	
-75.177 	292.364 	-19.095 	-21.307 	70.745 	-4.714 	
-108.261 	129.489 	-139.987 	-29.186 	29.259 	-30.995 	
32.331 	-55.208 	-248.335 	6.428 	-13.393 	-61.680 	
1290.979 	-167.267 	794.605 	303.149 	-39.849 	188.645 	
-49.253 	260.575 	253.931 	-23.321 	85.530 	81.818 	
-122.812 	85.826 	-241.473 	-31.508 	20.878 	-58.325 	
-121.230 	9.043 	70.352 	-29.725 	2.980 	14.281 	
91.349 	-16.294 	-13.457 	17.668 	-1.114 	-4.237 	
246.634 	-177.264 	277.248 	59.888 	-44.792 	69.514 	
-748.776 	1292.336 	318.629 	-181.986 	307.943 	76.336 	
-18.706 	2.726 	75.491 	-4.901 	-2.488 	12.381 	
-206.512 	96.924 	-213.997 	-53.293 	23.581 	-52.110 	
347.491 	-164.142 	-275.914 	85.362 	-41.569 	-69.162 	
-216.025 	529.524 	-351.282 	-56.468 	130.713 	-86.679 	
-49.325 	-15.503 	57.678 	-9.985 	-2.861 	11.942 	
55.442 	-11.177 	11.677 	14.690 	-1.735 	4.426 	
-39.399 	256.180 	201.360 	-12.448 	62.117 	48.933 	
-70.765 	-0.926 	13.304 	-16.586 	-1.272 	0.733 	
-46.418 	117.196 	207.222 	-13.577 	29.000 	52.245 	
332.853 	-491.187 	60.541 	77.017 	-116.461 	13.152 	
47.793 	-26.479 	19.677 	6.637 	4.968 	6.363 	
484.970 	-128.602 	168.981 	116.963 	-31.531 	41.471 	
-571.726 	373.967 	128.848 	-144.184 	92.331 	31.821 	
-1944.961 	-1509.836 	427.833 	-703.047 	-526.850 	163.227 	
247.360 	5.964 	787.987 	54.965 	1.680 	186.248 	
-148.702 	44.147 	-5.691 	-37.092 	9.424 	-0.279 	
-236.492 	226.378 	-166.343 	-57.993 	53.153 	-40.376 	
-128.865 	92.477 	-263.881 	-34.849 	22.234 	-63.817 	
-55.347 	-15.069 	33.176 	-11.137 	-4.397 	7.448 	
30.837 	13.510 	15.793 	14.193 	-11.348 	0.987 	
-187.207 	-42.147 	6.021 	-46.508 	-9.470 	2.565 	
-89.852 	-172.427 	-51.145 	-23.692 	-40.159 	-10.455 	
-15.196 	9.213 	45.103 	-0.155 	6.791 	8.316 	
85.167 	-33.588 	85.677 	17.558 	-7.601 	21.681 	
134.389 	5.081 	1115.104 	29.605 	1.020 	274.887 	
-187.570 	-43.930 	33.780 	-46.975 	-11.449 	7.089 	
20.061 	13.596 	1.192 	13.599 	-0.242 	1.696 	
54.887 	15.448 	10.767 	6.263 	3.604 	0.225 	
402.721 	478.321 	-76.803 	99.453 	120.822 	-19.506 	
-29.361 	27.712 	22.746 	-3.409 	5.951 	4.964 	
-46.186 	-16.686 	58.665 	-10.617 	-7.089 	13.142 	
17.160 	-0.133 	16.805 	4.574 	3.237 	4.963 	
-87.711 	1.760 	-18.926 	-20.898 	0.480 	-1.283 	
-95.240 	-122.587 	388.228 	-26.437 	-28.808 	92.215 	
0.918 	142.194 	-358.278 	-2.897 	35.205 	-87.376 	
-12.272 	133.357 	123.829 	-10.709 	40.761 	37.812 	
-58.835 	59.723 	55.520 	-12.149 	10.029 	11.393 	
244.608 	-72.213 	-244.006 	54.183 	-16.607 	-58.331 	
-91.560 	187.991 	119.774 	-24.870 	44.666 	28.694 	
29.728 	-1.057 	67.892 	8.243 	-1.125 	10.898 	
80.643 	10.967 	22.818 	16.037 	0.815 	-1.366 	
98.236 	31.153 	20.928 	20.334 	7.773 	4.711 	
56.394 	-5.793 	15.320 	1.415 	-2.017 	-0.984 	
-116.858 	-199.844 	-17.561 	-31.413 	-48.934 	-5.395 	
