## Las primeras 500 lineas corresponden a la esfera 1 
##las siguienets 500 lineas a la esfera 2
## Las primeras tres columnas corresponden a la posición en 'x', 'y' y 'z', las siguientes tres a las velocidades
175.969 	-56.030 	7.125 	0.130 	0.003 	0.057 	
84.125 	-33.976 	14.865 	-0.161 	0.054 	-0.009 	
113.520 	-25.468 	25.518 	-0.127 	0.110 	0.096 	
-666.514 	801.815 	-102.432 	-0.339 	0.404 	-0.073 	
149.240 	-26.394 	-63.455 	-0.071 	-0.071 	-0.016 	
52.039 	-21.640 	11.758 	-0.013 	-0.082 	-0.070 	
78.058 	-39.611 	81.309 	-0.159 	-0.021 	-0.004 	
163.407 	-70.115 	-10.047 	0.093 	-0.081 	0.070 	
141.401 	18.192 	41.919 	0.054 	0.051 	0.051 	
49.509 	-25.384 	26.926 	-0.036 	-0.085 	-0.055 	
-117.126 	659.242 	-356.951 	-0.074 	0.386 	-0.207 	
100.388 	-27.358 	48.717 	-0.080 	0.101 	0.062 	
478.850 	-644.088 	450.231 	0.269 	-0.355 	0.254 	
64.012 	-78.547 	14.231 	-0.133 	0.063 	0.038 	
134.216 	52.270 	-0.227 	0.110 	0.058 	0.020 	
122.418 	-72.775 	28.196 	0.015 	0.057 	0.015 	
130.346 	45.330 	-24.225 	0.062 	0.045 	-0.045 	
109.181 	-34.644 	-172.184 	0.053 	-0.076 	0.032 	
138.030 	-3.985 	25.511 	-0.071 	0.060 	0.098 	
100.989 	31.192 	32.254 	0.100 	-0.100 	-0.062 	
121.993 	-28.672 	-68.470 	-0.046 	-0.131 	-0.064 	
147.597 	-30.509 	-13.295 	-0.144 	-0.180 	-0.106 	
103.046 	-82.171 	24.093 	-0.068 	-0.043 	0.025 	
116.535 	-75.124 	57.704 	-0.075 	0.000 	-0.001 	
95.113 	-30.787 	25.394 	-0.164 	-0.024 	-0.139 	
70.072 	-18.339 	39.168 	-0.219 	-0.014 	0.001 	
114.035 	-45.319 	3.850 	-0.153 	0.033 	0.065 	
61.265 	29.366 	-1.345 	-0.167 	-0.009 	0.031 	
113.030 	-4.809 	54.832 	0.056 	-0.034 	0.055 	
148.872 	-26.635 	49.978 	-0.126 	-0.035 	0.070 	
95.157 	-56.849 	14.107 	-0.045 	0.028 	0.026 	
78.831 	36.681 	41.681 	0.024 	-0.001 	0.067 	
81.665 	-35.533 	34.388 	-0.030 	-0.070 	0.013 	
117.724 	11.598 	22.291 	-0.192 	0.019 	0.092 	
79.340 	2.111 	-2.255 	-0.164 	-0.135 	0.082 	
75.506 	-3.848 	17.670 	0.039 	-0.119 	-0.019 	
119.258 	10.659 	-9.651 	0.098 	-0.101 	0.224 	
211.862 	2.923 	35.524 	-0.040 	-0.055 	0.042 	
140.931 	-20.857 	6.490 	-0.052 	0.005 	-0.080 	
101.003 	-18.892 	28.388 	-0.024 	-0.044 	-0.078 	
87.027 	43.787 	4.174 	-0.092 	0.072 	-0.043 	
89.260 	-38.673 	34.297 	-0.095 	0.048 	-0.057 	
22.970 	-11.224 	39.407 	-0.151 	0.051 	0.025 	
64.830 	-20.079 	12.415 	0.221 	-0.116 	-0.162 	
80.473 	58.462 	-83.720 	-0.075 	0.034 	0.000 	
123.144 	-12.428 	-0.628 	-0.017 	0.108 	0.084 	
208.435 	-42.525 	72.858 	-0.083 	0.031 	0.007 	
90.191 	1.788 	12.821 	-0.045 	-0.053 	0.014 	
123.649 	63.772 	67.828 	-0.145 	0.063 	0.018 	
86.845 	-41.662 	46.347 	-0.064 	0.133 	0.011 	
130.294 	8.693 	71.710 	0.091 	0.155 	0.164 	
145.041 	-62.640 	26.419 	0.039 	-0.050 	-0.040 	
117.554 	44.904 	21.095 	-0.102 	-0.053 	-0.043 	
133.065 	-11.731 	33.323 	-0.074 	0.002 	0.017 	
112.013 	-34.014 	26.021 	-0.023 	-0.061 	-0.002 	
82.119 	39.167 	-21.877 	-0.052 	-0.015 	-0.027 	
133.727 	5.607 	81.716 	-0.083 	0.104 	0.126 	
145.210 	63.975 	78.616 	-0.037 	0.049 	0.019 	
-51.266 	125.947 	8.805 	0.045 	-0.038 	0.029 	
88.877 	-29.912 	-46.976 	-0.076 	0.050 	0.111 	
93.018 	-11.652 	-4.441 	0.212 	0.123 	-0.027 	
58.320 	-38.160 	-4.535 	-0.093 	-0.042 	0.041 	
168.613 	-18.576 	17.441 	0.171 	0.056 	0.028 	
128.919 	-43.119 	31.896 	-0.187 	-0.152 	-0.027 	
-2.419 	-252.053 	19.186 	-0.010 	-0.050 	0.002 	
95.755 	2.768 	41.820 	-0.135 	-0.062 	-0.157 	
-285.515 	-572.218 	-459.059 	-0.182 	-0.295 	-0.242 	
-73.680 	150.519 	-80.074 	0.029 	-0.000 	-0.008 	
90.358 	-3.736 	31.887 	-0.232 	-0.007 	-0.085 	
130.915 	28.165 	-12.110 	0.022 	0.173 	0.069 	
93.274 	26.370 	26.006 	-0.074 	-0.003 	-0.013 	
53.853 	-4.724 	23.418 	-0.148 	0.074 	0.127 	
-25.650 	128.538 	15.354 	0.034 	-0.048 	0.045 	
108.769 	-53.962 	-4.242 	0.058 	-0.032 	0.072 	
136.959 	17.020 	26.814 	0.038 	-0.021 	0.070 	
240.318 	2.862 	67.371 	-0.037 	0.012 	0.126 	
158.142 	14.509 	28.870 	0.085 	-0.118 	0.006 	
282.875 	442.079 	768.015 	0.136 	0.201 	0.357 	
68.735 	-49.395 	63.667 	0.127 	-0.114 	0.055 	
108.740 	14.175 	-24.182 	-0.034 	-0.036 	0.022 	
135.006 	1.250 	64.235 	0.165 	-0.067 	0.058 	
143.830 	-29.907 	-5.714 	0.118 	0.062 	0.097 	
205.128 	-28.824 	16.192 	-0.072 	-0.114 	-0.044 	
-68.737 	-235.472 	306.351 	-0.015 	-0.057 	0.105 	
59.921 	-45.856 	25.476 	-0.172 	0.033 	-0.169 	
-79.319 	-44.608 	-101.874 	0.069 	0.013 	0.045 	
110.013 	-0.507 	76.877 	-0.101 	-0.038 	0.136 	
47.950 	-20.746 	9.115 	0.228 	-0.027 	-0.174 	
98.777 	-45.194 	32.383 	-0.129 	-0.011 	-0.012 	
134.205 	39.320 	-47.609 	-0.032 	-0.057 	-0.043 	
98.605 	-71.392 	40.808 	-0.120 	-0.096 	0.109 	
87.578 	45.415 	150.233 	0.077 	-0.065 	-0.034 	
102.533 	23.383 	-41.055 	0.004 	-0.058 	-0.021 	
125.601 	-112.452 	63.928 	0.089 	0.126 	0.035 	
42.653 	11.638 	11.467 	-0.039 	-0.020 	-0.033 	
-71.894 	133.957 	-40.390 	0.065 	0.003 	0.041 	
64.398 	-15.592 	19.480 	-0.246 	-0.085 	-0.061 	
1173.731 	-1237.654 	-20.236 	0.614 	-0.668 	0.004 	
1759.560 	-1633.617 	-3406.245 	0.871 	-0.795 	-1.651 	
85.859 	3.869 	17.590 	-0.029 	-0.190 	0.050 	
102.013 	24.976 	3.703 	-0.009 	0.073 	0.141 	
71.267 	-27.567 	-22.556 	0.179 	0.005 	-0.125 	
66.747 	29.282 	40.760 	-0.011 	-0.077 	0.017 	
120.975 	-68.417 	30.634 	0.060 	0.054 	0.062 	
1608.067 	-1150.943 	973.395 	0.755 	-0.524 	0.451 	
-1552.041 	2021.072 	3636.263 	-0.730 	0.971 	1.752 	
492.945 	-41.095 	49.420 	0.630 	-0.008 	0.049 	
80.580 	7.914 	19.720 	0.037 	0.023 	0.010 	
71.525 	43.853 	11.860 	-0.111 	-0.032 	-0.099 	
299.239 	-186.730 	112.261 	0.116 	0.002 	0.058 	
104.409 	16.245 	-34.722 	0.004 	-0.011 	-0.004 	
153.130 	-34.437 	56.252 	0.084 	-0.001 	0.030 	
-56.338 	-149.653 	42.334 	-0.479 	-0.132 	0.027 	
-122.380 	35.856 	42.357 	0.047 	-0.059 	0.046 	
124.488 	10.963 	42.471 	0.039 	-0.018 	0.036 	
138.203 	-20.963 	8.943 	-0.087 	0.052 	0.084 	
112.910 	-23.575 	-38.141 	0.054 	-0.071 	-0.022 	
12.283 	-293.592 	83.822 	0.070 	-0.079 	-0.007 	
128.070 	-17.314 	73.142 	-0.040 	0.187 	-0.064 	
121.616 	-10.206 	8.578 	0.193 	0.035 	0.032 	
138.414 	-14.404 	36.367 	0.049 	-0.086 	-0.247 	
150.780 	-5.786 	84.897 	-0.102 	0.115 	-0.040 	
65.932 	-23.235 	-7.603 	-0.057 	0.142 	0.025 	
51.591 	-3.686 	31.216 	0.006 	-0.169 	0.060 	
153.228 	50.511 	54.056 	0.189 	0.091 	0.044 	
-20.867 	-33.985 	-20.540 	-0.091 	0.016 	-0.022 	
136.894 	-42.458 	-29.873 	0.007 	0.007 	0.035 	
75.639 	-6.030 	52.745 	0.191 	0.097 	0.042 	
126.964 	3.509 	-32.267 	0.019 	0.089 	0.009 	
114.972 	71.630 	46.584 	-0.018 	0.003 	0.034 	
157.704 	-47.548 	56.676 	0.024 	0.020 	0.033 	
130.126 	-30.038 	51.712 	0.165 	0.025 	0.028 	
130.519 	-13.580 	44.638 	0.110 	-0.077 	-0.102 	
112.166 	-46.018 	67.610 	0.078 	0.046 	-0.055 	
98.229 	-24.410 	0.557 	0.020 	0.104 	-0.037 	
120.504 	-20.687 	86.021 	-0.131 	-0.062 	0.066 	
87.526 	-8.395 	62.221 	0.051 	-0.125 	-0.039 	
176.256 	53.181 	-68.387 	0.010 	0.024 	-0.020 	
-5014.665 	-1515.099 	-3029.628 	-5.694 	-1.675 	-3.368 	
-1268.408 	1060.081 	-645.360 	-0.557 	0.481 	-0.286 	
137.379 	21.628 	-57.302 	-0.091 	-0.022 	-0.024 	
-268.738 	-43.958 	204.181 	-0.311 	-0.062 	0.187 	
140.272 	4.789 	60.853 	0.072 	-0.026 	0.122 	
145.902 	-74.805 	11.764 	0.075 	-0.020 	0.077 	
129.492 	-3.702 	14.381 	-0.002 	-0.053 	0.034 	
129.232 	46.359 	-48.718 	-0.081 	-0.028 	0.028 	
142.401 	-72.047 	95.795 	0.057 	-0.087 	0.038 	
147.193 	21.114 	59.117 	0.129 	0.073 	0.053 	
28.118 	-5.054 	69.037 	-0.078 	0.000 	-0.107 	
127.860 	5.720 	7.221 	-0.127 	-0.069 	0.019 	
106.880 	-35.503 	48.138 	-0.074 	-0.142 	-0.016 	
189.180 	-57.043 	-13.369 	0.124 	-0.008 	0.061 	
89.031 	27.895 	51.796 	0.041 	-0.036 	0.049 	
127.773 	-48.682 	41.921 	-0.001 	0.021 	-0.099 	
140.751 	-65.356 	16.706 	0.048 	0.041 	-0.047 	
136.153 	-22.355 	-10.142 	0.161 	-0.066 	-0.078 	
52.001 	-12.115 	31.106 	-0.203 	-0.081 	-0.049 	
91.091 	-42.588 	31.077 	-0.069 	-0.006 	0.020 	
204.745 	47.535 	-132.718 	0.143 	0.121 	-0.164 	
71.316 	19.637 	1.535 	0.003 	-0.095 	0.120 	
177.151 	62.728 	-31.820 	-0.051 	0.062 	0.032 	
72.231 	88.079 	-82.420 	0.115 	-0.068 	0.014 	
101.238 	-53.751 	12.852 	-0.034 	0.051 	-0.053 	
107.411 	-15.850 	-29.100 	-0.108 	0.125 	0.011 	
129.885 	-72.509 	83.818 	0.103 	-0.085 	0.021 	
137.519 	1.506 	-40.057 	0.106 	0.016 	-0.054 	
141.286 	-17.297 	4.615 	-0.020 	0.170 	-0.052 	
134.787 	27.782 	24.902 	-0.133 	0.037 	-0.110 	
105.800 	54.222 	-30.968 	0.046 	0.096 	-0.040 	
132.813 	-51.207 	23.317 	0.041 	-0.030 	0.037 	
141.416 	-1.524 	-60.392 	0.122 	0.092 	-0.084 	
101.807 	10.334 	29.231 	-0.169 	0.087 	-0.036 	
153.549 	-10.274 	65.178 	0.114 	-0.011 	0.002 	
93.782 	58.160 	3.168 	0.050 	0.038 	-0.116 	
127.454 	-35.528 	25.646 	-0.086 	0.036 	-0.046 	
-77.182 	-125.554 	-77.833 	0.020 	0.019 	0.056 	
77.734 	-35.911 	7.878 	-0.108 	0.101 	-0.017 	
114.197 	-52.609 	58.915 	-0.109 	0.103 	0.067 	
160.699 	49.572 	-144.528 	0.054 	0.007 	-0.106 	
74.358 	-91.423 	-17.212 	-0.135 	-0.092 	-0.053 	
196.772 	-8.592 	77.365 	-0.020 	-0.053 	-0.102 	
151.638 	-18.255 	26.331 	0.089 	-0.041 	-0.116 	
99.508 	0.440 	20.743 	-0.045 	0.160 	-0.050 	
91.859 	30.206 	-8.320 	0.108 	0.139 	-0.028 	
131.569 	-22.981 	6.518 	0.035 	-0.133 	0.260 	
137.099 	9.883 	48.975 	-0.036 	-0.044 	0.002 	
-60.823 	34.191 	211.555 	0.049 	0.052 	0.038 	
154.127 	-17.784 	10.434 	0.005 	0.008 	0.073 	
129.084 	-90.162 	13.920 	0.016 	-0.067 	0.033 	
137.580 	18.955 	77.995 	0.179 	0.087 	0.085 	
119.766 	-20.423 	98.327 	-0.051 	0.013 	-0.084 	
98.323 	-19.391 	2.984 	-0.152 	0.126 	0.104 	
46.521 	-42.213 	28.728 	-0.133 	-0.038 	-0.002 	
96.964 	-67.265 	35.837 	0.158 	-0.138 	0.025 	
134.131 	-13.404 	10.911 	0.223 	0.001 	-0.020 	
116.943 	-30.786 	32.455 	-0.090 	-0.036 	-0.132 	
902.568 	56.762 	175.480 	0.891 	0.117 	0.178 	
75.586 	-48.620 	-20.071 	-0.039 	0.006 	0.120 	
118.219 	-89.921 	-45.830 	-0.082 	-0.011 	-0.005 	
107.244 	-32.156 	-15.809 	-0.202 	0.009 	-0.051 	
128.093 	37.780 	21.404 	-0.060 	0.031 	0.096 	
154.033 	-76.091 	-0.476 	-0.079 	0.013 	-0.027 	
129.060 	-27.349 	-13.116 	-0.166 	0.005 	-0.054 	
140.293 	-2.878 	43.761 	-0.023 	-0.008 	-0.047 	
128.154 	-79.342 	178.309 	0.037 	-0.089 	0.189 	
145.302 	50.950 	33.599 	0.098 	0.070 	0.113 	
62.631 	-20.658 	-17.282 	-0.106 	-0.140 	0.008 	
123.720 	3.046 	-5.467 	-0.026 	-0.052 	0.057 	
61.812 	-48.217 	24.530 	-0.203 	-0.053 	0.058 	
165.105 	-72.364 	-9.981 	-0.040 	0.008 	-0.023 	
134.779 	-67.969 	-4.267 	-0.075 	-0.102 	0.088 	
346.425 	-123.366 	113.185 	0.116 	-0.053 	0.012 	
148.989 	23.486 	12.528 	-0.001 	0.052 	0.001 	
127.283 	-36.638 	53.004 	-0.171 	0.038 	-0.086 	
162.435 	-97.920 	26.577 	0.016 	-0.066 	0.088 	
158.665 	-47.400 	-34.220 	0.191 	-0.054 	-0.070 	
138.263 	-31.411 	-155.781 	0.056 	-0.053 	0.038 	
66.093 	-53.758 	6.255 	0.268 	-0.006 	-0.015 	
49.091 	-45.176 	-41.125 	0.120 	-0.086 	0.167 	
118.516 	-46.846 	21.849 	-0.005 	-0.016 	-0.097 	
113.448 	49.941 	45.917 	0.034 	0.136 	0.040 	
54.577 	14.955 	6.358 	-0.154 	-0.106 	-0.136 	
161.418 	5.449 	83.198 	0.176 	0.022 	0.032 	
156.671 	-21.903 	33.456 	0.119 	0.041 	0.076 	
105.578 	-20.207 	72.364 	0.108 	-0.005 	-0.028 	
54.216 	-2.362 	24.684 	0.169 	-0.273 	-0.022 	
138.292 	-68.085 	28.471 	-0.069 	-0.006 	-0.033 	
87.518 	-28.503 	8.854 	-0.030 	0.047 	-0.136 	
114.941 	-17.935 	28.765 	0.012 	0.139 	-0.086 	
160.333 	34.633 	14.573 	0.088 	0.112 	0.065 	
121.305 	34.201 	-19.389 	0.120 	0.091 	0.068 	
135.569 	-5.754 	-6.386 	0.040 	0.117 	0.032 	
150.040 	15.556 	-24.725 	0.064 	0.001 	-0.036 	
152.978 	-95.915 	28.558 	0.079 	-0.050 	-0.022 	
80.109 	-110.674 	46.665 	0.062 	-0.121 	0.032 	
149.901 	-15.017 	8.785 	0.096 	-0.046 	0.123 	
91.037 	-33.462 	25.054 	-0.217 	0.000 	0.040 	
90.973 	4.752 	58.022 	-0.200 	0.061 	0.088 	
146.749 	-28.215 	-15.584 	-0.219 	-0.012 	-0.034 	
227.606 	130.647 	-10.931 	0.037 	-0.033 	0.058 	
150.363 	-140.790 	44.392 	0.069 	-0.081 	-0.023 	
146.849 	-24.451 	-12.685 	-0.092 	0.045 	0.056 	
62.627 	-46.927 	109.255 	-0.132 	-0.087 	0.045 	
15.702 	201.762 	75.967 	0.076 	0.018 	0.029 	
97.622 	-41.054 	25.908 	-0.094 	-0.087 	-0.087 	
76.460 	-22.120 	-8.693 	-0.089 	-0.058 	0.058 	
125.176 	-15.170 	50.101 	-0.026 	-0.050 	0.053 	
93.948 	-3.873 	44.409 	-0.113 	-0.180 	0.064 	
164.030 	26.398 	127.237 	-0.067 	0.060 	0.013 	
258.914 	-13.049 	72.569 	-0.019 	-0.007 	0.033 	
644.924 	381.756 	148.150 	0.338 	0.220 	0.074 	
155.957 	-116.046 	61.068 	0.074 	-0.085 	0.020 	
127.973 	-35.756 	39.145 	0.083 	0.069 	0.088 	
46.762 	-59.627 	251.641 	0.088 	0.006 	0.047 	
112.356 	-33.613 	-68.060 	-0.055 	-0.104 	-0.025 	
30.760 	-59.532 	19.284 	0.105 	0.157 	-0.147 	
82.372 	-75.495 	76.613 	-0.099 	-0.035 	0.113 	
202.077 	1.732 	32.406 	-0.003 	-0.046 	0.175 	
691.706 	370.682 	-444.477 	0.350 	0.213 	-0.214 	
135.591 	8.350 	53.506 	0.013 	0.023 	-0.056 	
136.544 	-22.407 	22.604 	-0.043 	0.022 	0.061 	
64.989 	27.336 	3.816 	-0.085 	-0.108 	-0.088 	
130.320 	10.563 	-10.318 	0.139 	0.161 	0.002 	
99.065 	-23.913 	38.049 	-0.037 	-0.075 	0.031 	
119.796 	-0.340 	44.082 	-0.131 	-0.025 	0.207 	
124.422 	-100.780 	26.702 	-0.115 	-0.065 	-0.076 	
32.542 	-110.656 	-49.669 	0.102 	0.097 	-0.029 	
-781.651 	-125.048 	-38.387 	-0.720 	-0.066 	-0.025 	
236.952 	39.932 	104.352 	0.041 	0.027 	-0.074 	
121.233 	5.442 	30.039 	0.061 	0.058 	0.247 	
43.360 	-36.607 	-6.771 	-0.089 	-0.180 	-0.089 	
83.648 	-5.727 	56.430 	-0.094 	-0.077 	0.014 	
114.214 	-45.469 	-9.231 	0.080 	-0.113 	0.037 	
50.498 	-31.217 	-2.232 	-0.034 	0.087 	0.118 	
86.967 	-41.480 	81.276 	-0.142 	-0.068 	-0.045 	
125.271 	-30.053 	21.980 	-0.070 	0.054 	0.025 	
49.071 	-23.731 	16.197 	-0.246 	-0.093 	0.060 	
451.272 	-67.612 	41.756 	0.427 	-0.084 	0.007 	
23.454 	64.841 	13.348 	0.123 	-0.093 	0.084 	
66.962 	8.491 	0.941 	-0.094 	-0.069 	0.101 	
50.928 	-59.931 	-18.819 	-0.033 	0.087 	0.035 	
123.927 	-96.218 	74.887 	0.071 	-0.012 	0.021 	
-393.017 	-189.530 	-864.620 	-0.192 	-0.103 	-0.426 	
121.175 	18.391 	78.817 	-0.100 	-0.007 	-0.035 	
178.846 	-36.118 	-200.088 	0.058 	-0.026 	0.001 	
69.417 	-51.114 	-7.901 	-0.067 	-0.012 	0.069 	
86.493 	-72.562 	106.428 	0.050 	-0.071 	0.008 	
43.382 	-23.161 	11.873 	-0.054 	-0.229 	0.096 	
120.017 	8.358 	45.513 	-0.017 	0.054 	0.001 	
85.467 	60.902 	-191.166 	0.021 	-0.026 	-0.001 	
99.275 	-33.213 	-56.328 	-0.126 	0.005 	0.020 	
111.299 	-40.942 	-4.217 	-0.149 	0.036 	0.036 	
148.152 	-1.536 	53.488 	0.077 	0.096 	0.051 	
126.792 	-14.801 	25.054 	0.082 	-0.083 	-0.074 	
76.031 	-30.937 	17.271 	-0.042 	-0.013 	-0.173 	
139.210 	-25.072 	-13.249 	0.017 	-0.056 	-0.055 	
316.914 	-68.446 	33.768 	0.073 	-0.103 	0.001 	
120.526 	-19.394 	27.028 	0.253 	-0.048 	0.106 	
69.561 	-9.145 	14.772 	-0.110 	0.007 	-0.051 	
112.382 	-13.113 	37.563 	-0.175 	0.069 	0.058 	
129.300 	8.372 	31.378 	0.088 	-0.058 	0.044 	
90.445 	9.690 	63.959 	-0.115 	-0.101 	-0.018 	
122.206 	-19.675 	1.335 	-0.199 	-0.039 	0.077 	
119.089 	-45.252 	-15.013 	-0.149 	0.003 	0.103 	
139.807 	-2.330 	42.494 	0.070 	-0.017 	-0.074 	
155.780 	-29.225 	-5.057 	0.119 	0.022 	-0.130 	
84.434 	52.652 	26.757 	0.094 	0.114 	0.004 	
81.492 	43.399 	19.634 	-0.078 	0.026 	-0.138 	
49.764 	4.283 	-5.828 	-0.066 	0.022 	0.128 	
71.447 	-47.310 	-41.501 	-0.098 	0.071 	0.035 	
113.151 	-2.749 	37.784 	-0.049 	-0.063 	0.051 	
118.992 	14.422 	37.621 	-0.156 	0.004 	-0.023 	
36.546 	-10.062 	1.910 	0.175 	-0.112 	-0.201 	
118.591 	9.748 	34.447 	0.130 	-0.088 	-0.220 	
-260.753 	-549.331 	481.485 	-0.186 	-0.293 	0.304 	
-100.531 	126.730 	-25.798 	0.041 	-0.003 	0.035 	
143.821 	-5.241 	39.962 	-0.029 	0.129 	0.192 	
-129.134 	86.636 	215.670 	0.012 	-0.005 	0.047 	
38.540 	-19.132 	16.222 	-0.162 	-0.017 	0.059 	
59.007 	-30.289 	9.732 	-0.178 	-0.083 	-0.002 	
139.524 	30.311 	70.098 	-0.086 	0.010 	0.149 	
109.087 	1.696 	76.443 	-0.208 	-0.035 	0.024 	
135.513 	-92.822 	66.963 	-0.041 	-0.043 	0.072 	
120.662 	-45.049 	-8.546 	0.034 	-0.021 	-0.008 	
130.814 	7.959 	3.780 	-0.195 	-0.068 	0.025 	
142.838 	16.094 	-5.946 	0.138 	-0.046 	-0.049 	
150.967 	-30.959 	-18.993 	-0.029 	0.056 	-0.127 	
105.111 	-39.568 	-44.802 	-0.011 	-0.034 	-0.092 	
123.765 	-24.358 	22.026 	0.112 	-0.039 	0.092 	
-317.739 	1341.312 	128.731 	-0.193 	0.722 	0.084 	
58.779 	-51.374 	117.349 	0.096 	-0.079 	-0.105 	
74.435 	-17.453 	4.138 	-0.088 	0.076 	-0.165 	
127.576 	-8.931 	-26.165 	0.031 	-0.072 	-0.042 	
22.039 	-235.415 	-121.333 	0.065 	-0.046 	-0.014 	
84.345 	15.921 	-10.510 	0.035 	-0.106 	0.093 	
108.890 	-38.237 	13.194 	0.259 	0.020 	0.020 	
51.742 	-25.198 	-8.844 	-0.024 	-0.112 	0.034 	
52.971 	-43.472 	-0.312 	-0.034 	-0.114 	0.015 	
110.746 	9.519 	34.601 	0.033 	0.122 	-0.172 	
36.855 	-9.809 	25.930 	-0.120 	0.017 	-0.007 	
125.843 	12.528 	-73.803 	0.105 	0.073 	-0.046 	
130.802 	73.758 	20.400 	-0.131 	0.052 	-0.017 	
169.693 	-5.734 	43.713 	0.084 	0.068 	-0.034 	
157.390 	-37.474 	-27.282 	0.041 	0.061 	-0.018 	
150.481 	31.480 	15.565 	0.121 	0.047 	-0.014 	
221.177 	-5.473 	74.954 	-0.033 	-0.008 	0.005 	
100.621 	-20.175 	17.266 	0.094 	-0.163 	-0.181 	
145.538 	2.743 	26.302 	0.077 	0.048 	0.082 	
142.260 	-26.521 	12.295 	-0.162 	-0.016 	0.085 	
128.437 	32.479 	26.490 	0.122 	0.169 	-0.097 	
79.651 	-34.368 	1.948 	-0.074 	-0.157 	0.061 	
-16.439 	-31.834 	12.593 	0.040 	-0.026 	-0.023 	
95.773 	-15.626 	24.572 	-0.145 	0.108 	-0.044 	
165.613 	-97.454 	-7.172 	0.092 	-0.083 	-0.067 	
-96.726 	-117.696 	53.490 	0.061 	0.005 	0.053 	
151.938 	8.238 	-21.340 	-0.099 	-0.081 	0.003 	
56.415 	-16.629 	2.023 	-0.248 	0.005 	-0.017 	
105.796 	7.591 	48.050 	0.231 	0.008 	-0.009 	
131.718 	-38.369 	-4.929 	0.034 	-0.248 	0.022 	
141.839 	4.287 	59.488 	-0.005 	-0.057 	0.161 	
122.921 	-30.021 	63.615 	-0.128 	0.017 	-0.002 	
80.181 	17.884 	20.211 	-0.041 	0.126 	0.021 	
99.851 	-17.518 	-0.536 	-0.183 	0.151 	0.016 	
123.051 	-38.561 	-28.680 	0.036 	-0.132 	-0.002 	
155.353 	82.216 	39.572 	0.089 	0.086 	-0.015 	
137.117 	-39.457 	12.059 	-0.103 	0.108 	0.036 	
170.226 	-116.912 	-295.491 	0.072 	-0.055 	-0.074 	
127.522 	52.853 	31.132 	0.076 	0.015 	-0.076 	
114.791 	-79.828 	3.028 	-0.051 	-0.111 	-0.138 	
80.564 	35.955 	-43.567 	-0.026 	-0.024 	-0.099 	
107.461 	32.205 	-48.985 	-0.016 	-0.001 	-0.075 	
181.312 	-180.595 	102.889 	0.094 	0.007 	0.003 	
85.370 	5.952 	57.762 	-0.273 	-0.028 	0.229 	
246.160 	-296.067 	-53.137 	0.106 	-0.135 	-0.013 	
-77.029 	-9.291 	11.063 	-0.135 	0.014 	-0.054 	
138.839 	18.982 	28.602 	0.055 	-0.003 	-0.070 	
94.977 	-51.442 	20.697 	-0.064 	0.125 	-0.047 	
-29.635 	-58.311 	5.922 	-0.110 	0.008 	-0.033 	
103.377 	3.262 	11.748 	-0.118 	-0.028 	-0.056 	
92.590 	-9.005 	29.374 	-0.000 	0.145 	0.120 	
128.464 	38.201 	-25.718 	-0.090 	-0.048 	0.088 	
108.215 	16.116 	-27.982 	0.006 	0.201 	-0.046 	
121.333 	-45.389 	6.657 	-0.124 	0.063 	0.101 	
206.213 	64.440 	59.504 	-0.074 	0.063 	0.031 	
100.797 	-8.219 	12.412 	0.009 	0.014 	0.058 	
54.779 	-272.840 	52.707 	0.080 	-0.045 	0.020 	
142.890 	4.124 	64.535 	0.144 	0.034 	0.015 	
93.609 	11.550 	51.813 	-0.189 	-0.077 	0.053 	
98.545 	-48.363 	176.107 	0.099 	0.042 	-0.020 	
143.599 	-82.413 	35.455 	-0.030 	0.052 	0.058 	
57.161 	-14.009 	10.449 	-0.106 	-0.036 	-0.097 	
62.964 	-39.709 	27.163 	-0.060 	0.120 	-0.154 	
120.942 	9.507 	-32.674 	-0.081 	0.021 	-0.183 	
117.976 	-24.407 	33.103 	-0.050 	0.059 	-0.005 	
118.491 	-20.231 	29.488 	-0.258 	0.135 	0.133 	
147.021 	-47.789 	-49.503 	-0.081 	0.066 	-0.019 	
242.085 	8.209 	17.771 	0.120 	0.166 	-0.018 	
118.863 	-26.312 	12.757 	-0.080 	0.048 	0.047 	
247.471 	-37.216 	118.088 	0.000 	-0.043 	0.103 	
148.068 	1.389 	-14.296 	-0.025 	-0.009 	-0.032 	
73.363 	-1.174 	3.957 	-0.040 	-0.015 	-0.094 	
26.909 	-50.594 	26.394 	-0.123 	-0.118 	0.071 	
127.387 	194.722 	335.150 	0.054 	0.070 	0.102 	
-20.294 	6.704 	-18.082 	0.065 	0.010 	0.017 	
125.991 	-1.600 	45.284 	0.007 	0.137 	0.041 	
124.673 	16.374 	20.722 	-0.121 	-0.122 	0.126 	
581.090 	-646.584 	-13.994 	0.266 	-0.310 	0.004 	
94.228 	-64.249 	60.335 	-0.019 	-0.023 	-0.092 	
119.347 	-49.567 	71.963 	-0.036 	-0.104 	0.168 	
51.656 	-45.310 	16.660 	0.082 	-0.197 	-0.019 	
77.587 	-7.561 	23.935 	-0.230 	-0.087 	0.040 	
113.967 	-88.965 	44.907 	0.082 	0.018 	0.014 	
117.918 	-81.199 	-26.316 	-0.032 	-0.116 	0.067 	
37.374 	-30.749 	22.993 	-0.157 	0.089 	0.130 	
78.558 	-5.004 	19.359 	-0.163 	-0.174 	0.043 	
105.579 	23.215 	88.685 	-0.040 	0.010 	0.078 	
33.517 	-26.933 	14.592 	-0.142 	0.119 	0.052 	
204.809 	-603.950 	27.199 	0.123 	-0.301 	-0.015 	
-41.618 	44.924 	-71.115 	0.077 	-0.075 	-0.001 	
162.542 	-69.549 	30.057 	-0.105 	0.035 	0.035 	
105.192 	-38.753 	33.776 	0.110 	-0.186 	0.181 	
252.420 	-85.329 	53.982 	0.049 	0.063 	-0.039 	
78.379 	-30.668 	-16.091 	0.170 	-0.184 	-0.067 	
96.180 	-3.050 	0.645 	-0.074 	-0.012 	-0.055 	
111.604 	-41.602 	-61.906 	-0.019 	0.054 	-0.100 	
123.243 	-154.014 	46.068 	0.108 	0.065 	-0.052 	
79.515 	-39.496 	5.149 	-0.022 	-0.022 	-0.075 	
122.390 	49.311 	0.250 	0.035 	0.037 	0.014 	
-125.340 	-102.865 	11.308 	0.034 	0.010 	0.072 	
-85.414 	5.099 	146.443 	0.054 	-0.047 	-0.009 	
-27.205 	-17.818 	42.940 	-0.026 	0.029 	0.026 	
56.358 	1.338 	-0.939 	-0.018 	-0.123 	0.104 	
171.401 	2.009 	80.689 	0.204 	-0.050 	0.138 	
109.064 	-33.979 	21.767 	0.013 	-0.035 	0.120 	
95.946 	-20.680 	6.805 	-0.204 	-0.078 	-0.083 	
141.784 	-15.761 	10.872 	0.071 	0.183 	-0.044 	
127.513 	-43.706 	-11.796 	-0.142 	-0.035 	0.131 	
126.563 	-2.785 	18.291 	-0.136 	0.070 	0.031 	
74.412 	0.252 	10.874 	-0.118 	0.033 	-0.030 	
86.867 	-27.323 	21.544 	-0.172 	-0.068 	-0.098 	
95.291 	-15.740 	33.171 	0.104 	-0.124 	0.231 	
126.880 	-4.790 	-15.801 	0.037 	-0.088 	-0.036 	
464.198 	1019.521 	-3597.378 	0.265 	0.621 	-2.368 	
128.292 	24.285 	36.262 	0.088 	0.057 	-0.105 	
143.955 	-15.061 	8.636 	-0.021 	0.113 	-0.036 	
-150.633 	-89.305 	-87.654 	-0.003 	-0.044 	0.027 	
97.980 	-30.180 	-27.324 	-0.025 	-0.042 	0.116 	
-15.401 	-39.046 	14.242 	0.077 	0.026 	-0.067 	
116.888 	-39.112 	32.854 	-0.159 	0.012 	0.033 	
166.138 	9.362 	91.593 	0.155 	0.060 	0.043 	
134.909 	-15.700 	43.588 	-0.042 	0.074 	-0.088 	
85.129 	-103.831 	65.051 	-0.129 	0.003 	-0.028 	
135.453 	-62.859 	-8.620 	0.011 	0.053 	-0.037 	
37.226 	-21.986 	29.398 	-0.221 	-0.111 	-0.018 	
107.129 	-36.278 	11.131 	0.035 	-0.143 	-0.112 	
102.631 	29.872 	9.290 	-0.117 	-0.059 	-0.028 	
124.840 	-67.669 	59.870 	-0.125 	-0.008 	-0.072 	
115.691 	-26.490 	-8.954 	-0.023 	0.011 	0.004 	
92.817 	-25.401 	9.615 	-0.150 	0.076 	0.021 	
121.333 	-3.573 	63.666 	0.126 	-0.043 	0.136 	
158.426 	-17.565 	81.464 	0.057 	0.044 	-0.172 	
99.981 	-17.035 	-20.102 	-0.090 	0.007 	0.123 	
116.387 	-29.341 	-11.983 	-0.198 	0.007 	-0.017 	
151.580 	-31.811 	-17.273 	0.026 	-0.020 	0.029 	
-32.943 	-40.577 	-105.070 	0.096 	-0.050 	0.045 	
130.645 	-119.928 	21.625 	-0.092 	-0.075 	0.039 	
62.781 	-39.312 	41.316 	0.148 	-0.075 	0.214 	
345.068 	-78.289 	-130.299 	0.126 	-0.078 	-0.076 	
41.680 	-21.091 	35.495 	-0.010 	0.022 	-0.008 	
129.007 	-67.622 	41.866 	-0.168 	-0.139 	0.046 	
117.723 	15.161 	4.099 	0.039 	-0.113 	-0.101 	
40.447 	-32.226 	7.112 	-0.226 	0.035 	-0.036 	
132.803 	-11.446 	105.478 	-0.057 	0.064 	0.061 	
74.227 	-13.100 	70.980 	0.088 	0.185 	0.026 	
176.500 	-0.586 	3.038 	-0.101 	-0.032 	0.054 	
-213.706 	21.678 	72.560 	-0.043 	-0.034 	0.031 	
133.156 	-33.648 	0.303 	0.056 	0.075 	-0.137 	
99.975 	-19.568 	9.326 	-0.124 	0.118 	-0.066 	
233.263 	-71.917 	-10.038 	-0.058 	-0.003 	-0.022 	
118.142 	-20.871 	79.889 	-0.130 	0.002 	-0.019 	
120.687 	-15.583 	49.180 	0.022 	0.100 	-0.011 	
82.634 	12.721 	-21.111 	-0.024 	-0.044 	0.028 	
158.738 	-125.570 	111.125 	-0.032 	-0.041 	0.040 	
78.836 	-76.882 	-8.181 	0.012 	0.057 	-0.066 	
91.504 	-207.006 	52.365 	0.090 	0.009 	-0.029 	
23.147 	-18.481 	3.029 	-0.121 	0.103 	-0.030 	
135.676 	-71.692 	-31.197 	-0.047 	-0.101 	-0.115 	
1032.072 	350.507 	415.055 	0.573 	0.234 	0.256 	
105.993 	-14.003 	-33.082 	-0.132 	0.068 	-0.102 	
79.166 	-11.781 	-9.805 	0.021 	0.117 	-0.052 	
50.721 	-7.570 	-22.095 	-0.034 	-0.069 	-0.090 	
60.652 	-1.430 	2.447 	-0.185 	0.069 	0.012 	
265.237 	-4.703 	46.921 	0.003 	0.083 	0.074 	
40.937 	-41.432 	11.237 	-0.084 	0.040 	-0.154 	
124.410 	-6.475 	-33.854 	0.150 	0.020 	0.029 	
152.425 	-71.282 	-8.624 	-0.092 	-0.011 	-0.036 	
96.297 	15.908 	63.778 	-0.060 	0.000 	-0.038 	
79.199 	-88.546 	60.258 	0.003 	-0.003 	0.051 	
123.785 	-9.045 	11.863 	0.196 	-0.040 	0.070 	
128.948 	-35.357 	-51.775 	-0.041 	-0.042 	0.058 	
-4.600 	-47.454 	44.481 	-0.003 	-0.035 	-0.095 	
109.791 	-247.187 	381.074 	-0.039 	-0.095 	0.193 	
29.224 	-22.701 	-24.333 	-0.010 	0.056 	0.054 	
22.855 	-27.765 	-42.668 	0.113 	-0.122 	-0.104 	
-35.569 	35.003 	51.902 	0.049 	-0.002 	-0.034 	
56.837 	-44.388 	24.815 	0.087 	0.080 	0.012 	
-16.378 	39.645 	48.656 	-0.103 	0.025 	0.020 	
-11.329 	-21.688 	-12.088 	-0.068 	-0.058 	-0.240 	
75.100 	-10.371 	-0.169 	0.340 	0.035 	0.095 	
-5.537 	-21.440 	62.260 	-0.131 	0.054 	0.193 	
52.305 	-40.730 	45.048 	-0.140 	-0.097 	0.154 	
-37.422 	51.380 	-0.501 	0.024 	0.062 	0.061 	
34.377 	-18.968 	45.279 	0.160 	-0.012 	-0.049 	
-57.598 	36.065 	4.394 	0.066 	0.013 	0.028 	
-47.140 	-37.751 	63.007 	-0.058 	0.062 	0.063 	
63.373 	-45.468 	56.806 	0.068 	0.084 	-0.062 	
-19.363 	-14.339 	42.810 	0.088 	0.104 	0.033 	
58.458 	-32.794 	16.189 	0.144 	0.130 	0.015 	
20.461 	-14.472 	-73.379 	-0.053 	0.062 	-0.062 	
10.079 	14.766 	65.103 	-0.163 	-0.039 	0.034 	
41.723 	-30.667 	5.941 	0.180 	-0.025 	-0.014 	
24.411 	-11.720 	-15.098 	0.010 	-0.016 	-0.124 	
-102.867 	24.387 	-264.372 	-0.260 	0.097 	-0.327 	
-16.968 	-43.828 	20.741 	-0.027 	-0.162 	0.232 	
132.025 	-23.702 	23.513 	0.125 	-0.077 	0.066 	
-31.608 	-60.122 	-81.963 	-0.044 	-0.030 	-0.088 	
-23.099 	-51.576 	11.855 	0.060 	-0.073 	0.075 	
25.255 	11.164 	-74.814 	0.040 	-0.041 	-0.024 	
69.856 	6.466 	-1.071 	0.131 	0.121 	0.008 	
2.960 	-20.450 	-12.018 	-0.008 	-0.114 	0.004 	
30.887 	3.557 	-7.661 	-0.202 	0.067 	-0.049 	
10.065 	-38.695 	8.482 	0.129 	-0.263 	-0.017 	
-229.787 	-41.881 	-106.665 	-0.139 	-0.053 	0.029 	
-29.600 	-39.179 	48.092 	-0.131 	0.040 	0.096 	
-42.173 	-78.664 	28.862 	-0.048 	-0.055 	0.071 	
29.565 	-72.182 	28.051 	-0.093 	-0.114 	0.096 	
62.890 	1.417 	7.307 	0.155 	0.055 	0.042 	
24.180 	-4.903 	27.182 	0.069 	-0.133 	0.091 	
13.515 	3.600 	18.438 	0.172 	0.024 	-0.137 	
175.181 	28.416 	82.604 	-0.141 	-0.071 	0.038 	
29.582 	-67.473 	44.118 	0.024 	-0.059 	-0.138 	
49.443 	-64.934 	3.556 	0.020 	0.078 	-0.093 	
-70.112 	-44.706 	50.029 	-0.086 	-0.095 	-0.021 	
59.790 	-96.029 	-5.512 	0.084 	-0.013 	-0.094 	
26.541 	-80.030 	-9.132 	0.117 	0.040 	-0.035 	
105.557 	73.815 	79.914 	-0.137 	-0.086 	0.026 	
-16.884 	-53.006 	61.270 	-0.071 	-0.167 	0.108 	
-28.220 	-36.652 	74.143 	-0.042 	0.173 	-0.020 	
19.390 	6.521 	38.130 	-0.113 	0.043 	0.010 	
26.447 	-34.499 	23.721 	0.169 	-0.053 	0.086 	
17.908 	-33.557 	8.912 	0.073 	0.117 	-0.008 	
-45.901 	9.186 	39.648 	-0.033 	0.049 	0.027 	
271.971 	-294.353 	156.532 	0.021 	-0.120 	0.073 	
9.344 	12.799 	-2.189 	0.070 	-0.007 	0.060 	
58.680 	-18.452 	18.818 	0.020 	0.097 	-0.117 	
-28.762 	94.716 	167.894 	-0.042 	-0.051 	0.008 	
70.642 	-13.896 	19.410 	0.204 	-0.146 	-0.025 	
24.493 	-44.885 	-13.455 	0.046 	0.070 	-0.020 	
22.975 	-27.417 	-4.672 	-0.058 	-0.109 	-0.046 	
21.317 	-63.207 	58.985 	0.131 	-0.035 	0.024 	
-3.213 	-61.461 	2.619 	-0.141 	-0.016 	0.084 	
-18.684 	-69.291 	25.880 	-0.005 	-0.040 	-0.077 	
109.151 	-29.574 	-32.495 	-0.183 	-0.010 	0.152 	
-3.627 	-13.958 	42.460 	-0.062 	-0.087 	0.244 	
27.658 	-83.458 	-15.478 	-0.016 	-0.075 	-0.043 	
10.226 	-35.336 	19.795 	0.133 	-0.090 	-0.038 	
19.588 	-34.362 	-17.289 	0.065 	-0.035 	0.130 	
50.074 	-37.182 	-9.082 	-0.176 	-0.210 	0.007 	
5079.617 	1387.925 	3088.033 	5.490 	1.541 	3.410 	
-49.904 	33.903 	54.793 	-0.013 	0.018 	-0.027 	
-10.005 	-14.362 	43.793 	0.112 	-0.042 	-0.143 	
57.079 	-20.310 	22.045 	0.104 	0.087 	0.038 	
28.997 	-42.441 	10.966 	0.096 	-0.054 	-0.013 	
68.776 	-13.293 	19.728 	-0.163 	0.180 	0.208 	
7.659 	-38.786 	-3.689 	0.026 	-0.009 	-0.048 	
102.251 	-24.027 	16.764 	0.149 	0.108 	-0.039 	
54.877 	-72.521 	58.219 	-0.067 	-0.152 	0.046 	
49.620 	-55.099 	40.654 	0.196 	0.049 	0.067 	
22.286 	-96.828 	-5.678 	0.127 	0.025 	-0.029 	
130.682 	-13.612 	104.414 	0.133 	-0.080 	-0.019 	
132.444 	-8.150 	71.627 	-0.222 	0.048 	-0.030 	
6.196 	-126.228 	11.138 	0.078 	-0.096 	0.004 	
-50.607 	200.068 	-35.409 	-0.115 	0.261 	-0.093 	
204.297 	19.347 	4.174 	0.153 	0.061 	-0.049 	
-7.151 	-89.631 	20.068 	-0.030 	-0.080 	0.130 	
28.401 	-19.990 	-41.705 	0.030 	-0.152 	-0.040 	
47.386 	-24.252 	23.770 	0.089 	0.030 	-0.207 	
-25.134 	2.540 	-27.245 	-0.182 	0.006 	-0.076 	
34.446 	-46.696 	24.217 	-0.145 	-0.134 	0.175 	
20.744 	1.182 	52.960 	-0.020 	0.013 	-0.046 	
11.725 	-0.869 	47.081 	-0.038 	0.033 	0.186 	
-50.105 	-33.195 	2.421 	0.070 	-0.192 	0.000 	
15.873 	-39.527 	-24.922 	-0.003 	-0.101 	0.090 	
3.454 	-54.902 	-44.331 	0.028 	-0.040 	0.060 	
430.661 	45.913 	-43.189 	0.118 	0.007 	-0.021 	
74.784 	-49.810 	-8.965 	0.020 	0.061 	-0.085 	
13.185 	18.328 	-32.410 	0.036 	-0.089 	-0.024 	
-18.812 	-64.400 	101.981 	-0.019 	-0.019 	0.032 	
-8.104 	-47.711 	20.434 	0.159 	-0.055 	0.049 	
49.240 	-17.509 	1.710 	-0.214 	-0.128 	-0.130 	
1.640 	-56.447 	35.223 	0.114 	-0.022 	0.007 	
7.022 	-62.165 	1.682 	0.075 	-0.234 	0.023 	
4.198 	-97.677 	13.481 	-0.073 	-0.075 	-0.026 	
-13.280 	-87.035 	68.539 	0.152 	-0.048 	0.067 	
84.237 	-11.301 	20.458 	0.075 	0.098 	0.008 	
113.307 	-97.581 	108.579 	-0.115 	0.057 	-0.027 	
146.783 	-39.282 	2.471 	-0.190 	0.113 	0.113 	
-30.405 	-37.061 	34.430 	-0.209 	0.006 	0.010 	
139.608 	-47.890 	28.713 	-0.237 	0.039 	0.057 	
32.835 	-114.418 	172.150 	-0.079 	-0.046 	0.195 	
2.110 	-30.144 	35.145 	-0.042 	0.074 	0.201 	
74.162 	-20.165 	29.142 	0.083 	0.055 	-0.038 	
-1.844 	-18.050 	-17.479 	0.121 	0.046 	0.032 	
17.391 	-1.436 	49.971 	0.080 	-0.102 	-0.043 	
109.471 	-51.462 	52.186 	0.156 	0.053 	-0.056 	
6.714 	-41.704 	-22.614 	0.088 	0.012 	-0.109 	
-48.567 	-29.699 	-43.728 	-0.078 	-0.019 	0.176 	
28.926 	-60.394 	20.477 	0.065 	0.006 	-0.074 	
14.624 	43.835 	24.256 	0.094 	0.036 	-0.049 	
0.199 	-8.564 	30.221 	0.128 	0.112 	0.019 	
164.362 	110.538 	-45.563 	0.465 	0.301 	-0.177 	
45.960 	-15.746 	18.287 	0.078 	0.028 	0.196 	
20.565 	-0.692 	9.708 	-0.230 	0.080 	-0.004 	
59.684 	-34.934 	46.471 	-0.178 	-0.144 	0.155 	
-33.201 	-14.817 	24.368 	-0.075 	0.098 	0.069 	
-28.057 	60.862 	-20.603 	-0.056 	0.077 	-0.106 	
-55.329 	-70.757 	8.787 	-0.139 	0.025 	-0.012 	
-15.687 	-21.122 	7.896 	0.034 	0.111 	0.011 	
7.940 	-7.010 	22.031 	0.093 	-0.038 	-0.186 	
13.275 	-68.426 	-5.583 	0.063 	0.003 	-0.050 	
-27.574 	-93.209 	56.156 	-0.141 	-0.067 	-0.009 	
-35.611 	-70.571 	20.586 	-0.199 	-0.013 	0.003 	
2.028 	-28.422 	-1.966 	-0.003 	0.007 	0.137 	
74.370 	-0.855 	19.513 	0.090 	0.125 	-0.026 	
120.761 	22.312 	-50.011 	-0.141 	-0.009 	0.117 	
-35.479 	-11.456 	9.788 	0.085 	0.076 	0.005 	
187.257 	67.479 	21.086 	-0.109 	-0.069 	-0.031 	
12.729 	5.250 	89.130 	0.122 	0.094 	0.059 	
-5.561 	4.877 	53.141 	-0.046 	-0.010 	0.087 	
24.157 	-45.848 	29.476 	-0.148 	0.240 	0.016 	
57.057 	-16.258 	30.261 	0.245 	-0.025 	0.138 	
5.870 	-19.776 	49.216 	0.128 	0.019 	0.015 	
10.387 	-14.097 	59.968 	-0.133 	-0.068 	0.059 	
-4.167 	17.659 	60.013 	0.133 	0.010 	0.028 	
4.339 	-36.442 	-18.035 	-0.119 	-0.096 	0.146 	
-42.470 	-83.359 	21.459 	-0.090 	-0.109 	0.028 	
75.076 	-48.343 	2.086 	0.136 	-0.013 	0.068 	
-6.339 	-40.101 	37.964 	0.079 	0.042 	0.126 	
-23.910 	-31.936 	41.591 	-0.087 	-0.006 	-0.069 	
5.618 	-48.596 	-23.804 	-0.167 	-0.115 	-0.068 	
96.475 	19.032 	-25.023 	-0.151 	-0.185 	-0.004 	
17.854 	-71.309 	-8.822 	0.115 	0.038 	-0.099 	
-5.455 	-3.318 	-23.008 	-0.011 	0.040 	0.068 	
-19.655 	-4.214 	25.431 	-0.003 	0.041 	-0.068 	
58.079 	-36.646 	14.321 	0.137 	-0.129 	-0.137 	
6.494 	-37.631 	-17.143 	-0.239 	-0.049 	-0.037 	
81.565 	-20.973 	49.594 	0.139 	0.020 	-0.012 	
-16.880 	98.448 	164.134 	-0.046 	-0.022 	-0.009 	
84.441 	9.373 	55.009 	-0.159 	0.005 	-0.169 	
58.756 	-29.850 	3.846 	0.161 	0.061 	0.042 	
6.992 	-30.443 	-16.027 	0.098 	0.066 	0.114 	
667.508 	97.035 	-1270.826 	0.277 	0.060 	-0.630 	
-1383.476 	-6297.721 	-9895.845 	-1.525 	-7.107 	-11.197 	
29.575 	-39.861 	67.250 	-0.120 	-0.045 	0.247 	
48.914 	-37.050 	34.861 	0.043 	0.137 	0.047 	
55.914 	-72.056 	-38.003 	0.037 	-0.026 	0.041 	
-5.321 	-34.770 	34.030 	0.086 	0.010 	-0.002 	
-36.473 	-14.163 	-7.285 	-0.029 	0.058 	-0.059 	
-30.280 	-33.502 	40.978 	-0.084 	-0.143 	0.067 	
63.658 	-15.047 	21.076 	0.075 	-0.032 	0.046 	
46.372 	24.407 	-12.040 	0.113 	0.067 	0.088 	
-6.199 	-101.448 	-37.744 	0.030 	-0.123 	0.000 	
137.672 	-225.577 	-146.032 	-0.084 	-0.060 	-0.013 	
-11.035 	-31.487 	8.554 	0.139 	-0.065 	0.048 	
-41.277 	-80.765 	76.363 	-0.025 	-0.068 	-0.007 	
13.883 	-83.973 	40.188 	-0.070 	-0.075 	-0.079 	
-77.791 	11.415 	-13.948 	-0.089 	0.010 	0.024 	
21.415 	-61.350 	55.153 	-0.091 	-0.161 	0.108 	
130.907 	39.091 	-8.495 	0.610 	0.243 	-0.113 	
42.778 	-46.016 	41.370 	0.105 	0.040 	-0.140 	
11.966 	2.229 	49.600 	0.158 	0.003 	-0.064 	
75.339 	-30.821 	1.705 	0.147 	0.026 	0.013 	
7.547 	-40.641 	34.565 	0.075 	-0.057 	-0.061 	
-82.750 	4.877 	36.023 	-0.105 	-0.029 	-0.032 	
5.851 	-81.909 	36.504 	-0.030 	0.002 	0.038 	
-20.575 	11.772 	-5.881 	0.034 	0.084 	-0.186 	
163.346 	-34.565 	-17.169 	-0.168 	0.001 	0.122 	
-40.582 	-48.158 	-40.671 	-0.098 	-0.082 	0.018 	
-21.640 	-62.907 	-5.160 	0.046 	-0.146 	0.039 	
-11.683 	-57.167 	25.473 	-0.078 	-0.255 	0.040 	
-5.619 	-55.955 	-1.989 	-0.012 	0.018 	-0.083 	
87.516 	-19.268 	11.697 	0.053 	0.137 	-0.021 	
-3.932 	-104.021 	-13.178 	0.055 	-0.058 	-0.108 	
-53.929 	-16.433 	0.431 	-0.101 	0.023 	-0.005 	
-11.884 	-11.960 	23.652 	-0.118 	0.078 	-0.149 	
58.712 	-1.250 	43.286 	0.116 	0.119 	0.085 	
7.205 	17.330 	64.166 	0.027 	-0.052 	0.106 	
-6.216 	-12.493 	-51.912 	0.104 	0.021 	0.047 	
34.126 	11.546 	11.503 	0.028 	0.111 	-0.051 	
64.974 	-31.111 	8.589 	0.086 	0.042 	-0.071 	
24.432 	1.435 	15.520 	0.161 	-0.063 	0.062 	
42.155 	3.590 	15.293 	0.120 	-0.133 	0.010 	
16.451 	-25.430 	-39.326 	-0.018 	0.078 	0.070 	
133.403 	-30.072 	6.101 	-0.253 	0.024 	0.094 	
-3.512 	-40.686 	-0.621 	-0.305 	0.072 	0.071 	
34.766 	36.749 	33.186 	0.180 	-0.000 	-0.075 	
-23.376 	74.723 	41.978 	0.035 	0.085 	0.054 	
-4.595 	-42.245 	-7.074 	-0.007 	-0.032 	-0.081 	
-893.173 	485.564 	304.311 	-1.007 	0.617 	0.366 	
69.875 	-49.504 	12.549 	0.101 	-0.084 	0.064 	
-13.516 	-23.002 	42.285 	-0.218 	0.115 	0.045 	
8.353 	2.977 	38.900 	-0.216 	-0.022 	0.105 	
-48.502 	-35.223 	13.300 	-0.166 	-0.017 	-0.029 	
20.628 	-17.574 	-17.275 	-0.040 	-0.082 	-0.161 	
36.459 	-33.805 	14.421 	0.185 	0.052 	-0.095 	
76.199 	-18.827 	14.825 	0.068 	-0.106 	-0.118 	
69.518 	-36.075 	19.862 	0.056 	0.026 	0.100 	
-15.527 	-7.543 	-19.413 	-0.156 	-0.141 	-0.051 	
16.779 	-50.048 	32.529 	-0.009 	0.135 	0.051 	
-27.459 	-31.541 	18.816 	-0.061 	0.007 	0.028 	
-249.650 	167.684 	-98.562 	-0.205 	0.057 	-0.042 	
-11.250 	-52.750 	-39.115 	0.037 	-0.064 	-0.000 	
71.108 	-9.790 	-1.102 	0.089 	0.071 	0.038 	
42.535 	-27.827 	-21.636 	0.032 	-0.136 	0.068 	
-18.571 	-50.847 	23.701 	-0.105 	-0.039 	-0.034 	
9.867 	1.130 	-28.939 	0.047 	-0.011 	0.099 	
72.396 	-34.418 	19.446 	0.055 	-0.144 	0.033 	
-0.776 	-40.405 	5.680 	0.136 	-0.126 	0.007 	
30.355 	4.733 	-16.283 	-0.129 	0.116 	-0.112 	
39.740 	-41.252 	29.014 	0.153 	-0.098 	0.015 	
40.816 	20.798 	77.928 	0.044 	0.127 	0.030 	
-19.699 	-48.404 	81.441 	0.025 	0.043 	0.067 	
-3.445 	-49.450 	-31.273 	0.036 	-0.042 	0.086 	
68.089 	-13.992 	8.703 	0.038 	-0.067 	0.081 	
34.413 	-50.764 	-13.913 	0.139 	-0.086 	0.160 	
-44.842 	-35.213 	5.615 	0.058 	0.062 	-0.077 	
39.195 	-29.020 	-4.604 	0.011 	-0.085 	0.042 	
72.307 	-23.990 	28.997 	0.110 	-0.101 	-0.088 	
58.410 	21.868 	-16.321 	-0.137 	-0.204 	0.032 	
79.223 	0.214 	2.463 	0.213 	-0.068 	0.095 	
37.955 	-14.631 	55.139 	-0.021 	-0.002 	0.099 	
-43.115 	-1.847 	-72.301 	-0.093 	0.088 	-0.280 	
49.812 	-30.505 	21.764 	0.038 	0.169 	0.105 	
46.075 	-16.267 	22.067 	0.162 	0.154 	0.082 	
-11.225 	-39.397 	-28.651 	-0.134 	0.084 	-0.097 	
14.665 	-67.050 	36.154 	-0.164 	0.039 	0.005 	
37.819 	-77.909 	-10.166 	0.049 	0.033 	-0.060 	
5.936 	-82.554 	80.928 	0.072 	-0.063 	0.129 	
345.592 	-1335.914 	943.077 	0.104 	-1.020 	0.718 	
107.821 	-75.165 	49.652 	0.147 	0.009 	-0.005 	
-74.371 	-36.633 	-51.249 	-0.001 	0.137 	-0.039 	
65.752 	-19.937 	46.144 	0.117 	-0.051 	-0.043 	
43.867 	4.957 	73.349 	0.088 	0.084 	-0.042 	
26.675 	-47.852 	12.169 	-0.231 	-0.158 	0.087 	
97.879 	109.529 	122.836 	-0.091 	-0.036 	-0.015 	
-16.676 	17.336 	24.830 	-0.059 	-0.152 	0.135 	
-34.343 	-51.190 	5.806 	-0.256 	-0.204 	-0.036 	
64.270 	-14.755 	30.394 	-0.026 	-0.058 	0.132 	
25.158 	-40.786 	28.498 	0.179 	0.037 	0.046 	
-14.943 	-46.801 	21.205 	-0.198 	0.002 	-0.064 	
26.193 	-11.029 	56.645 	0.087 	-0.113 	-0.100 	
530.244 	-755.227 	-626.507 	0.264 	-0.442 	-0.393 	
-62.776 	25.777 	19.425 	0.058 	0.049 	0.005 	
-31.850 	2.919 	18.390 	0.012 	0.211 	0.086 	
-11.970 	23.729 	23.918 	0.014 	-0.055 	0.021 	
-23.125 	-9.675 	48.654 	-0.098 	0.012 	-0.044 	
-24.722 	-79.836 	-14.209 	-0.054 	-0.023 	-0.024 	
37.180 	3.456 	11.759 	-0.111 	-0.100 	-0.224 	
-37.447 	-62.533 	-16.970 	-0.174 	0.034 	0.029 	
46.787 	-14.033 	55.287 	-0.253 	-0.012 	0.024 	
29.387 	9.818 	47.378 	-0.183 	0.064 	0.016 	
88.993 	83.280 	-68.980 	-0.097 	-0.044 	0.049 	
-7.249 	-69.715 	18.630 	-0.131 	-0.173 	0.060 	
-12.470 	-24.971 	4.263 	-0.231 	-0.015 	-0.072 	
-10.228 	-19.550 	-1.124 	0.130 	-0.029 	0.150 	
62.221 	-69.623 	-2.920 	0.028 	-0.097 	-0.060 	
-8.420 	-52.156 	75.441 	0.088 	0.108 	0.114 	
-88.418 	29.760 	38.838 	-0.092 	-0.101 	-0.110 	
13.945 	-86.939 	42.193 	0.020 	-0.027 	0.137 	
-28.636 	-66.731 	-10.768 	-0.020 	0.193 	0.002 	
105.632 	31.959 	48.489 	0.152 	0.016 	0.012 	
-386.013 	-828.164 	3814.241 	-0.288 	-0.579 	2.449 	
12.877 	-43.520 	31.433 	0.101 	-0.033 	0.024 	
-4.047 	-46.166 	107.919 	0.077 	-0.079 	0.077 	
76.432 	-159.519 	112.168 	-0.118 	0.015 	-0.031 	
39.226 	-13.439 	14.080 	-0.013 	0.172 	-0.219 	
58.345 	-3.396 	20.616 	-0.028 	-0.097 	0.172 	
51.202 	32.712 	71.670 	0.072 	0.032 	0.118 	
-74.129 	-11.554 	53.919 	-0.034 	-0.157 	-0.083 	
-30.194 	-40.648 	-1.948 	-0.082 	-0.004 	-0.009 	
-15.286 	8.029 	-13.333 	-0.077 	0.005 	0.090 	
17.594 	-16.871 	54.628 	0.010 	-0.119 	0.060 	
37.433 	-32.657 	55.108 	-0.112 	-0.164 	0.110 	
80.961 	-30.171 	-2.498 	-0.154 	-0.080 	0.233 	
28.281 	-13.119 	6.100 	0.206 	-0.042 	-0.017 	
-66.882 	-342.272 	31.650 	-0.141 	-0.419 	-0.007 	
32.607 	-40.904 	43.428 	0.104 	0.022 	0.121 	
0.975 	-11.294 	29.379 	0.044 	-0.071 	0.114 	
134.957 	-38.104 	17.681 	0.139 	0.092 	-0.083 	
12.329 	-31.093 	11.561 	-0.003 	-0.064 	-0.122 	
-53.843 	8.987 	80.583 	0.097 	0.017 	0.108 	
174.731 	66.834 	27.349 	-0.102 	-0.071 	-0.045 	
30.546 	-50.884 	-15.159 	-0.020 	-0.041 	0.029 	
53.718 	-10.711 	11.007 	-0.075 	-0.273 	0.152 	
-10.737 	-25.619 	-41.736 	-0.126 	-0.019 	-0.043 	
-23.424 	-48.407 	28.061 	0.012 	0.094 	-0.014 	
63.668 	-0.186 	37.765 	0.103 	-0.022 	-0.100 	
44.263 	-87.005 	-52.377 	-0.117 	0.040 	0.136 	
25.718 	-99.307 	43.278 	-0.042 	-0.013 	-0.031 	
-23.053 	99.184 	-357.215 	-0.064 	0.024 	-0.116 	
14.180 	-16.063 	7.319 	-0.185 	0.019 	-0.102 	
-114.753 	-3.942 	-26.355 	-0.296 	0.075 	-0.195 	
-34.941 	-20.888 	39.900 	-0.202 	-0.036 	0.011 	
32.289 	21.256 	-43.950 	0.078 	0.069 	0.058 	
-31.181 	3.891 	13.264 	0.067 	0.042 	0.116 	
3.283 	-36.417 	22.069 	0.050 	0.101 	-0.154 	
78.073 	8.201 	14.096 	0.060 	-0.019 	0.145 	
-15.359 	-20.198 	39.873 	0.037 	-0.101 	0.090 	
10.887 	-8.723 	35.846 	0.078 	0.080 	-0.016 	
-57.031 	199.898 	-32.578 	-0.100 	0.018 	0.008 	
70.578 	-4.593 	29.296 	-0.030 	-0.001 	0.309 	
35.424 	-32.022 	21.912 	-0.154 	-0.009 	-0.242 	
-36.571 	-12.803 	-20.227 	-0.191 	0.081 	-0.036 	
-648.452 	872.076 	503.845 	-0.465 	0.561 	0.303 	
166.371 	93.187 	-85.196 	-0.085 	-0.001 	0.038 	
-48.348 	-20.153 	9.684 	-0.180 	-0.133 	0.012 	
14.916 	-41.888 	20.080 	-0.223 	-0.153 	0.026 	
-20.775 	-28.389 	71.797 	-0.083 	-0.055 	0.112 	
16.879 	-44.920 	56.037 	0.058 	-0.156 	-0.050 	
156.237 	-70.113 	-24.869 	-0.136 	-0.037 	0.137 	
-4.910 	-91.517 	-23.284 	0.062 	-0.063 	-0.087 	
18.956 	-16.534 	0.691 	0.172 	0.061 	0.022 	
-43.738 	114.728 	-39.214 	-0.118 	-0.064 	0.055 	
30.697 	-7.992 	44.993 	-0.106 	0.035 	0.245 	
-35.671 	-74.745 	25.697 	0.065 	-0.004 	-0.166 	
73.661 	-20.079 	27.879 	0.068 	0.008 	-0.078 	
46.432 	-17.234 	-7.858 	0.221 	-0.016 	-0.036 	
67.419 	-28.460 	27.234 	-0.115 	-0.223 	-0.060 	
31.586 	-7.413 	-30.348 	0.053 	-0.058 	-0.123 	
-98.256 	-29.469 	-32.981 	-0.031 	0.117 	-0.022 	
51.565 	-24.641 	66.155 	0.069 	-0.092 	0.070 	
-39.568 	2.614 	80.360 	-0.163 	0.033 	0.046 	
-31.041 	31.952 	-19.181 	0.020 	-0.020 	-0.105 	
49.576 	0.324 	29.245 	0.245 	0.051 	-0.095 	
29.043 	-22.543 	-22.646 	0.145 	-0.147 	-0.037 	
69.896 	-19.657 	16.441 	-0.180 	-0.147 	-0.217 	
-27.697 	-119.899 	66.647 	-0.112 	-0.103 	0.011 	
35.460 	-43.397 	1.361 	0.036 	-0.023 	0.085 	
-67.418 	14.915 	-45.269 	-0.033 	-0.146 	0.013 	
129.465 	-272.458 	17.066 	-0.084 	-0.067 	-0.014 	
-19.324 	15.665 	-25.938 	-0.127 	-0.004 	-0.168 	
32.725 	-21.425 	22.203 	-0.114 	-0.185 	0.208 	
103.617 	4.112 	2.316 	0.096 	0.158 	0.022 	
29.503 	-25.072 	66.285 	-0.186 	0.040 	0.086 	
-49.021 	-41.357 	45.414 	0.088 	0.020 	-0.070 	
-11.226 	-30.358 	1.401 	-0.106 	0.115 	0.082 	
517.602 	748.210 	757.370 	0.154 	0.348 	0.365 	
14.693 	6.038 	43.726 	-0.056 	0.092 	-0.043 	
110.915 	1507.199 	-978.313 	-0.072 	1.122 	-0.730 	
65.198 	-35.031 	-14.837 	0.151 	0.016 	0.054 	
-3.384 	-12.780 	19.928 	-0.088 	0.133 	0.040 	
-18.170 	10.455 	74.270 	-0.132 	0.048 	-0.004 	
94.502 	19.309 	-24.470 	0.101 	0.026 	0.003 	
1239.871 	6199.607 	10215.447 	1.431 	6.974 	11.464 	
-8.176 	44.165 	6.074 	0.028 	-0.031 	-0.064 	
47.468 	11.768 	-14.293 	-0.160 	-0.014 	0.215 	
-22.312 	-67.977 	-26.980 	0.145 	-0.004 	-0.034 	
-32.034 	-7.845 	20.633 	-0.061 	0.072 	0.242 	
47.053 	-21.981 	48.353 	-0.171 	-0.195 	0.092 	
-12.642 	-94.143 	41.487 	-0.066 	-0.115 	-0.005 	
-15.636 	26.890 	5.368 	0.004 	-0.073 	-0.010 	
-37.592 	299.573 	15.693 	-0.120 	0.081 	-0.017 	
-52.298 	10.529 	-0.289 	0.040 	-0.157 	0.071 	
48.299 	8.111 	1.214 	0.385 	-0.020 	0.125 	
15.980 	9.180 	54.030 	-0.036 	-0.005 	-0.125 	
56.020 	-26.658 	36.378 	0.075 	0.125 	0.001 	
65.431 	-24.970 	8.268 	-0.102 	-0.040 	0.287 	
-3.647 	-161.942 	-25.742 	-0.119 	0.053 	0.053 	
-19.412 	-3.998 	36.986 	-0.149 	0.085 	-0.025 	
-11.409 	-56.373 	34.625 	0.070 	0.089 	-0.060 	
5.771 	-29.861 	22.652 	0.149 	-0.032 	-0.052 	
36.807 	-28.346 	-21.439 	0.110 	-0.033 	0.054 	
-7.538 	-37.229 	-47.857 	0.006 	0.101 	0.017 	
24.912 	5.132 	-0.495 	0.056 	0.096 	0.053 	
46.038 	-5.111 	11.688 	0.091 	0.185 	0.070 	
111.499 	-155.717 	126.586 	0.167 	-0.249 	0.142 	
-191.862 	218.206 	29.857 	-0.134 	0.037 	0.048 	
-40.565 	-25.913 	0.920 	0.019 	-0.040 	0.016 	
-40.714 	-62.808 	0.359 	-0.084 	0.019 	0.026 	
100.883 	172.914 	-31.246 	-0.093 	-0.011 	0.016 	
6.419 	-14.566 	6.632 	0.090 	0.005 	0.136 	
42.884 	-72.013 	20.595 	0.046 	0.063 	-0.017 	
-250.703 	1926.915 	125.725 	-0.247 	1.413 	0.093 	
-5.467 	39.652 	63.353 	0.062 	0.039 	0.084 	
-28.741 	8.517 	19.050 	-0.102 	-0.042 	0.059 	
204.420 	45.232 	-28.756 	-0.110 	-0.067 	0.027 	
-24.164 	39.072 	70.497 	-0.079 	0.075 	0.010 	
-19.461 	82.187 	1.640 	-0.023 	0.047 	-0.027 	
83.542 	-51.899 	-42.214 	0.169 	-0.008 	-0.062 	
-2.493 	-26.202 	-40.420 	-0.165 	0.026 	-0.029 	
-18.396 	63.166 	6.343 	0.050 	-0.060 	-0.003 	
-3.411 	-48.799 	-14.883 	0.095 	-0.084 	-0.057 	
40.363 	-31.446 	11.956 	0.227 	-0.104 	-0.110 	
22.386 	-57.389 	-41.339 	0.123 	-0.011 	0.070 	
-14.235 	-12.067 	-9.940 	0.021 	-0.120 	0.090 	
181.418 	-80.131 	33.185 	-0.160 	-0.016 	0.035 	
5.240 	-56.776 	58.823 	-0.044 	-0.084 	0.181 	
24.975 	-0.216 	18.013 	0.215 	-0.009 	0.062 	
33.069 	-101.698 	73.476 	-0.075 	-0.083 	0.056 	
-921.587 	-1205.368 	-581.920 	-0.523 	-0.569 	-0.263 	
30.057 	-73.102 	1.810 	-0.043 	-0.052 	-0.047 	
-28.962 	-39.639 	75.471 	-0.061 	-0.141 	0.034 	
-110.719 	-150.082 	85.303 	-0.213 	-0.293 	0.126 	
-28.804 	64.417 	-27.622 	-0.075 	0.109 	-0.041 	
-0.710 	-28.633 	7.243 	-0.109 	-0.138 	0.075 	
62.598 	-11.515 	19.628 	0.059 	0.026 	-0.037 	
129.350 	-23.721 	10.424 	0.152 	0.009 	0.005 	
149.553 	-86.985 	-6.668 	-0.143 	0.091 	0.008 	
89.541 	-32.351 	12.953 	0.079 	0.064 	0.008 	
32.562 	-11.820 	12.661 	0.116 	-0.009 	0.054 	
5.973 	-46.278 	27.998 	0.065 	0.083 	0.133 	
149.334 	-128.187 	-38.242 	-0.109 	0.037 	-0.031 	
-30.239 	-21.393 	-14.693 	0.147 	0.131 	-0.018 	
278.295 	-172.583 	37.493 	-0.016 	-0.064 	0.021 	
53.260 	12.880 	55.369 	0.091 	0.028 	0.102 	
0.047 	-19.110 	26.715 	-0.216 	0.050 	-0.037 	
160.875 	20.425 	26.285 	-0.160 	-0.103 	-0.040 	
1.779 	-66.581 	10.269 	-0.184 	-0.069 	0.089 	
23.623 	-16.852 	119.974 	0.108 	-0.049 	0.013 	
-0.542 	8.211 	9.139 	0.026 	0.062 	0.120 	
29.319 	-55.397 	12.270 	0.155 	-0.002 	-0.086 	
157.729 	-227.694 	60.321 	-0.066 	-0.030 	-0.001 	
46.706 	-78.293 	11.799 	0.090 	0.024 	0.056 	
-26.550 	24.862 	91.127 	-0.009 	0.038 	0.166 	
-86.215 	-52.185 	18.706 	0.050 	-0.052 	-0.073 	
-26.961 	-38.366 	7.669 	-0.118 	-0.072 	0.066 	
-7.243 	-91.692 	-70.655 	0.041 	-0.041 	-0.051 	
4.918 	-41.226 	-0.561 	0.086 	-0.117 	-0.223 	
113.753 	37.396 	44.403 	-0.155 	-0.089 	-0.107 	
11.989 	-41.493 	29.239 	0.041 	0.191 	0.039 	
193.654 	132.037 	50.849 	-0.080 	-0.006 	-0.011 	
12.088 	-115.500 	16.166 	-0.009 	-0.153 	0.045 	
17.170 	17.101 	-5.549 	0.178 	0.007 	0.131 	
188.108 	99.315 	-86.775 	-0.079 	0.027 	0.017 	
10.046 	-41.614 	-57.429 	-0.028 	-0.062 	-0.079 	
-27.834 	-124.802 	29.288 	-0.011 	-0.027 	0.053 	
166.688 	-39.671 	-11.926 	-0.185 	0.069 	0.078 	
-213.623 	-380.692 	1247.152 	-0.164 	-0.178 	0.625 	
-44.178 	-36.192 	7.893 	0.178 	-0.006 	-0.057 	
-19.151 	-19.712 	-18.164 	-0.045 	-0.039 	-0.063 	
84.103 	-0.808 	-47.994 	0.116 	-0.035 	0.041 	
6.037 	-10.107 	-22.701 	0.080 	0.027 	-0.162 	
-6.211 	-32.200 	-20.087 	-0.190 	-0.069 	0.047 	
38.485 	-39.503 	-14.846 	0.114 	0.022 	0.064 	
30.384 	18.140 	0.567 	0.020 	-0.033 	-0.016 	
33.418 	-29.831 	45.336 	-0.207 	-0.051 	0.210 	
2.474 	-31.766 	37.715 	0.024 	-0.087 	0.086 	
30.042 	-25.729 	25.413 	0.145 	-0.216 	-0.036 	
-0.968 	1.099 	-5.835 	-0.069 	-0.036 	-0.136 	
52.031 	-25.314 	25.849 	0.044 	0.002 	-0.065 	
-14.467 	-67.979 	-18.667 	0.062 	-0.023 	0.082 	
67.459 	-14.990 	55.578 	0.105 	0.136 	-0.024 	
-10.208 	-38.034 	25.717 	0.000 	-0.034 	0.124 	
76.278 	10.157 	24.016 	-0.201 	0.121 	0.023 	
5.396 	39.880 	-22.497 	-0.058 	0.129 	-0.076 	
15.860 	-22.306 	-11.829 	-0.166 	-0.035 	-0.021 	
90.463 	-28.554 	7.271 	0.175 	-0.150 	0.140 	
61.869 	-21.463 	21.067 	0.201 	-0.047 	-0.033 	
86.283 	-2.767 	20.505 	-0.170 	0.098 	-0.209 	
-45.910 	-53.940 	-56.471 	-0.031 	0.038 	0.139 	
-88.605 	-49.198 	-37.969 	-0.110 	-0.042 	0.000 	
-23.883 	-35.437 	82.100 	0.048 	-0.021 	0.009 	
-53.923 	-42.486 	-30.937 	0.039 	-0.006 	0.017 	
56.692 	-26.902 	75.237 	-0.123 	0.138 	-0.107 	
13.825 	-37.974 	35.435 	0.105 	-0.031 	0.028 	
21.701 	-19.465 	-5.496 	0.104 	-0.068 	-0.120 	
-52.924 	-60.707 	-19.486 	0.065 	-0.024 	-0.159 	
46.619 	32.503 	15.712 	0.111 	-0.015 	0.107 	
-24.742 	-0.954 	18.147 	0.074 	-0.005 	0.023 	
1.624 	-1755.526 	-303.033 	-0.060 	-1.310 	-0.223 	
9.724 	-44.359 	24.278 	0.007 	0.193 	-0.024 	
-8.467 	-56.875 	-17.934 	-0.218 	0.020 	-0.046 	
38.155 	-7.801 	38.247 	0.234 	0.065 	-0.108 	
12.156 	-25.563 	21.728 	0.077 	-0.132 	-0.085 	
215.139 	43.155 	145.449 	-0.071 	-0.058 	0.041 	
56.610 	13.360 	54.188 	0.066 	-0.135 	0.037 	
57.213 	-19.017 	66.964 	0.154 	-0.133 	-0.053 	
26.510 	7.609 	5.792 	-0.069 	-0.146 	-0.208 	
33.038 	0.533 	55.764 	0.144 	-0.090 	0.046 	
42.982 	-44.048 	32.613 	0.143 	-0.117 	-0.121 	
-52.274 	-15.291 	1.267 	-0.078 	0.029 	0.072 	
25.971 	-67.061 	59.935 	0.105 	0.074 	0.045 	
-29.434 	-52.862 	-0.390 	-0.074 	-0.037 	0.083 	
0.909 	-20.309 	22.131 	-0.195 	-0.044 	0.164 	
-21.724 	-79.701 	40.617 	0.075 	0.056 	-0.019 	
264.128 	-6.381 	4.227 	-0.057 	-0.056 	-0.040 	
773.927 	-643.436 	-490.526 	0.883 	-0.662 	-0.535 	
4.187 	-52.414 	16.815 	0.024 	-0.107 	-0.008 	
-46.307 	-5.587 	74.144 	-0.037 	0.032 	-0.033 	
5.551 	-41.026 	31.596 	-0.025 	0.061 	0.100 	
