## Las primeras 200 lineas corresponden a la esfera 1 
##las siguienets 300 lineas a la esfera 2
## Las primeras tres columnas corresponden a la posición en 'x', 'y' y 'z', las siguientes tres a las velocidades
36.295 	-6.215 	20.811 	10.964 	6.657 	-4.850 	
30.563 	26.375 	17.373 	1.692 	7.499 	4.063 	
707.711 	2527.359 	4898.384 	218.098 	801.892 	1553.998 	
24.126 	1.680 	6.309 	7.189 	1.262 	6.679 	
-107.272 	253.124 	432.526 	-24.565 	57.897 	98.124 	
-16.348 	9.182 	46.861 	-2.983 	-1.180 	10.846 	
48.302 	-2.672 	22.405 	2.447 	2.187 	-13.702 	
-10.717 	303.783 	7.757 	-12.052 	107.335 	0.750 	
54.609 	-10.933 	13.228 	6.855 	2.211 	4.870 	
45.211 	6.675 	11.260 	3.216 	4.120 	-0.261 	
73.815 	-19.546 	-7.745 	18.470 	-5.005 	-2.051 	
33.776 	10.371 	-1.985 	7.638 	-2.962 	2.970 	
91.450 	-20.304 	-158.771 	18.623 	-4.506 	-33.108 	
9.777 	12.309 	16.091 	-31.236 	13.725 	7.077 	
47.992 	0.161 	11.817 	-12.377 	-29.372 	-18.254 	
52.442 	0.123 	8.295 	13.244 	13.925 	3.952 	
41.789 	-3.940 	12.415 	13.650 	0.777 	10.628 	
-86.398 	-265.280 	-114.058 	-33.294 	-80.318 	-35.404 	
138.394 	-207.754 	-2.274 	39.804 	-70.115 	-3.022 	
48.427 	-1.080 	15.286 	0.370 	10.150 	6.337 	
46.143 	12.310 	3.065 	7.260 	9.238 	-7.472 	
88.355 	26.813 	-11.926 	18.942 	9.400 	-3.106 	
-23.171 	25.791 	-154.850 	-11.028 	7.287 	-41.477 	
48.432 	-23.248 	-94.911 	7.267 	-6.487 	-30.504 	
171.968 	-79.672 	56.711 	37.855 	-18.723 	13.465 	
52.082 	-3.194 	13.163 	2.564 	-6.565 	-9.350 	
-139.355 	273.682 	-177.758 	-30.974 	61.695 	-40.199 	
62.182 	-9.106 	-12.437 	8.951 	0.067 	7.724 	
127.720 	493.635 	-330.813 	29.025 	112.488 	-75.025 	
-267.303 	-50.038 	125.086 	-61.994 	-10.822 	28.496 	
190.414 	130.152 	144.944 	42.687 	28.769 	31.765 	
53.614 	3.970 	10.079 	9.646 	-13.758 	0.126 	
-3.371 	-71.428 	-79.468 	0.866 	-13.475 	-14.913 	
53.971 	-4.264 	11.997 	-29.112 	-0.732 	17.491 	
58.504 	9.127 	7.932 	16.791 	-0.020 	3.762 	
49.904 	-2.807 	12.513 	8.628 	4.154 	-5.540 	
8.387 	66.339 	248.922 	1.329 	16.095 	60.465 	
82.125 	1.137 	-56.794 	18.088 	-1.326 	-5.380 	
-608.565 	55.844 	184.706 	-143.106 	12.896 	43.401 	
58.907 	-1.295 	6.217 	9.752 	-9.000 	6.418 	
134.211 	-166.764 	-15.698 	28.151 	-35.365 	-3.177 	
-486.559 	-145.780 	-167.548 	-109.682 	-33.729 	-37.457 	
24.863 	-21.875 	-30.560 	10.438 	-1.718 	-0.561 	
228.780 	-55.200 	-224.934 	54.847 	-14.213 	-56.057 	
57.655 	1.319 	9.802 	-5.380 	-17.253 	12.327 	
160.090 	45.385 	-358.297 	35.519 	11.163 	-79.895 	
-119.140 	55.670 	143.029 	-33.861 	13.165 	34.919 	
76.731 	-69.440 	52.360 	18.375 	-23.300 	16.408 	
45.402 	2.373 	14.020 	7.028 	-8.736 	1.982 	
-4.519 	46.005 	-43.301 	-4.577 	10.805 	-9.246 	
36.811 	-3.345 	26.777 	-7.386 	-13.057 	23.983 	
67.282 	-35.004 	24.894 	15.423 	-12.758 	6.982 	
306.754 	130.551 	-202.003 	86.569 	40.370 	-62.600 	
79.587 	124.528 	47.034 	17.579 	40.550 	13.992 	
-54.219 	-146.732 	-31.172 	-17.017 	-37.184 	-7.446 	
374.908 	-39.655 	-131.183 	86.465 	-8.529 	-30.789 	
-74.327 	20.023 	41.299 	-64.661 	13.298 	19.032 	
51.543 	-5.876 	9.540 	10.831 	-7.665 	1.632 	
57.974 	-4.188 	16.833 	21.610 	-2.219 	-3.291 	
130.464 	149.209 	53.373 	31.114 	41.342 	14.672 	
71.098 	3.242 	17.267 	3.812 	-7.805 	1.988 	
64.844 	0.178 	-65.107 	12.699 	0.109 	-12.816 	
842.684 	-1004.218 	1240.473 	190.626 	-228.028 	281.915 	
-24.842 	-5.442 	-3.272 	-11.909 	-0.133 	0.639 	
134.396 	-52.719 	5.080 	33.952 	-14.269 	0.446 	
35.784 	-95.226 	23.460 	2.975 	-33.012 	7.119 	
156.661 	210.496 	-39.975 	33.802 	45.948 	-8.611 	
172.063 	-86.888 	-157.459 	36.771 	-18.107 	-33.948 	
43.552 	2.075 	14.807 	15.003 	-7.863 	18.226 	
132.311 	2.153 	8.115 	23.253 	0.621 	-0.538 	
115.239 	-122.389 	11.761 	43.320 	-63.856 	2.853 	
57.728 	-4.464 	11.406 	12.431 	-9.527 	-1.704 	
34.273 	-169.557 	32.120 	-0.420 	-79.639 	12.253 	
-397.311 	240.598 	486.324 	-90.723 	54.947 	110.048 	
1501.305 	258.048 	-158.444 	377.188 	65.035 	-39.993 	
87.206 	-33.662 	-6.953 	30.484 	-17.007 	-7.545 	
52.629 	-4.865 	11.037 	6.765 	-7.483 	-3.327 	
52.296 	-8.013 	19.320 	17.280 	-27.130 	47.272 	
92.718 	-69.870 	147.944 	20.822 	-14.886 	31.493 	
21.881 	-288.033 	8.741 	6.341 	-63.479 	1.601 	
305.737 	189.741 	69.629 	75.030 	48.252 	17.672 	
37.749 	125.828 	84.369 	7.868 	25.448 	16.403 	
91.008 	13.595 	17.132 	21.740 	7.671 	7.177 	
-77.388 	-85.939 	82.426 	-14.295 	-17.699 	16.802 	
51.338 	4.978 	14.070 	17.265 	10.818 	-4.951 	
20.653 	14.021 	-19.351 	-0.355 	0.935 	0.154 	
55.936 	0.092 	9.428 	3.250 	-5.683 	12.100 	
138.826 	-204.500 	218.020 	30.239 	-45.971 	48.562 	
47.440 	-0.400 	15.467 	-5.265 	-6.703 	-0.002 	
-98.034 	-176.523 	-33.513 	-20.053 	-38.775 	-7.853 	
43.634 	-9.946 	17.991 	10.770 	-0.206 	1.581 	
-46.567 	153.058 	-117.178 	-14.765 	37.303 	-28.557 	
44.850 	0.167 	9.275 	7.580 	2.168 	10.499 	
90.070 	-74.667 	-143.612 	19.300 	-16.245 	-29.757 	
32.596 	13.721 	58.325 	6.454 	2.176 	7.870 	
-312.407 	241.966 	-151.289 	-70.302 	54.875 	-33.178 	
348.390 	12.175 	88.063 	81.066 	2.366 	20.895 	
50.442 	0.596 	13.050 	23.146 	15.184 	14.519 	
43.413 	-3.186 	11.652 	29.083 	-3.520 	0.221 	
53.665 	109.630 	169.922 	10.105 	28.864 	44.569 	
53.131 	75.632 	59.939 	9.303 	16.514 	13.694 	
29.420 	4.040 	22.940 	20.746 	0.187 	5.146 	
35.621 	74.220 	-90.572 	5.102 	17.555 	-21.827 	
41.756 	-37.144 	19.895 	5.577 	-3.427 	4.262 	
3.078 	-26.635 	11.095 	6.550 	-6.289 	1.776 	
252.668 	-307.230 	0.643 	58.221 	-73.764 	0.196 	
65.139 	12.891 	0.103 	9.657 	0.392 	6.944 	
49.396 	-1.902 	18.525 	14.168 	-17.947 	8.183 	
0.989 	-345.709 	-117.811 	-0.225 	-77.972 	-25.787 	
-994.385 	1035.209 	-1176.696 	-226.865 	235.045 	-267.271 	
0.310 	-54.135 	89.658 	-3.481 	-12.250 	20.645 	
48.276 	-1.172 	14.372 	4.278 	9.980 	6.409 	
197.186 	118.909 	134.975 	45.322 	25.645 	29.608 	
103.152 	241.014 	-115.667 	22.257 	53.000 	-25.609 	
-128.777 	-0.119 	519.553 	-45.180 	0.111 	155.475 	
-58.226 	77.763 	-46.711 	-13.330 	15.349 	-9.700 	
221.385 	262.190 	-158.760 	48.533 	58.680 	-35.732 	
-277.454 	-13.264 	296.815 	-62.954 	-2.647 	66.284 	
92.350 	-4.379 	-71.446 	17.791 	-1.055 	-15.467 	
70.385 	-9.116 	14.583 	23.262 	-4.396 	5.880 	
74.790 	-10.265 	-0.609 	4.834 	0.209 	6.312 	
11.686 	82.068 	-94.211 	-0.102 	18.998 	-22.312 	
616.394 	-62.865 	272.256 	139.891 	-15.060 	61.895 	
152.740 	-21.994 	21.428 	38.744 	-5.895 	4.754 	
259.424 	-34.661 	-451.925 	70.484 	-10.323 	-134.041 	
92.315 	-25.593 	-10.012 	14.951 	-3.113 	-0.110 	
55.681 	-6.538 	10.112 	27.352 	-9.044 	-4.141 	
127.641 	12.948 	-201.084 	27.002 	2.337 	-43.559 	
132.468 	158.271 	-77.208 	27.726 	34.112 	-15.908 	
-704.127 	-451.302 	72.094 	-167.531 	-106.044 	16.879 	
75.165 	-11.000 	5.778 	7.539 	-1.806 	8.169 	
36.981 	19.289 	3.352 	10.546 	-10.589 	2.921 	
56.709 	9.587 	15.473 	-7.679 	-6.808 	0.064 	
34.617 	-30.358 	4.717 	11.012 	5.478 	0.148 	
204.860 	-12.378 	-8.651 	43.664 	-3.618 	-1.496 	
-23.392 	60.880 	20.890 	-12.668 	17.003 	5.004 	
-29.735 	133.458 	-202.817 	-8.212 	30.990 	-47.357 	
-36.770 	0.928 	-94.292 	-6.471 	0.631 	-17.478 	
98.585 	-121.736 	-118.823 	20.145 	-25.463 	-25.052 	
525.414 	592.642 	-435.521 	139.353 	162.400 	-119.694 	
30.350 	7.815 	6.642 	5.207 	0.607 	-1.652 	
22.929 	52.819 	341.522 	4.108 	11.673 	76.091 	
49.199 	0.533 	9.483 	-1.895 	14.417 	-4.154 	
80.174 	-13.187 	8.424 	22.770 	-4.865 	-0.564 	
314.430 	190.218 	19.024 	71.209 	41.773 	4.205 	
86.506 	-30.186 	2.922 	12.047 	-8.163 	5.496 	
34.452 	6.259 	15.531 	14.875 	-5.854 	-10.489 	
50.416 	-2.792 	10.876 	28.051 	-4.013 	2.076 	
155.624 	404.760 	-376.069 	34.431 	91.815 	-84.427 	
3.270 	-133.641 	-25.930 	0.145 	-25.743 	-4.922 	
-1.763 	-111.404 	-81.583 	-4.258 	-26.942 	-18.850 	
17.207 	25.670 	-0.101 	-0.258 	5.232 	2.167 	
54.865 	-5.775 	11.784 	13.209 	0.994 	-2.269 	
35.170 	-5.549 	27.078 	6.810 	2.856 	-6.958 	
48.992 	-12.047 	14.681 	10.744 	13.792 	4.193 	
44.253 	5.778 	16.924 	-1.237 	2.205 	4.467 	
38.065 	-48.009 	-3.725 	4.332 	-10.062 	0.402 	
50.198 	-2.723 	32.485 	6.662 	-8.180 	73.846 	
439.895 	-134.635 	425.968 	99.256 	-29.935 	97.263 	
37.697 	4.074 	15.280 	-3.884 	-0.210 	6.010 	
17.530 	48.334 	80.719 	-2.784 	13.170 	22.156 	
32.966 	-4.759 	21.683 	12.177 	4.389 	-3.567 	
53.215 	-11.454 	8.892 	13.738 	3.423 	12.811 	
-76.574 	67.264 	109.041 	-22.676 	16.314 	26.908 	
-243.059 	-383.111 	-70.610 	-66.197 	-99.043 	-18.392 	
43.109 	7.409 	11.226 	-4.806 	5.752 	4.323 	
-56.896 	155.719 	62.564 	-77.061 	141.240 	46.893 	
51.626 	-6.148 	12.203 	-9.901 	6.781 	5.994 	
439.632 	71.145 	-898.010 	99.829 	16.447 	-204.316 	
38.641 	-0.096 	13.470 	-10.935 	0.662 	-0.472 	
49.029 	67.033 	160.028 	8.169 	17.449 	41.169 	
187.741 	84.406 	-29.874 	41.081 	17.318 	-6.208 	
-648.734 	-484.111 	259.050 	-182.405 	-132.161 	70.481 	
-15.509 	83.990 	423.801 	-4.923 	19.489 	101.259 	
11.663 	-59.086 	26.529 	1.264 	-19.682 	8.544 	
83.511 	11.356 	22.363 	20.264 	-4.167 	-0.990 	
24.698 	-77.687 	-49.986 	0.494 	-21.232 	-13.418 	
-351.850 	-380.798 	58.836 	-86.113 	-90.970 	14.082 	
52.405 	6.375 	28.039 	11.008 	-0.711 	7.962 	
58.315 	9.400 	14.721 	16.655 	5.625 	0.524 	
52.199 	-7.422 	13.624 	26.660 	4.884 	7.641 	
258.643 	-12.234 	8.301 	101.801 	-4.173 	1.929 	
52.230 	-1.712 	12.572 	6.800 	-7.341 	-0.604 	
41.820 	25.134 	-80.169 	4.669 	6.222 	-21.327 	
94.405 	12.671 	-177.950 	20.547 	1.975 	-37.751 	
54.589 	-3.633 	7.948 	22.516 	2.393 	-3.034 	
183.437 	19.548 	215.556 	41.620 	3.737 	46.950 	
51.391 	-2.779 	13.918 	24.805 	22.975 	-6.182 	
52.644 	-0.782 	15.050 	19.015 	-14.815 	2.428 	
62.360 	-2.447 	-7.107 	37.073 	-12.058 	-31.226 	
48.233 	0.957 	11.404 	5.311 	-19.240 	-5.665 	
42.983 	-3.939 	15.290 	-36.849 	-10.352 	10.829 	
-95.271 	-94.528 	855.831 	-21.628 	-21.032 	193.672 	
-28.587 	3.094 	17.590 	-5.661 	-1.824 	4.268 	
78.224 	-74.294 	-252.108 	16.352 	-16.136 	-55.086 	
45.624 	-223.213 	253.714 	10.405 	-48.720 	56.427 	
79.183 	-256.464 	-57.846 	17.108 	-73.522 	-16.910 	
44.211 	-19.240 	21.186 	5.418 	-6.853 	5.894 	
-1357.668 	-310.246 	404.340 	-346.578 	-78.856 	102.348 	
47.572 	0.002 	11.660 	9.484 	18.938 	11.377 	
199.883 	-277.260 	12.912 	43.344 	-64.543 	3.010 	
118.733 	-427.977 	-241.333 	25.649 	-100.203 	-56.691 	
47.632 	-266.949 	-98.088 	8.261 	-59.012 	-21.723 	
-100.767 	125.788 	32.075 	-22.922 	25.299 	6.585 	
32.041 	6.040 	1.799 	5.282 	3.770 	4.066 	
59.817 	-1.290 	15.044 	17.597 	-8.349 	3.596 	
38.574 	6.613 	15.889 	14.518 	11.033 	-0.500 	
52.175 	-4.100 	3.591 	1.653 	5.553 	-6.825 	
-1.243 	-74.715 	29.247 	29.449 	-44.091 	4.945 	
112.047 	-7.490 	-8.550 	21.291 	-0.188 	2.165 	
44.429 	2.540 	12.791 	27.569 	-4.892 	6.740 	
58.012 	4.950 	15.053 	-4.819 	-8.103 	-1.259 	
14.852 	-225.678 	-118.403 	-2.336 	-66.300 	-35.122 	
-297.619 	-111.012 	-296.948 	-72.645 	-25.750 	-69.126 	
48.593 	-0.975 	11.283 	11.577 	14.957 	5.754 	
-41.256 	-391.205 	-59.446 	-12.115 	-91.031 	-13.866 	
-91.593 	-13.788 	24.129 	-15.752 	-6.270 	7.647 	
55.672 	-0.739 	14.271 	31.594 	1.026 	1.163 	
-340.248 	-622.679 	29.160 	-82.938 	-146.214 	6.570 	
-187.199 	-89.419 	-279.693 	-45.954 	-20.844 	-64.666 	
-77.456 	-103.328 	373.626 	-21.913 	-23.074 	84.197 	
-82.268 	207.961 	-189.756 	-22.302 	47.842 	-43.232 	
44.554 	3.263 	14.111 	3.118 	-4.942 	-0.146 	
-340.557 	445.185 	-293.599 	-78.897 	100.618 	-67.731 	
709.961 	9.936 	-193.568 	165.897 	2.206 	-45.022 	
-155.294 	-261.778 	-181.907 	-38.763 	-61.017 	-41.976 	
-105.223 	-149.662 	65.881 	-26.245 	-32.755 	14.164 	
-578.352 	-2496.711 	-4918.195 	-189.434 	-793.447 	-1562.568 	
-123.750 	-48.353 	179.264 	-31.186 	-10.770 	39.805 	
-12.475 	30.297 	7.815 	-1.810 	0.324 	2.869 	
54.040 	-1.339 	10.337 	-18.494 	-6.405 	5.425 	
-232.033 	727.536 	6.848 	-57.742 	171.298 	1.735 	
-94.726 	257.958 	-79.004 	-39.852 	89.587 	-30.586 	
48.808 	-0.881 	11.816 	19.408 	18.479 	-4.727 	
-115.057 	35.973 	74.349 	-23.575 	5.512 	15.001 	
148.802 	-28.939 	291.749 	32.052 	-6.556 	67.335 	
54.343 	1.373 	14.441 	36.247 	20.644 	4.198 	
-112.216 	-16.781 	53.872 	-23.122 	0.760 	11.076 	
-143.360 	-380.893 	-109.599 	-35.702 	-88.946 	-25.307 	
-75.909 	-183.598 	-57.474 	-20.526 	-41.993 	-11.555 	
-98.738 	-18.588 	33.738 	-22.859 	-3.197 	3.770 	
-68.301 	-37.310 	48.776 	-17.070 	-2.669 	9.501 	
-274.054 	-147.782 	-8.378 	-65.937 	-33.947 	-1.532 	
58.104 	-162.222 	169.743 	10.367 	-36.495 	38.428 	
1.404 	7.739 	-28.552 	3.009 	0.547 	-0.808 	
-93.505 	-174.414 	-45.438 	-23.856 	-39.973 	-10.551 	
-73.070 	-35.220 	23.821 	-16.702 	-4.103 	6.059 	
44.087 	0.188 	21.133 	-10.520 	-0.325 	10.612 	
-145.334 	-43.086 	-264.437 	-36.860 	-9.846 	-61.154 	
-204.182 	-335.164 	305.160 	-49.437 	-76.665 	68.845 	
-163.985 	76.772 	42.979 	-64.029 	41.445 	13.144 	
48.826 	-0.831 	10.599 	15.477 	4.880 	-5.253 	
-11.932 	-15.084 	21.639 	0.828 	3.177 	2.239 	
-574.342 	641.570 	-4107.678 	-133.099 	145.957 	-934.076 	
-43.085 	-0.532 	36.814 	-9.901 	0.110 	3.650 	
-241.777 	-198.441 	56.480 	-54.849 	-43.742 	12.252 	
-64.108 	216.887 	193.183 	-18.298 	49.736 	44.456 	
-2.525 	-74.939 	107.594 	-2.394 	-14.472 	21.827 	
19.239 	3.898 	16.431 	-3.905 	3.744 	6.473 	
-43.662 	-1.084 	388.373 	-12.862 	-0.011 	90.379 	
774.443 	253.165 	-189.181 	179.333 	59.145 	-44.468 	
42.230 	3.753 	15.196 	6.008 	-9.875 	7.364 	
46.816 	2.879 	4.107 	20.597 	-6.371 	19.889 	
59.581 	-152.968 	141.232 	11.981 	-34.280 	31.860 	
62.581 	-7.642 	15.422 	9.298 	-4.912 	3.212 	
-360.904 	-25.434 	71.884 	-95.466 	-6.794 	18.079 	
-60.977 	44.594 	10.540 	-10.487 	6.325 	2.190 	
499.546 	-646.861 	4021.189 	111.109 	-146.837 	913.336 	
61.615 	-1.876 	12.521 	1.036 	1.140 	-8.492 	
-179.527 	34.984 	34.023 	-41.682 	7.685 	7.975 	
1812.235 	1596.091 	-522.356 	423.958 	375.291 	-122.918 	
126.049 	180.008 	-257.727 	24.601 	38.828 	-57.243 	
127.537 	294.318 	-22.319 	27.213 	67.890 	-5.384 	
-544.366 	-311.230 	-438.466 	-143.111 	-80.391 	-114.510 	
12.368 	0.960 	1.749 	10.642 	3.503 	-2.053 	
-211.240 	-58.039 	-122.713 	-51.045 	-12.911 	-27.253 	
-129.198 	54.540 	-3.746 	-30.737 	10.781 	0.387 	
-10.074 	6.146 	183.501 	-4.510 	0.490 	44.042 	
9.057 	-59.119 	-128.695 	1.260 	-13.627 	-29.194 	
-51.891 	49.213 	14.353 	-12.743 	6.390 	2.914 	
-47.256 	183.659 	-315.052 	-13.309 	42.800 	-73.400 	
-111.677 	-15.220 	52.678 	-27.088 	-4.947 	7.779 	
-93.604 	-9.744 	47.696 	-22.058 	-3.693 	6.851 	
15.312 	34.663 	-19.636 	3.711 	1.367 	0.400 	
-101.368 	47.157 	-9.042 	-23.748 	9.188 	-1.332 	
-118.199 	-25.943 	-240.800 	-37.731 	-7.375 	-67.269 	
-121.925 	65.420 	39.580 	-29.039 	12.382 	8.333 	
48.010 	0.197 	20.358 	26.318 	1.700 	20.100 	
50.229 	-126.568 	-90.761 	8.709 	-25.961 	-17.394 	
-52.042 	11.772 	171.721 	-13.952 	2.775 	35.862 	
-42.234 	-141.969 	-0.035 	-9.464 	-28.859 	0.536 	
23.695 	-104.183 	7.026 	6.275 	-19.515 	-0.586 	
-149.914 	230.385 	-2.265 	-37.333 	52.583 	-0.299 	
12.591 	-55.367 	16.316 	5.248 	-5.787 	4.369 	
-21.717 	-29.465 	-182.121 	-5.124 	-5.110 	-31.295 	
-113.065 	-286.929 	-214.065 	-26.431 	-64.535 	-48.128 	
1946.120 	1239.528 	-580.979 	663.589 	440.937 	-189.950 	
-10.024 	-38.582 	-131.805 	-6.609 	-9.800 	-32.848 	
-169.053 	-43.733 	56.217 	-39.509 	-8.796 	11.983 	
-34.874 	88.066 	-2.530 	-11.193 	14.768 	-0.133 	
-196.629 	192.928 	584.243 	-182.429 	311.721 	868.745 	
-18.860 	16.777 	-11.354 	-2.047 	0.600 	-2.311 	
-4.040 	-18.675 	29.764 	3.089 	-1.117 	6.898 	
54.142 	-6.150 	11.906 	10.700 	13.015 	-6.111 	
-44.917 	-317.540 	-86.074 	-12.426 	-73.631 	-19.905 	
-36.688 	-71.783 	16.114 	-7.578 	-11.944 	4.457 	
48.009 	-11.700 	4.925 	25.644 	3.201 	5.354 	
89.244 	-35.106 	29.732 	23.112 	-12.908 	7.681 	
-35.581 	48.772 	441.727 	-11.270 	11.564 	103.021 	
40.488 	-5.380 	13.176 	25.634 	0.481 	-4.734 	
46.580 	1.553 	13.520 	18.084 	-16.598 	10.219 	
-109.019 	375.599 	25.384 	-28.726 	87.262 	5.730 	
-564.564 	-285.610 	-1453.947 	-136.183 	-67.435 	-342.016 	
16.478 	-46.726 	116.664 	-2.755 	-12.811 	32.339 	
190.282 	122.407 	188.132 	40.079 	28.185 	43.282 	
-13.393 	-81.133 	4.854 	-3.883 	-13.231 	1.758 	
51.312 	-2.350 	14.085 	1.622 	-13.426 	-4.288 	
31.153 	-174.359 	215.437 	5.005 	-39.985 	49.021 	
-97.978 	110.657 	-65.919 	-21.641 	22.874 	-13.691 	
-51.134 	-28.129 	-23.788 	-11.150 	-3.615 	-2.053 	
-20.175 	1.119 	188.762 	-6.282 	-0.406 	40.709 	
-107.829 	-153.863 	49.827 	-27.741 	-31.671 	11.312 	
37.857 	-25.683 	9.946 	14.062 	-1.490 	8.950 	
-2137.928 	-1664.387 	220.701 	-505.361 	-391.398 	51.641 	
-7326.994 	1630.017 	-4675.969 	-1668.730 	369.939 	-1063.524 	
-10.260 	75.762 	24.753 	-26.900 	44.407 	9.519 	
-226.374 	-37.578 	-266.678 	-55.755 	-8.734 	-61.576 	
-35.467 	10.896 	80.585 	-6.085 	1.296 	12.904 	
-1.884 	304.857 	-126.050 	-3.453 	70.503 	-29.265 	
0.482 	-31.443 	-18.587 	-2.020 	-0.481 	1.839 	
0.150 	-6.582 	37.397 	5.891 	2.316 	3.878 	
63.762 	-4.909 	9.847 	18.893 	-0.748 	6.662 	
-137.254 	-186.744 	821.571 	-35.553 	-43.773 	193.210 	
19.847 	-15.154 	18.353 	13.993 	-4.253 	5.903 	
-34.541 	-5.409 	-33.708 	-4.200 	-0.839 	-2.627 	
-96.806 	229.965 	357.332 	-25.429 	53.643 	83.481 	
62.216 	-2.854 	18.582 	2.553 	11.280 	1.669 	
68.541 	-50.885 	-2.116 	9.228 	-9.541 	0.386 	
53.238 	-2.917 	11.969 	-8.232 	-7.522 	10.359 	
49.366 	1.241 	14.538 	15.131 	-12.308 	11.690 	
122.816 	11.346 	170.000 	26.826 	2.818 	42.931 	
-339.484 	103.542 	7.763 	-77.046 	23.045 	2.256 	
-124.303 	-452.533 	-72.971 	-32.318 	-105.090 	-17.111 	
45.170 	-6.380 	11.556 	11.801 	2.381 	6.651 	
-8.719 	179.548 	-28.506 	-3.496 	37.974 	-5.909 	
45.486 	0.433 	10.117 	14.005 	14.785 	-13.446 	
147.979 	-32.622 	37.277 	48.609 	-12.799 	12.651 	
-108.145 	28.360 	69.588 	-23.756 	6.761 	15.201 	
-257.297 	31.235 	37.596 	-62.282 	6.846 	8.863 	
-52.099 	30.061 	-45.760 	-114.420 	37.438 	-63.141 	
-135.417 	136.744 	-105.822 	-30.132 	29.498 	-23.661 	
-369.930 	20.689 	-965.138 	-87.729 	5.079 	-220.211 	
38.586 	-4.326 	15.200 	-12.603 	2.127 	5.866 	
-35.145 	82.025 	-215.274 	-11.882 	17.666 	-46.047 	
194.802 	-21.101 	48.148 	46.262 	-5.146 	11.898 	
368.798 	368.084 	-503.240 	84.562 	86.676 	-118.242 	
57.885 	135.398 	-35.413 	11.202 	66.233 	-19.803 	
-32.856 	-53.421 	132.722 	-9.346 	-11.024 	27.350 	
-56.698 	-253.945 	-8.366 	-15.973 	-57.822 	-1.888 	
185.318 	-255.411 	88.433 	57.812 	-89.252 	27.716 	
53.057 	2.071 	7.654 	-5.027 	-3.509 	14.601 	
-100.530 	-32.446 	30.578 	-22.540 	-2.861 	8.774 	
-135.455 	-166.275 	14.573 	-33.259 	-37.673 	3.298 	
688.925 	-22.648 	-95.005 	175.910 	-5.954 	-25.129 	
-67.057 	123.647 	-158.514 	-17.540 	27.929 	-35.735 	
-136.356 	54.803 	-315.263 	-34.860 	12.945 	-73.043 	
301.846 	12.569 	74.521 	65.498 	3.163 	15.771 	
303.622 	423.191 	-462.371 	68.061 	99.455 	-108.628 	
-466.294 	-354.354 	202.190 	-112.603 	-83.035 	47.480 	
18.519 	218.032 	-188.486 	1.223 	50.296 	-43.373 	
87.794 	23.282 	-12.206 	18.531 	4.383 	-3.264 	
53.689 	-4.242 	12.037 	48.274 	13.025 	7.335 	
-49.089 	260.509 	23.311 	-13.915 	59.681 	5.107 	
4.593 	-1.492 	24.072 	7.018 	0.867 	2.608 	
36.146 	6.700 	-50.112 	6.280 	0.724 	-3.797 	
-52.967 	-7.998 	45.986 	-11.463 	0.433 	7.418 	
55.737 	6.221 	14.305 	15.294 	3.433 	4.335 	
-107.559 	-30.028 	39.270 	-23.414 	-6.175 	9.434 	
-160.996 	262.871 	140.438 	-39.494 	58.961 	31.828 	
166.400 	-349.200 	-173.874 	36.631 	-81.370 	-40.855 	
65.779 	83.434 	-1.037 	11.710 	25.007 	-0.823 	
13.521 	121.747 	-0.831 	3.063 	25.080 	0.244 	
138.388 	-36.968 	80.256 	109.555 	-40.815 	84.284 	
-612.728 	468.063 	-511.827 	-147.293 	109.907 	-120.171 	
-195.493 	-226.493 	110.188 	-47.640 	-52.415 	25.390 	
123.180 	84.526 	-80.157 	37.598 	33.432 	-32.225 	
11.644 	-214.687 	-538.444 	137.841 	-315.013 	-858.510 	
-307.025 	-57.577 	15.835 	-73.502 	-13.079 	3.669 	
-1.248 	-6.046 	13.841 	3.332 	0.974 	-3.646 	
-115.495 	-255.385 	24.677 	-29.164 	-58.244 	5.408 	
43.025 	0.529 	14.371 	18.550 	0.733 	-2.113 	
-23.222 	124.202 	262.479 	-7.852 	28.470 	60.391 	
-171.624 	37.286 	-9.755 	-39.820 	7.295 	-1.043 	
-168.717 	37.957 	-75.217 	-40.548 	8.539 	-16.894 	
21.008 	199.209 	119.581 	2.097 	44.618 	27.294 	
55.137 	-30.878 	67.029 	7.529 	-7.678 	15.963 	
-33.554 	5.456 	-6.906 	-6.433 	-0.788 	3.992 	
-31.531 	-42.032 	-294.992 	-8.765 	-9.726 	-72.524 	
-70.219 	11.985 	28.854 	-14.901 	0.732 	9.410 	
40.677 	6.432 	9.772 	16.951 	-0.903 	7.149 	
794.848 	401.646 	382.717 	204.188 	104.309 	98.684 	
7.090 	93.080 	-16.887 	-1.263 	17.278 	-2.388 	
-137.566 	-42.482 	29.225 	-31.750 	-7.777 	5.702 	
-101.108 	-20.842 	28.352 	-23.125 	-1.374 	6.046 	
25.768 	-20.927 	-1.347 	12.842 	-2.057 	1.890 	
-37.070 	243.218 	-303.256 	-11.004 	56.677 	-70.480 	
-115.732 	-9.455 	43.704 	-25.882 	-3.272 	10.491 	
3.183 	-47.847 	33.204 	2.479 	-4.973 	2.365 	
703.239 	-1352.303 	-176.704 	156.063 	-306.947 	-39.552 	
-96.180 	-173.799 	121.827 	-23.668 	-37.557 	24.882 	
43.693 	4.739 	14.477 	6.611 	6.954 	0.519 	
-6.151 	-1.741 	44.149 	2.399 	-1.980 	3.048 	
-132.949 	30.112 	118.090 	-31.916 	6.080 	24.352 	
119.557 	-149.690 	-127.178 	29.308 	-41.565 	-34.983 	
-3.479 	-71.978 	-5.227 	-1.199 	-11.736 	2.225 	
44.535 	0.408 	20.024 	-7.564 	6.286 	19.769 	
-24.344 	13.520 	-230.875 	-6.929 	3.532 	-52.681 	
-97.051 	-8.023 	-215.154 	-26.137 	-2.235 	-48.615 	
-1441.932 	145.462 	-915.134 	-331.755 	32.890 	-208.365 	
1.199 	97.839 	-22.916 	-1.176 	17.961 	-2.447 	
-166.764 	350.687 	43.305 	-40.935 	81.726 	10.089 	
44.957 	-2.680 	-4.714 	-15.148 	-8.479 	-71.938 	
50.263 	-4.516 	13.457 	5.184 	-6.660 	-1.152 	
-163.648 	-183.218 	-4.163 	-39.800 	-40.916 	-0.977 	
20.267 	-16.802 	155.181 	2.049 	-3.846 	32.594 	
447.872 	446.731 	-431.630 	100.307 	101.166 	-97.546 	
-78.486 	-114.536 	51.730 	-19.631 	-24.101 	10.982 	
16.092 	9.582 	206.021 	0.825 	1.577 	55.628 	
97.793 	48.958 	40.773 	16.957 	6.601 	7.486 	
424.422 	-48.081 	294.172 	114.123 	-13.753 	82.256 	
-89.401 	80.870 	281.952 	-23.404 	18.960 	65.211 	
24.265 	-20.474 	17.231 	-2.899 	-8.116 	4.903 	
39.841 	-3.632 	12.661 	19.034 	6.459 	6.948 	
7247.225 	-1728.991 	4530.703 	1643.676 	-393.614 	1028.861 	
-56.114 	-1.014 	3.229 	-11.383 	0.905 	4.384 	
110.534 	3.356 	18.801 	17.729 	-0.932 	3.884 	
51.445 	0.832 	-2.699 	13.011 	4.209 	-1.615 	
-85.920 	327.456 	-193.755 	-23.475 	76.123 	-44.935 	
137.325 	-169.821 	-40.327 	91.691 	-141.333 	-42.337 	
50.052 	-2.327 	6.284 	1.767 	14.538 	-34.995 	
-79.648 	-20.846 	39.124 	-19.007 	-8.856 	10.356 	
-126.897 	33.774 	102.546 	-30.812 	7.451 	21.586 	
261.349 	-311.042 	-491.672 	59.090 	-72.881 	-115.589 	
108.088 	35.604 	-19.307 	35.761 	11.855 	-4.854 	
-59.818 	340.238 	-353.539 	-16.953 	79.804 	-82.787 	
-52.085 	-258.734 	140.224 	-15.076 	-59.654 	32.329 	
-79.437 	306.510 	-20.037 	-21.299 	70.717 	-4.711 	
-114.096 	135.338 	-146.183 	-29.162 	29.237 	-30.968 	
33.617 	-57.886 	-260.667 	6.427 	-13.385 	-61.645 	
1351.609 	-175.236 	832.334 	303.148 	-39.849 	188.644 	
-53.916 	277.679 	270.293 	-23.318 	85.513 	81.802 	
-129.113 	90.001 	-253.136 	-31.497 	20.872 	-58.313 	
-127.165 	9.639 	73.203 	-29.630 	2.976 	14.228 	
94.844 	-16.513 	-14.276 	17.296 	-1.080 	-3.967 	
258.611 	-186.221 	291.149 	59.877 	-44.783 	69.501 	
-785.173 	1353.925 	333.896 	-181.985 	307.942 	76.335 	
-19.680 	2.228 	77.949 	-4.842 	-2.494 	12.211 	
-217.169 	101.639 	-224.417 	-53.274 	23.573 	-52.094 	
364.563 	-172.455 	-289.745 	85.352 	-41.564 	-69.153 	
-227.318 	555.666 	-368.618 	-56.466 	130.707 	-86.675 	
-51.261 	-16.096 	60.070 	-9.419 	-3.098 	11.983 	
58.038 	-11.121 	12.581 	11.492 	2.174 	4.489 	
-41.889 	268.602 	211.146 	-12.446 	62.095 	48.919 	
-74.069 	-1.181 	13.457 	-16.459 	-1.284 	0.788 	
-49.133 	122.994 	217.668 	-13.565 	28.979 	52.214 	
348.255 	-514.478 	63.171 	77.011 	-116.453 	13.151 	
49.109 	-25.362 	20.906 	6.508 	6.221 	5.911 	
508.361 	-134.908 	177.275 	116.952 	-31.527 	41.467 	
-600.563 	392.433 	135.212 	-144.179 	92.327 	31.820 	
-2085.571 	-1615.206 	460.478 	-703.047 	-526.850 	163.227 	
258.353 	6.300 	825.236 	54.963 	1.680 	186.243 	
-156.115 	46.029 	-5.745 	-37.038 	9.393 	-0.265 	
-248.090 	237.007 	-174.417 	-57.980 	53.142 	-40.367 	
-135.833 	96.923 	-276.641 	-34.834 	22.221 	-63.784 	
-57.563 	-15.942 	34.666 	-11.027 	-4.333 	7.453 	
33.796 	11.079 	15.950 	15.593 	-13.151 	0.537 	
-196.502 	-44.039 	6.535 	-46.452 	-9.457 	2.582 	
-94.586 	-180.450 	-53.226 	-23.643 	-40.074 	-10.358 	
-15.651 	10.381 	46.589 	-3.581 	2.841 	8.207 	
88.670 	-35.103 	89.998 	17.475 	-7.548 	21.539 	
140.310 	5.285 	1170.082 	29.605 	1.020 	274.884 	
-196.959 	-46.219 	35.197 	-46.915 	-11.433 	7.079 	
22.855 	13.497 	1.573 	14.347 	-0.774 	2.127 	
56.066 	15.934 	10.833 	5.572 	1.302 	0.452 	
422.611 	502.485 	-80.704 	99.447 	120.815 	-19.505 	
-30.027 	28.889 	23.734 	-3.251 	5.826 	4.925 	
-48.353 	-18.073 	61.261 	-11.012 	-6.750 	12.823 	
18.192 	0.548 	17.761 	5.687 	3.645 	4.576 	
-91.880 	1.856 	-19.176 	-20.794 	0.476 	-1.216 	
-100.527 	-128.348 	406.669 	-26.431 	-28.801 	92.196 	
0.338 	149.234 	-375.751 	-2.898 	35.199 	-87.357 	
-14.413 	141.504 	131.388 	-10.699 	40.716 	37.775 	
-61.258 	61.720 	57.793 	-12.082 	9.946 	11.338 	
255.443 	-75.534 	-255.670 	54.165 	-16.601 	-58.312 	
-96.532 	196.921 	125.511 	-24.852 	44.635 	28.677 	
31.380 	-1.282 	70.037 	8.283 	-1.120 	10.556 	
83.773 	11.028 	22.047 	8.197 	9.050 	4.133 	
102.275 	32.687 	21.864 	20.063 	7.575 	4.651 	
56.220 	-5.887 	14.831 	-3.288 	1.526 	-4.602 	
-123.138 	-209.627 	-18.640 	-31.386 	-48.893 	-5.391 	
