## Las primeras 500 lineas corresponden a la esfera 1 
##las siguienets 500 lineas a la esfera 2
## Las primeras tres columnas corresponden a la posición en 'x', 'y' y 'z', las siguientes tres a las velocidades
18.241 	-586.823 	49.646 	-0.010 	-0.250 	0.028 	
167.580 	-174.968 	2.874 	0.087 	-0.077 	-0.004 	
195.134 	744.703 	523.308 	0.099 	0.317 	0.209 	
-666.566 	747.925 	493.098 	-0.307 	0.337 	0.220 	
-174.034 	-159.553 	687.207 	-0.051 	-0.067 	0.319 	
723.541 	483.259 	880.669 	0.344 	0.216 	0.378 	
782.545 	-409.587 	-760.402 	0.346 	-0.170 	-0.340 	
-750.217 	-453.586 	252.068 	-0.324 	-0.179 	0.124 	
654.518 	175.083 	429.632 	0.279 	0.096 	0.187 	
252.718 	241.596 	321.004 	0.106 	0.101 	0.153 	
671.414 	-58.136 	46.362 	0.282 	-0.021 	0.015 	
-160.138 	-600.853 	87.448 	-0.057 	-0.259 	0.045 	
91.310 	-427.943 	61.300 	0.068 	-0.185 	0.029 	
501.555 	672.932 	655.749 	0.200 	0.295 	0.284 	
-16.841 	575.240 	-927.893 	-0.009 	0.235 	-0.396 	
-320.654 	-87.944 	-3.808 	-0.142 	-0.017 	0.002 	
-348.931 	749.259 	-292.519 	-0.163 	0.316 	-0.132 	
85.287 	446.731 	-803.473 	0.032 	0.173 	-0.361 	
-1042.185 	-810.002 	-442.210 	-0.477 	-0.344 	-0.201 	
403.769 	-918.168 	-796.148 	0.158 	-0.409 	-0.351 	
79.724 	-891.606 	1017.508 	0.042 	-0.369 	0.456 	
85.470 	326.957 	923.215 	0.030 	0.138 	0.385 	
-233.469 	-440.659 	219.696 	-0.101 	-0.171 	0.084 	
-772.746 	-616.549 	287.916 	-0.325 	-0.256 	0.115 	
501.391 	-374.889 	622.168 	0.236 	-0.161 	0.260 	
-380.372 	-17.000 	808.888 	-0.143 	0.000 	0.346 	
38.139 	-505.903 	-40.901 	0.033 	-0.207 	-0.011 	
223.283 	-860.390 	651.917 	0.087 	-0.394 	0.292 	
-786.674 	775.381 	197.746 	-0.330 	0.336 	0.088 	
-452.460 	-677.912 	519.735 	-0.182 	-0.287 	0.235 	
-282.963 	-479.261 	-780.222 	-0.117 	-0.197 	-0.342 	
384.994 	636.777 	741.486 	0.159 	0.264 	0.327 	
749.198 	-282.862 	686.785 	0.328 	-0.123 	0.304 	
-523.988 	518.077 	61.434 	-0.201 	0.223 	0.029 	
83.385 	-244.099 	-881.377 	0.034 	-0.122 	-0.365 	
102.018 	-136.045 	91.763 	0.069 	-0.042 	0.040 	
-357.495 	-743.371 	-800.965 	-0.159 	-0.316 	-0.372 	
-383.221 	-900.906 	674.894 	-0.145 	-0.391 	0.294 	
-330.505 	-90.939 	478.692 	-0.155 	-0.032 	0.213 	
584.807 	-918.468 	655.590 	0.253 	-0.401 	0.293 	
988.255 	400.763 	-34.517 	0.436 	0.151 	-0.018 	
163.068 	-254.414 	92.816 	0.081 	-0.094 	0.028 	
407.721 	104.992 	643.767 	0.153 	0.046 	0.280 	
-12.828 	-637.211 	-417.666 	-0.025 	-0.278 	-0.180 	
133.119 	-182.467 	613.640 	0.077 	-0.081 	0.279 	
61.181 	152.077 	-320.577 	0.044 	0.074 	-0.127 	
980.547 	87.273 	-8.564 	0.409 	0.022 	0.008 	
-226.992 	881.661 	-228.585 	-0.097 	0.392 	-0.105 	
191.363 	-248.975 	-348.902 	0.100 	-0.115 	-0.149 	
819.214 	511.130 	264.195 	0.363 	0.241 	0.115 	
-771.620 	-268.104 	-598.498 	-0.327 	-0.126 	-0.276 	
459.152 	-77.527 	453.593 	0.184 	-0.030 	0.183 	
902.284 	-396.056 	-909.856 	0.413 	-0.193 	-0.401 	
-103.261 	591.795 	-5.736 	-0.022 	0.252 	0.009 	
-654.694 	737.865 	531.685 	-0.297 	0.311 	0.232 	
-163.798 	-849.418 	428.671 	-0.060 	-0.387 	0.199 	
-395.812 	-2.714 	-538.012 	-0.150 	-0.009 	-0.243 	
9.316 	-770.496 	-260.775 	0.022 	-0.339 	-0.119 	
-891.888 	628.380 	754.848 	-0.397 	0.287 	0.341 	
515.126 	824.261 	346.592 	0.231 	0.350 	0.134 	
-211.369 	868.943 	237.656 	-0.111 	0.386 	0.099 	
325.430 	530.601 	-312.248 	0.154 	0.223 	-0.132 	
-667.572 	928.437 	365.890 	-0.313 	0.416 	0.164 	
624.204 	154.110 	-316.202 	0.274 	0.087 	-0.138 	
711.015 	-869.245 	-891.996 	0.339 	-0.382 	-0.382 	
1035.785 	-362.756 	-896.999 	0.481 	-0.156 	-0.395 	
645.131 	-500.468 	-780.295 	0.311 	-0.221 	-0.345 	
-973.091 	1049.044 	-297.724 	-0.437 	0.481 	-0.141 	
1033.423 	493.169 	655.383 	0.478 	0.220 	0.279 	
-156.132 	357.688 	382.519 	-0.066 	0.123 	0.171 	
684.213 	283.898 	292.132 	0.316 	0.107 	0.116 	
261.646 	-63.039 	330.745 	0.138 	-0.016 	0.145 	
-19.257 	541.611 	-913.396 	-0.014 	0.256 	-0.398 	
-230.917 	-694.803 	-290.638 	-0.107 	-0.303 	-0.119 	
-391.210 	364.110 	568.722 	-0.191 	0.155 	0.244 	
415.720 	-129.784 	-264.506 	0.181 	-0.050 	-0.088 	
-18.286 	-242.273 	-644.743 	-0.013 	-0.083 	-0.284 	
792.195 	471.316 	-733.397 	0.356 	0.209 	-0.339 	
117.858 	-190.503 	-342.786 	0.041 	-0.073 	-0.161 	
-28.200 	-215.823 	779.908 	0.001 	-0.104 	0.339 	
-116.940 	734.398 	219.318 	-0.067 	0.306 	0.098 	
235.217 	-384.983 	-273.486 	0.083 	-0.160 	-0.106 	
467.669 	571.546 	759.166 	0.197 	0.259 	0.331 	
-183.027 	-621.951 	758.176 	-0.088 	-0.263 	0.342 	
583.923 	-343.050 	-123.632 	0.268 	-0.134 	-0.071 	
-569.601 	-780.379 	-763.785 	-0.235 	-0.334 	-0.325 	
565.874 	-166.052 	-329.371 	0.254 	-0.084 	-0.165 	
-566.934 	-640.903 	682.105 	-0.270 	-0.279 	0.302 	
-844.017 	-806.759 	522.563 	-0.354 	-0.355 	0.236 	
-770.765 	-307.291 	-99.212 	-0.317 	-0.150 	-0.034 	
975.222 	415.846 	697.009 	0.429 	0.205 	0.301 	
32.427 	365.841 	697.774 	0.009 	0.170 	0.307 	
53.729 	-151.412 	62.298 	0.033 	-0.079 	0.030 	
-134.268 	-818.702 	-364.429 	-0.046 	-0.372 	-0.146 	
808.070 	-553.156 	803.860 	0.351 	-0.228 	0.348 	
-323.091 	511.638 	-865.844 	-0.133 	0.222 	-0.358 	
786.577 	221.228 	517.986 	0.361 	0.082 	0.229 	
843.438 	196.907 	-581.498 	0.389 	0.088 	-0.252 	
948.396 	787.107 	119.472 	0.444 	0.340 	0.055 	
554.733 	-403.009 	547.679 	0.233 	-0.186 	0.237 	
-629.064 	848.548 	443.117 	-0.273 	0.356 	0.204 	
-999.901 	-740.057 	-336.979 	-0.455 	-0.321 	-0.132 	
270.385 	-939.455 	552.733 	0.123 	-0.424 	0.240 	
-422.399 	-119.983 	708.601 	-0.180 	-0.034 	0.323 	
487.950 	-222.825 	269.742 	0.238 	-0.098 	0.129 	
-892.478 	435.145 	808.916 	-0.373 	0.192 	0.348 	
-834.402 	-611.577 	554.827 	-0.383 	-0.260 	0.251 	
-982.641 	1021.793 	-424.745 	-0.443 	0.467 	-0.187 	
644.651 	-394.509 	8.471 	0.271 	-0.182 	0.020 	
1033.271 	-79.004 	-363.346 	0.471 	-0.047 	-0.140 	
-272.759 	-81.093 	504.735 	-0.107 	-0.044 	0.235 	
262.465 	-310.094 	468.462 	0.093 	-0.138 	0.206 	
439.508 	16.856 	166.310 	0.178 	-0.006 	0.063 	
-145.295 	922.849 	-351.562 	-0.074 	0.392 	-0.138 	
-605.772 	829.132 	823.619 	-0.268 	0.365 	0.369 	
-108.386 	882.669 	862.104 	-0.037 	0.394 	0.381 	
281.573 	-931.110 	-193.714 	0.117 	-0.410 	-0.062 	
-996.531 	-258.868 	938.883 	-0.430 	-0.132 	0.405 	
678.004 	-384.287 	-372.856 	0.294 	-0.186 	-0.145 	
-42.205 	669.013 	111.352 	-0.038 	0.287 	0.057 	
-476.668 	95.912 	551.091 	-0.195 	0.048 	0.258 	
518.188 	-719.642 	-330.971 	0.232 	-0.328 	-0.145 	
431.706 	-164.899 	-691.066 	0.186 	-0.049 	-0.309 	
879.910 	-382.428 	876.732 	0.371 	-0.173 	0.389 	
-919.757 	332.918 	476.342 	-0.421 	0.138 	0.203 	
293.650 	-137.641 	-354.394 	0.112 	-0.043 	-0.145 	
-984.097 	-631.437 	-393.122 	-0.426 	-0.272 	-0.156 	
-1007.030 	-956.107 	399.200 	-0.462 	-0.420 	0.168 	
-754.044 	383.438 	-948.218 	-0.332 	0.174 	-0.397 	
-829.121 	-834.611 	325.509 	-0.347 	-0.374 	0.141 	
-68.356 	-573.109 	436.593 	-0.044 	-0.245 	0.196 	
-209.847 	714.601 	-391.881 	-0.100 	0.317 	-0.185 	
-560.465 	483.510 	11.786 	-0.250 	0.201 	0.000 	
34.210 	285.567 	-824.729 	0.000 	0.111 	-0.352 	
1015.116 	-925.493 	106.062 	0.436 	-0.401 	0.035 	
-152.735 	-720.760 	-344.286 	-0.052 	-0.314 	-0.171 	
128.624 	-563.223 	278.686 	0.041 	-0.245 	0.104 	
-690.330 	-834.791 	661.975 	-0.282 	-0.377 	0.293 	
782.053 	-392.447 	-391.833 	0.345 	-0.161 	-0.170 	
306.646 	-706.782 	198.390 	0.160 	-0.305 	0.096 	
-702.619 	-409.966 	-539.631 	-0.288 	-0.188 	-0.235 	
906.679 	-273.775 	-230.264 	0.376 	-0.107 	-0.104 	
-588.064 	915.514 	201.750 	-0.263 	0.391 	0.099 	
-716.377 	-758.746 	102.487 	-0.317 	-0.331 	0.057 	
-214.059 	302.759 	338.016 	-0.105 	0.116 	0.145 	
557.506 	-122.524 	810.521 	0.241 	-0.052 	0.335 	
-426.313 	-83.201 	-326.276 	-0.176 	-0.014 	-0.144 	
3.484 	475.356 	734.773 	-0.009 	0.203 	0.299 	
864.427 	-776.969 	-902.032 	0.361 	-0.343 	-0.401 	
-94.935 	672.318 	-457.864 	-0.024 	0.279 	-0.204 	
830.305 	-910.381 	258.948 	0.367 	-0.396 	0.093 	
-677.817 	-273.906 	571.599 	-0.278 	-0.108 	0.247 	
234.232 	524.890 	963.659 	0.095 	0.212 	0.425 	
-978.254 	-962.903 	-347.644 	-0.428 	-0.419 	-0.162 	
-820.434 	-67.275 	-925.904 	-0.363 	-0.017 	-0.408 	
-52.155 	-392.995 	-335.748 	-0.042 	-0.170 	-0.145 	
851.824 	-211.506 	686.671 	0.417 	-0.090 	0.286 	
-865.924 	-428.112 	866.828 	-0.381 	-0.200 	0.377 	
-441.601 	-673.229 	948.487 	-0.180 	-0.299 	0.425 	
105.743 	-669.808 	555.396 	0.044 	-0.296 	0.250 	
901.186 	-769.404 	701.277 	0.418 	-0.341 	0.314 	
-320.849 	162.609 	203.065 	-0.124 	0.078 	0.075 	
-263.083 	-84.683 	477.734 	-0.156 	0.003 	0.246 	
446.937 	50.386 	-55.843 	0.212 	0.036 	-0.011 	
58.596 	-350.088 	207.325 	0.020 	-0.152 	0.078 	
-342.811 	-14.315 	-144.064 	-0.160 	-0.002 	-0.049 	
-339.008 	533.819 	-469.819 	-0.143 	0.235 	-0.207 	
1052.441 	-194.600 	-69.543 	0.469 	-0.108 	-0.027 	
306.877 	2.821 	-137.383 	0.135 	-0.014 	-0.041 	
396.345 	-188.167 	-231.469 	0.150 	-0.087 	-0.089 	
-612.605 	184.828 	996.304 	-0.260 	0.079 	0.444 	
542.217 	407.977 	31.360 	0.264 	0.166 	0.018 	
-850.951 	182.733 	376.401 	-0.386 	0.072 	0.161 	
253.556 	-35.287 	-284.027 	0.102 	-0.030 	-0.127 	
-977.486 	-444.940 	849.762 	-0.445 	-0.195 	0.370 	
-776.994 	-316.056 	-80.890 	-0.348 	-0.125 	-0.019 	
-398.221 	-215.913 	-209.245 	-0.171 	-0.095 	-0.095 	
600.499 	537.519 	798.286 	0.268 	0.239 	0.328 	
176.971 	-193.392 	767.248 	0.086 	-0.078 	0.342 	
916.724 	545.695 	969.877 	0.398 	0.254 	0.435 	
789.745 	709.160 	756.560 	0.344 	0.316 	0.354 	
862.010 	-707.714 	-723.188 	0.365 	-0.318 	-0.325 	
588.789 	883.145 	52.527 	0.279 	0.384 	0.020 	
-423.368 	58.925 	221.159 	-0.195 	0.016 	0.112 	
-189.990 	56.652 	-533.796 	-0.073 	0.033 	-0.251 	
-107.863 	408.740 	448.833 	-0.065 	0.177 	0.195 	
-979.469 	-895.579 	508.319 	-0.434 	-0.380 	0.242 	
-391.041 	297.364 	-367.191 	-0.168 	0.138 	-0.151 	
-264.782 	-843.390 	-625.606 	-0.118 	-0.357 	-0.277 	
-485.762 	-807.323 	-484.664 	-0.191 	-0.351 	-0.212 	
80.357 	-892.390 	-737.044 	0.031 	-0.384 	-0.316 	
745.915 	312.189 	47.518 	0.352 	0.140 	0.028 	
864.957 	-62.530 	-626.694 	0.380 	-0.032 	-0.261 	
-414.024 	143.545 	26.458 	-0.156 	0.057 	0.026 	
-363.492 	436.930 	232.000 	-0.180 	0.186 	0.102 	
898.040 	-381.968 	17.227 	0.389 	-0.183 	-0.008 	
-504.467 	348.495 	-917.916 	-0.227 	0.146 	-0.408 	
928.212 	-96.433 	571.598 	0.401 	-0.025 	0.260 	
161.720 	298.969 	245.125 	0.094 	0.140 	0.119 	
551.712 	-203.020 	-405.038 	0.257 	-0.075 	-0.162 	
-563.262 	732.516 	152.327 	-0.242 	0.301 	0.073 	
-26.893 	-724.880 	434.054 	0.006 	-0.298 	0.181 	
-115.032 	-80.204 	-760.854 	-0.031 	-0.031 	-0.325 	
-262.099 	34.956 	153.796 	-0.122 	0.020 	0.069 	
-113.588 	-808.523 	-778.836 	-0.041 	-0.343 	-0.354 	
-230.028 	-330.761 	855.438 	-0.087 	-0.154 	0.351 	
988.081 	-115.843 	-730.513 	0.445 	-0.066 	-0.315 	
-222.758 	154.402 	-165.335 	-0.093 	0.060 	-0.061 	
811.997 	-885.519 	802.323 	0.374 	-0.380 	0.352 	
-293.773 	-329.187 	282.677 	-0.125 	-0.125 	0.117 	
-284.141 	-49.892 	827.908 	-0.107 	-0.005 	0.361 	
158.114 	436.171 	88.669 	0.095 	0.189 	0.041 	
-897.123 	944.619 	-687.014 	-0.403 	0.415 	-0.300 	
18.292 	-251.207 	-931.314 	0.034 	-0.103 	-0.410 	
-174.911 	-521.008 	579.244 	-0.067 	-0.204 	0.256 	
-535.453 	-436.913 	-399.109 	-0.248 	-0.193 	-0.171 	
495.446 	902.272 	-741.337 	0.221 	0.399 	-0.348 	
-513.071 	71.132 	588.795 	-0.244 	0.030 	0.254 	
-5.313 	124.376 	469.089 	-0.015 	0.056 	0.186 	
-199.827 	-139.325 	391.585 	-0.054 	-0.085 	0.106 	
876.152 	-186.645 	-543.161 	0.381 	-0.103 	-0.246 	
1024.312 	-953.325 	-10.877 	0.445 	-0.420 	0.012 	
-720.215 	-537.166 	-30.485 	-0.332 	-0.248 	-0.023 	
50.334 	-795.071 	189.760 	0.009 	-0.334 	0.093 	
-353.541 	72.189 	778.085 	-0.161 	0.019 	0.327 	
-524.151 	944.930 	21.700 	-0.209 	0.409 	0.022 	
-694.731 	-747.862 	323.884 	-0.299 	-0.315 	0.134 	
834.268 	-351.858 	-683.358 	0.372 	-0.149 	-0.315 	
-600.290 	-905.237 	566.360 	-0.264 	-0.377 	0.249 	
-414.869 	17.997 	333.773 	-0.180 	-0.013 	0.153 	
-438.090 	92.445 	870.789 	-0.191 	0.041 	0.395 	
-793.318 	584.607 	-174.632 	-0.340 	0.253 	-0.053 	
-728.439 	262.214 	24.934 	-0.335 	0.114 	0.012 	
-281.963 	230.743 	-470.108 	-0.120 	0.114 	-0.198 	
831.024 	1011.476 	-931.867 	0.359 	0.465 	-0.418 	
-659.092 	378.695 	507.090 	-0.302 	0.164 	0.238 	
-783.935 	-76.879 	-800.903 	-0.328 	-0.039 	-0.351 	
447.642 	-632.540 	329.323 	0.205 	-0.286 	0.125 	
658.107 	748.519 	-78.365 	0.316 	0.328 	-0.024 	
796.388 	395.976 	-900.412 	0.338 	0.181 	-0.380 	
527.932 	258.335 	-623.661 	0.223 	0.106 	-0.251 	
-398.248 	-772.768 	-213.671 	-0.165 	-0.319 	-0.097 	
701.017 	-339.202 	113.088 	0.318 	-0.140 	0.026 	
-366.418 	651.715 	143.077 	-0.045 	0.375 	0.096 	
202.519 	-566.938 	848.512 	0.093 	-0.239 	0.348 	
-469.545 	316.441 	-349.580 	-0.206 	0.132 	-0.164 	
-672.395 	-24.917 	325.146 	-0.308 	-0.013 	0.154 	
727.540 	-245.033 	778.380 	0.334 	-0.114 	0.320 	
185.905 	-543.746 	-876.980 	0.096 	-0.246 	-0.362 	
1008.912 	174.977 	-573.138 	0.463 	0.077 	-0.255 	
320.507 	-221.275 	746.700 	0.160 	-0.096 	0.321 	
-651.855 	808.414 	-185.278 	-0.259 	0.356 	-0.077 	
-384.418 	-382.889 	312.350 	-0.175 	-0.166 	0.148 	
-341.193 	-429.165 	128.827 	-0.144 	-0.187 	0.082 	
904.237 	-15.959 	391.950 	0.406 	0.012 	0.182 	
-621.971 	61.154 	538.023 	-0.275 	0.027 	0.259 	
22.871 	363.995 	-681.481 	-0.007 	0.161 	-0.310 	
-688.345 	-879.322 	-843.904 	-0.283 	-0.379 	-0.385 	
487.914 	761.175 	-348.165 	0.203 	0.323 	-0.148 	
-911.848 	439.665 	565.070 	-0.406 	0.195 	0.234 	
-940.243 	41.444 	371.272 	-0.428 	0.029 	0.160 	
312.801 	-759.556 	-807.714 	0.127 	-0.340 	-0.335 	
-1106.616 	127.900 	7.379 	-0.596 	-0.015 	-0.005 	
-884.976 	-348.105 	445.880 	-0.379 	-0.156 	0.206 	
538.966 	-201.722 	-605.467 	0.230 	-0.090 	-0.284 	
243.978 	169.813 	86.492 	0.121 	0.079 	0.056 	
-25.517 	-319.200 	252.908 	-0.011 	-0.154 	0.089 	
-922.667 	94.849 	-523.147 	-0.414 	0.032 	-0.242 	
747.952 	-90.916 	1015.289 	0.338 	-0.032 	0.460 	
-185.221 	-301.262 	563.870 	-0.081 	-0.145 	0.225 	
367.027 	-554.976 	-227.501 	0.147 	-0.238 	-0.091 	
117.687 	-116.348 	168.646 	0.062 	-0.066 	0.061 	
-820.916 	-962.845 	-495.593 	-0.364 	-0.434 	-0.215 	
475.055 	-476.152 	-821.044 	0.205 	-0.186 	-0.346 	
172.992 	174.826 	-209.201 	0.093 	0.149 	-0.090 	
-384.962 	-136.533 	300.228 	-0.164 	-0.043 	0.136 	
1018.084 	534.265 	-77.792 	0.470 	0.229 	-0.038 	
251.593 	-120.374 	-535.737 	0.100 	-0.049 	-0.238 	
-774.454 	251.395 	-956.396 	-0.332 	0.119 	-0.417 	
345.090 	315.930 	268.157 	0.165 	0.121 	0.131 	
952.646 	78.827 	-777.423 	0.401 	0.028 	-0.331 	
-382.593 	104.960 	-468.119 	-0.165 	0.060 	-0.215 	
-908.993 	845.702 	352.586 	-0.418 	0.373 	0.158 	
12.517 	-745.028 	-855.110 	0.021 	-0.323 	-0.392 	
655.964 	840.636 	-486.228 	0.291 	0.367 	-0.238 	
487.572 	-385.425 	69.923 	0.207 	-0.165 	0.052 	
501.203 	-827.540 	-634.689 	0.210 	-0.353 	-0.295 	
327.679 	-381.352 	541.576 	0.133 	-0.167 	0.234 	
410.765 	-424.240 	652.591 	0.181 	-0.175 	0.288 	
844.831 	908.582 	-786.455 	0.362 	0.405 	-0.363 	
760.165 	-161.997 	541.863 	0.345 	-0.058 	0.254 	
325.720 	-241.104 	-191.468 	0.150 	-0.094 	-0.084 	
-360.476 	-365.870 	699.435 	-0.175 	-0.154 	0.308 	
-446.119 	-176.484 	770.848 	-0.193 	-0.095 	0.338 	
173.227 	-470.077 	-284.995 	0.080 	-0.201 	-0.132 	
-628.070 	-88.801 	-8.154 	-0.274 	-0.046 	-0.010 	
-141.010 	770.053 	-968.639 	-0.040 	0.350 	-0.425 	
-719.366 	-243.826 	502.788 	-0.332 	-0.107 	0.215 	
-33.442 	-778.704 	787.955 	-0.013 	-0.328 	0.355 	
-393.294 	269.624 	764.025 	-0.154 	0.129 	0.330 	
-89.921 	-25.869 	533.773 	-0.049 	-0.016 	0.235 	
660.685 	-498.090 	29.808 	0.299 	-0.230 	-0.006 	
-91.028 	-352.896 	204.401 	-0.012 	-0.148 	0.102 	
-232.468 	-344.551 	756.901 	-0.075 	-0.147 	0.337 	
-927.718 	-266.326 	253.638 	-0.425 	-0.118 	0.114 	
-225.748 	-645.561 	-136.643 	-0.117 	-0.272 	-0.060 	
283.956 	-897.715 	502.582 	0.115 	-0.412 	0.214 	
345.311 	-691.297 	-204.580 	0.144 	-0.306 	-0.076 	
380.177 	-844.347 	-124.138 	0.174 	-0.377 	-0.039 	
278.347 	56.521 	776.177 	0.106 	0.012 	0.339 	
-846.798 	421.734 	63.571 	-0.378 	0.182 	0.023 	
-231.405 	225.307 	409.744 	-0.079 	0.087 	0.170 	
-319.666 	-500.297 	787.280 	-0.150 	-0.219 	0.363 	
-704.179 	-855.249 	706.493 	-0.309 	-0.366 	0.330 	
516.750 	584.288 	-901.821 	0.218 	0.250 	-0.383 	
-325.512 	528.348 	-863.059 	-0.122 	0.238 	-0.371 	
-94.665 	-718.004 	-573.037 	-0.019 	-0.315 	-0.256 	
-51.646 	-29.101 	139.143 	0.002 	-0.029 	0.055 	
618.382 	-292.018 	183.403 	0.276 	-0.128 	0.067 	
460.869 	296.112 	-553.437 	0.227 	0.130 	-0.238 	
-633.081 	-806.137 	500.491 	-0.265 	-0.372 	0.208 	
1006.579 	-206.127 	-927.728 	0.460 	-0.090 	-0.415 	
-183.491 	659.698 	240.931 	-0.062 	0.295 	0.097 	
-534.456 	758.127 	-646.117 	-0.238 	0.331 	-0.288 	
-766.659 	501.513 	-258.782 	-0.313 	0.217 	-0.114 	
8.247 	285.419 	-93.438 	-0.009 	0.103 	-0.041 	
-837.526 	294.254 	76.875 	-0.347 	0.148 	0.029 	
-34.738 	-720.627 	-574.176 	-0.018 	-0.305 	-0.229 	
-657.459 	-394.237 	66.120 	-0.293 	-0.165 	0.010 	
482.432 	407.086 	-538.163 	0.234 	0.180 	-0.228 	
-641.460 	933.599 	95.073 	-0.284 	0.400 	0.060 	
457.845 	-91.502 	-686.047 	0.211 	-0.034 	-0.300 	
-106.613 	107.053 	-218.572 	-0.038 	0.026 	-0.079 	
-897.232 	-438.272 	-818.027 	-0.390 	-0.210 	-0.370 	
426.343 	-164.758 	120.510 	0.179 	-0.078 	0.062 	
-732.593 	-188.885 	804.821 	-0.323 	-0.077 	0.357 	
724.179 	-64.013 	700.528 	0.319 	-0.037 	0.291 	
283.717 	-53.693 	-625.399 	0.110 	-0.037 	-0.272 	
778.693 	298.996 	-41.339 	0.326 	0.135 	-0.030 	
348.787 	144.365 	561.507 	0.142 	0.072 	0.239 	
-47.706 	420.929 	-717.303 	-0.033 	0.185 	-0.303 	
910.484 	-695.719 	-312.172 	0.422 	-0.302 	-0.126 	
-838.748 	-846.630 	896.361 	-0.376 	-0.378 	0.392 	
-751.874 	-526.548 	-19.815 	-0.324 	-0.222 	-0.008 	
605.386 	136.464 	194.637 	0.241 	0.058 	0.086 	
929.252 	-245.328 	268.379 	0.410 	-0.099 	0.105 	
-785.469 	271.074 	390.252 	-0.337 	0.131 	0.192 	
58.595 	-58.558 	-3.775 	0.007 	-0.022 	0.006 	
-293.150 	-555.928 	738.228 	-0.108 	-0.235 	0.332 	
-118.374 	-443.822 	-382.859 	-0.040 	-0.203 	-0.153 	
898.955 	-332.448 	-622.516 	0.395 	-0.163 	-0.266 	
136.167 	-546.833 	-519.397 	0.038 	-0.232 	-0.219 	
676.910 	-767.940 	943.608 	0.312 	-0.321 	0.410 	
-881.497 	-372.830 	-473.709 	-0.375 	-0.153 	-0.201 	
-764.713 	-197.185 	-306.350 	-0.350 	-0.099 	-0.128 	
86.167 	-196.802 	728.314 	0.063 	-0.087 	0.314 	
507.281 	-532.786 	419.576 	0.249 	-0.234 	0.172 	
-470.504 	417.080 	415.286 	-0.224 	0.173 	0.187 	
-861.886 	-506.777 	707.729 	-0.372 	-0.200 	0.315 	
-662.451 	1.702 	208.384 	-0.296 	-0.004 	0.103 	
-561.438 	-650.018 	113.789 	-0.232 	-0.275 	0.040 	
836.167 	840.667 	547.321 	0.375 	0.345 	0.233 	
813.960 	452.056 	-154.273 	0.378 	0.209 	-0.073 	
-812.153 	-769.359 	183.540 	-0.354 	-0.331 	0.093 	
-659.773 	221.452 	380.188 	-0.295 	0.088 	0.161 	
-574.255 	66.991 	445.015 	-0.230 	0.041 	0.202 	
-498.620 	-229.700 	-936.602 	-0.221 	-0.112 	-0.428 	
-460.933 	-496.384 	-726.921 	-0.207 	-0.228 	-0.330 	
998.995 	1008.778 	-496.034 	0.447 	0.458 	-0.210 	
962.384 	363.145 	-754.270 	0.427 	0.149 	-0.347 	
-247.098 	-392.669 	-279.599 	-0.108 	-0.184 	-0.114 	
-265.420 	-362.801 	640.443 	-0.113 	-0.180 	0.276 	
228.599 	-45.537 	122.262 	0.117 	-0.027 	0.041 	
297.461 	121.233 	216.719 	0.142 	0.039 	0.089 	
-538.036 	589.702 	565.803 	-0.249 	0.259 	0.246 	
-627.518 	774.044 	-865.889 	-0.278 	0.323 	-0.382 	
-262.930 	-605.584 	-946.211 	-0.109 	-0.248 	-0.423 	
798.591 	-390.324 	-606.724 	0.330 	-0.165 	-0.259 	
-14.398 	2.051 	-593.523 	-0.005 	0.004 	-0.260 	
292.448 	727.876 	299.371 	0.134 	0.332 	0.141 	
462.617 	-83.011 	-3.235 	0.227 	-0.029 	-0.006 	
384.214 	461.739 	507.741 	0.175 	0.194 	0.247 	
253.902 	-379.220 	-427.813 	0.126 	-0.161 	-0.174 	
821.131 	-689.827 	-594.898 	0.386 	-0.306 	-0.261 	
268.013 	221.008 	-563.183 	0.122 	0.099 	-0.253 	
-632.179 	-641.535 	-20.894 	-0.266 	-0.296 	-0.007 	
548.481 	339.625 	422.340 	0.218 	0.141 	0.183 	
692.671 	296.909 	110.272 	0.327 	0.116 	0.037 	
-78.850 	-839.394 	745.993 	-0.027 	-0.362 	0.346 	
34.619 	310.393 	809.865 	0.038 	0.134 	0.338 	
668.138 	-40.413 	764.368 	0.315 	-0.013 	0.330 	
814.398 	329.567 	-61.026 	0.353 	0.133 	-0.013 	
-548.067 	-1005.958 	986.828 	-0.232 	-0.448 	0.447 	
-1021.979 	-859.482 	925.851 	-0.460 	-0.370 	0.411 	
944.831 	812.531 	3.852 	0.437 	0.344 	0.001 	
989.639 	231.767 	830.518 	0.438 	0.080 	0.374 	
393.408 	125.800 	666.200 	0.161 	0.046 	0.280 	
-645.794 	-111.028 	-810.478 	-0.284 	-0.045 	-0.352 	
668.882 	354.727 	-292.980 	0.318 	0.157 	-0.134 	
-227.325 	507.244 	-855.860 	-0.104 	0.209 	-0.360 	
386.354 	404.871 	-118.165 	0.165 	0.175 	-0.057 	
568.342 	-370.539 	-515.702 	0.254 	-0.154 	-0.217 	
768.906 	700.429 	884.324 	0.337 	0.323 	0.398 	
127.942 	814.186 	-590.325 	0.037 	0.349 	-0.252 	
-844.943 	145.575 	337.479 	-0.357 	0.073 	0.151 	
223.351 	-890.595 	634.093 	0.115 	-0.390 	0.259 	
305.868 	-337.644 	-94.499 	0.125 	-0.163 	-0.040 	
711.139 	25.549 	-60.266 	0.311 	0.029 	-0.034 	
-448.942 	392.681 	-621.132 	-0.184 	0.181 	-0.281 	
463.314 	-775.344 	443.873 	0.196 	-0.351 	0.199 	
749.662 	781.978 	24.146 	0.346 	0.342 	0.020 	
524.849 	-875.890 	780.923 	0.227 	-0.363 	0.339 	
922.005 	-104.805 	183.186 	0.407 	-0.024 	0.091 	
1040.773 	820.837 	539.521 	0.449 	0.360 	0.239 	
245.121 	-681.053 	379.747 	0.128 	-0.301 	0.166 	
-524.291 	-926.080 	883.453 	-0.233 	-0.419 	0.388 	
372.131 	-218.413 	-209.400 	0.184 	-0.081 	-0.084 	
-52.950 	36.685 	167.190 	-0.035 	0.007 	0.062 	
-802.676 	1010.345 	848.799 	-0.368 	0.463 	0.369 	
11.059 	83.267 	820.400 	0.029 	0.041 	0.346 	
-114.490 	792.266 	757.326 	-0.057 	0.361 	0.321 	
659.206 	-710.608 	792.376 	0.307 	-0.326 	0.356 	
-725.381 	-803.538 	786.289 	-0.322 	-0.331 	0.346 	
-853.571 	-568.423 	645.047 	-0.378 	-0.239 	0.285 	
-661.237 	581.279 	276.897 	-0.277 	0.266 	0.131 	
-183.055 	-990.957 	193.678 	-0.056 	-0.436 	0.081 	
102.090 	-480.470 	673.941 	0.056 	-0.205 	0.296 	
-22.716 	117.092 	89.578 	-0.015 	0.038 	0.051 	
-751.821 	-877.266 	-744.068 	-0.345 	-0.386 	-0.309 	
-470.372 	-8.359 	503.696 	-0.194 	-0.017 	0.215 	
732.937 	257.527 	98.356 	0.303 	0.113 	0.056 	
337.754 	-483.332 	638.268 	0.158 	-0.225 	0.292 	
-740.243 	-443.931 	-630.567 	-0.316 	-0.182 	-0.269 	
58.118 	-332.254 	-194.221 	0.009 	-0.222 	-0.079 	
980.315 	76.009 	12.741 	0.418 	0.036 	0.013 	
-467.250 	-648.011 	-630.494 	-0.197 	-0.289 	-0.262 	
742.014 	-484.921 	41.500 	0.343 	-0.204 	0.025 	
-274.993 	667.048 	581.778 	-0.100 	0.285 	0.248 	
157.441 	-242.891 	836.126 	0.069 	-0.102 	0.355 	
804.229 	-106.821 	455.856 	0.360 	-0.053 	0.188 	
-267.900 	25.140 	-968.502 	-0.107 	0.021 	-0.432 	
-446.472 	-129.340 	-36.317 	-0.194 	-0.076 	-0.004 	
210.246 	762.953 	388.699 	0.083 	0.333 	0.175 	
-845.559 	240.432 	-148.087 	-0.383 	0.093 	-0.073 	
499.959 	-502.341 	274.311 	0.210 	-0.205 	0.107 	
-144.287 	188.634 	-197.743 	-0.083 	0.075 	-0.090 	
711.884 	-754.947 	139.682 	0.313 	-0.335 	0.072 	
116.874 	-187.745 	278.140 	0.032 	-0.075 	0.116 	
917.710 	-784.904 	317.599 	0.421 	-0.335 	0.137 	
-467.797 	93.720 	-63.719 	-0.185 	0.038 	-0.027 	
-730.038 	66.283 	807.215 	-0.325 	0.050 	0.348 	
976.017 	406.096 	-129.138 	0.431 	0.161 	-0.035 	
-609.301 	724.680 	-468.850 	-0.253 	0.329 	-0.195 	
-617.744 	718.328 	-261.423 	-0.247 	0.314 	-0.117 	
721.539 	-266.182 	-105.008 	0.305 	-0.092 	-0.041 	
-782.118 	161.184 	725.162 	-0.331 	0.077 	0.317 	
769.089 	-487.650 	-949.172 	0.361 	-0.201 	-0.416 	
-675.388 	-924.515 	-502.865 	-0.294 	-0.398 	-0.220 	
-225.248 	-104.115 	728.457 	-0.079 	-0.044 	0.308 	
-48.328 	-480.239 	-35.748 	-0.028 	-0.206 	-0.039 	
-105.747 	-127.625 	336.614 	-0.025 	-0.057 	0.162 	
551.362 	243.972 	206.868 	0.259 	0.114 	0.103 	
335.495 	-778.587 	-15.725 	0.164 	-0.322 	0.005 	
540.336 	-845.461 	-823.187 	0.217 	-0.371 	-0.363 	
-559.768 	852.017 	-230.655 	-0.241 	0.362 	-0.108 	
-727.222 	764.463 	219.481 	-0.299 	0.348 	0.093 	
-8.436 	-69.931 	-247.262 	0.002 	-0.034 	-0.117 	
-94.907 	-752.842 	563.509 	-0.015 	-0.325 	0.243 	
256.117 	-315.888 	824.924 	0.109 	-0.126 	0.377 	
809.777 	642.544 	-867.949 	0.371 	0.299 	-0.386 	
23.410 	-489.597 	-216.900 	0.007 	-0.214 	-0.075 	
953.434 	692.452 	-21.164 	0.443 	0.297 	-0.014 	
-401.287 	584.244 	-1017.661 	-0.155 	0.247 	-0.445 	
-26.446 	98.557 	-173.845 	-0.016 	0.024 	-0.086 	
-802.239 	-184.073 	323.438 	-0.329 	-0.085 	0.146 	
454.158 	-90.414 	8.805 	0.189 	-0.064 	0.002 	
-271.189 	-189.727 	833.108 	-0.122 	-0.086 	0.340 	
-163.750 	30.870 	-979.608 	-0.066 	0.026 	-0.430 	
779.230 	305.849 	361.555 	0.323 	0.137 	0.151 	
-813.022 	-508.276 	-1055.711 	-0.345 	-0.218 	-0.483 	
903.233 	-204.669 	205.709 	0.387 	-0.075 	0.096 	
556.711 	-896.504 	108.283 	0.246 	-0.398 	0.066 	
432.845 	874.195 	-584.191 	0.211 	0.369 	-0.249 	
743.720 	205.778 	-629.973 	0.315 	0.105 	-0.267 	
13.029 	-987.363 	877.412 	0.020 	-0.449 	0.378 	
307.284 	-309.606 	307.841 	0.162 	-0.134 	0.129 	
-2.157 	956.277 	432.007 	0.024 	0.420 	0.193 	
748.210 	-494.898 	-597.516 	0.351 	-0.223 	-0.262 	
371.711 	887.052 	-72.958 	0.175 	0.391 	-0.012 	
496.924 	256.752 	-292.733 	0.197 	0.116 	-0.124 	
803.552 	908.730 	-220.846 	0.340 	0.380 	-0.096 	
393.169 	475.116 	-300.093 	0.200 	0.206 	-0.128 	
288.919 	-231.275 	-124.522 	0.150 	-0.115 	-0.056 	
277.840 	-204.681 	357.602 	0.124 	-0.091 	0.130 	
-239.221 	-648.506 	-429.634 	-0.118 	-0.285 	-0.173 	
-961.406 	-329.715 	705.511 	-0.407 	-0.133 	0.305 	
-817.450 	-678.865 	-64.257 	-0.348 	-0.308 	-0.044 	
232.750 	801.378 	445.174 	0.096 	0.365 	0.192 	
-172.073 	-280.649 	379.970 	-0.094 	-0.120 	0.165 	
517.316 	-902.711 	111.428 	0.237 	-0.398 	0.055 	
-835.842 	-383.567 	593.952 	-0.425 	-0.165 	0.251 	
775.937 	-816.119 	-897.649 	0.272 	-0.372 	-0.383 	
-755.865 	-382.190 	-748.284 	-0.406 	-0.152 	-0.330 	
-207.785 	-845.426 	376.287 	-0.149 	-0.359 	0.184 	
738.361 	489.905 	-113.952 	0.234 	0.200 	-0.056 	
-447.716 	-788.629 	467.113 	-0.285 	-0.350 	0.212 	
1133.278 	-796.808 	-824.594 	0.431 	-0.362 	-0.372 	
835.159 	-559.119 	471.973 	0.292 	-0.246 	0.225 	
-185.731 	-512.802 	-834.468 	-0.174 	-0.212 	-0.364 	
522.539 	483.532 	-641.717 	0.146 	0.210 	-0.293 	
821.626 	280.564 	119.732 	0.298 	0.135 	0.038 	
293.192 	53.797 	224.637 	0.026 	0.008 	0.097 	
-798.234 	846.181 	919.854 	-0.437 	0.367 	0.393 	
491.203 	-679.767 	351.144 	0.116 	-0.300 	0.155 	
445.295 	1011.595 	937.234 	0.124 	0.450 	0.395 	
33.445 	782.097 	597.950 	-0.045 	0.345 	0.246 	
733.523 	-295.640 	362.303 	0.263 	-0.120 	0.169 	
355.142 	-956.267 	898.736 	0.061 	-0.418 	0.395 	
-21.224 	899.475 	293.107 	-0.077 	0.393 	0.147 	
603.446 	-887.216 	826.213 	0.197 	-0.399 	0.355 	
280.785 	250.091 	450.039 	0.040 	0.109 	0.200 	
-304.589 	926.348 	-935.391 	-0.188 	0.400 	-0.406 	
326.774 	305.000 	15.758 	0.092 	0.140 	0.009 	
819.816 	36.339 	-95.749 	0.269 	0.031 	-0.055 	
-901.310 	356.988 	-529.604 	-0.491 	0.158 	-0.230 	
220.304 	692.029 	410.235 	0.010 	0.310 	0.195 	
195.739 	-304.000 	-6.198 	0.015 	-0.147 	0.004 	
22.020 	-694.860 	-143.374 	-0.073 	-0.315 	-0.051 	
-527.059 	-174.630 	-204.204 	-0.326 	-0.073 	-0.093 	
-205.324 	449.165 	-932.057 	-0.147 	0.190 	-0.404 	
256.333 	345.324 	-180.470 	0.059 	0.147 	-0.065 	
-280.040 	889.839 	263.824 	-0.182 	0.406 	0.128 	
-501.803 	658.142 	-821.408 	-0.313 	0.284 	-0.372 	
142.654 	836.941 	711.379 	-0.019 	0.371 	0.297 	
390.124 	-948.314 	806.115 	0.093 	-0.403 	0.353 	
352.010 	-790.801 	87.411 	0.090 	-0.335 	0.050 	
261.145 	-166.089 	-734.498 	0.026 	-0.064 	-0.321 	
-624.902 	284.183 	834.576 	-0.360 	0.108 	0.378 	
-877.584 	617.002 	-3.115 	-0.470 	0.246 	0.005 	
912.154 	28.856 	-605.883 	0.332 	0.014 	-0.247 	
-347.725 	-394.060 	-520.795 	-0.221 	-0.156 	-0.239 	
-605.823 	-518.062 	-292.426 	-0.321 	-0.208 	-0.129 	
648.804 	-874.933 	-536.489 	0.191 	-0.378 	-0.237 	
-590.379 	267.102 	-620.451 	-0.327 	0.124 	-0.250 	
-263.092 	-180.037 	-235.876 	-0.206 	-0.062 	-0.112 	
921.234 	953.970 	-532.857 	0.335 	0.436 	-0.220 	
487.183 	-640.377 	-525.438 	0.138 	-0.269 	-0.244 	
-544.994 	800.853 	-835.402 	-0.313 	0.332 	-0.374 	
-196.804 	-463.086 	-382.014 	-0.134 	-0.205 	-0.167 	
141.511 	-139.904 	276.480 	-0.035 	-0.065 	0.120 	
114.681 	4.395 	46.813 	-0.029 	0.011 	0.015 	
434.353 	1009.416 	-81.620 	0.139 	0.448 	-0.036 	
447.183 	-594.564 	-294.980 	0.146 	-0.259 	-0.125 	
716.267 	407.190 	334.927 	0.234 	0.182 	0.145 	
-675.521 	-151.596 	555.464 	-0.373 	-0.044 	0.229 	
-157.998 	620.591 	556.866 	-0.136 	0.285 	0.258 	
-527.252 	409.191 	721.384 	-0.328 	0.180 	0.312 	
-213.049 	-212.859 	-411.079 	-0.154 	-0.075 	-0.168 	
-547.081 	-419.631 	-347.627 	-0.295 	-0.202 	-0.150 	
-540.909 	-16.182 	107.299 	-0.307 	0.009 	0.034 	
-149.851 	-836.235 	257.783 	-0.122 	-0.351 	0.123 	
358.023 	-116.355 	-20.430 	0.086 	-0.049 	-0.015 	
589.265 	291.390 	506.488 	0.206 	0.128 	0.205 	
121.232 	-115.064 	-861.377 	-0.040 	-0.039 	-0.370 	
64.188 	-474.767 	-393.957 	-0.035 	-0.191 	-0.177 	
535.182 	-60.225 	832.818 	0.164 	-0.030 	0.363 	
236.654 	-251.881 	138.312 	0.014 	-0.115 	0.080 	
202.618 	-826.239 	873.375 	0.023 	-0.347 	0.389 	
404.266 	166.042 	415.221 	0.105 	0.079 	0.180 	
200.375 	-754.050 	-88.852 	-0.008 	-0.331 	-0.041 	
167.233 	-760.194 	-391.351 	-0.019 	-0.325 	-0.176 	
-713.851 	-755.714 	-67.106 	-0.388 	-0.315 	-0.024 	
-697.358 	-581.000 	-264.190 	-0.402 	-0.256 	-0.113 	
902.881 	-805.087 	-196.328 	0.339 	-0.360 	-0.101 	
-78.931 	-356.319 	-443.844 	-0.117 	-0.173 	-0.203 	
-85.129 	-131.046 	61.072 	-0.130 	-0.064 	0.029 	
-235.575 	696.679 	-488.133 	-0.167 	0.316 	-0.223 	
-294.121 	317.515 	315.723 	-0.212 	0.153 	0.125 	
-55.846 	254.384 	-480.005 	-0.118 	0.124 	-0.208 	
-678.904 	-600.280 	396.290 	-0.355 	-0.252 	0.170 	
522.625 	-660.646 	-175.432 	0.171 	-0.284 	-0.064 	
803.928 	173.474 	700.807 	0.261 	0.084 	0.305 	
-709.903 	507.065 	669.376 	-0.371 	0.221 	0.281 	
-267.115 	235.333 	281.133 	-0.214 	0.102 	0.118 	
-408.290 	-737.944 	1000.832 	-0.244 	-0.302 	0.444 	
-436.889 	-515.641 	47.454 	-0.267 	-0.236 	0.040 	
-502.481 	95.349 	-694.664 	-0.286 	0.041 	-0.309 	
855.097 	16.412 	-749.449 	0.321 	0.002 	-0.323 	
234.576 	316.157 	841.775 	0.042 	0.150 	0.360 	
-463.710 	489.007 	444.388 	-0.266 	0.206 	0.183 	
-237.110 	493.256 	646.449 	-0.154 	0.211 	0.283 	
-740.734 	700.903 	135.674 	-0.404 	0.329 	0.063 	
-158.270 	-300.912 	-420.245 	-0.133 	-0.150 	-0.166 	
-218.684 	-739.568 	163.434 	-0.173 	-0.319 	0.091 	
1019.644 	819.714 	-618.669 	0.398 	0.365 	-0.272 	
134.906 	-633.666 	-588.513 	0.005 	-0.276 	-0.274 	
-415.705 	-815.140 	-737.724 	-0.255 	-0.378 	-0.315 	
426.659 	1041.312 	-400.554 	0.102 	0.466 	-0.189 	
365.529 	-532.991 	754.153 	0.073 	-0.241 	0.333 	
1080.597 	-75.143 	-612.847 	0.418 	-0.040 	-0.272 	
413.125 	-133.187 	161.891 	0.092 	-0.060 	0.069 	
333.270 	921.554 	-492.401 	0.059 	0.407 	-0.219 	
-542.531 	-404.825 	-374.915 	-0.306 	-0.151 	-0.161 	
-263.236 	878.904 	-226.269 	-0.192 	0.359 	-0.089 	
-254.461 	-182.249 	-778.149 	-0.173 	-0.077 	-0.339 	
506.101 	-881.320 	-426.601 	0.159 	-0.398 	-0.174 	
723.130 	-262.196 	-32.962 	0.234 	-0.098 	0.001 	
989.067 	10.943 	556.840 	0.379 	0.006 	0.245 	
559.855 	698.072 	-939.507 	0.194 	0.304 	-0.418 	
-680.106 	276.405 	620.957 	-0.348 	0.124 	0.266 	
-29.654 	-5.679 	249.838 	-0.070 	0.003 	0.117 	
-192.006 	731.484 	635.375 	-0.167 	0.327 	0.282 	
1088.341 	808.219 	-174.168 	0.410 	0.357 	-0.082 	
-733.321 	133.052 	635.621 	-0.400 	0.038 	0.272 	
-892.603 	235.198 	-696.100 	-0.449 	0.110 	-0.307 	
-534.711 	-334.684 	-144.635 	-0.310 	-0.154 	-0.071 	
413.937 	295.233 	-398.118 	0.089 	0.129 	-0.187 	
798.247 	916.197 	-591.366 	0.282 	0.417 	-0.272 	
-549.777 	400.981 	-16.487 	-0.317 	0.158 	-0.017 	
269.150 	82.827 	190.800 	0.024 	0.029 	0.080 	
283.446 	-741.646 	-374.656 	0.028 	-0.326 	-0.168 	
-630.307 	-114.908 	-488.365 	-0.365 	-0.048 	-0.201 	
1081.087 	621.701 	-593.389 	0.422 	0.282 	-0.265 	
756.197 	133.879 	540.622 	0.265 	0.071 	0.219 	
352.882 	856.042 	180.375 	0.074 	0.359 	0.074 	
415.321 	-217.859 	-364.435 	0.094 	-0.105 	-0.145 	
880.618 	726.265 	-640.189 	0.296 	0.323 	-0.281 	
1007.152 	221.240 	-280.301 	0.388 	0.100 	-0.122 	
-458.237 	274.034 	-192.950 	-0.293 	0.101 	-0.074 	
-312.522 	-838.393 	-231.062 	-0.205 	-0.348 	-0.107 	
585.836 	978.688 	-935.041 	0.178 	0.438 	-0.408 	
964.355 	335.037 	-239.977 	0.350 	0.160 	-0.105 	
-557.079 	-575.334 	-585.970 	-0.327 	-0.254 	-0.241 	
-766.118 	50.886 	484.353 	-0.431 	0.026 	0.222 	
1031.269 	-525.282 	799.992 	0.397 	-0.227 	0.335 	
858.727 	55.127 	403.160 	0.281 	0.027 	0.178 	
313.925 	703.360 	566.529 	0.072 	0.321 	0.252 	
-767.216 	803.539 	-613.853 	-0.425 	0.347 	-0.285 	
-784.068 	77.466 	899.589 	-0.393 	0.034 	0.398 	
986.683 	-624.643 	-411.851 	0.361 	-0.293 	-0.185 	
-285.058 	384.911 	384.935 	-0.222 	0.167 	0.176 	
593.639 	623.643 	236.712 	0.183 	0.270 	0.112 	
797.135 	-113.829 	349.471 	0.289 	-0.056 	0.155 	
765.893 	328.063 	352.871 	0.247 	0.127 	0.139 	
-613.151 	-194.278 	826.222 	-0.328 	-0.086 	0.376 	
1029.881 	-740.467 	442.820 	0.387 	-0.319 	0.198 	
-93.211 	648.619 	-873.997 	-0.132 	0.283 	-0.383 	
-522.565 	-669.183 	1043.667 	-0.415 	-0.368 	0.618 	
249.916 	517.741 	29.618 	0.049 	0.224 	0.007 	
324.453 	-3.894 	109.423 	0.081 	0.008 	0.060 	
447.950 	705.516 	897.343 	0.139 	0.326 	0.392 	
-592.941 	87.323 	-72.359 	-0.343 	0.057 	-0.028 	
-821.599 	273.156 	-862.591 	-0.431 	0.125 	-0.367 	
441.846 	464.968 	141.866 	0.137 	0.205 	0.061 	
-146.502 	-646.885 	248.576 	-0.147 	-0.293 	0.102 	
582.432 	-168.101 	-378.120 	0.201 	-0.076 	-0.163 	
-119.802 	-108.672 	674.214 	-0.125 	-0.057 	0.279 	
-675.862 	673.806 	896.068 	-0.360 	0.306 	0.409 	
686.072 	-480.677 	41.397 	0.234 	-0.205 	0.042 	
-561.813 	-445.602 	-237.567 	-0.336 	-0.189 	-0.103 	
198.478 	728.257 	402.657 	-0.000 	0.317 	0.173 	
-248.341 	-239.553 	-880.540 	-0.158 	-0.106 	-0.380 	
-487.619 	28.696 	-737.006 	-0.308 	0.023 	-0.321 	
143.259 	494.916 	65.151 	0.001 	0.228 	0.024 	
-416.001 	-483.397 	9.197 	-0.266 	-0.194 	0.021 	
-685.716 	-870.816 	914.086 	-0.380 	-0.381 	0.420 	
319.791 	-0.569 	309.281 	0.075 	-0.003 	0.140 	
1052.245 	408.854 	-351.813 	0.379 	0.173 	-0.149 	
1050.328 	-642.052 	666.684 	0.398 	-0.289 	0.294 	
-863.319 	-508.462 	-1.079 	-0.450 	-0.207 	-0.006 	
-241.658 	144.659 	-728.947 	-0.196 	0.066 	-0.303 	
166.337 	-82.710 	429.579 	-0.016 	-0.025 	0.198 	
852.080 	-292.904 	-162.056 	0.276 	-0.137 	-0.071 	
217.119 	-18.071 	-591.158 	0.032 	-0.006 	-0.262 	
1111.887 	-834.496 	-1038.061 	0.419 	-0.359 	-0.473 	
18.482 	-576.390 	-181.001 	-0.059 	-0.232 	-0.095 	
-373.328 	763.721 	828.703 	-0.226 	0.333 	0.358 	
785.544 	111.680 	-721.343 	0.252 	0.049 	-0.319 	
-177.034 	747.084 	447.204 	-0.166 	0.329 	0.186 	
-540.173 	-233.434 	-355.687 	-0.323 	-0.094 	-0.173 	
172.824 	35.606 	247.892 	-0.012 	0.009 	0.088 	
-206.133 	-427.847 	538.450 	-0.178 	-0.179 	0.233 	
45.837 	565.802 	186.603 	-0.053 	0.226 	0.089 	
352.984 	-131.097 	-583.604 	0.060 	-0.070 	-0.247 	
-252.741 	-341.535 	730.949 	-0.182 	-0.126 	0.322 	
1022.230 	-288.846 	-957.461 	0.379 	-0.141 	-0.415 	
995.612 	-27.542 	-777.361 	0.378 	-0.015 	-0.359 	
582.377 	16.239 	889.276 	0.159 	0.014 	0.388 	
-100.798 	-522.515 	-440.390 	-0.114 	-0.225 	-0.170 	
441.185 	-995.512 	852.786 	0.123 	-0.413 	0.371 	
-638.955 	-373.099 	852.374 	-0.336 	-0.164 	0.366 	
-316.547 	-116.101 	-786.782 	-0.214 	-0.041 	-0.337 	
66.741 	771.773 	40.003 	-0.061 	0.347 	0.030 	
463.880 	397.028 	-811.893 	0.131 	0.165 	-0.353 	
632.284 	570.162 	-774.550 	0.212 	0.263 	-0.341 	
-862.136 	123.455 	553.569 	-0.446 	0.059 	0.243 	
-491.778 	-102.219 	726.861 	-0.291 	-0.070 	0.313 	
118.470 	590.272 	432.096 	-0.042 	0.257 	0.203 	
-30.252 	914.184 	831.289 	-0.065 	0.399 	0.363 	
-473.991 	-290.322 	885.025 	-0.296 	-0.131 	0.382 	
667.465 	523.273 	-280.005 	0.204 	0.226 	-0.113 	
100.747 	-253.618 	275.771 	-0.051 	-0.096 	0.119 	
-503.874 	824.241 	-790.803 	-0.295 	0.377 	-0.336 	
892.862 	684.466 	95.025 	0.341 	0.302 	0.043 	
768.654 	830.445 	291.471 	0.287 	0.362 	0.132 	
-711.611 	-838.852 	-442.620 	-0.402 	-0.377 	-0.194 	
1017.241 	-526.163 	550.537 	0.354 	-0.246 	0.242 	
-215.936 	-145.199 	143.066 	-0.143 	-0.064 	0.058 	
-595.515 	209.073 	388.034 	-0.358 	0.087 	0.169 	
-697.097 	-311.520 	82.126 	-0.403 	-0.137 	0.037 	
1025.502 	518.117 	806.025 	0.385 	0.220 	0.338 	
1076.524 	-318.754 	-51.282 	0.399 	-0.139 	-0.033 	
304.780 	-788.248 	-268.766 	0.084 	-0.341 	-0.118 	
-430.821 	424.449 	-267.789 	-0.243 	0.178 	-0.124 	
23.652 	-737.670 	-823.106 	-0.088 	-0.322 	-0.362 	
-905.902 	-327.850 	818.927 	-0.481 	-0.157 	0.342 	
-576.197 	172.009 	521.962 	-0.348 	0.076 	0.221 	
347.874 	-704.509 	410.890 	0.060 	-0.316 	0.191 	
53.810 	-530.554 	70.327 	-0.047 	-0.213 	0.040 	
-28.312 	-102.962 	-311.997 	-0.064 	-0.041 	-0.133 	
256.398 	-410.184 	232.477 	0.018 	-0.164 	0.100 	
-553.430 	-450.968 	6.700 	-0.308 	-0.202 	0.022 	
-752.843 	395.279 	-158.846 	-0.428 	0.175 	-0.060 	
-592.478 	-662.114 	-581.057 	-0.332 	-0.301 	-0.252 	
1035.374 	-858.929 	241.606 	0.397 	-0.386 	0.107 	
-251.101 	864.315 	259.266 	-0.190 	0.363 	0.131 	
-603.350 	-246.496 	-45.108 	-0.318 	-0.128 	-0.014 	
1036.560 	-291.810 	873.272 	0.383 	-0.135 	0.394 	
269.021 	125.027 	640.031 	0.056 	0.044 	0.290 	
416.070 	-166.404 	-664.902 	0.098 	-0.085 	-0.275 	
-87.228 	449.170 	31.956 	-0.122 	0.200 	0.007 	
1152.529 	888.183 	554.427 	0.423 	0.401 	0.229 	
-530.342 	-345.171 	1163.871 	-0.325 	-0.162 	0.542 	
-663.079 	205.640 	-605.982 	-0.347 	0.084 	-0.266 	
-286.049 	-130.200 	315.967 	-0.213 	-0.037 	0.142 	
1078.009 	-437.243 	-764.037 	0.385 	-0.189 	-0.330 	
-430.177 	379.060 	105.821 	-0.257 	0.161 	0.040 	
-134.592 	601.608 	51.450 	-0.140 	0.243 	0.021 	
323.748 	103.658 	834.519 	0.079 	0.067 	0.359 	
-176.313 	-445.114 	292.730 	-0.137 	-0.203 	0.132 	
-422.062 	548.054 	393.352 	-0.241 	0.229 	0.183 	
519.448 	347.159 	217.472 	0.154 	0.145 	0.120 	
23.904 	-65.792 	323.871 	-0.079 	-0.019 	0.151 	
966.886 	-598.430 	657.687 	0.336 	-0.255 	0.300 	
343.394 	796.354 	-48.361 	0.092 	0.354 	-0.014 	
-408.835 	373.981 	525.852 	-0.244 	0.178 	0.222 	
-793.443 	-284.796 	-768.641 	-0.412 	-0.110 	-0.339 	
1004.657 	405.875 	596.585 	0.359 	0.200 	0.253 	
623.356 	-632.936 	-317.310 	0.220 	-0.271 	-0.141 	
-285.499 	-88.123 	604.293 	-0.204 	-0.028 	0.241 	
77.465 	-386.481 	940.031 	-0.051 	-0.183 	0.392 	
-15.769 	-726.106 	845.186 	-0.078 	-0.333 	0.348 	
-794.452 	629.877 	-629.084 	-0.410 	0.265 	-0.288 	
769.815 	-175.619 	-137.855 	0.285 	-0.080 	-0.053 	
421.130 	397.700 	445.614 	0.114 	0.195 	0.207 	
-116.514 	-316.588 	-519.359 	-0.125 	-0.155 	-0.215 	
-215.803 	-192.812 	261.830 	-0.189 	-0.082 	0.115 	
-625.956 	99.317 	133.098 	-0.322 	0.042 	0.062 	
728.138 	-96.907 	-99.609 	0.238 	-0.051 	-0.040 	
570.838 	-418.924 	531.407 	0.194 	-0.183 	0.232 	
-82.120 	-393.504 	624.336 	-0.131 	-0.183 	0.268 	
-833.651 	2.398 	682.342 	-0.444 	0.002 	0.296 	
-382.457 	144.598 	213.114 	-0.263 	0.068 	0.093 	
992.448 	-606.571 	-13.834 	0.348 	-0.283 	-0.012 	
-40.339 	222.867 	-516.051 	-0.097 	0.079 	-0.211 	
-194.806 	359.352 	858.772 	-0.140 	0.146 	0.379 	
799.673 	-596.211 	-205.939 	0.282 	-0.259 	-0.083 	
1036.279 	-104.278 	-462.548 	0.395 	-0.052 	-0.189 	
938.543 	796.863 	1018.163 	0.330 	0.345 	0.448 	
833.842 	-963.793 	-519.727 	0.291 	-0.416 	-0.211 	
887.661 	283.346 	306.522 	0.335 	0.120 	0.124 	
1076.928 	-543.689 	308.129 	0.422 	-0.236 	0.136 	
226.879 	-750.604 	547.480 	0.032 	-0.309 	0.244 	
361.249 	88.852 	-690.386 	0.106 	0.041 	-0.305 	
1001.426 	614.071 	432.166 	0.349 	0.274 	0.202 	
-132.790 	-175.533 	-1.116 	-0.151 	-0.083 	0.004 	
-520.568 	68.169 	-642.117 	-0.309 	0.015 	-0.296 	
261.520 	438.526 	294.996 	0.026 	0.200 	0.147 	
-516.686 	8.422 	658.394 	-0.300 	0.027 	0.288 	
-213.383 	-286.752 	861.115 	-0.176 	-0.149 	0.369 	
-789.326 	444.645 	249.581 	-0.434 	0.205 	0.112 	
-859.013 	460.169 	768.248 	-0.430 	0.199 	0.341 	
-192.729 	-151.139 	695.144 	-0.164 	-0.052 	0.291 	
1074.362 	-645.738 	-739.100 	0.385 	-0.281 	-0.342 	
259.248 	-927.352 	943.682 	0.019 	-0.412 	0.412 	
-386.352 	495.108 	181.889 	-0.232 	0.218 	0.074 	
-779.751 	343.665 	699.555 	-0.393 	0.147 	0.312 	
-595.206 	-16.053 	555.721 	-0.309 	-0.002 	0.242 	
184.789 	455.027 	565.389 	-0.013 	0.186 	0.249 	
293.331 	-286.705 	-99.564 	0.069 	-0.124 	-0.042 	
343.088 	159.799 	139.850 	0.068 	0.049 	0.059 	
-199.783 	-676.544 	337.212 	-0.143 	-0.311 	0.141 	
380.255 	-176.335 	317.552 	0.098 	-0.079 	0.123 	
734.874 	245.896 	539.597 	0.266 	0.114 	0.220 	
524.492 	95.771 	-541.749 	0.144 	0.045 	-0.237 	
312.267 	40.206 	-279.453 	0.060 	0.027 	-0.128 	
-855.412 	-698.024 	943.146 	-0.462 	-0.309 	0.427 	
-493.295 	879.116 	541.825 	-0.294 	0.377 	0.251 	
-246.778 	-827.735 	686.903 	-0.174 	-0.354 	0.296 	
-56.070 	-170.934 	666.615 	-0.098 	-0.094 	0.274 	
-117.548 	-160.890 	-205.579 	-0.148 	-0.077 	-0.100 	
1135.495 	331.982 	944.183 	0.437 	0.151 	0.412 	
-146.761 	-836.564 	-822.060 	-0.117 	-0.365 	-0.364 	
522.138 	951.737 	-113.925 	0.157 	0.431 	-0.061 	
370.615 	987.880 	-944.410 	0.105 	0.439 	-0.403 	
-31.705 	643.477 	367.143 	-0.082 	0.289 	0.164 	
-238.212 	615.477 	-63.717 	-0.179 	0.265 	-0.048 	
240.940 	393.641 	-1030.134 	0.034 	0.163 	-0.472 	
-297.644 	110.309 	-285.397 	-0.188 	0.055 	-0.118 	
91.217 	75.300 	-586.549 	-0.021 	0.034 	-0.270 	
806.819 	577.945 	-270.733 	0.303 	0.251 	-0.120 	
-768.896 	591.495 	-578.044 	-0.416 	0.266 	-0.270 	
953.943 	870.363 	536.653 	0.371 	0.380 	0.238 	
-521.239 	603.035 	597.156 	-0.314 	0.259 	0.282 	
450.871 	344.332 	684.788 	0.106 	0.135 	0.300 	
-881.587 	591.911 	-526.862 	-0.473 	0.269 	-0.238 	
-456.171 	866.251 	-327.821 	-0.259 	0.375 	-0.130 	
-484.746 	398.804 	266.480 	-0.268 	0.167 	0.132 	
33.127 	-339.252 	496.612 	-0.063 	-0.129 	0.206 	
111.955 	-412.854 	-822.391 	-0.026 	-0.157 	-0.359 	
-825.187 	-273.279 	-446.326 	-0.417 	-0.121 	-0.208 	
728.287 	91.971 	-169.956 	0.253 	0.048 	-0.051 	
816.517 	5.883 	-127.378 	0.279 	-0.011 	-0.034 	
-260.657 	-165.839 	831.454 	-0.201 	-0.076 	0.357 	
927.445 	-585.490 	-524.383 	0.341 	-0.242 	-0.242 	
445.293 	-121.710 	462.290 	0.111 	-0.046 	0.202 	
1079.871 	-896.740 	-515.241 	0.416 	-0.380 	-0.238 	
414.780 	-654.549 	115.687 	0.111 	-0.282 	0.035 	
-130.036 	-824.094 	50.592 	-0.136 	-0.365 	0.020 	
358.431 	829.690 	-113.954 	0.098 	0.341 	-0.051 	
672.518 	-189.102 	-189.242 	0.215 	-0.062 	-0.077 	
-261.105 	-109.199 	26.469 	-0.178 	-0.062 	0.021 	
16.197 	594.726 	-151.907 	-0.087 	0.268 	-0.066 	
633.610 	-702.693 	-901.488 	0.221 	-0.317 	-0.411 	
-648.865 	669.759 	204.971 	-0.368 	0.292 	0.113 	
-38.765 	-434.278 	651.926 	-0.102 	-0.180 	0.266 	
556.887 	525.399 	-19.634 	0.147 	0.233 	-0.016 	
757.015 	827.800 	-762.374 	0.252 	0.373 	-0.327 	
-715.243 	177.419 	-0.186 	-0.393 	0.056 	0.011 	
747.998 	509.492 	125.928 	0.252 	0.210 	0.070 	
-856.994 	941.445 	938.130 	-0.461 	0.400 	0.419 	
247.099 	160.897 	375.976 	0.048 	0.069 	0.149 	
648.918 	-225.060 	-112.581 	0.199 	-0.109 	-0.038 	
958.709 	494.560 	743.045 	0.329 	0.219 	0.322 	
-0.615 	-104.603 	-139.347 	-0.089 	-0.057 	-0.041 	
930.429 	-719.626 	-713.109 	0.356 	-0.312 	-0.311 	
796.790 	-29.109 	-351.563 	0.278 	-0.009 	-0.160 	
-712.215 	-814.214 	-154.829 	-0.387 	-0.356 	-0.047 	
-612.459 	812.508 	875.440 	-0.350 	0.377 	0.373 	
670.097 	-982.955 	641.759 	0.218 	-0.455 	0.278 	
730.395 	-641.775 	-130.458 	0.242 	-0.278 	-0.039 	
1068.530 	-874.868 	869.827 	0.416 	-0.382 	0.376 	
-293.350 	-178.124 	-374.401 	-0.199 	-0.070 	-0.158 	
1140.847 	848.898 	569.480 	0.452 	0.379 	0.240 	
646.245 	432.736 	-394.303 	0.187 	0.189 	-0.179 	
113.179 	730.538 	-285.310 	-0.016 	0.331 	-0.117 	
-887.345 	192.603 	-392.642 	-0.479 	0.084 	-0.158 	
-1037.919 	837.546 	1407.560 	-0.522 	0.379 	0.618 	
427.404 	-187.578 	774.812 	0.137 	-0.078 	0.332 	
-339.200 	-211.228 	-278.205 	-0.245 	-0.087 	-0.115 	
-838.639 	359.015 	749.430 	-0.421 	0.161 	0.325 	
-326.751 	456.136 	-484.745 	-0.213 	0.200 	-0.234 	
61.283 	125.741 	-166.735 	-0.025 	0.047 	-0.076 	
-719.930 	-141.140 	-441.902 	-0.404 	-0.054 	-0.193 	
139.211 	-249.378 	-137.697 	-0.015 	-0.123 	-0.067 	
1092.104 	-113.344 	-41.751 	0.411 	-0.049 	-0.036 	
-59.457 	262.194 	137.226 	-0.115 	0.110 	0.082 	
552.861 	-730.650 	-74.394 	0.146 	-0.317 	-0.042 	
748.267 	-858.331 	-368.814 	0.262 	-0.369 	-0.179 	
-426.371 	-563.249 	386.945 	-0.243 	-0.251 	0.165 	
-77.717 	593.141 	746.019 	-0.109 	0.247 	0.321 	
613.371 	912.607 	631.740 	0.195 	0.421 	0.275 	
-911.768 	457.917 	-99.466 	-0.477 	0.219 	-0.052 	
23.434 	41.632 	-666.692 	-0.069 	0.006 	-0.286 	
-359.157 	351.090 	-891.894 	-0.223 	0.137 	-0.379 	
-715.777 	-241.810 	123.489 	-0.401 	-0.119 	0.055 	
529.095 	334.066 	365.229 	0.161 	0.154 	0.140 	
339.173 	-181.953 	-733.167 	0.059 	-0.088 	-0.317 	
275.083 	700.623 	358.185 	0.055 	0.298 	0.149 	
148.124 	242.479 	509.279 	-0.016 	0.121 	0.214 	
-297.051 	-614.826 	622.980 	-0.202 	-0.263 	0.280 	
122.611 	-112.597 	-342.887 	-0.030 	-0.051 	-0.140 	
-113.300 	931.087 	547.270 	-0.139 	0.391 	0.250 	
-420.260 	227.031 	-91.596 	-0.246 	0.089 	-0.022 	
-698.453 	-516.861 	84.205 	-0.403 	-0.220 	0.037 	
747.767 	-359.819 	-966.828 	0.264 	-0.155 	-0.432 	
-679.750 	1055.970 	-483.693 	-0.382 	0.483 	-0.205 	
-302.153 	422.912 	-897.040 	-0.184 	0.189 	-0.393 	
793.282 	-452.314 	-162.587 	0.271 	-0.181 	-0.063 	
220.321 	172.919 	-162.435 	0.013 	0.088 	-0.071 	
-137.237 	787.653 	-385.305 	-0.144 	0.346 	-0.166 	
-92.937 	90.317 	656.922 	-0.124 	0.053 	0.276 	
-573.363 	-716.806 	852.666 	-0.345 	-0.303 	0.374 	
546.827 	684.587 	608.702 	0.177 	0.278 	0.262 	
205.272 	607.517 	785.470 	0.031 	0.262 	0.354 	
461.380 	454.671 	-519.662 	0.115 	0.179 	-0.227 	
695.986 	506.252 	-839.149 	0.234 	0.219 	-0.380 	
188.621 	-341.921 	-741.281 	0.006 	-0.169 	-0.322 	
-575.328 	503.548 	-340.295 	-0.345 	0.208 	-0.144 	
565.344 	32.906 	-19.369 	0.183 	0.019 	0.001 	
-631.109 	781.260 	39.456 	-0.377 	0.337 	0.021 	
-264.800 	-734.629 	-299.945 	-0.192 	-0.317 	-0.141 	
329.539 	-462.645 	-740.940 	0.047 	-0.207 	-0.325 	
-53.697 	-251.164 	586.132 	-0.117 	-0.106 	0.259 	
37.564 	-868.934 	382.359 	-0.051 	-0.387 	0.178 	
696.356 	462.820 	-651.201 	0.253 	0.197 	-0.285 	
186.421 	524.311 	-487.950 	0.011 	0.241 	-0.230 	
137.904 	677.306 	-580.822 	-0.029 	0.292 	-0.246 	
-417.751 	666.733 	-392.203 	-0.240 	0.297 	-0.172 	
-870.553 	-349.990 	95.181 	-0.464 	-0.163 	0.056 	
-529.856 	-268.853 	-514.184 	-0.281 	-0.123 	-0.223 	
1151.744 	-607.375 	906.365 	0.435 	-0.264 	0.386 	
-821.081 	418.795 	-163.742 	-0.443 	0.196 	-0.069 	
44.471 	-348.580 	457.842 	-0.085 	-0.143 	0.197 	
-176.654 	-324.113 	-698.822 	-0.135 	-0.144 	-0.287 	
-294.834 	-898.906 	835.063 	-0.209 	-0.390 	0.359 	
33.051 	-322.648 	468.907 	-0.081 	-0.142 	0.208 	
163.555 	-866.258 	199.706 	0.009 	-0.391 	0.088 	
-144.739 	-117.341 	51.865 	-0.163 	-0.061 	0.027 	
-214.897 	-293.466 	-347.455 	-0.174 	-0.137 	-0.140 	
-261.036 	-484.529 	676.018 	-0.094 	-0.140 	0.165 	
443.809 	-778.854 	500.892 	0.132 	-0.358 	0.216 	
-478.733 	-142.707 	503.464 	-0.264 	-0.077 	0.219 	
965.633 	461.799 	-741.314 	0.374 	0.206 	-0.329 	
-27.450 	525.682 	897.914 	-0.090 	0.216 	0.380 	
388.756 	754.652 	597.679 	0.118 	0.325 	0.258 	
669.478 	628.388 	396.200 	0.240 	0.283 	0.176 	
586.714 	-566.864 	175.210 	0.185 	-0.232 	0.082 	
-251.605 	-173.627 	-657.262 	-0.196 	-0.061 	-0.269 	
-469.330 	584.602 	322.551 	-0.258 	0.256 	0.153 	
239.357 	-338.186 	575.463 	0.014 	-0.153 	0.253 	
406.684 	-631.784 	471.271 	0.104 	-0.297 	0.213 	
-156.812 	-685.988 	62.141 	-0.156 	-0.275 	0.025 	
250.982 	-570.933 	-94.736 	0.021 	-0.254 	-0.057 	
72.633 	-596.821 	-271.172 	-0.065 	-0.252 	-0.114 	
880.739 	-138.031 	-771.528 	0.314 	-0.058 	-0.334 	
535.682 	194.376 	900.833 	0.139 	0.091 	0.400 	
-572.076 	425.040 	570.003 	-0.320 	0.192 	0.264 	
1065.366 	-548.934 	876.469 	0.412 	-0.231 	0.401 	
-548.910 	317.409 	161.056 	-0.299 	0.142 	0.057 	
173.382 	117.523 	822.981 	0.002 	0.071 	0.352 	
-882.344 	410.717 	611.010 	-0.465 	0.202 	0.269 	
-229.443 	-585.492 	180.357 	-0.184 	-0.274 	0.078 	
564.574 	-115.183 	-503.837 	0.187 	-0.037 	-0.229 	
-235.653 	-859.425 	960.729 	-0.176 	-0.380 	0.443 	
-650.493 	766.288 	74.866 	-0.372 	0.339 	0.025 	
299.619 	-935.428 	-852.226 	0.055 	-0.399 	-0.367 	
-912.687 	-234.537 	-906.008 	-0.454 	-0.106 	-0.395 	
-329.778 	5.394 	-570.379 	-0.240 	0.001 	-0.251 	
99.388 	62.284 	-86.952 	-0.018 	0.021 	-0.039 	
-877.884 	-222.393 	936.769 	-0.463 	-0.112 	0.417 	
-229.990 	-12.215 	-100.718 	-0.169 	-0.022 	-0.018 	
973.604 	-462.525 	534.676 	0.359 	-0.215 	0.251 	
-770.919 	-712.149 	-746.740 	-0.421 	-0.306 	-0.318 	
-775.244 	266.889 	-8.002 	-0.389 	0.108 	-0.004 	
258.368 	285.199 	-891.283 	0.054 	0.138 	-0.396 	
-539.233 	253.181 	415.306 	-0.291 	0.093 	0.189 	
1056.424 	-869.989 	644.576 	0.375 	-0.396 	0.283 	
-204.286 	562.119 	-622.354 	-0.144 	0.232 	-0.275 	
-888.575 	84.305 	506.460 	-0.465 	0.032 	0.228 	
516.506 	-720.214 	782.926 	0.143 	-0.312 	0.354 	
-872.118 	668.044 	-71.257 	-0.454 	0.292 	-0.044 	
-835.454 	415.563 	294.052 	-0.424 	0.171 	0.147 	
237.052 	-671.869 	187.815 	0.048 	-0.306 	0.082 	
-240.844 	-678.111 	413.735 	-0.177 	-0.315 	0.194 	
284.996 	-496.046 	-860.399 	0.072 	-0.226 	-0.367 	
-687.513 	-493.450 	425.140 	-0.368 	-0.204 	0.184 	
-840.024 	-361.470 	-462.126 	-0.463 	-0.160 	-0.204 	
627.293 	-840.291 	-826.478 	0.212 	-0.389 	-0.355 	
-773.063 	-587.557 	-669.539 	-0.416 	-0.262 	-0.314 	
338.846 	-286.919 	-74.748 	0.077 	-0.121 	-0.023 	
583.831 	840.306 	449.127 	0.174 	0.374 	0.185 	
905.094 	215.734 	505.896 	0.312 	0.099 	0.231 	
507.728 	-465.573 	-599.199 	0.159 	-0.223 	-0.249 	
1103.277 	-857.463 	719.184 	0.402 	-0.377 	0.328 	
-785.393 	-425.144 	-152.690 	-0.428 	-0.185 	-0.073 	
-408.152 	883.272 	396.176 	-0.268 	0.382 	0.190 	
-176.649 	574.023 	778.993 	-0.158 	0.233 	0.352 	
645.095 	146.822 	704.303 	0.211 	0.069 	0.311 	
-18.492 	-766.325 	805.838 	-0.097 	-0.318 	0.345 	
-645.044 	480.779 	353.857 	-0.348 	0.223 	0.150 	
695.287 	736.866 	57.235 	0.237 	0.333 	0.033 	
-427.990 	-348.619 	-372.316 	-0.244 	-0.166 	-0.165 	
8.279 	-578.592 	793.164 	-0.075 	-0.272 	0.336 	
843.051 	137.648 	93.800 	0.294 	0.049 	0.062 	
-824.732 	-914.240 	600.306 	-0.420 	-0.411 	0.259 	
-257.929 	-342.841 	-244.588 	-0.170 	-0.129 	-0.112 	
804.254 	-736.219 	180.329 	0.280 	-0.311 	0.094 	
10.868 	511.199 	262.277 	-0.081 	0.202 	0.109 	
-90.736 	-417.773 	-82.658 	-0.125 	-0.165 	-0.045 	
587.297 	46.729 	-535.356 	0.178 	0.023 	-0.218 	
-664.272 	800.743 	593.970 	-0.379 	0.361 	0.242 	
1014.672 	-786.700 	86.101 	0.385 	-0.350 	0.052 	
884.305 	-31.730 	602.872 	0.330 	-0.014 	0.271 	
343.425 	774.930 	-5.196 	0.060 	0.355 	-0.005 	
218.782 	241.881 	527.060 	0.044 	0.093 	0.221 	
-871.631 	647.063 	822.728 	-0.472 	0.274 	0.364 	
-670.960 	-231.956 	334.441 	-0.347 	-0.116 	0.150 	
943.741 	165.495 	-202.344 	0.323 	0.068 	-0.097 	
-451.743 	-174.869 	-760.306 	-0.249 	-0.076 	-0.326 	
