## Las primeras 500 lineas corresponden a la esfera 1 
##las siguienets 500 lineas a la esfera 2
## Las primeras tres columnas corresponden a la posición en 'x', 'y' y 'z', las siguientes tres a las velocidades
205.027 	-50.047 	25.140 	0.059 	0.031 	0.056 	
35.601 	-11.890 	10.940 	-0.121 	0.050 	-0.016 	
66.417 	5.951 	44.149 	-0.157 	0.058 	0.009 	
-773.206 	928.823 	-125.319 	-0.338 	0.403 	-0.073 	
119.204 	-47.152 	-56.227 	-0.118 	-0.057 	0.065 	
57.802 	-42.760 	2.452 	0.018 	0.033 	0.047 	
29.993 	-40.659 	60.556 	-0.138 	0.017 	-0.131 	
178.945 	-92.058 	7.316 	0.019 	-0.048 	0.061 	
144.648 	20.628 	50.588 	-0.028 	-0.028 	0.001 	
58.412 	-43.748 	1.667 	0.093 	-0.079 	-0.063 	
-140.270 	780.551 	-421.994 	-0.073 	0.384 	-0.206 	
68.930 	4.008 	44.643 	-0.122 	0.087 	-0.097 	
563.435 	-755.621 	529.992 	0.268 	-0.354 	0.253 	
23.448 	-37.407 	22.483 	-0.101 	0.191 	0.013 	
159.602 	57.994 	9.514 	0.048 	-0.016 	0.038 	
119.006 	-37.333 	32.143 	-0.048 	0.153 	0.000 	
142.708 	48.468 	-30.711 	0.018 	-0.018 	0.002 	
124.857 	-58.109 	-157.423 	0.046 	-0.072 	0.062 	
105.481 	4.364 	52.023 	-0.126 	-0.013 	0.046 	
121.443 	-20.300 	9.602 	0.004 	-0.206 	-0.068 	
101.239 	-67.295 	-74.914 	-0.080 	-0.109 	0.019 	
92.873 	-77.192 	-34.733 	-0.192 	-0.120 	-0.027 	
78.326 	-77.267 	30.573 	-0.091 	0.080 	0.009 	
88.378 	-60.409 	44.309 	-0.110 	0.097 	-0.085 	
33.470 	-27.703 	-12.218 	-0.188 	0.022 	-0.061 	
12.627 	-24.506 	14.185 	-0.132 	-0.027 	-0.109 	
59.275 	-15.518 	25.709 	-0.176 	0.109 	0.050 	
16.704 	0.062 	14.890 	-0.110 	-0.167 	0.071 	
122.577 	-18.234 	53.441 	0.000 	-0.049 	-0.066 	
94.588 	-28.792 	50.886 	-0.207 	0.021 	-0.067 	
62.984 	-11.352 	12.626 	-0.196 	0.267 	-0.079 	
85.744 	16.558 	52.093 	0.003 	-0.117 	-0.034 	
72.446 	-32.449 	15.249 	-0.043 	0.098 	-0.104 	
56.326 	-0.271 	45.379 	-0.179 	-0.103 	0.016 	
30.776 	-46.003 	34.119 	-0.103 	-0.143 	0.092 	
80.087 	-43.855 	16.374 	-0.010 	-0.085 	0.005 	
135.688 	-31.117 	64.180 	0.005 	-0.132 	0.207 	
187.078 	-15.871 	48.043 	-0.120 	-0.063 	0.034 	
78.790 	-24.297 	-2.469 	-0.318 	-0.029 	0.051 	
81.464 	-33.556 	0.974 	-0.100 	-0.033 	-0.058 	
57.466 	47.207 	-4.162 	-0.092 	-0.049 	-0.012 	
54.076 	-10.558 	4.710 	-0.091 	0.091 	-0.090 	
-12.067 	-2.167 	36.031 	-0.067 	0.008 	-0.038 	
121.951 	-45.378 	-16.276 	0.140 	-0.040 	-0.037 	
57.033 	63.965 	-76.503 	-0.073 	-0.000 	0.045 	
105.291 	10.071 	33.288 	-0.097 	0.015 	0.106 	
173.679 	-30.179 	70.262 	-0.141 	0.050 	-0.029 	
66.573 	-31.800 	22.289 	-0.050 	-0.126 	0.049 	
75.779 	72.970 	67.423 	-0.155 	-0.004 	-0.019 	
63.616 	4.435 	28.762 	-0.078 	0.114 	-0.113 	
152.963 	50.136 	112.398 	0.056 	0.113 	0.104 	
143.434 	-67.896 	12.345 	-0.047 	0.018 	-0.043 	
80.613 	7.192 	8.863 	-0.127 	-0.196 	-0.026 	
98.923 	-13.532 	27.657 	-0.156 	-0.021 	-0.071 	
85.209 	-30.250 	21.758 	-0.147 	0.080 	-0.034 	
66.096 	19.547 	-18.991 	-0.050 	-0.111 	0.052 	
103.778 	32.877 	106.534 	-0.100 	0.063 	0.038 	
129.452 	71.409 	78.923 	-0.062 	-0.002 	-0.016 	
-33.798 	108.849 	17.852 	0.066 	-0.072 	0.029 	
61.802 	-16.388 	12.671 	-0.095 	-0.004 	0.267 	
149.674 	16.767 	4.071 	0.141 	0.065 	0.062 	
19.065 	-41.368 	32.865 	-0.122 	0.010 	0.146 	
206.429 	-1.287 	26.580 	0.079 	0.051 	0.031 	
61.784 	-70.378 	18.341 	-0.229 	-0.009 	-0.052 	
-4.757 	-264.631 	19.732 	-0.005 	-0.030 	0.002 	
51.069 	-30.928 	-11.716 	-0.135 	-0.130 	-0.122 	
-342.744 	-664.858 	-535.108 	-0.181 	-0.294 	-0.241 	
-62.721 	147.771 	-80.825 	0.040 	-0.017 	0.003 	
20.575 	-20.594 	-1.203 	-0.180 	-0.075 	-0.092 	
129.490 	69.280 	13.517 	-0.023 	0.086 	0.089 	
67.865 	-1.151 	18.703 	-0.082 	-0.183 	-0.026 	
19.251 	-3.802 	49.889 	-0.081 	-0.045 	0.032 	
-12.925 	107.395 	29.207 	0.048 	-0.087 	0.042 	
116.597 	-43.061 	23.260 	-0.023 	0.088 	0.089 	
136.966 	-1.194 	44.436 	-0.046 	-0.095 	0.038 	
222.391 	5.517 	104.428 	-0.076 	0.005 	0.107 	
165.603 	-26.775 	28.635 	-0.047 	-0.121 	0.000 	
325.755 	505.322 	880.162 	0.136 	0.200 	0.355 	
105.933 	-73.583 	65.963 	0.104 	-0.041 	-0.032 	
90.414 	-6.262 	-3.723 	-0.086 	-0.102 	0.125 	
177.958 	-17.302 	68.272 	0.104 	-0.061 	-0.023 	
159.861 	-8.577 	29.732 	-0.004 	0.066 	0.119 	
170.563 	-62.493 	3.295 	-0.146 	-0.093 	-0.036 	
-72.969 	-252.604 	338.374 	-0.012 	-0.052 	0.099 	
12.443 	-19.817 	-21.709 	-0.110 	0.089 	-0.114 	
-53.136 	-39.813 	-82.245 	0.099 	0.018 	0.081 	
73.841 	-14.334 	99.907 	-0.121 	-0.051 	0.018 	
117.198 	-30.513 	-16.897 	0.194 	-0.026 	0.001 	
54.995 	-23.016 	21.261 	-0.100 	0.125 	-0.050 	
117.095 	14.259 	-50.917 	-0.076 	-0.101 	0.024 	
59.667 	-85.930 	67.052 	-0.125 	-0.002 	0.056 	
110.841 	21.617 	132.185 	0.069 	-0.086 	-0.083 	
102.079 	-2.847 	-29.541 	-0.016 	-0.104 	0.095 	
147.332 	-63.288 	70.797 	0.043 	0.179 	0.002 	
37.120 	-15.129 	2.114 	0.020 	-0.135 	0.001 	
-49.132 	131.036 	-26.307 	0.079 	-0.022 	0.049 	
-1.530 	-44.873 	0.580 	-0.158 	-0.082 	-0.036 	
1367.002 	-1448.026 	-18.937 	0.613 	-0.668 	0.004 	
2033.865 	-1884.087 	-3926.261 	0.871 	-0.795 	-1.651 	
68.571 	-57.006 	23.987 	-0.066 	-0.126 	0.005 	
91.098 	28.397 	48.874 	-0.050 	-0.057 	0.127 	
123.177 	-24.385 	-40.551 	0.144 	0.011 	-0.003 	
67.479 	-15.607 	34.460 	0.074 	-0.211 	-0.007 	
128.825 	-40.331 	40.524 	-0.020 	0.118 	-0.003 	
1845.867 	-1315.985 	1115.392 	0.755 	-0.524 	0.451 	
-1782.017 	2326.934 	4188.106 	-0.730 	0.971 	1.752 	
690.399 	-43.690 	64.880 	0.625 	-0.008 	0.049 	
81.192 	-19.223 	14.028 	-0.013 	-0.163 	-0.016 	
40.083 	13.431 	-13.373 	-0.084 	-0.158 	-0.048 	
334.038 	-184.867 	129.891 	0.105 	0.009 	0.054 	
101.152 	5.943 	-21.712 	-0.030 	-0.062 	0.087 	
164.955 	-30.189 	56.613 	-0.005 	0.029 	-0.026 	
-204.109 	-187.788 	50.224 	-0.461 	-0.115 	0.024 	
-101.488 	14.936 	55.473 	0.087 	-0.075 	0.036 	
127.846 	-8.784 	47.853 	-0.023 	-0.091 	-0.033 	
95.514 	-8.732 	34.987 	-0.183 	0.001 	0.049 	
122.241 	-44.509 	-28.023 	0.000 	-0.056 	0.085 	
34.572 	-316.135 	81.152 	0.072 	-0.064 	-0.010 	
108.586 	38.357 	37.617 	-0.083 	0.133 	-0.145 	
167.530 	-7.366 	25.093 	0.086 	-0.013 	0.060 	
132.918 	-41.554 	-39.600 	-0.070 	-0.082 	-0.205 	
110.902 	27.081 	57.801 	-0.147 	0.082 	-0.128 	
52.493 	7.031 	21.848 	-0.021 	0.026 	0.125 	
62.009 	-55.675 	32.306 	0.052 	-0.114 	-0.041 	
205.610 	71.950 	64.333 	0.146 	0.052 	0.025 	
-35.247 	-27.634 	-16.891 	-0.007 	0.018 	0.039 	
127.981 	-32.723 	-4.322 	-0.069 	0.048 	0.106 	
130.543 	14.023 	49.681 	0.146 	0.028 	-0.056 	
123.532 	23.117 	-16.498 	-0.041 	0.031 	0.089 	
107.973 	59.631 	53.198 	-0.027 	-0.077 	0.007 	
152.954 	-33.616 	58.439 	-0.050 	0.066 	-0.024 	
168.114 	-19.912 	53.331 	0.084 	0.036 	-0.019 	
150.310 	-30.744 	1.117 	0.008 	-0.043 	-0.140 	
126.467 	-22.985 	34.269 	0.003 	0.094 	-0.147 	
89.713 	4.400 	10.016 	-0.068 	0.050 	0.099 	
75.751 	-36.247 	89.522 	-0.151 	-0.039 	-0.042 	
96.284 	-43.368 	25.973 	-0.015 	-0.079 	-0.177 	
174.657 	57.165 	-69.879 	-0.020 	0.001 	0.010 	
-6808.263 	-2042.806 	-4090.556 	-5.694 	-1.675 	-3.368 	
-1443.808 	1211.624 	-735.372 	-0.557 	0.481 	-0.286 	
102.674 	9.956 	-52.956 	-0.126 	-0.051 	0.054 	
-365.584 	-63.435 	262.292 	-0.305 	-0.062 	0.183 	
227.202 	15.014 	49.877 	0.277 	0.036 	-0.064 	
156.964 	-69.222 	35.892 	-0.005 	0.049 	0.072 	
109.353 	-28.028 	26.597 	-0.144 	-0.068 	0.038 	
99.556 	27.240 	-30.151 	-0.108 	-0.094 	0.093 	
154.489 	-94.576 	99.610 	0.021 	-0.056 	-0.011 	
177.042 	34.765 	69.106 	0.067 	0.021 	0.014 	
14.878 	-17.014 	17.023 	0.000 	-0.064 	-0.206 	
72.371 	-25.255 	17.068 	-0.216 	-0.126 	0.063 	
79.218 	-65.476 	26.960 	-0.092 	-0.022 	-0.111 	
218.079 	-56.031 	8.450 	0.063 	0.012 	0.075 	
97.943 	-0.408 	54.077 	0.004 	-0.130 	-0.044 	
110.961 	-28.544 	3.161 	-0.115 	0.102 	-0.117 	
141.444 	-42.002 	4.328 	-0.052 	0.107 	-0.032 	
172.038 	-44.421 	-24.129 	0.071 	-0.059 	-0.017 	
0.203 	-41.456 	6.809 	-0.116 	-0.090 	-0.082 	
61.925 	-29.613 	18.930 	-0.093 	0.100 	-0.079 	
247.716 	84.483 	-181.858 	0.131 	0.114 	-0.149 	
75.661 	-38.009 	35.915 	0.007 	-0.221 	0.050 	
155.356 	75.572 	-17.998 	-0.087 	0.017 	0.056 	
107.779 	60.527 	-71.991 	0.109 	-0.106 	0.053 	
81.324 	-20.534 	10.710 	-0.099 	0.135 	0.095 	
68.646 	16.168 	-7.060 	-0.123 	0.059 	0.135 	
156.255 	-93.006 	82.387 	0.063 	-0.046 	-0.025 	
160.693 	2.989 	-44.804 	0.044 	-0.005 	0.018 	
122.872 	26.481 	4.114 	-0.086 	0.097 	0.029 	
84.593 	20.763 	-5.722 	-0.179 	-0.091 	-0.072 	
117.825 	72.998 	-36.883 	0.028 	0.027 	0.001 	
129.320 	-47.998 	33.112 	-0.066 	0.045 	0.026 	
172.699 	25.271 	-77.306 	0.080 	0.078 	-0.031 	
48.305 	14.923 	13.500 	-0.157 	-0.070 	-0.046 	
173.943 	-17.776 	54.658 	0.020 	-0.029 	-0.064 	
107.779 	55.310 	-29.062 	0.038 	-0.048 	-0.087 	
83.651 	-11.036 	12.526 	-0.195 	0.069 	0.006 	
-67.179 	-116.183 	-57.207 	0.044 	0.042 	0.076 	
51.463 	-4.612 	13.937 	-0.065 	0.060 	0.042 	
74.229 	-10.132 	59.454 	-0.155 	0.146 	-0.094 	
175.992 	50.426 	-174.383 	0.043 	-0.001 	-0.084 	
31.010 	-106.087 	-26.009 	-0.136 	-0.003 	-0.006 	
180.022 	-24.515 	40.682 	-0.094 	-0.045 	-0.127 	
155.766 	-26.833 	-11.781 	-0.050 	-0.015 	-0.106 	
77.110 	27.531 	7.153 	-0.082 	0.003 	-0.024 	
122.629 	58.336 	-10.017 	0.085 	0.047 	0.012 	
126.678 	-48.114 	81.064 	-0.054 	-0.053 	0.198 	
112.487 	-4.444 	44.648 	-0.124 	-0.061 	-0.045 	
-43.875 	49.770 	220.598 	0.058 	0.046 	0.019 	
100.958 	25.484 	102.651 	-0.222 	0.154 	0.301 	
127.531 	-97.618 	24.915 	-0.027 	0.018 	0.035 	
186.127 	38.849 	95.004 	0.134 	0.046 	0.033 	
97.134 	-15.983 	53.550 	-0.098 	0.012 	-0.208 	
52.294 	9.850 	37.661 	-0.131 	0.019 	0.077 	
8.478 	-44.598 	28.977 	-0.104 	0.027 	-0.017 	
142.097 	-95.133 	41.110 	0.123 	-0.045 	0.008 	
184.719 	-15.493 	6.782 	0.103 	-0.011 	-0.001 	
70.391 	-33.971 	-3.031 	-0.199 	0.035 	-0.046 	
1183.107 	93.685 	231.458 	0.890 	0.117 	0.178 	
63.556 	-22.842 	33.768 	-0.022 	0.146 	0.195 	
89.120 	-84.027 	-38.189 	-0.103 	0.051 	0.057 	
44.975 	-24.167 	-7.812 	-0.186 	0.039 	0.131 	
103.856 	29.153 	48.444 	-0.092 	-0.084 	0.067 	
114.721 	-59.750 	-6.522 	-0.170 	0.092 	-0.003 	
67.284 	-24.360 	-7.678 	-0.217 	0.013 	0.112 	
114.342 	-11.057 	29.385 	-0.190 	-0.038 	-0.047 	
138.495 	-105.979 	233.545 	0.029 	-0.080 	0.164 	
168.992 	62.860 	65.778 	0.056 	0.013 	0.091 	
39.733 	-70.780 	21.579 	-0.017 	-0.146 	0.198 	
101.450 	-19.439 	27.315 	-0.149 	-0.085 	0.112 	
5.765 	-35.778 	23.761 	-0.108 	0.077 	-0.049 	
142.164 	-57.481 	-3.935 	-0.114 	0.077 	0.039 	
104.276 	-84.416 	26.113 	-0.118 	0.000 	0.097 	
381.247 	-139.279 	116.211 	0.105 	-0.049 	0.008 	
133.278 	27.368 	13.391 	-0.097 	-0.030 	-0.012 	
61.394 	-18.064 	10.254 	-0.247 	0.076 	-0.141 	
158.778 	-109.485 	51.612 	-0.034 	-0.012 	0.071 	
209.243 	-60.383 	-48.795 	0.137 	-0.033 	-0.030 	
153.931 	-47.663 	-139.097 	0.043 	-0.050 	0.068 	
141.713 	-29.155 	10.439 	0.193 	0.123 	0.027 	
83.918 	-55.749 	29.298 	0.093 	0.050 	0.251 	
102.271 	-35.440 	-4.694 	-0.104 	0.072 	-0.052 	
119.327 	80.625 	53.591 	0.003 	0.062 	0.012 	
9.323 	-35.188 	-22.494 	-0.113 	-0.181 	-0.035 	
208.635 	10.446 	86.621 	0.126 	0.010 	-0.005 	
176.117 	-7.385 	52.243 	0.014 	0.041 	0.046 	
131.376 	-19.147 	45.470 	0.041 	0.014 	-0.137 	
104.894 	-66.641 	13.670 	0.137 	-0.123 	-0.034 	
105.457 	-53.985 	16.703 	-0.142 	0.098 	-0.039 	
63.967 	-13.984 	-6.194 	-0.100 	0.004 	0.045 	
108.746 	13.373 	2.575 	-0.057 	0.051 	-0.060 	
176.341 	61.092 	34.578 	0.022 	0.060 	0.059 	
151.842 	50.982 	8.730 	0.071 	0.017 	0.107 	
131.601 	17.285 	13.725 	-0.064 	0.029 	0.077 	
157.851 	8.502 	-26.404 	-0.010 	-0.041 	0.023 	
171.146 	-103.040 	21.866 	0.034 	0.002 	-0.021 	
98.242 	-137.438 	53.707 	0.052 	-0.053 	0.012 	
191.993 	-69.018 	-25.173 	0.115 	-0.185 	-0.141 	
19.521 	-25.656 	18.296 	-0.212 	0.036 	-0.041 	
30.946 	12.833 	67.627 	-0.177 	-0.008 	-0.025 	
68.118 	-25.795 	-4.524 	-0.293 	0.026 	0.100 	
236.261 	117.148 	7.729 	0.018 	-0.053 	0.060 	
168.057 	-159.609 	36.194 	0.044 	-0.041 	-0.028 	
129.395 	-9.300 	12.631 	-0.033 	0.054 	0.101 	
22.609 	-71.314 	112.053 	-0.123 	-0.064 	-0.025 	
40.178 	204.324 	84.213 	0.079 	-0.002 	0.023 	
60.402 	-45.065 	-2.045 	-0.139 	0.065 	-0.050 	
50.399 	-36.302 	27.708 	-0.055 	-0.028 	0.116 	
104.591 	-27.337 	49.203 	-0.107 	-0.030 	-0.062 	
55.431 	-57.866 	42.508 	-0.125 	-0.126 	-0.076 	
139.202 	42.230 	124.237 	-0.090 	0.039 	-0.032 	
247.096 	-14.869 	80.841 	-0.056 	-0.005 	0.020 	
750.968 	450.854 	171.510 	0.336 	0.219 	0.074 	
174.105 	-136.299 	64.511 	0.043 	-0.046 	0.003 	
138.542 	-8.197 	53.696 	-0.017 	0.087 	0.002 	
74.474 	-57.432 	263.209 	0.088 	0.008 	0.027 	
95.564 	-59.899 	-57.928 	-0.060 	-0.063 	0.076 	
63.988 	1.952 	-13.035 	0.114 	0.177 	-0.034 	
50.745 	-77.708 	100.813 	-0.100 	0.017 	0.042 	
191.523 	-14.081 	84.220 	-0.062 	-0.052 	0.148 	
801.890 	437.699 	-511.798 	0.349 	0.212 	-0.213 	
119.410 	-2.751 	27.710 	-0.111 	-0.076 	-0.087 	
101.348 	-14.771 	32.089 	-0.183 	0.040 	-0.025 	
41.567 	-25.814 	-9.662 	-0.052 	-0.205 	0.015 	
162.521 	50.448 	-1.693 	0.068 	0.099 	0.047 	
76.663 	-36.489 	24.104 	-0.119 	0.018 	-0.126 	
76.632 	-13.400 	90.906 	-0.145 	-0.052 	0.091 	
84.600 	-107.440 	3.073 	-0.136 	0.024 	-0.071 	
65.086 	-70.811 	-49.789 	0.103 	0.157 	0.036 	
-1008.051 	-145.864 	-46.314 	-0.718 	-0.066 	-0.025 	
245.348 	46.272 	78.456 	0.012 	0.013 	-0.089 	
135.923 	10.998 	91.045 	0.021 	-0.005 	0.150 	
21.308 	-78.922 	-15.503 	-0.057 	-0.080 	0.019 	
53.237 	-27.765 	35.879 	-0.102 	-0.055 	-0.163 	
130.017 	-63.139 	11.209 	0.009 	-0.012 	0.079 	
54.662 	-8.400 	41.176 	0.061 	0.036 	0.095 	
40.295 	-53.646 	49.598 	-0.143 	0.003 	-0.157 	
90.650 	-7.174 	21.889 	-0.172 	0.065 	-0.040 	
-16.928 	-49.117 	29.984 	-0.170 	-0.062 	0.022 	
584.642 	-93.970 	43.874 	0.420 	-0.083 	0.007 	
65.960 	18.678 	38.097 	0.149 	-0.214 	0.062 	
47.611 	-34.435 	36.967 	-0.016 	-0.157 	0.079 	
32.972 	-5.387 	4.800 	-0.046 	0.213 	0.109 	
138.823 	-91.422 	68.729 	0.022 	0.043 	-0.046 	
-453.264 	-221.807 	-998.718 	-0.191 	-0.102 	-0.425 	
85.518 	5.475 	51.770 	-0.128 	-0.076 	-0.148 	
195.512 	-44.148 	-196.900 	0.048 	-0.025 	0.019 	
47.276 	-32.814 	22.473 	-0.044 	0.104 	0.105 	
99.874 	-89.630 	97.960 	0.033 	-0.034 	-0.060 	
35.827 	-80.571 	40.028 	-0.009 	-0.127 	0.066 	
112.122 	6.582 	35.820 	-0.048 	-0.060 	-0.059 	
91.781 	51.489 	-187.894 	0.019 	-0.034 	0.021 	
57.966 	-29.408 	-31.298 	-0.138 	0.018 	0.149 	
57.589 	-19.150 	22.663 	-0.162 	0.076 	0.133 	
157.370 	22.042 	63.103 	-0.005 	0.051 	0.007 	
136.394 	-40.282 	2.336 	-0.023 	-0.060 	-0.063 	
55.686 	-22.394 	-18.778 	-0.082 	0.035 	-0.021 	
131.787 	-38.101 	-15.222 	-0.081 	-0.014 	0.040 	
336.910 	-100.208 	34.009 	0.055 	-0.098 	0.000 	
182.061 	-30.303 	49.700 	0.144 	-0.017 	0.053 	
45.206 	-29.245 	7.839 	-0.031 	-0.085 	0.007 	
48.896 	-1.551 	35.660 	-0.190 	-0.004 	-0.073 	
140.171 	-21.651 	37.130 	-0.018 	-0.114 	-0.015 	
50.968 	-32.055 	34.117 	-0.100 	-0.150 	-0.162 	
50.869 	-29.408 	31.902 	-0.221 	-0.014 	0.069 	
71.316 	-33.128 	39.234 	-0.099 	0.049 	0.222 	
143.931 	-10.513 	9.865 	-0.016 	-0.040 	-0.127 	
174.140 	-22.354 	-39.083 	0.014 	0.023 	-0.083 	
112.700 	73.122 	26.184 	0.083 	0.023 	-0.006 	
57.655 	33.236 	-20.911 	-0.072 	-0.091 	-0.102 	
35.686 	-7.493 	37.227 	-0.015 	-0.086 	0.112 	
40.277 	-20.418 	-7.935 	-0.079 	0.078 	0.196 	
88.418 	-29.894 	37.959 	-0.117 	-0.087 	-0.067 	
62.257 	-5.419 	19.784 	-0.186 	-0.140 	-0.085 	
94.292 	-49.564 	-35.517 	0.175 	-0.112 	-0.043 	
144.530 	-28.320 	-30.697 	0.032 	-0.132 	-0.177 	
-319.078 	-641.332 	576.966 	-0.185 	-0.291 	0.303 	
-84.426 	122.580 	-14.012 	0.061 	-0.024 	0.040 	
113.881 	25.977 	85.058 	-0.129 	0.058 	0.101 	
-123.874 	84.049 	228.890 	0.021 	-0.011 	0.037 	
-1.145 	-30.104 	31.390 	-0.078 	-0.044 	0.034 	
13.813 	-44.617 	9.680 	-0.094 	-0.016 	0.002 	
107.004 	23.570 	107.106 	-0.124 	-0.042 	0.086 	
44.076 	-16.136 	66.027 	-0.204 	-0.072 	-0.100 	
120.974 	-97.729 	87.531 	-0.050 	0.012 	0.048 	
119.018 	-39.066 	4.685 	-0.055 	0.052 	0.072 	
61.868 	-32.450 	24.481 	-0.216 	-0.191 	0.050 	
170.655 	-6.344 	-14.557 	0.040 	-0.086 	-0.006 	
128.498 	-13.897 	-40.160 	-0.107 	0.050 	-0.017 	
97.906 	-45.692 	-59.052 	-0.033 	-0.010 	0.000 	
144.697 	-30.974 	41.357 	0.019 	-0.006 	0.029 	
-378.448 	1568.655 	155.245 	-0.193 	0.721 	0.084 	
87.750 	-70.477 	71.257 	0.085 	-0.037 	-0.187 	
46.319 	-3.389 	-21.281 	-0.079 	0.006 	0.002 	
127.855 	-32.076 	-22.178 	-0.032 	-0.075 	0.069 	
42.833 	-247.503 	-124.324 	0.067 	-0.031 	-0.005 	
84.214 	-34.012 	30.074 	-0.058 	-0.164 	0.110 	
173.236 	-17.588 	21.509 	0.142 	0.093 	0.032 	
48.397 	-50.566 	17.945 	0.016 	-0.035 	0.089 	
41.823 	-51.145 	14.381 	-0.017 	0.064 	0.062 	
115.256 	30.586 	-19.062 	-0.004 	0.019 	-0.148 	
9.753 	-18.668 	19.068 	-0.038 	-0.053 	-0.025 	
154.499 	31.902 	-78.278 	0.077 	0.050 	0.012 	
86.405 	77.451 	15.438 	-0.146 	-0.029 	-0.014 	
180.632 	11.874 	29.935 	-0.010 	0.040 	-0.049 	
155.619 	-15.680 	-20.454 	-0.049 	0.071 	0.056 	
175.945 	36.728 	12.700 	0.043 	-0.006 	-0.005 	
202.761 	-8.488 	72.888 	-0.087 	-0.011 	-0.018 	
120.324 	-64.519 	-27.245 	0.031 	-0.110 	-0.097 	
150.104 	9.424 	48.216 	-0.037 	-0.005 	0.050 	
69.811 	-22.293 	31.372 	-0.284 	0.031 	0.001 	
157.732 	71.329 	-3.923 	0.074 	0.083 	-0.091 	
53.722 	-60.528 	24.393 	-0.088 	0.001 	0.064 	
16.206 	-38.068 	5.080 	0.156 	-0.010 	-0.014 	
45.497 	4.071 	6.391 	-0.147 	-0.004 	-0.040 	
187.775 	-116.295 	-25.513 	0.052 	-0.042 	-0.050 	
-72.274 	-112.073 	68.206 	0.096 	0.032 	0.038 	
109.438 	-24.105 	-4.969 	-0.173 	-0.122 	0.100 	
-10.582 	-24.869 	10.950 	-0.167 	-0.047 	0.047 	
167.103 	0.450 	24.041 	0.142 	-0.064 	-0.118 	
130.798 	-101.874 	5.316 	-0.031 	-0.157 	0.038 	
56.568 	-38.379 	138.328 	-0.315 	-0.149 	0.226 	
75.054 	-20.969 	42.507 	-0.172 	0.027 	-0.149 	
67.664 	31.097 	24.334 	-0.035 	-0.042 	0.005 	
41.963 	8.667 	26.875 	-0.159 	-0.008 	0.103 	
124.952 	-67.465 	-14.289 	-0.034 	-0.052 	0.082 	
178.834 	101.617 	33.563 	0.061 	0.041 	-0.021 	
77.102 	-0.988 	35.664 	-0.220 	0.102 	0.114 	
192.312 	-133.769 	-317.206 	0.069 	-0.052 	-0.065 	
145.546 	43.017 	5.150 	0.039 	-0.073 	-0.080 	
95.451 	-101.047 	-34.888 	-0.072 	-0.028 	-0.099 	
72.880 	19.829 	-62.996 	-0.024 	-0.075 	-0.024 	
100.378 	23.270 	-60.078 	-0.030 	-0.053 	0.002 	
208.634 	-175.219 	102.024 	0.079 	0.026 	-0.008 	
3.047 	-9.779 	110.615 	-0.252 	-0.062 	0.119 	
278.728 	-337.181 	-56.974 	0.101 	-0.127 	-0.011 	
-108.690 	-6.522 	-4.845 	-0.071 	0.005 	-0.044 	
137.430 	1.568 	8.643 	-0.059 	-0.088 	-0.058 	
67.548 	-1.239 	14.534 	-0.094 	0.127 	0.032 	
-45.525 	-41.498 	2.331 	-0.005 	0.075 	-0.003 	
57.404 	-23.597 	6.643 	-0.125 	-0.130 	0.023 	
84.339 	21.175 	54.132 	-0.024 	0.023 	0.065 	
93.204 	10.025 	13.071 	-0.139 	-0.147 	0.157 	
105.681 	66.191 	-32.209 	-0.016 	0.123 	0.014 	
63.706 	-12.368 	34.102 	-0.299 	0.111 	-0.041 	
177.204 	79.046 	66.665 	-0.109 	0.027 	0.014 	
90.485 	-15.703 	25.620 	-0.069 	-0.063 	0.004 	
80.099 	-283.961 	58.656 	0.080 	-0.026 	0.018 	
171.615 	3.970 	54.905 	0.053 	-0.020 	-0.059 	
34.978 	-27.257 	51.667 	-0.167 	-0.148 	-0.066 	
128.522 	-34.284 	163.424 	0.089 	0.047 	-0.061 	
125.004 	-57.065 	49.866 	-0.078 	0.103 	0.027 	
32.857 	-34.095 	-1.571 	-0.028 	-0.065 	0.006 	
50.574 	3.129 	-16.424 	-0.015 	0.100 	-0.086 	
90.408 	11.294 	-75.067 	-0.106 	-0.007 	-0.091 	
89.980 	-7.504 	17.528 	-0.130 	0.014 	-0.066 	
39.264 	15.717 	57.113 	-0.234 	0.071 	0.036 	
112.840 	-23.090 	-42.090 	-0.131 	0.084 	0.077 	
274.160 	58.950 	12.304 	0.086 	0.156 	-0.016 	
82.920 	-11.464 	25.653 	-0.137 	0.031 	0.003 	
243.785 	-50.233 	147.721 	-0.023 	-0.039 	0.085 	
123.643 	-7.879 	-15.723 	-0.123 	-0.053 	0.033 	
66.814 	-24.944 	-0.669 	-0.005 	-0.098 	0.067 	
-4.128 	-67.015 	42.213 	-0.064 	-0.009 	0.027 	
144.273 	216.117 	366.100 	0.053 	0.066 	0.095 	
12.041 	-1.715 	-1.188 	0.138 	-0.065 	0.094 	
115.696 	31.390 	45.126 	-0.070 	0.057 	-0.028 	
76.217 	-35.116 	51.354 	-0.191 	-0.170 	0.019 	
664.554 	-743.999 	-12.801 	0.264 	-0.309 	0.004 	
84.369 	-54.511 	21.740 	-0.066 	0.105 	-0.132 	
102.402 	-75.569 	111.799 	-0.067 	-0.066 	0.091 	
74.455 	-79.648 	12.289 	0.062 	-0.026 	-0.008 	
11.219 	-42.948 	22.628 	-0.169 	-0.107 	-0.023 	
132.971 	-68.212 	43.092 	0.034 	0.108 	-0.028 	
102.367 	-104.494 	1.507 	-0.067 	-0.031 	0.102 	
-8.742 	-7.139 	49.198 	-0.109 	0.062 	0.041 	
29.306 	-59.460 	27.226 	-0.123 	-0.133 	0.004 	
91.482 	18.910 	100.079 	-0.048 	-0.033 	-0.003 	
6.559 	-2.257 	33.447 	-0.035 	0.038 	0.049 	
243.296 	-698.164 	22.334 	0.122 	-0.298 	-0.015 	
-12.915 	16.780 	-64.821 	0.106 	-0.104 	0.045 	
115.025 	-48.464 	36.339 	-0.194 	0.110 	0.002 	
132.710 	-84.472 	78.197 	0.066 	-0.116 	0.109 	
263.052 	-63.575 	40.748 	0.018 	0.074 	-0.044 	
125.881 	-75.711 	-19.269 	0.128 	-0.097 	0.032 	
62.281 	-21.676 	7.333 	-0.145 	-0.097 	0.080 	
100.181 	-24.750 	-84.180 	-0.047 	0.052 	-0.033 	
154.372 	-125.809 	28.625 	0.086 	0.114 	-0.058 	
60.326 	-22.034 	4.225 	-0.068 	0.108 	0.075 	
129.563 	46.448 	7.198 	0.011 	-0.052 	0.030 	
-109.205 	-96.877 	33.901 	0.070 	0.029 	0.070 	
-64.544 	-10.409 	139.500 	0.079 	-0.051 	-0.037 	
-18.079 	-1.743 	42.159 	0.074 	0.047 	-0.026 	
64.491 	-43.168 	37.497 	0.058 	-0.117 	0.073 	
226.928 	-13.818 	117.627 	0.157 	-0.050 	0.101 	
108.955 	-38.068 	44.192 	-0.043 	0.022 	0.023 	
29.862 	-43.105 	0.602 	-0.190 	-0.032 	0.037 	
137.684 	24.173 	-4.529 	-0.070 	0.090 	-0.022 	
64.986 	-42.492 	31.415 	-0.233 	0.066 	0.123 	
73.371 	1.473 	24.273 	-0.200 	-0.059 	-0.005 	
42.983 	-8.403 	8.710 	-0.066 	-0.090 	0.026 	
29.364 	-32.412 	-10.347 	-0.149 	0.015 	-0.058 	
119.985 	-49.954 	88.745 	0.055 	-0.089 	0.127 	
128.257 	-35.862 	-12.617 	-0.037 	-0.102 	0.060 	
547.637 	1215.258 	-4343.422 	0.265 	0.621 	-2.368 	
147.925 	27.671 	3.241 	0.035 	-0.022 	-0.084 	
118.746 	15.276 	9.779 	-0.124 	0.064 	0.017 	
-148.517 	-102.103 	-77.473 	0.017 	-0.037 	0.038 	
79.476 	-29.687 	31.142 	-0.088 	0.056 	0.216 	
21.563 	-24.259 	-1.090 	0.163 	0.049 	-0.021 	
59.843 	-20.938 	25.984 	-0.182 	0.088 	-0.083 	
207.163 	24.335 	96.562 	0.109 	0.037 	-0.004 	
99.947 	-4.962 	8.862 	-0.174 	-0.014 	-0.105 	
44.000 	-89.997 	49.765 	-0.131 	0.089 	-0.069 	
126.694 	-34.398 	-10.485 	-0.066 	0.130 	0.018 	
-17.566 	-57.315 	15.691 	-0.127 	-0.088 	-0.050 	
108.869 	-66.102 	-13.241 	-0.016 	-0.043 	-0.044 	
65.198 	-12.547 	7.457 	-0.135 	-0.211 	0.040 	
76.232 	-57.573 	25.600 	-0.187 	0.091 	-0.153 	
94.723 	-22.833 	7.405 	-0.123 	0.011 	0.121 	
41.918 	-7.443 	21.369 	-0.130 	0.024 	0.022 	
150.273 	-20.313 	92.355 	0.065 	-0.054 	0.051 	
163.479 	1.793 	20.882 	-0.029 	0.062 	-0.189 	
63.568 	-23.519 	34.463 	-0.136 	-0.070 	0.125 	
45.320 	-22.652 	4.696 	-0.225 	0.036 	0.117 	
140.305 	-31.071 	0.481 	-0.093 	0.017 	0.081 	
0.591 	-55.245 	-82.889 	0.118 	-0.041 	0.099 	
98.102 	-132.873 	33.600 	-0.113 	-0.008 	0.036 	
104.826 	-51.218 	91.104 	0.120 	-0.014 	0.108 	
383.152 	-102.348 	-153.449 	0.116 	-0.075 	-0.071 	
50.986 	-20.628 	18.918 	0.079 	-0.021 	-0.076 	
70.015 	-95.660 	50.178 	-0.198 	-0.039 	0.007 	
120.246 	-32.847 	-13.548 	-0.028 	-0.162 	-0.011 	
-15.681 	-22.676 	5.263 	-0.124 	0.021 	0.013 	
110.339 	5.773 	110.901 	-0.084 	0.050 	-0.021 	
100.637 	36.623 	58.589 	0.075 	0.115 	-0.090 	
126.374 	-15.173 	24.604 	-0.216 	-0.055 	0.079 	
-224.496 	10.628 	81.800 	-0.026 	-0.036 	0.027 	
137.639 	-6.786 	-30.852 	-0.028 	0.078 	-0.057 	
47.903 	9.075 	6.238 	-0.164 	0.019 	0.049 	
208.060 	-70.089 	-15.278 	-0.103 	0.016 	-0.010 	
74.505 	-20.740 	55.503 	-0.135 	-0.028 	-0.135 	
118.538 	13.016 	33.285 	-0.053 	0.062 	-0.076 	
76.156 	-16.786 	9.280 	-0.027 	-0.146 	0.174 	
145.744 	-134.400 	119.750 	-0.050 	-0.015 	0.015 	
77.655 	-41.644 	-16.388 	-0.021 	0.161 	0.033 	
119.011 	-199.331 	42.529 	0.084 	0.040 	-0.033 	
-1.070 	4.810 	-0.371 	-0.039 	0.031 	0.013 	
114.881 	-94.635 	-58.106 	-0.083 	-0.048 	-0.058 	
1212.379 	424.302 	495.786 	0.572 	0.234 	0.256 	
62.690 	4.277 	-45.266 	-0.140 	0.041 	0.019 	
78.274 	12.965 	-4.928 	-0.043 	0.033 	0.060 	
41.760 	-34.900 	-26.419 	-0.018 	-0.087 	0.064 	
9.652 	3.761 	17.139 	-0.121 	-0.035 	0.064 	
260.522 	20.561 	69.475 	-0.032 	0.077 	0.068 	
24.493 	-20.518 	-23.332 	-0.015 	0.072 	-0.052 	
159.874 	-4.328 	-9.036 	0.070 	-0.006 	0.115 	
111.492 	-72.293 	-9.503 	-0.162 	0.035 	0.027 	
73.739 	0.546 	34.356 	-0.080 	-0.108 	-0.146 	
78.550 	-77.124 	67.058 	-0.010 	0.076 	-0.012 	
166.379 	-24.018 	30.504 	0.091 	-0.052 	0.038 	
109.127 	-42.517 	-18.453 	-0.083 	0.003 	0.157 	
8.218 	-45.479 	4.502 	0.087 	0.048 	-0.129 	
97.506 	-276.661 	441.024 	-0.039 	-0.092 	0.188 	
34.424 	-14.309 	13.718 	0.063 	-0.001 	0.172 	
59.958 	-61.163 	-55.056 	0.119 	-0.089 	0.016 	
-11.555 	25.403 	36.980 	0.105 	-0.065 	-0.064 	
82.874 	-8.138 	14.755 	0.082 	0.070 	-0.031 	
-42.336 	36.341 	50.391 	-0.061 	-0.043 	-0.010 	
-26.136 	-40.017 	-74.301 	-0.030 	-0.054 	-0.160 	
167.047 	-7.824 	37.862 	0.243 	-0.010 	0.113 	
-38.099 	-6.587 	109.151 	-0.080 	0.041 	0.115 	
10.079 	-68.270 	77.626 	-0.143 	-0.082 	0.049 	
-23.064 	61.947 	19.931 	0.065 	0.004 	0.067 	
94.961 	-22.218 	10.392 	0.177 	-0.012 	-0.126 	
-28.046 	31.857 	15.566 	0.119 	-0.043 	0.045 	
-53.214 	-17.255 	73.964 	0.014 	0.064 	0.005 	
84.587 	-12.277 	13.495 	0.049 	0.086 	-0.213 	
19.267 	9.741 	41.364 	0.125 	0.045 	-0.045 	
101.218 	5.951 	12.260 	0.086 	0.082 	-0.000 	
6.993 	2.910 	-80.805 	-0.032 	0.047 	0.011 	
-31.335 	-2.333 	63.056 	-0.104 	-0.077 	-0.041 	
96.136 	-25.661 	14.394 	0.141 	0.056 	0.047 	
32.400 	-24.886 	-32.939 	0.041 	-0.055 	0.015 	
-183.927 	54.807 	-366.048 	-0.255 	0.096 	-0.320 	
-12.783 	-87.060 	82.799 	0.041 	-0.111 	0.170 	
147.916 	-35.196 	36.915 	-0.015 	-0.005 	0.029 	
-41.236 	-67.000 	-102.441 	-0.018 	-0.014 	-0.044 	
9.263 	-62.893 	37.398 	0.142 	0.002 	0.078 	
39.922 	-6.032 	-70.472 	0.052 	-0.066 	0.055 	
106.171 	20.054 	16.932 	0.086 	-0.033 	0.083 	
17.104 	-53.733 	0.131 	0.097 	-0.082 	0.060 	
-23.369 	8.816 	-10.752 	-0.140 	-0.027 	0.020 	
56.655 	-101.965 	7.232 	0.156 	-0.138 	0.003 	
-271.670 	-58.389 	-96.711 	-0.127 	-0.052 	0.034 	
-57.745 	-23.355 	68.055 	-0.052 	0.058 	0.042 	
-46.451 	-87.785 	46.527 	0.016 	-0.005 	0.044 	
3.839 	-90.472 	52.627 	-0.067 	-0.012 	0.060 	
106.071 	-8.262 	26.569 	0.076 	-0.110 	0.068 	
58.392 	-50.381 	40.526 	0.137 	-0.113 	-0.016 	
78.682 	-5.868 	-16.775 	0.216 	-0.083 	-0.052 	
122.080 	1.289 	85.210 	-0.192 	-0.096 	-0.029 	
40.496 	-64.887 	-4.508 	0.053 	0.082 	-0.144 	
53.897 	-19.167 	-8.664 	0.018 	0.174 	0.035 	
-86.703 	-71.607 	39.402 	-0.022 	-0.074 	-0.045 	
84.083 	-84.630 	-29.379 	0.069 	0.081 	-0.050 	
64.005 	-47.068 	-14.012 	0.107 	0.168 	0.025 	
61.687 	36.923 	80.642 	-0.140 	-0.150 	-0.025 	
-31.023 	-98.027 	85.944 	-0.024 	-0.121 	0.054 	
-29.564 	15.426 	57.949 	0.027 	0.149 	-0.080 	
-5.035 	8.055 	38.506 	-0.042 	-0.037 	-0.021 	
82.053 	-24.539 	35.563 	0.167 	0.100 	-0.043 	
52.315 	-3.847 	10.740 	0.144 	0.045 	0.016 	
-43.567 	16.724 	43.418 	0.047 	-0.004 	-0.001 	
277.722 	-331.202 	178.890 	0.016 	-0.114 	0.069 	
44.849 	-7.866 	20.647 	0.153 	-0.133 	0.081 	
67.795 	-1.153 	1.167 	0.034 	-0.009 	0.002 	
-39.345 	76.700 	166.886 	-0.026 	-0.063 	-0.015 	
116.634 	-52.538 	9.203 	0.090 	-0.076 	-0.027 	
44.929 	-16.469 	3.505 	0.092 	0.089 	0.131 	
14.124 	-51.799 	-4.633 	0.005 	-0.034 	0.051 	
66.473 	-58.035 	53.091 	0.145 	0.069 	-0.066 	
-36.057 	-54.610 	31.888 	-0.070 	0.047 	0.085 	
-6.176 	-67.438 	4.335 	0.077 	0.047 	-0.057 	
45.888 	-28.487 	37.312 	-0.173 	0.018 	0.238 	
-10.775 	-44.106 	102.913 	0.016 	-0.100 	0.143 	
25.981 	-90.525 	-19.740 	0.006 	0.026 	0.012 	
61.834 	-45.023 	9.682 	0.194 	0.060 	-0.017 	
51.284 	-39.180 	34.825 	0.147 	0.015 	0.153 	
-2.271 	-83.162 	2.694 	-0.139 	-0.090 	0.055 	
6808.856 	1873.371 	4162.053 	5.490 	1.541 	3.410 	
-44.502 	32.098 	42.434 	0.048 	-0.031 	-0.048 	
42.830 	-34.040 	-5.485 	0.212 	-0.066 	-0.151 	
95.718 	-12.198 	13.019 	0.095 	-0.034 	-0.040 	
66.237 	-38.124 	6.968 	0.103 	0.040 	0.008 	
19.096 	21.303 	68.012 	-0.139 	0.057 	0.111 	
28.795 	-42.208 	-5.875 	0.108 	-0.012 	0.034 	
131.831 	7.035 	9.657 	0.043 	0.078 	-0.000 	
34.270 	-106.932 	63.705 	-0.062 	-0.069 	-0.006 	
108.336 	-22.159 	44.474 	0.159 	0.137 	-0.048 	
63.948 	-70.390 	-9.580 	0.138 	0.149 	0.010 	
165.506 	-35.871 	87.331 	0.087 	-0.064 	-0.086 	
57.700 	-0.054 	40.614 	-0.243 	-0.008 	-0.173 	
32.765 	-144.961 	13.905 	0.088 	-0.026 	0.012 	
-86.412 	279.568 	-63.647 	-0.111 	0.246 	-0.088 	
244.476 	35.919 	-9.670 	0.107 	0.046 	-0.039 	
-10.451 	-101.035 	57.807 	0.007 	0.001 	0.106 	
39.916 	-66.334 	-35.096 	0.043 	-0.124 	0.078 	
80.658 	-19.734 	-21.647 	0.101 	-0.007 	-0.046 	
-72.058 	-1.102 	-42.247 	-0.122 	-0.024 	-0.028 	
-5.654 	-71.718 	67.516 	-0.095 	-0.042 	0.102 	
21.085 	-7.926 	20.405 	0.036 	-0.066 	-0.133 	
11.910 	1.778 	91.491 	0.025 	-0.019 	0.103 	
-13.745 	-88.265 	4.675 	0.148 	-0.144 	0.015 	
21.743 	-59.359 	16.604 	0.048 	-0.013 	0.145 	
18.228 	-58.572 	-9.135 	0.075 	0.022 	0.157 	
466.572 	47.864 	-49.695 	0.110 	0.005 	-0.020 	
72.727 	-18.444 	-12.742 	-0.013 	0.122 	0.092 	
29.338 	-20.032 	-24.833 	0.061 	-0.138 	0.078 	
-19.130 	-66.018 	102.463 	0.018 	0.008 	-0.028 	
52.154 	-47.949 	29.234 	0.197 	0.066 	-0.002 	
-7.947 	-56.996 	-18.818 	-0.146 	-0.101 	-0.015 	
50.122 	-46.064 	22.115 	0.211 	0.090 	-0.101 	
36.201 	-117.940 	11.860 	0.103 	-0.127 	0.037 	
-13.536 	-107.213 	6.981 	-0.038 	0.010 	-0.014 	
38.932 	-92.128 	80.572 	0.173 	0.016 	0.008 	
92.949 	0.664 	12.572 	-0.006 	-0.045 	-0.044 	
75.077 	-72.171 	92.266 	-0.125 	0.106 	-0.081 	
77.645 	-0.158 	35.726 	-0.291 	0.055 	0.012 	
-80.286 	-32.258 	34.886 	-0.131 	0.020 	0.005 	
54.798 	-19.462 	34.518 	-0.257 	0.136 	-0.064 	
8.666 	-126.734 	229.507 	-0.075 	-0.034 	0.171 	
-0.355 	-11.099 	84.059 	0.016 	0.052 	0.114 	
95.653 	-48.114 	23.539 	0.023 	-0.057 	-0.026 	
49.031 	-14.062 	8.525 	0.192 	-0.026 	0.138 	
50.410 	-38.240 	21.551 	0.149 	-0.112 	-0.129 	
146.803 	-23.005 	23.924 	0.074 	0.115 	-0.104 	
40.529 	-32.864 	-35.861 	0.123 	0.042 	0.027 	
-59.833 	-36.683 	18.368 	0.010 	-0.026 	0.205 	
60.262 	-32.942 	-0.337 	0.143 	0.138 	-0.011 	
49.844 	38.681 	8.462 	0.128 	-0.074 	-0.047 	
52.233 	5.581 	30.377 	0.191 	-0.032 	-0.034 	
308.544 	202.229 	-99.853 	0.453 	0.285 	-0.169 	
83.842 	-21.819 	62.461 	0.124 	-0.027 	0.063 	
-39.312 	9.667 	11.498 	-0.151 	-0.008 	0.013 	
4.471 	-63.780 	72.780 	-0.149 	-0.059 	0.033 	
-39.966 	12.692 	42.778 	0.016 	0.072 	0.047 	
-42.148 	81.302 	-50.865 	-0.034 	0.052 	-0.083 	
-85.472 	-55.304 	6.256 	-0.053 	0.067 	0.005 	
8.762 	5.331 	12.376 	0.148 	0.051 	-0.020 	
49.381 	-30.116 	-27.837 	0.158 	-0.091 	-0.095 	
41.547 	-50.382 	-11.150 	0.112 	0.109 	0.025 	
-64.306 	-106.230 	48.871 	-0.093 	-0.019 	-0.034 	
-85.360 	-67.501 	19.719 	-0.124 	0.030 	-0.008 	
19.152 	-24.849 	43.220 	0.111 	0.018 	0.117 	
99.391 	11.492 	14.002 	0.045 	-0.044 	-0.014 	
71.739 	6.792 	1.929 	-0.156 	-0.104 	0.221 	
10.366 	4.199 	13.223 	0.171 	0.012 	0.057 	
143.054 	37.420 	12.156 	-0.179 	-0.125 	-0.030 	
54.680 	28.456 	94.446 	0.142 	0.051 	-0.022 	
-9.481 	-6.067 	68.411 	0.014 	-0.054 	0.012 	
-9.183 	28.333 	34.234 	-0.069 	0.197 	0.011 	
133.967 	-13.724 	51.090 	0.214 	-0.000 	0.007 	
55.820 	-17.556 	34.912 	0.188 	-0.022 	-0.117 	
-21.213 	-36.510 	61.787 	-0.069 	-0.068 	-0.034 	
45.072 	7.195 	57.437 	0.176 	-0.070 	-0.054 	
-19.009 	-62.571 	28.006 	-0.035 	-0.052 	0.149 	
-61.047 	-107.774 	30.118 	-0.033 	-0.053 	0.027 	
105.534 	-29.333 	28.347 	0.037 	0.125 	0.071 	
33.125 	-22.171 	56.750 	0.162 	0.060 	-0.005 	
-33.828 	-31.773 	12.484 	0.034 	0.007 	-0.104 	
-38.077 	-71.574 	-33.194 	-0.111 	-0.047 	0.001 	
49.195 	-44.164 	-2.808 	-0.131 	-0.199 	0.147 	
57.908 	-42.946 	-22.977 	0.142 	0.138 	0.029 	
1.158 	-4.703 	10.054 	0.059 	-0.032 	0.127 	
-3.185 	0.672 	-12.134 	0.099 	-0.014 	-0.104 	
96.159 	-51.621 	-16.223 	0.095 	0.017 	-0.045 	
-61.313 	-45.187 	-9.338 	-0.178 	-0.006 	0.049 	
114.128 	-10.134 	27.869 	0.049 	0.028 	-0.112 	
-30.674 	88.300 	158.598 	-0.040 	-0.043 	-0.026 	
39.505 	-11.124 	-6.803 	-0.110 	-0.148 	-0.177 	
104.316 	-12.247 	27.232 	0.087 	0.048 	0.072 	
49.090 	-12.010 	30.076 	0.182 	0.036 	0.143 	
754.787 	115.946 	-1469.174 	0.277 	0.060 	-0.629 	
-1863.732 	-8536.571 	-13422.816 	-1.525 	-7.107 	-11.197 	
-4.352 	-49.860 	129.408 	-0.096 	-0.024 	0.159 	
62.313 	4.227 	24.777 	0.059 	0.077 	-0.080 	
65.850 	-66.891 	-10.910 	0.023 	0.065 	0.133 	
40.226 	-28.511 	25.273 	0.202 	0.033 	-0.059 	
-31.347 	-2.239 	-18.762 	0.056 	0.020 	-0.010 	
-43.169 	-72.329 	53.371 	-0.006 	-0.106 	0.017 	
77.432 	-25.509 	15.988 	0.016 	-0.006 	-0.029 	
84.948 	23.730 	25.604 	0.125 	-0.080 	0.134 	
7.400 	-130.133 	-31.241 	0.055 	-0.060 	0.037 	
110.776 	-242.566 	-148.507 	-0.087 	-0.048 	-0.003 	
93.124 	-103.676 	-20.109 	0.356 	-0.202 	-0.092 	
-41.864 	-96.224 	67.903 	0.021 	-0.029 	-0.045 	
-3.385 	-91.481 	13.273 	-0.033 	0.022 	-0.093 	
-96.921 	10.642 	-3.845 	-0.035 	-0.015 	0.039 	
-0.214 	-100.839 	79.209 	-0.052 	-0.094 	0.049 	
316.136 	109.201 	-41.101 	0.576 	0.214 	-0.099 	
74.837 	-18.211 	-13.141 	0.073 	0.104 	-0.142 	
68.949 	-11.225 	20.118 	0.206 	-0.089 	-0.122 	
102.406 	-20.173 	22.287 	-0.001 	0.036 	0.105 	
40.477 	-45.648 	10.619 	0.148 	0.026 	-0.073 	
-106.383 	-6.352 	24.042 	-0.047 	-0.041 	-0.043 	
4.297 	-66.614 	41.478 	0.018 	0.097 	-0.008 	
-0.851 	26.298 	-56.427 	0.081 	0.019 	-0.131 	
96.655 	-17.033 	27.510 	-0.267 	0.097 	0.138 	
-61.184 	-68.611 	-26.896 	-0.034 	-0.047 	0.066 	
2.246 	-94.075 	12.050 	0.097 	-0.052 	0.069 	
-28.782 	-124.806 	32.023 	-0.037 	-0.178 	0.020 	
5.910 	-38.437 	-20.103 	0.100 	0.069 	-0.025 	
87.063 	8.280 	9.773 	-0.034 	0.015 	0.037 	
17.279 	-110.598 	-42.614 	0.078 	0.015 	-0.076 	
-66.166 	-10.710 	9.312 	0.004 	0.005 	0.047 	
-34.558 	5.529 	-16.765 	-0.029 	0.030 	-0.106 	
97.343 	18.271 	52.051 	0.111 	0.007 	-0.030 	
18.063 	-13.195 	80.715 	0.044 	-0.115 	0.005 	
35.426 	-12.453 	-19.336 	0.173 	-0.039 	0.171 	
47.868 	22.958 	-1.242 	0.058 	-0.031 	-0.019 	
85.988 	-14.253 	11.639 	0.034 	0.039 	0.098 	
93.117 	-31.244 	28.810 	0.214 	-0.103 	-0.035 	
86.145 	-46.152 	15.334 	0.134 	-0.110 	0.031 	
21.596 	-6.633 	2.276 	0.061 	0.027 	0.182 	
43.602 	-17.828 	33.237 	-0.274 	0.029 	0.041 	
-84.129 	-15.773 	23.393 	-0.212 	0.076 	0.073 	
95.399 	14.292 	7.036 	0.190 	-0.153 	-0.075 	
-8.306 	93.690 	56.764 	0.058 	0.037 	0.039 	
7.014 	-45.400 	-17.587 	0.069 	0.011 	0.019 	
-1210.350 	679.890 	419.445 	-1.007 	0.617 	0.365 	
95.198 	-47.211 	28.459 	0.045 	0.094 	0.022 	
-65.635 	4.929 	43.814 	-0.119 	0.072 	-0.014 	
-46.855 	-13.862 	62.258 	-0.140 	-0.068 	0.047 	
-88.675 	-38.262 	7.236 	-0.093 	-0.011 	-0.009 	
15.961 	-43.569 	-47.333 	0.006 	-0.069 	-0.023 	
96.677 	-9.370 	-2.098 	0.164 	0.062 	0.022 	
87.063 	-45.179 	-9.977 	0.009 	-0.043 	-0.016 	
85.942 	-14.664 	35.373 	0.025 	0.064 	-0.034 	
-48.888 	-58.380 	-22.385 	-0.062 	-0.164 	0.027 	
22.326 	1.350 	30.430 	0.048 	0.152 	-0.047 	
-30.850 	-31.082 	25.029 	0.026 	-0.008 	0.006 	
-313.245 	184.848 	-111.488 	-0.199 	0.053 	-0.040 	
9.966 	-64.521 	-23.057 	0.099 	-0.006 	0.098 	
95.813 	-3.872 	22.875 	0.060 	-0.062 	0.084 	
52.584 	-52.622 	20.740 	0.029 	0.012 	0.167 	
-36.842 	-51.623 	9.269 	-0.023 	0.021 	-0.045 	
35.949 	-16.588 	15.095 	0.143 	-0.094 	0.134 	
82.184 	-50.819 	22.897 	0.011 	0.033 	-0.015 	
52.369 	-60.831 	10.602 	0.178 	0.023 	0.023 	
-4.548 	27.594 	-37.881 	-0.093 	0.038 	-0.037 	
89.159 	-47.198 	16.158 	0.133 	0.065 	-0.051 	
57.981 	50.252 	76.024 	0.063 	0.058 	-0.035 	
-6.396 	-29.634 	88.204 	0.050 	0.070 	-0.021 	
19.473 	-55.014 	10.800 	0.112 	0.035 	0.163 	
72.500 	-31.283 	40.912 	0.003 	-0.053 	0.033 	
75.929 	-53.198 	40.582 	0.122 	0.066 	0.137 	
-8.971 	-15.738 	-10.903 	0.149 	0.055 	-0.032 	
70.174 	-36.947 	10.637 	0.141 	0.081 	0.037 	
98.505 	-34.848 	-6.233 	0.048 	0.033 	-0.091 	
19.143 	-53.286 	11.333 	-0.097 	-0.246 	0.119 	
130.545 	-31.726 	37.272 	0.102 	-0.095 	0.100 	
36.879 	-18.532 	60.201 	0.018 	-0.027 	-0.055 	
-68.374 	24.302 	-154.538 	-0.071 	0.079 	-0.247 	
72.118 	15.091 	41.729 	0.098 	0.076 	0.019 	
97.914 	11.614 	32.185 	0.153 	0.024 	-0.009 	
-39.225 	-15.915 	-41.584 	-0.059 	0.044 	0.013 	
-26.505 	-40.634 	28.330 	-0.091 	0.106 	-0.052 	
52.334 	-49.652 	-12.357 	0.058 	0.150 	0.054 	
31.443 	-94.817 	111.796 	0.087 	-0.017 	0.069 	
378.292 	-1657.252 	1169.265 	0.104 	-1.020 	0.718 	
144.211 	-56.190 	36.945 	0.066 	0.112 	-0.074 	
-66.848 	6.039 	-57.252 	0.047 	0.130 	0.002 	
95.094 	-30.006 	11.505 	0.044 	0.013 	-0.136 	
76.029 	18.218 	43.729 	0.113 	-0.018 	-0.145 	
-38.373 	-79.790 	37.421 	-0.183 	-0.059 	0.067 	
68.805 	93.333 	114.099 	-0.093 	-0.068 	-0.041 	
-25.343 	-39.304 	60.409 	0.008 	-0.182 	0.089 	
-99.782 	-108.355 	-5.180 	-0.180 	-0.163 	-0.030 	
43.399 	-42.604 	45.152 	-0.066 	-0.058 	-0.024 	
91.104 	-27.513 	21.987 	0.201 	0.067 	-0.065 	
-64.555 	-42.546 	4.159 	-0.114 	0.018 	-0.050 	
59.709 	-44.057 	6.723 	0.127 	-0.075 	-0.196 	
613.278 	-894.246 	-750.227 	0.263 	-0.441 	-0.392 	
-33.950 	33.851 	20.327 	0.126 	-0.002 	0.000 	
-8.703 	55.660 	44.085 	0.097 	0.128 	0.075 	
2.846 	-9.034 	28.750 	0.091 	-0.140 	0.011 	
-39.248 	-14.117 	26.860 	-0.010 	-0.026 	-0.082 	
-32.287 	-75.510 	-15.481 	0.005 	0.045 	0.015 	
10.746 	-41.304 	-46.244 	-0.048 	-0.172 	-0.138 	
-79.009 	-45.586 	-1.679 	-0.092 	0.066 	0.065 	
-27.555 	-21.938 	47.000 	-0.202 	-0.032 	-0.064 	
-21.988 	10.731 	39.774 	-0.129 	-0.043 	-0.056 	
58.329 	62.064 	-48.365 	-0.096 	-0.093 	0.084 	
-37.397 	-108.921 	38.118 	-0.064 	-0.094 	0.061 	
-66.580 	-36.555 	-7.631 	-0.124 	-0.051 	-0.013 	
44.785 	-32.820 	45.440 	0.217 	-0.037 	0.107 	
68.189 	-80.920 	-13.782 	0.008 	0.022 	-0.008 	
24.480 	-15.006 	97.013 	0.117 	0.120 	0.022 	
-109.079 	-5.523 	3.429 	-0.039 	-0.122 	-0.114 	
23.282 	-80.969 	75.933 	0.038 	0.056 	0.079 	
-20.320 	-0.536 	-3.812 	0.076 	0.205 	0.038 	
147.105 	21.186 	43.128 	0.103 	-0.079 	-0.033 	
-476.614 	-1010.701 	4585.761 	-0.288 	-0.579 	2.449 	
63.619 	-8.398 	34.514 	0.240 	0.234 	-0.025 	
23.656 	-68.054 	121.180 	0.097 	-0.059 	0.007 	
39.354 	-149.431 	98.784 	-0.117 	0.051 	-0.055 	
46.249 	22.507 	-37.258 	0.044 	0.065 	-0.108 	
47.000 	-47.349 	55.241 	-0.032 	-0.134 	0.033 	
74.834 	32.013 	97.325 	0.076 	-0.030 	0.045 	
-72.986 	-60.581 	24.014 	0.040 	-0.148 	-0.105 	
-40.349 	-38.126 	2.484 	0.005 	0.007 	0.026 	
-26.583 	-0.924 	19.805 	0.008 	-0.055 	0.117 	
27.776 	-51.965 	53.781 	0.054 	-0.090 	-0.059 	
8.373 	-73.688 	69.789 	-0.067 	-0.054 	0.030 	
36.339 	-29.658 	68.984 	-0.106 	0.034 	0.165 	
101.322 	-33.761 	15.628 	0.204 	-0.037 	0.095 	
-110.853 	-473.035 	29.487 	-0.138 	-0.412 	-0.007 	
68.332 	-25.323 	60.312 	0.119 	0.066 	-0.025 	
26.985 	-37.460 	52.565 	0.119 	-0.080 	0.027 	
156.207 	-0.609 	-5.153 	0.014 	0.117 	-0.053 	
23.521 	-42.401 	-19.691 	0.069 	-0.002 	-0.055 	
-15.972 	9.511 	105.633 	0.139 	-0.012 	0.051 	
135.370 	35.104 	11.823 	-0.149 	-0.134 	-0.057 	
33.250 	-48.169 	9.409 	0.043 	0.057 	0.114 	
31.973 	-89.217 	48.411 	-0.065 	-0.196 	0.078 	
-38.260 	-28.831 	-37.166 	-0.060 	0.003 	0.059 	
-2.283 	-15.662 	17.314 	0.118 	0.101 	-0.044 	
92.405 	-26.840 	-6.129 	0.054 	-0.119 	-0.110 	
10.772 	-62.001 	2.290 	-0.080 	0.130 	0.207 	
14.437 	-87.587 	29.362 	-0.024 	0.088 	-0.055 	
-43.077 	106.280 	-392.513 	-0.063 	0.021 	-0.109 	
-30.973 	-17.740 	-15.301 	-0.104 	-0.023 	-0.041 	
-203.179 	18.807 	-86.142 	-0.270 	0.070 	-0.185 	
-81.981 	-34.143 	36.808 	-0.096 	-0.044 	-0.039 	
59.727 	31.015 	-13.051 	0.098 	-0.013 	0.133 	
3.432 	5.556 	49.887 	0.151 	-0.029 	0.088 	
36.386 	-7.612 	-19.512 	0.149 	0.061 	-0.090 	
95.180 	-14.208 	46.922 	0.025 	-0.109 	0.042 	
9.003 	-49.584 	57.506 	0.113 	-0.074 	0.007 	
43.172 	4.528 	25.130 	0.133 	-0.005 	-0.050 	
-86.825 	203.278 	-30.081 	-0.090 	0.003 	0.009 	
62.211 	-12.230 	104.646 	-0.020 	-0.036 	0.178 	
0.507 	-28.080 	-43.684 	-0.071 	0.013 	-0.160 	
-84.292 	8.434 	-24.668 	-0.121 	0.055 	-0.001 	
-794.896 	1048.736 	599.277 	-0.465 	0.561 	0.303 	
137.253 	88.863 	-69.505 	-0.100 	-0.028 	0.062 	
-85.282 	-62.790 	8.751 	-0.071 	-0.125 	-0.019 	
-42.976 	-76.812 	29.775 	-0.149 	-0.080 	0.026 	
-37.580 	-45.548 	95.658 	-0.024 	-0.049 	0.045 	
40.854 	-78.555 	26.434 	0.092 	-0.040 	-0.117 	
105.472 	-61.456 	25.831 	-0.194 	0.090 	0.166 	
19.215 	-101.410 	-42.788 	0.089 	-0.004 	-0.036 	
84.720 	-14.647 	19.480 	0.245 	-0.053 	0.063 	
-77.632 	90.294 	-20.025 	-0.096 	-0.091 	0.066 	
-0.788 	-0.257 	102.753 	-0.085 	0.014 	0.132 	
-4.061 	-63.273 	-24.164 	0.135 	0.073 	-0.135 	
81.480 	19.712 	-21.843 	0.015 	0.077 	-0.132 	
113.865 	-26.026 	10.734 	0.173 	0.001 	0.134 	
31.087 	-79.113 	5.958 	-0.106 	-0.086 	-0.063 	
50.243 	-30.879 	-47.689 	0.063 	-0.080 	0.012 	
-100.164 	6.586 	-36.783 	0.018 	0.110 	-0.001 	
74.165 	-48.565 	67.662 	0.068 	-0.054 	-0.059 	
-82.616 	10.444 	87.916 	-0.112 	0.016 	0.006 	
-16.325 	16.815 	-45.470 	0.072 	-0.072 	-0.060 	
123.007 	-7.659 	-2.232 	0.181 	-0.075 	-0.069 	
74.039 	-59.657 	-11.216 	0.133 	-0.076 	0.106 	
17.332 	-64.782 	-31.972 	-0.147 	-0.123 	-0.077 	
-58.740 	-145.696 	66.647 	-0.086 	-0.063 	-0.009 	
54.232 	-37.965 	26.943 	0.077 	0.079 	0.048 	
-69.281 	-33.785 	-35.544 	0.023 	-0.158 	0.050 	
102.556 	-290.724 	12.903 	-0.087 	-0.049 	-0.013 	
-51.381 	7.442 	-69.264 	-0.081 	-0.040 	-0.113 	
8.473 	-74.259 	71.048 	-0.066 	-0.182 	0.088 	
122.314 	36.233 	17.330 	0.026 	0.048 	0.056 	
-22.201 	-13.529 	73.921 	-0.137 	0.030 	-0.023 	
-5.736 	-29.992 	15.712 	0.183 	0.048 	-0.111 	
-30.233 	3.180 	31.121 	-0.018 	0.090 	0.094 	
566.069 	857.785 	872.372 	0.154 	0.348 	0.365 	
9.284 	12.455 	24.076 	0.022 	-0.027 	-0.071 	
88.244 	1860.722 	-1208.123 	-0.072 	1.122 	-0.729 	
103.380 	-21.382 	25.436 	0.062 	0.092 	0.158 	
-19.561 	16.714 	31.510 	-0.012 	0.056 	0.034 	
-51.102 	18.876 	63.897 	-0.076 	0.005 	-0.057 	
122.251 	10.461 	-13.223 	0.063 	-0.063 	0.074 	
1690.708 	8396.394 	13826.516 	1.431 	6.974 	11.464 	
7.489 	21.354 	-10.528 	0.073 	-0.116 	-0.034 	
6.447 	-10.234 	57.733 	-0.095 	-0.112 	0.201 	
32.456 	-55.861 	-24.831 	0.202 	0.080 	0.051 	
-35.942 	6.748 	88.756 	0.022 	0.027 	0.187 	
-0.985 	-76.271 	58.511 	-0.127 	-0.136 	-0.003 	
-27.200 	-118.481 	35.661 	-0.031 	-0.047 	-0.032 	
-3.209 	-10.735 	6.313 	0.088 	-0.156 	0.018 	
-74.970 	323.400 	10.330 	-0.117 	0.071 	-0.017 	
-25.860 	-44.587 	24.758 	0.120 	-0.177 	0.089 	
161.052 	-23.356 	43.294 	0.308 	-0.124 	0.125 	
14.478 	-7.985 	5.056 	0.037 	-0.093 	-0.154 	
80.883 	7.197 	19.451 	0.071 	0.050 	-0.074 	
37.829 	-28.940 	81.583 	-0.070 	-0.001 	0.160 	
-38.272 	-138.312 	-6.900 	-0.099 	0.097 	0.066 	
-52.690 	11.453 	24.529 	-0.065 	0.020 	-0.041 	
27.195 	-20.390 	10.910 	0.178 	0.120 	-0.076 	
67.351 	-42.299 	1.988 	0.220 	-0.021 	-0.066 	
73.994 	-38.608 	23.014 	0.112 	0.010 	0.202 	
1.083 	-5.447 	-25.820 	0.053 	0.089 	0.117 	
55.032 	12.661 	21.930 	0.126 	-0.060 	0.073 	
79.801 	27.872 	32.817 	0.117 	0.025 	0.050 	
163.109 	-230.958 	168.716 	0.161 	-0.231 	0.127 	
-232.926 	228.865 	44.810 	-0.127 	0.031 	0.047 	
-20.090 	-42.574 	5.200 	0.104 	-0.048 	0.018 	
-51.776 	-46.631 	12.840 	0.012 	0.076 	0.039 	
71.116 	165.117 	-25.088 	-0.095 	-0.039 	0.023 	
50.121 	-20.489 	43.682 	0.184 	-0.037 	0.069 	
59.334 	-25.710 	7.680 	0.064 	0.220 	-0.057 	
-328.582 	2371.909 	154.994 	-0.247 	1.413 	0.093 	
18.689 	41.608 	82.366 	0.090 	-0.024 	0.036 	
-50.797 	-14.421 	35.800 	-0.023 	-0.086 	0.049 	
161.595 	19.933 	-16.230 	-0.167 	-0.097 	0.056 	
-42.822 	54.816 	67.626 	-0.041 	0.026 	-0.025 	
-22.983 	89.058 	-5.558 	0.000 	-0.001 	-0.019 	
132.642 	-45.760 	-47.273 	0.135 	0.041 	0.027 	
-48.816 	-20.655 	-41.419 	-0.112 	0.022 	0.009 	
3.061 	32.749 	6.621 	0.089 	-0.138 	0.008 	
33.911 	-61.092 	-19.943 	0.134 	0.007 	0.025 	
107.893 	-39.783 	-7.657 	0.182 	0.038 	0.000 	
62.360 	-49.805 	-0.647 	0.127 	0.076 	0.186 	
9.514 	-53.540 	24.397 	0.137 	-0.117 	0.112 	
120.264 	-76.560 	41.199 	-0.226 	0.050 	0.014 	
-2.037 	-75.097 	103.053 	-0.007 	-0.038 	0.106 	
94.233 	-26.857 	24.498 	0.201 	-0.136 	-0.012 	
11.196 	-117.870 	84.333 	-0.063 	-0.022 	0.014 	
-1086.271 	-1384.585 	-664.640 	-0.523 	-0.569 	-0.263 	
21.143 	-69.096 	-8.585 	-0.011 	0.076 	-0.015 	
-37.950 	-78.803 	76.618 	-0.001 	-0.110 	-0.021 	
-175.595 	-240.256 	123.819 	-0.201 	-0.281 	0.120 	
-46.784 	89.367 	-36.255 	-0.043 	0.057 	-0.020 	
-73.259 	-8.905 	77.174 	-0.212 	0.086 	0.225 	
82.650 	-22.329 	11.834 	0.052 	-0.057 	0.001 	
160.928 	-21.487 	16.438 	0.045 	0.016 	0.034 	
98.507 	-42.656 	1.911 	-0.190 	0.194 	0.052 	
97.550 	-12.136 	18.974 	-0.047 	0.032 	0.042 	
83.561 	-26.427 	24.535 	0.185 	-0.069 	-0.005 	
43.823 	-9.839 	51.399 	0.154 	0.109 	0.011 	
111.338 	-109.249 	-43.504 	-0.133 	0.086 	-0.000 	
29.474 	12.996 	-10.031 	0.221 	0.072 	0.054 	
270.861 	-190.887 	44.028 	-0.031 	-0.052 	0.020 	
85.450 	4.943 	69.836 	0.101 	-0.064 	-0.014 	
-51.171 	-10.382 	11.669 	-0.117 	0.014 	-0.047 	
90.610 	-23.479 	16.281 	-0.300 	-0.168 	-0.008 	
-47.739 	-73.308 	34.894 	-0.117 	0.012 	0.064 	
59.591 	-32.660 	112.149 	0.118 	-0.049 	-0.065 	
17.420 	5.006 	46.476 	0.105 	-0.093 	0.098 	
80.509 	-34.374 	-3.435 	0.149 	0.131 	0.013 	
135.576 	-233.847 	59.390 	-0.074 	-0.008 	-0.005 	
73.562 	-41.171 	27.202 	0.079 	0.215 	0.025 	
-24.683 	32.257 	135.807 	0.018 	0.012 	0.121 	
-58.993 	-65.964 	-3.365 	0.119 	-0.029 	-0.062 	
-43.325 	-56.134 	24.310 	0.015 	-0.055 	0.046 	
8.558 	-98.848 	-79.063 	0.059 	-0.005 	-0.003 	
39.257 	-64.842 	-55.026 	0.123 	-0.045 	-0.118 	
61.072 	-12.985 	5.573 	-0.161 	-0.239 	-0.113 	
34.557 	8.889 	24.781 	0.107 	0.118 	-0.044 	
165.723 	125.459 	46.543 	-0.097 	-0.037 	-0.017 	
11.740 	-153.093 	29.102 	0.007 	-0.089 	0.038 	
82.769 	-6.420 	36.221 	0.223 	-0.138 	0.108 	
160.432 	104.210 	-78.271 	-0.097 	0.003 	0.037 	
5.210 	-57.463 	-67.984 	-0.002 	-0.038 	0.006 	
-26.314 	-123.764 	44.530 	0.020 	0.036 	0.040 	
84.092 	-18.758 	18.986 	-0.325 	0.066 	0.127 	
-265.305 	-436.581 	1443.766 	-0.164 	-0.177 	0.624 	
25.936 	-33.513 	-6.241 	0.275 	0.016 	-0.012 	
-22.263 	-34.105 	-25.651 	0.018 	-0.047 	0.013 	
116.076 	-17.133 	-15.990 	0.077 	-0.067 	0.161 	
37.305 	-8.969 	-55.024 	0.113 	-0.015 	-0.046 	
-52.493 	-49.122 	6.142 	-0.105 	-0.028 	0.112 	
74.692 	-20.199 	30.077 	0.092 	0.114 	0.202 	
44.910 	-17.253 	9.881 	0.082 	-0.178 	0.058 	
-24.548 	-40.672 	93.764 	-0.161 	-0.022 	0.114 	
20.429 	-50.109 	46.063 	0.091 	-0.027 	-0.016 	
83.497 	-72.087 	8.649 	0.173 	-0.063 	-0.052 	
-12.010 	-14.970 	-38.015 	-0.002 	-0.065 	-0.061 	
67.848 	-19.099 	2.296 	0.069 	0.034 	-0.030 	
14.692 	-60.228 	14.104 	0.133 	0.077 	0.115 	
98.032 	16.992 	29.925 	0.072 	0.039 	-0.121 	
6.685 	-43.623 	56.200 	0.100 	-0.006 	0.071 	
18.477 	24.024 	24.876 	-0.160 	-0.026 	-0.010 	
-8.622 	70.695 	-40.241 	-0.033 	0.072 	-0.040 	
-24.634 	-38.552 	-3.756 	-0.089 	-0.051 	0.059 	
132.524 	-58.088 	50.295 	0.097 	-0.053 	0.109 	
111.362 	-25.752 	5.282 	0.090 	-0.003 	-0.052 	
31.188 	9.158 	-29.756 	-0.163 	-0.015 	-0.105 	
-44.901 	-40.045 	-1.362 	0.040 	0.044 	0.211 	
-115.817 	-60.566 	-34.687 	-0.065 	-0.031 	0.020 	
-0.788 	-39.672 	72.797 	0.101 	-0.002 	-0.061 	
-30.915 	-41.154 	-17.598 	0.097 	0.019 	0.072 	
21.488 	10.424 	19.723 	-0.088 	0.072 	-0.223 	
35.461 	-69.253 	20.404 	0.034 	-0.161 	-0.107 	
60.026 	-42.256 	-21.150 	0.125 	-0.061 	0.026 	
-22.664 	-61.251 	-61.375 	0.119 	0.016 	-0.104 	
84.444 	4.855 	43.562 	0.117 	-0.163 	0.052 	
8.007 	-12.759 	41.486 	0.145 	-0.051 	0.068 	
-17.348 	-2168.077 	-373.388 	-0.060 	-1.310 	-0.223 	
29.536 	13.757 	17.783 	0.106 	0.137 	-0.010 	
-64.744 	-41.078 	-22.098 	-0.138 	0.072 	0.015 	
118.533 	-9.801 	-2.228 	0.231 	-0.055 	-0.101 	
47.675 	-58.724 	1.592 	0.150 	-0.051 	-0.035 	
189.489 	23.130 	154.513 	-0.092 	-0.068 	0.016 	
78.272 	-35.088 	45.570 	0.066 	-0.143 	-0.090 	
102.439 	-53.224 	27.253 	0.114 	-0.055 	-0.190 	
15.726 	-43.466 	-44.158 	-0.016 	-0.149 	-0.103 	
81.356 	-34.206 	47.212 	0.155 	-0.092 	-0.125 	
84.582 	-51.409 	-4.807 	0.115 	0.057 	-0.089 	
-66.134 	-12.864 	18.382 	-0.005 	-0.005 	0.046 	
56.255 	-31.913 	54.758 	0.099 	0.142 	-0.085 	
-41.848 	-56.577 	26.224 	-0.011 	0.032 	0.068 	
-47.420 	-32.050 	67.088 	-0.116 	-0.031 	0.118 	
11.614 	-49.698 	26.116 	0.135 	0.132 	-0.074 	
239.990 	-24.248 	-7.454 	-0.097 	-0.057 	-0.033 	
1051.996 	-851.873 	-659.007 	0.882 	-0.661 	-0.535 	
22.384 	-66.438 	17.085 	0.088 	0.018 	-0.001 	
-46.826 	1.713 	56.325 	0.035 	0.011 	-0.079 	
16.194 	-19.204 	50.662 	0.081 	0.071 	0.017 	
