## Las primeras 500 lineas corresponden a la esfera 1 
##las siguienets 500 lineas a la esfera 2
## Las primeras tres columnas corresponden a la posición en 'x', 'y' y 'z', las siguientes tres a las velocidades
205.604 	-49.729 	25.696 	0.057 	0.032 	0.055 	
34.408 	-11.413 	10.788 	-0.117 	0.046 	-0.014 	
64.866 	6.496 	44.212 	-0.153 	0.051 	0.004 	
-776.590 	932.851 	-126.045 	-0.338 	0.403 	-0.073 	
118.021 	-47.718 	-55.561 	-0.119 	-0.056 	0.068 	
58.030 	-42.463 	2.904 	0.025 	0.030 	0.046 	
28.617 	-40.478 	59.223 	-0.137 	0.019 	-0.136 	
179.131 	-92.530 	7.924 	0.018 	-0.047 	0.061 	
144.358 	20.340 	50.588 	-0.030 	-0.030 	-0.001 	
59.334 	-44.480 	1.083 	0.093 	-0.071 	-0.057 	
-141.002 	784.394 	-424.054 	-0.073 	0.384 	-0.206 	
67.692 	4.867 	43.651 	-0.125 	0.085 	-0.101 	
566.117 	-759.156 	532.520 	0.268 	-0.354 	0.253 	
22.454 	-35.495 	22.613 	-0.098 	0.192 	0.012 	
160.069 	57.821 	9.890 	0.046 	-0.018 	0.038 	
118.509 	-35.795 	32.138 	-0.052 	0.155 	-0.001 	
142.885 	48.276 	-30.681 	0.017 	-0.020 	0.004 	
125.320 	-58.828 	-156.799 	0.046 	-0.072 	0.063 	
104.205 	4.223 	52.465 	-0.129 	-0.015 	0.042 	
121.457 	-22.360 	8.924 	-0.001 	-0.206 	-0.067 	
100.435 	-68.377 	-74.711 	-0.081 	-0.108 	0.021 	
90.942 	-78.384 	-34.994 	-0.194 	-0.119 	-0.025 	
77.408 	-76.442 	30.662 	-0.092 	0.085 	0.008 	
87.269 	-59.420 	43.448 	-0.112 	0.101 	-0.088 	
31.597 	-27.485 	-12.801 	-0.186 	0.021 	-0.056 	
11.330 	-24.769 	13.097 	-0.128 	-0.026 	-0.108 	
57.523 	-14.455 	26.193 	-0.175 	0.104 	0.047 	
15.612 	-1.618 	15.601 	-0.108 	-0.169 	0.071 	
122.567 	-18.719 	52.758 	-0.002 	-0.048 	-0.070 	
92.511 	-28.570 	50.191 	-0.209 	0.023 	-0.072 	
61.022 	-8.710 	11.845 	-0.196 	0.262 	-0.077 	
85.769 	15.372 	51.734 	0.002 	-0.120 	-0.038 	
72.015 	-31.456 	14.219 	-0.044 	0.101 	-0.102 	
54.548 	-1.322 	45.505 	-0.177 	-0.107 	0.010 	
29.758 	-47.424 	35.024 	-0.101 	-0.141 	0.089 	
79.978 	-44.683 	16.431 	-0.011 	-0.081 	0.006 	
135.725 	-32.437 	66.233 	0.003 	-0.132 	0.204 	
185.857 	-16.506 	48.384 	-0.124 	-0.064 	0.034 	
75.597 	-24.584 	-1.929 	-0.321 	-0.029 	0.057 	
80.447 	-33.872 	0.402 	-0.103 	-0.030 	-0.056 	
56.545 	46.702 	-4.272 	-0.092 	-0.052 	-0.010 	
53.172 	-9.676 	3.837 	-0.089 	0.086 	-0.085 	
-12.722 	-2.091 	35.652 	-0.064 	0.007 	-0.038 	
123.337 	-45.765 	-16.631 	0.137 	-0.037 	-0.034 	
56.305 	63.954 	-76.044 	-0.073 	-0.002 	0.047 	
104.306 	10.202 	34.340 	-0.100 	0.011 	0.104 	
172.257 	-29.679 	69.964 	-0.143 	0.050 	-0.031 	
66.064 	-33.044 	22.778 	-0.051 	-0.123 	0.048 	
74.229 	72.915 	67.232 	-0.155 	-0.007 	-0.020 	
62.838 	5.548 	27.613 	-0.078 	0.108 	-0.117 	
153.515 	51.264 	113.432 	0.055 	0.112 	0.103 	
142.954 	-67.705 	11.913 	-0.049 	0.020 	-0.043 	
79.344 	5.208 	8.617 	-0.127 	-0.201 	-0.023 	
97.347 	-13.767 	26.938 	-0.160 	-0.025 	-0.072 	
83.725 	-29.422 	21.420 	-0.149 	0.085 	-0.033 	
65.593 	18.420 	-18.453 	-0.050 	-0.114 	0.056 	
102.777 	33.497 	106.899 	-0.101 	0.061 	0.035 	
128.827 	71.385 	78.758 	-0.063 	-0.003 	-0.017 	
-33.134 	108.126 	18.140 	0.067 	-0.073 	0.029 	
60.852 	-16.442 	15.331 	-0.095 	-0.006 	0.266 	
151.066 	17.407 	4.690 	0.138 	0.063 	0.062 	
17.856 	-41.259 	34.313 	-0.120 	0.011 	0.144 	
207.210 	-0.780 	26.891 	0.077 	0.051 	0.031 	
59.492 	-70.440 	17.820 	-0.229 	-0.003 	-0.052 	
-4.806 	-264.929 	19.750 	-0.005 	-0.029 	0.002 	
49.724 	-32.223 	-12.910 	-0.134 	-0.129 	-0.117 	
-344.557 	-667.793 	-537.517 	-0.181 	-0.293 	-0.241 	
-62.317 	147.596 	-80.793 	0.041 	-0.018 	0.003 	
18.804 	-21.359 	-2.112 	-0.174 	-0.077 	-0.089 	
129.254 	70.132 	14.407 	-0.024 	0.084 	0.089 	
67.046 	-3.009 	18.436 	-0.082 	-0.188 	-0.027 	
18.448 	-4.257 	50.192 	-0.079 	-0.046 	0.029 	
-12.448 	106.516 	29.630 	0.048 	-0.089 	0.042 	
116.347 	-42.171 	24.152 	-0.027 	0.090 	0.089 	
136.494 	-2.152 	44.805 	-0.049 	-0.097 	0.036 	
221.621 	5.563 	105.494 	-0.078 	0.005 	0.106 	
165.126 	-27.968 	28.644 	-0.049 	-0.118 	0.001 	
327.115 	507.327 	883.716 	0.136 	0.200 	0.355 	
106.964 	-73.984 	65.629 	0.102 	-0.039 	-0.034 	
89.541 	-7.299 	-2.448 	-0.088 	-0.105 	0.130 	
178.986 	-17.911 	68.033 	0.102 	-0.061 	-0.025 	
159.815 	-7.924 	30.921 	-0.006 	0.065 	0.119 	
169.086 	-63.420 	2.942 	-0.149 	-0.092 	-0.035 	
-73.090 	-253.125 	339.359 	-0.012 	-0.052 	0.098 	
11.361 	-18.929 	-22.829 	-0.107 	0.088 	-0.110 	
-52.142 	-39.636 	-81.425 	0.100 	0.018 	0.083 	
72.628 	-14.848 	100.073 	-0.121 	-0.052 	0.015 	
119.133 	-30.780 	-16.860 	0.193 	-0.027 	0.006 	
54.012 	-21.755 	20.762 	-0.097 	0.127 	-0.051 	
116.328 	13.244 	-50.666 	-0.077 	-0.102 	0.026 	
58.411 	-85.940 	67.602 	-0.126 	0.000 	0.054 	
111.529 	20.756 	131.341 	0.069 	-0.086 	-0.085 	
101.914 	-3.890 	-28.572 	-0.017 	-0.105 	0.099 	
147.752 	-61.488 	70.814 	0.041 	0.181 	0.001 	
37.344 	-16.483 	2.143 	0.025 	-0.136 	0.004 	
-48.335 	130.809 	-25.817 	0.080 	-0.023 	0.049 	
-3.090 	-45.683 	0.228 	-0.154 	-0.080 	-0.034 	
1373.137 	-1454.703 	-18.896 	0.613 	-0.668 	0.004 	
2042.573 	-1892.038 	-3942.769 	0.871 	-0.795 	-1.651 	
67.915 	-58.242 	24.030 	-0.065 	-0.121 	0.004 	
90.599 	27.807 	50.136 	-0.050 	-0.061 	0.125 	
124.608 	-24.277 	-40.565 	0.142 	0.011 	0.000 	
68.214 	-17.732 	34.361 	0.073 	-0.214 	-0.012 	
128.610 	-39.144 	40.478 	-0.023 	0.120 	-0.006 	
1853.416 	-1321.224 	1119.899 	0.755 	-0.524 	0.451 	
-1789.318 	2336.644 	4205.625 	-0.730 	0.971 	1.752 	
696.644 	-43.771 	65.369 	0.624 	-0.008 	0.049 	
81.062 	-20.860 	13.853 	-0.014 	-0.163 	-0.019 	
39.250 	11.836 	-13.838 	-0.083 	-0.161 	-0.045 	
335.091 	-184.772 	130.428 	0.105 	0.010 	0.054 	
100.845 	5.307 	-20.825 	-0.031 	-0.065 	0.090 	
164.897 	-29.891 	56.344 	-0.007 	0.030 	-0.028 	
-208.719 	-188.933 	50.462 	-0.461 	-0.114 	0.024 	
-100.606 	14.187 	55.827 	0.089 	-0.075 	0.035 	
127.603 	-9.703 	47.508 	-0.025 	-0.093 	-0.036 	
93.668 	-8.738 	35.453 	-0.186 	-0.002 	0.044 	
122.235 	-45.056 	-27.158 	-0.002 	-0.054 	0.088 	
35.289 	-316.776 	81.049 	0.072 	-0.064 	-0.010 	
107.748 	39.666 	36.163 	-0.084 	0.129 	-0.146 	
168.373 	-7.499 	25.691 	0.083 	-0.013 	0.060 	
132.212 	-42.369 	-41.639 	-0.072 	-0.081 	-0.203 	
109.423 	27.887 	56.508 	-0.149 	0.079 	-0.131 	
52.291 	7.263 	23.095 	-0.019 	0.021 	0.125 	
62.530 	-56.787 	31.880 	0.052 	-0.108 	-0.044 	
207.067 	72.467 	64.578 	0.145 	0.051 	0.024 	
-35.306 	-27.456 	-16.490 	-0.005 	0.018 	0.041 	
127.268 	-32.244 	-3.265 	-0.073 	0.048 	0.106 	
131.992 	14.293 	49.113 	0.144 	0.026 	-0.058 	
123.108 	23.416 	-15.602 	-0.043 	0.029 	0.091 	
107.695 	58.852 	53.261 	-0.028 	-0.079 	0.006 	
152.447 	-32.948 	58.186 	-0.052 	0.067 	-0.026 	
168.944 	-19.548 	53.132 	0.083 	0.037 	-0.021 	
150.372 	-31.169 	-0.276 	0.004 	-0.042 	-0.139 	
126.477 	-22.043 	32.795 	-0.001 	0.094 	-0.148 	
89.026 	4.885 	11.018 	-0.070 	0.047 	0.101 	
74.237 	-36.630 	89.084 	-0.152 	-0.038 	-0.045 	
96.114 	-44.153 	24.196 	-0.019 	-0.078 	-0.178 	
174.455 	57.169 	-69.776 	-0.021 	0.000 	0.011 	
-6865.203 	-2059.558 	-4124.236 	-5.694 	-1.675 	-3.368 	
-1449.375 	1216.434 	-738.229 	-0.557 	0.481 	-0.286 	
101.413 	9.442 	-52.405 	-0.126 	-0.052 	0.057 	
-368.629 	-64.051 	264.119 	-0.304 	-0.062 	0.183 	
229.970 	15.373 	49.233 	0.276 	0.036 	-0.065 	
156.903 	-68.723 	36.607 	-0.007 	0.051 	0.071 	
107.871 	-28.702 	26.975 	-0.153 	-0.066 	0.039 	
98.477 	26.292 	-29.211 	-0.108 	-0.096 	0.095 	
154.695 	-95.133 	99.491 	0.020 	-0.055 	-0.012 	
177.702 	34.974 	69.244 	0.065 	0.020 	0.013 	
14.894 	-17.658 	14.966 	0.003 	-0.065 	-0.206 	
70.211 	-26.514 	17.694 	-0.216 	-0.126 	0.062 	
78.292 	-65.664 	25.844 	-0.093 	-0.016 	-0.112 	
218.701 	-55.907 	9.197 	0.061 	0.013 	0.075 	
97.971 	-1.712 	53.617 	0.002 	-0.131 	-0.048 	
109.803 	-27.507 	2.012 	-0.117 	0.105 	-0.113 	
140.905 	-40.918 	4.012 	-0.056 	0.109 	-0.032 	
172.733 	-45.002 	-24.292 	0.068 	-0.058 	-0.016 	
-0.939 	-42.356 	5.987 	-0.112 	-0.090 	-0.082 	
60.996 	-28.607 	18.140 	-0.092 	0.102 	-0.079 	
249.023 	85.622 	-183.350 	0.131 	0.114 	-0.149 	
75.728 	-40.201 	36.389 	0.006 	-0.217 	0.045 	
154.481 	75.738 	-17.435 	-0.088 	0.016 	0.057 	
108.863 	59.456 	-71.449 	0.108 	-0.108 	0.055 	
80.337 	-19.193 	11.716 	-0.099 	0.132 	0.105 	
67.419 	16.733 	-5.695 	-0.123 	0.054 	0.138 	
156.875 	-93.464 	82.132 	0.061 	-0.045 	-0.026 	
161.127 	2.932 	-44.614 	0.042 	-0.006 	0.020 	
122.005 	27.432 	4.410 	-0.087 	0.094 	0.030 	
82.795 	19.829 	-6.429 	-0.180 	-0.096 	-0.069 	
118.102 	73.258 	-36.870 	0.027 	0.025 	0.002 	
128.647 	-47.536 	33.364 	-0.069 	0.048 	0.025 	
173.490 	26.049 	-77.606 	0.079 	0.077 	-0.029 	
46.739 	14.192 	13.046 	-0.156 	-0.076 	-0.045 	
174.126 	-18.072 	54.012 	0.016 	-0.030 	-0.065 	
108.160 	54.821 	-29.924 	0.038 	-0.050 	-0.085 	
81.741 	-10.389 	12.618 	-0.189 	0.064 	0.010 	
-66.733 	-115.763 	-56.444 	0.045 	0.042 	0.077 	
50.828 	-4.037 	14.345 	-0.062 	0.055 	0.041 	
72.682 	-8.683 	58.488 	-0.155 	0.144 	-0.099 	
176.425 	50.413 	-175.224 	0.043 	-0.001 	-0.084 	
29.649 	-106.109 	-26.060 	-0.136 	-0.001 	-0.004 	
179.066 	-24.963 	39.415 	-0.097 	-0.044 	-0.127 	
155.252 	-26.984 	-12.830 	-0.053 	-0.015 	-0.104 	
76.286 	27.533 	6.917 	-0.083 	-0.002 	-0.023 	
123.478 	58.790 	-9.893 	0.084 	0.044 	0.013 	
126.128 	-48.645 	83.030 	-0.056 	-0.053 	0.196 	
111.233 	-5.058 	44.181 	-0.127 	-0.062 	-0.049 	
-43.291 	50.232 	220.786 	0.059 	0.046 	0.019 	
98.736 	27.016 	105.657 	-0.222 	0.153 	0.300 	
127.258 	-97.429 	25.259 	-0.028 	0.020 	0.034 	
187.458 	39.307 	95.325 	0.133 	0.045 	0.032 	
96.140 	-15.867 	51.434 	-0.101 	0.011 	-0.215 	
50.990 	10.008 	38.418 	-0.129 	0.013 	0.074 	
7.458 	-44.326 	28.795 	-0.100 	0.028 	-0.020 	
143.318 	-95.574 	41.184 	0.121 	-0.043 	0.007 	
185.732 	-15.605 	6.778 	0.100 	-0.011 	-0.000 	
68.390 	-33.602 	-3.465 	-0.201 	0.038 	-0.041 	
1192.007 	94.856 	233.234 	0.890 	0.117 	0.178 	
63.328 	-21.472 	35.743 	-0.024 	0.137 	0.190 	
88.091 	-83.504 	-37.605 	-0.103 	0.054 	0.060 	
43.114 	-23.778 	-6.487 	-0.186 	0.039 	0.134 	
102.928 	28.298 	49.104 	-0.093 	-0.087 	0.065 	
113.011 	-58.813 	-6.548 	-0.172 	0.095 	-0.002 	
65.112 	-24.235 	-6.504 	-0.217 	0.012 	0.123 	
112.425 	-11.424 	28.867 	-0.193 	-0.037 	-0.053 	
138.787 	-106.782 	235.186 	0.029 	-0.080 	0.164 	
169.547 	62.983 	66.684 	0.055 	0.012 	0.090 	
39.566 	-72.218 	23.553 	-0.017 	-0.142 	0.197 	
99.943 	-20.281 	28.406 	-0.152 	-0.083 	0.107 	
4.699 	-35.005 	23.269 	-0.105 	0.077 	-0.050 	
141.005 	-56.704 	-3.541 	-0.117 	0.079 	0.040 	
103.086 	-84.396 	27.079 	-0.120 	0.004 	0.096 	
382.297 	-139.763 	116.289 	0.105 	-0.048 	0.008 	
132.295 	27.058 	13.271 	-0.099 	-0.032 	-0.012 	
58.937 	-17.312 	8.854 	-0.244 	0.073 	-0.140 	
158.431 	-109.593 	52.319 	-0.035 	-0.010 	0.070 	
210.603 	-60.706 	-49.087 	0.135 	-0.032 	-0.029 	
154.355 	-48.159 	-138.414 	0.042 	-0.049 	0.069 	
143.628 	-27.924 	10.709 	0.190 	0.123 	0.027 	
84.833 	-55.227 	31.792 	0.090 	0.055 	0.248 	
101.207 	-34.709 	-5.201 	-0.110 	0.074 	-0.051 	
119.358 	81.237 	53.711 	0.003 	0.060 	0.012 	
8.195 	-37.008 	-22.818 	-0.113 	-0.183 	-0.028 	
209.893 	10.547 	86.567 	0.125 	0.010 	-0.006 	
176.242 	-6.978 	52.696 	0.011 	0.040 	0.045 	
131.767 	-19.005 	44.092 	0.038 	0.014 	-0.139 	
106.250 	-67.846 	13.335 	0.134 	-0.118 	-0.033 	
104.025 	-52.984 	16.317 	-0.145 	0.102 	-0.038 	
62.965 	-13.965 	-5.711 	-0.100 	0.000 	0.051 	
108.168 	13.863 	1.984 	-0.059 	0.047 	-0.058 	
176.550 	61.686 	35.167 	0.020 	0.059 	0.059 	
152.541 	51.142 	9.803 	0.069 	0.015 	0.107 	
130.952 	17.567 	14.496 	-0.066 	0.027 	0.077 	
157.736 	8.083 	-26.163 	-0.013 	-0.042 	0.025 	
171.478 	-103.012 	21.659 	0.032 	0.004 	-0.021 	
98.759 	-137.959 	53.827 	0.051 	-0.051 	0.012 	
193.131 	-70.863 	-26.579 	0.113 	-0.184 	-0.140 	
17.416 	-25.296 	17.876 	-0.209 	0.036 	-0.043 	
29.180 	12.740 	67.358 	-0.176 	-0.010 	-0.028 	
65.185 	-25.520 	-3.497 	-0.293 	0.028 	0.105 	
236.436 	116.620 	8.334 	0.017 	-0.053 	0.061 	
168.498 	-160.011 	35.912 	0.044 	-0.040 	-0.028 	
129.046 	-8.764 	13.647 	-0.037 	0.053 	0.102 	
21.378 	-71.948 	111.799 	-0.123 	-0.063 	-0.026 	
40.968 	204.301 	84.445 	0.079 	-0.003 	0.023 	
59.016 	-44.395 	-2.499 	-0.138 	0.069 	-0.041 	
49.875 	-36.563 	28.855 	-0.050 	-0.024 	0.114 	
103.507 	-27.630 	48.559 	-0.110 	-0.029 	-0.067 	
54.188 	-59.103 	41.735 	-0.124 	-0.121 	-0.079 	
138.298 	42.616 	123.908 	-0.091 	0.038 	-0.034 	
246.532 	-14.918 	81.039 	-0.057 	-0.005 	0.020 	
754.325 	453.041 	172.249 	0.336 	0.219 	0.074 	
174.529 	-136.755 	64.538 	0.042 	-0.045 	0.002 	
138.356 	-7.333 	53.705 	-0.020 	0.086 	-0.001 	
75.353 	-57.348 	263.472 	0.088 	0.008 	0.026 	
94.964 	-60.521 	-57.151 	-0.060 	-0.062 	0.079 	
65.128 	3.704 	-13.349 	0.114 	0.174 	-0.029 	
49.742 	-77.528 	101.221 	-0.100 	0.019 	0.040 	
190.892 	-14.601 	85.697 	-0.064 	-0.052 	0.147 	
805.382 	439.823 	-513.931 	0.349 	0.212 	-0.213 	
118.280 	-3.525 	26.837 	-0.115 	-0.079 	-0.088 	
99.491 	-14.375 	31.799 	-0.188 	0.039 	-0.032 	
41.063 	-27.852 	-9.482 	-0.049 	-0.203 	0.021 	
163.188 	51.434 	-1.222 	0.066 	0.098 	0.048 	
75.448 	-36.313 	22.847 	-0.123 	0.017 	-0.124 	
75.176 	-13.920 	91.799 	-0.146 	-0.052 	0.088 	
83.235 	-107.187 	2.361 	-0.137 	0.027 	-0.071 	
66.111 	-69.235 	-49.420 	0.102 	0.159 	0.038 	
-1015.231 	-146.524 	-46.565 	-0.718 	-0.066 	-0.025 	
245.459 	46.399 	77.565 	0.011 	0.012 	-0.089 	
136.128 	10.946 	92.539 	0.020 	-0.006 	0.148 	
20.741 	-79.711 	-15.305 	-0.056 	-0.077 	0.021 	
52.219 	-28.320 	34.218 	-0.102 	-0.056 	-0.169 	
130.097 	-63.242 	12.001 	0.007 	-0.009 	0.079 	
55.280 	-8.046 	42.102 	0.063 	0.035 	0.090 	
38.875 	-53.603 	48.011 	-0.141 	0.006 	-0.160 	
88.921 	-6.546 	21.469 	-0.174 	0.060 	-0.044 	
-18.616 	-49.730 	30.199 	-0.168 	-0.061 	0.021 	
588.846 	-94.802 	43.940 	0.420 	-0.083 	0.007 	
67.461 	16.513 	38.710 	0.151 	-0.219 	0.060 	
47.475 	-35.983 	37.724 	-0.012 	-0.153 	0.073 	
32.526 	-3.282 	5.904 	-0.043 	0.208 	0.112 	
139.039 	-90.985 	68.268 	0.021 	0.045 	-0.047 	
-455.174 	-222.831 	-1002.970 	-0.191 	-0.102 	-0.425 	
84.230 	4.707 	50.263 	-0.129 	-0.078 	-0.153 	
195.993 	-44.394 	-196.708 	0.048 	-0.025 	0.019 	
46.861 	-31.766 	23.527 	-0.040 	0.106 	0.106 	
100.197 	-89.967 	97.353 	0.032 	-0.033 	-0.061 	
35.745 	-81.828 	40.681 	-0.008 	-0.124 	0.065 	
111.622 	5.972 	35.223 	-0.052 	-0.062 	-0.061 	
91.971 	51.148 	-187.676 	0.019 	-0.034 	0.022 	
56.581 	-29.230 	-29.784 	-0.139 	0.018 	0.154 	
55.984 	-18.399 	23.996 	-0.158 	0.073 	0.133 	
157.310 	22.547 	63.165 	-0.007 	0.050 	0.005 	
136.150 	-40.875 	1.716 	-0.025 	-0.058 	-0.061 	
54.865 	-22.050 	-18.962 	-0.082 	0.034 	-0.016 	
130.947 	-38.223 	-14.806 	-0.087 	-0.011 	0.044 	
337.454 	-101.191 	34.013 	0.054 	-0.098 	0.000 	
183.486 	-30.472 	50.231 	0.141 	-0.016 	0.053 	
44.908 	-30.080 	7.916 	-0.028 	-0.082 	0.009 	
47.009 	-1.611 	34.909 	-0.187 	-0.008 	-0.077 	
139.974 	-22.793 	36.973 	-0.021 	-0.114 	-0.016 	
49.975 	-33.530 	32.480 	-0.098 	-0.146 	-0.165 	
48.679 	-29.556 	32.588 	-0.216 	-0.015 	0.067 	
70.356 	-32.606 	41.439 	-0.091 	0.055 	0.217 	
143.751 	-10.916 	8.595 	-0.020 	-0.041 	-0.127 	
174.271 	-22.121 	-39.901 	0.012 	0.023 	-0.081 	
113.526 	73.335 	26.121 	0.082 	0.020 	-0.006 	
56.933 	32.312 	-21.922 	-0.072 	-0.094 	-0.100 	
35.558 	-8.361 	38.332 	-0.011 	-0.088 	0.109 	
39.504 	-19.654 	-5.957 	-0.076 	0.076 	0.200 	
87.226 	-30.750 	37.265 	-0.121 	-0.085 	-0.072 	
60.408 	-6.845 	18.933 	-0.184 	-0.145 	-0.086 	
96.036 	-50.674 	-35.932 	0.174 	-0.110 	-0.040 	
144.841 	-29.635 	-32.459 	0.030 	-0.131 	-0.175 	
-320.926 	-644.246 	579.991 	-0.185 	-0.291 	0.303 	
-83.812 	122.339 	-13.616 	0.062 	-0.024 	0.040 	
112.583 	26.551 	86.060 	-0.130 	0.057 	0.099 	
-123.661 	83.938 	229.255 	0.021 	-0.011 	0.036 	
-1.907 	-30.546 	31.718 	-0.074 	-0.044 	0.032 	
12.886 	-44.766 	9.697 	-0.091 	-0.014 	0.002 	
105.760 	23.152 	107.955 	-0.125 	-0.042 	0.084 	
42.042 	-16.858 	65.004 	-0.203 	-0.073 	-0.105 	
120.468 	-97.598 	88.004 	-0.051 	0.014 	0.047 	
118.454 	-38.530 	5.410 	-0.058 	0.055 	0.073 	
59.712 	-34.346 	24.968 	-0.216 	-0.188 	0.048 	
171.040 	-7.209 	-14.611 	0.037 	-0.087 	-0.005 	
127.420 	-13.402 	-40.316 	-0.109 	0.049 	-0.014 	
97.568 	-45.793 	-59.037 	-0.034 	-0.010 	0.003 	
144.873 	-31.031 	41.642 	0.016 	-0.005 	0.027 	
-380.374 	1575.870 	156.087 	-0.193 	0.721 	0.084 	
88.598 	-70.841 	69.371 	0.084 	-0.035 	-0.190 	
45.531 	-3.339 	-21.242 	-0.079 	0.004 	0.006 	
127.516 	-32.822 	-21.465 	-0.035 	-0.075 	0.074 	
43.501 	-247.811 	-124.369 	0.067 	-0.031 	-0.004 	
83.615 	-35.630 	31.156 	-0.061 	-0.160 	0.107 	
174.640 	-16.662 	21.833 	0.139 	0.093 	0.033 	
48.574 	-50.895 	18.840 	0.019 	-0.030 	0.090 	
41.662 	-50.486 	14.997 	-0.015 	0.068 	0.062 	
115.207 	30.766 	-20.535 	-0.005 	0.017 	-0.146 	
9.391 	-19.202 	18.815 	-0.034 	-0.054 	-0.026 	
155.270 	32.403 	-78.155 	0.077 	0.050 	0.013 	
84.944 	77.152 	15.299 	-0.146 	-0.031 	-0.014 	
180.522 	12.263 	29.446 	-0.012 	0.038 	-0.049 	
155.113 	-14.971 	-19.888 	-0.052 	0.071 	0.058 	
176.368 	36.665 	12.648 	0.041 	-0.007 	-0.005 	
201.883 	-8.599 	72.700 	-0.089 	-0.011 	-0.019 	
120.622 	-65.612 	-28.201 	0.029 	-0.108 	-0.094 	
149.719 	9.373 	48.713 	-0.040 	-0.006 	0.049 	
66.967 	-21.980 	31.368 	-0.285 	0.032 	-0.001 	
158.464 	72.148 	-4.831 	0.073 	0.081 	-0.091 	
52.842 	-60.484 	25.027 	-0.087 	0.007 	0.063 	
17.782 	-38.168 	4.945 	0.159 	-0.010 	-0.013 	
44.039 	4.007 	6.008 	-0.144 	-0.008 	-0.037 	
188.290 	-116.707 	-26.007 	0.051 	-0.041 	-0.049 	
-71.311 	-111.752 	68.586 	0.097 	0.033 	0.038 	
107.691 	-25.330 	-3.944 	-0.176 	-0.123 	0.105 	
-12.234 	-25.335 	11.424 	-0.164 	-0.047 	0.047 	
168.500 	-0.198 	22.860 	0.138 	-0.066 	-0.118 	
130.480 	-103.430 	5.698 	-0.033 	-0.155 	0.038 	
53.422 	-39.864 	140.574 	-0.315 	-0.148 	0.224 	
73.328 	-20.700 	40.990 	-0.173 	0.027 	-0.155 	
67.315 	30.656 	24.386 	-0.035 	-0.047 	0.005 	
40.389 	8.552 	27.889 	-0.156 	-0.014 	0.100 	
124.603 	-67.971 	-13.460 	-0.036 	-0.049 	0.084 	
179.440 	102.017 	33.348 	0.060 	0.040 	-0.022 	
74.982 	0.321 	36.546 	-0.242 	0.113 	0.039 	
192.997 	-134.290 	-317.851 	0.068 	-0.052 	-0.064 	
145.923 	42.277 	4.356 	0.037 	-0.075 	-0.079 	
94.728 	-101.317 	-35.868 	-0.073 	-0.026 	-0.097 	
72.637 	19.075 	-63.219 	-0.024 	-0.076 	-0.021 	
100.073 	22.733 	-60.041 	-0.031 	-0.054 	0.005 	
209.425 	-174.953 	101.945 	0.079 	0.027 	-0.008 	
0.533 	-10.401 	111.797 	-0.251 	-0.062 	0.117 	
279.736 	-338.446 	-57.086 	0.101 	-0.126 	-0.011 	
-109.393 	-6.470 	-5.281 	-0.070 	0.005 	-0.043 	
136.818 	0.686 	8.068 	-0.063 	-0.089 	-0.057 	
66.610 	-0.001 	14.879 	-0.094 	0.120 	0.036 	
-45.558 	-40.733 	2.286 	0.001 	0.079 	-0.007 	
56.196 	-24.892 	6.886 	-0.117 	-0.127 	0.026 	
84.103 	21.388 	54.760 	-0.024 	0.019 	0.061 	
91.800 	8.528 	14.643 	-0.142 	-0.153 	0.157 	
105.518 	67.406 	-32.064 	-0.016 	0.120 	0.015 	
60.724 	-11.266 	33.674 	-0.298 	0.108 	-0.045 	
176.113 	79.311 	66.801 	-0.110 	0.026 	0.013 	
89.785 	-16.339 	25.646 	-0.071 	-0.064 	0.001 	
80.899 	-284.221 	58.831 	0.080 	-0.026 	0.017 	
172.132 	3.768 	54.310 	0.051 	-0.021 	-0.060 	
33.321 	-28.731 	50.991 	-0.165 	-0.147 	-0.069 	
129.414 	-33.814 	162.811 	0.089 	0.047 	-0.062 	
124.214 	-56.023 	50.126 	-0.080 	0.105 	0.025 	
32.585 	-34.740 	-1.504 	-0.026 	-0.064 	0.007 	
50.430 	4.107 	-17.262 	-0.014 	0.096 	-0.082 	
89.346 	11.224 	-75.967 	-0.106 	-0.007 	-0.089 	
88.665 	-7.392 	16.882 	-0.133 	0.009 	-0.064 	
36.927 	16.408 	57.455 	-0.233 	0.068 	0.033 	
111.525 	-22.250 	-41.304 	-0.132 	0.084 	0.080 	
275.018 	60.504 	12.140 	0.085 	0.155 	-0.016 	
81.551 	-11.171 	25.664 	-0.137 	0.028 	-0.000 	
243.553 	-50.623 	148.571 	-0.024 	-0.039 	0.085 	
122.404 	-8.418 	-15.382 	-0.125 	-0.055 	0.036 	
66.762 	-25.920 	0.015 	-0.007 	-0.097 	0.069 	
-4.754 	-67.091 	42.477 	-0.061 	-0.007 	0.026 	
144.802 	216.775 	367.051 	0.053 	0.066 	0.095 	
13.440 	-2.382 	-0.234 	0.141 	-0.068 	0.097 	
114.988 	31.945 	44.842 	-0.072 	0.054 	-0.029 	
74.305 	-36.807 	51.506 	-0.191 	-0.168 	0.012 	
667.198 	-747.085 	-12.763 	0.264 	-0.309 	0.004 	
83.698 	-53.418 	20.420 	-0.068 	0.113 	-0.131 	
101.729 	-76.221 	112.703 	-0.068 	-0.065 	0.089 	
75.071 	-79.884 	12.212 	0.061 	-0.021 	-0.007 	
9.547 	-44.017 	22.397 	-0.165 	-0.106 	-0.023 	
133.295 	-67.118 	42.812 	0.031 	0.111 	-0.029 	
101.689 	-104.787 	2.533 	-0.068 	-0.028 	0.103 	
-9.825 	-6.525 	49.598 	-0.107 	0.061 	0.039 	
28.085 	-60.770 	27.258 	-0.121 	-0.129 	0.002 	
91.001 	18.573 	100.037 	-0.048 	-0.034 	-0.005 	
6.226 	-1.883 	33.926 	-0.032 	0.036 	0.047 	
244.514 	-701.139 	22.180 	0.122 	-0.298 	-0.015 	
-11.846 	15.735 	-64.360 	0.107 	-0.105 	0.047 	
113.073 	-47.349 	36.344 	-0.197 	0.113 	-0.001 	
133.370 	-85.626 	79.277 	0.065 	-0.115 	0.107 	
263.226 	-62.832 	40.305 	0.017 	0.074 	-0.044 	
127.153 	-76.667 	-18.940 	0.126 	-0.094 	0.034 	
60.811 	-22.648 	8.136 	-0.153 	-0.101 	0.074 	
99.710 	-24.227 	-84.497 	-0.047 	0.052 	-0.031 	
155.231 	-124.660 	28.048 	0.085 	0.116 	-0.058 	
59.654 	-20.967 	5.018 	-0.066 	0.105 	0.084 	
129.669 	45.914 	7.500 	0.010 	-0.055 	0.030 	
-108.498 	-96.588 	34.603 	0.071 	0.029 	0.070 	
-63.752 	-10.924 	139.125 	0.080 	-0.052 	-0.038 	
-17.327 	-1.282 	41.892 	0.077 	0.046 	-0.028 	
65.070 	-44.315 	38.199 	0.058 	-0.113 	0.068 	
228.493 	-14.317 	118.630 	0.156 	-0.050 	0.100 	
108.512 	-37.840 	44.402 	-0.046 	0.024 	0.019 	
27.977 	-43.416 	0.974 	-0.187 	-0.030 	0.038 	
136.975 	25.068 	-4.739 	-0.072 	0.088 	-0.020 	
62.656 	-41.813 	32.637 	-0.233 	0.070 	0.121 	
71.361 	0.854 	24.223 	-0.202 	-0.065 	-0.005 	
42.334 	-9.330 	8.984 	-0.063 	-0.095 	0.028 	
27.887 	-32.260 	-10.897 	-0.146 	0.016 	-0.052 	
120.525 	-50.843 	90.000 	0.053 	-0.088 	0.124 	
127.868 	-36.870 	-11.998 	-0.040 	-0.100 	0.062 	
550.286 	1221.472 	-4367.106 	0.265 	0.621 	-2.368 	
148.258 	27.444 	2.404 	0.032 	-0.024 	-0.083 	
117.498 	15.897 	9.956 	-0.126 	0.061 	0.018 	
-148.348 	-102.467 	-77.092 	0.017 	-0.036 	0.038 	
78.587 	-29.115 	33.280 	-0.089 	0.058 	0.212 	
23.206 	-23.757 	-1.288 	0.165 	0.050 	-0.019 	
58.014 	-20.049 	25.135 	-0.185 	0.091 	-0.087 	
208.252 	24.698 	96.521 	0.108 	0.036 	-0.005 	
98.180 	-5.119 	7.825 	-0.179 	-0.017 	-0.102 	
42.690 	-89.094 	49.063 	-0.131 	0.092 	-0.071 	
126.027 	-33.109 	-10.310 	-0.068 	0.128 	0.018 	
-18.820 	-58.182 	15.196 	-0.124 	-0.086 	-0.049 	
108.699 	-66.514 	-13.665 	-0.018 	-0.040 	-0.041 	
63.831 	-14.684 	7.870 	-0.138 	-0.216 	0.043 	
74.361 	-56.635 	24.069 	-0.188 	0.096 	-0.153 	
93.492 	-22.719 	8.660 	-0.122 	0.012 	0.128 	
40.651 	-7.225 	21.576 	-0.125 	0.020 	0.020 	
150.917 	-20.854 	92.859 	0.064 	-0.054 	0.049 	
163.179 	2.407 	18.994 	-0.031 	0.061 	-0.188 	
62.224 	-24.118 	35.635 	-0.132 	-0.059 	0.118 	
43.084 	-22.286 	5.884 	-0.222 	0.037 	0.120 	
139.362 	-30.902 	1.294 	-0.096 	0.017 	0.082 	
1.770 	-55.651 	-81.884 	0.118 	-0.040 	0.102 	
96.971 	-132.945 	33.957 	-0.113 	-0.006 	0.036 	
106.027 	-51.351 	92.168 	0.120 	-0.013 	0.105 	
384.314 	-103.100 	-154.157 	0.116 	-0.075 	-0.071 	
51.801 	-20.840 	18.167 	0.084 	-0.022 	-0.074 	
68.030 	-96.036 	50.238 	-0.199 	-0.036 	0.005 	
119.953 	-34.463 	-13.646 	-0.030 	-0.160 	-0.009 	
-16.906 	-22.466 	5.403 	-0.121 	0.021 	0.015 	
109.492 	6.267 	110.677 	-0.085 	0.049 	-0.024 	
101.382 	37.752 	57.680 	0.074 	0.111 	-0.092 	
124.194 	-15.728 	25.396 	-0.220 	-0.056 	0.079 	
-224.755 	10.264 	82.073 	-0.026 	-0.036 	0.027 	
137.353 	-6.012 	-31.413 	-0.030 	0.077 	-0.055 	
46.267 	9.235 	6.736 	-0.163 	0.013 	0.051 	
207.021 	-69.928 	-15.373 	-0.105 	0.016 	-0.009 	
73.151 	-21.018 	54.125 	-0.136 	-0.028 	-0.141 	
117.996 	13.616 	32.521 	-0.056 	0.058 	-0.077 	
75.896 	-18.255 	11.044 	-0.025 	-0.148 	0.178 	
145.243 	-134.542 	119.895 	-0.050 	-0.014 	0.014 	
77.436 	-40.021 	-16.034 	-0.023 	0.163 	0.038 	
119.850 	-198.929 	42.196 	0.084 	0.041 	-0.033 	
-1.450 	5.110 	-0.234 	-0.037 	0.029 	0.014 	
114.051 	-95.111 	-58.680 	-0.083 	-0.047 	-0.057 	
1218.099 	426.643 	498.348 	0.572 	0.234 	0.256 	
61.286 	4.683 	-45.059 	-0.140 	0.040 	0.022 	
77.844 	13.280 	-4.313 	-0.043 	0.030 	0.063 	
41.589 	-35.760 	-25.756 	-0.016 	-0.085 	0.069 	
8.466 	3.402 	17.765 	-0.116 	-0.037 	0.062 	
260.195 	21.330 	70.158 	-0.033 	0.077 	0.068 	
24.367 	-19.804 	-23.835 	-0.011 	0.071 	-0.048 	
160.555 	-4.387 	-7.876 	0.066 	-0.006 	0.117 	
109.864 	-71.921 	-9.225 	-0.164 	0.039 	0.028 	
72.955 	-0.558 	32.895 	-0.078 	-0.112 	-0.145 	
78.450 	-76.350 	66.926 	-0.010 	0.079 	-0.014 	
167.268 	-24.548 	30.880 	0.087 	-0.053 	0.037 	
108.287 	-42.478 	-16.862 	-0.085 	0.005 	0.161 	
9.108 	-44.991 	3.221 	0.091 	0.049 	-0.127 	
97.113 	-277.581 	442.900 	-0.039 	-0.092 	0.188 	
35.084 	-14.332 	15.432 	0.069 	-0.004 	0.171 	
61.146 	-62.044 	-54.875 	0.119 	-0.088 	0.020 	
-10.495 	24.742 	36.335 	0.107 	-0.067 	-0.065 	
83.696 	-7.482 	14.449 	0.082 	0.061 	-0.030 	
-42.934 	35.898 	50.284 	-0.059 	-0.045 	-0.011 	
-26.429 	-40.557 	-75.894 	-0.029 	-0.054 	-0.158 	
169.466 	-7.929 	38.990 	0.241 	-0.011 	0.112 	
-38.896 	-6.178 	110.293 	-0.079 	0.041 	0.113 	
8.656 	-69.082 	78.100 	-0.142 	-0.081 	0.046 	
-22.408 	61.980 	20.602 	0.066 	0.002 	0.067 	
96.685 	-22.349 	9.133 	0.168 	-0.014 	-0.124 	
-26.850 	31.417 	16.024 	0.120 	-0.045 	0.046 	
-53.064 	-16.620 	74.002 	0.016 	0.063 	0.003 	
85.051 	-11.428 	11.373 	0.045 	0.081 	-0.207 	
20.529 	10.169 	40.905 	0.127 	0.041 	-0.047 	
102.059 	6.759 	12.264 	0.082 	0.080 	0.001 	
6.678 	3.378 	-80.680 	-0.031 	0.046 	0.014 	
-32.366 	-3.104 	62.639 	-0.102 	-0.078 	-0.043 	
97.514 	-25.092 	14.867 	0.135 	0.057 	0.048 	
32.816 	-25.439 	-32.760 	0.042 	-0.055 	0.020 	
-186.481 	55.766 	-369.242 	-0.255 	0.096 	-0.319 	
-12.367 	-88.167 	84.486 	0.042 	-0.110 	0.168 	
147.746 	-35.231 	37.205 	-0.019 	-0.003 	0.029 	
-41.413 	-67.141 	-102.878 	-0.017 	-0.014 	-0.043 	
10.688 	-62.857 	38.167 	0.143 	0.005 	0.076 	
40.447 	-6.697 	-69.912 	0.053 	-0.067 	0.058 	
107.019 	19.699 	17.765 	0.084 	-0.038 	0.083 	
18.086 	-54.534 	0.740 	0.099 	-0.079 	0.062 	
-24.757 	8.532 	-10.548 	-0.138 	-0.029 	0.021 	
58.216 	-103.324 	7.260 	0.156 	-0.134 	0.003 	
-272.942 	-58.908 	-96.372 	-0.127 	-0.052 	0.034 	
-58.252 	-22.774 	68.468 	-0.049 	0.058 	0.041 	
-46.278 	-87.829 	46.960 	0.018 	-0.004 	0.043 	
3.171 	-90.577 	53.217 	-0.066 	-0.009 	0.059 	
106.799 	-9.398 	27.243 	0.070 	-0.117 	0.067 	
59.768 	-51.489 	40.344 	0.138 	-0.109 	-0.020 	
80.839 	-6.711 	-17.272 	0.215 	-0.085 	-0.047 	
120.150 	0.329 	84.902 	-0.194 	-0.096 	-0.032 	
41.028 	-64.045 	-5.935 	0.054 	0.086 	-0.142 	
54.082 	-17.433 	-8.290 	0.019 	0.172 	0.040 	
-86.913 	-72.346 	38.953 	-0.020 	-0.073 	-0.045 	
84.772 	-83.804 	-29.870 	0.069 	0.084 	-0.049 	
65.071 	-45.368 	-13.741 	0.106 	0.172 	0.029 	
60.291 	35.417 	80.381 	-0.140 	-0.152 	-0.027 	
-31.256 	-99.228 	86.474 	-0.023 	-0.119 	0.052 	
-29.285 	16.907 	57.138 	0.029 	0.147 	-0.082 	
-5.448 	7.674 	38.291 	-0.040 	-0.039 	-0.022 	
83.712 	-23.545 	35.106 	0.165 	0.099 	-0.048 	
53.758 	-3.428 	10.919 	0.145 	0.039 	0.020 	
-43.079 	16.669 	43.399 	0.051 	-0.007 	-0.002 	
277.881 	-332.338 	179.583 	0.016 	-0.114 	0.069 	
46.387 	-9.205 	21.451 	0.156 	-0.135 	0.080 	
68.130 	-1.259 	1.212 	0.033 	-0.013 	0.007 	
-39.603 	76.068 	166.735 	-0.026 	-0.063 	-0.016 	
117.523 	-53.280 	8.932 	0.087 	-0.073 	-0.027 	
45.861 	-15.588 	4.841 	0.095 	0.087 	0.136 	
14.186 	-52.133 	-4.102 	0.008 	-0.033 	0.055 	
67.922 	-57.330 	52.412 	0.145 	0.072 	-0.070 	
-36.748 	-54.138 	32.731 	-0.068 	0.048 	0.083 	
-5.391 	-66.952 	3.769 	0.080 	0.050 	-0.056 	
44.179 	-28.310 	39.664 	-0.169 	0.018 	0.233 	
-10.606 	-45.106 	104.328 	0.017 	-0.100 	0.140 	
26.046 	-90.245 	-19.608 	0.007 	0.029 	0.014 	
63.771 	-44.398 	9.504 	0.193 	0.065 	-0.018 	
52.757 	-39.008 	36.332 	0.148 	0.019 	0.148 	
-3.656 	-84.053 	3.252 	-0.138 	-0.088 	0.056 	
6863.752 	1888.782 	4196.149 	5.490 	1.541 	3.410 	
-44.008 	31.779 	41.956 	0.050 	-0.033 	-0.048 	
44.963 	-34.692 	-6.975 	0.214 	-0.064 	-0.147 	
96.647 	-12.551 	12.637 	0.090 	-0.036 	-0.036 	
67.263 	-37.710 	7.062 	0.102 	0.043 	0.011 	
17.708 	21.864 	69.116 	-0.138 	0.055 	0.109 	
29.887 	-42.308 	-5.517 	0.110 	-0.009 	0.038 	
132.247 	7.803 	9.660 	0.040 	0.076 	0.001 	
33.650 	-107.607 	63.641 	-0.062 	-0.066 	-0.007 	
109.906 	-20.790 	43.971 	0.155 	0.137 	-0.052 	
65.336 	-68.864 	-9.474 	0.140 	0.158 	0.012 	
166.368 	-36.509 	86.458 	0.085 	-0.063 	-0.088 	
55.276 	-0.154 	38.871 	-0.242 	-0.012 	-0.176 	
33.648 	-145.216 	14.027 	0.088 	-0.024 	0.012 	
-87.523 	282.029 	-64.526 	-0.111 	0.246 	-0.088 	
245.542 	36.373 	-10.063 	0.106 	0.045 	-0.039 	
-10.371 	-101.019 	58.858 	0.009 	0.003 	0.105 	
40.346 	-67.563 	-34.303 	0.043 	-0.122 	0.081 	
81.660 	-19.810 	-22.082 	0.099 	-0.008 	-0.041 	
-73.271 	-1.345 	-42.518 	-0.121 	-0.025 	-0.027 	
-6.590 	-72.127 	68.528 	-0.092 	-0.040 	0.100 	
21.457 	-8.598 	19.065 	0.039 	-0.068 	-0.135 	
12.169 	1.584 	92.513 	0.026 	-0.020 	0.101 	
-12.258 	-89.696 	4.827 	0.150 	-0.142 	0.016 	
22.226 	-59.467 	18.049 	0.049 	-0.009 	0.144 	
18.990 	-58.338 	-7.548 	0.077 	0.025 	0.160 	
467.670 	47.918 	-49.893 	0.110 	0.005 	-0.020 	
72.621 	-17.228 	-11.808 	-0.011 	0.121 	0.095 	
29.948 	-21.414 	-24.025 	0.061 	-0.138 	0.083 	
-18.948 	-65.934 	102.172 	0.019 	0.009 	-0.030 	
54.137 	-47.264 	29.203 	0.199 	0.071 	-0.005 	
-9.390 	-57.996 	-18.954 	-0.143 	-0.099 	-0.013 	
52.244 	-45.144 	21.098 	0.213 	0.094 	-0.102 	
37.233 	-119.196 	12.234 	0.103 	-0.124 	0.037 	
-13.909 	-107.099 	6.842 	-0.037 	0.013 	-0.014 	
40.665 	-91.956 	80.644 	0.173 	0.018 	0.006 	
92.876 	0.194 	12.137 	-0.009 	-0.049 	-0.042 	
73.827 	-71.103 	91.439 	-0.125 	0.108 	-0.084 	
74.620 	0.065 	36.055 	-0.275 	0.036 	0.076 	
-81.594 	-32.076 	34.948 	-0.131 	0.016 	0.007 	
52.256 	-18.090 	33.857 	-0.252 	0.136 	-0.069 	
7.921 	-127.068 	231.217 	-0.074 	-0.033 	0.171 	
-0.188 	-10.581 	85.190 	0.017 	0.051 	0.112 	
95.872 	-48.650 	23.286 	0.020 	-0.050 	-0.025 	
50.956 	-14.331 	9.912 	0.194 	-0.028 	0.139 	
51.909 	-39.343 	20.271 	0.151 	-0.109 	-0.127 	
147.522 	-21.852 	22.887 	0.070 	0.115 	-0.104 	
41.767 	-32.442 	-35.564 	0.124 	0.042 	0.032 	
-59.720 	-36.943 	20.411 	0.013 	-0.026 	0.204 	
61.696 	-31.549 	-0.422 	0.144 	0.141 	-0.006 	
51.133 	37.919 	7.997 	0.129 	-0.078 	-0.046 	
54.157 	5.234 	30.027 	0.193 	-0.037 	-0.036 	
313.069 	205.081 	-101.547 	0.452 	0.285 	-0.169 	
85.079 	-22.090 	63.066 	0.123 	-0.027 	0.058 	
-40.814 	9.580 	11.626 	-0.149 	-0.009 	0.013 	
2.986 	-64.364 	73.099 	-0.148 	-0.058 	0.031 	
-39.798 	13.410 	43.240 	0.017 	0.072 	0.046 	
-42.484 	81.819 	-51.688 	-0.033 	0.051 	-0.082 	
-85.985 	-54.629 	6.306 	-0.050 	0.068 	0.005 	
10.290 	5.803 	12.208 	0.156 	0.044 	-0.014 	
50.960 	-31.021 	-28.760 	0.158 	-0.090 	-0.090 	
42.679 	-49.275 	-10.884 	0.114 	0.112 	0.028 	
-65.232 	-106.418 	48.527 	-0.092 	-0.018 	-0.035 	
-86.588 	-67.192 	19.636 	-0.122 	0.031 	-0.008 	
20.274 	-24.666 	44.374 	0.114 	0.018 	0.114 	
99.830 	11.020 	13.865 	0.043 	-0.050 	-0.014 	
70.177 	5.726 	4.156 	-0.156 	-0.109 	0.224 	
12.057 	4.321 	13.792 	0.169 	0.011 	0.056 	
141.255 	36.155 	11.850 	-0.181 	-0.128 	-0.031 	
56.100 	28.961 	94.216 	0.142 	0.050 	-0.024 	
-9.327 	-6.616 	68.518 	0.016 	-0.055 	0.010 	
-9.870 	30.285 	34.347 	-0.068 	0.193 	0.011 	
136.087 	-13.725 	51.144 	0.210 	-0.000 	0.004 	
57.698 	-17.798 	33.717 	0.189 	-0.024 	-0.122 	
-21.903 	-37.194 	61.438 	-0.069 	-0.069 	-0.036 	
46.837 	6.484 	56.879 	0.177 	-0.073 	-0.058 	
-19.349 	-63.080 	29.489 	-0.033 	-0.050 	0.148 	
-61.365 	-108.292 	30.387 	-0.031 	-0.051 	0.027 	
105.895 	-28.063 	29.033 	0.035 	0.128 	0.065 	
34.755 	-21.571 	56.682 	0.164 	0.060 	-0.008 	
-33.476 	-31.707 	11.444 	0.036 	0.006 	-0.104 	
-39.180 	-72.037 	-33.179 	-0.110 	-0.046 	0.002 	
47.901 	-46.141 	-1.326 	-0.128 	-0.196 	0.150 	
59.350 	-41.560 	-22.645 	0.146 	0.138 	0.038 	
1.765 	-5.038 	11.331 	0.063 	-0.035 	0.128 	
-2.188 	0.525 	-13.164 	0.101 	-0.016 	-0.102 	
97.104 	-51.433 	-16.651 	0.094 	0.020 	-0.041 	
-63.086 	-45.246 	-8.841 	-0.176 	-0.005 	0.050 	
114.582 	-9.888 	26.781 	0.041 	0.023 	-0.109 	
-31.077 	87.871 	158.330 	-0.040 	-0.043 	-0.027 	
38.422 	-12.617 	-8.548 	-0.107 	-0.151 	-0.173 	
105.164 	-11.772 	27.941 	0.084 	0.048 	0.069 	
50.928 	-11.662 	31.492 	0.186 	0.033 	0.140 	
757.557 	116.546 	-1475.468 	0.277 	0.060 	-0.629 	
-1878.979 	-8607.645 	-13534.783 	-1.525 	-7.107 	-11.197 	
-5.310 	-50.103 	130.993 	-0.095 	-0.024 	0.158 	
62.913 	4.970 	23.984 	0.060 	0.072 	-0.078 	
66.069 	-66.238 	-9.563 	0.021 	0.064 	0.136 	
42.272 	-28.181 	24.676 	0.208 	0.033 	-0.060 	
-30.774 	-2.042 	-18.855 	0.058 	0.019 	-0.008 	
-43.220 	-73.382 	53.532 	-0.004 	-0.105 	0.016 	
77.590 	-25.559 	15.705 	0.016 	-0.004 	-0.028 	
86.197 	22.909 	26.943 	0.124 	-0.085 	0.134 	
7.954 	-130.727 	-30.869 	0.056 	-0.059 	0.038 	
109.905 	-243.042 	-148.535 	-0.087 	-0.047 	-0.003 	
96.679 	-105.682 	-21.022 	0.355 	-0.199 	-0.091 	
-41.647 	-96.505 	67.451 	0.022 	-0.027 	-0.046 	
-3.706 	-91.249 	12.344 	-0.031 	0.024 	-0.093 	
-97.262 	10.491 	-3.459 	-0.033 	-0.016 	0.039 	
-0.733 	-101.766 	79.687 	-0.052 	-0.092 	0.047 	
321.891 	111.340 	-42.092 	0.575 	0.214 	-0.099 	
75.530 	-17.179 	-14.515 	0.068 	0.103 	-0.134 	
71.006 	-12.129 	18.893 	0.206 	-0.092 	-0.123 	
102.371 	-19.813 	23.359 	-0.006 	0.036 	0.109 	
41.964 	-45.381 	9.894 	0.150 	0.028 	-0.072 	
-106.843 	-6.765 	23.608 	-0.045 	-0.042 	-0.044 	
4.485 	-65.626 	41.391 	0.020 	0.100 	-0.010 	
-0.035 	26.484 	-57.727 	0.082 	0.018 	-0.129 	
93.976 	-16.064 	28.872 	-0.269 	0.097 	0.134 	
-61.514 	-69.071 	-26.228 	-0.032 	-0.045 	0.067 	
3.220 	-94.580 	12.737 	0.098 	-0.049 	0.069 	
-29.150 	-126.569 	32.224 	-0.036 	-0.175 	0.020 	
6.928 	-37.741 	-20.347 	0.104 	0.070 	-0.025 	
86.719 	8.390 	10.154 	-0.034 	0.007 	0.040 	
18.064 	-110.440 	-43.365 	0.079 	0.017 	-0.074 	
-66.114 	-10.663 	9.783 	0.007 	0.004 	0.048 	
-34.834 	5.815 	-17.822 	-0.026 	0.028 	-0.105 	
98.448 	18.331 	51.732 	0.110 	0.005 	-0.033 	
18.506 	-14.351 	80.752 	0.045 	-0.116 	0.002 	
37.169 	-12.851 	-17.605 	0.175 	-0.041 	0.175 	
48.459 	22.628 	-1.421 	0.060 	-0.035 	-0.017 	
86.288 	-13.842 	12.649 	0.027 	0.042 	0.102 	
95.240 	-32.255 	28.443 	0.211 	-0.099 	-0.039 	
87.492 	-47.229 	15.660 	0.136 	-0.105 	0.033 	
22.217 	-6.376 	4.108 	0.063 	0.024 	0.184 	
40.888 	-17.547 	33.633 	-0.269 	0.028 	0.038 	
-86.236 	-15.011 	24.120 	-0.210 	0.076 	0.073 	
97.292 	12.733 	6.304 	0.188 	-0.158 	-0.072 	
-7.719 	94.050 	57.156 	0.059 	0.035 	0.039 	
7.713 	-45.281 	-17.380 	0.071 	0.013 	0.022 	
-1220.416 	686.057 	423.099 	-1.007 	0.617 	0.365 	
95.640 	-46.248 	28.649 	0.043 	0.098 	0.017 	
-66.814 	5.641 	43.671 	-0.117 	0.071 	-0.015 	
-48.250 	-14.540 	62.724 	-0.138 	-0.068 	0.046 	
-89.589 	-38.371 	7.145 	-0.090 	-0.011 	-0.009 	
16.015 	-44.256 	-47.515 	0.005 	-0.069 	-0.013 	
98.304 	-8.758 	-1.854 	0.161 	0.060 	0.027 	
87.146 	-45.600 	-10.120 	0.007 	-0.041 	-0.012 	
86.181 	-14.034 	35.007 	0.023 	0.062 	-0.039 	
-49.502 	-60.010 	-22.111 	-0.061 	-0.163 	0.028 	
22.821 	2.853 	29.955 	0.051 	0.149 	-0.048 	
-30.574 	-31.168 	25.085 	0.029 	-0.009 	0.005 	
-315.232 	185.374 	-111.886 	-0.199 	0.053 	-0.040 	
10.966 	-64.571 	-22.069 	0.101 	-0.004 	0.100 	
96.392 	-4.515 	23.709 	0.056 	-0.067 	0.083 	
52.877 	-52.467 	22.406 	0.030 	0.018 	0.166 	
-37.066 	-51.403 	8.821 	-0.021 	0.023 	-0.044 	
37.388 	-17.515 	16.425 	0.145 	-0.092 	0.132 	
82.290 	-50.472 	22.735 	0.010 	0.036 	-0.018 	
54.151 	-60.571 	10.835 	0.178 	0.029 	0.024 	
-5.473 	27.966 	-38.244 	-0.092 	0.036 	-0.036 	
90.453 	-46.523 	15.657 	0.126 	0.069 	-0.049 	
58.615 	50.819 	75.668 	0.064 	0.056 	-0.036 	
-5.893 	-28.933 	87.983 	0.051 	0.070 	-0.023 	
20.523 	-54.624 	12.459 	0.100 	0.037 	0.167 	
72.502 	-31.826 	41.195 	-0.004 	-0.055 	0.026 	
77.140 	-52.519 	41.931 	0.120 	0.070 	0.133 	
-7.468 	-15.190 	-11.217 	0.152 	0.054 	-0.030 	
71.573 	-36.114 	11.017 	0.139 	0.086 	0.039 	
98.990 	-34.509 	-7.112 	0.049 	0.035 	-0.084 	
18.265 	-55.766 	12.503 	-0.081 	-0.245 	0.118 	
131.548 	-32.670 	38.260 	0.099 	-0.094 	0.098 	
37.062 	-18.809 	59.623 	0.019 	-0.029 	-0.060 	
-69.083 	25.091 	-157.006 	-0.071 	0.079 	-0.246 	
73.104 	15.833 	41.905 	0.099 	0.072 	0.016 	
99.436 	11.837 	32.086 	0.152 	0.020 	-0.011 	
-39.810 	-15.478 	-41.448 	-0.058 	0.043 	0.014 	
-27.399 	-39.580 	27.799 	-0.088 	0.105 	-0.054 	
52.915 	-48.129 	-11.791 	0.058 	0.154 	0.059 	
32.317 	-94.978 	112.477 	0.088 	-0.015 	0.067 	
379.330 	-1667.452 	1176.444 	0.104 	-1.020 	0.718 	
144.857 	-55.057 	36.203 	0.063 	0.114 	-0.075 	
-66.372 	7.338 	-57.230 	0.048 	0.130 	0.003 	
95.512 	-29.852 	10.158 	0.040 	0.017 	-0.133 	
77.149 	18.013 	42.268 	0.111 	-0.023 	-0.147 	
-40.195 	-80.368 	38.086 	-0.182 	-0.057 	0.066 	
67.875 	92.644 	113.682 	-0.093 	-0.069 	-0.042 	
-25.250 	-41.118 	61.296 	0.011 	-0.180 	0.088 	
-101.580 	-109.980 	-5.475 	-0.179 	-0.162 	-0.029 	
42.750 	-43.165 	44.891 	-0.064 	-0.055 	-0.028 	
93.105 	-26.833 	21.342 	0.199 	0.069 	-0.064 	
-65.678 	-42.364 	3.656 	-0.111 	0.018 	-0.050 	
60.981 	-44.784 	4.762 	0.126 	-0.070 	-0.197 	
615.912 	-898.656 	-754.152 	0.263 	-0.441 	-0.392 	
-32.682 	33.819 	20.330 	0.128 	-0.004 	0.000 	
-7.723 	56.932 	44.827 	0.098 	0.126 	0.074 	
3.774 	-10.436 	28.854 	0.094 	-0.141 	0.010 	
-39.332 	-14.383 	26.043 	-0.007 	-0.027 	-0.082 	
-32.231 	-75.048 	-15.325 	0.006 	0.047 	0.016 	
10.287 	-43.023 	-47.603 	-0.044 	-0.172 	-0.134 	
-79.918 	-44.928 	-1.029 	-0.090 	0.066 	0.065 	
-29.561 	-22.254 	46.349 	-0.199 	-0.032 	-0.066 	
-23.266 	10.289 	39.203 	-0.127 	-0.045 	-0.058 	
57.370 	61.126 	-47.516 	-0.096 	-0.095 	0.086 	
-38.025 	-109.851 	38.727 	-0.062 	-0.092 	0.061 	
-67.811 	-37.063 	-7.760 	-0.122 	-0.051 	-0.012 	
46.964 	-33.180 	46.481 	0.219 	-0.035 	0.101 	
68.271 	-80.677 	-13.847 	0.008 	0.026 	-0.006 	
25.653 	-13.810 	97.220 	0.118 	0.119 	0.019 	
-109.456 	-6.740 	2.291 	-0.037 	-0.122 	-0.114 	
23.663 	-80.395 	76.707 	0.038 	0.058 	0.076 	
-19.547 	1.507 	-3.430 	0.078 	0.204 	0.039 	
148.119 	20.382 	42.793 	0.100 	-0.081 	-0.034 	
-479.490 	-1016.495 	4610.253 	-0.288 	-0.579 	2.449 	
66.014 	-6.082 	34.241 	0.239 	0.230 	-0.029 	
24.630 	-68.643 	121.235 	0.098 	-0.059 	0.004 	
38.185 	-148.919 	98.234 	-0.117 	0.052 	-0.055 	
46.692 	23.142 	-38.325 	0.045 	0.062 	-0.105 	
46.686 	-48.679 	55.544 	-0.031 	-0.132 	0.028 	
75.595 	31.704 	97.762 	0.076 	-0.032 	0.043 	
-72.577 	-62.059 	22.958 	0.042 	-0.147 	-0.106 	
-40.295 	-38.060 	2.750 	0.005 	0.006 	0.027 	
-26.489 	-1.478 	20.972 	0.011 	-0.056 	0.117 	
28.320 	-52.855 	53.175 	0.055 	-0.088 	-0.062 	
7.715 	-74.257 	70.147 	-0.065 	-0.058 	0.036 	
35.285 	-29.315 	70.608 	-0.105 	0.034 	0.160 	
103.339 	-34.114 	16.580 	0.199 	-0.034 	0.096 	
-112.236 	-477.151 	29.417 	-0.138 	-0.412 	-0.007 	
69.526 	-24.658 	60.029 	0.119 	0.067 	-0.031 	
28.186 	-38.252 	52.815 	0.121 	-0.079 	0.024 	
156.334 	0.551 	-5.675 	0.012 	0.115 	-0.052 	
24.217 	-42.413 	-20.217 	0.071 	-0.000 	-0.051 	
-14.573 	9.383 	106.134 	0.140 	-0.013 	0.049 	
133.873 	33.753 	11.257 	-0.151 	-0.137 	-0.056 	
33.697 	-47.584 	10.547 	0.046 	0.060 	0.114 	
31.330 	-91.157 	49.185 	-0.064 	-0.192 	0.077 	
-38.847 	-28.800 	-36.564 	-0.058 	0.003 	0.061 	
-1.088 	-14.653 	16.874 	0.121 	0.100 	-0.044 	
92.931 	-28.033 	-7.206 	0.052 	-0.119 	-0.105 	
9.991 	-60.683 	4.363 	-0.076 	0.134 	0.208 	
14.200 	-86.693 	28.814 	-0.023 	0.091 	-0.055 	
-43.705 	106.494 	-393.599 	-0.063 	0.021 	-0.109 	
-31.999 	-17.975 	-15.704 	-0.101 	-0.024 	-0.040 	
-205.876 	19.508 	-87.996 	-0.270 	0.070 	-0.185 	
-82.920 	-34.566 	36.402 	-0.092 	-0.040 	-0.042 	
60.711 	30.865 	-11.708 	0.098 	-0.017 	0.135 	
4.953 	5.253 	50.757 	0.153 	-0.031 	0.086 	
37.882 	-7.018 	-20.386 	0.151 	0.058 	-0.085 	
95.416 	-15.307 	47.323 	0.023 	-0.110 	0.039 	
10.139 	-50.318 	57.562 	0.114 	-0.072 	0.004 	
44.512 	4.464 	24.622 	0.135 	-0.009 	-0.051 	
-87.727 	203.309 	-29.987 	-0.090 	0.003 	0.009 	
62.014 	-12.588 	106.407 	-0.020 	-0.036 	0.175 	
-0.192 	-27.948 	-45.272 	-0.069 	0.013 	-0.157 	
-85.499 	8.980 	-24.671 	-0.120 	0.054 	0.000 	
-799.543 	1054.341 	602.306 	-0.465 	0.561 	0.303 	
136.253 	88.575 	-68.878 	-0.100 	-0.029 	0.063 	
-85.984 	-64.032 	8.563 	-0.069 	-0.123 	-0.019 	
-44.454 	-77.600 	30.035 	-0.147 	-0.078 	0.026 	
-37.815 	-46.034 	96.096 	-0.023 	-0.048 	0.043 	
41.776 	-78.934 	25.261 	0.092 	-0.035 	-0.118 	
103.515 	-60.532 	27.481 	-0.197 	0.095 	0.164 	
20.104 	-101.448 	-43.135 	0.089 	-0.003 	-0.034 	
87.152 	-15.190 	20.097 	0.242 	-0.055 	0.062 	
-78.585 	89.385 	-19.365 	-0.095 	-0.091 	0.066 	
-1.631 	-0.125 	104.066 	-0.084 	0.013 	0.130 	
-2.700 	-62.534 	-25.503 	0.137 	0.075 	-0.133 	
81.623 	20.471 	-23.143 	0.014 	0.074 	-0.128 	
115.567 	-26.007 	12.070 	0.168 	0.002 	0.134 	
30.036 	-79.955 	5.334 	-0.105 	-0.082 	-0.062 	
50.877 	-31.679 	-47.543 	0.063 	-0.080 	0.017 	
-99.979 	7.683 	-36.792 	0.019 	0.109 	-0.001 	
74.840 	-49.094 	67.050 	0.067 	-0.052 	-0.063 	
-83.729 	10.605 	87.973 	-0.111 	0.016 	0.005 	
-15.600 	16.093 	-46.059 	0.073 	-0.073 	-0.058 	
124.792 	-8.419 	-2.916 	0.176 	-0.077 	-0.067 	
75.362 	-60.402 	-10.142 	0.132 	-0.073 	0.109 	
15.865 	-66.002 	-32.725 	-0.146 	-0.121 	-0.074 	
-59.592 	-146.320 	66.558 	-0.085 	-0.062 	-0.009 	
54.995 	-37.153 	27.417 	0.077 	0.083 	0.047 	
-69.041 	-35.364 	-35.038 	0.025 	-0.158 	0.051 	
101.685 	-291.215 	12.776 	-0.087 	-0.049 	-0.013 	
-52.187 	7.040 	-70.383 	-0.080 	-0.040 	-0.111 	
7.816 	-76.028 	71.854 	-0.065 	-0.173 	0.079 	
122.564 	36.693 	17.890 	0.024 	0.044 	0.056 	
-23.558 	-13.227 	73.684 	-0.135 	0.030 	-0.025 	
-3.888 	-29.513 	14.602 	0.186 	0.048 	-0.111 	
-30.403 	4.078 	32.061 	-0.016 	0.089 	0.094 	
567.606 	861.261 	876.020 	0.154 	0.348 	0.365 	
9.519 	12.165 	23.360 	0.025 	-0.031 	-0.072 	
87.525 	1871.944 	-1215.418 	-0.072 	1.122 	-0.729 	
103.955 	-20.448 	27.008 	0.053 	0.094 	0.156 	
-19.674 	17.266 	31.851 	-0.010 	0.054 	0.034 	
-51.854 	18.917 	63.323 	-0.074 	0.003 	-0.058 	
122.867 	9.821 	-12.475 	0.061 	-0.065 	0.076 	
1705.020 	8466.133 	13941.153 	1.431 	6.974 	11.464 	
8.228 	20.183 	-10.862 	0.075 	-0.119 	-0.032 	
5.508 	-11.359 	59.728 	-0.093 	-0.113 	0.198 	
34.486 	-55.056 	-24.304 	0.204 	0.082 	0.055 	
-35.717 	7.014 	90.615 	0.023 	0.026 	0.185 	
-2.251 	-77.622 	58.472 	-0.126 	-0.134 	-0.004 	
-27.503 	-118.942 	35.342 	-0.030 	-0.045 	-0.032 	
-2.306 	-12.301 	6.502 	0.092 	-0.157 	0.020 	
-76.140 	324.107 	10.160 	-0.117 	0.071 	-0.017 	
-24.643 	-46.349 	25.649 	0.123 	-0.176 	0.089 	
164.123 	-24.590 	44.535 	0.306 	-0.123 	0.124 	
14.867 	-8.921 	3.521 	0.041 	-0.094 	-0.152 	
81.585 	7.672 	18.711 	0.070 	0.045 	-0.074 	
37.132 	-28.945 	83.168 	-0.069 	-0.000 	0.157 	
-39.254 	-137.335 	-6.237 	-0.098 	0.098 	0.066 	
-53.330 	11.643 	24.116 	-0.063 	0.018 	-0.041 	
28.999 	-19.187 	10.153 	0.183 	0.120 	-0.075 	
69.537 	-42.483 	1.351 	0.217 	-0.016 	-0.062 	
75.118 	-38.467 	25.033 	0.111 	0.017 	0.203 	
1.620 	-4.567 	-24.638 	0.055 	0.087 	0.120 	
56.296 	12.027 	22.656 	0.127 	-0.067 	0.073 	
80.971 	28.096 	33.315 	0.117 	0.020 	0.049 	
164.715 	-233.263 	169.990 	0.160 	-0.230 	0.127 	
-234.194 	229.170 	45.281 	-0.127 	0.030 	0.047 	
-19.033 	-43.049 	5.380 	0.107 	-0.047 	0.018 	
-51.648 	-45.872 	13.225 	0.014 	0.076 	0.038 	
70.163 	164.722 	-24.857 	-0.095 	-0.040 	0.023 	
51.973 	-20.867 	44.339 	0.186 	-0.038 	0.063 	
59.976 	-23.468 	7.115 	0.068 	0.231 	-0.050 	
-331.054 	2386.034 	155.923 	-0.247 	1.413 	0.093 	
19.594 	41.358 	82.715 	0.091 	-0.026 	0.034 	
-51.010 	-15.286 	36.285 	-0.020 	-0.087 	0.048 	
159.911 	18.954 	-15.666 	-0.170 	-0.099 	0.057 	
-43.223 	55.073 	67.371 	-0.040 	0.025 	-0.026 	
-22.977 	89.037 	-5.741 	0.001 	-0.003 	-0.018 	
133.978 	-45.340 	-46.984 	0.133 	0.043 	0.031 	
-49.925 	-20.438 	-41.323 	-0.110 	0.022 	0.010 	
3.959 	31.358 	6.699 	0.091 	-0.141 	0.008 	
35.259 	-61.007 	-19.679 	0.135 	0.010 	0.028 	
109.702 	-39.391 	-7.639 	0.180 	0.040 	0.003 	
63.620 	-49.012 	1.227 	0.125 	0.083 	0.189 	
10.905 	-54.685 	25.515 	0.141 	-0.113 	0.111 	
117.999 	-76.046 	41.335 	-0.227 	0.053 	0.013 	
-2.101 	-75.472 	104.103 	-0.006 	-0.037 	0.104 	
96.217 	-28.202 	24.367 	0.196 	-0.133 	-0.014 	
10.574 	-118.076 	84.471 	-0.062 	-0.020 	0.013 	
-1091.498 	-1390.273 	-667.265 	-0.523 	-0.569 	-0.263 	
21.044 	-68.316 	-8.721 	-0.009 	0.080 	-0.013 	
-37.951 	-79.897 	76.398 	0.001 	-0.109 	-0.023 	
-177.600 	-243.067 	125.014 	-0.200 	-0.281 	0.119 	
-47.206 	89.932 	-36.456 	-0.042 	0.056 	-0.020 	
-75.370 	-8.043 	79.423 	-0.210 	0.086 	0.224 	
83.141 	-22.868 	11.870 	0.047 	-0.052 	0.007 	
161.363 	-21.322 	16.784 	0.042 	0.017 	0.035 	
96.595 	-40.701 	2.442 	-0.193 	0.197 	0.054 	
97.055 	-11.830 	19.401 	-0.052 	0.029 	0.043 	
85.403 	-27.116 	24.465 	0.183 	-0.068 	-0.009 	
45.374 	-8.758 	51.481 	0.156 	0.107 	0.006 	
110.003 	-108.379 	-43.499 	-0.134 	0.088 	0.001 	
31.692 	13.695 	-9.478 	0.223 	0.068 	0.056 	
270.552 	-191.406 	44.229 	-0.031 	-0.052 	0.020 	
86.459 	4.295 	69.680 	0.101 	-0.066 	-0.018 	
-52.329 	-10.251 	11.200 	-0.115 	0.013 	-0.047 	
87.597 	-25.148 	16.206 	-0.303 	-0.166 	-0.007 	
-48.898 	-73.182 	35.528 	-0.115 	0.013 	0.063 	
60.771 	-33.146 	111.486 	0.118 	-0.048 	-0.068 	
18.482 	4.065 	47.437 	0.107 	-0.095 	0.095 	
81.987 	-33.054 	-3.272 	0.146 	0.133 	0.020 	
134.832 	-233.929 	59.338 	-0.075 	-0.008 	-0.005 	
74.351 	-38.985 	27.430 	0.080 	0.222 	0.018 	
-24.499 	32.371 	137.006 	0.019 	0.011 	0.119 	
-57.790 	-66.243 	-3.983 	0.121 	-0.027 	-0.061 	
-43.140 	-56.682 	24.804 	0.022 	-0.053 	0.053 	
9.149 	-98.897 	-79.086 	0.059 	-0.004 	-0.002 	
40.493 	-65.284 	-56.192 	0.124 	-0.043 	-0.115 	
59.474 	-15.401 	4.472 	-0.159 	-0.244 	-0.106 	
35.640 	10.048 	24.337 	0.110 	0.113 	-0.045 	
164.748 	125.085 	46.374 	-0.098 	-0.038 	-0.017 	
11.810 	-153.972 	29.477 	0.007 	-0.087 	0.038 	
84.991 	-7.815 	37.282 	0.222 	-0.141 	0.104 	
159.464 	104.240 	-77.900 	-0.097 	0.003 	0.037 	
5.194 	-57.842 	-67.914 	-0.001 	-0.037 	0.008 	
-26.107 	-123.395 	44.922 	0.021 	0.038 	0.039 	
80.838 	-18.099 	20.241 	-0.325 	0.065 	0.124 	
-266.945 	-438.354 	1450.005 	-0.164 	-0.177 	0.624 	
28.707 	-33.344 	-6.355 	0.279 	0.018 	-0.011 	
-22.069 	-34.575 	-25.511 	0.020 	-0.047 	0.015 	
116.833 	-17.809 	-14.364 	0.075 	-0.068 	0.164 	
38.435 	-9.121 	-55.469 	0.113 	-0.016 	-0.043 	
-53.525 	-49.390 	7.269 	-0.102 	-0.026 	0.113 	
75.600 	-19.064 	32.078 	0.090 	0.113 	0.198 	
45.750 	-19.030 	10.456 	0.086 	-0.178 	0.058 	
-26.155 	-40.887 	94.895 	-0.160 	-0.021 	0.112 	
21.351 	-50.371 	45.889 	0.093 	-0.025 	-0.019 	
85.222 	-72.694 	8.132 	0.172 	-0.058 	-0.051 	
-12.018 	-15.622 	-38.615 	0.000 	-0.065 	-0.059 	
68.522 	-18.766 	2.017 	0.066 	0.032 	-0.026 	
16.043 	-59.439 	15.255 	0.137 	0.081 	0.115 	
98.746 	17.354 	28.714 	0.071 	0.033 	-0.121 	
7.699 	-43.684 	56.898 	0.103 	-0.006 	0.069 	
16.887 	23.748 	24.773 	-0.158 	-0.030 	-0.011 	
-8.944 	71.406 	-40.641 	-0.032 	0.070 	-0.039 	
-25.507 	-39.060 	-3.162 	-0.086 	-0.051 	0.060 	
133.480 	-58.608 	51.371 	0.094 	-0.051 	0.107 	
112.240 	-25.792 	4.768 	0.085 	-0.004 	-0.051 	
29.568 	8.992 	-30.791 	-0.161 	-0.018 	-0.102 	
-44.485 	-39.610 	0.780 	0.041 	0.041 	0.219 	
-116.459 	-60.872 	-34.487 	-0.064 	-0.031 	0.020 	
0.227 	-39.691 	72.173 	0.102 	-0.002 	-0.064 	
-29.934 	-40.959 	-16.874 	0.099 	0.020 	0.073 	
20.619 	11.128 	17.496 	-0.086 	0.068 	-0.223 	
35.817 	-70.839 	19.336 	0.036 	-0.157 	-0.106 	
61.256 	-42.851 	-20.883 	0.121 	-0.057 	0.028 	
-21.467 	-61.088 	-62.407 	0.120 	0.017 	-0.102 	
85.609 	3.207 	44.064 	0.116 	-0.166 	0.049 	
9.474 	-13.268 	42.159 	0.148 	-0.051 	0.066 	
-17.950 	-2181.172 	-375.621 	-0.060 	-1.310 	-0.223 	
30.601 	15.100 	17.684 	0.108 	0.132 	-0.010 	
-66.114 	-40.353 	-21.939 	-0.136 	0.073 	0.017 	
120.838 	-10.359 	-3.225 	0.230 	-0.056 	-0.099 	
49.179 	-59.208 	1.253 	0.151 	-0.046 	-0.033 	
188.570 	22.446 	154.664 	-0.092 	-0.069 	0.015 	
78.928 	-36.498 	44.648 	0.065 	-0.139 	-0.095 	
103.557 	-53.750 	25.347 	0.110 	-0.051 	-0.191 	
15.571 	-44.949 	-45.201 	-0.015 	-0.147 	-0.106 	
82.878 	-35.120 	45.924 	0.150 	-0.090 	-0.132 	
85.722 	-50.817 	-5.680 	0.113 	0.061 	-0.086 	
-66.168 	-12.920 	18.844 	-0.002 	-0.006 	0.046 	
57.251 	-30.488 	53.877 	0.100 	0.143 	-0.091 	
-41.969 	-56.244 	26.876 	-0.013 	0.033 	0.062 	
-48.571 	-32.353 	68.257 	-0.114 	-0.030 	0.116 	
12.976 	-48.368 	25.365 	0.137 	0.134 	-0.076 	
239.014 	-24.814 	-7.784 	-0.098 	-0.057 	-0.033 	
1060.821 	-858.487 	-664.353 	0.882 	-0.661 	-0.535 	
23.276 	-66.227 	17.071 	0.090 	0.024 	-0.001 	
-46.463 	1.819 	55.533 	0.037 	0.010 	-0.080 	
17.021 	-18.497 	50.811 	0.084 	0.070 	0.013 	
