## Las primeras 500 lineas corresponden a la esfera 1 
##las siguienets 500 lineas a la esfera 2
## Las primeras tres columnas corresponden a la posición en 'x', 'y' y 'z', las siguientes tres a las velocidades
15.046 	-669.128 	58.748 	-0.010 	-0.249 	0.028 	
196.167 	-200.523 	1.660 	0.087 	-0.077 	-0.004 	
227.781 	849.296 	592.111 	0.099 	0.317 	0.208 	
-767.742 	859.147 	565.771 	-0.306 	0.337 	0.220 	
-191.210 	-181.655 	792.372 	-0.052 	-0.067 	0.318 	
836.841 	554.467 	1005.182 	0.343 	0.216 	0.377 	
896.756 	-465.649 	-872.400 	0.346 	-0.170 	-0.339 	
-857.114 	-512.671 	292.912 	-0.324 	-0.179 	0.124 	
746.474 	206.677 	491.276 	0.278 	0.096 	0.187 	
287.674 	274.742 	371.326 	0.106 	0.100 	0.152 	
764.457 	-65.134 	51.131 	0.282 	-0.021 	0.014 	
-178.778 	-686.307 	102.339 	-0.056 	-0.259 	0.045 	
113.625 	-488.794 	70.787 	0.068 	-0.184 	0.029 	
567.551 	770.339 	749.238 	0.200 	0.295 	0.283 	
-19.690 	652.543 	-1058.523 	-0.009 	0.233 	-0.395 	
-367.402 	-93.451 	-3.020 	-0.141 	-0.017 	0.003 	
-402.704 	853.598 	-336.138 	-0.163 	0.316 	-0.132 	
95.940 	503.780 	-922.636 	0.032 	0.173 	-0.361 	
-1199.449 	-923.345 	-508.545 	-0.476 	-0.343 	-0.201 	
456.021 	-1052.956 	-911.949 	0.158 	-0.408 	-0.351 	
93.682 	-1013.450 	1167.823 	0.042 	-0.369 	0.455 	
95.236 	372.539 	1050.276 	0.030 	0.138 	0.385 	
-266.667 	-496.946 	247.549 	-0.100 	-0.170 	0.084 	
-879.765 	-700.867 	325.843 	-0.324 	-0.255 	0.115 	
579.329 	-428.005 	707.861 	0.236 	-0.161 	0.259 	
-427.518 	-16.983 	922.996 	-0.143 	-0.000 	0.345 	
48.897 	-574.078 	-44.487 	0.033 	-0.206 	-0.011 	
252.016 	-990.345 	747.979 	0.087 	-0.394 	0.291 	
-895.520 	886.143 	226.908 	-0.329 	0.335 	0.088 	
-512.499 	-772.624 	597.112 	-0.182 	-0.287 	0.234 	
-321.498 	-544.321 	-893.118 	-0.117 	-0.197 	-0.342 	
437.369 	723.663 	849.254 	0.159 	0.263 	0.326 	
857.281 	-323.474 	787.087 	0.327 	-0.123 	0.304 	
-590.226 	591.558 	70.997 	-0.201 	0.222 	0.029 	
94.699 	-284.255 	-1001.587 	0.034 	-0.122 	-0.364 	
124.912 	-150.000 	104.988 	0.069 	-0.042 	0.040 	
-409.897 	-847.543 	-923.704 	-0.159 	-0.315 	-0.372 	
-430.961 	-1029.953 	771.865 	-0.145 	-0.391 	0.294 	
-381.453 	-101.532 	549.000 	-0.154 	-0.032 	0.213 	
668.179 	-1050.789 	752.237 	0.253 	-0.401 	0.293 	
1132.090 	450.489 	-40.510 	0.435 	0.151 	-0.018 	
189.750 	-285.321 	102.197 	0.081 	-0.093 	0.028 	
458.064 	120.357 	736.124 	0.152 	0.047 	0.280 	
-21.053 	-729.001 	-476.944 	-0.025 	-0.278 	-0.179 	
158.382 	-209.194 	705.709 	0.076 	-0.081 	0.279 	
75.689 	176.566 	-362.381 	0.044 	0.074 	-0.126 	
1115.332 	94.229 	-5.547 	0.408 	0.021 	0.010 	
-259.090 	1010.732 	-263.135 	-0.097 	0.391 	-0.105 	
224.376 	-286.962 	-397.871 	0.100 	-0.115 	-0.148 	
938.927 	590.517 	301.990 	0.362 	0.240 	0.114 	
-879.334 	-309.718 	-689.344 	-0.326 	-0.126 	-0.275 	
519.691 	-87.644 	513.851 	0.183 	-0.031 	0.182 	
1038.466 	-459.669 	-1041.977 	0.413 	-0.193 	-0.400 	
-110.569 	674.886 	-2.563 	-0.022 	0.252 	0.010 	
-752.514 	840.471 	607.972 	-0.296 	0.311 	0.231 	
-183.623 	-976.959 	494.236 	-0.060 	-0.386 	0.199 	
-445.157 	-5.820 	-618.087 	-0.149 	-0.009 	-0.243 	
16.667 	-882.139 	-300.091 	0.022 	-0.338 	-0.119 	
-1022.693 	723.062 	867.230 	-0.396 	0.287 	0.341 	
591.468 	939.793 	390.690 	0.231 	0.350 	0.134 	
-248.038 	996.244 	270.285 	-0.111 	0.385 	0.099 	
376.330 	603.919 	-355.651 	0.154 	0.222 	-0.131 	
-770.729 	1065.701 	419.961 	-0.312 	0.416 	0.164 	
714.474 	182.710 	-361.588 	0.273 	0.087 	-0.137 	
823.002 	-995.083 	-1017.963 	0.339 	-0.381 	-0.381 	
1194.454 	-414.339 	-1027.116 	0.481 	-0.156 	-0.394 	
747.581 	-573.193 	-893.998 	0.310 	-0.220 	-0.344 	
-1117.143 	1207.775 	-344.158 	-0.436 	0.481 	-0.141 	
1191.107 	565.747 	747.536 	0.477 	0.220 	0.279 	
-178.002 	398.243 	438.757 	-0.066 	0.123 	0.170 	
788.342 	319.051 	330.240 	0.315 	0.106 	0.115 	
307.283 	-68.403 	378.608 	0.138 	-0.016 	0.145 	
-23.922 	626.145 	-1044.875 	-0.014 	0.257 	-0.398 	
-266.150 	-794.797 	-329.860 	-0.107 	-0.303 	-0.119 	
-454.244 	415.269 	648.971 	-0.191 	0.155 	0.243 	
475.334 	-146.188 	-293.446 	0.180 	-0.050 	-0.087 	
-22.469 	-269.734 	-738.212 	-0.013 	-0.083 	-0.283 	
909.490 	540.387 	-845.336 	0.355 	0.209 	-0.339 	
131.341 	-214.466 	-395.756 	0.041 	-0.073 	-0.160 	
-27.997 	-249.964 	891.641 	0.001 	-0.103 	0.338 	
-138.955 	835.235 	251.817 	-0.067 	0.305 	0.098 	
262.610 	-437.626 	-308.352 	0.083 	-0.159 	-0.105 	
532.733 	656.835 	868.128 	0.197 	0.258 	0.330 	
-212.056 	-708.517 	871.037 	-0.088 	-0.262 	0.342 	
672.147 	-387.031 	-147.029 	0.267 	-0.133 	-0.071 	
-647.060 	-890.608 	-870.834 	-0.235 	-0.334 	-0.324 	
649.646 	-193.713 	-383.807 	0.254 	-0.084 	-0.165 	
-655.953 	-732.953 	781.752 	-0.270 	-0.279 	0.302 	
-960.872 	-923.799 	600.314 	-0.354 	-0.354 	0.236 	
-875.458 	-357.031 	-109.917 	-0.317 	-0.151 	-0.031 	
1116.588 	483.438 	796.337 	0.428 	0.205 	0.301 	
35.384 	422.054 	799.153 	0.009 	0.170 	0.307 	
64.799 	-177.366 	72.081 	0.034 	-0.079 	0.030 	
-149.274 	-941.380 	-412.537 	-0.045 	-0.371 	-0.146 	
923.719 	-628.408 	918.551 	0.350 	-0.228 	0.347 	
-366.981 	585.497 	-983.906 	-0.133 	0.226 	-0.358 	
905.593 	248.344 	593.466 	0.360 	0.082 	0.229 	
971.585 	225.983 	-664.606 	0.388 	0.088 	-0.252 	
1094.771 	899.279 	137.508 	0.443 	0.340 	0.055 	
631.721 	-464.641 	625.722 	0.233 	-0.187 	0.235 	
-719.076 	965.776 	510.289 	-0.273 	0.355 	0.203 	
-1150.033 	-845.783 	-380.531 	-0.455 	-0.320 	-0.132 	
310.901 	-1079.158 	631.838 	0.123 	-0.423 	0.240 	
-481.875 	-131.193 	814.959 	-0.180 	-0.034 	0.322 	
566.298 	-255.030 	312.123 	0.237 	-0.097 	0.128 	
-1015.500 	498.377 	923.614 	-0.372 	0.192 	0.347 	
-960.723 	-697.331 	637.571 	-0.383 	-0.260 	0.251 	
-1128.753 	1175.704 	-486.420 	-0.443 	0.466 	-0.187 	
734.054 	-454.402 	15.050 	0.271 	-0.181 	0.020 	
1188.506 	-94.567 	-409.672 	0.470 	-0.047 	-0.140 	
-308.098 	-95.589 	581.869 	-0.107 	-0.044 	0.233 	
293.175 	-355.535 	536.351 	0.093 	-0.138 	0.206 	
498.028 	14.854 	186.930 	0.177 	-0.006 	0.062 	
-169.621 	1052.187 	-397.002 	-0.074 	0.392 	-0.138 	
-694.137 	949.564 	945.259 	-0.268 	0.365 	0.369 	
-120.698 	1012.585 	987.823 	-0.037 	0.393 	0.381 	
320.195 	-1066.250 	-213.997 	0.117 	-0.409 	-0.061 	
-1138.224 	-302.470 	1072.511 	-0.429 	-0.132 	0.405 	
774.819 	-445.677 	-420.677 	0.293 	-0.186 	-0.145 	
-54.672 	763.475 	130.135 	-0.038 	0.286 	0.057 	
-541.131 	111.569 	636.307 	-0.195 	0.047 	0.258 	
594.793 	-827.699 	-378.927 	0.232 	-0.327 	-0.145 	
492.917 	-181.185 	-792.761 	0.185 	-0.049 	-0.308 	
1002.154 	-439.536 	1004.864 	0.370 	-0.173 	0.388 	
-1058.410 	378.255 	543.313 	-0.420 	0.137 	0.203 	
330.469 	-151.903 	-401.981 	0.111 	-0.043 	-0.144 	
-1124.627 	-721.015 	-444.531 	-0.426 	-0.271 	-0.156 	
-1159.249 	-1094.662 	454.716 	-0.461 	-0.420 	0.168 	
-863.631 	440.929 	-1079.273 	-0.332 	0.174 	-0.397 	
-943.694 	-957.849 	371.883 	-0.347 	-0.373 	0.140 	
-82.738 	-653.954 	501.327 	-0.044 	-0.245 	0.196 	
-242.701 	819.248 	-452.960 	-0.099 	0.317 	-0.185 	
-642.824 	549.854 	11.944 	-0.249 	0.201 	0.001 	
34.340 	322.261 	-940.756 	0.000 	0.111 	-0.351 	
1158.944 	-1057.801 	117.503 	0.436 	-0.401 	0.035 	
-169.852 	-824.301 	-400.708 	-0.052 	-0.313 	-0.171 	
142.249 	-644.035 	312.839 	0.041 	-0.245 	0.103 	
-783.313 	-958.987 	758.686 	-0.282 	-0.376 	0.293 	
895.754 	-445.625 	-447.804 	0.344 	-0.161 	-0.169 	
359.406 	-807.292 	230.210 	0.160 	-0.304 	0.096 	
-797.643 	-471.867 	-617.084 	-0.288 	-0.187 	-0.235 	
1030.759 	-308.936 	-264.463 	0.376 	-0.106 	-0.103 	
-674.936 	1044.543 	234.442 	-0.263 	0.391 	0.099 	
-820.959 	-867.736 	121.370 	-0.317 	-0.330 	0.057 	
-248.807 	340.864 	385.806 	-0.105 	0.115 	0.145 	
636.865 	-139.659 	920.887 	0.240 	-0.052 	0.334 	
-484.211 	-87.909 	-373.750 	-0.175 	-0.014 	-0.144 	
0.414 	542.234 	833.456 	-0.009 	0.202 	0.299 	
983.580 	-890.067 	-1034.296 	0.361 	-0.343 	-0.401 	
-102.710 	764.280 	-525.257 	-0.024 	0.278 	-0.204 	
951.403 	-1040.869 	289.690 	0.367 	-0.395 	0.093 	
-769.456 	-309.377 	652.889 	-0.277 	-0.107 	0.246 	
265.519 	594.899 	1103.845 	0.095 	0.212 	0.424 	
-1119.494 	-1101.055 	-401.115 	-0.428 	-0.418 	-0.162 	
-940.062 	-72.840 	-1060.548 	-0.362 	-0.017 	-0.408 	
-66.164 	-449.102 	-383.579 	-0.042 	-0.170 	-0.145 	
989.429 	-241.201 	780.970 	0.417 	-0.090 	0.286 	
-991.634 	-494.000 	990.999 	-0.381 	-0.200 	0.376 	
-501.116 	-771.925 	1088.575 	-0.180 	-0.299 	0.424 	
120.351 	-767.467 	637.769 	0.044 	-0.296 	0.249 	
1038.946 	-881.936 	804.975 	0.417 	-0.341 	0.314 	
-361.673 	188.422 	227.871 	-0.124 	0.078 	0.075 	
-314.751 	-83.806 	559.108 	-0.157 	0.002 	0.247 	
516.744 	62.238 	-59.532 	0.211 	0.036 	-0.011 	
65.133 	-400.277 	233.129 	0.020 	-0.152 	0.078 	
-395.507 	-15.017 	-160.252 	-0.159 	-0.002 	-0.049 	
-386.245 	611.309 	-538.007 	-0.143 	0.235 	-0.206 	
1207.210 	-230.195 	-78.437 	0.469 	-0.108 	-0.027 	
351.437 	-1.965 	-150.709 	0.135 	-0.015 	-0.040 	
445.746 	-217.002 	-260.707 	0.149 	-0.088 	-0.088 	
-698.501 	210.713 	1142.667 	-0.260 	0.078 	0.443 	
629.266 	462.752 	37.274 	0.264 	0.166 	0.018 	
-978.262 	206.536 	429.483 	-0.385 	0.072 	0.161 	
287.175 	-45.374 	-325.800 	0.102 	-0.031 	-0.126 	
-1124.190 	-509.398 	971.707 	-0.444 	-0.195 	0.369 	
-891.597 	-357.207 	-87.540 	-0.346 	-0.125 	-0.021 	
-454.673 	-247.293 	-240.702 	-0.171 	-0.095 	-0.095 	
689.034 	616.306 	906.584 	0.268 	0.239 	0.328 	
205.197 	-219.255 	880.090 	0.085 	-0.078 	0.342 	
1048.161 	629.444 	1113.262 	0.398 	0.254 	0.434 	
903.181 	813.427 	873.236 	0.344 	0.316 	0.353 	
982.484 	-812.665 	-830.436 	0.365 	-0.318 	-0.325 	
680.919 	1009.726 	59.202 	0.279 	0.383 	0.020 	
-487.771 	64.360 	258.209 	-0.195 	0.016 	0.112 	
-214.209 	67.665 	-616.687 	-0.073 	0.033 	-0.251 	
-129.172 	466.984 	512.949 	-0.065 	0.176 	0.194 	
-1122.692 	-1020.786 	588.306 	-0.434 	-0.379 	0.242 	
-446.400 	342.965 	-416.807 	-0.168 	0.138 	-0.150 	
-303.743 	-961.123 	-716.951 	-0.118 	-0.356 	-0.277 	
-548.587 	-923.027 	-554.418 	-0.190 	-0.350 	-0.211 	
90.532 	-1019.013 	-841.202 	0.031 	-0.383 	-0.315 	
862.118 	358.373 	56.911 	0.352 	0.140 	0.029 	
990.409 	-73.217 	-712.614 	0.380 	-0.032 	-0.260 	
-465.410 	162.458 	34.993 	-0.156 	0.057 	0.026 	
-422.859 	498.269 	265.522 	-0.180 	0.186 	0.102 	
1026.280 	-442.282 	14.623 	0.388 	-0.183 	-0.008 	
-579.324 	396.673 	-1052.481 	-0.227 	0.146 	-0.407 	
1060.562 	-104.781 	657.488 	0.401 	-0.025 	0.260 	
192.762 	345.209 	284.271 	0.094 	0.140 	0.119 	
636.395 	-227.623 	-458.472 	0.257 	-0.074 	-0.161 	
-643.176 	831.829 	176.316 	-0.242 	0.301 	0.073 	
-24.984 	-823.162 	493.753 	0.006 	-0.298 	0.181 	
-125.274 	-90.353 	-867.863 	-0.031 	-0.031 	-0.324 	
-302.287 	41.480 	176.427 	-0.122 	0.020 	0.069 	
-127.033 	-921.679 	-895.469 	-0.041 	-0.343 	-0.353 	
-258.798 	-381.264 	971.049 	-0.087 	-0.153 	0.350 	
1134.833 	-137.613 	-834.491 	0.444 	-0.066 	-0.315 	
-253.321 	174.304 	-185.407 	-0.092 	0.060 	-0.061 	
935.268 	-1010.678 	918.493 	0.373 	-0.379 	0.352 	
-334.932 	-370.470 	321.426 	-0.125 	-0.125 	0.117 	
-319.572 	-51.544 	946.790 	-0.107 	-0.005 	0.360 	
189.358 	498.455 	102.061 	0.095 	0.189 	0.041 	
-1029.923 	1081.575 	-786.029 	-0.402 	0.415 	-0.300 	
29.385 	-285.096 	-1066.610 	0.034 	-0.103 	-0.410 	
-196.921 	-588.207 	663.689 	-0.067 	-0.203 	0.256 	
-617.276 	-500.539 	-455.502 	-0.248 	-0.192 	-0.170 	
568.448 	1033.801 	-856.062 	0.221 	0.398 	-0.347 	
-593.649 	81.034 	672.553 	-0.244 	0.030 	0.253 	
-10.270 	142.862 	530.513 	-0.015 	0.056 	0.186 	
-217.548 	-167.510 	426.613 	-0.054 	-0.085 	0.106 	
1001.788 	-220.536 	-624.223 	0.380 	-0.103 	-0.246 	
1171.059 	-1091.982 	-6.937 	0.444 	-0.420 	0.012 	
-829.928 	-618.847 	-38.091 	-0.333 	-0.247 	-0.023 	
53.218 	-905.118 	220.522 	0.009 	-0.333 	0.093 	
-406.789 	78.544 	885.934 	-0.161 	0.019 	0.326 	
-592.945 	1079.876 	28.862 	-0.208 	0.409 	0.022 	
-793.296 	-851.810 	368.196 	-0.298 	-0.315 	0.134 	
957.072 	-400.894 	-787.321 	0.372 	-0.149 	-0.315 	
-687.403 	-1029.685 	648.356 	-0.264 	-0.377 	0.248 	
-474.044 	13.820 	384.215 	-0.179 	-0.013 	0.153 	
-500.938 	105.853 	1000.828 	-0.190 	0.041 	0.394 	
-905.541 	668.030 	-192.164 	-0.340 	0.253 	-0.053 	
-838.970 	299.760 	28.978 	-0.335 	0.114 	0.012 	
-321.393 	268.460 	-535.420 	-0.119 	0.114 	-0.198 	
949.432 	1164.838 	-1069.623 	0.359 	0.465 	-0.417 	
-758.653 	432.898 	585.600 	-0.301 	0.164 	0.238 	
-892.169 	-89.693 	-916.507 	-0.328 	-0.039 	-0.350 	
515.345 	-727.001 	370.432 	0.205 	-0.286 	0.125 	
762.390 	856.821 	-86.359 	0.316 	0.328 	-0.024 	
908.000 	455.623 	-1025.614 	0.338 	0.181 	-0.379 	
601.315 	293.190 	-706.423 	0.222 	0.106 	-0.250 	
-452.546 	-878.053 	-245.672 	-0.164 	-0.319 	-0.097 	
805.680 	-385.263 	121.581 	0.317 	-0.139 	0.026 	
-381.223 	775.379 	174.708 	-0.045 	0.374 	0.096 	
233.199 	-645.653 	963.151 	0.093 	-0.238 	0.347 	
-537.491 	359.878 	-403.694 	-0.206 	0.131 	-0.164 	
-774.058 	-29.076 	375.860 	-0.308 	-0.013 	0.154 	
837.654 	-282.599 	883.894 	0.333 	-0.114 	0.319 	
217.430 	-624.955 	-996.317 	0.096 	-0.246 	-0.361 	
1161.481 	200.253 	-657.202 	0.462 	0.076 	-0.255 	
373.341 	-252.874 	852.390 	0.160 	-0.096 	0.320 	
-737.283 	925.926 	-210.668 	-0.259 	0.356 	-0.077 	
-441.909 	-437.737 	361.107 	-0.174 	-0.166 	0.148 	
-388.606 	-490.716 	155.817 	-0.143 	-0.186 	0.082 	
1037.955 	-11.984 	451.959 	0.405 	0.012 	0.182 	
-712.439 	70.102 	623.498 	-0.274 	0.027 	0.259 	
20.411 	417.054 	-783.674 	-0.008 	0.161 	-0.309 	
-781.819 	-1004.293 	-970.762 	-0.283 	-0.378 	-0.384 	
554.910 	867.811 	-396.995 	0.203 	0.323 	-0.148 	
-1045.676 	503.767 	642.366 	-0.405 	0.194 	0.234 	
-1081.278 	51.139 	424.008 	-0.427 	0.029 	0.160 	
354.856 	-871.678 	-918.134 	0.127 	-0.340 	-0.334 	
-1303.280 	122.966 	5.644 	-0.596 	-0.015 	-0.005 	
-1009.897 	-399.666 	513.992 	-0.378 	-0.156 	0.206 	
614.722 	-231.436 	-699.015 	0.229 	-0.090 	-0.283 	
284.051 	195.920 	105.017 	0.121 	0.079 	0.056 	
-29.045 	-370.048 	282.215 	-0.011 	-0.154 	0.089 	
-1059.159 	105.522 	-602.877 	-0.413 	0.032 	-0.241 	
859.511 	-101.376 	1167.075 	0.338 	-0.032 	0.460 	
-211.949 	-349.209 	638.020 	-0.081 	-0.145 	0.225 	
415.441 	-633.524 	-257.463 	0.147 	-0.238 	-0.091 	
138.195 	-138.211 	188.672 	0.062 	-0.066 	0.061 	
-941.043 	-1106.063 	-566.416 	-0.364 	-0.434 	-0.215 	
542.657 	-537.478 	-935.055 	0.205 	-0.186 	-0.345 	
203.703 	223.877 	-238.772 	0.093 	0.148 	-0.089 	
-438.953 	-150.579 	345.125 	-0.163 	-0.042 	0.136 	
1173.223 	609.597 	-90.345 	0.470 	0.228 	-0.038 	
284.566 	-136.473 	-614.220 	0.100 	-0.049 	-0.238 	
-883.926 	290.567 	-1093.779 	-0.332 	0.119 	-0.416 	
399.564 	355.829 	311.203 	0.165 	0.121 	0.130 	
1084.740 	87.930 	-886.413 	0.400 	0.027 	-0.330 	
-436.861 	124.556 	-539.157 	-0.164 	0.059 	-0.215 	
-1046.733 	968.762 	404.656 	-0.417 	0.373 	0.158 	
19.418 	-851.395 	-984.229 	0.021 	-0.322 	-0.391 	
752.009 	961.598 	-564.577 	0.291 	0.366 	-0.237 	
555.941 	-439.894 	86.954 	0.207 	-0.165 	0.052 	
570.451 	-943.780 	-731.842 	0.210 	-0.352 	-0.294 	
371.452 	-436.542 	618.801 	0.132 	-0.167 	0.234 	
470.366 	-482.079 	747.358 	0.180 	-0.175 	0.287 	
964.335 	1042.039 	-906.215 	0.362 	0.404 	-0.363 	
874.011 	-181.084 	625.479 	0.345 	-0.058 	0.253 	
375.107 	-272.131 	-219.081 	0.150 	-0.094 	-0.083 	
-418.175 	-416.758 	801.105 	-0.175 	-0.154 	0.308 	
-509.872 	-207.921 	882.164 	-0.193 	-0.095 	0.337 	
199.631 	-536.161 	-328.572 	0.080 	-0.200 	-0.132 	
-718.327 	-103.938 	-11.462 	-0.273 	-0.046 	-0.010 	
-154.172 	885.330 	-1108.718 	-0.040 	0.349 	-0.424 	
-828.655 	-278.972 	573.660 	-0.331 	-0.106 	0.215 	
-37.488 	-886.645 	905.488 	-0.013 	-0.326 	0.357 	
-443.963 	312.033 	872.930 	-0.153 	0.128 	0.330 	
-106.033 	-31.102 	611.327 	-0.049 	-0.016 	0.235 	
759.574 	-573.849 	28.091 	0.300 	-0.229 	-0.005 	
-94.849 	-401.739 	238.133 	-0.011 	-0.148 	0.102 	
-257.182 	-392.944 	867.898 	-0.075 	-0.146 	0.336 	
-1067.777 	-305.112 	291.170 	-0.424 	-0.117 	0.114 	
-264.293 	-735.339 	-156.337 	-0.117 	-0.272 	-0.060 	
321.924 	-1033.460 	573.223 	0.115 	-0.411 	0.214 	
392.864 	-792.158 	-229.586 	0.144 	-0.305 	-0.076 	
437.411 	-968.614 	-136.915 	0.173 	-0.376 	-0.039 	
313.432 	60.591 	887.830 	0.106 	0.012 	0.338 	
-971.267 	481.679 	71.109 	-0.377 	0.181 	0.023 	
-257.573 	254.091 	465.900 	-0.079 	0.087 	0.170 	
-369.253 	-572.476 	906.834 	-0.150 	-0.219 	0.362 	
-806.023 	-975.998 	815.158 	-0.308 	-0.366 	0.329 	
588.781 	666.682 	-1028.077 	0.218 	0.250 	-0.382 	
-365.808 	606.253 	-985.552 	-0.122 	0.234 	-0.371 	
-100.779 	-821.715 	-657.376 	-0.018 	-0.314 	-0.255 	
-51.014 	-38.760 	157.234 	0.002 	-0.029 	0.055 	
709.500 	-334.221 	205.347 	0.276 	-0.128 	0.066 	
535.660 	338.876 	-631.751 	0.227 	0.129 	-0.237 	
-720.618 	-928.754 	569.025 	-0.265 	-0.371 	0.208 	
1158.307 	-235.727 	-1064.733 	0.460 	-0.090 	-0.415 	
-203.840 	756.959 	272.812 	-0.062 	0.294 	0.097 	
-613.100 	867.310 	-741.264 	-0.238 	0.331 	-0.288 	
-869.830 	573.200 	-296.283 	-0.312 	0.217 	-0.113 	
5.224 	319.439 	-106.831 	-0.009 	0.103 	-0.040 	
-951.981 	343.060 	86.307 	-0.346 	0.148 	0.029 	
-40.661 	-821.197 	-649.697 	-0.018 	-0.304 	-0.229 	
-754.149 	-448.483 	69.564 	-0.293 	-0.164 	0.010 	
559.521 	466.409 	-613.176 	0.233 	0.180 	-0.227 	
-734.970 	1065.336 	114.897 	-0.283 	0.399 	0.060 	
527.471 	-102.684 	-784.852 	0.211 	-0.034 	-0.299 	
-119.017 	115.516 	-244.629 	-0.037 	0.026 	-0.079 	
-1025.683 	-507.516 	-939.993 	-0.389 	-0.210 	-0.369 	
485.196 	-190.456 	141.020 	0.178 	-0.078 	0.062 	
-839.050 	-214.437 	922.476 	-0.322 	-0.077 	0.356 	
829.241 	-76.224 	796.392 	0.318 	-0.037 	0.290 	
320.124 	-65.928 	-715.071 	0.110 	-0.037 	-0.271 	
886.319 	343.469 	-51.370 	0.326 	0.135 	-0.030 	
395.602 	168.028 	640.437 	0.142 	0.072 	0.239 	
-58.518 	482.021 	-817.112 	-0.033 	0.185 	-0.302 	
1049.725 	-795.272 	-353.573 	0.422 	-0.301 	-0.125 	
-962.732 	-971.328 	1025.762 	-0.375 	-0.378 	0.392 	
-858.640 	-599.794 	-22.508 	-0.323 	-0.222 	-0.008 	
684.814 	155.649 	222.835 	0.240 	0.058 	0.085 	
1064.415 	-278.009 	302.983 	0.409 	-0.099 	0.105 	
-896.620 	314.227 	453.539 	-0.336 	0.131 	0.192 	
60.781 	-65.740 	-1.760 	0.007 	-0.022 	0.006 	
-328.668 	-633.271 	847.574 	-0.108 	-0.234 	0.331 	
-131.591 	-510.746 	-433.122 	-0.040 	-0.203 	-0.152 	
1029.032 	-386.327 	-710.138 	0.394 	-0.163 	-0.265 	
148.696 	-623.299 	-591.538 	0.038 	-0.232 	-0.218 	
779.674 	-873.955 	1078.850 	0.311 	-0.321 	0.410 	
-1004.877 	-423.134 	-539.949 	-0.373 	-0.152 	-0.200 	
-880.096 	-229.726 	-348.458 	-0.349 	-0.099 	-0.128 	
106.870 	-225.436 	831.702 	0.063 	-0.087 	0.313 	
589.209 	-609.829 	476.226 	0.248 	-0.233 	0.172 	
-544.262 	474.009 	477.111 	-0.223 	0.172 	0.187 	
-984.563 	-572.755 	811.562 	-0.371 	-0.200 	0.314 	
-759.886 	0.231 	242.395 	-0.295 	-0.004 	0.103 	
-637.820 	-740.794 	127.137 	-0.231 	-0.275 	0.040 	
959.900 	954.388 	624.275 	0.375 	0.344 	0.233 	
938.541 	520.911 	-178.380 	0.377 	0.208 	-0.073 	
-928.774 	-878.465 	214.378 	-0.353 	-0.330 	0.093 	
-757.068 	250.300 	433.240 	-0.294 	0.087 	0.161 	
-649.934 	80.625 	511.814 	-0.229 	0.041 	0.202 	
-571.648 	-266.594 	-1077.818 	-0.221 	-0.112 	-0.428 	
-529.312 	-571.669 	-835.617 	-0.207 	-0.228 	-0.329 	
1146.455 	1159.870 	-565.201 	0.447 	0.458 	-0.210 	
1103.143 	412.195 	-868.858 	0.426 	0.149 	-0.347 	
-282.542 	-453.136 	-317.299 	-0.107 	-0.183 	-0.114 	
-302.682 	-421.999 	731.427 	-0.113 	-0.179 	0.276 	
267.200 	-54.604 	135.778 	0.117 	-0.027 	0.041 	
344.083 	133.889 	245.888 	0.141 	0.038 	0.088 	
-620.171 	674.982 	647.004 	-0.249 	0.258 	0.246 	
-719.096 	880.719 	-991.868 	-0.277 	0.323 	-0.381 	
-298.861 	-687.345 	-1085.674 	-0.109 	-0.248 	-0.422 	
907.539 	-444.817 	-692.026 	0.330 	-0.165 	-0.258 	
-15.950 	3.386 	-679.252 	-0.005 	0.004 	-0.260 	
336.656 	837.236 	345.849 	0.134 	0.331 	0.141 	
537.164 	-92.858 	-4.973 	0.225 	-0.030 	-0.005 	
441.869 	525.695 	589.016 	0.175 	0.194 	0.246 	
295.571 	-432.425 	-485.235 	0.126 	-0.161 	-0.174 	
948.385 	-790.587 	-680.827 	0.385 	-0.305 	-0.260 	
308.398 	253.573 	-646.434 	0.122 	0.099 	-0.252 	
-719.986 	-739.176 	-23.136 	-0.266 	-0.296 	-0.007 	
620.223 	386.213 	482.603 	0.217 	0.141 	0.182 	
800.532 	335.024 	122.567 	0.327 	0.115 	0.037 	
-87.787 	-958.767 	860.133 	-0.027 	-0.361 	0.346 	
47.025 	354.727 	921.194 	0.038 	0.134 	0.337 	
771.928 	-44.846 	873.215 	0.314 	-0.013 	0.330 	
930.626 	373.260 	-65.397 	0.352 	0.132 	-0.013 	
-624.485 	-1153.763 	1134.282 	-0.231 	-0.448 	0.447 	
-1173.590 	-981.365 	1061.549 	-0.459 	-0.369 	0.411 	
1089.047 	926.014 	4.169 	0.437 	0.344 	0.001 	
1133.993 	258.285 	953.883 	0.437 	0.080 	0.374 	
446.685 	140.791 	758.376 	0.162 	0.045 	0.279 	
-739.451 	-125.761 	-926.376 	-0.284 	-0.045 	-0.351 	
773.828 	406.452 	-337.030 	0.318 	0.157 	-0.133 	
-261.765 	576.167 	-974.747 	-0.104 	0.209 	-0.360 	
440.630 	462.611 	-136.839 	0.164 	0.175 	-0.056 	
652.236 	-421.372 	-587.217 	0.254 	-0.154 	-0.216 	
880.138 	806.934 	1015.508 	0.337 	0.323 	0.397 	
139.994 	929.351 	-673.393 	0.037 	0.349 	-0.252 	
-962.648 	169.663 	387.383 	-0.356 	0.073 	0.151 	
261.131 	-1018.887 	719.686 	0.114 	-0.388 	0.259 	
347.068 	-391.179 	-107.767 	0.125 	-0.162 	-0.040 	
813.730 	35.126 	-71.634 	0.311 	0.029 	-0.034 	
-509.763 	452.393 	-713.647 	-0.184 	0.181 	-0.280 	
527.758 	-891.035 	509.413 	0.195 	-0.350 	0.199 	
863.589 	894.779 	30.698 	0.345 	0.341 	0.020 	
599.714 	-995.471 	892.805 	0.227 	-0.362 	0.339 	
1056.217 	-112.789 	213.190 	0.406 	-0.024 	0.091 	
1188.896 	939.459 	618.492 	0.449 	0.359 	0.239 	
287.316 	-780.377 	434.432 	0.128 	-0.301 	0.166 	
-601.136 	-1064.176 	1011.347 	-0.233 	-0.418 	0.387 	
432.735 	-244.889 	-237.015 	0.183 	-0.080 	-0.084 	
-64.424 	38.982 	187.579 	-0.035 	0.007 	0.062 	
-923.996 	1162.968 	970.500 	-0.368 	0.462 	0.369 	
20.574 	96.703 	934.583 	0.029 	0.041 	0.346 	
-133.174 	911.219 	863.031 	-0.057 	0.360 	0.320 	
760.411 	-818.267 	909.898 	0.307 	-0.326 	0.356 	
-831.612 	-912.816 	900.359 	-0.322 	-0.331 	0.345 	
-978.366 	-647.167 	739.043 	-0.378 	-0.238 	0.285 	
-752.469 	669.125 	320.155 	-0.276 	0.266 	0.131 	
-201.511 	-1134.786 	220.563 	-0.056 	-0.435 	0.081 	
120.414 	-548.105 	771.604 	0.055 	-0.205 	0.296 	
-27.568 	129.531 	106.544 	-0.015 	0.037 	0.051 	
-865.739 	-1004.713 	-845.969 	-0.345 	-0.386 	-0.309 	
-534.271 	-13.796 	574.479 	-0.193 	-0.016 	0.214 	
832.756 	294.867 	116.885 	0.302 	0.113 	0.056 	
389.831 	-557.388 	734.534 	0.158 	-0.224 	0.291 	
-844.296 	-504.051 	-719.195 	-0.315 	-0.182 	-0.268 	
61.144 	-405.326 	-220.397 	0.009 	-0.221 	-0.079 	
1118.062 	87.896 	16.567 	0.417 	0.036 	0.010 	
-532.101 	-743.455 	-716.795 	-0.196 	-0.289 	-0.261 	
855.030 	-552.049 	49.582 	0.342 	-0.203 	0.024 	
-307.844 	761.082 	663.577 	-0.099 	0.285 	0.248 	
180.201 	-276.415 	953.023 	0.069 	-0.102 	0.354 	
922.968 	-124.379 	517.802 	0.360 	-0.053 	0.188 	
-303.278 	31.928 	-1110.863 	-0.107 	0.021 	-0.431 	
-510.408 	-154.527 	-37.566 	-0.193 	-0.076 	-0.004 	
237.607 	872.701 	446.527 	0.083 	0.332 	0.175 	
-971.697 	271.121 	-172.256 	-0.382 	0.093 	-0.073 	
569.095 	-570.032 	309.752 	0.209 	-0.205 	0.107 	
-171.662 	213.188 	-227.280 	-0.083 	0.074 	-0.089 	
815.244 	-865.379 	163.475 	0.313 	-0.334 	0.072 	
127.471 	-212.474 	316.357 	0.032 	-0.075 	0.116 	
1056.680 	-895.525 	362.905 	0.421 	-0.335 	0.137 	
-528.645 	106.183 	-72.521 	-0.184 	0.038 	-0.027 	
-837.367 	82.636 	922.011 	-0.325 	0.050 	0.348 	
1117.968 	459.173 	-140.597 	0.430 	0.161 	-0.035 	
-692.661 	833.020 	-533.283 	-0.252 	0.328 	-0.195 	
-699.291 	821.823 	-300.015 	-0.247 	0.313 	-0.117 	
822.185 	-296.456 	-118.361 	0.305 	-0.092 	-0.040 	
-891.237 	186.704 	829.698 	-0.330 	0.077 	0.316 	
888.184 	-554.042 	-1086.339 	0.361 	-0.201 	-0.415 	
-772.315 	-1055.684 	-575.391 	-0.294 	-0.397 	-0.220 	
-251.306 	-118.810 	829.998 	-0.079 	-0.045 	0.307 	
-57.437 	-548.184 	-48.452 	-0.027 	-0.206 	-0.038 	
-113.890 	-146.386 	390.157 	-0.025 	-0.057 	0.162 	
636.656 	281.662 	240.746 	0.258 	0.114 	0.103 	
389.576 	-884.823 	-14.003 	0.164 	-0.322 	0.005 	
611.944 	-967.852 	-942.780 	0.217 	-0.371 	-0.362 	
-639.237 	971.231 	-266.106 	-0.241 	0.361 	-0.107 	
-825.784 	879.358 	250.003 	-0.299 	0.348 	0.092 	
-7.752 	-81.220 	-285.682 	0.002 	-0.034 	-0.116 	
-99.780 	-859.867 	643.521 	-0.015 	-0.324 	0.242 	
292.185 	-357.383 	949.322 	0.109 	-0.126 	0.377 	
932.254 	741.271 	-995.301 	0.371 	0.299 	-0.386 	
25.580 	-560.299 	-241.713 	0.007 	-0.214 	-0.075 	
1099.438 	790.387 	-25.759 	0.442 	0.297 	-0.014 	
-452.383 	665.535 	-1164.474 	-0.155 	0.246 	-0.445 	
-31.571 	106.385 	-202.121 	-0.015 	0.024 	-0.086 	
-910.596 	-212.029 	371.666 	-0.328 	-0.085 	0.146 	
516.792 	-111.241 	9.272 	0.190 	-0.062 	0.001 	
-311.537 	-217.648 	945.070 	-0.122 	-0.084 	0.339 	
-185.390 	39.559 	-1121.263 	-0.066 	0.026 	-0.429 	
885.405 	351.118 	411.096 	0.321 	0.137 	0.150 	
-926.896 	-580.206 	-1215.153 	-0.345 	-0.218 	-0.483 	
1030.776 	-229.515 	237.523 	0.386 	-0.075 	0.096 	
637.812 	-1027.666 	130.090 	0.245 	-0.397 	0.066 	
502.480 	995.956 	-666.245 	0.211 	0.369 	-0.248 	
847.606 	240.458 	-717.997 	0.315 	0.105 	-0.267 	
19.733 	-1135.303 	1002.045 	0.020 	-0.448 	0.377 	
360.761 	-353.874 	350.490 	0.162 	-0.134 	0.129 	
5.805 	1094.580 	495.652 	0.024 	0.419 	0.193 	
864.002 	-568.461 	-683.785 	0.351 	-0.223 	-0.261 	
429.458 	1016.024 	-76.838 	0.175 	0.390 	-0.012 	
561.790 	294.826 	-333.494 	0.196 	0.115 	-0.123 	
915.531 	1034.103 	-252.387 	0.339 	0.380 	-0.096 	
459.234 	543.102 	-342.168 	0.200 	0.206 	-0.127 	
338.382 	-269.301 	-143.086 	0.150 	-0.115 	-0.056 	
318.865 	-234.614 	400.256 	0.124 	-0.091 	0.129 	
-278.251 	-742.490 	-486.695 	-0.118 	-0.285 	-0.173 	
-1095.494 	-373.709 	805.982 	-0.406 	-0.133 	0.304 	
-932.323 	-780.342 	-78.914 	-0.348 	-0.307 	-0.044 	
264.440 	921.757 	508.551 	0.096 	0.364 	0.192 	
-203.119 	-320.340 	434.342 	-0.094 	-0.120 	0.165 	
595.548 	-1034.015 	129.597 	0.237 	-0.397 	0.055 	
-976.051 	-437.829 	676.884 	-0.425 	-0.164 	0.251 	
865.562 	-938.789 	-1023.996 	0.271 	-0.372 	-0.383 	
-889.826 	-432.255 	-856.961 	-0.406 	-0.152 	-0.329 	
-257.036 	-963.729 	436.938 	-0.149 	-0.358 	0.184 	
815.633 	555.922 	-132.555 	0.234 	0.200 	-0.056 	
-541.680 	-903.987 	537.169 	-0.285 	-0.349 	0.212 	
1275.533 	-916.374 	-947.340 	0.431 	-0.362 	-0.372 	
931.306 	-640.306 	546.048 	0.291 	-0.246 	0.224 	
-243.074 	-582.672 	-954.414 	-0.174 	-0.212 	-0.363 	
570.825 	552.909 	-738.233 	0.146 	0.210 	-0.292 	
919.643 	325.227 	132.248 	0.297 	0.135 	0.038 	
301.655 	56.413 	256.573 	0.025 	0.008 	0.097 	
-942.418 	967.114 	1049.434 	-0.437 	0.366 	0.392 	
529.311 	-778.771 	402.388 	0.115 	-0.300 	0.155 	
486.189 	1159.871 	1067.387 	0.124 	0.449 	0.394 	
18.485 	895.848 	679.176 	-0.045 	0.344 	0.246 	
820.317 	-335.142 	417.980 	0.263 	-0.120 	0.169 	
375.130 	-1093.966 	1029.025 	0.061 	-0.417 	0.395 	
-46.500 	1028.975 	341.509 	-0.077 	0.392 	0.147 	
668.374 	-1018.913 	943.198 	0.197 	-0.399 	0.354 	
293.866 	285.869 	515.840 	0.040 	0.108 	0.199 	
-366.663 	1058.195 	-1069.181 	-0.188 	0.399 	-0.405 	
357.227 	350.968 	18.775 	0.092 	0.139 	0.009 	
908.501 	46.388 	-113.905 	0.268 	0.030 	-0.055 	
-1063.298 	409.096 	-605.609 	-0.491 	0.158 	-0.230 	
223.671 	794.336 	474.412 	0.010 	0.310 	0.194 	
200.583 	-352.338 	-4.797 	0.015 	-0.146 	0.004 	
-1.983 	-798.729 	-160.112 	-0.073 	-0.314 	-0.051 	
-634.572 	-198.699 	-234.750 	-0.325 	-0.073 	-0.092 	
-253.873 	511.702 	-1065.346 	-0.147 	0.189 	-0.404 	
275.689 	393.777 	-201.841 	0.059 	0.147 	-0.065 	
-339.900 	1023.572 	305.962 	-0.181 	0.405 	0.128 	
-605.030 	751.734 	-944.014 	-0.313 	0.283 	-0.371 	
136.417 	959.238 	809.257 	-0.019 	0.370 	0.296 	
420.646 	-1081.303 	922.709 	0.092 	-0.403 	0.353 	
381.528 	-901.303 	104.043 	0.089 	-0.334 	0.050 	
269.757 	-187.218 	-840.180 	0.026 	-0.064 	-0.320 	
-743.710 	319.935 	959.190 	-0.360 	0.108 	0.377 	
-1032.507 	698.059 	-1.425 	-0.469 	0.245 	0.005 	
1021.643 	33.421 	-687.200 	0.332 	0.014 	-0.246 	
-420.556 	-445.479 	-599.501 	-0.221 	-0.156 	-0.238 	
-711.718 	-586.693 	-334.912 	-0.321 	-0.208 	-0.129 	
711.748 	-999.715 	-614.485 	0.191 	-0.378 	-0.236 	
-698.225 	308.063 	-702.736 	-0.327 	0.124 	-0.249 	
-331.182 	-200.454 	-272.967 	-0.206 	-0.062 	-0.112 	
1031.800 	1097.845 	-605.345 	0.335 	0.436 	-0.220 	
532.808 	-728.927 	-606.044 	0.138 	-0.268 	-0.244 	
-648.305 	910.357 	-958.733 	-0.313 	0.332 	-0.373 	
-240.928 	-530.603 	-437.019 	-0.133 	-0.204 	-0.166 	
129.865 	-161.526 	316.052 	-0.035 	-0.066 	0.120 	
105.226 	7.987 	51.640 	-0.029 	0.011 	0.015 	
480.148 	1157.185 	-93.350 	0.139 	0.447 	-0.036 	
495.146 	-679.850 	-336.087 	0.145 	-0.258 	-0.124 	
793.286 	467.168 	382.672 	0.233 	0.181 	0.145 	
-798.402 	-166.146 	631.043 	-0.372 	-0.044 	0.229 	
-203.026 	714.542 	642.059 	-0.136 	0.284 	0.258 	
-635.575 	468.665 	824.116 	-0.328 	0.180 	0.311 	
-263.845 	-237.745 	-466.498 	-0.154 	-0.075 	-0.168 	
-644.427 	-486.269 	-397.166 	-0.295 	-0.202 	-0.150 	
-642.163 	-13.255 	118.629 	-0.307 	0.009 	0.034 	
-189.974 	-951.902 	298.236 	-0.122 	-0.350 	0.123 	
386.478 	-132.552 	-25.401 	0.086 	-0.049 	-0.015 	
657.063 	333.442 	574.163 	0.205 	0.127 	0.205 	
107.949 	-128.036 	-983.297 	-0.040 	-0.039 	-0.369 	
52.568 	-537.807 	-452.262 	-0.035 	-0.191 	-0.176 	
589.375 	-70.148 	952.325 	0.164 	-0.030 	0.362 	
241.112 	-289.690 	164.540 	0.013 	-0.114 	0.079 	
210.198 	-940.831 	1001.796 	0.023 	-0.347 	0.389 	
438.915 	191.973 	474.663 	0.105 	0.078 	0.180 	
197.638 	-863.187 	-102.277 	-0.008 	-0.330 	-0.041 	
161.062 	-867.321 	-449.407 	-0.019 	-0.324 	-0.176 	
-841.833 	-859.698 	-75.177 	-0.388 	-0.315 	-0.024 	
-829.881 	-665.304 	-301.591 	-0.401 	-0.255 	-0.113 	
1014.816 	-923.854 	-229.608 	0.339 	-0.360 	-0.101 	
-117.582 	-413.224 	-510.605 	-0.117 	-0.172 	-0.202 	
-128.034 	-152.090 	70.618 	-0.130 	-0.064 	0.029 	
-290.758 	800.969 	-561.558 	-0.167 	0.316 	-0.222 	
-364.025 	367.896 	357.021 	-0.212 	0.152 	0.125 	
-94.754 	295.175 	-548.520 	-0.118 	0.123 	-0.208 	
-796.094 	-683.523 	452.368 	-0.355 	-0.252 	0.170 	
579.062 	-754.291 	-196.650 	0.171 	-0.284 	-0.064 	
889.876 	201.230 	801.334 	0.260 	0.084 	0.304 	
-832.244 	580.052 	762.041 	-0.371 	0.221 	0.281 	
-337.720 	268.945 	320.060 	-0.214 	0.102 	0.118 	
-488.705 	-837.549 	1147.179 	-0.244 	-0.302 	0.443 	
-524.805 	-593.342 	60.520 	-0.266 	-0.235 	0.039 	
-596.668 	108.797 	-796.499 	-0.285 	0.041 	-0.308 	
960.845 	16.982 	-855.832 	0.320 	0.002 	-0.322 	
248.465 	365.547 	960.580 	0.042 	0.150 	0.360 	
-551.395 	556.736 	504.640 	-0.266 	0.205 	0.182 	
-287.812 	562.952 	739.621 	-0.154 	0.211 	0.282 	
-873.826 	809.534 	156.475 	-0.403 	0.329 	0.063 	
-202.154 	-350.242 	-474.805 	-0.133 	-0.149 	-0.165 	
-275.606 	-844.856 	193.474 	-0.172 	-0.319 	0.091 	
1150.818 	940.211 	-708.312 	0.397 	0.365 	-0.272 	
136.500 	-724.541 	-678.878 	0.005 	-0.275 	-0.274 	
-499.977 	-939.701 	-841.491 	-0.255 	-0.377 	-0.314 	
460.284 	1194.902 	-462.842 	0.102 	0.465 	-0.189 	
389.466 	-612.351 	863.762 	0.072 	-0.240 	0.332 	
1218.520 	-88.264 	-702.415 	0.418 	-0.040 	-0.271 	
443.368 	-152.836 	184.678 	0.091 	-0.060 	0.069 	
352.887 	1055.879 	-564.662 	0.059 	0.407 	-0.219 	
-643.401 	-454.825 	-427.854 	-0.305 	-0.152 	-0.160 	
-326.619 	997.424 	-255.700 	-0.192 	0.359 	-0.089 	
-311.592 	-207.698 	-889.814 	-0.173 	-0.077 	-0.338 	
558.645 	-1012.553 	-483.980 	0.159 	-0.397 	-0.174 	
800.263 	-294.604 	-32.542 	0.233 	-0.098 	0.001 	
1113.949 	12.932 	637.655 	0.378 	0.006 	0.245 	
623.691 	798.257 	-1077.312 	0.193 	0.303 	-0.417 	
-794.989 	317.188 	708.526 	-0.348 	0.123 	0.265 	
-52.895 	-4.754 	288.532 	-0.070 	0.003 	0.117 	
-247.110 	839.297 	728.235 	-0.167 	0.326 	0.281 	
1223.469 	925.923 	-201.048 	0.409 	0.356 	-0.081 	
-865.282 	145.539 	725.155 	-0.400 	0.038 	0.271 	
-1040.799 	271.435 	-797.260 	-0.449 	0.110 	-0.306 	
-636.895 	-385.470 	-167.931 	-0.309 	-0.154 	-0.071 	
443.260 	337.904 	-459.763 	0.089 	0.129 	-0.187 	
891.112 	1053.864 	-681.120 	0.281 	0.417 	-0.272 	
-654.173 	453.136 	-22.054 	-0.316 	0.158 	-0.017 	
277.169 	92.267 	217.387 	0.024 	0.028 	0.081 	
292.700 	-848.983 	-430.044 	0.028 	-0.325 	-0.168 	
-750.726 	-130.830 	-554.684 	-0.365 	-0.048 	-0.201 	
1220.190 	714.821 	-680.696 	0.421 	0.282 	-0.264 	
843.562 	157.324 	612.727 	0.265 	0.071 	0.218 	
377.119 	974.275 	204.932 	0.073 	0.358 	0.074 	
446.375 	-252.334 	-412.056 	0.094 	-0.104 	-0.144 	
978.203 	832.666 	-732.740 	0.296 	0.322 	-0.280 	
1134.988 	254.151 	-320.425 	0.387 	0.100 	-0.121 	
-554.856 	307.441 	-217.328 	-0.293 	0.101 	-0.074 	
-380.065 	-952.948 	-266.314 	-0.205 	-0.347 	-0.107 	
644.522 	1123.143 	-1069.672 	0.178 	0.438 	-0.408 	
1079.720 	387.854 	-274.500 	0.349 	0.160 	-0.104 	
-664.970 	-659.001 	-665.372 	-0.327 	-0.253 	-0.240 	
-908.156 	59.616 	557.582 	-0.430 	0.027 	0.222 	
1162.342 	-600.114 	910.541 	0.397 	-0.227 	0.335 	
951.467 	64.072 	461.985 	0.281 	0.027 	0.178 	
337.744 	809.359 	649.505 	0.072 	0.321 	0.251 	
-907.353 	917.965 	-707.921 	-0.424 	0.347 	-0.285 	
-913.529 	88.835 	1030.765 	-0.392 	0.034 	0.397 	
1105.589 	-721.152 	-472.805 	0.360 	-0.292 	-0.185 	
-358.419 	439.855 	442.971 	-0.222 	0.166 	0.176 	
653.851 	712.640 	273.794 	0.182 	0.269 	0.112 	
892.367 	-132.303 	400.755 	0.288 	-0.056 	0.155 	
847.397 	369.733 	398.768 	0.247 	0.126 	0.139 	
-721.278 	-222.608 	950.328 	-0.327 	-0.086 	0.376 	
1157.441 	-845.832 	508.260 	0.386 	-0.319 	0.198 	
-136.915 	741.818 	-1000.406 	-0.132 	0.282 	-0.383 	
-659.603 	-790.459 	1247.423 	-0.415 	-0.367 	0.617 	
265.945 	591.472 	32.077 	0.048 	0.223 	0.008 	
351.046 	-1.254 	129.402 	0.080 	0.008 	0.061 	
493.888 	813.072 	1026.602 	0.139 	0.326 	0.391 	
-706.022 	106.189 	-81.615 	-0.342 	0.057 	-0.028 	
-963.584 	314.227 	-983.777 	-0.430 	0.124 	-0.367 	
486.921 	532.497 	161.986 	0.136 	0.204 	0.061 	
-194.950 	-743.513 	282.260 	-0.147 	-0.293 	0.102 	
648.503 	-193.233 	-431.717 	0.200 	-0.076 	-0.162 	
-161.212 	-127.624 	766.113 	-0.126 	-0.058 	0.278 	
-794.719 	774.706 	1031.022 	-0.360 	0.306 	0.409 	
763.148 	-548.444 	55.076 	0.233 	-0.206 	0.041 	
-672.712 	-507.846 	-271.551 	-0.336 	-0.188 	-0.103 	
198.606 	832.822 	459.619 	0.001 	0.317 	0.173 	
-300.391 	-274.404 	-1005.751 	-0.158 	-0.106 	-0.379 	
-589.137 	36.402 	-842.716 	-0.307 	0.023 	-0.320 	
143.556 	569.913 	73.193 	0.001 	0.227 	0.024 	
-503.745 	-547.521 	16.117 	-0.266 	-0.194 	0.021 	
-811.227 	-996.433 	1052.557 	-0.380 	-0.380 	0.419 	
344.587 	-1.514 	355.307 	0.075 	-0.003 	0.139 	
1177.347 	465.855 	-400.830 	0.379 	0.173 	-0.148 	
1181.485 	-737.213 	763.666 	0.397 	-0.288 	0.294 	
-1011.725 	-576.574 	-3.050 	-0.449 	-0.206 	-0.006 	
-306.354 	166.340 	-828.922 	-0.196 	0.066 	-0.303 	
160.922 	-90.821 	494.725 	-0.016 	-0.025 	0.197 	
942.878 	-338.168 	-185.570 	0.275 	-0.137 	-0.071 	
227.648 	-19.994 	-677.473 	0.032 	-0.006 	-0.261 	
1250.233 	-952.936 	-1194.176 	0.419 	-0.359 	-0.473 	
-0.968 	-652.795 	-212.486 	-0.059 	-0.231 	-0.095 	
-447.859 	873.376 	946.781 	-0.226 	0.332 	0.358 	
868.697 	127.705 	-826.465 	0.252 	0.048 	-0.318 	
-231.835 	855.407 	508.637 	-0.166 	0.328 	0.186 	
-646.534 	-264.577 	-412.866 	-0.322 	-0.094 	-0.173 	
168.843 	38.503 	276.771 	-0.012 	0.009 	0.087 	
-264.844 	-486.973 	615.357 	-0.178 	-0.179 	0.233 	
28.309 	640.166 	215.853 	-0.053 	0.225 	0.089 	
372.603 	-154.172 	-664.904 	0.059 	-0.070 	-0.246 	
-312.644 	-382.953 	837.241 	-0.181 	-0.125 	0.322 	
1147.203 	-335.488 	-1094.457 	0.379 	-0.141 	-0.415 	
1120.357 	-32.423 	-895.881 	0.378 	-0.015 	-0.359 	
634.921 	20.908 	1017.121 	0.159 	0.014 	0.387 	
-138.370 	-596.728 	-496.226 	-0.114 	-0.225 	-0.169 	
481.683 	-1131.618 	975.127 	0.123 	-0.412 	0.370 	
-749.638 	-427.316 	972.949 	-0.335 	-0.164 	0.365 	
-386.975 	-129.596 	-897.837 	-0.213 	-0.041 	-0.336 	
46.631 	886.150 	50.024 	-0.061 	0.346 	0.030 	
506.977 	451.388 	-928.116 	0.131 	0.165 	-0.352 	
702.285 	656.867 	-887.071 	0.212 	0.263 	-0.341 	
-1009.198 	142.963 	633.621 	-0.445 	0.059 	0.242 	
-587.719 	-125.270 	829.953 	-0.290 	-0.070 	0.312 	
104.462 	675.120 	499.105 	-0.042 	0.257 	0.203 	
-51.570 	1045.714 	951.086 	-0.065 	0.398 	0.363 	
-571.670 	-333.543 	1010.995 	-0.296 	-0.131 	0.381 	
734.698 	597.892 	-317.189 	0.204 	0.226 	-0.113 	
83.857 	-285.350 	314.991 	-0.051 	-0.096 	0.119 	
-601.178 	948.443 	-901.652 	-0.295 	0.376 	-0.336 	
1005.141 	784.049 	109.256 	0.340 	0.302 	0.043 	
863.241 	949.778 	335.140 	0.286 	0.361 	0.132 	
-844.147 	-963.243 	-506.691 	-0.401 	-0.377 	-0.194 	
1133.950 	-607.438 	630.242 	0.353 	-0.246 	0.241 	
-263.178 	-166.451 	162.160 	-0.143 	-0.064 	0.058 	
-713.568 	237.878 	443.673 	-0.358 	0.087 	0.169 	
-829.822 	-356.653 	94.458 	-0.402 	-0.137 	0.037 	
1152.394 	590.752 	917.605 	0.384 	0.220 	0.338 	
1208.105 	-364.510 	-62.224 	0.398 	-0.139 	-0.033 	
332.535 	-900.738 	-307.516 	0.084 	-0.340 	-0.117 	
-510.806 	483.150 	-308.797 	-0.242 	0.178 	-0.124 	
-5.372 	-843.986 	-942.609 	-0.088 	-0.322 	-0.362 	
-1064.397 	-379.536 	931.651 	-0.480 	-0.157 	0.341 	
-690.979 	196.917 	594.690 	-0.348 	0.075 	0.220 	
367.509 	-808.539 	473.846 	0.059 	-0.315 	0.191 	
38.390 	-600.783 	83.555 	-0.047 	-0.213 	0.040 	
-49.395 	-116.470 	-355.870 	-0.064 	-0.041 	-0.133 	
262.253 	-464.097 	265.529 	0.018 	-0.163 	0.100 	
-654.879 	-517.542 	13.826 	-0.307 	-0.202 	0.022 	
-894.127 	452.916 	-178.558 	-0.428 	0.175 	-0.060 	
-701.956 	-761.295 	-664.033 	-0.332 	-0.300 	-0.251 	
1166.210 	-986.341 	276.989 	0.396 	-0.386 	0.107 	
-313.941 	984.224 	302.332 	-0.190 	0.363 	0.130 	
-708.312 	-288.886 	-49.688 	-0.318 	-0.128 	-0.014 	
1162.743 	-336.443 	1003.050 	0.382 	-0.135 	0.393 	
287.435 	139.462 	735.626 	0.056 	0.044 	0.289 	
448.318 	-194.269 	-755.800 	0.098 	-0.084 	-0.275 	
-127.427 	515.150 	34.186 	-0.122 	0.200 	0.007 	
1291.933 	1020.235 	630.127 	0.422 	0.400 	0.229 	
-637.618 	-398.711 	1342.634 	-0.325 	-0.162 	0.541 	
-777.382 	233.351 	-693.598 	-0.346 	0.084 	-0.265 	
-356.294 	-142.458 	362.746 	-0.213 	-0.037 	0.142 	
1204.915 	-499.533 	-872.789 	0.384 	-0.189 	-0.329 	
-515.098 	432.067 	119.010 	-0.257 	0.160 	0.040 	
-180.816 	681.764 	58.526 	-0.140 	0.243 	0.021 	
349.755 	125.713 	952.741 	0.079 	0.067 	0.358 	
-221.612 	-511.970 	336.136 	-0.137 	-0.202 	0.131 	
-501.736 	623.345 	453.769 	-0.241 	0.228 	0.183 	
570.056 	394.878 	257.101 	0.153 	0.144 	0.120 	
-2.215 	-72.159 	373.515 	-0.079 	-0.019 	0.150 	
1077.688 	-682.432 	756.618 	0.336 	-0.254 	0.300 	
373.615 	912.910 	-52.864 	0.092 	0.353 	-0.013 	
-489.413 	432.689 	599.104 	-0.244 	0.178 	0.222 	
-929.444 	-321.060 	-880.299 	-0.412 	-0.110 	-0.338 	
1122.910 	471.798 	680.080 	0.358 	0.200 	0.253 	
695.947 	-722.366 	-363.875 	0.220 	-0.271 	-0.141 	
-352.695 	-97.494 	683.806 	-0.203 	-0.028 	0.241 	
60.588 	-446.830 	1069.165 	-0.051 	-0.183 	0.391 	
-41.633 	-835.945 	959.694 	-0.078 	-0.333 	0.346 	
-929.826 	717.119 	-723.860 	-0.410 	0.264 	-0.287 	
863.687 	-202.094 	-155.267 	0.284 	-0.080 	-0.053 	
458.641 	461.861 	514.014 	0.114 	0.194 	0.207 	
-157.737 	-367.749 	-590.022 	-0.125 	-0.155 	-0.214 	
-277.982 	-219.697 	299.708 	-0.188 	-0.081 	0.115 	
-732.006 	113.096 	153.574 	-0.321 	0.042 	0.062 	
806.414 	-113.775 	-112.945 	0.237 	-0.051 	-0.040 	
634.588 	-478.913 	608.177 	0.193 	-0.181 	0.233 	
-125.354 	-453.733 	712.641 	-0.131 	-0.182 	0.267 	
-980.036 	2.982 	779.973 	-0.443 	0.002 	0.296 	
-469.189 	167.152 	243.957 	-0.263 	0.068 	0.093 	
1107.323 	-699.954 	-17.936 	0.348 	-0.283 	-0.012 	
-72.421 	249.028 	-585.579 	-0.097 	0.079 	-0.210 	
-241.113 	407.395 	983.718 	-0.140 	0.145 	0.378 	
892.605 	-681.596 	-233.293 	0.281 	-0.259 	-0.083 	
1166.492 	-121.524 	-524.760 	0.394 	-0.052 	-0.188 	
1047.245 	910.633 	1166.032 	0.329 	0.345 	0.448 	
929.929 	-1100.943 	-589.206 	0.291 	-0.415 	-0.210 	
997.904 	322.952 	347.517 	0.334 	0.120 	0.124 	
1215.913 	-621.577 	353.068 	0.421 	-0.236 	0.136 	
237.429 	-852.562 	627.775 	0.032 	-0.309 	0.243 	
396.173 	102.245 	-790.838 	0.106 	0.040 	-0.304 	
1116.582 	704.372 	498.828 	0.349 	0.273 	0.202 	
-182.698 	-202.802 	0.422 	-0.151 	-0.082 	0.005 	
-622.563 	73.042 	-739.756 	-0.309 	0.015 	-0.296 	
270.151 	504.461 	343.639 	0.026 	0.200 	0.147 	
-615.706 	17.242 	753.143 	-0.300 	0.027 	0.287 	
-271.346 	-336.096 	982.708 	-0.176 	-0.150 	0.368 	
-932.588 	512.078 	286.474 	-0.434 	0.204 	0.112 	
-1000.829 	525.788 	880.801 	-0.430 	0.199 	0.341 	
-246.704 	-168.333 	791.114 	-0.163 	-0.052 	0.291 	
1201.409 	-738.475 	-851.982 	0.385 	-0.281 	-0.342 	
265.440 	-1063.190 	1079.583 	0.019 	-0.411 	0.412 	
-462.887 	566.906 	206.451 	-0.232 	0.217 	0.075 	
-909.426 	392.155 	802.422 	-0.393 	0.147 	0.312 	
-697.119 	-16.676 	635.383 	-0.309 	-0.002 	0.241 	
180.326 	516.185 	647.589 	-0.014 	0.185 	0.249 	
316.243 	-327.690 	-113.522 	0.070 	-0.124 	-0.042 	
365.283 	175.839 	159.382 	0.067 	0.048 	0.059 	
-246.931 	-779.026 	383.702 	-0.143 	-0.310 	0.141 	
412.642 	-202.280 	358.161 	0.098 	-0.079 	0.123 	
822.532 	283.582 	612.013 	0.265 	0.114 	0.219 	
571.954 	110.519 	-619.993 	0.144 	0.045 	-0.237 	
331.904 	49.174 	-321.562 	0.059 	0.027 	-0.127 	
-1007.694 	-799.965 	1083.850 	-0.461 	-0.309 	0.426 	
-590.353 	1003.416 	624.602 	-0.294 	0.376 	0.251 	
-304.054 	-944.537 	784.624 	-0.173 	-0.354 	0.296 	
-88.358 	-201.876 	757.065 	-0.098 	-0.094 	0.274 	
-166.191 	-186.124 	-238.586 	-0.147 	-0.076 	-0.100 	
1279.693 	381.931 	1079.960 	0.437 	0.151 	0.411 	
-185.389 	-956.957 	-942.075 	-0.117 	-0.365 	-0.363 	
574.002 	1093.967 	-134.129 	0.157 	0.431 	-0.061 	
405.409 	1132.592 	-1077.429 	0.105 	0.438 	-0.403 	
-58.913 	738.782 	421.129 	-0.082 	0.289 	0.163 	
-297.360 	702.705 	-79.576 	-0.179 	0.264 	-0.048 	
251.996 	447.542 	-1185.691 	0.033 	0.163 	-0.471 	
-359.597 	128.555 	-324.424 	-0.188 	0.055 	-0.118 	
84.244 	86.601 	-675.531 	-0.021 	0.034 	-0.269 	
906.765 	660.527 	-310.263 	0.303 	0.250 	-0.120 	
-906.012 	679.129 	-667.227 	-0.415 	0.265 	-0.270 	
1076.329 	995.521 	615.002 	0.371 	0.379 	0.237 	
-624.702 	688.337 	690.092 	-0.313 	0.258 	0.281 	
485.935 	388.733 	783.600 	0.106 	0.134 	0.299 	
-1037.470 	680.633 	-605.223 	-0.472 	0.269 	-0.237 	
-541.687 	989.845 	-370.689 	-0.259 	0.374 	-0.130 	
-573.004 	453.693 	310.139 	-0.267 	0.166 	0.132 	
12.222 	-381.572 	564.228 	-0.063 	-0.128 	0.204 	
103.487 	-464.663 	-940.650 	-0.026 	-0.157 	-0.358 	
-962.519 	-313.228 	-514.839 	-0.416 	-0.121 	-0.207 	
811.850 	107.752 	-186.754 	0.253 	0.048 	-0.051 	
908.565 	2.262 	-138.497 	0.279 	-0.011 	-0.033 	
-326.951 	-191.385 	949.072 	-0.201 	-0.078 	0.356 	
1039.896 	-665.318 	-604.230 	0.340 	-0.242 	-0.242 	
481.989 	-136.810 	528.743 	0.111 	-0.046 	0.201 	
1217.211 	-1022.036 	-593.869 	0.416 	-0.379 	-0.238 	
451.262 	-747.673 	127.178 	0.110 	-0.282 	0.035 	
-174.956 	-944.410 	57.297 	-0.136 	-0.364 	0.020 	
390.836 	942.117 	-130.742 	0.098 	0.340 	-0.051 	
743.339 	-209.606 	-214.554 	0.214 	-0.062 	-0.076 	
-319.937 	-129.773 	33.559 	-0.178 	-0.062 	0.021 	
-12.523 	682.920 	-173.800 	-0.087 	0.267 	-0.066 	
706.580 	-807.192 	-1037.019 	0.221 	-0.317 	-0.410 	
-770.304 	765.905 	242.337 	-0.368 	0.291 	0.113 	
-72.339 	-493.723 	739.569 	-0.102 	-0.180 	0.265 	
605.294 	602.196 	-24.741 	0.147 	0.232 	-0.015 	
840.268 	950.860 	-870.348 	0.252 	0.373 	-0.327 	
-844.732 	196.019 	3.375 	-0.392 	0.056 	0.011 	
830.979 	578.846 	149.185 	0.251 	0.210 	0.070 	
-1009.119 	1073.464 	1076.368 	-0.461 	0.400 	0.419 	
263.008 	183.558 	425.073 	0.048 	0.069 	0.149 	
714.616 	-261.136 	-125.239 	0.199 	-0.109 	-0.038 	
1067.268 	566.676 	849.325 	0.329 	0.218 	0.322 	
-30.117 	-123.338 	-152.750 	-0.089 	-0.057 	-0.040 	
1047.785 	-822.400 	-815.754 	0.355 	-0.311 	-0.311 	
888.486 	-31.988 	-404.144 	0.278 	-0.009 	-0.159 	
-839.852 	-931.553 	-170.359 	-0.387 	-0.355 	-0.047 	
-727.760 	936.797 	998.250 	-0.349 	0.376 	0.372 	
742.096 	-1132.967 	733.371 	0.218 	-0.454 	0.278 	
810.285 	-733.519 	-143.435 	0.242 	-0.278 	-0.039 	
1205.763 	-1000.869 	993.933 	0.416 	-0.382 	0.376 	
-359.039 	-201.267 	-426.425 	-0.199 	-0.070 	-0.157 	
1289.923 	973.940 	648.497 	0.452 	0.379 	0.239 	
707.948 	494.937 	-453.260 	0.187 	0.188 	-0.178 	
107.882 	839.654 	-323.764 	-0.016 	0.330 	-0.116 	
-1045.234 	220.155 	-444.883 	-0.478 	0.083 	-0.158 	
-1210.277 	962.493 	1611.345 	-0.522 	0.379 	0.617 	
472.647 	-213.200 	884.357 	0.137 	-0.078 	0.332 	
-419.895 	-239.804 	-316.230 	-0.244 	-0.087 	-0.115 	
-977.530 	411.982 	856.410 	-0.421 	0.160 	0.324 	
-396.965 	521.937 	-562.045 	-0.213 	0.199 	-0.234 	
52.891 	141.174 	-191.673 	-0.025 	0.047 	-0.075 	
-852.994 	-158.827 	-505.401 	-0.403 	-0.054 	-0.192 	
134.320 	-289.800 	-159.916 	-0.015 	-0.122 	-0.067 	
1227.553 	-129.594 	-53.495 	0.410 	-0.049 	-0.036 	
-97.356 	298.275 	164.127 	-0.115 	0.109 	0.082 	
600.968 	-835.033 	-88.391 	0.146 	-0.316 	-0.042 	
834.598 	-979.944 	-427.856 	0.261 	-0.368 	-0.179 	
-506.529 	-645.914 	441.221 	-0.243 	-0.250 	0.164 	
-113.743 	674.413 	851.989 	-0.109 	0.246 	0.321 	
677.727 	1051.403 	722.510 	0.195 	0.420 	0.275 	
-1069.051 	530.089 	-116.600 	-0.476 	0.219 	-0.052 	
0.608 	43.612 	-761.056 	-0.069 	0.006 	-0.286 	
-432.724 	396.145 	-1016.795 	-0.223 	0.137 	-0.378 	
-847.826 	-281.033 	141.578 	-0.400 	-0.119 	0.055 	
582.190 	384.797 	411.516 	0.161 	0.154 	0.140 	
358.657 	-211.103 	-837.567 	0.059 	-0.088 	-0.316 	
293.111 	798.786 	407.486 	0.054 	0.297 	0.149 	
142.846 	282.436 	579.951 	-0.016 	0.121 	0.214 	
-363.617 	-701.558 	715.303 	-0.202 	-0.263 	0.280 	
112.757 	-129.360 	-388.913 	-0.030 	-0.051 	-0.139 	
-159.276 	1059.977 	629.637 	-0.139 	0.390 	0.249 	
-501.543 	256.218 	-98.860 	-0.246 	0.088 	-0.022 	
-831.343 	-589.507 	96.438 	-0.402 	-0.220 	0.037 	
835.000 	-410.888 	-1109.434 	0.264 	-0.155 	-0.432 	
-805.854 	1215.374 	-551.196 	-0.382 	0.483 	-0.204 	
-362.986 	485.194 	-1026.561 	-0.184 	0.189 	-0.392 	
882.491 	-511.988 	-183.249 	0.270 	-0.181 	-0.063 	
224.659 	201.820 	-185.996 	0.013 	0.087 	-0.071 	
-184.680 	901.568 	-439.953 	-0.144 	0.345 	-0.165 	
-133.694 	107.859 	747.778 	-0.123 	0.053 	0.275 	
-687.151 	-816.673 	975.969 	-0.345 	-0.302 	0.373 	
605.184 	776.263 	695.009 	0.177 	0.278 	0.261 	
215.364 	693.993 	902.025 	0.031 	0.262 	0.353 	
499.345 	513.617 	-594.402 	0.115 	0.178 	-0.226 	
773.199 	578.373 	-964.309 	0.234 	0.218 	-0.379 	
190.470 	-397.612 	-847.528 	0.006 	-0.169 	-0.322 	
-689.019 	572.006 	-387.635 	-0.344 	0.207 	-0.143 	
625.684 	39.223 	-18.931 	0.183 	0.019 	0.001 	
-755.582 	892.342 	46.506 	-0.377 	0.336 	0.022 	
-327.949 	-838.962 	-346.321 	-0.191 	-0.316 	-0.140 	
344.979 	-531.060 	-848.169 	0.047 	-0.207 	-0.325 	
-92.285 	-286.196 	671.513 	-0.117 	-0.106 	0.259 	
20.784 	-996.477 	441.156 	-0.051 	-0.386 	0.178 	
779.889 	527.854 	-745.165 	0.253 	0.197 	-0.285 	
189.949 	603.879 	-563.655 	0.011 	0.241 	-0.229 	
128.207 	773.438 	-661.908 	-0.029 	0.291 	-0.246 	
-496.841 	764.662 	-448.828 	-0.240 	0.297 	-0.171 	
-1023.468 	-403.665 	113.520 	-0.463 	-0.163 	0.056 	
-622.365 	-309.537 	-587.621 	-0.280 	-0.123 	-0.222 	
1295.164 	-694.606 	1033.562 	0.434 	-0.264 	0.385 	
-967.186 	483.384 	-186.342 	-0.442 	0.196 	-0.068 	
16.136 	-395.596 	523.066 	-0.086 	-0.142 	0.198 	
-221.018 	-371.649 	-793.468 	-0.134 	-0.144 	-0.286 	
-363.665 	-1027.445 	953.585 	-0.209 	-0.389 	0.359 	
6.470 	-369.793 	537.543 	-0.080 	-0.144 	0.208 	
166.616 	-995.081 	228.834 	0.009 	-0.390 	0.088 	
-198.578 	-137.520 	60.804 	-0.163 	-0.061 	0.027 	
-272.362 	-338.695 	-393.663 	-0.174 	-0.137 	-0.140 	
-291.936 	-530.562 	730.517 	-0.093 	-0.139 	0.165 	
487.218 	-896.790 	572.186 	0.131 	-0.357 	0.216 	
-565.637 	-167.925 	575.585 	-0.263 	-0.076 	0.218 	
1088.989 	529.846 	-849.818 	0.374 	0.206 	-0.329 	
-57.190 	596.749 	1023.289 	-0.090 	0.215 	0.380 	
427.596 	861.904 	682.900 	0.118 	0.325 	0.258 	
748.529 	721.723 	454.146 	0.239 	0.283 	0.175 	
647.670 	-643.292 	202.375 	0.184 	-0.231 	0.082 	
-316.335 	-193.759 	-746.033 	-0.196 	-0.061 	-0.269 	
-554.481 	668.978 	372.876 	-0.258 	0.255 	0.152 	
244.074 	-388.666 	658.894 	0.014 	-0.153 	0.253 	
440.891 	-729.654 	541.418 	0.104 	-0.296 	0.212 	
-208.260 	-776.546 	70.399 	-0.156 	-0.274 	0.025 	
257.842 	-654.765 	-113.531 	0.021 	-0.254 	-0.057 	
51.231 	-679.796 	-308.666 	-0.065 	-0.251 	-0.113 	
984.238 	-157.134 	-881.562 	0.313 	-0.058 	-0.333 	
581.659 	224.317 	1032.540 	0.139 	0.091 	0.399 	
-677.523 	488.175 	657.004 	-0.319 	0.191 	0.263 	
1201.295 	-625.232 	1008.723 	0.412 	-0.231 	0.401 	
-647.512 	364.301 	179.997 	-0.299 	0.142 	0.057 	
174.134 	141.082 	938.837 	0.002 	0.071 	0.351 	
-1035.646 	477.425 	699.543 	-0.464 	0.202 	0.268 	
-290.024 	-675.837 	206.029 	-0.183 	-0.274 	0.078 	
626.281 	-127.244 	-579.163 	0.187 	-0.037 	-0.228 	
-293.740 	-984.617 	1106.654 	-0.176 	-0.379 	0.442 	
-773.234 	878.221 	82.921 	-0.372 	0.339 	0.024 	
317.905 	-1066.987 	-973.286 	0.055 	-0.398 	-0.367 	
-1062.362 	-269.558 	-1036.149 	-0.453 	-0.106 	-0.394 	
-408.938 	5.575 	-653.079 	-0.240 	0.000 	-0.250 	
93.272 	69.036 	-99.746 	-0.019 	0.020 	-0.039 	
-1030.530 	-259.286 	1074.437 	-0.462 	-0.112 	0.417 	
-285.833 	-19.498 	-106.772 	-0.169 	-0.022 	-0.018 	
1092.120 	-533.319 	617.421 	0.359 	-0.215 	0.251 	
-909.848 	-813.206 	-851.533 	-0.421 	-0.306 	-0.317 	
-903.530 	302.656 	-9.387 	-0.388 	0.108 	-0.004 	
276.141 	330.680 	-1021.978 	0.054 	0.138 	-0.396 	
-635.377 	283.883 	477.647 	-0.291 	0.093 	0.189 	
1180.228 	-1000.542 	737.924 	0.375 	-0.395 	0.283 	
-251.666 	638.657 	-713.138 	-0.144 	0.232 	-0.275 	
-1041.884 	94.942 	581.537 	-0.464 	0.032 	0.227 	
563.604 	-823.227 	899.806 	0.143 	-0.312 	0.354 	
-1021.961 	764.406 	-85.821 	-0.454 	0.292 	-0.044 	
-975.134 	471.815 	342.406 	-0.423 	0.170 	0.146 	
252.835 	-772.677 	214.762 	0.048 	-0.305 	0.082 	
-299.159 	-782.026 	477.622 	-0.177 	-0.315 	0.193 	
308.703 	-570.663 	-981.371 	0.072 	-0.226 	-0.366 	
-808.758 	-560.586 	485.851 	-0.367 	-0.203 	0.184 	
-992.932 	-414.352 	-529.518 	-0.464 	-0.161 	-0.205 	
697.319 	-968.491 	-943.487 	0.212 	-0.388 	-0.354 	
-910.107 	-673.820 	-773.167 	-0.415 	-0.261 	-0.314 	
363.978 	-326.885 	-82.487 	0.076 	-0.121 	-0.024 	
641.271 	963.494 	510.056 	0.174 	0.373 	0.185 	
1007.894 	248.373 	582.112 	0.311 	0.099 	0.231 	
560.051 	-539.043 	-681.197 	0.158 	-0.222 	-0.248 	
1235.733 	-981.869 	827.506 	0.401 	-0.377 	0.328 	
-926.333 	-486.235 	-176.823 	-0.427 	-0.185 	-0.073 	
-496.538 	1009.252 	458.945 	-0.268 	0.381 	0.190 	
-228.739 	650.892 	895.036 	-0.158 	0.233 	0.351 	
714.805 	169.503 	806.925 	0.211 	0.069 	0.311 	
-50.488 	-871.269 	919.229 	-0.097 	-0.319 	0.342 	
-759.730 	554.455 	403.305 	-0.347 	0.223 	0.150 	
773.511 	846.562 	68.166 	0.237 	0.332 	0.033 	
-508.367 	-403.462 	-426.780 	-0.243 	-0.166 	-0.165 	
-16.418 	-668.420 	903.878 	-0.075 	-0.272 	0.335 	
939.901 	153.856 	114.309 	0.293 	0.049 	0.062 	
-963.364 	-1049.843 	685.589 	-0.420 	-0.411 	0.258 	
-313.893 	-385.235 	-281.552 	-0.169 	-0.128 	-0.112 	
896.654 	-838.837 	211.449 	0.280 	-0.311 	0.094 	
-15.900 	577.914 	298.318 	-0.081 	0.202 	0.109 	
-132.017 	-472.015 	-97.404 	-0.125 	-0.164 	-0.045 	
645.997 	54.369 	-607.093 	0.178 	0.023 	-0.217 	
-789.346 	919.850 	673.765 	-0.379 	0.361 	0.242 	
1141.566 	-902.046 	103.210 	0.384 	-0.349 	0.052 	
992.981 	-36.439 	692.114 	0.329 	-0.014 	0.270 	
363.123 	892.071 	-6.858 	0.060 	0.355 	-0.005 	
233.144 	272.385 	599.712 	0.043 	0.092 	0.220 	
-1027.351 	737.359 	942.680 	-0.472 	0.273 	0.363 	
-785.375 	-270.273 	383.881 	-0.346 	-0.116 	0.150 	
1050.101 	187.804 	-234.168 	0.322 	0.068 	-0.096 	
-533.901 	-199.827 	-867.727 	-0.249 	-0.076 	-0.325 	
