## Las primeras 500 lineas corresponden a la esfera 1 
##las siguienets 500 lineas a la esfera 2
## Las primeras tres columnas corresponden a la posición en 'x', 'y' y 'z', las siguientes tres a las velocidades
14.420 	-685.303 	60.542 	-0.010 	-0.249 	0.028 	
201.792 	-205.555 	1.431 	0.087 	-0.077 	-0.004 	
234.210 	869.875 	605.640 	0.099 	0.317 	0.208 	
-787.645 	881.029 	580.100 	-0.306 	0.337 	0.220 	
-194.614 	-185.989 	813.061 	-0.052 	-0.067 	0.318 	
859.146 	568.484 	1029.686 	0.343 	0.216 	0.377 	
919.241 	-476.683 	-894.438 	0.346 	-0.170 	-0.339 	
-878.146 	-524.299 	300.952 	-0.324 	-0.179 	0.124 	
764.571 	212.899 	503.407 	0.278 	0.096 	0.187 	
294.554 	281.253 	381.230 	0.106 	0.100 	0.152 	
782.761 	-66.512 	52.064 	0.282 	-0.021 	0.014 	
-182.444 	-703.121 	105.274 	-0.056 	-0.259 	0.045 	
118.015 	-500.762 	72.655 	0.068 	-0.184 	0.029 	
580.545 	789.508 	767.629 	0.200 	0.295 	0.283 	
-20.262 	667.707 	-1084.205 	-0.009 	0.233 	-0.395 	
-376.586 	-94.541 	-2.856 	-0.141 	-0.017 	0.003 	
-413.289 	874.130 	-344.722 	-0.163 	0.316 	-0.132 	
98.033 	515.004 	-946.086 	0.032 	0.173 	-0.361 	
-1230.406 	-945.657 	-521.602 	-0.476 	-0.343 	-0.201 	
466.309 	-1079.485 	-934.744 	0.158 	-0.408 	-0.351 	
96.431 	-1037.434 	1197.407 	0.042 	-0.369 	0.455 	
97.158 	381.508 	1075.271 	0.030 	0.138 	0.384 	
-273.193 	-508.016 	253.036 	-0.100 	-0.170 	0.084 	
-900.821 	-717.460 	333.311 	-0.324 	-0.255 	0.115 	
594.665 	-438.462 	724.715 	0.236 	-0.161 	0.259 	
-436.792 	-16.983 	945.440 	-0.143 	-0.000 	0.345 	
51.012 	-587.486 	-45.186 	0.033 	-0.206 	-0.011 	
257.679 	-1015.946 	766.860 	0.087 	-0.394 	0.290 	
-916.925 	907.935 	232.650 	-0.329 	0.335 	0.088 	
-524.312 	-791.261 	612.343 	-0.182 	-0.287 	0.234 	
-329.078 	-557.127 	-915.333 	-0.117 	-0.197 	-0.342 	
447.682 	740.760 	870.460 	0.159 	0.263 	0.326 	
878.554 	-331.463 	806.829 	0.327 	-0.123 	0.304 	
-603.264 	606.008 	72.882 	-0.201 	0.222 	0.029 	
96.923 	-292.160 	-1025.240 	0.034 	-0.122 	-0.364 	
129.414 	-152.750 	107.594 	0.069 	-0.042 	0.040 	
-420.213 	-868.047 	-947.858 	-0.159 	-0.315 	-0.372 	
-440.355 	-1055.345 	790.956 	-0.145 	-0.391 	0.294 	
-391.457 	-103.615 	562.842 	-0.154 	-0.032 	0.213 	
684.591 	-1076.834 	771.265 	0.252 	-0.401 	0.293 	
1160.392 	460.274 	-41.696 	0.435 	0.151 	-0.018 	
195.005 	-291.394 	104.046 	0.081 	-0.093 	0.028 	
467.945 	123.414 	754.328 	0.152 	0.047 	0.280 	
-22.673 	-747.057 	-488.604 	-0.025 	-0.278 	-0.179 	
163.350 	-214.459 	723.824 	0.076 	-0.081 	0.279 	
78.546 	181.375 	-370.595 	0.044 	0.074 	-0.126 	
1141.857 	95.562 	-4.854 	0.408 	0.020 	0.011 	
-265.426 	1036.127 	-269.935 	-0.097 	0.391 	-0.105 	
230.874 	-294.434 	-407.496 	0.100 	-0.115 	-0.148 	
962.483 	606.136 	309.429 	0.362 	0.240 	0.114 	
-900.530 	-317.915 	-707.220 	-0.326 	-0.126 	-0.275 	
531.588 	-89.649 	525.706 	0.183 	-0.031 	0.182 	
1065.277 	-472.192 	-1067.980 	0.412 	-0.193 	-0.400 	
-112.010 	691.231 	-1.924 	-0.022 	0.251 	0.010 	
-771.774 	860.675 	622.966 	-0.296 	0.311 	0.231 	
-187.528 	-1002.048 	507.137 	-0.060 	-0.386 	0.198 	
-454.850 	-6.431 	-633.851 	-0.149 	-0.009 	-0.243 	
18.115 	-904.097 	-307.827 	0.022 	-0.338 	-0.119 	
-1048.438 	741.698 	889.363 	-0.396 	0.287 	0.340 	
606.496 	962.524 	399.373 	0.231 	0.350 	0.134 	
-255.273 	1021.288 	276.719 	-0.111 	0.385 	0.099 	
386.356 	618.337 	-364.189 	0.154 	0.222 	-0.131 	
-791.034 	1092.710 	430.607 	-0.312 	0.415 	0.164 	
732.238 	188.335 	-370.515 	0.273 	0.087 	-0.137 	
845.056 	-1019.844 	-1042.758 	0.339 	-0.381 	-0.381 	
1225.685 	-424.492 	-1052.730 	0.480 	-0.156 	-0.394 	
767.753 	-587.507 	-916.374 	0.310 	-0.220 	-0.344 	
-1145.504 	1239.025 	-353.303 	-0.436 	0.481 	-0.141 	
1222.140 	580.029 	765.680 	0.477 	0.220 	0.279 	
-182.313 	406.214 	449.823 	-0.066 	0.123 	0.170 	
808.836 	325.969 	337.743 	0.315 	0.106 	0.115 	
316.265 	-69.456 	388.015 	0.138 	-0.016 	0.145 	
-24.837 	642.835 	-1070.775 	-0.014 	0.257 	-0.398 	
-273.086 	-814.475 	-337.582 	-0.107 	-0.303 	-0.119 	
-466.663 	425.338 	664.743 	-0.191 	0.155 	0.243 	
487.056 	-149.433 	-299.129 	0.180 	-0.050 	-0.087 	
-23.292 	-275.139 	-756.598 	-0.013 	-0.083 	-0.283 	
932.579 	553.982 	-867.369 	0.355 	0.209 	-0.339 	
133.999 	-219.178 	-406.169 	0.041 	-0.072 	-0.160 	
-27.961 	-256.684 	913.614 	0.001 	-0.103 	0.338 	
-143.292 	855.067 	258.218 	-0.067 	0.305 	0.098 	
267.996 	-447.981 	-315.205 	0.083 	-0.159 	-0.105 	
545.538 	673.624 	889.568 	0.197 	0.258 	0.330 	
-217.771 	-725.548 	893.243 	-0.088 	-0.262 	0.342 	
689.511 	-395.677 	-151.629 	0.267 	-0.133 	-0.071 	
-662.306 	-912.305 	-891.902 	-0.235 	-0.334 	-0.324 	
666.128 	-199.163 	-394.545 	0.254 	-0.084 	-0.165 	
-673.474 	-751.071 	801.365 	-0.270 	-0.279 	0.302 	
-983.870 	-946.838 	615.623 	-0.354 	-0.354 	0.236 	
-896.097 	-366.837 	-111.945 	-0.318 	-0.151 	-0.031 	
1144.414 	496.751 	815.887 	0.428 	0.205 	0.301 	
35.965 	433.116 	819.103 	0.009 	0.170 	0.307 	
66.993 	-182.467 	74.017 	0.034 	-0.078 	0.030 	
-152.227 	-965.509 	-422.002 	-0.045 	-0.371 	-0.146 	
946.486 	-643.222 	941.123 	0.350 	-0.228 	0.347 	
-375.613 	600.174 	-1007.146 	-0.133 	0.226 	-0.358 	
929.007 	253.677 	608.320 	0.360 	0.082 	0.228 	
996.806 	231.701 	-680.964 	0.388 	0.088 	-0.252 	
1123.582 	921.353 	141.055 	0.443 	0.340 	0.055 	
646.889 	-476.832 	641.007 	0.233 	-0.188 	0.235 	
-736.794 	988.840 	523.514 	-0.273 	0.355 	0.203 	
-1179.584 	-866.594 	-389.107 	-0.455 	-0.320 	-0.132 	
318.875 	-1106.638 	647.406 	0.123 	-0.423 	0.239 	
-493.580 	-133.401 	835.889 	-0.180 	-0.034 	0.322 	
581.708 	-261.365 	320.460 	0.237 	-0.097 	0.128 	
-1039.702 	510.830 	946.168 	-0.372 	0.192 	0.347 	
-985.583 	-714.208 	653.864 	-0.382 	-0.260 	0.251 	
-1157.520 	1206.007 	-498.560 	-0.443 	0.466 	-0.187 	
751.649 	-466.190 	16.348 	0.271 	-0.181 	0.020 	
1219.054 	-97.633 	-418.793 	0.470 	-0.047 	-0.140 	
-315.067 	-98.423 	596.969 	-0.107 	-0.044 	0.232 	
299.214 	-364.476 	549.709 	0.093 	-0.138 	0.205 	
509.532 	14.453 	190.985 	0.177 	-0.006 	0.062 	
-174.414 	1077.635 	-405.943 	-0.074 	0.391 	-0.138 	
-711.542 	973.264 	969.216 	-0.268 	0.365 	0.369 	
-123.116 	1038.157 	1012.562 	-0.037 	0.393 	0.381 	
327.799 	-1092.836 	-217.986 	0.117 	-0.409 	-0.061 	
-1166.110 	-311.057 	1098.813 	-0.429 	-0.132 	0.405 	
793.874 	-457.757 	-430.085 	0.293 	-0.186 	-0.145 	
-57.129 	782.056 	133.838 	-0.038 	0.286 	0.057 	
-553.831 	114.637 	653.080 	-0.195 	0.047 	0.258 	
609.871 	-848.958 	-388.361 	0.232 	-0.327 	-0.145 	
504.948 	-184.389 	-812.747 	0.185 	-0.049 	-0.307 	
1026.218 	-450.780 	1030.081 	0.370 	-0.173 	0.388 	
-1085.689 	387.177 	556.498 	-0.420 	0.137 	0.203 	
337.715 	-154.714 	-411.333 	0.111 	-0.043 	-0.144 	
-1152.285 	-738.651 	-454.649 	-0.425 	-0.271 	-0.156 	
-1189.213 	-1121.936 	465.651 	-0.461 	-0.420 	0.168 	
-885.204 	452.243 	-1105.069 	-0.332 	0.174 	-0.397 	
-966.242 	-982.102 	381.014 	-0.347 	-0.373 	0.140 	
-85.571 	-669.858 	514.068 	-0.044 	-0.245 	0.196 	
-249.167 	839.843 	-464.982 	-0.099 	0.317 	-0.185 	
-659.028 	562.903 	11.987 	-0.249 	0.201 	0.001 	
34.365 	329.484 	-963.584 	0.000 	0.111 	-0.351 	
1187.256 	-1083.842 	119.755 	0.436 	-0.401 	0.035 	
-173.221 	-844.670 	-411.809 	-0.052 	-0.313 	-0.171 	
144.930 	-659.931 	319.558 	0.041 	-0.245 	0.103 	
-801.620 	-983.436 	777.739 	-0.282 	-0.376 	0.293 	
918.125 	-456.089 	-458.817 	0.344 	-0.161 	-0.169 	
369.788 	-827.062 	236.472 	0.160 	-0.304 	0.096 	
-816.343 	-484.051 	-632.327 	-0.288 	-0.187 	-0.234 	
1055.168 	-315.856 	-271.188 	0.375 	-0.106 	-0.103 	
-692.038 	1069.930 	240.877 	-0.263 	0.391 	0.099 	
-841.542 	-889.180 	125.089 	-0.317 	-0.330 	0.057 	
-255.653 	348.356 	395.214 	-0.105 	0.115 	0.145 	
652.481 	-143.024 	942.603 	0.240 	-0.052 	0.334 	
-495.596 	-88.843 	-383.085 	-0.175 	-0.014 	-0.144 	
-0.191 	555.390 	852.872 	-0.009 	0.202 	0.299 	
1007.034 	-912.333 	-1060.330 	0.361 	-0.343 	-0.400 	
-104.244 	782.377 	-538.518 	-0.024 	0.278 	-0.204 	
975.242 	-1066.548 	295.740 	0.367 	-0.395 	0.093 	
-787.489 	-316.351 	668.883 	-0.277 	-0.107 	0.246 	
271.677 	608.676 	1131.431 	0.095 	0.212 	0.424 	
-1147.298 	-1128.250 	-411.643 	-0.428 	-0.418 	-0.162 	
-963.609 	-73.937 	-1087.047 	-0.362 	-0.017 	-0.408 	
-68.925 	-460.145 	-392.991 	-0.042 	-0.170 	-0.145 	
1016.508 	-247.046 	799.526 	0.417 	-0.090 	0.285 	
-1016.381 	-506.968 	1015.436 	-0.381 	-0.199 	0.376 	
-512.830 	-791.359 	1116.150 	-0.180 	-0.299 	0.424 	
123.226 	-786.684 	653.979 	0.044 	-0.296 	0.249 	
1066.067 	-904.087 	825.389 	0.417 	-0.341 	0.314 	
-369.710 	193.496 	232.759 	-0.124 	0.078 	0.075 	
-324.923 	-83.664 	575.202 	-0.156 	0.002 	0.248 	
530.481 	64.559 	-60.249 	0.211 	0.036 	-0.011 	
66.417 	-410.143 	238.208 	0.020 	-0.152 	0.078 	
-405.869 	-15.161 	-163.429 	-0.159 	-0.002 	-0.049 	
-395.542 	626.551 	-551.426 	-0.143 	0.234 	-0.206 	
1237.666 	-237.200 	-80.185 	0.468 	-0.108 	-0.027 	
360.205 	-2.917 	-153.324 	0.135 	-0.015 	-0.040 	
455.446 	-222.700 	-266.434 	0.149 	-0.088 	-0.088 	
-715.409 	215.805 	1171.469 	-0.260 	0.078 	0.443 	
646.400 	473.525 	38.443 	0.264 	0.166 	0.018 	
-1003.304 	211.210 	439.925 	-0.385 	0.072 	0.161 	
293.794 	-47.367 	-334.012 	0.102 	-0.031 	-0.126 	
-1153.061 	-522.085 	995.711 	-0.444 	-0.195 	0.369 	
-914.095 	-365.300 	-88.918 	-0.346 	-0.125 	-0.021 	
-465.770 	-253.468 	-246.897 	-0.171 	-0.095 	-0.095 	
706.460 	631.814 	927.896 	0.268 	0.239 	0.328 	
210.745 	-224.352 	902.289 	0.085 	-0.078 	0.341 	
1074.037 	645.932 	1141.486 	0.398 	0.254 	0.434 	
925.512 	833.949 	896.206 	0.344 	0.316 	0.353 	
1006.211 	-833.326 	-851.545 	0.365 	-0.318 	-0.325 	
699.056 	1034.633 	60.516 	0.279 	0.383 	0.020 	
-500.438 	65.431 	265.507 	-0.195 	0.016 	0.112 	
-218.974 	69.827 	-632.994 	-0.073 	0.033 	-0.251 	
-133.371 	478.438 	525.561 	-0.065 	0.176 	0.194 	
-1150.883 	-1045.433 	604.055 	-0.434 	-0.379 	0.242 	
-457.299 	351.937 	-426.565 	-0.168 	0.138 	-0.150 	
-311.411 	-984.289 	-734.930 	-0.118 	-0.356 	-0.277 	
-560.951 	-945.794 	-568.147 	-0.190 	-0.350 	-0.211 	
92.535 	-1043.931 	-861.703 	0.031 	-0.383 	-0.315 	
884.984 	367.449 	58.769 	0.352 	0.140 	0.029 	
1015.104 	-75.320 	-729.524 	0.380 	-0.032 	-0.260 	
-475.519 	166.173 	36.678 	-0.155 	0.057 	0.026 	
-434.550 	510.336 	272.122 	-0.180 	0.186 	0.102 	
1051.510 	-454.151 	14.108 	0.388 	-0.183 	-0.008 	
-594.055 	406.158 	-1078.964 	-0.227 	0.146 	-0.407 	
1086.600 	-106.418 	674.393 	0.401 	-0.025 	0.260 	
198.878 	354.299 	291.978 	0.094 	0.140 	0.119 	
653.068 	-232.442 	-468.959 	0.256 	-0.074 	-0.161 	
-658.911 	851.369 	181.042 	-0.242 	0.301 	0.073 	
-24.609 	-842.496 	505.504 	0.006 	-0.297 	0.181 	
-127.289 	-92.354 	-888.914 	-0.031 	-0.031 	-0.324 	
-310.193 	42.758 	180.885 	-0.122 	0.020 	0.069 	
-129.682 	-943.951 	-918.430 	-0.041 	-0.343 	-0.353 	
-264.464 	-391.176 	993.785 	-0.087 	-0.152 	0.350 	
1163.716 	-141.897 	-854.957 	0.444 	-0.066 	-0.315 	
-259.327 	178.210 	-189.354 	-0.092 	0.060 	-0.061 	
959.537 	-1035.314 	941.361 	0.373 	-0.379 	0.352 	
-343.024 	-378.591 	329.054 	-0.124 	-0.125 	0.117 	
-326.549 	-51.878 	970.170 	-0.107 	-0.005 	0.360 	
195.507 	510.711 	104.698 	0.095 	0.189 	0.041 	
-1056.067 	1108.538 	-805.521 	-0.402 	0.415 	-0.300 	
31.576 	-291.766 	-1093.225 	0.034 	-0.103 	-0.409 	
-201.254 	-601.418 	680.309 	-0.067 	-0.203 	0.256 	
-633.389 	-513.038 	-466.572 	-0.248 	-0.192 	-0.170 	
582.823 	1059.691 	-878.646 	0.221 	0.398 	-0.347 	
-609.504 	82.979 	689.025 	-0.244 	0.030 	0.253 	
-11.246 	146.493 	542.595 	-0.015 	0.056 	0.186 	
-221.031 	-173.060 	433.501 	-0.054 	-0.085 	0.106 	
1026.515 	-227.208 	-640.179 	0.380 	-0.103 	-0.245 	
1199.947 	-1119.274 	-6.156 	0.444 	-0.420 	0.012 	
-851.550 	-634.901 	-39.567 	-0.333 	-0.247 	-0.023 	
53.787 	-926.765 	226.580 	0.009 	-0.333 	0.093 	
-417.272 	79.780 	907.152 	-0.161 	0.019 	0.326 	
-606.490 	1106.429 	30.278 	-0.208 	0.408 	0.022 	
-812.696 	-872.264 	376.921 	-0.298 	-0.315 	0.134 	
981.244 	-410.550 	-807.778 	0.372 	-0.149 	-0.315 	
-704.552 	-1054.170 	664.500 	-0.264 	-0.377 	0.248 	
-485.684 	12.994 	394.144 	-0.179 	-0.013 	0.153 	
-513.306 	108.485 	1026.409 	-0.190 	0.040 	0.393 	
-927.626 	684.445 	-195.609 	-0.340 	0.252 	-0.053 	
-860.729 	307.146 	29.773 	-0.335 	0.114 	0.012 	
-329.152 	275.877 	-548.267 	-0.119 	0.114 	-0.198 	
972.747 	1195.032 	-1096.744 	0.359 	0.464 	-0.417 	
-778.242 	443.561 	601.053 	-0.301 	0.164 	0.238 	
-913.469 	-92.218 	-939.261 	-0.328 	-0.039 	-0.350 	
528.671 	-745.597 	378.530 	0.205 	-0.286 	0.125 	
782.920 	878.133 	-87.926 	0.316 	0.328 	-0.024 	
929.972 	467.367 	-1050.253 	0.338 	0.181 	-0.379 	
615.756 	300.048 	-722.700 	0.222 	0.105 	-0.250 	
-463.224 	-898.767 	-251.971 	-0.164 	-0.319 	-0.097 	
826.270 	-394.327 	123.246 	0.317 	-0.139 	0.026 	
-384.131 	799.713 	180.941 	-0.045 	0.374 	0.096 	
239.236 	-661.144 	985.705 	0.093 	-0.238 	0.347 	
-550.853 	368.423 	-414.339 	-0.206 	0.131 	-0.164 	
-794.057 	-29.892 	385.845 	-0.308 	-0.013 	0.154 	
859.328 	-289.993 	904.651 	0.333 	-0.114 	0.319 	
223.640 	-640.936 	-1019.796 	0.096 	-0.246 	-0.361 	
1191.508 	205.224 	-673.749 	0.462 	0.076 	-0.255 	
383.737 	-259.093 	873.183 	0.160 	-0.096 	0.320 	
-754.093 	949.050 	-215.665 	-0.259 	0.356 	-0.077 	
-453.212 	-448.526 	370.702 	-0.174 	-0.166 	0.148 	
-397.929 	-502.825 	161.134 	-0.143 	-0.186 	0.082 	
1064.261 	-11.200 	463.773 	0.405 	0.012 	0.182 	
-730.231 	71.860 	640.319 	-0.274 	0.027 	0.259 	
19.923 	427.496 	-803.787 	-0.008 	0.161 	-0.309 	
-800.221 	-1028.893 	-995.730 	-0.283 	-0.378 	-0.384 	
568.099 	888.795 	-406.604 	0.203 	0.323 	-0.148 	
-1072.005 	516.374 	657.594 	-0.405 	0.194 	0.234 	
-1109.023 	53.052 	434.394 	-0.427 	0.029 	0.160 	
363.136 	-893.748 	-939.864 	0.127 	-0.340 	-0.334 	
-1341.990 	121.992 	5.306 	-0.595 	-0.015 	-0.005 	
-1034.475 	-409.814 	527.402 	-0.378 	-0.156 	0.206 	
629.627 	-237.282 	-717.419 	0.229 	-0.090 	-0.283 	
291.943 	201.044 	108.675 	0.121 	0.079 	0.056 	
-29.738 	-380.051 	287.977 	-0.011 	-0.154 	0.089 	
-1086.020 	107.622 	-618.570 	-0.413 	0.032 	-0.241 	
881.471 	-103.436 	1196.949 	0.338 	-0.032 	0.460 	
-217.206 	-358.645 	652.614 	-0.081 	-0.145 	0.224 	
424.969 	-648.980 	-263.357 	0.147 	-0.238 	-0.091 	
142.231 	-142.519 	192.607 	0.062 	-0.066 	0.061 	
-964.690 	-1134.253 	-580.357 	-0.364 	-0.434 	-0.214 	
555.966 	-549.549 	-957.487 	0.205 	-0.186 	-0.345 	
209.753 	233.517 	-244.571 	0.093 	0.148 	-0.089 	
-449.563 	-153.339 	353.966 	-0.163 	-0.042 	0.136 	
1203.755 	624.419 	-92.814 	0.470 	0.228 	-0.038 	
291.061 	-139.642 	-629.663 	0.100 	-0.049 	-0.238 	
-905.476 	298.280 	-1120.818 	-0.332 	0.119 	-0.416 	
410.283 	363.670 	319.677 	0.165 	0.121 	0.130 	
1110.738 	89.713 	-907.860 	0.400 	0.027 	-0.330 	
-447.537 	128.406 	-553.135 	-0.164 	0.059 	-0.215 	
-1073.842 	992.983 	414.908 	-0.417 	0.373 	0.158 	
20.767 	-872.326 	-1009.609 	0.021 	-0.322 	-0.390 	
770.918 	985.406 	-580.001 	0.291 	0.366 	-0.237 	
569.395 	-450.607 	90.306 	0.207 	-0.165 	0.052 	
584.084 	-966.656 	-750.965 	0.210 	-0.352 	-0.294 	
380.061 	-447.401 	633.996 	0.132 	-0.167 	0.234 	
482.091 	-493.462 	766.000 	0.180 	-0.175 	0.287 	
987.861 	1068.312 	-929.792 	0.362 	0.404 	-0.363 	
896.418 	-184.836 	641.933 	0.345 	-0.058 	0.253 	
384.835 	-278.228 	-224.503 	0.150 	-0.094 	-0.083 	
-429.515 	-426.769 	821.112 	-0.174 	-0.154 	0.308 	
-522.413 	-214.102 	904.060 	-0.193 	-0.095 	0.337 	
204.826 	-549.157 	-337.140 	0.080 	-0.200 	-0.132 	
-736.079 	-106.919 	-12.108 	-0.273 	-0.046 	-0.010 	
-156.764 	908.019 	-1136.291 	-0.040 	0.349 	-0.424 	
-850.155 	-285.886 	587.613 	-0.331 	-0.106 	0.215 	
-38.312 	-907.811 	928.697 	-0.013 	-0.325 	0.357 	
-453.938 	320.375 	894.355 	-0.153 	0.128 	0.330 	
-109.209 	-32.142 	626.586 	-0.049 	-0.016 	0.235 	
779.052 	-588.716 	27.784 	0.300 	-0.229 	-0.005 	
-95.590 	-411.342 	244.778 	-0.011 	-0.148 	0.102 	
-262.062 	-402.460 	889.725 	-0.075 	-0.146 	0.336 	
-1095.333 	-312.747 	298.560 	-0.424 	-0.117 	0.114 	
-271.874 	-752.999 	-160.213 	-0.117 	-0.272 	-0.060 	
329.395 	-1060.174 	587.140 	0.115 	-0.411 	0.214 	
402.222 	-812.001 	-234.505 	0.144 	-0.305 	-0.076 	
448.674 	-993.059 	-139.428 	0.173 	-0.376 	-0.039 	
320.338 	61.395 	909.797 	0.106 	0.012 	0.338 	
-995.756 	493.473 	72.595 	-0.377 	0.181 	0.023 	
-262.725 	259.755 	476.943 	-0.079 	0.087 	0.170 	
-379.005 	-586.681 	930.350 	-0.150 	-0.219 	0.362 	
-826.066 	-999.756 	836.540 	-0.308 	-0.365 	0.329 	
602.966 	682.901 	-1052.925 	0.218 	0.250 	-0.382 	
-373.734 	621.435 	-1009.660 	-0.122 	0.233 	-0.371 	
-101.965 	-842.122 	-673.968 	-0.018 	-0.314 	-0.255 	
-50.883 	-40.662 	160.798 	0.002 	-0.029 	0.055 	
727.427 	-342.526 	209.659 	0.276 	-0.128 	0.066 	
550.385 	347.291 	-647.160 	0.227 	0.129 	-0.237 	
-737.846 	-952.887 	582.520 	-0.265 	-0.371 	0.208 	
1188.176 	-241.564 	-1091.700 	0.459 	-0.090 	-0.415 	
-207.840 	776.098 	279.088 	-0.062 	0.294 	0.097 	
-628.582 	888.800 	-759.993 	-0.238 	0.331 	-0.288 	
-890.133 	587.308 	-303.655 	-0.312 	0.217 	-0.113 	
4.630 	326.120 	-109.462 	-0.009 	0.103 	-0.040 	
-974.493 	352.667 	88.162 	-0.346 	0.148 	0.029 	
-41.841 	-840.984 	-664.555 	-0.018 	-0.304 	-0.229 	
-773.176 	-459.158 	70.240 	-0.293 	-0.164 	0.010 	
574.690 	478.084 	-627.934 	0.233 	0.180 	-0.227 	
-753.374 	1091.256 	118.805 	-0.283 	0.399 	0.060 	
541.168 	-104.899 	-804.285 	0.211 	-0.034 	-0.299 	
-121.451 	117.174 	-249.743 	-0.037 	0.025 	-0.079 	
-1050.964 	-521.147 	-963.999 	-0.389 	-0.210 	-0.369 	
496.764 	-195.502 	145.062 	0.178 	-0.078 	0.062 	
-859.997 	-219.467 	945.630 	-0.322 	-0.077 	0.356 	
849.915 	-78.628 	815.258 	0.318 	-0.037 	0.290 	
327.289 	-68.346 	-732.706 	0.110 	-0.037 	-0.271 	
907.511 	352.229 	-53.340 	0.326 	0.135 	-0.030 	
404.813 	172.681 	655.968 	0.142 	0.072 	0.239 	
-60.643 	494.039 	-836.753 	-0.033 	0.185 	-0.302 	
1077.130 	-814.865 	-361.723 	0.422 	-0.301 	-0.125 	
-987.137 	-995.875 	1051.235 	-0.375 	-0.378 	0.392 	
-879.612 	-614.224 	-23.048 	-0.323 	-0.222 	-0.008 	
700.440 	159.426 	228.385 	0.240 	0.058 	0.085 	
1091.007 	-284.434 	309.787 	0.409 	-0.099 	0.105 	
-918.487 	322.715 	466.000 	-0.336 	0.131 	0.192 	
61.216 	-67.159 	-1.351 	0.007 	-0.022 	0.006 	
-335.655 	-648.483 	869.091 	-0.107 	-0.234 	0.331 	
-134.191 	-523.910 	-443.007 	-0.040 	-0.202 	-0.152 	
1054.627 	-396.935 	-727.388 	0.394 	-0.163 	-0.265 	
151.158 	-638.345 	-605.728 	0.038 	-0.231 	-0.218 	
799.904 	-894.826 	1105.466 	0.311 	-0.321 	0.409 	
-1029.068 	-432.982 	-552.926 	-0.372 	-0.151 	-0.199 	
-902.797 	-236.136 	-356.745 	-0.349 	-0.099 	-0.127 	
110.946 	-231.074 	852.040 	0.063 	-0.087 	0.313 	
605.328 	-624.990 	487.373 	0.248 	-0.233 	0.171 	
-558.778 	485.214 	489.282 	-0.223 	0.172 	0.187 	
-1008.706 	-585.742 	831.998 	-0.371 	-0.200 	0.314 	
-779.052 	-0.057 	249.095 	-0.295 	-0.004 	0.103 	
-652.852 	-758.651 	129.764 	-0.231 	-0.275 	0.040 	
984.262 	976.770 	639.424 	0.375 	0.344 	0.233 	
963.058 	534.458 	-183.119 	0.377 	0.208 	-0.073 	
-951.722 	-899.935 	220.452 	-0.353 	-0.330 	0.093 	
-776.189 	255.969 	443.692 	-0.294 	0.087 	0.161 	
-664.823 	83.309 	524.970 	-0.229 	0.041 	0.202 	
-586.022 	-273.857 	-1105.607 	-0.221 	-0.112 	-0.427 	
-542.769 	-586.488 	-857.003 	-0.207 	-0.228 	-0.329 	
1175.485 	1189.613 	-578.820 	0.447 	0.458 	-0.210 	
1130.849 	421.853 	-891.412 	0.426 	0.149 	-0.347 	
-289.513 	-465.022 	-324.715 	-0.107 	-0.183 	-0.114 	
-310.008 	-433.649 	749.336 	-0.113 	-0.179 	0.275 	
274.797 	-56.391 	138.441 	0.117 	-0.027 	0.041 	
353.247 	136.358 	251.620 	0.141 	0.038 	0.088 	
-636.336 	691.769 	663.011 	-0.249 	0.258 	0.246 	
-737.115 	901.720 	-1016.662 	-0.277 	0.323 	-0.381 	
-305.932 	-703.439 	-1113.118 	-0.109 	-0.248 	-0.422 	
928.985 	-455.543 	-708.818 	0.330 	-0.165 	-0.258 	
-16.250 	3.649 	-696.120 	-0.005 	0.004 	-0.259 	
345.349 	858.750 	355.011 	0.134 	0.331 	0.141 	
551.775 	-94.845 	-5.268 	0.225 	-0.031 	-0.004 	
453.217 	538.272 	605.005 	0.175 	0.193 	0.246 	
303.770 	-442.891 	-496.523 	0.126 	-0.161 	-0.174 	
973.437 	-810.418 	-697.744 	0.385 	-0.305 	-0.260 	
316.349 	259.976 	-662.812 	0.122 	0.098 	-0.252 	
-737.268 	-758.385 	-23.573 	-0.266 	-0.295 	-0.007 	
634.336 	395.372 	494.454 	0.217 	0.141 	0.182 	
821.778 	342.506 	124.982 	0.327 	0.115 	0.037 	
-89.541 	-982.248 	882.604 	-0.027 	-0.361 	0.346 	
49.470 	363.452 	943.097 	0.038 	0.134 	0.337 	
792.357 	-45.721 	894.629 	0.314 	-0.013 	0.329 	
953.481 	381.845 	-66.245 	0.352 	0.132 	-0.013 	
-639.530 	-1182.857 	1163.308 	-0.231 	-0.448 	0.447 	
-1203.437 	-1005.361 	1088.267 	-0.459 	-0.369 	0.411 	
1117.435 	948.345 	4.235 	0.437 	0.343 	0.001 	
1162.408 	263.506 	978.165 	0.437 	0.080 	0.374 	
457.184 	143.705 	776.470 	0.162 	0.045 	0.278 	
-757.885 	-128.662 	-949.183 	-0.284 	-0.045 	-0.351 	
794.482 	416.629 	-345.696 	0.318 	0.157 	-0.133 	
-268.554 	589.730 	-998.149 	-0.104 	0.209 	-0.360 	
451.312 	473.965 	-140.509 	0.164 	0.175 	-0.056 	
668.747 	-431.374 	-601.286 	0.254 	-0.154 	-0.216 	
902.037 	827.898 	1041.329 	0.337 	0.322 	0.397 	
142.366 	952.013 	-689.741 	0.036 	0.349 	-0.251 	
-985.806 	174.416 	397.226 	-0.356 	0.073 	0.151 	
268.565 	-1044.106 	736.552 	0.114 	-0.388 	0.259 	
355.170 	-401.680 	-110.374 	0.125 	-0.161 	-0.040 	
833.921 	37.006 	-73.874 	0.311 	0.029 	-0.034 	
-521.730 	464.144 	-731.852 	-0.184 	0.181 	-0.280 	
540.430 	-913.797 	522.321 	0.195 	-0.350 	0.199 	
886.011 	916.973 	31.990 	0.345 	0.341 	0.020 	
614.455 	-1019.010 	914.830 	0.227 	-0.362 	0.339 	
1082.623 	-114.364 	219.097 	0.406 	-0.024 	0.091 	
1218.058 	962.814 	634.042 	0.449 	0.359 	0.239 	
295.627 	-799.920 	445.197 	0.128 	-0.301 	0.166 	
-616.266 	-1091.357 	1036.525 	-0.233 	-0.418 	0.387 	
444.659 	-250.077 	-242.458 	0.183 	-0.080 	-0.084 	
-66.675 	39.415 	191.590 	-0.035 	0.007 	0.062 	
-947.883 	1193.012 	994.463 	-0.367 	0.462 	0.369 	
22.448 	99.343 	957.043 	0.029 	0.041 	0.345 	
-136.851 	934.629 	883.834 	-0.057 	0.360 	0.320 	
780.332 	-839.462 	933.030 	0.306 	-0.326 	0.356 	
-852.521 	-934.330 	922.811 	-0.322 	-0.331 	0.345 	
-1002.926 	-662.663 	757.547 	-0.378 	-0.238 	0.285 	
-770.420 	686.412 	328.671 	-0.276 	0.266 	0.131 	
-205.141 	-1163.084 	225.858 	-0.056 	-0.435 	0.081 	
124.017 	-561.412 	790.818 	0.055 	-0.205 	0.296 	
-28.520 	131.963 	109.889 	-0.015 	0.037 	0.051 	
-888.163 	-1029.799 	-866.029 	-0.345 	-0.386 	-0.309 	
-546.845 	-14.866 	588.412 	-0.193 	-0.016 	0.214 	
852.392 	302.234 	120.532 	0.302 	0.113 	0.056 	
400.082 	-571.958 	753.476 	0.158 	-0.224 	0.291 	
-864.773 	-515.881 	-736.633 	-0.315 	-0.182 	-0.268 	
61.743 	-419.708 	-225.542 	0.009 	-0.221 	-0.079 	
1145.153 	90.268 	17.222 	0.417 	0.037 	0.010 	
-544.867 	-762.238 	-733.777 	-0.196 	-0.289 	-0.261 	
877.252 	-565.254 	51.170 	0.342 	-0.203 	0.024 	
-314.304 	779.584 	679.674 	-0.099 	0.285 	0.248 	
184.680 	-283.012 	976.010 	0.069 	-0.101 	0.354 	
946.333 	-127.833 	529.993 	0.359 	-0.053 	0.188 	
-310.237 	33.262 	-1138.877 	-0.107 	0.021 	-0.431 	
-522.981 	-159.484 	-37.808 	-0.193 	-0.076 	-0.004 	
242.985 	894.269 	457.924 	0.083 	0.332 	0.175 	
-996.515 	277.164 	-177.006 	-0.382 	0.093 	-0.073 	
582.697 	-583.352 	316.725 	0.209 	-0.205 	0.107 	
-177.049 	218.002 	-233.085 	-0.083 	0.074 	-0.089 	
835.591 	-887.109 	168.162 	0.313 	-0.334 	0.072 	
129.554 	-217.324 	323.870 	0.032 	-0.075 	0.116 	
1084.036 	-917.298 	371.822 	0.421 	-0.335 	0.137 	
-540.612 	108.633 	-74.245 	-0.184 	0.038 	-0.026 	
-858.491 	85.856 	944.598 	-0.325 	0.050 	0.347 	
1145.901 	469.616 	-142.846 	0.430 	0.161 	-0.035 	
-709.068 	854.342 	-545.963 	-0.252 	0.328 	-0.195 	
-715.339 	842.193 	-307.606 	-0.247 	0.313 	-0.117 	
841.982 	-302.406 	-120.983 	0.304 	-0.092 	-0.040 	
-912.706 	191.724 	850.264 	-0.330 	0.077 	0.316 	
911.632 	-567.110 	-1113.335 	0.361 	-0.201 	-0.415 	
-791.397 	-1081.498 	-589.667 	-0.294 	-0.397 	-0.220 	
-256.429 	-121.724 	849.961 	-0.079 	-0.045 	0.307 	
-59.221 	-561.549 	-50.951 	-0.027 	-0.206 	-0.038 	
-115.491 	-150.081 	400.692 	-0.025 	-0.057 	0.162 	
653.443 	289.076 	247.416 	0.258 	0.114 	0.103 	
400.221 	-905.721 	-13.660 	0.164 	-0.321 	0.005 	
626.050 	-991.943 	-966.320 	0.217 	-0.371 	-0.362 	
-654.881 	994.688 	-273.083 	-0.241 	0.361 	-0.107 	
-845.187 	901.964 	256.005 	-0.298 	0.348 	0.092 	
-7.617 	-83.450 	-293.237 	0.002 	-0.034 	-0.116 	
-100.737 	-880.923 	659.267 	-0.015 	-0.324 	0.242 	
299.279 	-365.546 	973.793 	0.109 	-0.126 	0.376 	
956.366 	760.706 	-1020.368 	0.371 	0.299 	-0.386 	
26.008 	-574.212 	-246.590 	0.007 	-0.214 	-0.075 	
1128.175 	809.663 	-26.660 	0.442 	0.297 	-0.014 	
-462.439 	681.535 	-1193.368 	-0.155 	0.246 	-0.444 	
-32.576 	107.917 	-207.680 	-0.015 	0.024 	-0.085 	
-931.909 	-217.532 	381.162 	-0.328 	-0.085 	0.146 	
529.161 	-115.297 	9.322 	0.190 	-0.062 	0.001 	
-319.495 	-223.077 	967.093 	-0.122 	-0.083 	0.339 	
-189.654 	41.267 	-1149.137 	-0.066 	0.026 	-0.429 	
906.263 	360.044 	420.831 	0.321 	0.137 	0.150 	
-949.314 	-594.368 	-1246.541 	-0.345 	-0.218 	-0.483 	
1055.873 	-234.404 	243.789 	0.386 	-0.075 	0.096 	
653.743 	-1053.478 	134.385 	0.245 	-0.397 	0.066 	
516.192 	1019.922 	-682.396 	0.211 	0.369 	-0.248 	
868.057 	247.280 	-735.318 	0.315 	0.105 	-0.266 	
21.055 	-1164.420 	1026.578 	0.020 	-0.448 	0.377 	
371.280 	-362.577 	358.880 	0.162 	-0.134 	0.129 	
7.372 	1121.792 	508.180 	0.024 	0.419 	0.193 	
886.797 	-582.936 	-700.764 	0.351 	-0.223 	-0.261 	
440.825 	1041.395 	-77.601 	0.175 	0.390 	-0.012 	
574.556 	302.314 	-341.512 	0.196 	0.115 	-0.123 	
937.575 	1058.777 	-258.594 	0.339 	0.380 	-0.095 	
472.236 	556.478 	-350.445 	0.200 	0.206 	-0.127 	
348.120 	-276.801 	-146.732 	0.150 	-0.115 	-0.056 	
326.937 	-240.502 	408.640 	0.124 	-0.091 	0.129 	
-285.927 	-760.981 	-497.915 	-0.118 	-0.284 	-0.173 	
-1121.879 	-382.371 	825.763 	-0.406 	-0.133 	0.304 	
-954.923 	-800.312 	-81.796 	-0.348 	-0.307 	-0.044 	
270.670 	945.426 	521.019 	0.096 	0.364 	0.192 	
-209.227 	-328.146 	445.041 	-0.094 	-0.120 	0.165 	
610.978 	-1059.845 	133.173 	0.237 	-0.397 	0.055 	
-1003.644 	-448.509 	693.209 	-0.424 	-0.164 	0.251 	
883.201 	-962.943 	-1048.864 	0.271 	-0.372 	-0.383 	
-916.197 	-442.107 	-878.347 	-0.406 	-0.152 	-0.329 	
-266.722 	-987.000 	448.882 	-0.149 	-0.358 	0.184 	
830.841 	568.907 	-136.214 	0.234 	0.200 	-0.056 	
-560.177 	-926.684 	550.964 	-0.285 	-0.349 	0.212 	
1303.537 	-939.913 	-971.506 	0.431 	-0.362 	-0.372 	
950.228 	-656.284 	560.630 	0.291 	-0.246 	0.224 	
-254.368 	-596.422 	-978.014 	-0.174 	-0.212 	-0.363 	
580.328 	566.557 	-757.225 	0.146 	0.210 	-0.292 	
938.912 	334.013 	134.706 	0.296 	0.135 	0.038 	
303.308 	56.935 	262.844 	0.025 	0.008 	0.096 	
-970.806 	990.923 	1074.943 	-0.437 	0.366 	0.392 	
536.796 	-798.239 	412.471 	0.115 	-0.299 	0.155 	
494.239 	1189.061 	1093.010 	0.124 	0.449 	0.394 	
15.539 	918.230 	695.161 	-0.045 	0.344 	0.246 	
837.391 	-342.913 	428.936 	0.263 	-0.120 	0.169 	
379.063 	-1121.070 	1054.666 	0.060 	-0.417 	0.394 	
-51.479 	1054.454 	351.041 	-0.077 	0.392 	0.147 	
681.146 	-1044.834 	966.220 	0.196 	-0.399 	0.354 	
296.434 	292.900 	528.786 	0.039 	0.108 	0.199 	
-378.887 	1084.149 	-1095.520 	-0.188 	0.399 	-0.405 	
363.217 	360.005 	19.375 	0.092 	0.139 	0.009 	
925.938 	48.343 	-117.488 	0.268 	0.030 	-0.055 	
-1095.184 	419.352 	-620.569 	-0.491 	0.158 	-0.230 	
224.323 	814.497 	487.033 	0.010 	0.310 	0.194 	
201.534 	-361.841 	-4.517 	0.015 	-0.146 	0.004 	
-6.709 	-819.157 	-163.406 	-0.073 	-0.314 	-0.051 	
-655.726 	-203.441 	-240.758 	-0.325 	-0.073 	-0.092 	
-263.438 	524.015 	-1091.570 	-0.147 	0.189 	-0.403 	
279.498 	403.302 	-206.039 	0.059 	0.146 	-0.065 	
-351.663 	1049.861 	314.256 	-0.181 	0.404 	0.128 	
-625.354 	770.159 	-968.148 	-0.313 	0.283 	-0.371 	
135.184 	983.304 	828.518 	-0.019 	0.370 	0.296 	
426.655 	-1107.480 	945.666 	0.092 	-0.403 	0.353 	
387.335 	-923.037 	107.316 	0.089 	-0.334 	0.050 	
271.458 	-191.379 	-860.966 	0.026 	-0.064 	-0.320 	
-767.099 	326.968 	983.709 	-0.360 	0.108 	0.377 	
-1062.996 	714.013 	-1.093 	-0.469 	0.245 	0.005 	
1043.189 	34.313 	-703.207 	0.331 	0.014 	-0.246 	
-434.890 	-455.595 	-614.981 	-0.220 	-0.156 	-0.238 	
-732.555 	-600.188 	-343.270 	-0.321 	-0.208 	-0.129 	
724.135 	-1024.272 	-629.837 	0.191 	-0.378 	-0.236 	
-719.454 	316.119 	-718.928 	-0.327 	0.124 	-0.249 	
-344.586 	-204.477 	-280.266 	-0.206 	-0.062 	-0.112 	
1053.567 	1126.168 	-619.617 	0.335 	0.436 	-0.220 	
541.786 	-746.351 	-621.904 	0.138 	-0.268 	-0.244 	
-668.646 	931.910 	-983.007 	-0.313 	0.332 	-0.373 	
-249.602 	-543.882 	-447.837 	-0.133 	-0.204 	-0.166 	
127.563 	-165.803 	323.832 	-0.035 	-0.066 	0.120 	
103.360 	8.679 	52.594 	-0.029 	0.011 	0.015 	
489.165 	1186.261 	-95.659 	0.139 	0.447 	-0.036 	
504.581 	-696.632 	-344.169 	0.145 	-0.258 	-0.124 	
808.441 	478.957 	392.068 	0.233 	0.181 	0.145 	
-822.582 	-169.009 	645.916 	-0.372 	-0.044 	0.229 	
-211.896 	733.031 	658.826 	-0.136 	0.284 	0.258 	
-656.901 	480.367 	844.325 	-0.328 	0.180 	0.311 	
-273.845 	-242.650 	-477.390 	-0.154 	-0.075 	-0.168 	
-663.577 	-499.363 	-406.948 	-0.295 	-0.201 	-0.151 	
-662.087 	-12.677 	120.863 	-0.306 	0.009 	0.034 	
-197.873 	-974.654 	306.204 	-0.122 	-0.350 	0.123 	
392.074 	-135.743 	-26.374 	0.086 	-0.049 	-0.015 	
670.402 	341.714 	587.471 	0.205 	0.127 	0.205 	
105.331 	-130.595 	-1007.282 	-0.040 	-0.039 	-0.369 	
50.275 	-550.209 	-463.726 	-0.035 	-0.191 	-0.176 	
600.043 	-72.105 	975.836 	0.164 	-0.030 	0.362 	
241.973 	-297.122 	169.696 	0.013 	-0.114 	0.079 	
211.687 	-963.387 	1027.071 	0.023 	-0.347 	0.389 	
445.724 	197.074 	486.357 	0.105 	0.078 	0.180 	
197.097 	-884.654 	-104.917 	-0.008 	-0.330 	-0.041 	
159.845 	-888.394 	-460.827 	-0.019 	-0.324 	-0.176 	
-867.025 	-880.156 	-76.764 	-0.388 	-0.315 	-0.024 	
-855.962 	-681.891 	-308.949 	-0.401 	-0.255 	-0.113 	
1036.846 	-947.227 	-236.160 	0.339 	-0.360 	-0.101 	
-125.199 	-424.422 	-523.732 	-0.117 	-0.172 	-0.202 	
-136.490 	-156.230 	72.497 	-0.130 	-0.064 	0.029 	
-301.621 	821.491 	-576.003 	-0.167 	0.316 	-0.222 	
-377.782 	377.804 	365.152 	-0.212 	0.152 	0.125 	
-102.410 	303.184 	-562.009 	-0.118 	0.123 	-0.207 	
-819.160 	-699.903 	463.406 	-0.355 	-0.252 	0.170 	
590.164 	-772.716 	-200.823 	0.171 	-0.283 	-0.064 	
906.785 	206.691 	821.111 	0.260 	0.084 	0.304 	
-856.326 	594.412 	780.277 	-0.370 	0.221 	0.281 	
-351.621 	275.558 	327.725 	-0.214 	0.102 	0.118 	
-504.540 	-857.150 	1175.979 	-0.244 	-0.302 	0.443 	
-542.104 	-608.619 	63.086 	-0.266 	-0.235 	0.039 	
-615.209 	111.428 	-816.530 	-0.285 	0.040 	-0.308 	
981.663 	17.091 	-876.764 	0.320 	0.002 	-0.322 	
251.193 	375.265 	983.955 	0.042 	0.149 	0.360 	
-568.652 	570.055 	516.492 	-0.265 	0.205 	0.182 	
-297.794 	576.667 	757.953 	-0.154 	0.211 	0.282 	
-900.016 	830.919 	160.579 	-0.403 	0.329 	0.063 	
-210.792 	-359.954 	-485.531 	-0.133 	-0.149 	-0.165 	
-286.805 	-865.565 	199.392 	-0.172 	-0.319 	0.091 	
1176.638 	963.933 	-725.960 	0.397 	0.365 	-0.271 	
136.810 	-742.420 	-696.655 	0.005 	-0.275 	-0.273 	
-516.568 	-964.214 	-861.914 	-0.255 	-0.377 	-0.314 	
466.903 	1225.132 	-475.103 	0.102 	0.465 	-0.189 	
394.171 	-627.968 	885.325 	0.072 	-0.240 	0.332 	
1245.659 	-90.849 	-720.047 	0.417 	-0.040 	-0.271 	
449.313 	-156.707 	189.151 	0.091 	-0.060 	0.069 	
356.750 	1082.316 	-578.885 	0.059 	0.407 	-0.219 	
-663.246 	-464.701 	-438.250 	-0.305 	-0.152 	-0.160 	
-339.083 	1020.746 	-261.494 	-0.192 	0.359 	-0.089 	
-322.841 	-212.706 	-911.783 	-0.173 	-0.077 	-0.338 	
568.988 	-1038.376 	-495.273 	0.159 	-0.397 	-0.174 	
815.431 	-300.980 	-32.470 	0.233 	-0.098 	0.001 	
1138.514 	13.319 	653.560 	0.378 	0.006 	0.245 	
636.259 	817.976 	-1104.436 	0.193 	0.303 	-0.417 	
-817.600 	325.212 	725.756 	-0.348 	0.123 	0.265 	
-57.467 	-4.582 	296.141 	-0.070 	0.003 	0.117 	
-257.960 	860.507 	746.507 	-0.167 	0.326 	0.281 	
1250.066 	949.092 	-206.338 	0.409 	0.356 	-0.081 	
-891.253 	147.996 	742.774 	-0.399 	0.038 	0.271 	
-1069.968 	278.568 	-817.172 	-0.449 	0.110 	-0.306 	
-657.005 	-395.465 	-172.514 	-0.309 	-0.154 	-0.070 	
449.030 	346.297 	-471.891 	0.089 	0.129 	-0.187 	
909.395 	1080.962 	-698.790 	0.281 	0.417 	-0.272 	
-674.719 	463.400 	-23.139 	-0.316 	0.158 	-0.017 	
278.758 	94.109 	222.634 	0.024 	0.028 	0.081 	
294.516 	-870.101 	-440.937 	0.028 	-0.325 	-0.168 	
-774.427 	-133.971 	-567.730 	-0.365 	-0.048 	-0.201 	
1247.570 	733.154 	-697.884 	0.421 	0.282 	-0.264 	
860.753 	161.945 	626.912 	0.264 	0.071 	0.218 	
381.886 	997.536 	209.767 	0.073 	0.358 	0.074 	
452.480 	-259.116 	-421.413 	0.094 	-0.104 	-0.144 	
997.411 	853.613 	-750.960 	0.295 	0.322 	-0.280 	
1160.139 	260.628 	-328.317 	0.387 	0.100 	-0.121 	
-573.871 	314.010 	-222.118 	-0.292 	0.101 	-0.074 	
-393.361 	-975.478 	-273.252 	-0.205 	-0.347 	-0.107 	
656.077 	1151.581 	-1096.176 	0.178 	0.437 	-0.408 	
1102.420 	398.247 	-281.289 	0.349 	0.160 	-0.104 	
-686.208 	-675.472 	-680.996 	-0.327 	-0.253 	-0.240 	
-936.108 	61.339 	571.999 	-0.430 	0.027 	0.222 	
1188.143 	-614.849 	932.305 	0.397 	-0.227 	0.335 	
969.711 	65.829 	473.564 	0.281 	0.027 	0.178 	
342.430 	830.220 	665.832 	0.072 	0.321 	0.251 	
-934.942 	940.488 	-726.439 	-0.424 	0.346 	-0.285 	
-939.009 	91.072 	1056.575 	-0.392 	0.034 	0.397 	
1128.986 	-740.149 	-484.804 	0.360 	-0.292 	-0.185 	
-372.863 	450.657 	454.389 	-0.222 	0.166 	0.176 	
665.698 	730.148 	281.094 	0.182 	0.269 	0.112 	
911.104 	-135.938 	410.852 	0.288 	-0.056 	0.155 	
863.455 	377.908 	407.807 	0.247 	0.126 	0.139 	
-742.561 	-228.185 	974.747 	-0.327 	-0.086 	0.376 	
1182.547 	-866.572 	521.144 	0.386 	-0.319 	0.198 	
-145.522 	760.156 	-1025.289 	-0.132 	0.282 	-0.383 	
-686.585 	-814.338 	1287.533 	-0.415 	-0.367 	0.617 	
269.093 	605.971 	32.568 	0.048 	0.223 	0.008 	
356.268 	-0.740 	133.342 	0.080 	0.008 	0.061 	
502.930 	834.240 	1052.040 	0.139 	0.326 	0.391 	
-728.272 	109.902 	-83.427 	-0.342 	0.057 	-0.028 	
-991.533 	322.311 	-1007.633 	-0.430 	0.124 	-0.367 	
495.791 	545.777 	165.948 	0.136 	0.204 	0.061 	
-204.491 	-762.523 	288.891 	-0.147 	-0.292 	0.102 	
661.487 	-198.200 	-442.250 	0.200 	-0.076 	-0.162 	
-169.381 	-131.376 	784.196 	-0.126 	-0.058 	0.278 	
-818.120 	794.570 	1057.584 	-0.360 	0.306 	0.409 	
778.301 	-561.803 	57.736 	0.233 	-0.206 	0.041 	
-694.539 	-520.093 	-278.244 	-0.336 	-0.188 	-0.103 	
198.661 	853.391 	470.834 	0.001 	0.316 	0.173 	
-310.638 	-281.262 	-1030.382 	-0.158 	-0.105 	-0.379 	
-609.121 	37.923 	-863.508 	-0.307 	0.023 	-0.320 	
143.618 	584.659 	74.784 	0.001 	0.227 	0.024 	
-521.020 	-560.143 	17.492 	-0.266 	-0.194 	0.021 	
-835.938 	-1021.159 	1079.814 	-0.380 	-0.380 	0.419 	
349.452 	-1.707 	364.356 	0.075 	-0.003 	0.139 	
1201.964 	477.071 	-410.475 	0.379 	0.173 	-0.148 	
1207.295 	-755.944 	782.759 	0.397 	-0.288 	0.294 	
-1040.923 	-589.978 	-3.437 	-0.449 	-0.206 	-0.006 	
-319.091 	170.603 	-848.590 	-0.196 	0.066 	-0.303 	
159.851 	-92.421 	507.535 	-0.016 	-0.025 	0.197 	
960.734 	-347.073 	-190.195 	0.275 	-0.137 	-0.071 	
229.723 	-20.382 	-694.452 	0.032 	-0.006 	-0.261 	
1277.472 	-976.256 	-1224.913 	0.419 	-0.359 	-0.473 	
-4.795 	-667.818 	-218.683 	-0.059 	-0.231 	-0.095 	
-462.534 	894.957 	970.019 	-0.226 	0.332 	0.357 	
885.065 	130.856 	-847.149 	0.252 	0.048 	-0.318 	
-242.625 	876.719 	520.728 	-0.166 	0.328 	0.186 	
-667.463 	-270.711 	-424.115 	-0.322 	-0.094 	-0.173 	
168.062 	39.064 	282.448 	-0.012 	0.009 	0.087 	
-276.397 	-498.603 	630.500 	-0.178 	-0.179 	0.233 	
24.854 	654.792 	221.615 	-0.053 	0.225 	0.089 	
376.457 	-158.714 	-680.900 	0.059 	-0.070 	-0.246 	
-324.419 	-391.105 	858.161 	-0.181 	-0.125 	0.322 	
1171.804 	-344.672 	-1121.417 	0.378 	-0.141 	-0.415 	
1144.906 	-33.387 	-919.204 	0.378 	-0.015 	-0.359 	
645.258 	21.822 	1042.273 	0.159 	0.014 	0.387 	
-145.766 	-611.323 	-507.201 	-0.114 	-0.224 	-0.169 	
489.647 	-1158.401 	999.207 	0.122 	-0.412 	0.370 	
-771.424 	-437.985 	996.677 	-0.335 	-0.164 	0.365 	
-400.836 	-132.259 	-919.685 	-0.213 	-0.041 	-0.336 	
42.667 	908.650 	52.003 	-0.061 	0.346 	0.030 	
515.461 	462.087 	-950.985 	0.131 	0.165 	-0.352 	
716.067 	673.930 	-909.219 	0.212 	0.262 	-0.341 	
-1038.136 	146.797 	649.370 	-0.445 	0.059 	0.242 	
-606.593 	-129.809 	850.235 	-0.290 	-0.070 	0.312 	
101.703 	691.816 	512.291 	-0.042 	0.257 	0.203 	
-55.775 	1071.597 	974.668 	-0.065 	0.398 	0.363 	
-590.897 	-342.048 	1035.778 	-0.296 	-0.131 	0.381 	
747.929 	612.570 	-324.503 	0.204 	0.226 	-0.113 	
80.531 	-291.581 	322.704 	-0.051 	-0.096 	0.119 	
-620.343 	972.884 	-923.479 	-0.295 	0.376 	-0.336 	
1027.238 	803.649 	112.055 	0.340 	0.302 	0.043 	
881.857 	973.261 	343.737 	0.286 	0.361 	0.132 	
-870.238 	-987.728 	-519.305 	-0.401 	-0.377 	-0.194 	
1156.912 	-623.434 	645.934 	0.353 	-0.246 	0.241 	
-272.468 	-170.632 	165.916 	-0.143 	-0.064 	0.058 	
-736.817 	243.551 	454.628 	-0.358 	0.087 	0.169 	
-855.940 	-365.536 	96.887 	-0.402 	-0.137 	0.037 	
1177.366 	605.048 	939.564 	0.384 	0.220 	0.338 	
1233.992 	-373.512 	-64.379 	0.398 	-0.138 	-0.033 	
337.996 	-922.866 	-315.139 	0.084 	-0.340 	-0.117 	
-526.550 	494.695 	-316.865 	-0.242 	0.178 	-0.124 	
-11.081 	-864.918 	-966.154 	-0.088 	-0.322 	-0.362 	
-1095.596 	-389.714 	953.839 	-0.480 	-0.157 	0.341 	
-713.570 	201.811 	608.999 	-0.348 	0.075 	0.220 	
371.368 	-829.004 	486.237 	0.059 	-0.315 	0.191 	
35.350 	-614.599 	86.152 	-0.047 	-0.213 	0.040 	
-53.540 	-119.131 	-364.487 	-0.064 	-0.041 	-0.133 	
263.396 	-474.696 	272.033 	0.018 	-0.163 	0.100 	
-674.846 	-530.641 	15.233 	-0.307 	-0.202 	0.022 	
-921.944 	464.264 	-182.431 	-0.428 	0.175 	-0.060 	
-723.504 	-780.810 	-680.363 	-0.331 	-0.300 	-0.251 	
1191.960 	-1011.420 	283.954 	0.396 	-0.386 	0.107 	
-326.319 	1007.838 	310.810 	-0.190 	0.363 	0.130 	
-728.966 	-297.232 	-50.587 	-0.318 	-0.128 	-0.014 	
1187.577 	-345.234 	1028.596 	0.382 	-0.135 	0.393 	
291.060 	142.299 	754.432 	0.056 	0.044 	0.289 	
454.674 	-199.747 	-773.695 	0.098 	-0.084 	-0.275 	
-135.341 	528.132 	34.631 	-0.122 	0.200 	0.007 	
1319.370 	1046.207 	645.040 	0.422 	0.399 	0.229 	
-658.740 	-409.252 	1377.821 	-0.325 	-0.162 	0.541 	
-799.875 	238.805 	-710.841 	-0.346 	0.084 	-0.265 	
-370.119 	-144.872 	371.954 	-0.213 	-0.037 	0.142 	
1229.890 	-511.795 	-894.199 	0.384 	-0.189 	-0.329 	
-531.816 	442.496 	121.614 	-0.257 	0.160 	0.040 	
-189.910 	697.530 	59.920 	-0.140 	0.243 	0.021 	
354.867 	130.049 	975.993 	0.079 	0.067 	0.358 	
-230.529 	-525.120 	344.674 	-0.137 	-0.202 	0.131 	
-517.427 	638.149 	465.660 	-0.241 	0.228 	0.183 	
580.012 	404.259 	264.905 	0.153 	0.144 	0.120 	
-7.360 	-73.418 	383.276 	-0.079 	-0.019 	0.150 	
1099.500 	-698.969 	776.093 	0.336 	-0.254 	0.300 	
379.564 	935.842 	-53.734 	0.092 	0.353 	-0.013 	
-505.271 	444.237 	613.526 	-0.244 	0.178 	0.222 	
-956.213 	-328.204 	-902.273 	-0.412 	-0.110 	-0.338 	
1146.181 	484.777 	696.522 	0.358 	0.200 	0.253 	
710.228 	-739.963 	-373.035 	0.220 	-0.271 	-0.141 	
-365.918 	-99.343 	699.444 	-0.203 	-0.028 	0.241 	
57.260 	-458.709 	1094.568 	-0.051 	-0.183 	0.391 	
-46.731 	-857.582 	982.204 	-0.078 	-0.333 	0.346 	
-956.472 	734.287 	-742.505 	-0.410 	0.264 	-0.287 	
882.144 	-207.308 	-158.687 	0.284 	-0.080 	-0.053 	
466.020 	474.483 	527.475 	0.113 	0.194 	0.207 	
-165.853 	-377.821 	-603.909 	-0.125 	-0.155 	-0.214 	
-290.219 	-224.984 	307.167 	-0.188 	-0.081 	0.115 	
-752.870 	115.804 	157.610 	-0.321 	0.042 	0.062 	
821.810 	-117.101 	-115.568 	0.237 	-0.051 	-0.040 	
647.100 	-490.654 	623.359 	0.192 	-0.180 	0.234 	
-133.866 	-465.587 	730.018 	-0.131 	-0.182 	0.267 	
-1008.842 	3.101 	799.186 	-0.443 	0.002 	0.296 	
-486.255 	171.584 	250.032 	-0.263 	0.068 	0.093 	
1129.925 	-718.334 	-18.743 	0.348 	-0.283 	-0.012 	
-78.744 	254.180 	-599.246 	-0.097 	0.079 	-0.210 	
-250.229 	416.848 	1008.302 	-0.140 	0.145 	0.378 	
910.887 	-698.398 	-238.673 	0.281 	-0.258 	-0.083 	
1192.114 	-124.919 	-537.003 	0.394 	-0.052 	-0.188 	
1068.645 	933.030 	1195.144 	0.329 	0.345 	0.448 	
948.842 	-1127.936 	-602.883 	0.291 	-0.415 	-0.210 	
1019.585 	330.745 	355.587 	0.333 	0.120 	0.124 	
1243.265 	-636.909 	361.916 	0.421 	-0.236 	0.136 	
239.502 	-872.624 	643.577 	0.032 	-0.309 	0.243 	
403.045 	104.874 	-810.598 	0.106 	0.040 	-0.304 	
1139.244 	722.145 	511.953 	0.349 	0.273 	0.202 	
-192.519 	-208.158 	0.739 	-0.151 	-0.082 	0.005 	
-642.631 	74.001 	-758.982 	-0.309 	0.015 	-0.296 	
271.846 	517.428 	353.214 	0.026 	0.199 	0.147 	
-635.194 	18.978 	771.777 	-0.300 	0.027 	0.287 	
-282.759 	-345.830 	1006.612 	-0.176 	-0.150 	0.368 	
-960.785 	525.343 	293.745 	-0.434 	0.204 	0.112 	
-1028.747 	538.689 	902.965 	-0.429 	0.198 	0.341 	
-257.303 	-171.716 	809.998 	-0.163 	-0.052 	0.290 	
1226.413 	-756.732 	-874.205 	0.385 	-0.281 	-0.342 	
266.658 	-1089.928 	1106.329 	0.019 	-0.411 	0.411 	
-477.953 	581.024 	211.295 	-0.232 	0.217 	0.075 	
-934.953 	401.700 	822.669 	-0.393 	0.147 	0.311 	
-717.170 	-16.787 	651.058 	-0.308 	-0.002 	0.241 	
179.443 	528.216 	663.763 	-0.014 	0.185 	0.249 	
320.770 	-335.749 	-116.261 	0.070 	-0.124 	-0.042 	
369.636 	178.980 	163.234 	0.067 	0.048 	0.059 	
-256.209 	-799.188 	392.854 	-0.143 	-0.310 	0.141 	
419.002 	-207.385 	366.147 	0.098 	-0.079 	0.123 	
839.786 	290.990 	626.256 	0.265 	0.114 	0.219 	
581.296 	113.413 	-635.386 	0.144 	0.044 	-0.237 	
335.761 	50.925 	-329.840 	0.059 	0.027 	-0.127 	
-1037.673 	-820.036 	1111.547 	-0.461 	-0.309 	0.426 	
-609.464 	1027.874 	640.894 	-0.294 	0.376 	0.251 	
-315.331 	-967.520 	803.859 	-0.173 	-0.354 	0.296 	
-94.729 	-207.970 	774.857 	-0.098 	-0.094 	0.274 	
-175.765 	-191.091 	-245.076 	-0.147 	-0.076 	-0.100 	
1308.079 	391.765 	1106.689 	0.437 	0.151 	0.411 	
-192.987 	-980.647 	-965.689 	-0.117 	-0.364 	-0.363 	
584.205 	1121.958 	-138.102 	0.157 	0.431 	-0.061 	
412.262 	1161.081 	-1103.615 	0.105 	0.438 	-0.403 	
-64.270 	757.533 	431.754 	-0.082 	0.288 	0.163 	
-309.003 	719.866 	-82.690 	-0.179 	0.264 	-0.048 	
254.170 	458.151 	-1216.307 	0.033 	0.163 	-0.471 	
-371.788 	132.140 	-332.096 	-0.188 	0.055 	-0.118 	
82.866 	88.816 	-693.038 	-0.021 	0.034 	-0.269 	
926.433 	676.775 	-318.038 	0.303 	0.250 	-0.120 	
-933.009 	696.386 	-684.788 	-0.415 	0.265 	-0.270 	
1100.423 	1020.154 	630.428 	0.371 	0.379 	0.237 	
-645.072 	705.110 	708.350 	-0.313 	0.258 	0.281 	
492.831 	397.466 	803.040 	0.106 	0.134 	0.299 	
-1068.152 	698.098 	-620.649 	-0.472 	0.269 	-0.237 	
-558.523 	1014.164 	-379.122 	-0.259 	0.374 	-0.130 	
-590.372 	464.492 	318.737 	-0.267 	0.166 	0.132 	
8.095 	-389.878 	577.448 	-0.064 	-0.128 	0.203 	
101.821 	-474.858 	-963.916 	-0.026 	-0.157 	-0.358 	
-989.544 	-321.101 	-528.325 	-0.416 	-0.121 	-0.207 	
828.293 	110.849 	-190.049 	0.253 	0.048 	-0.051 	
926.665 	1.566 	-140.666 	0.278 	-0.011 	-0.033 	
-339.982 	-196.484 	972.196 	-0.200 	-0.079 	0.356 	
1062.025 	-681.031 	-619.948 	0.340 	-0.242 	-0.242 	
489.208 	-139.768 	541.810 	0.111 	-0.045 	0.201 	
1244.246 	-1046.700 	-609.350 	0.416 	-0.379 	-0.238 	
458.435 	-765.996 	129.441 	0.110 	-0.282 	0.035 	
-183.799 	-968.076 	58.622 	-0.136 	-0.364 	0.020 	
397.215 	964.240 	-134.029 	0.098 	0.340 	-0.051 	
757.271 	-213.644 	-219.522 	0.214 	-0.062 	-0.076 	
-331.513 	-133.818 	34.955 	-0.178 	-0.062 	0.021 	
-18.180 	700.271 	-178.101 	-0.087 	0.267 	-0.066 	
720.946 	-827.766 	-1063.694 	0.221 	-0.317 	-0.410 	
-794.208 	784.828 	249.695 	-0.368 	0.291 	0.113 	
-78.964 	-505.409 	756.805 	-0.102 	-0.180 	0.265 	
614.818 	617.300 	-25.742 	0.147 	0.232 	-0.015 	
856.660 	975.085 	-891.602 	0.252 	0.373 	-0.327 	
-870.214 	199.687 	4.084 	-0.392 	0.056 	0.011 	
847.306 	592.488 	153.765 	0.251 	0.210 	0.070 	
-1039.069 	1099.452 	1103.583 	-0.461 	0.400 	0.419 	
266.139 	188.015 	434.727 	0.048 	0.069 	0.148 	
727.546 	-268.236 	-127.729 	0.199 	-0.109 	-0.038 	
1088.641 	580.868 	870.244 	0.329 	0.218 	0.322 	
-35.924 	-127.028 	-155.381 	-0.089 	-0.057 	-0.040 	
1070.873 	-842.627 	-835.962 	0.355 	-0.311 	-0.311 	
906.525 	-32.558 	-414.488 	0.277 	-0.009 	-0.159 	
-864.977 	-954.640 	-173.410 	-0.387 	-0.355 	-0.047 	
-750.458 	961.265 	1022.410 	-0.349 	0.376 	0.372 	
756.263 	-1162.490 	751.410 	0.218 	-0.454 	0.277 	
826.004 	-751.567 	-145.989 	0.242 	-0.278 	-0.039 	
1232.780 	-1025.675 	1018.364 	0.416 	-0.382 	0.376 	
-371.963 	-205.829 	-436.651 	-0.199 	-0.070 	-0.157 	
1319.269 	998.578 	664.044 	0.451 	0.379 	0.239 	
720.088 	507.173 	-464.858 	0.187 	0.188 	-0.178 	
106.837 	861.124 	-331.329 	-0.016 	0.330 	-0.116 	
-1076.310 	225.578 	-455.163 	-0.478 	0.083 	-0.158 	
-1244.219 	987.098 	1651.475 	-0.522 	0.379 	0.617 	
481.544 	-218.243 	905.907 	0.137 	-0.078 	0.331 	
-435.772 	-245.428 	-323.702 	-0.244 	-0.087 	-0.115 	
-1004.862 	422.412 	877.459 	-0.420 	0.160 	0.324 	
-410.787 	534.890 	-577.254 	-0.213 	0.199 	-0.234 	
51.234 	144.197 	-196.573 	-0.025 	0.046 	-0.075 	
-879.177 	-162.314 	-517.896 	-0.403 	-0.054 	-0.192 	
133.358 	-297.755 	-164.281 	-0.015 	-0.122 	-0.067 	
1254.200 	-132.798 	-55.808 	0.410 	-0.049 	-0.036 	
-104.818 	305.365 	169.425 	-0.115 	0.109 	0.082 	
610.428 	-855.568 	-91.147 	0.146 	-0.316 	-0.042 	
851.588 	-1003.876 	-439.479 	0.261 	-0.368 	-0.179 	
-522.302 	-662.179 	451.905 	-0.243 	-0.250 	0.164 	
-120.840 	690.403 	872.841 	-0.109 	0.246 	0.321 	
690.394 	1078.720 	740.377 	0.195 	0.420 	0.275 	
-1100.000 	544.294 	-119.970 	-0.476 	0.219 	-0.052 	
-3.887 	43.994 	-779.611 	-0.069 	0.006 	-0.285 	
-447.204 	405.019 	-1041.375 	-0.223 	0.137 	-0.378 	
-873.809 	-288.762 	145.137 	-0.400 	-0.119 	0.055 	
592.640 	394.775 	420.631 	0.161 	0.153 	0.140 	
362.487 	-216.838 	-858.097 	0.059 	-0.088 	-0.316 	
296.647 	818.109 	417.195 	0.054 	0.297 	0.149 	
141.814 	290.293 	593.854 	-0.016 	0.121 	0.214 	
-376.716 	-718.619 	733.474 	-0.201 	-0.262 	0.280 	
110.817 	-132.671 	-397.959 	-0.030 	-0.051 	-0.139 	
-168.328 	1085.337 	645.850 	-0.139 	0.390 	0.249 	
-517.541 	261.954 	-100.282 	-0.246 	0.088 	-0.022 	
-857.497 	-603.801 	98.840 	-0.402 	-0.220 	0.037 	
852.175 	-420.945 	-1137.499 	0.264 	-0.155 	-0.432 	
-830.684 	1246.753 	-564.484 	-0.382 	0.483 	-0.204 	
-374.960 	497.461 	-1052.048 	-0.184 	0.189 	-0.392 	
900.039 	-523.728 	-187.311 	0.270 	-0.181 	-0.062 	
225.500 	207.500 	-190.638 	0.013 	0.087 	-0.071 	
-194.028 	923.980 	-450.707 	-0.144 	0.345 	-0.165 	
-141.721 	111.302 	765.650 	-0.123 	0.053 	0.275 	
-709.552 	-836.331 	1000.237 	-0.345 	-0.302 	0.373 	
616.657 	794.300 	712.006 	0.176 	0.277 	0.261 	
217.349 	711.010 	924.961 	0.031 	0.262 	0.353 	
506.825 	525.202 	-609.112 	0.115 	0.178 	-0.226 	
788.397 	592.570 	-988.939 	0.234 	0.218 	-0.379 	
190.831 	-408.573 	-868.432 	0.006 	-0.169 	-0.322 	
-711.397 	585.476 	-396.947 	-0.344 	0.207 	-0.143 	
637.548 	40.458 	-18.841 	0.182 	0.019 	0.001 	
-780.099 	914.190 	47.928 	-0.377 	0.336 	0.022 	
-340.367 	-859.482 	-355.444 	-0.191 	-0.316 	-0.140 	
348.013 	-544.525 	-869.270 	0.047 	-0.207 	-0.325 	
-99.889 	-293.091 	688.314 	-0.117 	-0.106 	0.258 	
17.477 	-1021.567 	452.731 	-0.051 	-0.386 	0.178 	
796.330 	540.653 	-763.661 	0.253 	0.197 	-0.285 	
190.642 	619.535 	-578.553 	0.011 	0.241 	-0.229 	
126.295 	792.356 	-677.864 	-0.029 	0.291 	-0.245 	
-512.409 	783.934 	-459.969 	-0.239 	0.296 	-0.171 	
-1053.555 	-414.231 	117.132 	-0.463 	-0.163 	0.056 	
-640.571 	-317.547 	-602.064 	-0.280 	-0.123 	-0.222 	
1323.393 	-711.779 	1058.601 	0.434 	-0.264 	0.385 	
-995.933 	496.096 	-190.782 	-0.442 	0.196 	-0.068 	
10.528 	-404.784 	535.954 	-0.086 	-0.141 	0.198 	
-229.752 	-381.003 	-812.085 	-0.134 	-0.144 	-0.286 	
-377.218 	-1052.741 	976.913 	-0.208 	-0.389 	0.359 	
1.260 	-379.144 	551.077 	-0.080 	-0.144 	0.208 	
167.215 	-1020.422 	234.570 	0.009 	-0.390 	0.088 	
-209.165 	-141.499 	62.567 	-0.163 	-0.061 	0.027 	
-283.671 	-347.596 	-402.752 	-0.174 	-0.137 	-0.140 	
-298.011 	-539.608 	741.234 	-0.093 	-0.139 	0.165 	
495.759 	-919.995 	586.207 	0.131 	-0.357 	0.216 	
-582.736 	-172.882 	589.780 	-0.263 	-0.076 	0.218 	
1113.268 	543.236 	-871.177 	0.373 	0.206 	-0.329 	
-63.048 	610.733 	1047.956 	-0.090 	0.215 	0.379 	
435.236 	883.003 	699.670 	0.118 	0.325 	0.258 	
764.084 	740.088 	465.550 	0.239 	0.282 	0.175 	
659.659 	-658.326 	207.721 	0.184 	-0.231 	0.082 	
-329.077 	-197.723 	-763.498 	-0.196 	-0.061 	-0.269 	
-571.241 	685.571 	382.787 	-0.258 	0.255 	0.152 	
244.997 	-398.599 	675.305 	0.014 	-0.153 	0.252 	
447.617 	-748.917 	555.218 	0.103 	-0.296 	0.212 	
-218.385 	-794.353 	72.032 	-0.156 	-0.274 	0.025 	
259.185 	-671.255 	-117.230 	0.021 	-0.254 	-0.057 	
47.011 	-696.113 	-316.036 	-0.065 	-0.251 	-0.113 	
1004.613 	-160.894 	-903.213 	0.313 	-0.058 	-0.333 	
590.704 	230.207 	1058.455 	0.139 	0.091 	0.399 	
-698.279 	500.595 	674.121 	-0.319 	0.191 	0.263 	
1228.053 	-640.255 	1034.753 	0.412 	-0.231 	0.400 	
-666.914 	373.528 	183.730 	-0.298 	0.142 	0.057 	
174.281 	145.716 	961.628 	0.002 	0.071 	0.351 	
-1065.818 	490.559 	716.961 	-0.464 	0.202 	0.268 	
-301.941 	-693.612 	211.084 	-0.183 	-0.273 	0.078 	
638.419 	-129.623 	-593.979 	0.187 	-0.037 	-0.228 	
-305.179 	-1009.259 	1135.375 	-0.176 	-0.379 	0.442 	
-797.383 	900.257 	84.491 	-0.371 	0.339 	0.024 	
321.507 	-1092.881 	-997.113 	0.055 	-0.398 	-0.367 	
-1091.825 	-276.454 	-1061.765 	-0.453 	-0.106 	-0.394 	
-424.533 	5.604 	-669.337 	-0.240 	0.000 	-0.250 	
92.064 	70.355 	-102.259 	-0.019 	0.020 	-0.039 	
-1060.582 	-266.554 	1101.531 	-0.462 	-0.112 	0.417 	
-296.824 	-20.940 	-107.955 	-0.169 	-0.022 	-0.018 	
1115.445 	-547.264 	633.712 	0.359 	-0.215 	0.251 	
-937.197 	-833.099 	-872.158 	-0.421 	-0.306 	-0.317 	
-928.764 	309.694 	-9.645 	-0.388 	0.108 	-0.004 	
279.637 	339.632 	-1047.696 	0.054 	0.138 	-0.396 	
-654.306 	289.917 	489.917 	-0.291 	0.093 	0.189 	
1204.599 	-1026.240 	756.308 	0.375 	-0.395 	0.283 	
-260.996 	653.717 	-731.004 	-0.144 	0.232 	-0.275 	
-1072.043 	97.043 	596.320 	-0.464 	0.032 	0.227 	
572.872 	-843.507 	922.808 	0.143 	-0.312 	0.354 	
-1051.453 	783.366 	-88.681 	-0.454 	0.292 	-0.044 	
-1002.613 	482.886 	351.923 	-0.423 	0.170 	0.146 	
255.942 	-792.510 	220.068 	0.048 	-0.305 	0.082 	
-310.632 	-802.471 	490.193 	-0.176 	-0.314 	0.193 	
313.365 	-585.351 	-1005.171 	0.072 	-0.226 	-0.366 	
-832.621 	-573.800 	497.800 	-0.367 	-0.203 	0.184 	
-1023.105 	-424.808 	-542.841 	-0.464 	-0.161 	-0.205 	
711.100 	-993.725 	-966.521 	0.212 	-0.388 	-0.354 	
-937.082 	-690.800 	-793.563 	-0.415 	-0.261 	-0.314 	
368.894 	-334.748 	-84.027 	0.076 	-0.121 	-0.024 	
652.573 	987.734 	522.047 	0.174 	0.373 	0.184 	
1028.110 	254.795 	597.111 	0.311 	0.099 	0.231 	
570.348 	-553.501 	-697.329 	0.158 	-0.222 	-0.248 	
1261.803 	-1006.361 	848.830 	0.401 	-0.377 	0.328 	
-954.065 	-498.257 	-181.566 	-0.427 	-0.185 	-0.073 	
-513.941 	1034.039 	471.301 	-0.268 	0.381 	0.190 	
-238.991 	666.018 	917.867 	-0.158 	0.233 	0.351 	
728.522 	173.965 	827.115 	0.211 	0.069 	0.311 	
-56.764 	-891.983 	941.480 	-0.096 	-0.319 	0.342 	
-782.298 	568.952 	413.038 	-0.347 	0.223 	0.150 	
788.909 	868.151 	70.316 	0.237 	0.332 	0.033 	
-524.188 	-414.255 	-437.492 	-0.243 	-0.166 	-0.165 	
-21.285 	-686.100 	925.660 	-0.075 	-0.272 	0.335 	
958.950 	157.046 	118.345 	0.293 	0.049 	0.062 	
-990.654 	-1076.532 	702.379 	-0.420 	-0.411 	0.258 	
-324.900 	-393.577 	-288.833 	-0.169 	-0.128 	-0.112 	
914.832 	-859.034 	217.573 	0.280 	-0.311 	0.094 	
-21.171 	591.040 	305.410 	-0.081 	0.202 	0.109 	
-140.136 	-482.688 	-100.302 	-0.125 	-0.164 	-0.045 	
657.540 	55.871 	-621.206 	0.178 	0.023 	-0.217 	
-813.965 	943.286 	689.463 	-0.379 	0.360 	0.241 	
1166.540 	-924.754 	106.581 	0.384 	-0.349 	0.052 	
1014.367 	-37.371 	709.673 	0.329 	-0.014 	0.270 	
367.003 	915.133 	-7.205 	0.060 	0.355 	-0.005 	
235.966 	278.381 	613.998 	0.043 	0.092 	0.220 	
-1058.006 	755.129 	966.282 	-0.472 	0.273 	0.363 	
-807.891 	-277.812 	393.615 	-0.346 	-0.116 	0.150 	
1071.025 	192.194 	-240.428 	0.322 	0.068 	-0.096 	
-550.069 	-204.739 	-888.863 	-0.249 	-0.076 	-0.325 	
