## Las primeras 500 lineas corresponden a la esfera 1 
##las siguienets 500 lineas a la esfera 2
## Las primeras tres columnas corresponden a la posición en 'x', 'y' y 'z', las siguientes tres a las velocidades
209.955 	-46.610 	30.645 	0.040 	0.037 	0.054 	
25.370 	-8.512 	9.828 	-0.079 	0.012 	-0.018 	
52.090 	9.023 	42.321 	-0.134 	0.005 	-0.043 	
-807.038 	969.098 	-132.578 	-0.338 	0.403 	-0.073 	
106.818 	-52.411 	-48.281 	-0.130 	-0.048 	0.094 	
61.046 	-38.596 	7.730 	0.036 	0.061 	0.066 	
17.502 	-38.288 	45.203 	-0.107 	0.026 	-0.175 	
180.067 	-96.262 	13.535 	0.003 	-0.037 	0.064 	
140.826 	16.654 	49.676 	-0.048 	-0.053 	-0.021 	
68.994 	-48.931 	-2.494 	0.112 	-0.030 	-0.028 	
-147.594 	818.968 	-442.591 	-0.073 	0.384 	-0.206 	
57.149 	10.872 	33.590 	-0.102 	0.053 	-0.108 	
590.242 	-790.962 	555.265 	0.268 	-0.353 	0.253 	
14.796 	-17.986 	23.201 	-0.072 	0.195 	0.002 	
163.438 	55.308 	13.265 	0.029 	-0.037 	0.038 	
111.975 	-21.207 	31.147 	-0.102 	0.171 	-0.020 	
143.884 	45.849 	-29.784 	0.005 	-0.034 	0.016 	
129.362 	-65.200 	-150.756 	0.044 	-0.070 	0.071 	
91.649 	1.818 	54.604 	-0.149 	-0.038 	0.004 	
119.591 	-40.569 	3.165 	-0.037 	-0.192 	-0.062 	
92.940 	-77.644 	-71.872 	-0.086 	-0.098 	0.042 	
73.317 	-87.100 	-35.872 	-0.192 	-0.074 	0.005 	
68.731 	-66.715 	30.792 	-0.102 	0.134 	-0.007 	
76.482 	-48.150 	34.396 	-0.127 	0.150 	-0.107 	
15.916 	-26.052 	-16.095 	-0.162 	0.008 	-0.018 	
1.543 	-27.155 	4.601 	-0.085 	-0.026 	-0.078 	
42.345 	-7.126 	29.338 	-0.161 	0.062 	0.023 	
7.027 	-17.432 	21.682 	-0.080 	-0.180 	0.063 	
121.306 	-22.886 	44.864 	-0.026 	-0.043 	-0.106 	
72.839 	-26.079 	41.381 	-0.228 	0.032 	-0.121 	
43.638 	13.253 	7.134 	-0.187 	0.222 	-0.038 	
85.525 	3.278 	46.808 	-0.008 	-0.150 	-0.073 	
67.911 	-22.057 	5.952 	-0.047 	0.105 	-0.077 	
39.532 	-12.152 	44.411 	-0.157 	-0.132 	-0.033 	
21.663 	-59.106 	42.424 	-0.076 	-0.121 	0.075 	
78.986 	-50.274 	16.946 	-0.013 	-0.037 	0.004 	
135.273 	-44.027 	83.562 	-0.012 	-0.126 	0.182 	
172.960 	-22.005 	51.040 	-0.164 	-0.049 	0.017 	
45.873 	-27.869 	5.301 	-0.333 	-0.036 	0.102 	
70.434 	-35.635 	-2.918 	-0.118 	-0.010 	-0.016 	
48.508 	40.439 	-4.720 	-0.086 	-0.087 	0.001 	
45.890 	-3.900 	-1.914 	-0.073 	0.044 	-0.044 	
-17.496 	-1.763 	32.179 	-0.041 	-0.000 	-0.040 	
134.414 	-47.939 	-18.592 	0.107 	-0.013 	-0.009 	
49.815 	63.288 	-71.299 	-0.071 	-0.013 	0.059 	
94.304 	9.941 	42.381 	-0.121 	-0.017 	0.075 	
158.602 	-24.958 	66.359 	-0.160 	0.054 	-0.050 	
61.445 	-42.660 	26.415 	-0.049 	-0.089 	0.031 	
60.295 	71.439 	65.075 	-0.154 	-0.026 	-0.028 	
56.241 	13.004 	17.188 	-0.066 	0.052 	-0.111 	
158.130 	61.022 	122.251 	0.048 	0.105 	0.093 	
137.365 	-64.882 	8.165 	-0.075 	0.043 	-0.040 	
67.545 	-14.690 	7.938 	-0.135 	-0.236 	0.009 	
81.743 	-16.926 	20.158 	-0.184 	-0.044 	-0.073 	
69.149 	-21.344 	17.610 	-0.172 	0.088 	-0.043 	
61.213 	6.743 	-11.940 	-0.046 	-0.144 	0.090 	
93.429 	38.243 	109.377 	-0.106 	0.046 	0.019 	
122.889 	70.451 	76.800 	-0.069 	-0.018 	-0.027 	
-26.841 	101.050 	20.727 	0.073 	-0.084 	0.029 	
51.825 	-17.607 	38.278 	-0.099 	-0.018 	0.233 	
162.344 	22.522 	10.428 	0.114 	0.050 	0.065 	
8.321 	-39.867 	46.324 	-0.091 	0.019 	0.124 	
213.299 	3.610 	29.694 	0.059 	0.047 	0.031 	
38.980 	-68.708 	13.290 	-0.226 	0.041 	-0.048 	
-5.177 	-267.330 	19.922 	-0.003 	-0.024 	0.002 	
38.727 	-43.793 	-20.797 	-0.088 	-0.129 	-0.036 	
-360.865 	-694.194 	-559.186 	-0.181 	-0.293 	-0.241 	
-58.535 	145.767 	-80.344 	0.044 	-0.023 	0.007 	
4.670 	-28.434 	-9.052 	-0.140 	-0.079 	-0.065 	
126.681 	76.759 	22.459 	-0.034 	0.063 	0.090 	
59.370 	-21.505 	16.328 	-0.085 	-0.220 	-0.018 	
12.381 	-8.993 	51.581 	-0.054 	-0.059 	0.003 	
-7.925 	97.960 	33.372 	0.053 	-0.102 	0.041 	
112.117 	-32.832 	31.637 	-0.067 	0.116 	0.072 	
130.949 	-11.512 	47.423 	-0.075 	-0.110 	0.019 	
214.210 	5.905 	114.688 	-0.087 	0.003 	0.098 	
159.728 	-37.959 	28.832 	-0.073 	-0.105 	0.002 	
339.347 	525.355 	915.692 	0.136 	0.200 	0.355 	
115.650 	-76.595 	61.746 	0.090 	-0.019 	-0.051 	
80.795 	-17.297 	11.468 	-0.108 	-0.119 	0.173 	
187.219 	-23.392 	65.092 	0.082 	-0.060 	-0.040 	
158.355 	-2.481 	41.311 	-0.027 	0.056 	0.112 	
154.749 	-71.116 	0.019 	-0.170 	-0.078 	-0.030 	
-74.147 	-257.755 	348.135 	-0.011 	-0.051 	0.097 	
2.695 	-11.319 	-31.449 	-0.086 	0.081 	-0.082 	
-42.673 	-37.976 	-73.414 	0.111 	0.019 	0.095 	
61.776 	-19.398 	99.490 	-0.120 	0.025 	-0.093 	
135.364 	-33.823 	-14.790 	0.164 	-0.036 	0.038 	
46.622 	-10.644 	16.368 	-0.075 	0.112 	-0.042 	
108.842 	3.575 	-47.240 	-0.089 	-0.113 	0.050 	
47.073 	-84.973 	71.661 	-0.126 	0.021 	0.037 	
117.431 	12.753 	122.860 	0.062 	-0.091 	-0.103 	
99.560 	-13.911 	-18.052 	-0.042 	-0.126 	0.129 	
150.695 	-44.744 	70.165 	0.024 	0.191 	-0.015 	
40.835 	-28.686 	3.396 	0.056 	-0.130 	0.028 	
-40.956 	128.358 	-21.303 	0.084 	-0.031 	0.051 	
-15.585 	-52.082 	-1.921 	-0.123 	-0.061 	-0.015 	
1428.340 	-1514.792 	-18.524 	0.613 	-0.668 	0.004 	
2120.944 	-1963.599 	-4091.342 	0.871 	-0.795 	-1.651 	
62.038 	-66.711 	24.345 	-0.062 	-0.068 	0.004 	
85.632 	20.693 	60.314 	-0.065 	-0.094 	0.098 	
136.650 	-23.286 	-39.326 	0.125 	0.011 	0.027 	
74.386 	-36.776 	31.964 	0.068 	-0.206 	-0.047 	
125.499 	-27.634 	39.028 	-0.049 	0.134 	-0.026 	
1921.348 	-1368.371 	1160.463 	0.755 	-0.524 	0.451 	
-1855.024 	2424.031 	4363.292 	-0.730 	0.971 	1.752 	
752.800 	-44.508 	69.766 	0.624 	-0.008 	0.049 	
78.161 	-33.954 	14.434 	-0.052 	-0.111 	0.037 	
32.571 	-3.970 	-16.502 	-0.064 	-0.189 	-0.014 	
344.438 	-183.832 	135.196 	0.103 	0.011 	0.052 	
97.343 	-1.530 	-11.296 	-0.047 	-0.088 	0.122 	
163.478 	-26.764 	53.171 	-0.025 	0.039 	-0.042 	
-250.060 	-199.135 	52.589 	-0.458 	-0.112 	0.023 	
-91.968 	7.190 	58.797 	0.103 	-0.080 	0.031 	
124.115 	-18.497 	43.166 	-0.055 	-0.103 	-0.061 	
75.774 	-10.889 	37.539 	-0.210 	-0.038 	0.002 	
121.308 	-49.049 	-17.652 	-0.020 	-0.033 	0.123 	
41.761 	-322.348 	80.081 	0.072 	-0.060 	-0.011 	
99.770 	49.815 	22.887 	-0.092 	0.097 	-0.148 	
174.718 	-8.958 	30.969 	0.059 	-0.019 	0.058 	
125.336 	-49.397 	-58.911 	-0.082 	-0.075 	-0.180 	
95.274 	33.688 	43.773 	-0.163 	0.048 	-0.150 	
51.507 	6.652 	33.713 	0.002 	-0.031 	0.109 	
67.139 	-64.454 	26.957 	0.049 	-0.065 	-0.063 	
219.731 	76.762 	66.623 	0.136 	0.044 	0.021 	
-34.775 	-25.814 	-12.220 	0.016 	0.018 	0.054 	
119.008 	-27.719 	6.736 	-0.111 	0.053 	0.114 	
144.255 	15.879 	43.423 	0.128 	0.009 	-0.065 	
118.565 	25.057 	-6.562 	-0.057 	0.007 	0.111 	
104.855 	50.565 	53.296 	-0.035 	-0.106 	-0.006 	
146.908 	-26.609 	54.919 	-0.072 	0.073 	-0.047 	
176.725 	-17.169 	50.145 	0.081 	0.007 	-0.048 	
149.249 	-34.619 	-12.232 	-0.029 	-0.034 	-0.127 	
124.510 	-13.607 	19.135 	-0.043 	0.091 	-0.153 	
81.678 	7.975 	20.037 	-0.089 	0.016 	0.090 	
60.482 	-39.728 	83.607 	-0.154 	-0.031 	-0.077 	
93.716 	-49.617 	8.258 	-0.032 	-0.033 	-0.171 	
172.233 	56.848 	-68.455 	-0.029 	-0.007 	0.019 	
-7377.658 	-2210.331 	-4427.358 	-5.694 	-1.675 	-3.368 	
-1499.475 	1259.720 	-763.939 	-0.557 	0.481 	-0.286 	
89.761 	4.342 	-46.170 	-0.132 	-0.062 	0.083 	
-395.969 	-69.588 	280.526 	-0.303 	-0.061 	0.182 	
254.278 	18.452 	43.364 	0.265 	0.033 	-0.066 	
155.276 	-63.434 	42.761 	-0.029 	0.067 	0.065 	
92.290 	-33.513 	29.702 	-0.186 	-0.046 	0.020 	
88.300 	16.608 	-19.582 	-0.118 	-0.120 	0.119 	
156.100 	-99.704 	97.858 	0.011 	-0.046 	-0.024 	
182.977 	36.394 	70.093 	0.052 	0.011 	0.006 	
16.358 	-23.850 	-2.966 	0.030 	-0.071 	-0.190 	
50.874 	-36.983 	22.874 	-0.210 	-0.102 	0.049 	
69.332 	-64.900 	15.668 	-0.105 	0.034 	-0.112 	
223.559 	-54.568 	16.005 	0.047 	0.017 	0.076 	
97.136 	-14.126 	47.158 	-0.029 	-0.141 	-0.100 	
97.806 	-18.435 	-6.801 	-0.147 	0.095 	-0.079 	
133.916 	-30.474 	1.315 	-0.099 	0.121 	-0.026 	
178.023 	-49.905 	-25.223 	0.050 	-0.051 	-0.005 	
-10.083 	-50.093 	-1.121 	-0.094 	-0.081 	-0.073 	
53.309 	-18.067 	11.474 	-0.071 	0.125 	-0.061 	
260.660 	95.799 	-196.633 	0.128 	0.112 	-0.146 	
75.999 	-57.763 	39.193 	-0.001 	-0.171 	0.018 	
146.216 	76.470 	-11.997 	-0.096 	0.000 	0.063 	
118.400 	49.283 	-65.912 	0.103 	-0.118 	0.068 	
69.197 	-0.126 	26.213 	-0.133 	0.241 	0.183 	
56.514 	19.778 	7.547 	-0.120 	0.012 	0.154 	
161.865 	-97.072 	79.412 	0.050 	-0.035 	-0.034 	
164.217 	2.143 	-42.080 	0.026 	-0.012 	0.036 	
113.719 	34.478 	7.665 	-0.096 	0.062 	0.041 	
66.070 	9.495 	-11.402 	-0.190 	-0.132 	-0.042 	
120.273 	74.789 	-36.261 	0.021 	0.009 	0.011 	
121.125 	-42.149 	35.100 	-0.099 	0.073 	0.012 	
180.120 	32.848 	-79.807 	0.069 	0.074 	-0.020 	
31.730 	6.005 	8.939 	-0.179 	-0.090 	-0.028 	
173.946 	-20.239 	48.210 	-0.008 	-0.018 	-0.051 	
111.307 	49.555 	-37.020 	0.032 	-0.067 	-0.072 	
64.891 	-6.292 	14.589 	-0.188 	0.030 	0.031 	
-62.325 	-111.602 	-49.252 	0.053 	0.050 	0.083 	
46.552 	-1.111 	18.303 	-0.036 	0.010 	0.048 	
58.466 	3.207 	47.430 	-0.162 	0.108 	-0.140 	
180.188 	50.199 	-182.531 	0.041 	-0.003 	-0.079 	
17.613 	-105.199 	-25.986 	-0.131 	0.021 	0.006 	
168.412 	-28.775 	28.539 	-0.138 	-0.041 	-0.107 	
149.235 	-28.154 	-21.410 	-0.081 	-0.012 	-0.085 	
68.621 	25.301 	5.243 	-0.089 	-0.046 	-0.016 	
130.721 	61.833 	-8.395 	0.076 	0.024 	0.020 	
120.452 	-53.329 	100.014 	-0.070 	-0.053 	0.182 	
98.410 	-11.642 	38.158 	-0.156 	-0.087 	-0.087 	
-37.915 	54.295 	222.206 	0.061 	0.044 	0.013 	
78.801 	40.304 	131.726 	-0.222 	0.143 	0.281 	
124.179 	-94.622 	28.234 	-0.041 	0.042 	0.032 	
198.984 	43.101 	97.800 	0.124 	0.039 	0.024 	
87.101 	-15.795 	29.035 	-0.107 	-0.001 	-0.273 	
40.170 	9.157 	43.722 	-0.111 	-0.030 	0.043 	
-0.132 	-41.385 	26.207 	-0.070 	0.037 	-0.035 	
153.649 	-98.737 	41.642 	0.108 	-0.028 	0.003 	
193.626 	-16.609 	7.056 	0.076 	-0.011 	0.006 	
50.013 	-29.248 	-4.606 	-0.205 	0.046 	0.011 	
1272.090 	105.399 	249.215 	0.890 	0.117 	0.178 	
61.274 	-9.815 	50.321 	-0.021 	0.125 	0.134 	
78.785 	-78.687 	-31.089 	-0.107 	0.054 	0.080 	
27.534 	-20.006 	7.224 	-0.155 	0.045 	0.165 	
94.057 	19.106 	54.072 	-0.105 	-0.117 	0.042 	
96.594 	-48.934 	-5.960 	-0.193 	0.127 	0.017 	
44.984 	-23.983 	8.313 	-0.225 	-0.005 	0.189 	
92.312 	-14.716 	26.211 	-0.240 	-0.043 	-0.020 	
141.332 	-113.915 	249.693 	0.028 	-0.078 	0.159 	
174.079 	63.594 	74.507 	0.046 	0.002 	0.084 	
38.397 	-83.409 	40.749 	-0.012 	-0.107 	0.187 	
85.115 	-26.939 	36.400 	-0.175 	-0.066 	0.071 	
-3.219 	-27.807 	18.432 	-0.070 	0.083 	-0.057 	
129.115 	-48.518 	0.493 	-0.147 	0.105 	0.048 	
91.780 	-82.602 	35.457 	-0.131 	0.037 	0.089 	
391.602 	-144.076 	116.943 	0.102 	-0.047 	0.007 	
122.524 	23.499 	11.688 	-0.115 	-0.050 	-0.030 	
38.182 	-12.132 	-2.241 	-0.218 	0.045 	-0.102 	
154.753 	-109.898 	58.415 	-0.046 	0.003 	0.065 	
222.301 	-63.455 	-51.379 	0.125 	-0.029 	-0.022 	
157.942 	-52.546 	-131.835 	0.037 	-0.048 	0.077 	
159.279 	-16.600 	13.410 	0.159 	0.128 	0.034 	
91.789 	-48.594 	52.936 	0.062 	0.091 	0.217 	
90.480 	-27.801 	-9.643 	-0.125 	0.078 	-0.033 	
119.367 	85.874 	54.510 	-0.002 	0.043 	0.006 	
-0.762 	-52.848 	-23.577 	-0.088 	-0.170 	0.004 	
220.626 	11.327 	85.791 	0.114 	0.008 	-0.011 	
176.248 	-3.742 	56.076 	-0.010 	0.032 	0.030 	
133.714 	-17.838 	30.933 	0.004 	0.010 	-0.152 	
117.497 	-76.973 	10.447 	0.116 	-0.085 	-0.031 	
88.902 	-42.435 	13.692 	-0.188 	0.128 	-0.023 	
53.707 	-15.199 	1.256 	-0.106 	-0.030 	0.098 	
102.032 	16.637 	-2.129 	-0.075 	0.015 	-0.034 	
177.828 	66.436 	40.345 	0.008 	0.047 	0.056 	
158.239 	51.792 	19.363 	0.058 	0.000 	0.104 	
123.872 	19.212 	21.191 	-0.092 	0.008 	0.071 	
155.698 	3.864 	-23.131 	-0.033 	-0.051 	0.043 	
173.823 	-102.127 	19.762 	0.020 	0.016 	-0.022 	
103.200 	-141.843 	54.640 	0.047 	-0.035 	0.006 	
202.776 	-87.124 	-38.878 	0.102 	-0.177 	-0.133 	
-0.051 	-21.439 	14.140 	-0.171 	0.045 	-0.038 	
13.874 	10.984 	63.610 	-0.163 	-0.029 	-0.055 	
39.885 	-23.338 	7.527 	-0.261 	0.017 	0.137 	
237.712 	111.595 	13.809 	0.011 	-0.059 	0.061 	
172.164 	-163.154 	33.344 	0.038 	-0.030 	-0.029 	
124.106 	-4.658 	22.934 	-0.074 	0.036 	0.103 	
10.541 	-77.224 	108.661 	-0.118 	-0.054 	-0.044 	
48.095 	203.805 	86.451 	0.079 	-0.008 	0.021 	
47.352 	-36.824 	-4.506 	-0.121 	0.102 	0.002 	
46.096 	-36.192 	37.488 	-0.033 	0.017 	0.083 	
92.423 	-29.591 	40.558 	-0.136 	-0.014 	-0.111 	
43.353 	-68.166 	33.507 	-0.118 	-0.080 	-0.101 	
129.865 	45.713 	120.331 	-0.097 	0.030 	-0.046 	
240.927 	-15.343 	82.626 	-0.068 	-0.005 	0.016 	
784.524 	472.713 	178.901 	0.335 	0.218 	0.074 	
177.959 	-140.393 	64.591 	0.034 	-0.036 	-0.001 	
135.490 	-0.207 	52.415 	-0.043 	0.073 	-0.027 	
83.247 	-56.564 	265.559 	0.088 	0.009 	0.020 	
89.258 	-65.506 	-48.926 	-0.067 	-0.049 	0.104 	
75.167 	18.120 	-14.273 	0.107 	0.145 	0.008 	
40.716 	-75.350 	103.913 	-0.100 	0.029 	0.020 	
184.533 	-19.290 	98.359 	-0.077 	-0.052 	0.134 	
836.802 	458.931 	-533.120 	0.349 	0.212 	-0.213 	
106.293 	-12.493 	18.894 	-0.149 	-0.116 	-0.085 	
81.108 	-11.837 	27.531 	-0.211 	0.018 	-0.055 	
37.360 	-45.307 	-5.642 	-0.030 	-0.180 	0.064 	
168.341 	59.611 	3.398 	0.049 	0.084 	0.055 	
64.810 	-33.384 	12.282 	-0.108 	0.038 	-0.104 	
61.748 	-18.972 	99.184 	-0.151 	-0.134 	0.142 	
70.738 	-103.561 	-3.751 	-0.141 	0.054 	-0.064 	
75.119 	-54.301 	-44.935 	0.098 	0.172 	0.063 	
-1079.837 	-152.462 	-48.825 	-0.718 	-0.066 	-0.025 	
246.025 	47.317 	69.396 	0.002 	0.008 	-0.092 	
137.394 	10.145 	105.109 	0.009 	-0.012 	0.131 	
16.247 	-85.477 	-12.787 	-0.043 	-0.051 	0.035 	
43.807 	-32.795 	17.709 	-0.077 	-0.039 	-0.194 	
129.627 	-62.902 	19.095 	-0.017 	0.016 	0.077 	
61.158 	-5.779 	48.019 	0.068 	0.016 	0.044 	
26.620 	-51.774 	32.616 	-0.128 	0.032 	-0.180 	
72.636 	-3.316 	16.845 	-0.189 	0.013 	-0.051 	
-32.717 	-54.632 	31.171 	-0.147 	-0.050 	0.006 	
626.614 	-102.282 	44.530 	0.419 	-0.083 	0.007 	
80.968 	-5.400 	42.740 	0.145 	-0.266 	0.024 	
47.439 	-48.429 	42.438 	0.005 	-0.123 	0.034 	
29.927 	13.720 	16.478 	-0.015 	0.165 	0.120 	
140.399 	-86.309 	63.671 	0.009 	0.059 	-0.056 	
-472.358 	-232.042 	-1041.225 	-0.191 	-0.102 	-0.425 	
72.303 	-3.551 	34.658 	-0.136 	-0.108 	-0.190 	
200.182 	-46.581 	-194.746 	0.045 	-0.024 	0.024 	
45.210 	-21.246 	31.988 	-0.000 	0.128 	0.077 	
102.878 	-92.329 	91.141 	0.028 	-0.020 	-0.076 	
35.485 	-91.451 	46.245 	0.001 	-0.088 	0.057 	
105.505 	-0.881 	28.976 	-0.083 	-0.092 	-0.077 	
93.641 	47.968 	-185.392 	0.018 	-0.036 	0.029 	
43.967 	-27.862 	-13.825 	-0.137 	0.015 	0.202 	
43.668 	-12.359 	33.874 	-0.123 	0.060 	0.085 	
155.956 	26.436 	63.031 	-0.023 	0.037 	-0.008 	
132.532 	-45.154 	-3.306 	-0.059 	-0.039 	-0.050 	
47.594 	-19.540 	-18.126 	-0.079 	0.021 	0.034 	
121.061 	-38.674 	-9.345 	-0.123 	-0.000 	0.073 	
342.118 	-109.963 	34.044 	0.050 	-0.097 	0.000 	
194.990 	-31.561 	54.619 	0.114 	-0.010 	0.046 	
43.938 	-36.268 	9.310 	0.011 	-0.051 	0.023 	
32.002 	-3.877 	26.753 	-0.140 	-0.050 	-0.107 	
136.671 	-32.993 	35.231 	-0.051 	-0.110 	-0.022 	
43.185 	-46.399 	17.607 	-0.068 	-0.125 	-0.164 	
31.198 	-30.681 	37.084 	-0.177 	-0.008 	0.036 	
62.459 	-27.015 	58.188 	-0.087 	0.067 	0.156 	
140.508 	-14.854 	-2.435 	-0.053 	-0.047 	-0.120 	
174.576 	-19.995 	-46.576 	-0.005 	0.024 	-0.067 	
120.731 	74.177 	25.441 	0.079 	-0.001 	-0.009 	
50.658 	22.566 	-29.854 	-0.067 	-0.122 	-0.076 	
35.847 	-17.029 	46.628 	0.016 	-0.102 	0.075 	
34.253 	-13.982 	13.705 	-0.038 	0.052 	0.230 	
75.073 	-37.747 	29.535 	-0.149 	-0.065 	-0.092 	
44.466 	-21.443 	11.525 	-0.166 	-0.172 	-0.077 	
111.224 	-59.972 	-38.243 	0.163 	-0.096 	-0.013 	
146.468 	-41.353 	-47.262 	0.004 	-0.130 	-0.151 	
-337.546 	-670.460 	607.207 	-0.185 	-0.291 	0.302 	
-78.007 	119.835 	-9.996 	0.067 	-0.031 	0.041 	
100.446 	31.032 	94.203 	-0.139 	0.043 	0.082 	
-121.623 	82.858 	232.391 	0.024 	-0.013 	0.033 	
-7.256 	-34.432 	33.847 	-0.045 	-0.042 	0.016 	
6.021 	-45.464 	10.009 	-0.061 	-0.001 	0.006 	
94.196 	19.067 	114.597 	-0.131 	-0.049 	0.063 	
24.545 	-23.822 	53.047 	-0.179 	-0.080 	-0.158 	
115.561 	-95.717 	91.625 	-0.058 	0.028 	0.034 	
111.806 	-32.557 	12.289 	-0.089 	0.076 	0.080 	
40.603 	-49.591 	29.140 	-0.205 	-0.152 	0.037 	
173.208 	-15.097 	-14.486 	0.012 	-0.088 	0.007 	
116.967 	-9.306 	-40.331 	-0.123 	0.042 	0.014 	
94.219 	-46.466 	-57.530 	-0.040 	-0.005 	0.031 	
145.057 	-31.425 	43.115 	-0.013 	-0.006 	0.004 	
-397.711 	1640.793 	163.660 	-0.193 	0.721 	0.084 	
95.700 	-72.984 	51.302 	0.073 	-0.011 	-0.212 	
38.788 	-4.439 	-19.333 	-0.069 	-0.024 	0.038 	
123.032 	-39.240 	-12.647 	-0.064 	-0.068 	0.125 	
49.526 	-250.378 	-124.638 	0.067 	-0.026 	-0.002 	
77.359 	-48.331 	39.732 	-0.071 	-0.126 	0.081 	
185.763 	-8.312 	24.940 	0.109 	0.092 	0.035 	
51.097 	-51.635 	26.901 	0.032 	0.014 	0.087 	
41.311 	-42.616 	20.465 	0.004 	0.109 	0.060 	
114.253 	31.352 	-32.828 	-0.016 	-0.003 	-0.127 	
7.662 	-24.760 	15.458 	-0.009 	-0.066 	-0.048 	
161.856 	36.619 	-76.474 	0.070 	0.044 	0.024 	
71.762 	73.311 	14.107 	-0.147 	-0.054 	-0.013 	
178.404 	15.186 	24.971 	-0.034 	0.027 	-0.050 	
149.348 	-8.759 	-13.899 	-0.077 	0.067 	0.076 	
179.216 	35.525 	12.266 	0.022 	-0.018 	-0.003 	
193.114 	-9.699 	70.579 	-0.106 	-0.014 	-0.029 	
122.530 	-74.507 	-35.751 	0.014 	-0.090 	-0.074 	
145.098 	8.427 	52.423 	-0.063 	-0.015 	0.032 	
41.739 	-18.496 	29.859 	-0.267 	0.043 	-0.033 	
164.464 	78.777 	-12.835 	0.061 	0.067 	-0.087 	
45.483 	-57.584 	30.120 	-0.077 	0.056 	0.050 	
33.447 	-38.658 	4.084 	0.190 	0.002 	-0.008 	
32.047 	1.802 	3.988 	-0.122 	-0.040 	-0.006 	
192.479 	-119.987 	-30.233 	0.042 	-0.032 	-0.045 	
-62.080 	-108.403 	71.664 	0.108 	0.042 	0.031 	
90.714 	-35.703 	6.998 	-0.203 	-0.102 	0.134 	
-25.834 	-29.592 	15.680 	-0.141 	-0.048 	0.048 	
179.708 	-6.566 	12.467 	0.112 	-0.074 	-0.113 	
127.047 	-116.442 	9.297 	-0.043 	-0.135 	0.041 	
25.151 	-53.119 	159.969 	-0.313 	-0.146 	0.208 	
57.313 	-18.766 	24.666 	-0.181 	0.013 	-0.201 	
64.296 	24.306 	24.640 	-0.033 	-0.096 	-0.000 	
27.440 	5.615 	35.917 	-0.131 	-0.049 	0.078 	
120.440 	-71.303 	-5.386 	-0.056 	-0.024 	0.096 	
184.521 	105.124 	31.378 	0.053 	0.030 	-0.022 	
47.436 	-3.248 	42.748 	-0.303 	-0.063 	0.056 	
199.124 	-138.938 	-323.537 	0.068 	-0.051 	-0.062 	
148.401 	34.569 	-2.419 	0.018 	-0.096 	-0.072 	
88.038 	-102.728 	-43.995 	-0.075 	-0.006 	-0.083 	
70.429 	11.734 	-64.081 	-0.025 	-0.087 	0.002 	
97.037 	17.263 	-58.610 	-0.037 	-0.067 	0.027 	
216.327 	-172.316 	101.093 	0.074 	0.032 	-0.011 	
-21.694 	-16.053 	121.446 	-0.243 	-0.063 	0.098 	
288.738 	-349.732 	-58.059 	0.099 	-0.124 	-0.011 	
-114.950 	-6.294 	-8.747 	-0.054 	-0.001 	-0.036 	
129.804 	-7.927 	3.346 	-0.093 	-0.103 	-0.048 	
58.247 	8.343 	18.836 	-0.091 	0.066 	0.050 	
-42.422 	-32.859 	2.919 	0.054 	0.084 	0.017 	
47.165 	-34.559 	10.465 	-0.085 	-0.088 	0.053 	
82.214 	21.797 	58.774 	-0.014 	-0.010 	0.031 	
77.953 	-7.370 	28.012 	-0.163 	-0.199 	0.140 	
103.964 	77.419 	-30.302 	-0.018 	0.102 	0.024 	
34.395 	-3.508 	28.047 	-0.289 	0.066 	-0.085 	
165.894 	81.107 	67.771 	-0.117 	0.014 	0.008 	
82.987 	-21.803 	25.044 	-0.087 	-0.054 	-0.015 	
88.080 	-286.321 	60.361 	0.080 	-0.021 	0.017 	
175.816 	1.223 	48.446 	0.031 	-0.036 	-0.069 	
19.456 	-41.757 	43.622 	-0.146 	-0.139 	-0.090 	
137.223 	-29.537 	156.715 	0.084 	0.048 	-0.074 	
116.186 	-45.674 	51.354 	-0.100 	0.125 	0.001 	
31.469 	-39.850 	-0.205 	0.004 	-0.048 	0.028 	
49.386 	11.464 	-23.083 	-0.008 	0.068 	-0.048 	
79.632 	10.265 	-82.979 	-0.109 	-0.014 	-0.067 	
75.839 	-7.563 	11.016 	-0.150 	-0.016 	-0.056 	
16.397 	21.242 	59.461 	-0.223 	0.040 	0.013 	
99.135 	-14.813 	-32.570 	-0.144 	0.081 	0.115 	
282.392 	74.332 	10.682 	0.079 	0.152 	-0.016 	
68.797 	-9.899 	24.549 	-0.148 	0.003 	-0.025 	
241.179 	-54.065 	155.965 	-0.029 	-0.038 	0.080 	
110.134 	-14.017 	-10.747 	-0.148 	-0.069 	0.068 	
65.279 	-33.682 	7.073 	-0.020 	-0.077 	0.096 	
-9.381 	-66.853 	44.273 	-0.043 	0.011 	0.014 	
149.549 	222.637 	375.530 	0.053 	0.065 	0.093 	
27.631 	-9.780 	9.795 	0.171 	-0.091 	0.137 	
107.690 	35.514 	41.721 	-0.090 	0.025 	-0.040 	
57.023 	-50.767 	50.255 	-0.191 	-0.141 	-0.037 	
690.981 	-774.841 	-12.418 	0.264 	-0.308 	0.004 	
76.294 	-40.485 	9.889 	-0.095 	0.170 	-0.104 	
95.446 	-81.663 	119.987 	-0.072 	-0.056 	0.073 	
80.288 	-79.978 	11.711 	0.054 	0.019 	-0.004 	
-3.847 	-52.847 	20.266 	-0.133 	-0.088 	-0.025 	
135.195 	-56.150 	39.824 	0.010 	0.133 	-0.038 	
95.155 	-106.153 	11.927 	-0.077 	-0.002 	0.106 	
-18.579 	-1.349 	52.236 	-0.088 	0.054 	0.020 	
17.780 	-70.685 	26.783 	-0.107 	-0.092 	-0.010 	
86.555 	15.159 	98.644 	-0.051 	-0.042 	-0.026 	
4.443 	0.597 	37.464 	-0.008 	0.019 	0.031 	
255.466 	-727.883 	20.789 	0.122 	-0.297 	-0.015 	
-1.736 	5.946 	-59.293 	0.117 	-0.112 	0.066 	
93.979 	-35.781 	35.035 	-0.229 	0.143 	-0.032 	
138.829 	-95.411 	88.332 	0.056 	-0.103 	0.095 	
264.331 	-56.024 	36.276 	0.008 	0.077 	-0.045 	
137.686 	-84.149 	-15.330 	0.108 	-0.073 	0.046 	
47.782 	-30.479 	14.670 	-0.129 	-0.087 	0.075 	
95.227 	-19.543 	-86.306 	-0.052 	0.052 	-0.010 	
162.474 	-113.613 	22.843 	0.075 	0.130 	-0.058 	
54.936 	-12.800 	14.511 	-0.048 	0.077 	0.121 	
129.990 	39.635 	10.452 	-0.004 	-0.084 	0.035 	
-101.533 	-93.661 	40.827 	0.084 	0.036 	0.068 	
-56.213 	-15.610 	135.244 	0.088 	-0.053 	-0.048 	
-9.338 	2.340 	38.549 	0.103 	0.036 	-0.051 	
70.263 	-52.894 	42.626 	0.061 	-0.079 	0.031 	
242.164 	-18.788 	127.335 	0.148 	-0.050 	0.094 	
103.110 	-34.755 	44.434 	-0.075 	0.045 	-0.019 	
12.228 	-45.139 	4.942 	-0.162 	-0.010 	0.050 	
129.681 	32.133 	-5.821 	-0.090 	0.067 	-0.004 	
41.881 	-34.176 	41.854 	-0.223 	0.094 	0.080 	
53.260 	-6.626 	23.237 	-0.188 	-0.099 	-0.019 	
37.952 	-19.064 	11.912 	-0.034 	-0.114 	0.034 	
16.282 	-30.220 	-14.263 	-0.115 	0.031 	-0.026 	
124.860 	-58.149 	99.969 	0.040 	-0.072 	0.099 	
123.063 	-44.551 	-6.492 	-0.068 	-0.069 	0.063 	
574.125 	1277.396 	-4580.257 	0.265 	0.621 	-2.368 	
150.134 	24.567 	-4.653 	0.010 	-0.040 	-0.073 	
105.171 	19.947 	12.083 	-0.146 	0.026 	0.031 	
-146.541 	-105.624 	-73.509 	0.023 	-0.034 	0.041 	
69.906 	-23.612 	50.361 	-0.107 	0.063 	0.157 	
39.779 	-19.478 	-1.550 	0.202 	0.044 	0.019 	
42.119 	-11.650 	16.305 	-0.152 	0.086 	-0.109 	
217.553 	27.708 	95.780 	0.098 	0.031 	-0.012 	
80.513 	-8.191 	0.010 	-0.208 	-0.051 	-0.074 	
30.866 	-79.723 	41.738 	-0.128 	0.116 	-0.091 	
118.588 	-21.856 	-7.653 	-0.097 	0.122 	0.046 	
-29.094 	-65.077 	10.909 	-0.104 	-0.068 	-0.046 	
106.416 	-68.953 	-16.314 	-0.033 	-0.013 	-0.019 	
50.099 	-34.493 	12.245 	-0.162 	-0.211 	0.062 	
57.271 	-45.704 	10.211 	-0.186 	0.150 	-0.153 	
80.982 	-21.693 	21.151 	-0.154 	0.012 	0.143 	
31.195 	-6.785 	22.974 	-0.085 	-0.003 	0.016 	
156.103 	-25.716 	96.483 	0.052 	-0.054 	0.032 	
159.317 	7.313 	2.216 	-0.055 	0.049 	-0.185 	
50.994 	-28.732 	44.255 	-0.117 	-0.046 	0.073 	
24.905 	-18.506 	16.894 	-0.182 	0.045 	0.120 	
129.138 	-29.351 	8.897 	-0.133 	0.019 	0.085 	
12.669 	-59.051 	-71.721 	0.123 	-0.035 	0.125 	
86.595 	-132.662 	37.062 	-0.117 	0.013 	0.033 	
116.606 	-52.189 	100.582 	0.119 	-0.007 	0.082 	
394.665 	-109.837 	-160.463 	0.114 	-0.075 	-0.069 	
59.647 	-23.164 	11.694 	0.078 	-0.032 	-0.072 	
50.018 	-98.046 	50.219 	-0.201 	-0.009 	-0.006 	
116.780 	-48.001 	-13.134 	-0.041 	-0.139 	0.019 	
-26.590 	-21.012 	7.206 	-0.096 	0.011 	0.025 	
101.501 	10.575 	107.648 	-0.093 	0.046 	-0.044 	
107.668 	46.457 	48.636 	0.065 	0.084 	-0.107 	
102.175 	-20.274 	32.463 	-0.264 	-0.032 	0.080 	
-226.861 	6.958 	84.473 	-0.021 	-0.037 	0.026 	
133.831 	0.504 	-35.330 	-0.048 	0.068 	-0.032 	
33.926 	7.277 	12.534 	-0.110 	-0.069 	0.061 	
196.954 	-68.183 	-16.026 	-0.119 	0.022 	-0.005 	
60.446 	-23.708 	39.534 	-0.143 	-0.027 	-0.177 	
111.605 	17.399 	24.919 	-0.083 	0.017 	-0.096 	
74.720 	-31.556 	27.039 	-0.009 	-0.140 	0.168 	
140.508 	-135.439 	120.841 	-0.055 	-0.006 	0.007 	
74.670 	-24.967 	-10.367 	-0.040 	0.164 	0.089 	
127.267 	-194.861 	39.151 	0.081 	0.050 	-0.034 	
-3.611 	6.729 	1.617 	-0.011 	0.008 	0.026 	
106.206 	-98.749 	-63.083 	-0.091 	-0.034 	-0.041 	
1269.570 	447.710 	521.395 	0.572 	0.234 	0.256 	
48.698 	7.637 	-41.636 	-0.138 	0.026 	0.054 	
73.589 	14.301 	2.312 	-0.052 	-0.008 	0.084 	
40.073 	-42.210 	-17.977 	-0.039 	-0.053 	0.079 	
-0.402 	-1.013 	23.073 	-0.082 	-0.060 	0.057 	
256.774 	28.147 	76.168 	-0.043 	0.075 	0.065 	
24.410 	-14.022 	-26.449 	0.010 	0.058 	-0.010 	
165.284 	-5.062 	3.044 	0.039 	-0.010 	0.126 	
94.568 	-66.855 	-6.195 	-0.177 	0.073 	0.041 	
65.562 	-12.022 	19.396 	-0.081 	-0.142 	-0.155 	
77.336 	-68.176 	64.607 	-0.015 	0.103 	-0.038 	
174.451 	-29.083 	33.524 	0.073 	-0.045 	0.014 	
99.742 	-41.058 	-0.964 	-0.108 	0.027 	0.189 	
18.692 	-40.076 	-7.296 	0.121 	0.061 	-0.106 	
93.575 	-285.823 	459.727 	-0.039 	-0.091 	0.186 	
43.367 	-15.274 	30.292 	0.113 	-0.016 	0.159 	
71.917 	-69.336 	-51.767 	0.120 	-0.073 	0.048 	
-0.215 	17.692 	30.126 	0.123 	-0.091 	-0.073 	
90.124 	-4.590 	13.472 	0.058 	0.011 	-0.003 	
-47.526 	31.028 	48.828 	-0.042 	-0.063 	-0.020 	
-28.636 	-45.332 	-89.449 	-0.021 	-0.052 	-0.143 	
189.962 	-9.280 	48.947 	0.214 	-0.018 	0.109 	
-45.537 	-2.649 	119.869 	-0.069 	0.038 	0.100 	
-3.831 	-75.935 	81.007 	-0.135 	-0.071 	0.020 	
-16.001 	61.404 	26.648 	0.076 	-0.016 	0.067 	
110.071 	-23.824 	-0.792 	0.133 	-0.019 	-0.099 	
-15.521 	26.623 	20.491 	0.132 	-0.061 	0.052 	
-50.962 	-11.171 	73.471 	0.030 	0.057 	-0.014 	
88.327 	-5.299 	-4.705 	0.026 	0.055 	-0.151 	
32.886 	12.288 	35.737 	0.148 	0.003 	-0.069 	
107.378 	12.675 	13.068 	0.043 	0.050 	0.015 	
4.150 	7.319 	-78.624 	-0.025 	0.041 	0.032 	
-40.794 	-10.351 	58.183 	-0.085 	-0.083 	-0.056 	
107.221 	-21.241 	18.966 	0.093 	0.030 	0.025 	
37.261 	-30.483 	-28.860 	0.056 	-0.056 	0.067 	
-209.421 	64.387 	-397.923 	-0.254 	0.096 	-0.318 	
-8.140 	-97.509 	98.898 	0.051 	-0.098 	0.152 	
144.559 	-34.626 	39.707 	-0.052 	0.017 	0.028 	
-42.683 	-68.226 	-106.268 	-0.011 	-0.010 	-0.032 	
24.368 	-61.131 	44.160 	0.161 	0.038 	0.053 	
45.358 	-12.940 	-63.409 	0.057 	-0.071 	0.088 	
113.523 	14.742 	25.420 	0.057 	-0.063 	0.091 	
27.654 	-59.919 	6.300 	0.113 	-0.034 	0.063 	
-36.262 	5.179 	-8.261 	-0.118 	-0.044 	0.029 	
72.231 	-114.141 	7.671 	0.155 	-0.107 	0.006 	
-284.238 	-63.556 	-93.263 	-0.124 	-0.051 	0.035 	
-61.638 	-17.480 	71.581 	-0.026 	0.058 	0.026 	
-43.983 	-87.415 	50.459 	0.032 	0.013 	0.036 	
-2.419 	-90.416 	58.149 	-0.059 	0.012 	0.051 	
109.450 	-20.913 	31.794 	-0.005 	-0.135 	0.040 	
72.317 	-59.160 	37.099 	0.142 	-0.060 	-0.048 	
99.645 	-15.125 	-19.664 	0.208 	-0.092 	-0.000 	
102.172 	-8.591 	80.860 	-0.206 	-0.102 	-0.059 	
46.205 	-54.793 	-17.852 	0.063 	0.112 	-0.122 	
56.247 	-3.203 	-2.214 	0.027 	0.141 	0.092 	
-88.018 	-78.649 	34.670 	-0.005 	-0.067 	-0.050 	
90.453 	-75.282 	-34.122 	0.056 	0.104 	-0.040 	
74.156 	-28.916 	-9.142 	0.097 	0.192 	0.073 	
47.895 	20.938 	77.055 	-0.136 	-0.170 	-0.048 	
-32.847 	-109.447 	90.659 	-0.013 	-0.108 	0.041 	
-26.126 	29.430 	49.120 	0.041 	0.130 	-0.096 	
-8.310 	3.178 	35.860 	-0.025 	-0.062 	-0.027 	
97.718 	-14.253 	29.025 	0.148 	0.105 	-0.081 	
67.242 	-2.630 	12.910 	0.152 	-0.018 	0.033 	
-36.312 	15.480 	44.138 	0.090 	-0.010 	0.018 	
279.260 	-342.478 	185.769 	0.015 	-0.112 	0.068 	
61.693 	-22.555 	28.187 	0.179 	-0.146 	0.066 	
70.931 	-4.151 	3.709 	0.027 	-0.054 	0.048 	
-41.710 	70.206 	165.032 	-0.021 	-0.067 	-0.022 	
124.197 	-58.558 	6.763 	0.061 	-0.045 	-0.022 	
55.634 	-9.353 	18.293 	0.117 	0.048 	0.158 	
16.252 	-54.089 	1.787 	0.037 	-0.009 	0.074 	
80.761 	-49.191 	44.294 	0.139 	0.109 	-0.114 	
-42.032 	-49.619 	39.496 	-0.049 	0.052 	0.067 	
2.798 	-61.408 	-0.846 	0.102 	0.074 	-0.046 	
30.002 	-26.448 	58.852 	-0.150 	0.027 	0.192 	
-8.666 	-53.957 	116.130 	0.025 	-0.097 	0.122 	
26.874 	-86.384 	-17.660 	0.012 	0.056 	0.030 	
80.472 	-36.630 	8.383 	0.172 	0.106 	0.002 	
66.267 	-36.031 	47.466 	0.153 	0.046 	0.103 	
-15.186 	-91.336 	8.758 	-0.117 	-0.073 	0.064 	
7357.820 	2027.480 	4503.011 	5.490 	1.541 	3.410 	
-38.713 	28.028 	37.621 	0.067 	-0.051 	-0.048 	
64.485 	-39.769 	-18.339 	0.217 	-0.049 	-0.101 	
102.954 	-16.614 	10.566 	0.053 	-0.053 	-0.010 	
76.074 	-32.718 	9.276 	0.093 	0.064 	0.042 	
5.810 	25.960 	78.093 	-0.127 	0.037 	0.091 	
40.732 	-41.602 	-0.997 	0.131 	0.025 	0.060 	
134.634 	13.877 	10.007 	0.012 	0.060 	0.007 	
28.200 	-112.559 	62.518 	-0.059 	-0.044 	-0.018 	
122.373 	-8.698 	37.797 	0.121 	0.127 	-0.082 	
77.143 	-52.066 	-6.229 	0.124 	0.207 	0.053 	
173.376 	-41.953 	77.817 	0.070 	-0.057 	-0.103 	
34.349 	-3.260 	21.918 	-0.226 	-0.061 	-0.190 	
41.668 	-146.596 	15.180 	0.090 	-0.006 	0.013 	
-97.468 	304.048 	-72.392 	-0.110 	0.243 	-0.087 	
254.664 	40.286 	-13.474 	0.097 	0.042 	-0.037 	
-9.120 	-99.921 	67.895 	0.019 	0.022 	0.096 	
44.401 	-77.418 	-25.860 	0.047 	-0.097 	0.106 	
90.026 	-20.595 	-23.603 	0.088 	-0.010 	0.006 	
-83.532 	-3.713 	-44.511 	-0.108 	-0.028 	-0.018 	
-14.052 	-75.178 	76.884 	-0.073 	-0.027 	0.085 	
26.536 	-15.129 	6.790 	0.078 	-0.074 	-0.131 	
14.853 	-0.646 	100.598 	0.033 	-0.029 	0.079 	
1.970 	-101.151 	6.641 	0.163 	-0.113 	0.024 	
27.052 	-58.816 	30.350 	0.061 	0.025 	0.132 	
26.625 	-54.989 	8.260 	0.095 	0.044 	0.188 	
477.439 	48.383 	-51.660 	0.107 	0.005 	-0.019 	
71.224 	-7.265 	-0.983 	-0.020 	0.099 	0.147 	
36.244 	-33.930 	-14.686 	0.080 	-0.138 	0.124 	
-16.748 	-64.836 	98.731 	0.030 	0.015 	-0.046 	
72.049 	-38.797 	27.737 	0.199 	0.116 	-0.027 	
-21.389 	-66.263 	-19.363 	-0.125 	-0.085 	0.004 	
70.971 	-34.414 	11.648 	0.203 	0.143 	-0.101 	
46.625 	-129.361 	15.665 	0.105 	-0.102 	0.039 	
-16.636 	-104.990 	5.804 	-0.024 	0.034 	-0.009 	
56.289 	-89.464 	80.382 	0.173 	0.037 	-0.013 	
90.456 	-5.930 	9.406 	-0.045 	-0.086 	-0.013 	
62.438 	-60.808 	82.807 	-0.128 	0.122 	-0.109 	
54.417 	13.176 	36.500 	-0.236 	0.116 	-0.029 	
-92.634 	-31.711 	35.416 	-0.113 	-0.003 	0.001 	
31.523 	-6.243 	26.003 	-0.208 	0.134 	-0.105 	
1.274 	-129.959 	246.350 	-0.073 	-0.031 	0.166 	
1.915 	-6.210 	94.303 	0.029 	0.046 	0.091 	
96.357 	-50.838 	20.070 	-0.007 	-0.006 	-0.048 	
68.638 	-17.754 	22.588 	0.193 	-0.042 	0.136 	
66.829 	-47.693 	9.794 	0.170 	-0.070 	-0.108 	
152.604 	-11.641 	13.469 	0.044 	0.110 	-0.105 	
53.255 	-28.505 	-30.531 	0.130 	0.044 	0.079 	
-57.555 	-39.236 	38.488 	0.036 	-0.024 	0.197 	
74.511 	-17.651 	1.691 	0.117 	0.179 	0.052 	
63.063 	29.012 	4.068 	0.136 	-0.122 	-0.040 	
71.774 	0.101 	25.518 	0.186 	-0.081 	-0.061 	
353.707 	230.657 	-116.736 	0.451 	0.283 	-0.168 	
95.549 	-24.439 	66.210 	0.109 	-0.025 	0.013 	
-53.359 	8.163 	13.054 	-0.130 	-0.022 	0.019 	
-9.660 	-69.457 	75.093 	-0.134 	-0.055 	0.015 	
-38.651 	19.294 	45.762 	0.018 	0.049 	0.009 	
-45.203 	86.083 	-58.753 	-0.027 	0.044 	-0.075 	
-89.612 	-48.249 	6.848 	-0.031 	0.075 	0.006 	
26.002 	7.905 	12.058 	0.193 	0.004 	0.007 	
65.222 	-38.624 	-34.587 	0.156 	-0.080 	-0.042 	
53.603 	-37.560 	-6.583 	0.125 	0.151 	0.073 	
-72.894 	-107.588 	45.222 	-0.078 	-0.008 	-0.039 	
-96.716 	-64.053 	18.735 	-0.104 	0.038 	-0.011 	
31.656 	-22.967 	53.538 	0.137 	0.019 	0.089 	
103.402 	4.715 	12.682 	0.033 	-0.084 	-0.009 	
55.913 	-6.308 	25.343 	-0.165 	-0.157 	0.237 	
27.964 	4.441 	18.332 	0.191 	-0.013 	0.046 	
123.509 	23.350 	9.208 	-0.218 	-0.160 	-0.020 	
69.021 	32.796 	91.083 	0.145 	0.035 	-0.045 	
-7.079 	-11.963 	68.466 	0.034 	-0.063 	-0.010 	
-15.412 	46.535 	35.120 	-0.056 	0.169 	0.006 	
153.832 	-13.791 	50.569 	0.185 	-0.003 	-0.015 	
74.535 	-20.552 	21.501 	0.182 	-0.032 	-0.147 	
-27.329 	-43.477 	57.598 	-0.051 	-0.069 	-0.050 	
63.150 	-1.469 	49.503 	0.176 	-0.103 	-0.114 	
-21.464 	-66.732 	42.435 	-0.014 	-0.032 	0.139 	
-63.598 	-112.341 	32.847 	-0.019 	-0.039 	0.028 	
107.268 	-16.104 	32.967 	-0.001 	0.131 	0.017 	
49.242 	-15.972 	55.318 	0.160 	0.058 	-0.036 	
-29.241 	-31.327 	2.276 	0.057 	0.002 	-0.098 	
-48.469 	-75.633 	-32.347 	-0.097 	-0.035 	0.016 	
37.058 	-62.008 	12.946 	-0.115 	-0.157 	0.166 	
72.431 	-28.996 	-16.723 	0.143 	0.142 	0.094 	
9.050 	-9.311 	22.821 	0.100 	-0.061 	0.123 	
8.897 	-1.482 	-21.348 	0.146 	-0.026 	-0.074 	
104.886 	-48.547 	-18.833 	0.078 	0.043 	-0.007 	
-78.237 	-45.165 	-3.877 	-0.160 	0.009 	0.058 	
115.749 	-8.191 	17.381 	-0.012 	0.010 	-0.100 	
-34.574 	83.711 	155.657 	-0.037 	-0.049 	-0.032 	
29.874 	-26.960 	-22.376 	-0.085 	-0.165 	-0.134 	
113.029 	-10.021 	31.772 	0.068 	-0.003 	0.030 	
68.343 	-9.531 	42.017 	0.197 	0.015 	0.095 	
782.480 	121.946 	-1532.109 	0.277 	0.060 	-0.629 	
-2016.195 	-9247.316 	-14542.489 	-1.525 	-7.107 	-11.197 	
-13.631 	-52.149 	144.460 	-0.090 	-0.021 	0.142 	
67.528 	8.918 	17.527 	0.044 	0.014 	-0.068 	
68.338 	-59.451 	2.661 	0.024 	0.098 	0.143 	
62.367 	-25.009 	19.118 	0.229 	0.043 	-0.068 	
-24.756 	-0.650 	-18.949 	0.075 	0.011 	0.006 	
-42.911 	-82.486 	54.388 	0.010 	-0.098 	0.003 	
79.283 	-25.730 	13.497 	0.020 	-0.008 	-0.019 	
96.859 	13.354 	38.643 	0.110 	-0.127 	0.125 	
13.195 	-135.268 	-27.165 	0.061 	-0.042 	0.045 	
102.029 	-247.154 	-148.647 	-0.088 	-0.044 	0.000 	
128.288 	-122.722 	-28.834 	0.347 	-0.181 	-0.083 	
-39.069 	-98.373 	62.931 	0.035 	-0.014 	-0.054 	
-6.118 	-88.103 	3.855 	-0.023 	0.044 	-0.093 	
-99.660 	8.781 	0.131 	-0.020 	-0.022 	0.041 	
-5.059 	-109.278 	83.379 	-0.045 	-0.075 	0.035 	
373.510 	130.497 	-50.970 	0.572 	0.212 	-0.098 	
81.259 	-8.533 	-24.313 	0.061 	0.089 	-0.087 	
90.786 	-29.809 	4.272 	0.215 	-0.242 	-0.168 	
100.232 	-16.432 	33.018 	-0.037 	0.039 	0.094 	
56.302 	-41.306 	4.093 	0.167 	0.067 	-0.054 	
-110.155 	-10.653 	19.633 	-0.028 	-0.045 	-0.044 	
7.331 	-55.689 	39.855 	0.044 	0.120 	-0.025 	
7.651 	27.552 	-68.602 	0.089 	0.006 	-0.113 	
70.114 	-7.494 	40.000 	-0.261 	0.087 	0.109 	
-63.601 	-72.685 	-19.695 	-0.014 	-0.035 	0.077 	
12.345 	-97.731 	18.925 	0.106 	-0.021 	0.069 	
-32.029 	-141.466 	34.080 	-0.028 	-0.157 	0.020 	
17.322 	-31.606 	-21.721 	0.128 	0.070 	0.003 	
83.701 	6.617 	16.079 	-0.033 	-0.036 	0.088 	
25.433 	-107.970 	-49.423 	0.085 	0.038 	-0.060 	
-64.458 	-10.606 	14.325 	0.031 	-0.003 	0.052 	
-36.268 	7.668 	-26.652 	-0.007 	0.014 	-0.091 	
107.450 	17.760 	47.604 	0.089 	-0.018 	-0.058 	
23.096 	-24.974 	79.694 	0.059 	-0.120 	-0.025 	
53.535 	-17.348 	0.359 	0.190 	-0.053 	0.228 	
54.211 	17.594 	-2.134 	0.061 	-0.076 	-0.002 	
87.488 	-10.541 	22.527 	0.005 	0.023 	0.119 	
110.870 	-40.476 	23.864 	0.029 	-0.181 	-0.021 	
99.236 	-53.859 	19.116 	0.118 	-0.041 	0.043 	
29.331 	-5.457 	21.110 	0.102 	-0.005 	0.193 	
18.311 	-15.375 	35.976 	-0.234 	0.020 	0.015 	
-104.344 	-8.345 	30.546 	-0.194 	0.072 	0.070 	
113.239 	-2.997 	1.089 	0.159 	-0.194 	-0.044 	
-2.184 	96.643 	60.443 	0.064 	0.022 	0.034 	
15.153 	-43.383 	-14.359 	0.095 	0.029 	0.047 	
-1311.002 	741.560 	455.983 	-1.006 	0.617 	0.365 	
98.261 	-35.833 	29.016 	0.013 	0.134 	-0.003 	
-76.467 	11.666 	42.157 	-0.098 	0.063 	-0.019 	
-59.984 	-20.769 	66.609 	-0.123 	-0.069 	0.042 	
-96.706 	-39.409 	6.371 	-0.067 	-0.012 	-0.008 	
15.887 	-52.219 	-47.124 	-0.000 	-0.093 	0.012 	
111.487 	-4.162 	2.041 	0.138 	0.047 	0.054 	
87.703 	-48.375 	-9.198 	0.006 	-0.016 	0.030 	
87.472 	-10.034 	29.284 	0.002 	0.021 	-0.086 	
-54.298 	-74.242 	-19.075 	-0.047 	-0.153 	0.039 	
28.526 	14.787 	25.034 	0.076 	0.112 	-0.060 	
-27.197 	-32.460 	25.254 	0.043 	-0.017 	-0.003 	
-333.037 	190.061 	-115.443 	-0.197 	0.052 	-0.039 	
20.812 	-63.845 	-11.989 	0.118 	0.023 	0.126 	
99.915 	-12.776 	30.538 	0.020 	-0.119 	0.068 	
55.835 	-48.762 	36.496 	0.035 	0.061 	0.144 	
-38.105 	-48.656 	5.055 	-0.001 	0.039 	-0.039 	
52.261 	-25.469 	27.833 	0.181 	-0.083 	0.119 	
82.421 	-45.282 	20.099 	-0.010 	0.079 	-0.037 	
70.249 	-55.734 	13.405 	0.178 	0.079 	0.033 	
-13.242 	30.534 	-40.852 	-0.081 	0.021 	-0.023 	
100.245 	-39.587 	12.298 	0.092 	0.086 	-0.029 	
64.435 	54.893 	71.787 	0.065 	0.035 	-0.050 	
-0.722 	-22.576 	84.889 	0.064 	0.071 	-0.046 	
29.508 	-51.271 	27.044 	0.103 	0.041 	0.128 	
71.553 	-35.816 	41.730 	-0.013 	-0.033 	-0.016 	
87.375 	-44.778 	51.958 	0.107 	0.097 	0.088 	
7.386 	-10.635 	-13.054 	0.179 	0.046 	-0.010 	
83.466 	-27.267 	14.189 	0.135 	0.101 	0.018 	
102.048 	-30.638 	-11.551 	0.017 	0.047 	-0.027 	
12.326 	-76.197 	23.871 	-0.045 	-0.233 	0.124 	
139.056 	-40.545 	46.282 	0.071 	-0.079 	0.079 	
40.165 	-21.978 	51.510 	0.044 	-0.036 	-0.114 	
-75.293 	32.114 	-178.932 	-0.067 	0.077 	-0.241 	
82.218 	20.313 	42.012 	0.101 	0.028 	-0.011 	
112.211 	12.102 	30.677 	0.131 	-0.011 	-0.025 	
-44.396 	-11.860 	-39.417 	-0.044 	0.037 	0.030 	
-34.013 	-29.588 	22.615 	-0.057 	0.114 	-0.060 	
58.116 	-32.837 	-4.486 	0.051 	0.182 	0.103 	
40.254 	-95.845 	117.830 	0.089 	-0.004 	0.052 	
388.669 	-1759.244 	1241.056 	0.104 	-1.020 	0.718 	
149.349 	-43.986 	29.266 	0.036 	0.132 	-0.079 	
-61.529 	18.724 	-56.537 	0.059 	0.123 	0.012 	
97.844 	-27.654 	-0.814 	0.011 	0.027 	-0.110 	
86.452 	13.782 	28.452 	0.100 	-0.076 	-0.152 	
-55.917 	-84.842 	43.797 	-0.167 	-0.043 	0.061 	
59.520 	85.905 	109.496 	-0.093 	-0.080 	-0.051 	
-23.384 	-56.842 	68.420 	0.029 	-0.171 	0.071 	
-117.288 	-124.268 	-8.017 	-0.170 	-0.156 	-0.027 	
37.828 	-46.977 	40.865 	-0.046 	-0.031 	-0.060 	
109.897 	-18.486 	16.942 	0.161 	0.111 	-0.013 	
-74.843 	-40.679 	-0.927 	-0.095 	0.018 	-0.053 	
70.800 	-49.042 	-11.554 	0.101 	-0.028 	-0.160 	
639.614 	-938.339 	-789.468 	0.263 	-0.441 	-0.392 	
-20.174 	32.387 	20.359 	0.150 	-0.028 	0.001 	
1.502 	67.451 	51.213 	0.106 	0.108 	0.068 	
13.667 	-23.391 	28.928 	0.127 	-0.145 	-0.010 	
-38.929 	-17.099 	18.604 	0.016 	-0.034 	-0.083 	
-30.959 	-70.117 	-13.404 	0.022 	0.062 	0.027 	
7.367 	-58.223 	-58.319 	-0.024 	-0.165 	-0.107 	
-87.089 	-38.947 	5.071 	-0.071 	0.066 	0.069 	
-46.601 	-25.133 	39.921 	-0.181 	-0.032 	-0.077 	
-34.645 	5.927 	33.965 	-0.124 	-0.047 	-0.053 	
48.834 	51.794 	-39.228 	-0.094 	-0.113 	0.099 	
-43.058 	-117.543 	44.060 	-0.050 	-0.079 	0.058 	
-77.803 	-41.963 	-8.344 	-0.101 	-0.058 	0.002 	
67.213 	-35.603 	53.130 	0.228 	-0.017 	0.045 	
68.890 	-76.788 	-13.526 	0.006 	0.060 	0.013 	
36.461 	-3.303 	97.763 	0.122 	0.113 	-0.007 	
-112.126 	-17.623 	-8.105 	-0.023 	-0.120 	-0.115 	
27.259 	-74.440 	82.689 	0.042 	0.074 	0.056 	
-11.508 	19.055 	0.458 	0.100 	0.185 	0.048 	
156.067 	12.264 	39.546 	0.076 	-0.098 	-0.039 	
-505.376 	-1068.648 	4830.683 	-0.288 	-0.579 	2.449 	
87.270 	13.221 	30.424 	0.229 	0.200 	-0.057 	
33.491 	-73.638 	120.742 	0.099 	-0.052 	-0.015 	
27.716 	-143.707 	92.905 	-0.116 	0.064 	-0.063 	
50.924 	27.860 	-46.701 	0.049 	0.043 	-0.081 	
44.112 	-59.406 	56.362 	-0.026 	-0.106 	-0.009 	
82.431 	28.232 	100.734 	0.076 	-0.045 	0.023 	
-68.043 	-74.903 	13.386 	0.059 	-0.138 	-0.106 	
-39.811 	-37.563 	5.587 	0.012 	0.009 	0.035 	
-24.453 	-6.909 	31.547 	0.035 	-0.064 	0.117 	
33.794 	-59.457 	46.065 	0.065 	-0.058 	-0.095 	
2.128 	-79.320 	73.225 	-0.059 	-0.051 	0.029 	
26.239 	-26.052 	83.527 	-0.098 	0.038 	0.127 	
119.264 	-36.022 	25.484 	0.152 	-0.011 	0.100 	
-124.655 	-514.130 	28.791 	-0.138 	-0.410 	-0.007 	
79.995 	-18.663 	54.639 	0.111 	0.065 	-0.088 	
39.629 	-44.728 	53.438 	0.133 	-0.064 	-0.013 	
156.343 	10.415 	-9.829 	-0.012 	0.104 	-0.040 	
31.437 	-41.717 	-23.110 	0.091 	0.016 	-0.012 	
-1.499 	7.692 	109.822 	0.149 	-0.025 	0.033 	
119.766 	20.155 	6.967 	-0.161 	-0.161 	-0.035 	
39.365 	-41.170 	20.969 	0.089 	0.077 	0.115 	
25.883 	-107.293 	55.602 	-0.058 	-0.168 	0.067 	
-43.311 	-28.431 	-30.324 	-0.041 	0.005 	0.077 	
11.553 	-5.956 	13.150 	0.159 	0.089 	-0.034 	
97.247 	-38.474 	-14.324 	0.042 	-0.110 	-0.054 	
4.407 	-47.453 	23.303 	-0.050 	0.158 	0.210 	
12.738 	-77.095 	23.631 	-0.017 	0.146 	-0.055 	
-49.337 	108.397 	-403.293 	-0.062 	0.021 	-0.107 	
-40.209 	-20.568 	-18.623 	-0.081 	-0.033 	-0.025 	
-229.956 	25.783 	-104.589 	-0.266 	0.069 	-0.183 	
-90.237 	-37.011 	32.297 	-0.073 	-0.019 	-0.046 	
69.574 	27.569 	1.331 	0.096 	-0.059 	0.157 	
19.687 	1.497 	57.428 	0.174 	-0.052 	0.061 	
52.023 	-2.260 	-25.649 	0.159 	0.046 	-0.035 	
95.621 	-24.331 	49.094 	-0.010 	-0.096 	-0.007 	
21.207 	-55.979 	56.780 	0.131 	-0.053 	-0.023 	
57.853 	1.686 	19.887 	0.158 	-0.055 	-0.054 	
-95.725 	203.382 	-29.102 	-0.088 	-0.001 	0.010 	
60.323 	-15.991 	120.938 	-0.018 	-0.039 	0.149 	
-5.802 	-26.817 	-58.327 	-0.056 	0.012 	-0.133 	
-95.750 	13.592 	-24.453 	-0.108 	0.048 	0.004 	
-841.361 	1104.786 	629.556 	-0.465 	0.560 	0.303 	
127.036 	85.494 	-62.839 	-0.105 	-0.039 	0.071 	
-91.443 	-74.704 	7.100 	-0.053 	-0.114 	-0.014 	
-56.925 	-83.928 	32.597 	-0.130 	-0.063 	0.030 	
-39.130 	-50.107 	99.330 	-0.007 	-0.041 	0.030 	
50.092 	-80.102 	14.579 	0.092 	0.008 	-0.119 	
84.676 	-49.999 	41.432 	-0.224 	0.139 	0.144 	
28.292 	-101.174 	-45.536 	0.092 	0.009 	-0.020 	
107.561 	-20.149 	26.157 	0.210 	-0.054 	0.073 	
-86.775 	80.859 	-13.318 	-0.087 	-0.098 	0.068 	
-8.844 	0.807 	114.936 	-0.076 	0.009 	0.111 	
10.422 	-55.109 	-36.430 	0.154 	0.089 	-0.110 	
82.683 	26.059 	-33.494 	0.010 	0.050 	-0.102 	
128.869 	-25.556 	24.079 	0.127 	0.008 	0.133 	
21.030 	-85.810 	0.138 	-0.095 	-0.049 	-0.054 	
56.615 	-38.674 	-44.250 	0.064 	-0.075 	0.056 	
-97.669 	17.325 	-36.516 	0.032 	0.104 	0.007 	
80.570 	-52.893 	59.616 	0.060 	-0.031 	-0.103 	
-93.140 	11.796 	88.107 	-0.099 	0.010 	-0.002 	
-8.428 	9.089 	-50.584 	0.086 	-0.083 	-0.042 	
139.286 	-16.235 	-10.398 	0.187 	-0.074 	-0.089 	
86.587 	-65.265 	0.664 	0.118 	-0.034 	0.129 	
3.230 	-76.017 	-38.328 	-0.134 	-0.102 	-0.052 	
-66.905 	-151.449 	65.569 	-0.078 	-0.052 	-0.013 	
62.155 	-28.848 	30.086 	0.082 	0.103 	0.013 	
-66.080 	-49.461 	-29.797 	0.041 	-0.155 	0.065 	
93.809 	-295.388 	11.652 	-0.088 	-0.044 	-0.012 	
-58.985 	3.210 	-79.853 	-0.071 	-0.044 	-0.099 	
2.212 	-90.144 	77.808 	-0.059 	-0.146 	0.057 	
124.199 	39.316 	22.679 	0.011 	0.014 	0.050 	
-34.999 	-10.684 	70.645 	-0.120 	0.026 	-0.042 	
14.326 	-24.441 	4.493 	0.214 	0.065 	-0.112 	
-29.919 	11.339 	40.092 	0.023 	0.069 	0.081 	
581.434 	892.534 	908.846 	0.154 	0.347 	0.365 	
12.992 	7.891 	16.590 	0.053 	-0.063 	-0.076 	
81.047 	1972.935 	-1281.068 	-0.072 	1.122 	-0.729 	
106.738 	-12.152 	39.077 	0.012 	0.084 	0.110 	
-19.795 	21.207 	34.786 	0.007 	0.034 	0.030 	
-57.759 	18.752 	57.608 	-0.057 	-0.007 	-0.069 	
127.362 	3.182 	-4.675 	0.039 	-0.083 	0.097 	
1833.831 	9093.787 	14972.886 	1.431 	6.974 	11.464 	
15.730 	8.326 	-12.946 	0.092 	-0.145 	-0.013 	
-2.075 	-21.706 	76.506 	-0.076 	-0.116 	0.176 	
53.142 	-46.702 	-17.617 	0.209 	0.106 	0.095 	
-33.102 	9.038 	106.662 	0.035 	0.019 	0.172 	
-12.887 	-88.950 	57.648 	-0.110 	-0.118 	-0.013 	
-29.834 	-122.415 	32.504 	-0.022 	-0.031 	-0.031 	
7.702 	-27.015 	8.958 	0.130 	-0.169 	0.033 	
-86.628 	330.345 	8.629 	-0.116 	0.068 	-0.017 	
-12.850 	-61.771 	33.896 	0.139 	-0.165 	0.090 	
190.720 	-35.143 	55.365 	0.287 	-0.111 	0.117 	
19.923 	-17.982 	-9.044 	0.070 	-0.108 	-0.125 	
87.502 	8.083 	11.775 	0.050 	-0.037 	-0.071 	
31.107 	-28.863 	95.804 	-0.065 	0.002 	0.125 	
-47.678 	-127.915 	-0.091 	-0.089 	0.111 	0.070 	
-58.031 	12.748 	20.406 	-0.042 	0.006 	-0.041 	
47.159 	-9.159 	4.136 	0.215 	0.095 	-0.054 	
88.135 	-42.287 	-2.659 	0.198 	0.018 	-0.029 	
84.002 	-34.451 	42.563 	0.091 	0.058 	0.175 	
6.405 	2.373 	-12.795 	0.052 	0.063 	0.137 	
68.212 	2.127 	28.049 	0.137 	-0.148 	0.043 	
91.292 	27.781 	37.315 	0.112 	-0.025 	0.040 	
179.091 	-253.846 	181.328 	0.159 	-0.227 	0.125 	
-245.508 	231.829 	49.513 	-0.125 	0.029 	0.047 	
-8.219 	-46.870 	7.213 	0.134 	-0.038 	0.021 	
-49.311 	-38.871 	16.468 	0.040 	0.080 	0.035 	
61.582 	160.743 	-22.683 	-0.095 	-0.048 	0.025 	
69.760 	-23.737 	48.148 	0.209 	-0.018 	0.028 	
64.530 	-3.375 	4.869 	0.049 	0.206 	-0.004 	
-353.302 	2513.160 	164.285 	-0.247 	1.412 	0.093 	
28.075 	38.262 	85.077 	0.097 	-0.043 	0.018 	
-51.771 	-23.238 	40.303 	0.004 	-0.090 	0.041 	
143.735 	9.439 	-9.881 	-0.189 	-0.113 	0.072 	
-46.322 	56.761 	64.716 	-0.029 	0.013 	-0.033 	
-22.613 	88.238 	-7.241 	0.007 	-0.015 	-0.015 	
144.954 	-41.014 	-43.139 	0.117 	0.054 	0.050 	
-59.002 	-18.585 	-39.752 	-0.092 	0.020 	0.024 	
12.939 	17.288 	7.787 	0.110 	-0.173 	0.016 	
47.863 	-58.379 	-15.669 	0.143 	0.056 	0.063 	
124.973 	-35.103 	-6.593 	0.158 	0.049 	0.018 	
74.270 	-38.720 	18.825 	0.114 	0.140 	0.196 	
24.823 	-63.606 	34.837 	0.168 	-0.083 	0.097 	
96.810 	-70.033 	41.946 	-0.244 	0.082 	0.000 	
-2.316 	-78.394 	112.667 	0.001 	-0.028 	0.086 	
114.245 	-37.960 	23.328 	0.313 	0.013 	-0.045 	
5.159 	-119.110 	85.178 	-0.058 	-0.003 	0.003 	
-1138.536 	-1441.460 	-690.890 	-0.523 	-0.569 	-0.262 	
20.820 	-59.727 	-9.017 	0.005 	0.108 	0.005 	
-37.282 	-89.317 	73.785 	0.014 	-0.100 	-0.035 	
-195.537 	-268.260 	135.721 	-0.198 	-0.279 	0.118 	
-50.670 	94.571 	-38.075 	-0.035 	0.047 	-0.016 	
-93.692 	-0.377 	99.213 	-0.198 	0.085 	0.216 	
84.966 	-27.063 	14.238 	-0.019 	-0.045 	0.035 	
163.843 	-19.722 	20.160 	0.013 	0.019 	0.039 	
78.229 	-21.808 	8.683 	-0.214 	0.215 	0.090 	
90.523 	-10.718 	23.822 	-0.094 	-0.006 	0.053 	
100.717 	-32.258 	23.168 	0.156 	-0.047 	-0.014 	
60.340 	0.119 	49.690 	0.183 	0.089 	-0.047 	
97.556 	-99.673 	-42.816 	-0.143 	0.106 	0.014 	
52.570 	18.154 	-3.340 	0.247 	0.029 	0.086 	
267.577 	-195.902 	46.018 	-0.035 	-0.048 	0.020 	
95.122 	-2.233 	66.392 	0.091 	-0.079 	-0.056 	
-61.872 	-9.457 	7.272 	-0.098 	0.005 	-0.039 	
58.707 	-38.494 	14.896 	-0.332 	-0.131 	-0.035 	
-58.251 	-71.708 	40.898 	-0.094 	0.019 	0.057 	
71.345 	-37.307 	104.245 	0.116 	-0.044 	-0.093 	
28.848 	-5.590 	54.765 	0.123 	-0.119 	0.066 	
94.172 	-20.981 	0.509 	0.126 	0.131 	0.061 	
128.033 	-234.336 	58.813 	-0.077 	-0.001 	-0.006 	
81.762 	-18.941 	27.417 	0.079 	0.226 	-0.017 	
-22.576 	33.127 	147.271 	0.024 	0.006 	0.109 	
-46.105 	-68.119 	-9.248 	0.138 	-0.015 	-0.056 	
-39.968 	-59.765 	30.594 	0.045 	-0.019 	0.067 	
14.689 	-98.839 	-78.609 	0.064 	0.006 	0.012 	
51.773 	-68.643 	-65.452 	0.126 	-0.032 	-0.091 	
47.127 	-36.926 	-2.831 	-0.118 	-0.226 	-0.074 	
46.431 	18.084 	20.057 	0.127 	0.065 	-0.051 	
155.743 	121.213 	44.765 	-0.102 	-0.048 	-0.019 	
12.615 	-161.128 	32.801 	0.011 	-0.072 	0.036 	
103.851 	-21.444 	44.183 	0.193 	-0.154 	0.053 	
150.520 	104.129 	-74.273 	-0.102 	-0.005 	0.043 	
5.458 	-60.824 	-66.330 	0.008 	-0.028 	0.027 	
-23.907 	-119.240 	48.074 	0.028 	0.054 	0.032 	
51.458 	-13.005 	30.525 	-0.325 	0.044 	0.102 	
-281.703 	-454.312 	1506.143 	-0.164 	-0.177 	0.624 	
54.937 	-31.602 	-5.862 	0.300 	0.022 	0.032 	
-19.446 	-38.662 	-23.194 	0.038 	-0.044 	0.036 	
122.414 	-24.408 	1.636 	0.044 	-0.081 	0.189 	
48.835 	-10.813 	-58.110 	0.117 	-0.022 	-0.017 	
-61.606 	-51.209 	17.611 	-0.078 	-0.016 	0.115 	
83.322 	-9.451 	47.811 	0.081 	0.101 	0.148 	
55.238 	-34.124 	15.447 	0.116 	-0.151 	0.044 	
-40.092 	-42.838 	104.241 	-0.150 	-0.023 	0.095 	
30.758 	-51.833 	42.986 	0.114 	-0.008 	-0.048 	
100.080 	-76.258 	3.861 	0.158 	-0.021 	-0.044 	
-11.277 	-21.719 	-42.935 	0.016 	-0.069 	-0.037 	
73.597 	-17.077 	1.645 	0.068 	-0.014 	0.018 	
30.324 	-50.391 	25.679 	0.178 	0.117 	0.150 	
104.501 	18.375 	17.675 	0.059 	-0.009 	-0.124 	
17.895 	-43.977 	61.899 	0.122 	0.001 	0.041 	
3.453 	19.483 	23.596 	-0.140 	-0.064 	-0.014 	
-11.551 	77.195 	-43.856 	-0.026 	0.058 	-0.032 	
-32.390 	-43.297 	2.802 	-0.068 	-0.043 	0.072 	
141.088 	-62.448 	60.197 	0.076 	-0.035 	0.090 	
118.447 	-26.282 	0.842 	0.058 	-0.006 	-0.034 	
15.619 	6.568 	-38.725 	-0.149 	-0.035 	-0.075 	
-40.656 	-36.441 	19.766 	0.054 	0.036 	0.207 	
-121.682 	-63.492 	-32.455 	-0.053 	-0.028 	0.025 	
10.219 	-39.641 	65.301 	0.121 	0.003 	-0.090 	
-20.095 	-38.866 	-9.531 	0.120 	0.026 	0.090 	
13.730 	15.476 	-2.026 	-0.066 	0.031 	-0.208 	
39.559 	-83.195 	10.037 	0.046 	-0.118 	-0.100 	
71.718 	-46.461 	-16.361 	0.112 	-0.027 	0.075 	
-10.134 	-59.260 	-70.880 	0.132 	0.024 	-0.086 	
95.307 	-12.966 	46.731 	0.107 	-0.195 	0.010 	
24.181 	-18.141 	47.280 	0.180 	-0.056 	0.047 	
-23.370 	-2299.025 	-395.719 	-0.060 	-1.309 	-0.223 	
41.164 	24.776 	16.918 	0.126 	0.082 	-0.008 	
-77.547 	-33.806 	-19.906 	-0.118 	0.072 	0.028 	
140.219 	-15.558 	-8.943 	0.161 	-0.078 	-0.036 	
63.057 	-61.283 	-0.822 	0.158 	-0.000 	-0.012 	
180.015 	16.168 	155.606 	-0.098 	-0.071 	0.006 	
83.955 	-47.638 	33.989 	0.040 	-0.108 	-0.134 	
112.019 	-56.575 	8.010 	0.080 	-0.014 	-0.192 	
15.123 	-55.710 	-54.127 	-0.001 	-0.108 	-0.083 	
94.955 	-42.171 	32.067 	0.121 	-0.061 	-0.170 	
94.672 	-43.516 	-12.467 	0.086 	0.096 	-0.059 	
-65.381 	-13.620 	22.740 	0.020 	-0.010 	0.040 	
66.419 	-18.252 	42.124 	0.104 	0.117 	-0.170 	
-42.244 	-53.863 	31.237 	0.010 	0.024 	0.044 	
-58.106 	-34.832 	78.131 	-0.098 	-0.025 	0.103 	
26.364 	-35.737 	18.125 	0.164 	0.147 	-0.083 	
229.593 	-29.885 	-10.591 	-0.111 	-0.056 	-0.029 	
1140.238 	-918.015 	-712.469 	0.882 	-0.661 	-0.535 	
31.849 	-62.103 	17.172 	0.103 	0.066 	0.003 	
-42.170 	2.435 	47.876 	0.058 	0.004 	-0.090 	
25.619 	-12.530 	50.531 	0.107 	0.059 	-0.021 	
