## Las primeras 500 lineas corresponden a la esfera 1 
##las siguienets 500 lineas a la esfera 2
## Las primeras tres columnas corresponden a la posición en 'x', 'y' y 'z', las siguientes tres a las velocidades
14.228 	-690.278 	61.094 	-0.010 	-0.249 	0.028 	
203.522 	-207.103 	1.361 	0.087 	-0.077 	-0.003 	
236.189 	876.205 	609.802 	0.099 	0.317 	0.208 	
-793.767 	887.760 	584.510 	-0.306 	0.337 	0.220 	
-195.662 	-187.322 	819.425 	-0.052 	-0.067 	0.318 	
866.009 	572.797 	1037.225 	0.343 	0.216 	0.377 	
926.159 	-480.078 	-901.218 	0.346 	-0.170 	-0.339 	
-884.616 	-527.876 	303.426 	-0.323 	-0.179 	0.124 	
770.139 	214.813 	507.139 	0.278 	0.096 	0.187 	
296.671 	283.255 	384.277 	0.106 	0.100 	0.152 	
788.391 	-66.936 	52.351 	0.282 	-0.021 	0.014 	
-183.571 	-708.294 	106.177 	-0.056 	-0.259 	0.045 	
119.366 	-504.444 	73.230 	0.068 	-0.184 	0.029 	
584.542 	795.405 	773.286 	0.200 	0.295 	0.283 	
-20.439 	672.367 	-1092.104 	-0.009 	0.233 	-0.395 	
-379.410 	-94.876 	-2.805 	-0.141 	-0.017 	0.003 	
-416.545 	880.446 	-347.363 	-0.163 	0.316 	-0.132 	
98.677 	518.457 	-953.300 	0.032 	0.173 	-0.361 	
-1239.930 	-952.521 	-525.618 	-0.476 	-0.343 	-0.201 	
469.474 	-1087.647 	-941.757 	0.158 	-0.408 	-0.351 	
97.277 	-1044.813 	1206.509 	0.042 	-0.369 	0.455 	
97.749 	384.267 	1082.960 	0.030 	0.138 	0.384 	
-275.201 	-511.422 	254.725 	-0.100 	-0.170 	0.084 	
-907.298 	-722.564 	335.609 	-0.324 	-0.255 	0.115 	
599.382 	-441.680 	729.899 	0.236 	-0.161 	0.259 	
-439.645 	-16.984 	952.344 	-0.143 	-0.000 	0.345 	
51.662 	-591.611 	-45.401 	0.033 	-0.206 	-0.011 	
259.421 	-1023.824 	772.667 	0.087 	-0.394 	0.290 	
-923.509 	914.638 	234.417 	-0.329 	0.335 	0.088 	
-527.946 	-796.995 	617.028 	-0.182 	-0.287 	0.234 	
-331.410 	-561.066 	-922.168 	-0.117 	-0.197 	-0.342 	
450.856 	746.019 	876.984 	0.159 	0.263 	0.326 	
885.098 	-333.920 	812.903 	0.327 	-0.123 	0.304 	
-607.275 	610.453 	73.463 	-0.201 	0.222 	0.029 	
97.607 	-294.592 	-1032.516 	0.034 	-0.122 	-0.364 	
130.799 	-153.596 	108.396 	0.069 	-0.042 	0.040 	
-423.386 	-874.355 	-955.289 	-0.159 	-0.315 	-0.372 	
-443.245 	-1063.157 	796.829 	-0.144 	-0.391 	0.294 	
-394.533 	-104.255 	567.101 	-0.154 	-0.032 	0.213 	
689.641 	-1084.847 	777.120 	0.252 	-0.401 	0.293 	
1169.099 	463.285 	-42.061 	0.435 	0.151 	-0.018 	
196.621 	-293.261 	104.615 	0.081 	-0.093 	0.028 	
470.983 	124.357 	759.930 	0.152 	0.047 	0.280 	
-23.172 	-752.612 	-492.190 	-0.025 	-0.278 	-0.179 	
164.879 	-216.079 	729.397 	0.076 	-0.081 	0.279 	
79.425 	182.854 	-373.121 	0.044 	0.074 	-0.126 	
1150.018 	95.970 	-4.634 	0.408 	0.020 	0.011 	
-267.376 	1043.939 	-272.027 	-0.097 	0.391 	-0.105 	
232.873 	-296.733 	-410.456 	0.100 	-0.115 	-0.148 	
969.730 	610.940 	311.717 	0.362 	0.240 	0.114 	
-907.051 	-320.437 	-712.720 	-0.326 	-0.126 	-0.275 	
535.248 	-90.267 	529.353 	0.183 	-0.031 	0.182 	
1073.526 	-476.045 	-1075.980 	0.412 	-0.193 	-0.400 	
-112.454 	696.259 	-1.727 	-0.022 	0.251 	0.010 	
-777.700 	866.891 	627.577 	-0.296 	0.311 	0.231 	
-188.729 	-1009.766 	511.106 	-0.060 	-0.386 	0.198 	
-457.831 	-6.618 	-638.701 	-0.149 	-0.009 	-0.243 	
18.561 	-910.851 	-310.207 	0.022 	-0.338 	-0.119 	
-1056.358 	747.432 	896.172 	-0.396 	0.287 	0.340 	
611.119 	969.517 	402.045 	0.231 	0.350 	0.134 	
-257.500 	1028.993 	278.699 	-0.111 	0.385 	0.099 	
389.440 	622.772 	-366.815 	0.154 	0.222 	-0.131 	
-797.280 	1101.019 	433.882 	-0.312 	0.415 	0.164 	
737.703 	190.066 	-373.261 	0.273 	0.087 	-0.137 	
851.842 	-1027.461 	-1050.386 	0.339 	-0.381 	-0.381 	
1235.294 	-427.615 	-1060.610 	0.480 	-0.156 	-0.394 	
773.959 	-591.911 	-923.257 	0.310 	-0.220 	-0.344 	
-1154.229 	1248.640 	-356.116 	-0.436 	0.481 	-0.141 	
1231.687 	584.422 	771.262 	0.477 	0.220 	0.279 	
-183.640 	408.666 	453.228 	-0.066 	0.123 	0.170 	
815.141 	328.098 	340.052 	0.315 	0.106 	0.115 	
319.028 	-69.779 	390.909 	0.138 	-0.016 	0.145 	
-25.118 	647.973 	-1078.745 	-0.014 	0.257 	-0.399 	
-275.220 	-820.529 	-339.958 	-0.107 	-0.303 	-0.119 	
-470.484 	428.435 	669.594 	-0.191 	0.155 	0.243 	
490.662 	-150.432 	-300.877 	0.180 	-0.050 	-0.087 	
-23.545 	-276.802 	-762.253 	-0.013 	-0.083 	-0.283 	
939.682 	558.165 	-874.148 	0.355 	0.209 	-0.339 	
134.816 	-220.628 	-409.372 	0.041 	-0.072 	-0.160 	
-27.950 	-258.752 	920.373 	0.001 	-0.103 	0.338 	
-144.627 	861.168 	260.187 	-0.067 	0.305 	0.098 	
269.653 	-451.166 	-317.313 	0.083 	-0.159 	-0.105 	
549.477 	678.789 	896.164 	0.197 	0.258 	0.330 	
-219.529 	-730.787 	900.075 	-0.088 	-0.262 	0.342 	
694.853 	-398.337 	-153.044 	0.267 	-0.133 	-0.071 	
-666.996 	-918.980 	-898.383 	-0.235 	-0.334 	-0.324 	
671.198 	-200.839 	-397.850 	0.253 	-0.084 	-0.165 	
-678.864 	-756.645 	807.399 	-0.269 	-0.279 	0.302 	
-990.945 	-953.926 	620.333 	-0.354 	-0.354 	0.236 	
-902.448 	-369.854 	-112.565 	-0.318 	-0.151 	-0.031 	
1152.975 	500.847 	821.901 	0.428 	0.205 	0.301 	
36.144 	436.519 	825.240 	0.009 	0.170 	0.307 	
67.670 	-184.036 	74.613 	0.034 	-0.078 	0.030 	
-153.135 	-972.931 	-424.913 	-0.045 	-0.371 	-0.146 	
953.491 	-647.779 	948.068 	0.350 	-0.228 	0.347 	
-378.267 	604.697 	-1014.297 	-0.133 	0.226 	-0.358 	
936.210 	255.317 	612.889 	0.360 	0.082 	0.228 	
1004.565 	233.460 	-685.997 	0.388 	0.088 	-0.252 	
1132.445 	928.144 	142.146 	0.443 	0.340 	0.055 	
651.555 	-480.587 	645.704 	0.233 	-0.188 	0.235 	
-742.245 	995.936 	527.583 	-0.273 	0.355 	0.203 	
-1188.676 	-872.997 	-391.745 	-0.455 	-0.320 	-0.132 	
321.329 	-1115.091 	652.196 	0.123 	-0.423 	0.239 	
-497.181 	-134.080 	842.328 	-0.180 	-0.034 	0.322 	
586.449 	-263.313 	323.024 	0.237 	-0.097 	0.128 	
-1047.147 	514.662 	953.105 	-0.372 	0.192 	0.347 	
-993.231 	-719.400 	658.877 	-0.382 	-0.260 	0.251 	
-1166.370 	1215.330 	-502.295 	-0.443 	0.466 	-0.187 	
757.061 	-469.817 	16.747 	0.271 	-0.181 	0.020 	
1228.452 	-98.577 	-421.600 	0.470 	-0.047 	-0.140 	
-317.213 	-99.292 	601.611 	-0.107 	-0.043 	0.232 	
301.072 	-367.226 	553.819 	0.093 	-0.138 	0.205 	
513.070 	14.330 	192.233 	0.177 	-0.006 	0.062 	
-175.888 	1085.464 	-408.693 	-0.074 	0.391 	-0.138 	
-716.897 	980.555 	976.587 	-0.268 	0.365 	0.369 	
-123.859 	1046.024 	1020.173 	-0.037 	0.393 	0.381 	
330.138 	-1101.014 	-219.213 	0.117 	-0.409 	-0.061 	
-1174.688 	-313.699 	1106.905 	-0.429 	-0.132 	0.405 	
799.736 	-461.473 	-432.979 	0.293 	-0.186 	-0.145 	
-57.885 	787.771 	134.978 	-0.038 	0.286 	0.057 	
-557.738 	115.580 	658.240 	-0.195 	0.047 	0.258 	
614.509 	-855.498 	-391.263 	0.232 	-0.327 	-0.145 	
508.648 	-185.374 	-818.894 	0.185 	-0.049 	-0.307 	
1033.622 	-454.239 	1037.839 	0.370 	-0.173 	0.388 	
-1094.081 	389.921 	560.555 	-0.420 	0.137 	0.203 	
339.944 	-155.578 	-414.209 	0.111 	-0.043 	-0.144 	
-1160.795 	-744.077 	-457.761 	-0.425 	-0.271 	-0.156 	
-1198.432 	-1130.327 	469.015 	-0.461 	-0.420 	0.168 	
-891.841 	455.723 	-1113.005 	-0.332 	0.174 	-0.397 	
-973.179 	-989.563 	383.824 	-0.347 	-0.373 	0.140 	
-86.442 	-674.750 	517.988 	-0.044 	-0.245 	0.196 	
-251.156 	846.180 	-468.681 	-0.099 	0.317 	-0.185 	
-664.012 	566.918 	12.000 	-0.249 	0.201 	0.001 	
34.373 	331.706 	-970.607 	0.000 	0.111 	-0.351 	
1195.966 	-1091.854 	120.448 	0.436 	-0.401 	0.035 	
-174.257 	-850.936 	-415.224 	-0.052 	-0.313 	-0.171 	
145.754 	-664.821 	321.625 	0.041 	-0.244 	0.103 	
-807.252 	-990.958 	783.601 	-0.282 	-0.376 	0.293 	
925.007 	-459.308 	-462.205 	0.344 	-0.161 	-0.169 	
372.982 	-833.144 	238.399 	0.160 	-0.304 	0.096 	
-822.095 	-487.799 	-637.016 	-0.288 	-0.187 	-0.234 	
1062.676 	-317.984 	-273.256 	0.375 	-0.106 	-0.103 	
-697.300 	1077.740 	242.857 	-0.263 	0.390 	0.099 	
-847.875 	-895.777 	126.234 	-0.317 	-0.330 	0.057 	
-257.759 	350.661 	398.108 	-0.105 	0.115 	0.145 	
657.285 	-144.059 	949.284 	0.240 	-0.052 	0.334 	
-499.098 	-89.131 	-385.957 	-0.175 	-0.014 	-0.144 	
-0.377 	559.438 	858.845 	-0.009 	0.202 	0.299 	
1014.250 	-919.183 	-1068.339 	0.361 	-0.343 	-0.400 	
-104.717 	787.945 	-542.597 	-0.024 	0.278 	-0.204 	
982.576 	-1074.448 	297.602 	0.367 	-0.395 	0.093 	
-793.037 	-318.496 	673.804 	-0.277 	-0.107 	0.246 	
273.571 	612.915 	1139.918 	0.095 	0.212 	0.424 	
-1155.853 	-1136.617 	-414.882 	-0.428 	-0.418 	-0.162 	
-970.853 	-74.275 	-1095.199 	-0.362 	-0.017 	-0.408 	
-69.775 	-463.542 	-395.886 	-0.042 	-0.170 	-0.145 	
1024.839 	-248.844 	805.235 	0.417 	-0.090 	0.285 	
-1023.995 	-510.958 	1022.954 	-0.381 	-0.199 	0.376 	
-516.434 	-797.338 	1124.633 	-0.180 	-0.299 	0.424 	
124.111 	-792.596 	658.966 	0.044 	-0.296 	0.249 	
1074.412 	-910.902 	831.670 	0.417 	-0.341 	0.314 	
-372.183 	195.057 	234.264 	-0.124 	0.078 	0.075 	
-328.052 	-83.624 	580.157 	-0.156 	0.002 	0.248 	
534.708 	65.272 	-60.469 	0.211 	0.036 	-0.011 	
66.812 	-413.177 	239.770 	0.020 	-0.152 	0.078 	
-409.056 	-15.206 	-164.405 	-0.159 	-0.002 	-0.049 	
-398.403 	631.240 	-555.554 	-0.143 	0.234 	-0.206 	
1247.035 	-239.355 	-80.723 	0.468 	-0.108 	-0.027 	
362.902 	-3.211 	-154.128 	0.135 	-0.015 	-0.040 	
458.429 	-224.455 	-268.194 	0.149 	-0.088 	-0.088 	
-720.611 	217.372 	1180.329 	-0.260 	0.078 	0.443 	
651.672 	476.839 	38.803 	0.264 	0.166 	0.018 	
-1011.006 	212.647 	443.137 	-0.385 	0.072 	0.161 	
295.831 	-47.980 	-336.537 	0.102 	-0.031 	-0.126 	
-1161.943 	-525.987 	1003.096 	-0.444 	-0.195 	0.369 	
-921.013 	-367.790 	-89.346 	-0.346 	-0.125 	-0.021 	
-469.184 	-255.368 	-248.804 	-0.171 	-0.095 	-0.095 	
711.821 	636.585 	934.452 	0.268 	0.239 	0.328 	
212.452 	-225.921 	909.118 	0.085 	-0.078 	0.341 	
1081.998 	651.005 	1150.169 	0.398 	0.254 	0.434 	
932.382 	840.263 	903.273 	0.343 	0.316 	0.353 	
1013.511 	-839.682 	-858.039 	0.365 	-0.318 	-0.325 	
704.636 	1042.295 	60.920 	0.279 	0.383 	0.020 	
-504.335 	65.761 	267.752 	-0.195 	0.016 	0.112 	
-220.440 	70.492 	-638.011 	-0.073 	0.033 	-0.251 	
-134.664 	481.961 	529.441 	-0.065 	0.176 	0.194 	
-1159.555 	-1053.016 	608.900 	-0.434 	-0.379 	0.242 	
-460.652 	354.697 	-429.567 	-0.168 	0.138 	-0.150 	
-313.770 	-991.416 	-740.461 	-0.118 	-0.356 	-0.277 	
-564.755 	-952.798 	-572.371 	-0.190 	-0.350 	-0.211 	
93.151 	-1051.597 	-868.010 	0.031 	-0.383 	-0.315 	
892.019 	370.241 	59.342 	0.352 	0.140 	0.029 	
1022.702 	-75.967 	-734.726 	0.380 	-0.032 	-0.260 	
-478.629 	167.315 	37.197 	-0.155 	0.057 	0.026 	
-438.146 	514.048 	274.153 	-0.180 	0.186 	0.102 	
1059.272 	-457.803 	13.950 	0.388 	-0.183 	-0.008 	
-598.587 	409.075 	-1087.111 	-0.227 	0.146 	-0.407 	
1094.610 	-106.921 	679.593 	0.400 	-0.025 	0.260 	
200.760 	357.095 	294.349 	0.094 	0.140 	0.119 	
658.197 	-233.923 	-472.183 	0.256 	-0.074 	-0.161 	
-663.753 	857.380 	182.496 	-0.242 	0.301 	0.073 	
-24.494 	-848.444 	509.119 	0.006 	-0.297 	0.181 	
-127.909 	-92.969 	-895.390 	-0.031 	-0.031 	-0.324 	
-312.625 	43.150 	182.257 	-0.122 	0.020 	0.069 	
-130.497 	-950.803 	-925.494 	-0.041 	-0.343 	-0.353 	
-266.208 	-394.224 	1000.779 	-0.087 	-0.152 	0.350 	
1172.601 	-143.215 	-861.253 	0.444 	-0.066 	-0.315 	
-261.174 	179.412 	-190.568 	-0.092 	0.060 	-0.061 	
967.003 	-1042.893 	948.397 	0.373 	-0.379 	0.352 	
-345.513 	-381.089 	331.400 	-0.124 	-0.125 	0.117 	
-328.696 	-51.982 	977.362 	-0.107 	-0.005 	0.360 	
197.399 	514.481 	105.510 	0.095 	0.189 	0.041 	
-1064.111 	1116.833 	-811.518 	-0.402 	0.415 	-0.300 	
32.251 	-293.819 	-1101.412 	0.034 	-0.103 	-0.409 	
-202.587 	-605.482 	685.423 	-0.067 	-0.203 	0.256 	
-638.346 	-516.882 	-469.976 	-0.248 	-0.192 	-0.170 	
587.246 	1067.657 	-885.595 	0.221 	0.398 	-0.347 	
-614.381 	83.577 	694.092 	-0.244 	0.030 	0.253 	
-11.546 	147.609 	546.312 	-0.015 	0.056 	0.186 	
-222.102 	-174.768 	435.619 	-0.054 	-0.085 	0.106 	
1034.122 	-229.261 	-645.088 	0.380 	-0.103 	-0.245 	
1208.834 	-1127.671 	-5.916 	0.444 	-0.420 	0.012 	
-858.203 	-639.838 	-40.020 	-0.333 	-0.247 	-0.023 	
53.962 	-933.424 	228.444 	0.009 	-0.333 	0.093 	
-420.497 	80.160 	913.680 	-0.161 	0.019 	0.326 	
-610.657 	1114.598 	30.714 	-0.208 	0.408 	0.022 	
-818.664 	-878.556 	379.605 	-0.298 	-0.315 	0.134 	
988.681 	-413.520 	-814.071 	0.372 	-0.149 	-0.315 	
-709.828 	-1061.703 	669.467 	-0.264 	-0.377 	0.248 	
-489.265 	12.740 	397.198 	-0.179 	-0.013 	0.153 	
-517.111 	109.295 	1034.278 	-0.190 	0.040 	0.393 	
-934.421 	689.494 	-196.669 	-0.340 	0.252 	-0.053 	
-867.424 	309.418 	30.018 	-0.335 	0.114 	0.012 	
-331.539 	278.158 	-552.219 	-0.119 	0.114 	-0.198 	
979.920 	1204.322 	-1105.089 	0.359 	0.464 	-0.417 	
-784.268 	446.841 	605.808 	-0.301 	0.164 	0.238 	
-920.022 	-92.996 	-946.261 	-0.328 	-0.039 	-0.350 	
532.770 	-751.319 	381.022 	0.205 	-0.286 	0.125 	
789.236 	884.690 	-88.407 	0.316 	0.328 	-0.024 	
936.731 	470.980 	-1057.833 	0.338 	0.181 	-0.379 	
620.199 	302.158 	-727.707 	0.222 	0.105 	-0.250 	
-466.508 	-905.140 	-253.909 	-0.164 	-0.319 	-0.097 	
832.603 	-397.116 	123.758 	0.317 	-0.139 	0.026 	
-385.026 	807.200 	182.859 	-0.045 	0.374 	0.096 	
241.093 	-665.910 	992.643 	0.093 	-0.238 	0.347 	
-554.963 	371.052 	-417.613 	-0.205 	0.131 	-0.164 	
-800.210 	-30.143 	388.917 	-0.308 	-0.013 	0.154 	
865.996 	-292.268 	911.036 	0.333 	-0.114 	0.319 	
225.551 	-645.852 	-1027.019 	0.096 	-0.246 	-0.361 	
1200.745 	206.753 	-678.840 	0.462 	0.076 	-0.255 	
386.936 	-261.007 	879.580 	0.160 	-0.096 	0.320 	
-759.264 	956.164 	-217.202 	-0.259 	0.356 	-0.077 	
-456.688 	-451.844 	373.655 	-0.174 	-0.166 	0.148 	
-400.797 	-506.550 	162.770 	-0.143 	-0.186 	0.082 	
1072.353 	-10.959 	467.408 	0.405 	0.012 	0.182 	
-735.704 	72.400 	645.494 	-0.274 	0.027 	0.259 	
19.773 	430.708 	-809.975 	-0.008 	0.161 	-0.309 	
-805.883 	-1036.462 	-1003.412 	-0.283 	-0.378 	-0.384 	
572.156 	895.251 	-409.560 	0.203 	0.323 	-0.148 	
-1080.105 	520.251 	662.280 	-0.405 	0.194 	0.234 	
-1117.558 	53.640 	437.590 	-0.427 	0.029 	0.160 	
365.684 	-900.537 	-946.549 	0.127 	-0.339 	-0.334 	
-1353.900 	121.692 	5.202 	-0.595 	-0.015 	-0.005 	
-1042.035 	-412.936 	531.528 	-0.378 	-0.156 	0.206 	
634.212 	-239.081 	-723.080 	0.229 	-0.090 	-0.283 	
294.371 	202.619 	109.801 	0.121 	0.079 	0.056 	
-29.951 	-383.129 	289.749 	-0.011 	-0.154 	0.089 	
-1094.284 	108.268 	-623.397 	-0.413 	0.032 	-0.241 	
888.227 	-104.070 	1206.139 	0.338 	-0.032 	0.460 	
-218.823 	-361.548 	657.103 	-0.081 	-0.145 	0.224 	
427.900 	-653.734 	-265.170 	0.147 	-0.238 	-0.091 	
143.473 	-143.844 	193.817 	0.062 	-0.066 	0.060 	
-971.965 	-1142.926 	-584.646 	-0.364 	-0.434 	-0.214 	
560.060 	-553.262 	-964.388 	0.205 	-0.186 	-0.345 	
211.615 	236.482 	-246.353 	0.093 	0.148 	-0.089 	
-452.825 	-154.188 	356.687 	-0.163 	-0.042 	0.136 	
1213.148 	628.979 	-93.574 	0.470 	0.228 	-0.038 	
293.060 	-140.617 	-634.414 	0.100 	-0.049 	-0.238 	
-912.107 	300.654 	-1129.137 	-0.331 	0.119 	-0.416 	
413.581 	366.081 	322.284 	0.165 	0.121 	0.130 	
1118.737 	90.261 	-914.458 	0.400 	0.027 	-0.330 	
-450.821 	129.591 	-557.435 	-0.164 	0.059 	-0.215 	
-1082.182 	1000.435 	418.062 	-0.417 	0.373 	0.158 	
21.182 	-878.765 	-1017.416 	0.021 	-0.322 	-0.390 	
776.736 	992.731 	-584.747 	0.291 	0.366 	-0.237 	
573.533 	-453.902 	91.338 	0.207 	-0.165 	0.052 	
588.279 	-973.694 	-756.848 	0.210 	-0.352 	-0.294 	
382.709 	-450.741 	638.670 	0.132 	-0.167 	0.234 	
485.698 	-496.964 	771.734 	0.180 	-0.175 	0.287 	
995.099 	1076.394 	-937.045 	0.362 	0.404 	-0.363 	
903.311 	-185.991 	646.995 	0.345 	-0.058 	0.253 	
387.828 	-280.102 	-226.171 	0.150 	-0.094 	-0.083 	
-433.003 	-429.849 	827.267 	-0.174 	-0.154 	0.308 	
-526.271 	-216.003 	910.795 	-0.193 	-0.095 	0.337 	
206.424 	-553.155 	-339.776 	0.080 	-0.200 	-0.132 	
-741.539 	-107.837 	-12.307 	-0.273 	-0.046 	-0.010 	
-157.561 	914.999 	-1144.773 	-0.040 	0.349 	-0.424 	
-856.768 	-288.013 	591.906 	-0.331 	-0.106 	0.215 	
-38.569 	-914.319 	935.840 	-0.013 	-0.325 	0.357 	
-457.006 	322.941 	900.945 	-0.153 	0.128 	0.330 	
-110.186 	-32.462 	631.280 	-0.049 	-0.016 	0.235 	
785.044 	-593.288 	27.691 	0.300 	-0.229 	-0.005 	
-95.817 	-414.296 	246.823 	-0.011 	-0.148 	0.102 	
-263.564 	-405.388 	896.439 	-0.075 	-0.146 	0.336 	
-1103.810 	-315.096 	300.834 	-0.424 	-0.117 	0.114 	
-274.206 	-758.432 	-161.405 	-0.117 	-0.272 	-0.060 	
331.693 	-1068.393 	591.422 	0.115 	-0.411 	0.214 	
405.101 	-818.105 	-236.018 	0.144 	-0.305 	-0.076 	
452.139 	-1000.579 	-140.200 	0.173 	-0.376 	-0.039 	
322.462 	61.642 	916.554 	0.106 	0.012 	0.338 	
-1003.290 	497.101 	73.053 	-0.377 	0.181 	0.023 	
-264.310 	261.498 	480.340 	-0.079 	0.087 	0.170 	
-382.005 	-591.051 	937.584 	-0.150 	-0.218 	0.362 	
-832.232 	-1007.065 	843.118 	-0.308 	-0.365 	0.329 	
607.331 	687.891 	-1060.570 	0.218 	0.249 	-0.382 	
-376.172 	626.097 	-1017.076 	-0.122 	0.233 	-0.371 	
-102.329 	-848.399 	-679.072 	-0.018 	-0.314 	-0.255 	
-50.843 	-41.248 	161.895 	0.002 	-0.029 	0.055 	
732.942 	-345.081 	210.985 	0.276 	-0.128 	0.066 	
554.916 	349.879 	-651.900 	0.227 	0.129 	-0.237 	
-743.146 	-960.311 	586.672 	-0.265 	-0.371 	0.208 	
1197.365 	-243.360 	-1099.996 	0.459 	-0.090 	-0.415 	
-209.071 	781.986 	281.019 	-0.062 	0.294 	0.097 	
-633.345 	895.411 	-765.756 	-0.238 	0.331 	-0.288 	
-896.379 	591.648 	-305.923 	-0.312 	0.217 	-0.113 	
4.448 	328.175 	-110.270 	-0.009 	0.103 	-0.040 	
-981.418 	355.622 	88.733 	-0.346 	0.148 	0.029 	
-42.205 	-847.070 	-669.126 	-0.018 	-0.304 	-0.229 	
-779.029 	-462.442 	70.448 	-0.293 	-0.164 	0.010 	
579.357 	481.676 	-632.474 	0.233 	0.180 	-0.227 	
-759.036 	1099.229 	120.008 	-0.283 	0.399 	0.060 	
545.381 	-105.582 	-810.263 	0.211 	-0.034 	-0.299 	
-122.200 	117.684 	-251.316 	-0.037 	0.025 	-0.079 	
-1058.742 	-525.341 	-971.385 	-0.389 	-0.210 	-0.369 	
500.321 	-197.054 	146.305 	0.178 	-0.078 	0.062 	
-866.441 	-221.014 	952.753 	-0.322 	-0.077 	0.356 	
856.275 	-79.368 	821.061 	0.318 	-0.037 	0.290 	
329.493 	-69.091 	-738.131 	0.110 	-0.037 	-0.271 	
914.032 	354.924 	-53.946 	0.326 	0.135 	-0.030 	
407.647 	174.112 	660.746 	0.142 	0.072 	0.239 	
-61.296 	497.737 	-842.796 	-0.033 	0.185 	-0.302 	
1085.561 	-820.892 	-364.230 	0.422 	-0.301 	-0.125 	
-994.645 	-1003.427 	1059.072 	-0.375 	-0.378 	0.392 	
-886.062 	-618.665 	-23.215 	-0.322 	-0.222 	-0.008 	
705.246 	160.588 	230.092 	0.240 	0.058 	0.085 	
1099.187 	-286.410 	311.879 	0.409 	-0.099 	0.105 	
-925.214 	325.326 	469.833 	-0.336 	0.131 	0.192 	
61.350 	-67.596 	-1.224 	0.007 	-0.022 	0.006 	
-337.804 	-653.162 	875.710 	-0.107 	-0.234 	0.331 	
-134.991 	-527.960 	-446.048 	-0.040 	-0.202 	-0.152 	
1062.501 	-400.199 	-732.695 	0.394 	-0.163 	-0.265 	
151.916 	-642.974 	-610.093 	0.038 	-0.231 	-0.218 	
806.128 	-901.247 	1113.655 	0.311 	-0.321 	0.409 	
-1036.502 	-436.002 	-556.907 	-0.372 	-0.151 	-0.199 	
-909.780 	-238.108 	-359.294 	-0.349 	-0.099 	-0.127 	
112.199 	-232.809 	858.297 	0.063 	-0.087 	0.313 	
610.287 	-629.654 	490.801 	0.248 	-0.233 	0.171 	
-563.243 	488.661 	493.027 	-0.223 	0.172 	0.187 	
-1016.134 	-589.738 	838.284 	-0.371 	-0.200 	0.314 	
-784.947 	-0.146 	251.157 	-0.295 	-0.004 	0.103 	
-657.477 	-764.144 	130.572 	-0.231 	-0.275 	0.040 	
991.757 	983.656 	644.084 	0.375 	0.344 	0.233 	
970.601 	538.625 	-184.577 	0.377 	0.208 	-0.073 	
-958.781 	-906.540 	222.321 	-0.353 	-0.330 	0.093 	
-782.070 	257.713 	446.909 	-0.294 	0.087 	0.161 	
-669.403 	84.135 	529.017 	-0.229 	0.041 	0.202 	
-590.444 	-276.091 	-1114.156 	-0.221 	-0.112 	-0.427 	
-546.909 	-591.047 	-863.583 	-0.207 	-0.228 	-0.329 	
1184.416 	1198.764 	-583.011 	0.447 	0.458 	-0.210 	
1139.373 	424.824 	-898.351 	0.426 	0.149 	-0.347 	
-291.657 	-468.678 	-326.997 	-0.107 	-0.183 	-0.114 	
-312.261 	-437.234 	754.846 	-0.113 	-0.179 	0.275 	
277.134 	-56.941 	139.260 	0.117 	-0.027 	0.041 	
356.065 	137.117 	253.384 	0.141 	0.038 	0.088 	
-641.310 	696.934 	667.937 	-0.249 	0.258 	0.246 	
-742.659 	908.181 	-1024.289 	-0.277 	0.323 	-0.381 	
-308.108 	-708.390 	-1121.561 	-0.109 	-0.248 	-0.422 	
935.583 	-458.843 	-713.984 	0.330 	-0.165 	-0.258 	
-16.342 	3.730 	-701.310 	-0.005 	0.004 	-0.259 	
348.023 	865.368 	357.831 	0.134 	0.331 	0.141 	
556.267 	-95.459 	-5.357 	0.225 	-0.031 	-0.004 	
456.709 	542.140 	609.924 	0.175 	0.193 	0.246 	
306.293 	-446.110 	-499.995 	0.126 	-0.161 	-0.174 	
981.145 	-816.519 	-702.948 	0.385 	-0.305 	-0.260 	
318.795 	261.945 	-667.851 	0.122 	0.098 	-0.252 	
-742.585 	-764.294 	-23.708 	-0.266 	-0.295 	-0.007 	
638.678 	398.190 	498.099 	0.217 	0.141 	0.182 	
828.316 	344.806 	125.725 	0.327 	0.115 	0.037 	
-90.081 	-989.471 	889.517 	-0.027 	-0.361 	0.346 	
50.222 	366.136 	949.834 	0.038 	0.134 	0.337 	
798.641 	-45.991 	901.216 	0.314 	-0.013 	0.329 	
960.511 	384.485 	-66.505 	0.351 	0.132 	-0.013 	
-644.159 	-1191.808 	1172.239 	-0.231 	-0.448 	0.447 	
-1212.620 	-1012.744 	1096.486 	-0.459 	-0.369 	0.411 	
1126.168 	955.214 	4.256 	0.437 	0.343 	0.001 	
1171.150 	265.112 	985.635 	0.437 	0.080 	0.374 	
460.415 	144.599 	782.033 	0.162 	0.045 	0.278 	
-763.556 	-129.555 	-956.199 	-0.284 	-0.045 	-0.351 	
800.836 	419.760 	-348.362 	0.318 	0.157 	-0.133 	
-270.644 	593.902 	-1005.349 	-0.104 	0.209 	-0.360 	
454.598 	477.458 	-141.638 	0.164 	0.175 	-0.056 	
673.827 	-434.451 	-605.614 	0.254 	-0.154 	-0.216 	
908.775 	834.348 	1049.272 	0.337 	0.322 	0.397 	
143.096 	958.985 	-694.770 	0.036 	0.349 	-0.251 	
-992.930 	175.879 	400.255 	-0.356 	0.073 	0.151 	
270.851 	-1051.862 	741.742 	0.114 	-0.388 	0.260 	
357.662 	-404.909 	-111.175 	0.125 	-0.161 	-0.040 	
840.133 	37.584 	-74.563 	0.311 	0.029 	-0.034 	
-525.412 	467.759 	-737.452 	-0.184 	0.181 	-0.280 	
544.329 	-920.799 	526.293 	0.195 	-0.350 	0.199 	
892.909 	923.800 	32.388 	0.345 	0.341 	0.020 	
618.991 	-1026.251 	921.606 	0.227 	-0.362 	0.339 	
1090.747 	-114.849 	220.914 	0.406 	-0.024 	0.091 	
1227.030 	970.000 	638.826 	0.449 	0.359 	0.239 	
298.185 	-805.932 	448.508 	0.128 	-0.301 	0.166 	
-620.920 	-1099.720 	1044.271 	-0.233 	-0.418 	0.387 	
448.327 	-251.671 	-244.133 	0.183 	-0.080 	-0.084 	
-67.368 	39.547 	192.825 	-0.035 	0.007 	0.062 	
-955.233 	1202.255 	1001.835 	-0.367 	0.462 	0.369 	
23.025 	100.156 	963.953 	0.029 	0.041 	0.345 	
-137.983 	941.831 	890.233 	-0.057 	0.360 	0.320 	
786.461 	-845.983 	940.147 	0.306 	-0.326 	0.356 	
-858.953 	-940.948 	929.718 	-0.322 	-0.331 	0.345 	
-1010.481 	-667.430 	763.239 	-0.378 	-0.238 	0.285 	
-775.942 	691.729 	331.291 	-0.276 	0.266 	0.131 	
-206.258 	-1171.789 	227.488 	-0.056 	-0.435 	0.081 	
125.125 	-565.506 	796.729 	0.055 	-0.205 	0.296 	
-28.813 	132.710 	110.918 	-0.015 	0.037 	0.051 	
-895.062 	-1037.517 	-872.200 	-0.345 	-0.386 	-0.309 	
-550.714 	-15.195 	592.698 	-0.193 	-0.016 	0.214 	
858.432 	304.502 	121.655 	0.302 	0.113 	0.056 	
403.236 	-576.439 	759.304 	0.158 	-0.224 	0.291 	
-871.072 	-519.521 	-741.997 	-0.315 	-0.182 	-0.268 	
61.927 	-424.132 	-227.124 	0.009 	-0.221 	-0.079 	
1153.486 	91.000 	17.416 	0.417 	0.037 	0.010 	
-548.795 	-768.016 	-739.001 	-0.196 	-0.289 	-0.261 	
884.088 	-569.316 	51.659 	0.342 	-0.203 	0.024 	
-316.291 	785.276 	684.627 	-0.099 	0.285 	0.248 	
186.058 	-285.041 	983.081 	0.069 	-0.101 	0.354 	
953.521 	-128.896 	533.743 	0.359 	-0.053 	0.187 	
-312.378 	33.673 	-1147.495 	-0.107 	0.021 	-0.431 	
-526.849 	-161.010 	-37.882 	-0.193 	-0.076 	-0.004 	
244.639 	900.902 	461.432 	0.083 	0.332 	0.175 	
-1004.150 	279.023 	-178.466 	-0.382 	0.093 	-0.073 	
586.881 	-587.450 	318.871 	0.209 	-0.205 	0.107 	
-178.706 	219.482 	-234.870 	-0.083 	0.074 	-0.089 	
841.850 	-893.793 	169.604 	0.313 	-0.334 	0.072 	
130.195 	-218.815 	326.181 	0.032 	-0.075 	0.116 	
1092.452 	-923.997 	374.566 	0.421 	-0.335 	0.137 	
-544.293 	109.386 	-74.775 	-0.184 	0.038 	-0.026 	
-864.990 	86.847 	951.547 	-0.325 	0.050 	0.347 	
1154.494 	472.829 	-143.537 	0.430 	0.161 	-0.035 	
-714.115 	860.902 	-549.864 	-0.252 	0.328 	-0.195 	
-720.276 	848.460 	-309.942 	-0.247 	0.313 	-0.117 	
848.071 	-304.236 	-121.789 	0.304 	-0.091 	-0.040 	
-919.311 	193.268 	856.591 	-0.330 	0.077 	0.316 	
918.847 	-571.130 	-1121.639 	0.361 	-0.201 	-0.415 	
-797.268 	-1089.439 	-594.058 	-0.294 	-0.397 	-0.220 	
-258.004 	-122.622 	856.101 	-0.079 	-0.045 	0.307 	
-59.770 	-565.660 	-51.720 	-0.027 	-0.206 	-0.038 	
-115.984 	-151.218 	403.933 	-0.025 	-0.057 	0.162 	
658.607 	291.357 	249.468 	0.258 	0.114 	0.103 	
403.496 	-912.150 	-13.554 	0.164 	-0.321 	0.005 	
630.390 	-999.354 	-973.562 	0.217 	-0.371 	-0.362 	
-659.694 	1001.903 	-275.229 	-0.241 	0.361 	-0.107 	
-851.157 	908.919 	257.851 	-0.298 	0.348 	0.092 	
-7.575 	-84.137 	-295.562 	0.002 	-0.034 	-0.116 	
-101.032 	-887.400 	664.111 	-0.015 	-0.324 	0.242 	
301.462 	-368.057 	981.321 	0.109 	-0.126 	0.376 	
963.784 	766.685 	-1028.080 	0.371 	0.299 	-0.386 	
26.140 	-578.492 	-248.090 	0.007 	-0.214 	-0.075 	
1137.016 	815.594 	-26.937 	0.442 	0.297 	-0.014 	
-465.532 	686.457 	-1202.257 	-0.155 	0.246 	-0.444 	
-32.885 	108.388 	-209.390 	-0.015 	0.024 	-0.085 	
-938.466 	-219.225 	384.084 	-0.328 	-0.085 	0.146 	
532.967 	-116.542 	9.337 	0.190 	-0.062 	0.001 	
-321.945 	-224.745 	973.867 	-0.123 	-0.083 	0.339 	
-190.966 	41.793 	-1157.712 	-0.066 	0.026 	-0.429 	
912.677 	362.790 	423.825 	0.321 	0.137 	0.150 	
-956.211 	-598.725 	-1256.197 	-0.345 	-0.218 	-0.483 	
1063.594 	-235.908 	245.717 	0.386 	-0.075 	0.096 	
658.642 	-1061.419 	135.706 	0.245 	-0.397 	0.066 	
520.410 	1027.295 	-687.365 	0.211 	0.369 	-0.248 	
874.349 	249.378 	-740.647 	0.315 	0.105 	-0.266 	
21.461 	-1173.377 	1034.126 	0.020 	-0.448 	0.377 	
374.516 	-365.254 	361.461 	0.162 	-0.134 	0.129 	
7.854 	1130.164 	512.035 	0.024 	0.419 	0.193 	
893.810 	-587.389 	-705.987 	0.351 	-0.223 	-0.261 	
444.323 	1049.200 	-77.835 	0.175 	0.390 	-0.012 	
578.483 	304.617 	-343.978 	0.196 	0.115 	-0.123 	
944.357 	1066.368 	-260.503 	0.339 	0.380 	-0.095 	
476.236 	560.592 	-352.991 	0.200 	0.206 	-0.127 	
351.116 	-279.109 	-147.854 	0.150 	-0.115 	-0.056 	
329.421 	-242.313 	411.218 	0.124 	-0.091 	0.129 	
-288.288 	-766.670 	-501.367 	-0.118 	-0.284 	-0.173 	
-1129.996 	-385.037 	831.849 	-0.406 	-0.133 	0.304 	
-961.875 	-806.455 	-82.683 	-0.348 	-0.307 	-0.044 	
272.587 	952.707 	524.854 	0.096 	0.364 	0.192 	
-211.106 	-330.547 	448.332 	-0.094 	-0.120 	0.165 	
615.727 	-1067.791 	134.274 	0.237 	-0.397 	0.055 	
-1012.134 	-451.795 	698.231 	-0.424 	-0.164 	0.251 	
888.627 	-970.375 	-1056.515 	0.271 	-0.372 	-0.383 	
-924.311 	-445.138 	-884.926 	-0.406 	-0.152 	-0.329 	
-269.702 	-994.159 	452.556 	-0.149 	-0.358 	0.184 	
835.519 	572.901 	-137.340 	0.234 	0.200 	-0.056 	
-565.868 	-933.666 	555.208 	-0.285 	-0.349 	0.212 	
1312.153 	-947.155 	-978.941 	0.431 	-0.362 	-0.372 	
956.048 	-661.200 	565.117 	0.291 	-0.246 	0.224 	
-257.843 	-600.653 	-985.273 	-0.174 	-0.212 	-0.363 	
583.252 	570.756 	-763.067 	0.146 	0.210 	-0.292 	
944.838 	336.716 	135.462 	0.296 	0.135 	0.038 	
303.816 	57.096 	264.772 	0.025 	0.008 	0.096 	
-979.541 	998.248 	1082.792 	-0.437 	0.366 	0.392 	
539.097 	-804.228 	415.572 	0.115 	-0.299 	0.155 	
496.716 	1198.041 	1100.893 	0.124 	0.449 	0.394 	
14.632 	925.116 	700.078 	-0.045 	0.344 	0.246 	
842.643 	-345.303 	432.306 	0.263 	-0.120 	0.169 	
380.273 	-1129.408 	1062.554 	0.060 	-0.417 	0.394 	
-53.011 	1062.291 	353.974 	-0.077 	0.392 	0.147 	
685.075 	-1052.808 	973.302 	0.196 	-0.399 	0.354 	
297.224 	295.062 	532.768 	0.039 	0.108 	0.199 	
-382.648 	1092.134 	-1103.623 	-0.188 	0.399 	-0.405 	
365.060 	362.784 	19.560 	0.092 	0.139 	0.009 	
931.301 	48.943 	-118.591 	0.268 	0.030 	-0.055 	
-1104.994 	422.508 	-625.171 	-0.490 	0.158 	-0.230 	
224.523 	820.702 	490.915 	0.010 	0.310 	0.194 	
201.826 	-364.764 	-4.431 	0.015 	-0.146 	0.004 	
-8.163 	-825.441 	-164.419 	-0.073 	-0.314 	-0.051 	
-662.233 	-204.900 	-242.606 	-0.325 	-0.073 	-0.092 	
-266.382 	527.804 	-1099.638 	-0.147 	0.189 	-0.403 	
280.669 	406.231 	-207.330 	0.059 	0.146 	-0.065 	
-355.281 	1057.947 	316.808 	-0.181 	0.404 	0.128 	
-631.607 	775.828 	-975.572 	-0.313 	0.283 	-0.371 	
134.805 	990.707 	834.443 	-0.019 	0.370 	0.296 	
428.504 	-1115.533 	952.729 	0.092 	-0.403 	0.353 	
389.121 	-929.723 	108.323 	0.089 	-0.334 	0.050 	
271.981 	-192.659 	-867.359 	0.026 	-0.064 	-0.320 	
-774.295 	329.132 	991.252 	-0.360 	0.108 	0.377 	
-1072.376 	718.921 	-0.991 	-0.469 	0.245 	0.005 	
1049.817 	34.587 	-708.131 	0.331 	0.014 	-0.246 	
-439.300 	-458.707 	-619.743 	-0.220 	-0.156 	-0.238 	
-738.965 	-604.339 	-345.841 	-0.320 	-0.208 	-0.129 	
727.946 	-1031.826 	-634.560 	0.191 	-0.378 	-0.236 	
-725.985 	318.597 	-723.909 	-0.327 	0.124 	-0.249 	
-348.710 	-205.715 	-282.511 	-0.206 	-0.062 	-0.112 	
1060.264 	1134.882 	-624.008 	0.335 	0.436 	-0.220 	
544.548 	-751.711 	-626.784 	0.138 	-0.268 	-0.244 	
-674.904 	938.541 	-990.474 	-0.313 	0.332 	-0.373 	
-252.270 	-547.967 	-451.165 	-0.133 	-0.204 	-0.166 	
126.855 	-167.121 	326.225 	-0.035 	-0.066 	0.120 	
102.786 	8.891 	52.887 	-0.029 	0.011 	0.015 	
491.939 	1195.206 	-96.369 	0.139 	0.447 	-0.036 	
507.483 	-701.794 	-346.655 	0.145 	-0.258 	-0.124 	
813.103 	482.583 	394.958 	0.233 	0.181 	0.145 	
-830.021 	-169.890 	650.491 	-0.372 	-0.044 	0.229 	
-214.625 	738.719 	663.985 	-0.136 	0.284 	0.258 	
-663.463 	483.966 	850.542 	-0.328 	0.180 	0.311 	
-276.922 	-244.159 	-480.740 	-0.154 	-0.075 	-0.167 	
-669.468 	-503.390 	-409.959 	-0.295 	-0.201 	-0.151 	
-668.216 	-12.500 	121.550 	-0.306 	0.009 	0.034 	
-200.303 	-981.652 	308.655 	-0.122 	-0.350 	0.123 	
393.795 	-136.725 	-26.674 	0.086 	-0.049 	-0.015 	
674.506 	344.259 	591.564 	0.205 	0.127 	0.205 	
104.526 	-131.382 	-1014.660 	-0.040 	-0.039 	-0.369 	
49.569 	-554.024 	-467.252 	-0.035 	-0.191 	-0.176 	
603.325 	-72.708 	983.069 	0.164 	-0.030 	0.362 	
242.237 	-299.409 	171.282 	0.013 	-0.114 	0.079 	
212.145 	-970.327 	1034.847 	0.023 	-0.347 	0.389 	
447.819 	198.643 	489.954 	0.105 	0.078 	0.180 	
196.930 	-891.257 	-105.730 	-0.008 	-0.330 	-0.041 	
159.471 	-894.877 	-464.340 	-0.019 	-0.324 	-0.176 	
-874.776 	-886.449 	-77.252 	-0.388 	-0.315 	-0.024 	
-863.985 	-686.993 	-311.213 	-0.401 	-0.255 	-0.113 	
1043.623 	-954.418 	-238.176 	0.339 	-0.360 	-0.101 	
-127.543 	-427.867 	-527.769 	-0.117 	-0.172 	-0.202 	
-139.092 	-157.504 	73.075 	-0.130 	-0.064 	0.029 	
-304.963 	827.805 	-580.446 	-0.167 	0.316 	-0.222 	
-382.015 	380.852 	367.654 	-0.212 	0.152 	0.125 	
-104.765 	305.647 	-566.159 	-0.118 	0.123 	-0.207 	
-826.257 	-704.942 	466.802 	-0.355 	-0.252 	0.170 	
593.579 	-778.384 	-202.107 	0.171 	-0.283 	-0.064 	
911.987 	208.371 	827.195 	0.260 	0.084 	0.304 	
-863.734 	598.829 	785.887 	-0.370 	0.221 	0.280 	
-355.897 	277.592 	330.084 	-0.214 	0.102 	0.118 	
-509.413 	-863.180 	1184.838 	-0.244 	-0.301 	0.443 	
-547.426 	-613.318 	63.875 	-0.266 	-0.235 	0.039 	
-620.913 	112.237 	-822.693 	-0.285 	0.040 	-0.308 	
988.067 	17.124 	-883.203 	0.320 	0.002 	-0.322 	
252.032 	378.254 	991.145 	0.042 	0.149 	0.360 	
-573.962 	574.152 	520.138 	-0.265 	0.205 	0.182 	
-300.865 	580.886 	763.592 	-0.154 	0.211 	0.282 	
-908.072 	837.498 	161.842 	-0.403 	0.329 	0.063 	
-213.449 	-362.942 	-488.829 	-0.133 	-0.149 	-0.165 	
-290.249 	-871.935 	201.212 	-0.172 	-0.318 	0.091 	
1184.582 	971.231 	-731.389 	0.397 	0.365 	-0.271 	
136.905 	-747.921 	-702.123 	0.005 	-0.275 	-0.273 	
-521.672 	-971.756 	-868.197 	-0.255 	-0.377 	-0.314 	
468.939 	1234.432 	-478.876 	0.102 	0.465 	-0.189 	
395.618 	-632.772 	891.958 	0.072 	-0.240 	0.332 	
1254.008 	-91.644 	-725.471 	0.417 	-0.040 	-0.271 	
451.141 	-157.898 	190.527 	0.091 	-0.060 	0.069 	
357.938 	1090.449 	-583.261 	0.059 	0.407 	-0.219 	
-669.350 	-467.741 	-441.447 	-0.305 	-0.152 	-0.160 	
-342.918 	1027.921 	-263.277 	-0.192 	0.359 	-0.089 	
-326.302 	-214.246 	-918.541 	-0.173 	-0.077 	-0.338 	
572.170 	-1046.320 	-498.747 	0.159 	-0.397 	-0.174 	
820.097 	-302.941 	-32.449 	0.233 	-0.098 	0.001 	
1146.071 	13.438 	658.453 	0.378 	0.006 	0.245 	
640.126 	824.043 	-1112.780 	0.193 	0.303 	-0.417 	
-824.556 	327.681 	731.057 	-0.348 	0.123 	0.265 	
-58.874 	-4.530 	298.481 	-0.070 	0.003 	0.117 	
-261.298 	867.032 	752.128 	-0.167 	0.326 	0.281 	
1258.249 	956.220 	-207.965 	0.409 	0.356 	-0.081 	
-899.242 	148.752 	748.194 	-0.399 	0.038 	0.271 	
-1078.943 	280.762 	-823.298 	-0.449 	0.110 	-0.306 	
-663.192 	-398.539 	-173.924 	-0.309 	-0.154 	-0.070 	
450.806 	348.878 	-475.622 	0.089 	0.129 	-0.187 	
915.020 	1089.299 	-704.227 	0.281 	0.417 	-0.272 	
-681.040 	466.558 	-23.473 	-0.316 	0.158 	-0.017 	
279.247 	94.675 	224.249 	0.024 	0.028 	0.081 	
295.074 	-876.598 	-444.288 	0.028 	-0.325 	-0.168 	
-781.719 	-134.938 	-571.743 	-0.365 	-0.048 	-0.201 	
1255.994 	738.794 	-703.173 	0.421 	0.282 	-0.264 	
866.041 	163.367 	631.275 	0.264 	0.071 	0.218 	
383.353 	1004.691 	211.255 	0.073 	0.358 	0.074 	
454.358 	-261.202 	-424.291 	0.094 	-0.104 	-0.144 	
1003.320 	860.057 	-756.566 	0.295 	0.322 	-0.280 	
1167.877 	262.621 	-330.745 	0.387 	0.100 	-0.121 	
-579.720 	316.031 	-223.591 	-0.292 	0.101 	-0.074 	
-397.451 	-982.408 	-275.387 	-0.205 	-0.346 	-0.107 	
659.632 	1160.331 	-1104.331 	0.178 	0.437 	-0.408 	
1109.403 	401.444 	-283.378 	0.349 	0.160 	-0.104 	
-692.742 	-680.539 	-685.803 	-0.327 	-0.253 	-0.240 	
-944.707 	61.870 	576.434 	-0.430 	0.027 	0.222 	
1196.081 	-619.383 	939.001 	0.397 	-0.227 	0.335 	
975.323 	66.369 	477.126 	0.281 	0.027 	0.178 	
343.871 	836.638 	670.855 	0.072 	0.321 	0.251 	
-943.430 	947.417 	-732.136 	-0.424 	0.346 	-0.285 	
-946.847 	91.761 	1064.515 	-0.392 	0.034 	0.397 	
1136.183 	-745.994 	-488.496 	0.360 	-0.292 	-0.185 	
-377.308 	453.980 	457.901 	-0.222 	0.166 	0.176 	
669.343 	735.534 	283.340 	0.182 	0.269 	0.112 	
916.869 	-137.057 	413.958 	0.288 	-0.056 	0.155 	
868.395 	380.422 	410.588 	0.247 	0.126 	0.139 	
-749.108 	-229.900 	982.259 	-0.327 	-0.086 	0.376 	
1190.270 	-872.953 	525.108 	0.386 	-0.319 	0.198 	
-148.170 	765.798 	-1032.944 	-0.132 	0.282 	-0.383 	
-694.886 	-821.684 	1299.874 	-0.415 	-0.367 	0.617 	
270.061 	610.431 	32.720 	0.048 	0.223 	0.008 	
357.874 	-0.583 	134.555 	0.080 	0.008 	0.061 	
505.711 	840.753 	1059.865 	0.139 	0.326 	0.391 	
-735.116 	111.044 	-83.984 	-0.342 	0.057 	-0.028 	
-1000.131 	324.799 	-1014.972 	-0.430 	0.124 	-0.367 	
498.519 	549.861 	167.168 	0.136 	0.204 	0.061 	
-207.426 	-768.371 	290.931 	-0.147 	-0.292 	0.102 	
665.481 	-199.730 	-445.490 	0.200 	-0.076 	-0.162 	
-171.895 	-132.532 	789.759 	-0.126 	-0.058 	0.278 	
-825.320 	800.681 	1065.755 	-0.360 	0.306 	0.409 	
782.963 	-565.914 	58.552 	0.233 	-0.206 	0.041 	
-701.254 	-523.860 	-280.303 	-0.336 	-0.188 	-0.103 	
198.679 	859.718 	474.285 	0.001 	0.316 	0.173 	
-313.791 	-283.372 	-1037.959 	-0.158 	-0.105 	-0.379 	
-615.269 	38.391 	-869.903 	-0.307 	0.023 	-0.320 	
143.637 	589.195 	75.273 	0.001 	0.227 	0.024 	
-526.335 	-564.027 	17.916 	-0.266 	-0.194 	0.021 	
-843.541 	-1028.766 	1088.199 	-0.380 	-0.380 	0.419 	
350.948 	-1.767 	367.139 	0.075 	-0.003 	0.139 	
1209.537 	480.522 	-413.441 	0.379 	0.173 	-0.148 	
1215.236 	-761.707 	788.633 	0.397 	-0.288 	0.294 	
-1049.905 	-594.102 	-3.556 	-0.449 	-0.206 	-0.006 	
-323.009 	171.914 	-854.640 	-0.196 	0.066 	-0.302 	
159.521 	-92.914 	511.475 	-0.016 	-0.025 	0.197 	
966.227 	-349.812 	-191.618 	0.275 	-0.137 	-0.071 	
230.362 	-20.502 	-699.675 	0.032 	-0.006 	-0.261 	
1285.852 	-983.431 	-1234.370 	0.419 	-0.359 	-0.473 	
-5.972 	-672.439 	-220.590 	-0.059 	-0.231 	-0.095 	
-467.049 	901.597 	977.168 	-0.226 	0.332 	0.357 	
890.101 	131.824 	-853.512 	0.252 	0.048 	-0.318 	
-245.945 	883.275 	524.448 	-0.166 	0.328 	0.186 	
-673.901 	-272.598 	-427.575 	-0.322 	-0.094 	-0.173 	
167.823 	39.235 	284.194 	-0.012 	0.009 	0.087 	
-279.951 	-502.180 	635.159 	-0.178 	-0.179 	0.233 	
23.790 	659.290 	223.388 	-0.053 	0.225 	0.089 	
377.643 	-160.111 	-685.821 	0.059 	-0.070 	-0.246 	
-328.041 	-393.612 	864.597 	-0.181 	-0.125 	0.322 	
1179.373 	-347.498 	-1129.711 	0.378 	-0.141 	-0.415 	
1152.458 	-33.684 	-926.379 	0.378 	-0.015 	-0.359 	
648.438 	22.102 	1050.010 	0.159 	0.014 	0.387 	
-148.042 	-615.813 	-510.576 	-0.114 	-0.224 	-0.169 	
492.097 	-1166.641 	1006.615 	0.122 	-0.412 	0.370 	
-778.127 	-441.267 	1003.977 	-0.335 	-0.164 	0.365 	
-405.100 	-133.079 	-926.405 	-0.213 	-0.041 	-0.336 	
41.448 	915.572 	52.612 	-0.061 	0.346 	0.030 	
518.071 	465.378 	-958.021 	0.131 	0.165 	-0.352 	
720.307 	679.179 	-916.033 	0.212 	0.262 	-0.341 	
-1047.038 	147.976 	654.215 	-0.445 	0.059 	0.242 	
-612.398 	-131.205 	856.474 	-0.290 	-0.070 	0.312 	
100.854 	696.953 	516.348 	-0.042 	0.257 	0.203 	
-57.070 	1079.560 	981.923 	-0.065 	0.398 	0.363 	
-596.812 	-344.664 	1043.401 	-0.296 	-0.131 	0.381 	
752.000 	617.086 	-326.753 	0.204 	0.226 	-0.112 	
79.508 	-293.498 	325.076 	-0.051 	-0.096 	0.119 	
-626.239 	980.403 	-930.194 	-0.295 	0.376 	-0.336 	
1034.036 	809.679 	112.917 	0.340 	0.301 	0.043 	
887.584 	980.486 	346.382 	0.286 	0.361 	0.132 	
-878.264 	-995.261 	-523.186 	-0.401 	-0.377 	-0.194 	
1163.976 	-628.355 	650.762 	0.353 	-0.246 	0.241 	
-275.326 	-171.918 	167.072 	-0.143 	-0.064 	0.058 	
-743.971 	245.297 	457.998 	-0.358 	0.087 	0.168 	
-863.974 	-368.268 	97.634 	-0.402 	-0.137 	0.037 	
1185.049 	609.446 	946.319 	0.384 	0.220 	0.338 	
1241.956 	-376.281 	-65.041 	0.398 	-0.138 	-0.033 	
339.677 	-929.673 	-317.484 	0.084 	-0.340 	-0.117 	
-531.394 	498.246 	-319.348 	-0.242 	0.178 	-0.124 	
-12.836 	-871.358 	-973.398 	-0.088 	-0.322 	-0.362 	
-1105.194 	-392.846 	960.665 	-0.480 	-0.157 	0.341 	
-720.520 	203.317 	613.401 	-0.347 	0.075 	0.220 	
372.555 	-835.300 	490.049 	0.059 	-0.315 	0.191 	
34.414 	-618.849 	86.951 	-0.047 	-0.212 	0.040 	
-54.815 	-119.950 	-367.136 	-0.064 	-0.041 	-0.132 	
263.747 	-477.956 	274.033 	0.018 	-0.163 	0.100 	
-680.988 	-534.671 	15.666 	-0.307 	-0.201 	0.022 	
-930.502 	467.755 	-183.622 	-0.428 	0.175 	-0.060 	
-730.133 	-786.813 	-685.387 	-0.331 	-0.300 	-0.251 	
1199.881 	-1019.136 	286.097 	0.396 	-0.386 	0.107 	
-330.128 	1015.104 	313.418 	-0.190 	0.363 	0.130 	
-735.320 	-299.801 	-50.863 	-0.318 	-0.128 	-0.014 	
1195.217 	-347.938 	1036.455 	0.382 	-0.135 	0.393 	
292.176 	143.172 	760.217 	0.056 	0.044 	0.289 	
456.629 	-201.432 	-779.200 	0.098 	-0.084 	-0.275 	
-137.776 	532.125 	34.768 	-0.122 	0.200 	0.007 	
1327.811 	1054.196 	649.629 	0.422 	0.399 	0.229 	
-665.238 	-412.496 	1388.647 	-0.325 	-0.162 	0.541 	
-806.794 	240.483 	-716.146 	-0.346 	0.084 	-0.265 	
-374.373 	-145.615 	374.787 	-0.213 	-0.037 	0.142 	
1237.573 	-515.568 	-900.785 	0.384 	-0.189 	-0.329 	
-536.959 	445.704 	122.416 	-0.257 	0.160 	0.040 	
-192.708 	702.380 	60.349 	-0.140 	0.242 	0.021 	
356.439 	131.382 	983.145 	0.079 	0.067 	0.358 	
-233.272 	-529.165 	347.301 	-0.137 	-0.202 	0.131 	
-522.255 	642.703 	469.319 	-0.241 	0.228 	0.183 	
583.075 	407.144 	267.306 	0.153 	0.144 	0.120 	
-8.943 	-73.805 	386.279 	-0.079 	-0.019 	0.150 	
1106.210 	-704.056 	782.084 	0.336 	-0.254 	0.300 	
381.394 	942.896 	-54.001 	0.091 	0.353 	-0.013 	
-510.149 	447.789 	617.962 	-0.244 	0.178 	0.222 	
-964.448 	-330.401 	-909.033 	-0.412 	-0.110 	-0.338 	
1153.340 	488.770 	701.581 	0.358 	0.200 	0.253 	
714.621 	-745.377 	-375.853 	0.220 	-0.271 	-0.141 	
-369.986 	-99.912 	704.254 	-0.203 	-0.028 	0.241 	
56.236 	-462.363 	1102.383 	-0.051 	-0.183 	0.391 	
-48.300 	-864.240 	989.127 	-0.078 	-0.333 	0.346 	
-964.669 	739.568 	-748.241 	-0.410 	0.264 	-0.287 	
887.821 	-208.912 	-159.739 	0.284 	-0.080 	-0.053 	
468.289 	478.366 	531.617 	0.113 	0.194 	0.207 	
-168.349 	-380.920 	-608.180 	-0.125 	-0.155 	-0.214 	
-293.983 	-226.610 	309.462 	-0.188 	-0.081 	0.115 	
-759.289 	116.637 	158.852 	-0.321 	0.042 	0.062 	
826.547 	-118.124 	-116.375 	0.237 	-0.051 	-0.040 	
650.948 	-494.261 	628.036 	0.192 	-0.180 	0.234 	
-136.485 	-469.234 	735.363 	-0.131 	-0.182 	0.267 	
-1017.704 	3.137 	805.096 	-0.443 	0.002 	0.296 	
-491.505 	172.946 	251.901 	-0.262 	0.068 	0.093 	
1136.878 	-723.989 	-18.991 	0.348 	-0.283 	-0.012 	
-80.689 	255.764 	-603.450 	-0.097 	0.079 	-0.210 	
-253.034 	419.756 	1015.864 	-0.140 	0.145 	0.378 	
916.511 	-703.567 	-240.328 	0.281 	-0.258 	-0.083 	
1199.996 	-125.964 	-540.769 	0.394 	-0.052 	-0.188 	
1075.229 	939.921 	1204.100 	0.329 	0.345 	0.448 	
954.661 	-1136.241 	-607.091 	0.291 	-0.415 	-0.210 	
1026.254 	333.142 	358.070 	0.333 	0.120 	0.124 	
1251.679 	-641.627 	364.638 	0.421 	-0.236 	0.136 	
240.140 	-878.796 	648.439 	0.032 	-0.309 	0.243 	
405.159 	105.682 	-816.676 	0.106 	0.040 	-0.304 	
1146.215 	727.613 	515.991 	0.349 	0.273 	0.202 	
-195.540 	-209.805 	0.838 	-0.151 	-0.082 	0.005 	
-648.805 	74.297 	-764.897 	-0.309 	0.015 	-0.296 	
272.367 	521.416 	356.160 	0.026 	0.199 	0.147 	
-641.189 	19.513 	777.508 	-0.300 	0.027 	0.287 	
-286.270 	-348.826 	1013.965 	-0.176 	-0.150 	0.368 	
-969.460 	529.423 	295.982 	-0.434 	0.204 	0.112 	
-1037.337 	542.657 	909.785 	-0.429 	0.198 	0.341 	
-260.562 	-172.756 	815.807 	-0.163 	-0.052 	0.290 	
1234.105 	-762.349 	-881.042 	0.385 	-0.281 	-0.342 	
267.033 	-1098.153 	1114.558 	0.019 	-0.411 	0.411 	
-482.589 	585.366 	212.785 	-0.232 	0.217 	0.075 	
-942.807 	404.636 	828.898 	-0.393 	0.147 	0.311 	
-723.338 	-16.820 	655.881 	-0.308 	-0.002 	0.241 	
179.171 	531.916 	668.738 	-0.014 	0.185 	0.249 	
322.164 	-338.228 	-117.103 	0.070 	-0.124 	-0.042 	
370.975 	179.945 	164.420 	0.067 	0.048 	0.059 	
-259.064 	-805.390 	395.669 	-0.143 	-0.310 	0.141 	
420.958 	-208.955 	368.603 	0.098 	-0.079 	0.123 	
845.094 	293.268 	630.637 	0.265 	0.114 	0.219 	
584.170 	114.302 	-640.121 	0.144 	0.044 	-0.237 	
336.947 	51.463 	-332.386 	0.059 	0.027 	-0.127 	
-1046.897 	-826.212 	1120.068 	-0.461 	-0.309 	0.426 	
-615.344 	1035.398 	645.906 	-0.294 	0.376 	0.251 	
-318.800 	-974.590 	809.777 	-0.173 	-0.354 	0.296 	
-96.690 	-209.845 	780.331 	-0.098 	-0.094 	0.274 	
-178.710 	-192.619 	-247.072 	-0.147 	-0.076 	-0.100 	
1316.812 	394.791 	1114.913 	0.437 	0.151 	0.411 	
-195.324 	-987.935 	-972.954 	-0.117 	-0.364 	-0.363 	
587.343 	1130.569 	-139.324 	0.157 	0.431 	-0.061 	
414.370 	1169.846 	-1111.672 	0.105 	0.438 	-0.403 	
-65.919 	763.301 	435.023 	-0.082 	0.288 	0.163 	
-312.585 	725.145 	-83.648 	-0.179 	0.264 	-0.048 	
254.839 	461.415 	-1225.726 	0.033 	0.163 	-0.471 	
-375.538 	133.242 	-334.456 	-0.187 	0.055 	-0.118 	
82.442 	89.496 	-698.423 	-0.021 	0.034 	-0.269 	
932.484 	681.773 	-320.430 	0.303 	0.250 	-0.120 	
-941.315 	701.695 	-690.192 	-0.415 	0.265 	-0.270 	
1107.836 	1027.732 	635.174 	0.371 	0.379 	0.237 	
-651.339 	710.269 	713.966 	-0.313 	0.258 	0.281 	
494.952 	400.152 	809.020 	0.106 	0.134 	0.299 	
-1077.591 	703.471 	-625.396 	-0.472 	0.269 	-0.237 	
-563.703 	1021.646 	-381.716 	-0.259 	0.374 	-0.130 	
-595.715 	467.814 	321.382 	-0.267 	0.166 	0.132 	
6.824 	-392.432 	581.509 	-0.064 	-0.128 	0.203 	
101.308 	-477.994 	-971.074 	-0.026 	-0.157 	-0.358 	
-997.858 	-323.524 	-532.474 	-0.416 	-0.121 	-0.207 	
833.351 	111.801 	-191.062 	0.253 	0.048 	-0.051 	
932.233 	1.353 	-141.332 	0.278 	-0.011 	-0.033 	
-343.989 	-198.056 	979.309 	-0.200 	-0.079 	0.356 	
1068.833 	-685.865 	-624.783 	0.340 	-0.242 	-0.242 	
491.429 	-140.678 	545.829 	0.111 	-0.045 	0.201 	
1252.563 	-1054.288 	-614.113 	0.416 	-0.379 	-0.238 	
460.641 	-771.632 	130.137 	0.110 	-0.282 	0.035 	
-186.519 	-975.356 	59.030 	-0.136 	-0.364 	0.020 	
399.178 	971.045 	-135.039 	0.098 	0.340 	-0.050 	
761.556 	-214.887 	-221.050 	0.214 	-0.062 	-0.076 	
-335.075 	-135.063 	35.384 	-0.178 	-0.062 	0.021 	
-19.921 	705.609 	-179.424 	-0.087 	0.267 	-0.066 	
725.367 	-834.096 	-1071.900 	0.221 	-0.316 	-0.410 	
-801.563 	790.649 	251.958 	-0.368 	0.291 	0.113 	
-81.003 	-509.004 	762.107 	-0.102 	-0.180 	0.265 	
617.748 	621.946 	-26.049 	0.146 	0.232 	-0.015 	
861.703 	982.538 	-898.141 	0.252 	0.373 	-0.327 	
-878.053 	200.816 	4.302 	-0.392 	0.056 	0.011 	
852.328 	596.684 	155.174 	0.251 	0.210 	0.070 	
-1048.284 	1107.448 	1111.956 	-0.461 	0.400 	0.419 	
267.103 	189.387 	437.697 	0.048 	0.069 	0.148 	
731.523 	-270.420 	-128.495 	0.199 	-0.109 	-0.038 	
1095.216 	585.234 	876.679 	0.329 	0.218 	0.322 	
-37.711 	-128.163 	-156.190 	-0.089 	-0.057 	-0.040 	
1077.976 	-848.850 	-842.179 	0.355 	-0.311 	-0.311 	
912.074 	-32.734 	-417.670 	0.277 	-0.009 	-0.159 	
-872.707 	-961.742 	-174.348 	-0.386 	-0.355 	-0.047 	
-757.441 	968.793 	1029.842 	-0.349 	0.376 	0.372 	
760.622 	-1171.573 	756.959 	0.218 	-0.454 	0.277 	
830.839 	-757.120 	-146.775 	0.242 	-0.278 	-0.039 	
1241.092 	-1033.307 	1025.880 	0.416 	-0.382 	0.376 	
-375.939 	-207.233 	-439.796 	-0.199 	-0.070 	-0.157 	
1328.297 	1006.160 	668.826 	0.451 	0.379 	0.239 	
723.823 	510.938 	-468.426 	0.187 	0.188 	-0.178 	
106.515 	867.729 	-333.656 	-0.016 	0.330 	-0.116 	
-1085.871 	227.246 	-458.326 	-0.478 	0.083 	-0.158 	
-1254.662 	994.669 	1663.822 	-0.522 	0.379 	0.617 	
484.281 	-219.795 	912.537 	0.137 	-0.078 	0.331 	
-440.656 	-247.159 	-326.001 	-0.244 	-0.087 	-0.115 	
-1013.270 	425.621 	883.935 	-0.420 	0.160 	0.324 	
-415.039 	538.875 	-581.933 	-0.213 	0.199 	-0.234 	
50.724 	145.127 	-198.080 	-0.025 	0.046 	-0.075 	
-887.232 	-163.387 	-521.740 	-0.403 	-0.054 	-0.192 	
133.063 	-300.203 	-165.624 	-0.015 	-0.122 	-0.067 	
1262.397 	-133.784 	-56.520 	0.410 	-0.049 	-0.036 	
-107.114 	307.546 	171.056 	-0.115 	0.109 	0.082 	
613.338 	-861.885 	-91.995 	0.145 	-0.316 	-0.042 	
856.815 	-1011.239 	-443.055 	0.261 	-0.368 	-0.179 	
-527.155 	-667.182 	455.192 	-0.243 	-0.250 	0.164 	
-123.024 	695.322 	879.255 	-0.109 	0.246 	0.321 	
694.291 	1087.124 	745.874 	0.195 	0.420 	0.275 	
-1109.522 	548.664 	-121.007 	-0.476 	0.219 	-0.052 	
-5.270 	44.112 	-785.318 	-0.069 	0.006 	-0.285 	
-451.658 	407.749 	-1048.937 	-0.223 	0.137 	-0.378 	
-881.802 	-291.140 	146.231 	-0.400 	-0.119 	0.055 	
595.854 	397.844 	423.435 	0.161 	0.153 	0.140 	
363.665 	-218.602 	-864.413 	0.059 	-0.088 	-0.316 	
297.734 	824.054 	420.183 	0.054 	0.297 	0.149 	
141.497 	292.709 	598.131 	-0.016 	0.121 	0.214 	
-380.745 	-723.867 	739.065 	-0.201 	-0.262 	0.280 	
110.220 	-133.690 	-400.741 	-0.030 	-0.051 	-0.139 	
-171.114 	1093.139 	650.837 	-0.139 	0.390 	0.249 	
-522.462 	263.718 	-100.719 	-0.246 	0.088 	-0.022 	
-865.542 	-608.198 	99.579 	-0.402 	-0.220 	0.037 	
857.460 	-424.040 	-1146.133 	0.264 	-0.155 	-0.432 	
-838.323 	1256.407 	-568.573 	-0.382 	0.483 	-0.204 	
-378.644 	501.235 	-1059.889 	-0.184 	0.189 	-0.392 	
905.437 	-527.339 	-188.561 	0.270 	-0.181 	-0.062 	
225.758 	209.248 	-192.066 	0.013 	0.087 	-0.071 	
-196.904 	930.874 	-454.015 	-0.144 	0.345 	-0.165 	
-144.191 	112.361 	771.147 	-0.123 	0.053 	0.275 	
-716.444 	-842.380 	1007.704 	-0.345 	-0.302 	0.373 	
620.186 	799.849 	717.236 	0.176 	0.277 	0.261 	
217.959 	716.245 	932.017 	0.031 	0.262 	0.353 	
509.127 	528.766 	-613.637 	0.115 	0.178 	-0.226 	
793.073 	596.938 	-996.517 	0.234 	0.218 	-0.379 	
190.942 	-411.946 	-874.863 	0.006 	-0.169 	-0.322 	
-718.281 	589.620 	-399.811 	-0.344 	0.207 	-0.143 	
641.198 	40.837 	-18.813 	0.182 	0.019 	0.001 	
-787.642 	920.911 	48.368 	-0.377 	0.336 	0.022 	
-344.187 	-865.794 	-358.251 	-0.191 	-0.316 	-0.140 	
348.947 	-548.667 	-875.761 	0.047 	-0.207 	-0.325 	
-102.229 	-295.212 	693.482 	-0.117 	-0.106 	0.258 	
16.460 	-1029.286 	456.293 	-0.051 	-0.386 	0.178 	
801.388 	544.590 	-769.351 	0.253 	0.197 	-0.284 	
190.855 	624.352 	-583.136 	0.011 	0.241 	-0.229 	
125.707 	798.176 	-682.773 	-0.029 	0.291 	-0.245 	
-517.198 	789.863 	-463.396 	-0.239 	0.296 	-0.171 	
-1062.811 	-417.482 	118.243 	-0.463 	-0.163 	0.056 	
-646.172 	-320.012 	-606.507 	-0.280 	-0.123 	-0.222 	
1332.078 	-717.062 	1066.304 	0.434 	-0.264 	0.385 	
-1004.777 	500.006 	-192.148 	-0.442 	0.196 	-0.068 	
8.800 	-407.606 	539.923 	-0.086 	-0.141 	0.198 	
-232.439 	-383.880 	-817.812 	-0.134 	-0.144 	-0.286 	
-381.387 	-1060.523 	984.091 	-0.208 	-0.389 	0.359 	
-0.342 	-382.025 	555.243 	-0.080 	-0.144 	0.208 	
167.399 	-1028.218 	236.334 	0.009 	-0.390 	0.088 	
-212.421 	-142.724 	63.109 	-0.163 	-0.061 	0.027 	
-287.149 	-350.335 	-405.547 	-0.174 	-0.137 	-0.140 	
-299.880 	-542.391 	744.530 	-0.093 	-0.139 	0.165 	
498.387 	-927.133 	590.520 	0.131 	-0.357 	0.216 	
-587.996 	-174.406 	594.147 	-0.263 	-0.076 	0.218 	
1120.738 	547.356 	-877.748 	0.373 	0.206 	-0.329 	
-64.850 	615.035 	1055.544 	-0.090 	0.215 	0.379 	
437.585 	889.494 	704.829 	0.117 	0.325 	0.258 	
768.870 	745.738 	469.058 	0.239 	0.282 	0.175 	
663.347 	-662.951 	209.366 	0.184 	-0.231 	0.082 	
-332.997 	-198.942 	-768.871 	-0.196 	-0.061 	-0.269 	
-576.397 	690.676 	385.837 	-0.258 	0.255 	0.152 	
245.280 	-401.655 	680.353 	0.014 	-0.153 	0.252 	
449.686 	-754.843 	559.463 	0.103 	-0.296 	0.212 	
-221.499 	-799.830 	72.535 	-0.156 	-0.274 	0.025 	
259.598 	-676.328 	-118.368 	0.021 	-0.254 	-0.057 	
45.712 	-701.132 	-318.303 	-0.065 	-0.251 	-0.113 	
1010.881 	-162.050 	-909.874 	0.313 	-0.058 	-0.333 	
593.487 	232.018 	1066.427 	0.139 	0.091 	0.399 	
-704.665 	504.416 	679.387 	-0.319 	0.191 	0.263 	
1236.286 	-644.877 	1042.761 	0.412 	-0.231 	0.400 	
-672.882 	376.366 	184.878 	-0.298 	0.142 	0.057 	
174.325 	147.142 	968.639 	0.002 	0.071 	0.351 	
-1075.100 	494.600 	722.319 	-0.464 	0.202 	0.268 	
-305.607 	-699.080 	212.639 	-0.183 	-0.273 	0.078 	
642.153 	-130.355 	-598.537 	0.187 	-0.037 	-0.228 	
-308.698 	-1016.840 	1144.210 	-0.176 	-0.379 	0.442 	
-804.812 	907.037 	84.972 	-0.371 	0.339 	0.024 	
322.615 	-1100.847 	-1004.443 	0.055 	-0.398 	-0.367 	
-1100.890 	-278.575 	-1069.646 	-0.453 	-0.106 	-0.394 	
-429.332 	5.612 	-674.337 	-0.240 	0.000 	-0.250 	
91.692 	70.761 	-103.031 	-0.019 	0.020 	-0.039 	
-1069.827 	-268.790 	1109.867 	-0.462 	-0.112 	0.417 	
-300.206 	-21.384 	-108.319 	-0.169 	-0.022 	-0.018 	
1122.621 	-551.555 	638.724 	0.359 	-0.215 	0.251 	
-945.611 	-839.219 	-878.503 	-0.421 	-0.306 	-0.317 	
-936.527 	311.860 	-9.724 	-0.388 	0.108 	-0.004 	
280.712 	342.386 	-1055.608 	0.054 	0.138 	-0.396 	
-660.130 	291.773 	493.692 	-0.291 	0.093 	0.189 	
1212.097 	-1034.146 	761.965 	0.375 	-0.395 	0.283 	
-263.866 	658.350 	-736.500 	-0.144 	0.232 	-0.275 	
-1081.321 	97.690 	600.869 	-0.464 	0.032 	0.227 	
575.723 	-849.746 	929.885 	0.143 	-0.312 	0.354 	
-1060.526 	789.198 	-89.561 	-0.454 	0.292 	-0.044 	
-1011.066 	486.292 	354.850 	-0.423 	0.170 	0.146 	
256.899 	-798.611 	221.700 	0.048 	-0.305 	0.082 	
-314.162 	-808.761 	494.061 	-0.176 	-0.314 	0.193 	
314.799 	-589.869 	-1012.493 	0.072 	-0.226 	-0.366 	
-839.962 	-577.865 	501.476 	-0.367 	-0.203 	0.184 	
-1032.395 	-428.034 	-546.952 	-0.465 	-0.161 	-0.206 	
715.339 	-1001.488 	-973.607 	0.212 	-0.388 	-0.354 	
-945.381 	-696.024 	-799.838 	-0.415 	-0.261 	-0.314 	
370.404 	-337.167 	-84.502 	0.076 	-0.121 	-0.024 	
656.050 	995.191 	525.736 	0.174 	0.373 	0.184 	
1034.329 	256.770 	601.726 	0.311 	0.099 	0.231 	
573.516 	-557.949 	-702.291 	0.158 	-0.222 	-0.248 	
1269.823 	-1013.896 	855.390 	0.401 	-0.377 	0.328 	
-962.596 	-501.956 	-183.025 	-0.427 	-0.185 	-0.073 	
-519.295 	1041.664 	475.103 	-0.268 	0.381 	0.190 	
-242.145 	670.671 	924.891 	-0.158 	0.233 	0.351 	
732.742 	175.337 	833.327 	0.211 	0.069 	0.311 	
-58.692 	-898.358 	948.324 	-0.096 	-0.319 	0.342 	
-789.241 	573.412 	416.032 	-0.347 	0.223 	0.150 	
793.647 	874.792 	70.977 	0.237 	0.332 	0.033 	
-529.055 	-417.576 	-440.788 	-0.243 	-0.166 	-0.165 	
-22.783 	-691.540 	932.361 	-0.075 	-0.272 	0.335 	
964.810 	158.028 	119.587 	0.293 	0.049 	0.062 	
-999.049 	-1084.742 	707.545 	-0.420 	-0.411 	0.258 	
-328.287 	-396.144 	-291.073 	-0.169 	-0.128 	-0.112 	
920.424 	-865.247 	219.457 	0.280 	-0.311 	0.094 	
-22.793 	595.078 	307.592 	-0.081 	0.202 	0.109 	
-142.634 	-485.971 	-101.194 	-0.125 	-0.164 	-0.045 	
661.091 	56.333 	-625.547 	0.178 	0.023 	-0.217 	
-821.539 	950.495 	694.292 	-0.379 	0.360 	0.241 	
1174.223 	-931.740 	107.618 	0.384 	-0.349 	0.052 	
1020.946 	-37.657 	715.074 	0.329 	-0.014 	0.270 	
368.196 	922.229 	-7.313 	0.060 	0.355 	-0.005 	
236.835 	280.225 	618.392 	0.043 	0.092 	0.220 	
-1067.437 	760.596 	973.543 	-0.472 	0.273 	0.363 	
-814.818 	-280.131 	396.610 	-0.346 	-0.116 	0.150 	
1077.462 	193.544 	-242.354 	0.322 	0.068 	-0.096 	
-555.043 	-206.251 	-895.365 	-0.249 	-0.076 	-0.325 	
