200 
46.624 	3.445 	10.987 	17.153 	14.501 	-14.865 	
32.401 	31.273 	20.376 	2.821 	4.959 	3.492 	
882.189 	3168.872 	6141.582 	218.098 	801.892 	1553.998 	
31.912 	2.662 	12.273 	12.613 	0.831 	8.277 	
-126.919 	299.432 	511.008 	-24.554 	57.873 	98.083 	
-20.120 	15.660 	50.034 	-6.615 	13.023 	-0.468 	
42.777 	3.068 	-8.488 	-14.029 	9.963 	-51.980 	
-20.359 	389.611 	8.355 	-12.055 	107.241 	0.747 	
58.918 	-0.240 	14.147 	-2.209 	21.514 	-0.473 	
50.361 	2.647 	14.948 	12.396 	-11.244 	6.355 	
87.985 	-22.991 	-8.744 	17.067 	-3.734 	-0.587 	
40.794 	6.961 	2.542 	9.843 	-5.260 	8.546 	
106.316 	-23.897 	-185.177 	18.547 	-4.479 	-32.919 	
-14.654 	22.946 	21.670 	-30.097 	13.022 	6.880 	
41.271 	-20.581 	1.681 	-6.077 	-23.417 	-9.913 	
56.166 	2.933 	16.033 	2.704 	-6.065 	6.142 	
60.374 	0.868 	12.793 	20.723 	0.097 	-4.791 	
-113.018 	-329.502 	-142.362 	-33.260 	-80.242 	-35.359 	
170.207 	-263.790 	-4.693 	39.735 	-69.987 	-3.025 	
58.032 	-0.206 	13.857 	22.408 	-8.543 	7.163 	
52.099 	17.453 	-1.079 	7.607 	4.184 	-3.333 	
103.057 	33.457 	-14.195 	17.909 	7.484 	-2.583 	
-31.970 	31.604 	-187.952 	-10.974 	7.248 	-41.291 	
54.229 	-28.401 	-119.138 	7.226 	-6.402 	-30.094 	
202.158 	-94.589 	67.449 	37.632 	-18.580 	13.383 	
70.340 	-1.462 	11.026 	25.250 	5.963 	0.927 	
-164.119 	323.014 	-209.901 	-30.937 	61.638 	-40.162 	
68.743 	-8.489 	-4.676 	7.307 	1.473 	11.811 	
150.938 	583.614 	-390.827 	29.019 	112.461 	-75.010 	
-316.858 	-58.688 	147.863 	-61.900 	-10.806 	28.450 	
224.542 	153.109 	170.307 	42.637 	28.632 	31.651 	
57.750 	-8.716 	16.917 	7.709 	-5.762 	12.104 	
-2.631 	-82.126 	-91.277 	0.978 	-13.282 	-14.625 	
34.426 	-2.728 	26.571 	-15.729 	1.099 	19.553 	
68.681 	6.159 	12.846 	8.030 	-6.525 	7.874 	
60.915 	-1.376 	18.227 	15.157 	1.789 	17.288 	
9.448 	79.199 	297.238 	1.325 	16.059 	60.334 	
96.425 	0.052 	-60.834 	17.676 	-1.380 	-4.744 	
-723.038 	66.159 	219.423 	-143.080 	12.893 	43.393 	
59.280 	-5.403 	16.638 	-8.570 	2.387 	15.796 	
156.687 	-194.993 	-18.230 	28.044 	-35.211 	-3.148 	
-574.290 	-172.760 	-197.508 	-109.647 	-33.720 	-37.444 	
33.402 	-22.996 	-30.488 	10.890 	-1.096 	0.704 	
272.634 	-66.567 	-269.755 	54.792 	-14.205 	-55.999 	
48.804 	-10.557 	13.378 	-7.746 	-6.737 	1.372 	
188.495 	54.312 	-422.187 	35.495 	11.155 	-79.834 	
-146.177 	66.168 	170.894 	-33.740 	13.087 	34.755 	
91.321 	-87.865 	65.352 	18.118 	-22.803 	16.098 	
57.898 	-10.774 	32.823 	20.114 	-21.182 	38.561 	
-8.072 	54.498 	-50.512 	-4.319 	10.448 	-8.811 	
31.870 	-13.377 	43.718 	-5.422 	-12.043 	19.730 	
79.239 	-44.502 	30.178 	14.549 	-11.128 	6.295 	
375.988 	162.837 	-252.068 	86.518 	40.347 	-62.564 	
93.605 	156.851 	58.195 	17.474 	40.276 	13.915 	
-67.800 	-176.409 	-37.098 	-16.939 	-37.020 	-7.373 	
444.053 	-46.476 	-155.803 	86.401 	-8.523 	-30.765 	
-125.923 	30.567 	56.471 	-64.365 	13.092 	18.936 	
56.758 	1.889 	13.230 	3.510 	16.501 	4.641 	
71.625 	-1.521 	14.844 	12.085 	4.087 	-1.958 	
155.306 	182.212 	65.090 	30.999 	41.176 	14.624 	
70.791 	-3.676 	17.143 	-5.295 	-8.699 	-4.381 	
74.944 	0.256 	-75.056 	12.555 	0.085 	-12.097 	
995.184 	-1186.639 	1466.004 	190.624 	-228.025 	281.912 	
-34.110 	-5.443 	-2.633 	-11.309 	0.146 	0.939 	
161.371 	-64.015 	5.457 	33.516 	-13.993 	0.493 	
38.135 	-121.409 	29.105 	2.895 	-32.475 	6.999 	
183.672 	247.209 	-46.855 	33.730 	45.840 	-8.591 	
201.438 	-101.353 	-184.575 	36.673 	-18.057 	-33.848 	
58.553 	-4.968 	17.290 	20.920 	-6.891 	-11.459 	
150.584 	2.620 	7.697 	22.466 	0.550 	-0.507 	
149.831 	-173.380 	14.038 	43.177 	-63.648 	2.839 	
60.643 	-7.038 	13.135 	-1.207 	5.845 	6.575 	
33.930 	-233.178 	41.907 	-0.436 	-79.433 	12.218 	
-469.882 	284.552 	574.354 	-90.707 	54.938 	110.030 	
1803.052 	310.075 	-190.438 	377.182 	65.034 	-39.993 	
111.209 	-46.819 	-12.762 	29.599 	-16.035 	-7.045 	
56.450 	0.468 	15.725 	5.667 	16.769 	7.715 	
65.529 	-28.286 	55.060 	16.204 	-24.668 	43.583 	
109.333 	-81.734 	173.048 	20.721 	-14.782 	31.281 	
26.950 	-338.769 	10.018 	6.333 	-63.367 	1.592 	
365.734 	228.323 	83.757 	74.966 	48.206 	17.649 	
44.034 	146.082 	97.431 	7.847 	25.200 	16.258 	
107.588 	19.363 	22.805 	19.905 	6.810 	6.952 	
-88.758 	-100.021 	95.797 	-14.137 	-17.517 	16.635 	
63.658 	6.217 	10.845 	13.520 	-4.585 	-1.705 	
20.743 	14.513 	-18.615 	0.558 	0.326 	1.594 	
55.308 	-6.004 	15.889 	0.800 	-1.356 	0.019 	
163.000 	-241.251 	256.843 	30.198 	-45.910 	48.498 	
55.769 	-1.739 	14.966 	24.505 	-1.417 	4.191 	
-114.015 	-207.490 	-39.875 	-19.913 	-38.652 	-8.050 	
55.376 	-4.504 	15.844 	21.218 	13.768 	-7.341 	
-58.363 	182.849 	-139.988 	-14.728 	37.181 	-28.472 	
57.342 	-4.042 	18.595 	20.987 	-9.257 	0.055 	
105.479 	-87.627 	-167.341 	19.225 	-16.160 	-29.575 	
37.865 	15.223 	64.050 	6.708 	1.596 	6.507 	
-368.628 	285.853 	-177.824 	-70.253 	54.844 	-33.161 	
413.202 	14.066 	104.769 	80.972 	2.362 	20.871 	
65.564 	6.662 	18.653 	15.479 	2.009 	1.090 	
68.051 	-4.659 	14.335 	19.819 	-2.229 	4.442 	
61.733 	132.672 	205.513 	10.067 	28.747 	44.420 	
60.532 	88.644 	70.767 	9.207 	16.046 	13.391 	
48.226 	2.410 	24.885 	25.360 	-4.496 	-1.064 	
39.681 	88.179 	-107.918 	5.050 	17.355 	-21.557 	
46.345 	-38.802 	23.042 	5.900 	-0.815 	3.628 	
8.801 	-31.258 	12.598 	7.722 	-5.289 	1.981 	
299.224 	-366.217 	0.801 	58.170 	-73.706 	0.198 	
71.327 	11.664 	6.973 	5.709 	-3.541 	10.815 	
59.711 	-11.290 	17.984 	12.119 	-3.250 	-6.665 	
0.807 	-408.054 	-138.426 	-0.231 	-77.896 	-25.753 	
-1175.876 	1223.244 	-1390.512 	-226.863 	235.043 	-267.268 	
-2.423 	-63.832 	106.026 	-3.360 	-12.010 	20.296 	
47.605 	2.100 	14.423 	4.055 	0.269 	-1.109 	
233.385 	139.422 	158.658 	45.183 	25.639 	29.600 	
120.943 	283.375 	-136.134 	22.223 	52.908 	-25.562 	
-164.916 	-0.030 	643.917 	-45.168 	0.111 	155.436 	
-68.813 	89.954 	-54.398 	-13.147 	15.144 	-9.527 	
260.194 	309.112 	-187.332 	48.491 	58.629 	-35.701 	
-327.799 	-15.381 	349.824 	-62.909 	-2.645 	66.239 	
106.435 	-5.210 	-83.591 	17.444 	-1.026 	-14.927 	
86.926 	-11.806 	18.688 	18.600 	-2.544 	4.477 	
77.180 	-9.579 	5.600 	0.847 	1.771 	9.418 	
11.633 	97.181 	-111.956 	-0.036 	18.798 	-22.067 	
728.296 	-74.912 	321.768 	139.866 	-15.058 	61.884 	
183.535 	-26.691 	25.227 	38.284 	-5.850 	4.743 	
315.803 	-42.918 	-559.142 	70.465 	-10.320 	-134.006 	
103.767 	-27.799 	-9.826 	13.748 	-2.400 	0.526 	
72.153 	-8.648 	10.680 	15.549 	1.275 	3.610 	
149.208 	14.810 	-235.872 	26.919 	2.320 	-43.419 	
154.611 	185.506 	-89.903 	27.637 	33.984 	-15.835 	
-838.145 	-536.133 	85.597 	-167.516 	-106.035 	16.878 	
79.444 	-11.600 	12.630 	2.901 	0.640 	8.842 	
46.291 	8.613 	6.792 	12.993 	-16.274 	6.242 	
50.769 	-3.690 	13.397 	-1.450 	-20.249 	-2.214 	
43.896 	-24.706 	5.374 	12.092 	8.784 	1.436 	
239.682 	-15.268 	-9.829 	43.406 	-3.609 	-1.451 	
-33.407 	74.295 	24.864 	-12.393 	16.559 	4.934 	
-36.301 	158.221 	-240.659 	-8.203 	30.921 	-47.253 	
-41.876 	1.431 	-108.150 	-6.302 	0.624 	-17.183 	
114.670 	-142.056 	-138.809 	20.070 	-25.343 	-24.921 	
636.892 	722.558 	-531.273 	139.344 	162.390 	-119.687 	
37.627 	7.833 	5.744 	12.342 	1.674 	3.134 	
26.212 	62.152 	402.359 	4.099 	11.660 	76.007 	
50.591 	6.138 	12.360 	5.063 	0.348 	9.105 	
97.112 	-16.611 	8.051 	19.930 	-3.829 	-0.326 	
371.368 	223.618 	22.391 	71.141 	41.730 	4.212 	
95.608 	-36.206 	7.351 	10.782 	-6.917 	5.589 	
50.950 	-0.067 	9.520 	25.626 	-8.979 	-1.773 	
63.710 	-2.595 	12.846 	8.820 	0.958 	3.402 	
183.165 	478.203 	-443.601 	34.422 	91.793 	-84.404 	
3.402 	-154.109 	-29.828 	0.184 	-25.444 	-4.827 	
-5.143 	-132.868 	-96.584 	-4.196 	-26.732 	-18.663 	
17.512 	29.220 	1.876 	0.944 	3.751 	2.718 	
55.907 	-2.302 	15.631 	3.180 	8.704 	3.828 	
42.806 	-1.814 	18.607 	13.020 	6.249 	-14.272 	
58.406 	4.270 	12.438 	9.886 	14.218 	-4.417 	
46.323 	2.552 	15.722 	8.442 	-8.948 	-6.076 	
41.599 	-55.475 	-3.160 	4.498 	-8.696 	0.987 	
55.397 	-9.190 	90.438 	6.401 	-8.044 	71.798 	
519.291 	-158.581 	503.769 	99.235 	-29.928 	97.240 	
38.717 	2.739 	18.409 	5.444 	-3.425 	2.531 	
15.340 	58.723 	98.248 	-2.696 	12.828 	21.701 	
46.640 	-0.550 	16.597 	21.914 	6.175 	-9.227 	
59.662 	-0.653 	17.828 	2.033 	17.526 	1.058 	
-94.664 	80.252 	130.489 	-22.555 	16.167 	26.725 	
-296.003 	-462.328 	-85.320 	-66.166 	-99.002 	-18.383 	
43.182 	6.349 	15.713 	4.523 	-6.055 	5.877 	
-118.519 	268.651 	100.061 	-77.004 	141.110 	46.856 	
50.424 	7.039 	17.942 	1.091 	10.979 	-0.058 	
519.493 	84.302 	-1061.458 	99.824 	16.446 	-204.305 	
34.277 	0.544 	14.221 	-1.912 	1.062 	1.784 	
55.547 	80.953 	192.876 	8.129 	17.357 	40.967 	
220.524 	98.215 	-34.819 	40.889 	17.210 	-6.158 	
-794.653 	-589.836 	315.432 	-182.393 	-132.152 	70.476 	
-19.449 	99.571 	504.784 	-4.928 	19.465 	101.203 	
12.786 	-74.465 	33.225 	1.532 	-18.832 	8.231 	
98.819 	7.742 	21.053 	17.473 	-4.097 	-1.345 	
25.107 	-94.519 	-60.589 	0.527 	-20.874 	-13.111 	
-420.728 	-453.562 	70.100 	-86.085 	-90.941 	14.078 	
60.580 	4.445 	31.448 	9.672 	-3.869 	0.800 	
68.787 	9.533 	14.382 	9.992 	-4.585 	-1.592 	
68.039 	0.752 	14.488 	12.413 	7.700 	-1.957 	
340.020 	-15.569 	9.846 	101.656 	-4.166 	1.935 	
44.413 	-6.321 	15.319 	-2.542 	-1.867 	4.196 	
45.550 	30.042 	-97.015 	4.658 	6.058 	-20.821 	
110.819 	14.236 	-208.079 	20.490 	1.940 	-37.581 	
65.702 	-3.594 	14.440 	3.495 	-5.463 	16.529 	
216.698 	22.533 	253.073 	41.538 	3.727 	46.849 	
65.229 	10.918 	9.991 	13.526 	9.803 	-1.828 	
62.566 	-7.661 	11.236 	7.948 	3.070 	-1.375 	
91.304 	-12.105 	-30.994 	35.680 	-11.988 	-29.062 	
59.477 	-7.846 	16.612 	14.540 	4.265 	8.375 	
16.358 	-9.752 	22.950 	-31.393 	-6.318 	9.213 	
-112.573 	-111.353 	1010.762 	-21.627 	-21.032 	193.656 	
-32.812 	1.604 	20.990 	-4.937 	-1.885 	4.228 	
91.291 	-87.187 	-296.131 	16.318 	-16.099 	-54.978 	
53.945 	-262.162 	298.825 	10.397 	-48.656 	56.356 	
92.855 	-315.235 	-71.364 	17.073 	-73.414 	-16.887 	
49.289 	-22.793 	24.827 	7.246 	-2.235 	3.310 	
-1634.928 	-373.331 	486.218 	-346.573 	-78.855 	102.346 	
57.365 	2.509 	15.106 	13.571 	-16.343 	0.962 	

300 
234.538 	-328.862 	15.319 	43.295 	-64.468 	3.007 	
139.248 	-508.123 	-286.675 	25.640 	-100.165 	-56.667 	
54.234 	-314.115 	-115.446 	8.245 	-58.910 	-21.675 	
-119.048 	145.951 	37.334 	-22.789 	25.118 	6.562 	
36.862 	7.943 	6.778 	7.287 	-1.194 	4.025 	
65.779 	-9.213 	11.699 	-0.116 	-5.673 	-5.277 	
52.571 	9.795 	13.902 	19.268 	-3.180 	-3.271 	
53.470 	1.252 	4.034 	2.396 	6.570 	6.768 	
22.394 	-109.731 	33.128 	29.610 	-43.511 	4.770 	
128.635 	-7.621 	-6.676 	20.234 	-0.141 	2.497 	
60.682 	-7.079 	11.660 	16.873 	-8.880 	-0.292 	
52.983 	-6.794 	12.857 	-1.690 	-9.898 	0.872 	
12.985 	-278.678 	-146.471 	-2.333 	-66.206 	-35.050 	
-355.718 	-131.606 	-352.233 	-72.604 	-25.735 	-69.089 	
57.249 	2.265 	16.025 	9.928 	-11.253 	3.137 	
-50.945 	-463.999 	-70.537 	-12.109 	-90.959 	-13.860 	
-104.142 	-18.852 	30.384 	-15.646 	-6.369 	7.961 	
74.934 	-2.657 	14.148 	16.773 	-4.761 	1.134 	
-406.593 	-739.641 	34.416 	-82.927 	-146.193 	6.569 	
-223.945 	-106.082 	-331.400 	-45.912 	-20.814 	-64.605 	
-94.982 	-121.781 	440.961 	-21.902 	-23.059 	84.144 	
-100.097 	246.205 	-224.315 	-22.272 	47.773 	-43.169 	
65.689 	-5.499 	14.402 	31.206 	-12.050 	-2.990 	
-403.668 	525.671 	-347.778 	-78.880 	100.598 	-67.718 	
842.669 	11.701 	-229.583 	165.875 	2.206 	-45.014 	
-186.286 	-310.572 	-215.470 	-38.720 	-60.970 	-41.935 	
-126.180 	-175.815 	77.146 	-26.154 	-32.634 	14.006 	
-729.899 	-3131.469 	-6168.249 	-189.434 	-793.447 	-1562.568 	
-148.658 	-56.951 	211.053 	-31.089 	-10.729 	39.674 	
-13.629 	30.278 	10.164 	-1.105 	-0.354 	3.026 	
42.281 	-5.169 	16.154 	-11.447 	2.613 	7.619 	
-278.223 	864.566 	8.236 	-57.735 	171.278 	1.734 	
-126.592 	329.592 	-103.461 	-39.816 	89.505 	-30.558 	
49.432 	-3.762 	20.619 	-17.747 	-20.045 	20.824 	
-133.764 	40.253 	86.247 	-23.197 	5.192 	14.741 	
174.426 	-34.179 	345.579 	32.010 	-6.546 	67.246 	
76.878 	18.073 	16.448 	24.987 	18.713 	1.683 	
-131.427 	-17.250 	61.574 	-21.711 	0.188 	16.111 	
-171.911 	-452.027 	-129.837 	-35.677 	-88.893 	-25.288 	
-92.352 	-217.120 	-66.664 	-20.581 	-41.822 	-11.425 	
-117.055 	-21.290 	36.407 	-23.174 	-3.597 	2.682 	
-81.854 	-39.295 	56.270 	-16.833 	-2.313 	9.241 	
-326.767 	-174.922 	-9.599 	-65.851 	-33.905 	-1.521 	
66.386 	-191.370 	200.432 	10.340 	-36.383 	38.302 	
4.105 	8.116 	-28.818 	3.726 	0.402 	0.107 	
-112.569 	-206.439 	-53.896 	-23.803 	-40.095 	-10.604 	
-86.325 	-38.356 	28.721 	-16.453 	-3.755 	6.189 	
37.871 	1.663 	31.142 	-7.477 	0.842 	12.654 	
-174.799 	-50.952 	-313.323 	-36.805 	-9.821 	-61.068 	
-243.723 	-396.483 	360.224 	-49.418 	-76.635 	68.817 	
-215.134 	109.880 	53.479 	-63.860 	41.336 	13.110 	
72.536 	12.834 	9.344 	44.944 	26.978 	-8.134 	
-10.775 	-12.386 	23.402 	2.017 	3.536 	2.171 	
-680.821 	758.335 	-4854.939 	-133.099 	145.957 	-934.075 	
-50.839 	-0.489 	39.674 	-9.501 	0.004 	3.511 	
-285.623 	-233.411 	66.275 	-54.770 	-43.686 	12.236 	
-78.735 	256.645 	228.721 	-18.270 	49.663 	44.393 	
-4.409 	-86.406 	124.931 	-2.319 	-14.208 	21.534 	
17.666 	5.840 	21.506 	-0.217 	1.567 	6.084 	
-53.947 	-1.091 	460.648 	-12.851 	-0.005 	90.314 	
917.903 	300.479 	-224.754 	179.317 	59.140 	-44.464 	
72.957 	118.415 	44.113 	70.854 	342.877 	78.694 	
61.565 	-5.758 	21.390 	13.630 	-12.125 	11.607 	
69.150 	-180.338 	166.682 	11.944 	-34.154 	31.771 	
65.201 	-7.510 	15.389 	-2.741 	7.144 	-3.866 	
-437.245 	-30.868 	86.341 	-95.391 	-6.791 	18.065 	
-69.121 	49.582 	12.363 	-9.884 	6.172 	2.376 	
588.433 	-764.331 	4751.857 	111.109 	-146.837 	913.335 	
55.619 	-3.693 	11.469 	-10.182 	-1.507 	10.879 	
-212.780 	41.114 	40.390 	-41.463 	7.641 	7.944 	
2151.401 	1896.323 	-620.690 	423.956 	375.289 	-122.918 	
145.716 	211.052 	-303.494 	24.570 	38.785 	-57.179 	
149.292 	348.592 	-26.624 	27.179 	67.801 	-5.379 	
-658.849 	-375.540 	-530.069 	-143.097 	-80.383 	-114.499 	
21.914 	3.723 	0.662 	13.190 	3.348 	-0.634 	
-252.035 	-68.358 	-144.490 	-50.948 	-12.886 	-27.193 	
-153.696 	63.108 	-3.410 	-30.521 	10.646 	0.449 	
-13.732 	6.500 	218.671 	-4.637 	0.398 	43.889 	
10.071 	-69.971 	-151.948 	1.275 	-13.510 	-28.955 	
-62.021 	54.135 	16.651 	-12.609 	5.924 	2.819 	
-57.898 	217.886 	-373.745 	-13.297 	42.770 	-73.337 	
-132.324 	-17.994 	59.690 	-27.784 	-4.108 	1.834 	
-111.174 	-12.763 	53.046 	-21.882 	-3.851 	6.540 	
18.497 	35.364 	-18.983 	4.241 	0.416 	1.204 	
-120.263 	54.445 	-10.061 	-23.506 	9.040 	-1.222 	
-148.365 	-31.838 	-294.579 	-37.690 	-7.364 	-67.185 	
-145.066 	75.252 	46.229 	-28.823 	12.207 	8.292 	
67.690 	0.671 	31.283 	22.862 	0.172 	9.671 	
57.180 	-147.256 	-104.610 	8.670 	-25.768 	-17.238 	
-63.160 	13.982 	200.328 	-13.848 	2.750 	35.667 	
-49.769 	-164.960 	0.393 	-9.376 	-28.633 	0.536 	
28.728 	-119.576 	6.591 	6.303 	-19.004 	-0.509 	
-179.752 	272.415 	-2.503 	-37.267 	52.498 	-0.296 	
16.944 	-59.627 	19.848 	5.623 	-4.884 	4.428 	
-25.798 	-33.540 	-207.082 	-5.080 	-5.079 	-31.117 	
-134.202 	-338.535 	-252.545 	-26.413 	-64.483 	-48.076 	
2476.990 	1592.278 	-732.938 	663.587 	440.936 	-189.949 	
-15.276 	-46.404 	-157.983 	-6.526 	-9.755 	-32.614 	
-200.572 	-50.741 	65.770 	-39.302 	-8.728 	11.906 	
-43.736 	99.727 	-2.604 	-10.973 	14.408 	-0.053 	
-342.570 	442.302 	1279.232 	-182.424 	311.716 	868.731 	
-20.225 	17.116 	-13.003 	-1.393 	0.269 	-1.826 	
-1.167 	-19.272 	35.037 	4.076 	-0.406 	6.307 	
54.821 	-0.475 	16.354 	0.932 	-2.594 	10.535 	
-54.851 	-376.410 	-101.988 	-12.410 	-73.549 	-19.882 	
-42.608 	-81.180 	19.675 	-7.241 	-11.571 	4.444 	
67.227 	-3.718 	14.493 	18.247 	13.691 	17.595 	
107.337 	-45.113 	35.670 	22.196 	-12.168 	7.208 	
-44.592 	58.024 	524.116 	-11.260 	11.565 	102.956 	
61.649 	-1.261 	15.631 	15.280 	5.838 	6.697 	
62.576 	-8.315 	17.659 	15.490 	-5.643 	-5.085 	
-131.993 	445.379 	29.967 	-28.709 	87.192 	5.725 	
-673.509 	-339.558 	-1727.557 	-136.181 	-67.434 	-342.011 	
14.276 	-56.917 	142.377 	-2.748 	-12.674 	31.967 	
222.315 	144.932 	222.717 	40.008 	28.130 	43.186 	
-16.367 	-91.494 	6.281 	-3.566 	-12.700 	1.801 	
54.362 	-1.721 	13.448 	10.265 	10.127 	11.513 	
35.157 	-206.316 	254.612 	5.005 	-39.911 	48.922 	
-115.237 	128.899 	-76.834 	-21.515 	22.740 	-13.601 	
-59.885 	-30.932 	-25.307 	-10.748 	-3.406 	-1.760 	
-25.116 	0.829 	221.213 	-6.074 	-0.320 	40.441 	
-129.970 	-179.133 	58.892 	-27.617 	-31.513 	11.352 	
49.582 	-25.226 	17.201 	15.153 	2.751 	9.122 	
-2542.216 	-1977.505 	262.015 	-505.359 	-391.397 	51.642 	
-8661.978 	1925.968 	-5526.788 	-1668.730 	369.939 	-1063.524 	
-31.715 	111.089 	32.323 	-26.748 	43.963 	9.415 	
-270.954 	-44.563 	-315.917 	-55.698 	-8.729 	-61.524 	
-40.202 	11.866 	90.710 	-5.767 	1.135 	12.433 	
-4.648 	361.226 	-149.449 	-3.455 	70.423 	-29.234 	
-0.854 	-31.598 	-16.848 	-1.339 	0.065 	2.476 	
5.207 	-4.656 	40.136 	6.740 	2.455 	2.987 	
73.585 	-4.022 	16.033 	5.676 	3.848 	7.072 	
-165.695 	-221.760 	976.132 	-35.549 	-43.767 	193.194 	
32.126 	-17.915 	22.707 	16.523 	-2.426 	4.938 	
-37.714 	-6.061 	-35.608 	-3.752 	-0.794 	-2.144 	
-117.143 	272.866 	424.098 	-25.414 	53.613 	83.437 	
59.675 	4.403 	15.230 	-8.364 	2.351 	-8.726 	
75.731 	-57.995 	-1.654 	8.776 	-8.298 	0.753 	
46.031 	-3.016 	13.710 	-4.003 	5.012 	4.504 	
58.089 	-6.381 	14.508 	12.245 	-0.096 	-5.091 	
144.232 	13.593 	204.270 	26.721 	2.802 	42.755 	
-401.089 	121.968 	9.568 	-76.972 	23.021 	2.257 	
-150.151 	-536.583 	-86.657 	-32.303 	-105.037 	-17.105 	
59.239 	0.674 	12.727 	20.310 	6.170 	1.430 	
-11.504 	209.845 	-33.217 	-3.468 	37.780 	-5.870 	
59.442 	7.427 	7.807 	17.570 	3.804 	3.798 	
186.699 	-42.800 	47.329 	48.226 	-12.660 	12.494 	
-127.120 	33.774 	81.721 	-23.704 	6.785 	15.138 	
-307.068 	36.703 	44.682 	-62.154 	6.826 	8.851 	
-143.540 	59.973 	-96.181 	-114.219 	37.359 	-62.951 	
-159.480 	160.307 	-124.726 	-30.030 	29.414 	-23.602 	
-440.112 	24.753 	-1141.302 	-87.725 	5.079 	-220.200 	
33.060 	-1.807 	20.007 	-3.161 	3.985 	5.547 	
-44.641 	96.141 	-252.061 	-11.860 	17.627 	-45.926 	
231.696 	-25.210 	57.634 	45.991 	-5.127 	11.823 	
436.442 	437.421 	-597.825 	84.549 	86.667 	-118.224 	
66.822 	188.281 	-51.220 	11.148 	65.999 	-19.723 	
-40.285 	-62.192 	154.489 	-9.232 	-10.911 	27.083 	
-69.467 	-300.149 	-9.875 	-15.951 	-57.696 	-1.885 	
231.547 	-326.781 	110.593 	57.764 	-89.180 	27.686 	
28.876 	-128.392 	-7.014 	-59.620 	-361.576 	-64.338 	
-118.454 	-34.467 	37.676 	-22.287 	-2.217 	8.957 	
-162.015 	-196.371 	17.207 	-33.148 	-37.573 	3.288 	
829.643 	-27.410 	-115.107 	175.886 	-5.952 	-25.127 	
-81.069 	145.960 	-187.057 	-17.492 	27.858 	-35.629 	
-164.230 	65.157 	-373.663 	-34.827 	12.940 	-72.962 	
354.201 	15.096 	87.127 	65.394 	3.155 	15.744 	
358.067 	502.748 	-549.267 	68.053 	99.439 	-108.613 	
-556.367 	-420.776 	240.169 	-112.581 	-83.019 	47.470 	
19.494 	258.237 	-223.157 	1.214 	50.221 	-43.308 	
102.277 	27.034 	-14.486 	17.695 	4.811 	-2.496 	
89.764 	6.135 	17.518 	39.229 	12.413 	7.230 	
-60.212 	308.210 	27.392 	-13.893 	59.576 	5.096 	
10.940 	-0.829 	25.866 	8.890 	0.779 	1.885 	
41.213 	7.208 	-52.713 	6.376 	0.531 	-2.747 	
-61.974 	-7.679 	51.795 	-11.072 	0.361 	7.116 	
63.892 	3.762 	16.223 	4.235 	-8.570 	0.531 	
-126.052 	-34.793 	46.709 	-22.848 	-5.751 	9.170 	
-192.572 	310.013 	165.886 	-39.447 	58.896 	31.795 	
195.695 	-414.276 	-206.546 	36.607 	-81.322 	-40.828 	
75.076 	103.206 	-1.661 	11.544 	24.461 	-0.741 	
15.980 	141.650 	-0.631 	3.082 	24.701 	0.256 	
225.939 	-69.588 	147.609 	109.358 	-40.748 	84.128 	
-730.558 	555.986 	-607.961 	-147.283 	109.900 	-120.163 	
-233.580 	-268.397 	130.484 	-47.580 	-52.348 	25.351 	
153.194 	111.210 	-105.871 	37.451 	33.291 	-32.074 	
121.917 	-466.695 	-1225.244 	137.840 	-315.007 	-858.495 	
-365.787 	-68.033 	18.771 	-73.408 	-13.063 	3.671 	
2.067 	-5.185 	11.049 	4.905 	1.159 	-3.309 	
-138.804 	-301.932 	28.995 	-29.112 	-58.132 	5.389 	
61.148 	-5.853 	13.482 	19.090 	-20.399 	0.485 	
-29.500 	146.955 	310.747 	-7.844 	28.414 	60.286 	
-203.364 	43.119 	-10.557 	-39.546 	7.288 	-0.966 	
-201.092 	44.775 	-88.693 	-40.396 	8.510 	-16.801 	
22.681 	234.846 	141.387 	2.087 	44.481 	27.225 	
61.079 	-36.821 	79.414 	7.340 	-7.200 	15.054 	
-38.395 	4.744 	-3.567 	-5.697 	-1.011 	4.334 	
-38.538 	-49.805 	-352.969 	-8.752 	-9.708 	-72.425 	
-81.986 	12.480 	36.360 	-14.529 	0.511 	9.344 	
57.741 	1.644 	16.853 	23.103 	-11.548 	-1.061 	
958.194 	485.091 	461.662 	204.177 	104.303 	98.679 	
6.036 	106.793 	-18.818 	-1.375 	17.030 	-2.448 	
-162.835 	-48.644 	33.797 	-31.441 	-7.635 	5.728 	
-119.198 	-21.830 	33.656 	-21.897 	-1.086 	7.455 	
36.812 	-21.788 	0.879 	14.961 	-0.000 	3.744 	
-45.871 	288.540 	-359.618 	-10.999 	56.631 	-70.428 	
-136.170 	-12.198 	52.178 	-25.225 	-3.585 	10.713 	
5.403 	-51.539 	34.912 	3.052 	-4.272 	1.934 	
828.089 	-1597.859 	-208.345 	156.061 	-306.943 	-39.551 	
-115.087 	-203.798 	141.695 	-23.604 	-37.446 	24.793 	
51.992 	3.641 	12.986 	12.443 	-7.923 	-1.500 	
-3.875 	-3.331 	46.201 	3.298 	-1.996 	2.118 	
-158.393 	34.969 	137.469 	-31.706 	6.064 	24.110 	
142.969 	-182.893 	-155.121 	29.230 	-41.450 	-34.881 	
-4.338 	-81.156 	-3.339 	-0.959 	-11.237 	2.477 	
40.128 	2.581 	25.374 	-1.911 	2.699 	-0.859 	
-29.881 	16.342 	-272.964 	-6.913 	3.524 	-52.549 	
-117.939 	-9.810 	-254.007 	-26.085 	-2.232 	-48.522 	
-1707.335 	171.775 	-1081.826 	-331.752 	32.890 	-208.363 	
0.375 	111.981 	-24.728 	-0.889 	17.411 	-2.091 	
-199.496 	416.043 	51.372 	-40.898 	81.667 	10.080 	
33.065 	-9.339 	-61.160 	-14.756 	-8.240 	-69.952 	
57.569 	-1.453 	15.731 	9.145 	12.893 	14.405 	
-195.435 	-215.911 	-4.938 	-39.676 	-40.824 	-0.962 	
21.900 	-19.866 	181.136 	2.035 	-3.817 	32.310 	
528.112 	527.659 	-509.662 	100.293 	101.154 	-97.536 	
-94.134 	-133.736 	60.488 	-19.496 	-23.910 	10.918 	
16.740 	10.839 	250.435 	0.798 	1.567 	55.421 	
111.143 	54.002 	46.612 	16.440 	6.034 	7.124 	
515.706 	-59.082 	359.967 	114.090 	-13.751 	82.232 	
-108.106 	96.028 	334.081 	-23.362 	18.936 	65.119 	
22.749 	-25.929 	21.009 	-1.009 	-5.810 	4.548 	
60.780 	2.151 	14.856 	24.539 	8.611 	1.818 	
8562.166 	-2043.883 	5353.792 	1643.676 	-393.614 	1028.861 	
-65.027 	-0.294 	6.825 	-10.922 	0.891 	4.592 	
124.212 	2.577 	21.812 	16.512 	-1.004 	3.653 	
61.028 	3.428 	-0.293 	11.002 	2.345 	7.120 	
-104.694 	388.329 	-229.689 	-23.461 	76.062 	-44.901 	
210.640 	-282.838 	-74.174 	91.609 	-141.227 	-42.291 	
52.150 	8.782 	-17.479 	2.855 	13.303 	-27.330 	
-94.771 	-27.864 	47.331 	-18.810 	-8.693 	10.165 	
-151.473 	39.696 	119.767 	-30.639 	7.359 	21.474 	
308.616 	-369.341 	-584.134 	59.079 	-72.867 	-115.566 	
136.433 	44.916 	-23.059 	35.155 	11.466 	-4.557 	
-73.377 	404.068 	-419.754 	-16.946 	79.771 	-82.753 	
-64.137 	-306.418 	166.065 	-15.056 	-59.562 	32.277 	
-96.465 	363.046 	-23.802 	-21.272 	70.630 	-4.702 	
-137.393 	158.698 	-170.920 	-29.085 	29.166 	-30.880 	
38.757 	-68.583 	-309.934 	6.425 	-13.360 	-61.531 	
1594.125 	-207.115 	983.248 	303.143 	-39.848 	188.641 	
-72.567 	346.067 	335.714 	-23.308 	85.461 	81.754 	
-154.296 	106.691 	-299.770 	-31.464 	20.854 	-58.273 	
-150.736 	12.015 	84.513 	-29.314 	2.965 	14.057 	
108.161 	-17.319 	-17.073 	16.063 	-0.929 	-3.079 	
306.498 	-222.036 	346.733 	59.842 	-44.756 	69.460 	
-930.760 	1600.277 	394.964 	-181.983 	307.938 	76.334 	
-23.466 	0.231 	87.481 	-4.632 	-2.495 	11.648 	
-259.761 	120.488 	-266.070 	-53.211 	23.550 	-52.043 	
432.830 	-205.699 	-345.056 	85.318 	-41.547 	-69.126 	
-272.487 	660.223 	-437.952 	-56.458 	130.688 	-86.662 	
-58.206 	-19.109 	69.745 	-8.208 	-4.550 	12.220 	
62.345 	-2.477 	14.752 	-0.495 	19.817 	2.149 	
-51.843 	318.246 	250.261 	-12.440 	62.021 	48.873 	
-87.061 	-2.227 	14.164 	-16.042 	-1.330 	0.970 	
-59.968 	146.149 	259.397 	-13.527 	28.912 	52.115 	
409.857 	-607.630 	73.690 	76.994 	-116.427 	13.147 	
53.982 	-18.330 	24.728 	5.820 	11.238 	3.324 	
601.908 	-160.125 	210.444 	116.917 	-31.517 	41.456 	
-715.898 	466.290 	160.667 	-144.161 	92.316 	31.816 	
-2648.008 	-2036.685 	591.059 	-703.046 	-526.849 	163.226 	
302.321 	7.644 	974.224 	54.958 	1.680 	186.227 	
-185.671 	53.499 	-5.938 	-36.864 	9.289 	-0.221 	
-294.456 	279.504 	-206.698 	-57.938 	53.104 	-40.337 	
-163.679 	114.683 	-327.624 	-34.783 	22.181 	-63.680 	
-66.234 	-19.315 	40.632 	-10.670 	-4.107 	7.458 	
50.339 	-2.132 	15.128 	27.051 	-17.038 	-3.640 	
-233.588 	-51.587 	8.625 	-46.273 	-9.415 	2.640 	
-113.429 	-212.379 	-61.361 	-23.472 	-39.752 	-9.982 	
-16.616 	4.977 	58.173 	1.263 	-11.942 	18.359 	
102.534 	-41.069 	107.036 	17.199 	-7.378 	21.084 	
163.993 	6.101 	1389.985 	29.604 	1.020 	274.875 	
-234.408 	-55.343 	40.846 	-46.720 	-11.381 	7.046 	
35.729 	11.727 	4.099 	18.089 	-4.243 	4.489 	
59.731 	13.330 	11.656 	4.017 	-8.110 	1.657 	
502.162 	599.129 	-96.307 	99.431 	120.795 	-19.503 	
-32.397 	33.367 	27.615 	-2.694 	5.379 	4.781 	
-57.517 	-22.797 	71.056 	-11.667 	-4.966 	11.705 	
23.855 	3.969 	20.886 	8.297 	4.238 	3.413 	
-108.373 	2.232 	-20.055 	-20.458 	0.464 	-0.994 	
-121.663 	-151.378 	480.402 	-26.410 	-28.775 	92.137 	
-1.981 	177.385 	-445.610 	-2.900 	35.180 	-87.295 	
-22.959 	174.018 	161.559 	-10.669 	40.579 	37.661 	
-70.832 	69.562 	66.787 	-11.863 	9.676 	11.156 	
298.751 	-88.806 	-302.292 	54.107 	-16.579 	-58.247 	
-116.389 	232.588 	148.428 	-24.795 	44.539 	28.617 	
38.076 	-2.175 	77.980 	8.459 	-1.121 	9.362 	
89.516 	17.781 	25.149 	6.736 	7.068 	2.790 	
117.949 	38.470 	25.501 	19.171 	6.917 	4.455 	
52.006 	-1.860 	12.602 	2.520 	5.783 	5.536 	
-148.210 	-248.685 	-22.947 	-31.299 	-48.760 	-5.377 	

