## Las primeras 500 lineas corresponden a la esfera 1 
##las siguienets 500 lineas a la esfera 2
## Las primeras tres columnas corresponden a la posición en 'x', 'y' y 'z', las siguientes tres a las velocidades
207.425 	-23.523 	55.671 	-0.049 	0.049 	0.040 	
15.685 	-27.356 	19.480 	0.052 	-0.072 	0.041 	
15.915 	-33.526 	-4.333 	-0.017 	-0.126 	-0.054 	
-977.667 	1172.235 	-169.195 	-0.338 	0.402 	-0.072 	
34.947 	-46.063 	37.267 	-0.130 	0.107 	0.211 	
87.141 	-3.024 	38.032 	0.026 	0.021 	-0.004 	
0.321 	-18.712 	-39.643 	0.004 	0.043 	-0.110 	
156.258 	-99.346 	42.508 	-0.083 	0.030 	0.050 	
77.789 	-36.944 	15.776 	-0.196 	-0.130 	-0.081 	
127.769 	-17.703 	21.921 	0.050 	0.113 	0.086 	
-184.456 	1012.457 	-546.319 	-0.073 	0.382 	-0.205 	
25.525 	-27.912 	-8.021 	-0.043 	-0.150 	-0.015 	
725.366 	-969.066 	682.638 	0.267 	-0.352 	0.252 	
17.656 	46.561 	22.317 	0.046 	0.050 	0.000 	
157.235 	16.043 	33.837 	-0.062 	-0.119 	0.035 	
35.793 	17.359 	9.600 	-0.147 	-0.047 	-0.033 	
127.528 	6.801 	-1.159 	-0.080 	-0.119 	0.113 	
146.626 	-96.257 	-102.008 	0.021 	-0.051 	0.123 	
27.687 	-49.035 	1.361 	-0.071 	-0.099 	-0.126 	
71.723 	-88.809 	-12.576 	-0.127 	-0.010 	0.017 	
43.106 	-110.526 	-29.521 	-0.105 	-0.020 	0.117 	
-19.433 	-93.731 	-11.036 	-0.163 	0.046 	0.090 	
21.595 	16.606 	12.037 	-0.057 	0.094 	-0.043 	
19.388 	29.298 	-23.106 	-0.088 	0.087 	-0.070 	
-12.102 	-25.608 	13.353 	0.043 	0.015 	0.118 	
-2.654 	-34.725 	-9.421 	0.068 	0.005 	0.039 	
-7.248 	-20.531 	18.899 	-0.010 	-0.088 	-0.041 	
3.570 	-90.142 	39.054 	0.032 	-0.085 	0.008 	
42.494 	-33.012 	-49.439 	-0.204 	-0.018 	-0.118 	
-13.490 	-16.503 	-29.896 	-0.103 	-0.008 	-0.088 	
-33.932 	84.759 	2.151 	-0.128 	0.093 	0.003 	
69.018 	-65.267 	-16.599 	-0.040 	-0.047 	-0.083 	
45.999 	-15.217 	18.329 	0.017 	-0.079 	0.080 	
-5.456 	-66.295 	2.286 	-0.037 	-0.034 	-0.079 	
4.620 	-91.829 	56.507 	-0.014 	-0.011 	-0.008 	
56.570 	-12.603 	22.934 	-0.045 	0.101 	0.028 	
120.567 	-104.930 	148.710 	-0.038 	-0.108 	0.085 	
53.746 	-30.623 	16.057 	-0.271 	0.003 	-0.103 	
-75.034 	-41.270 	58.361 	-0.169 	-0.021 	0.079 	
17.230 	-16.827 	32.393 	-0.083 	0.013 	0.061 	
22.561 	-48.267 	23.986 	-0.022 	-0.197 	0.122 	
30.298 	-23.806 	22.270 	-0.000 	-0.099 	0.112 	
-1.106 	-17.908 	9.087 	0.121 	-0.069 	-0.041 	
154.978 	-37.269 	0.657 	-0.025 	0.040 	0.078 	
17.763 	37.293 	-23.937 	-0.051 	-0.098 	0.131 	
30.780 	-41.423 	30.594 	-0.101 	-0.129 	-0.134 	
49.515 	-10.134 	7.133 	-0.244 	-0.034 	-0.143 	
56.029 	-33.630 	16.549 	0.041 	0.064 	-0.044 	
-11.030 	28.819 	38.290 	-0.115 	-0.150 	-0.074 	
34.760 	-19.908 	-0.806 	-0.030 	-0.150 	0.073 	
175.869 	105.577 	159.704 	0.025 	0.074 	0.059 	
56.675 	-22.248 	8.108 	-0.193 	0.119 	0.075 	
19.791 	-91.007 	31.768 	-0.072 	-0.045 	0.054 	
15.104 	-39.395 	0.772 	-0.066 	0.001 	0.024 	
9.336 	-4.541 	2.386 	-0.052 	-0.065 	0.005 	
50.890 	-66.846 	54.247 	-0.010 	-0.080 	0.081 	
37.316 	39.232 	95.648 	-0.113 	-0.041 	-0.069 	
80.109 	37.222 	48.875 	-0.096 	-0.129 	-0.088 	
20.484 	35.449 	34.795 	0.116 	-0.192 	0.021 	
18.616 	-24.841 	97.239 	-0.042 	-0.011 	0.030 	
195.429 	30.194 	41.601 	0.026 	-0.013 	0.054 	
-7.504 	-21.217 	73.543 	0.014 	0.042 	-0.014 	
220.753 	21.626 	43.922 	-0.027 	0.027 	0.023 	
-39.227 	-4.085 	7.571 	-0.078 	0.149 	0.018 	
-5.143 	-271.776 	21.073 	0.003 	0.006 	0.003 	
12.973 	-74.091 	2.910 	-0.021 	0.009 	0.097 	
-452.115 	-841.915 	-680.413 	-0.180 	-0.292 	-0.240 	
-32.348 	126.242 	-72.113 	0.060 	-0.056 	0.027 	
-31.315 	-61.319 	-10.625 	-0.012 	-0.046 	0.049 	
101.681 	81.084 	64.337 	-0.057 	-0.037 	0.070 	
35.215 	-76.360 	24.625 	-0.024 	0.011 	0.053 	
19.321 	-32.765 	18.398 	0.069 	-0.010 	-0.098 	
27.368 	20.111 	50.010 	0.096 	-0.223 	0.019 	
44.527 	2.878 	22.599 	-0.155 	-0.024 	-0.067 	
57.151 	-49.861 	22.545 	-0.153 	0.042 	-0.059 	
159.487 	4.499 	152.578 	-0.128 	-0.009 	0.050 	
80.547 	-59.599 	23.658 	-0.228 	0.060 	-0.029 	
407.857 	626.269 	1094.702 	0.135 	0.199 	0.354 	
139.846 	-56.532 	20.019 	-0.011 	0.101 	-0.100 	
26.058 	-52.186 	70.758 	-0.095 	-0.013 	0.024 	
206.227 	-49.148 	33.897 	-0.006 	-0.038 	-0.074 	
117.376 	10.026 	75.159 	-0.131 	-0.007 	0.005 	
46.221 	-72.735 	-1.468 	-0.232 	0.089 	0.035 	
-79.088 	-281.929 	394.784 	-0.008 	-0.045 	0.088 	
-19.029 	16.391 	-47.551 	-0.010 	0.025 	0.013 	
35.932 	-29.633 	-0.880 	0.215 	0.002 	0.188 	
13.827 	-20.559 	12.664 	-0.023 	-0.040 	-0.253 	
181.116 	-40.363 	16.102 	0.022 	0.005 	0.072 	
39.471 	-7.103 	11.139 	0.038 	-0.093 	0.061 	
55.014 	-52.692 	29.296 	-0.098 	-0.060 	0.224 	
-9.927 	-50.146 	62.115 	-0.086 	0.106 	-0.076 	
133.640 	-38.506 	42.636 	-0.005 	-0.114 	-0.227 	
58.089 	-54.452 	63.654 	-0.103 	-0.012 	0.097 	
135.686 	47.703 	37.638 	-0.084 	0.143 	-0.096 	
74.610 	-54.251 	43.274 	0.053 	0.068 	0.053 	
7.180 	98.298 	7.476 	0.106 	-0.093 	0.062 	
-43.501 	-67.230 	0.977 	0.007 	-0.007 	0.029 	
1737.997 	-1851.847 	-16.435 	0.613 	-0.667 	0.004 	
2560.683 	-2365.127 	-4924.980 	0.871 	-0.795 	-1.651 	
32.761 	-38.285 	23.018 	-0.046 	0.145 	0.010 	
48.974 	-45.882 	50.204 	-0.060 	-0.126 	-0.154 	
176.936 	-19.218 	2.919 	0.030 	0.018 	0.127 	
91.558 	-79.493 	-6.380 	0.010 	0.020 	-0.052 	
59.644 	10.745 	10.480 	-0.155 	-0.049 	-0.035 	
2302.455 	-1632.870 	1388.028 	0.755 	-0.524 	0.451 	
-2223.700 	2914.361 	5247.960 	-0.730 	0.971 	1.752 	
1066.775 	-48.619 	94.354 	0.620 	-0.008 	0.049 	
36.728 	-41.116 	34.933 	-0.084 	0.098 	-0.007 	
29.628 	-90.667 	17.915 	0.028 	-0.101 	0.114 	
392.865 	-176.163 	160.070 	0.090 	0.019 	0.046 	
50.208 	-37.192 	45.390 	-0.093 	-0.002 	0.003 	
120.442 	-12.237 	26.166 	-0.172 	0.011 	-0.071 	
-478.532 	-254.471 	64.184 	-0.448 	-0.108 	0.023 	
-15.184 	-37.951 	60.995 	0.207 	-0.089 	-0.040 	
81.092 	-47.247 	27.324 	-0.148 	0.022 	-0.042 	
-0.151 	-39.880 	0.964 	-0.076 	-0.018 	-0.065 	
60.620 	-31.379 	55.917 	-0.184 	0.081 	0.061 	
78.307 	-347.291 	73.363 	0.072 	-0.039 	-0.015 	
49.918 	62.779 	-43.927 	-0.099 	-0.029 	-0.106 	
175.315 	-23.961 	54.229 	-0.056 	-0.035 	0.022 	
74.622 	-79.836 	-125.231 	-0.109 	-0.048 	-0.092 	
13.454 	2.026 	-27.678 	-0.151 	-0.148 	-0.083 	
62.336 	-43.304 	40.635 	0.043 	-0.110 	-0.094 	
81.903 	-33.812 	2.515 	-0.016 	0.160 	0.001 	
279.069 	91.648 	74.188 	0.101 	0.018 	0.010 	
11.491 	-9.659 	34.360 	0.173 	0.036 	0.091 	
35.021 	-0.003 	36.939 	-0.145 	-0.024 	-0.004 	
179.350 	1.175 	4.970 	0.008 	-0.055 	-0.073 	
64.119 	-30.546 	45.172 	-0.154 	-0.198 	-0.006 	
74.276 	-43.916 	21.100 	-0.082 	-0.236 	-0.093 	
74.357 	-5.048 	9.058 	-0.196 	-0.026 	-0.079 	
177.400 	-13.787 	20.874 	-0.068 	0.002 	-0.061 	
102.831 	-41.745 	-44.768 	-0.117 	0.004 	0.014 	
65.511 	-2.551 	-20.470 	-0.138 	-0.047 	0.014 	
47.527 	-36.077 	35.829 	-0.026 	-0.104 	-0.011 	
1.418 	-30.978 	1.156 	-0.048 	0.083 	-0.185 	
57.757 	-29.294 	-34.179 	-0.088 	0.068 	0.018 	
146.924 	41.152 	-47.353 	-0.073 	-0.056 	0.069 	
-10253.096 	-3056.334 	-6128.203 	-5.694 	-1.675 	-3.368 	
-1780.496 	1502.528 	-908.155 	-0.556 	0.481 	-0.286 	
23.714 	-42.388 	46.265 	-0.104 	-0.086 	0.227 	
-547.641 	-100.483 	371.558 	-0.298 	-0.061 	0.179 	
377.516 	32.995 	9.944 	0.230 	0.026 	-0.066 	
107.652 	-11.810 	55.995 	-0.160 	0.143 	-0.048 	
-2.936 	-21.001 	21.589 	-0.128 	0.037 	-0.036 	
34.589 	-69.347 	62.316 	-0.064 	-0.145 	0.112 	
148.407 	-110.042 	73.675 	-0.040 	0.008 	-0.070 	
192.705 	31.530 	63.430 	-0.014 	-0.029 	-0.032 	
60.077 	-51.176 	-52.888 	0.104 	-0.032 	-0.010 	
-24.214 	-46.590 	26.182 	-0.072 	0.039 	-0.012 	
23.026 	-0.267 	-2.265 	-0.072 	0.136 	0.076 	
227.629 	-40.295 	54.699 	-0.030 	0.038 	0.073 	
66.207 	-42.521 	-0.944 	-0.079 	0.077 	-0.071 	
17.344 	-2.192 	12.488 	-0.145 	-0.057 	0.133 	
40.814 	4.574 	25.376 	-0.197 	-0.051 	0.101 	
179.151 	-66.464 	-14.926 	-0.044 	-0.011 	0.045 	
-37.695 	-73.116 	-15.274 	-0.006 	-0.014 	0.021 	
34.388 	-5.460 	11.370 	-0.010 	-0.092 	0.021 	
322.849 	150.832 	-267.503 	0.119 	0.106 	-0.136 	
64.212 	-86.983 	27.400 	-0.043 	0.036 	-0.035 	
88.137 	49.149 	25.699 	-0.130 	-0.121 	0.083 	
153.305 	-23.851 	-6.424 	0.014 	-0.162 	0.174 	
9.760 	75.793 	99.884 	-0.106 	0.097 	0.113 	
18.932 	-31.658 	69.108 	-0.031 	-0.151 	0.051 	
170.800 	-101.212 	52.826 	-0.014 	0.020 	-0.070 	
150.456 	-12.015 	-3.446 	-0.092 	-0.048 	0.116 	
54.811 	11.520 	31.235 	-0.121 	-0.163 	0.035 	
-13.261 	-71.013 	25.842 	-0.095 	-0.116 	0.123 	
121.936 	58.547 	-18.675 	-0.015 	-0.077 	0.060 	
30.428 	3.298 	14.104 	-0.188 	0.029 	-0.070 	
203.292 	63.959 	-78.565 	0.026 	0.049 	0.021 	
-0.607 	-54.912 	20.336 	0.029 	-0.084 	0.041 	
134.589 	-20.708 	18.277 	-0.163 	0.016 	-0.053 	
115.743 	-5.970 	-50.425 	-0.018 	-0.139 	0.031 	
4.565 	-28.365 	26.196 	-0.043 	-0.086 	-0.021 	
-20.323 	-70.342 	5.926 	0.126 	0.124 	0.134 	
54.102 	-36.476 	25.660 	0.055 	-0.105 	0.001 	
-3.641 	0.330 	-33.890 	-0.081 	-0.083 	-0.115 	
197.390 	46.370 	-215.938 	0.028 	-0.011 	-0.055 	
-35.868 	-68.518 	-4.050 	-0.070 	0.115 	0.086 	
53.545 	-37.533 	-4.728 	-0.279 	0.002 	0.036 	
80.408 	-33.549 	-22.754 	-0.179 	-0.015 	0.099 	
33.168 	-48.243 	11.882 	-0.069 	-0.164 	0.008 	
154.703 	50.758 	10.205 	0.015 	-0.066 	0.053 	
78.361 	-67.094 	163.585 	-0.091 	-0.016 	0.086 	
4.765 	-41.395 	-6.249 	-0.163 	0.012 	-0.012 	
-4.412 	73.209 	220.887 	0.071 	0.030 	-0.018 	
-32.586 	105.005 	260.695 	-0.218 	0.118 	0.239 	
82.077 	-30.251 	29.571 	-0.138 	0.222 	-0.062 	
250.925 	55.108 	100.115 	0.081 	0.011 	-0.014 	
26.616 	-26.133 	-60.028 	-0.111 	-0.033 	-0.078 	
15.213 	-40.984 	22.979 	0.009 	-0.097 	-0.114 	
12.531 	-19.065 	11.203 	0.120 	0.015 	0.004 	
190.560 	-96.078 	37.700 	0.036 	0.033 	-0.017 	
203.124 	-22.729 	13.896 	-0.033 	-0.016 	0.017 	
-16.558 	-13.806 	30.508 	-0.038 	-0.001 	0.059 	
1721.090 	164.517 	338.818 	0.889 	0.117 	0.177 	
56.406 	22.879 	64.806 	-0.011 	0.015 	-0.045 	
25.793 	-11.790 	39.278 	-0.101 	0.170 	0.147 	
-9.960 	-7.787 	77.428 	-0.029 	-0.011 	0.081 	
32.665 	-60.041 	18.821 	-0.105 	-0.115 	-0.154 	
-3.991 	23.974 	38.780 	-0.172 	0.076 	0.091 	
-38.969 	-14.052 	73.866 	-0.008 	0.106 	0.142 	
-16.705 	-41.225 	8.888 	-0.110 	-0.054 	-0.018 	
153.456 	-151.280 	324.352 	0.021 	-0.070 	0.139 	
185.776 	53.100 	107.060 	0.003 	-0.040 	0.045 	
33.172 	-110.282 	114.152 	-0.009 	-0.013 	0.107 	
2.938 	-38.210 	20.220 	-0.106 	0.025 	-0.083 	
1.451 	1.652 	-0.188 	0.093 	0.002 	-0.008 	
26.740 	10.249 	36.102 	-0.189 	0.035 	0.076 	
23.183 	-18.951 	33.488 	-0.112 	0.163 	-0.120 	
439.561 	-166.777 	119.428 	0.089 	-0.043 	0.003 	
36.785 	-51.201 	14.696 	-0.177 	-0.160 	0.071 	
-37.732 	-10.265 	-15.688 	-0.091 	-0.025 	0.034 	
118.776 	-89.461 	81.163 	-0.096 	0.078 	0.018 	
273.503 	-74.864 	-56.531 	0.081 	-0.017 	-0.001 	
168.675 	-73.707 	-80.145 	0.002 	-0.034 	0.128 	
204.941 	40.104 	32.783 	0.042 	0.091 	0.044 	
104.890 	9.385 	115.046 	0.004 	0.109 	0.053 	
17.143 	-1.078 	29.796 	-0.130 	-0.001 	0.108 	
110.982 	84.107 	49.711 	-0.035 	-0.053 	-0.022 	
-25.191 	-115.231 	-0.833 	-0.017 	-0.072 	0.072 	
263.788 	12.625 	74.240 	0.060 	-0.002 	-0.032 	
143.361 	-0.309 	51.637 	-0.127 	-0.022 	-0.049 	
84.138 	-20.150 	-26.726 	-0.154 	-0.019 	-0.034 	
152.173 	-86.284 	-1.679 	0.026 	0.034 	-0.010 	
4.736 	12.495 	17.010 	-0.118 	0.014 	0.022 	
24.259 	-34.747 	51.095 	-0.020 	-0.028 	0.015 	
56.735 	-28.476 	22.845 	-0.072 	-0.170 	0.127 	
168.272 	74.703 	63.736 	-0.043 	-0.014 	0.035 	
169.599 	32.763 	64.428 	-0.014 	-0.071 	0.071 	
53.991 	-28.698 	35.708 	-0.144 	-0.184 	-0.021 	
101.049 	-30.502 	23.625 	-0.198 	-0.070 	0.142 	
165.949 	-75.518 	12.033 	-0.059 	0.086 	-0.010 	
120.295 	-139.804 	51.834 	0.019 	0.042 	-0.017 	
243.993 	-170.194 	-99.898 	0.068 	-0.154 	-0.111 	
-43.428 	-18.730 	13.114 	-0.010 	-0.023 	0.037 	
-40.270 	-26.311 	12.609 	-0.048 	-0.102 	-0.116 	
-40.347 	-15.125 	72.950 	-0.193 	-0.082 	0.016 	
234.380 	74.287 	44.843 	-0.026 	-0.090 	0.060 	
182.882 	-166.645 	18.611 	0.004 	0.016 	-0.029 	
49.679 	-20.567 	34.097 	-0.158 	-0.100 	-0.079 	
-39.519 	-90.825 	62.714 	-0.068 	0.006 	-0.131 	
88.175 	191.377 	94.791 	0.078 	-0.041 	0.011 	
20.133 	1.662 	28.488 	0.019 	-0.022 	0.078 	
51.541 	-20.694 	38.510 	0.075 	0.011 	-0.029 	
5.839 	-16.757 	-15.712 	-0.139 	0.003 	-0.025 	
-3.473 	-58.576 	-13.999 	-0.055 	0.087 	-0.058 	
73.578 	45.778 	78.736 	-0.122 	-0.040 	-0.123 	
191.197 	-17.667 	81.704 	-0.131 	-0.006 	-0.024 	
953.388 	582.680 	216.097 	0.334 	0.217 	0.073 	
185.471 	-146.893 	59.766 	-0.004 	0.009 	-0.017 	
86.741 	-1.198 	11.265 	-0.131 	-0.113 	-0.100 	
126.348 	-51.213 	268.298 	0.082 	0.012 	-0.009 	
51.538 	-52.426 	34.327 	-0.070 	0.131 	0.191 	
120.355 	46.142 	15.177 	0.066 	-0.024 	0.086 	
-4.855 	-48.404 	86.142 	-0.073 	0.071 	-0.092 	
131.939 	-44.527 	149.285 	-0.125 	-0.046 	0.067 	
1012.732 	565.919 	-640.526 	0.348 	0.212 	-0.212 	
11.627 	-42.530 	11.057 	-0.175 	0.048 	0.077 	
7.020 	-31.170 	5.349 	-0.059 	-0.076 	0.002 	
39.191 	-72.354 	40.001 	0.036 	0.060 	0.069 	
177.441 	84.098 	33.784 	-0.008 	0.017 	0.061 	
28.685 	-18.640 	17.012 	-0.056 	0.001 	0.115 	
-11.321 	-78.044 	130.461 	-0.136 	-0.106 	0.012 	
2.034 	-38.450 	-15.805 	-0.110 	0.183 	0.036 	
109.071 	24.350 	36.538 	0.027 	0.075 	0.219 	
-1441.925 	-185.735 	-61.481 	-0.716 	-0.066 	-0.025 	
234.245 	44.992 	21.236 	-0.050 	-0.018 	-0.096 	
131.003 	-2.353 	151.745 	-0.028 	-0.036 	0.057 	
-4.367 	-74.821 	20.289 	-0.025 	0.096 	0.080 	
35.716 	-34.743 	-41.233 	0.009 	0.017 	-0.021 	
80.648 	-16.928 	36.864 	-0.154 	0.137 	-0.038 	
85.259 	-26.623 	19.180 	0.006 	-0.070 	-0.125 	
2.048 	-15.473 	-33.740 	0.027 	0.076 	-0.044 	
14.669 	-34.341 	9.451 	-0.047 	-0.059 	0.035 	
-80.190 	-66.848 	33.572 	-0.031 	-0.002 	-0.003 	
836.887 	-144.005 	47.776 	0.414 	-0.082 	0.006 	
128.937 	-108.839 	14.343 	0.050 	-0.129 	-0.083 	
53.550 	-57.679 	29.922 	0.030 	0.107 	-0.077 	
44.776 	42.550 	68.021 	0.045 	-0.019 	0.070 	
117.598 	-31.559 	21.117 	-0.127 	0.170 	-0.101 	
-568.603 	-283.657 	-1255.522 	-0.190 	-0.102 	-0.424 	
14.388 	-55.001 	-44.686 	-0.088 	-0.065 	-0.074 	
218.957 	-57.921 	-176.086 	0.029 	-0.021 	0.049 	
71.969 	8.779 	40.426 	0.094 	-0.046 	-0.029 	
106.872 	-77.546 	35.179 	-0.024 	0.096 	-0.146 	
34.656 	-109.906 	54.649 	0.001 	0.027 	-0.012 	
31.945 	-41.589 	6.866 	-0.155 	-0.022 	0.045 	
101.417 	26.389 	-161.340 	0.012 	-0.049 	0.068 	
18.492 	-20.951 	81.566 	0.003 	0.009 	0.108 	
15.348 	-25.820 	32.938 	-0.014 	-0.081 	-0.086 	
123.128 	22.934 	42.330 	-0.113 	-0.063 	-0.068 	
61.170 	-41.285 	7.319 	-0.157 	0.044 	0.117 	
23.438 	-29.363 	39.981 	-0.008 	-0.055 	0.104 	
35.462 	-18.843 	40.973 	-0.193 	0.041 	0.011 	
361.650 	-156.738 	34.030 	0.029 	-0.088 	-0.000 	
228.547 	-34.135 	70.033 	0.029 	-0.000 	0.014 	
64.940 	-28.399 	36.406 	0.058 	0.073 	0.022 	
8.787 	-41.467 	-12.806 	0.015 	-0.062 	0.001 	
71.462 	-51.793 	15.358 	-0.189 	0.080 	-0.021 	
17.287 	-67.398 	-32.756 	-0.052 	0.025 	-0.012 	
-19.412 	-22.496 	28.358 	-0.019 	0.026 	-0.056 	
22.642 	0.140 	74.637 	-0.067 	0.022 	-0.069 	
81.183 	-40.938 	-27.378 	-0.155 	-0.027 	0.044 	
152.183 	-9.355 	-60.868 	-0.080 	0.016 	0.012 	
149.126 	51.473 	19.847 	0.027 	-0.094 	-0.014 	
25.249 	-59.412 	-21.909 	-0.029 	-0.164 	0.105 	
62.638 	-42.418 	20.783 	0.074 	0.026 	-0.129 	
26.972 	6.608 	96.079 	0.004 	0.004 	0.089 	
15.513 	-24.264 	-2.140 	-0.093 	0.053 	0.033 	
-11.298 	-93.822 	-2.004 	-0.067 	-0.080 	0.008 	
172.636 	-90.371 	-21.425 	0.083 	-0.029 	0.064 	
133.771 	-98.473 	-101.501 	-0.043 	-0.097 	-0.076 	
-430.540 	-817.124 	759.525 	-0.184 	-0.290 	0.301 	
-35.498 	92.647 	12.067 	0.103 	-0.081 	0.046 	
26.795 	36.671 	112.401 	-0.141 	-0.016 	-0.012 	
-106.221 	74.115 	244.735 	0.037 	-0.022 	0.015 	
10.534 	-38.707 	21.267 	0.116 	0.064 	-0.060 	
-0.248 	-27.568 	14.251 	0.061 	0.093 	0.035 	
26.068 	-14.120 	116.757 	-0.134 	-0.080 	-0.056 	
-27.762 	-55.782 	-34.881 	-0.048 	-0.044 	-0.131 	
76.479 	-63.652 	85.995 	-0.094 	0.099 	-0.065 	
40.666 	-2.147 	40.632 	-0.164 	0.002 	-0.011 	
-39.435 	-88.581 	34.313 	-0.111 	-0.024 	-0.005 	
142.897 	-55.038 	1.948 	-0.129 	-0.054 	0.051 	
40.807 	-6.420 	14.026 	-0.153 	-0.061 	0.203 	
65.537 	-36.856 	7.589 	-0.061 	0.050 	0.245 	
82.360 	-16.437 	23.331 	-0.184 	0.037 	-0.085 	
-494.939 	2004.900 	206.135 	-0.192 	0.721 	0.084 	
109.922 	-34.688 	-53.427 	-0.019 	0.135 	-0.157 	
33.143 	-34.896 	40.181 	0.050 	-0.051 	0.127 	
53.403 	-32.913 	46.499 	-0.168 	0.123 	0.008 	
83.516 	-258.178 	-122.150 	0.066 	-0.005 	0.011 	
42.608 	-70.245 	56.755 	-0.062 	0.050 	-0.016 	
213.684 	30.434 	41.730 	0.014 	0.061 	0.028 	
68.899 	-9.976 	34.846 	0.039 	0.078 	-0.071 	
85.017 	7.553 	38.459 	0.109 	0.024 	-0.037 	
96.789 	12.879 	-69.509 	-0.048 	-0.064 	-0.017 	
41.585 	-41.016 	10.296 	0.107 	0.036 	0.041 	
185.767 	51.503 	-51.254 	0.024 	0.013 	0.071 	
3.343 	7.679 	12.255 	-0.105 	-0.216 	0.017 	
130.653 	12.030 	2.348 	-0.167 	-0.051 	-0.029 	
77.928 	-2.254 	50.031 	-0.169 	-0.066 	0.127 	
163.268 	8.867 	16.735 	-0.089 	-0.088 	0.019 	
110.483 	-20.830 	33.096 	-0.238 	-0.034 	-0.136 	
114.520 	-98.033 	-51.680 	-0.038 	-0.009 	0.006 	
79.622 	-20.813 	29.748 	-0.188 	-0.109 	-0.125 	
-53.841 	-11.168 	12.345 	-0.116 	-0.026 	-0.018 	
184.189 	98.411 	-50.348 	0.021 	0.016 	-0.062 	
30.635 	-1.690 	27.748 	0.021 	0.079 	-0.059 	
123.114 	0.002 	35.230 	0.104 	0.074 	0.029 	
18.407 	-38.245 	35.595 	0.072 	-0.084 	0.028 	
203.008 	-126.681 	-47.313 	0.001 	0.004 	-0.023 	
10.919 	-71.273 	71.086 	0.170 	0.106 	-0.046 	
-14.085 	-26.402 	54.995 	-0.156 	0.067 	0.021 	
-62.844 	-46.383 	38.040 	0.006 	-0.041 	0.036 	
208.759 	-45.786 	-34.900 	0.013 	-0.076 	-0.074 	
95.314 	-161.162 	31.174 	-0.080 	-0.042 	0.046 	
-129.280 	-123.799 	252.779 	-0.298 	-0.135 	0.169 	
2.508 	-24.760 	-47.437 	-0.063 	-0.028 	-0.053 	
54.943 	-67.242 	14.487 	0.011 	-0.155 	-0.000 	
-9.838 	-43.161 	37.044 	-0.003 	-0.083 	-0.069 	
69.286 	-30.341 	44.051 	-0.128 	0.176 	0.045 	
201.964 	107.859 	19.796 	0.017 	-0.017 	-0.023 	
-68.520 	-48.917 	35.073 	-0.171 	-0.066 	-0.049 	
232.156 	-163.863 	-352.031 	0.063 	-0.048 	-0.051 	
132.855 	-11.376 	-24.250 	-0.085 	-0.083 	0.009 	
49.826 	-79.751 	-62.050 	-0.075 	0.086 	0.020 	
59.643 	-41.791 	-23.246 	-0.002 	-0.099 	0.166 	
70.109 	-31.895 	-2.254 	-0.062 	-0.128 	0.217 	
247.426 	-150.178 	92.117 	0.048 	0.055 	-0.024 	
-134.326 	-44.727 	153.217 	-0.203 	-0.055 	0.041 	
337.314 	-410.230 	-62.809 	0.093 	-0.116 	-0.008 	
-123.580 	-11.382 	-21.183 	0.018 	-0.018 	-0.012 	
49.960 	-52.984 	12.532 	-0.171 	-0.007 	0.100 	
10.770 	-20.922 	31.682 	-0.062 	-0.171 	-0.019 	
8.013 	-6.018 	25.434 	0.177 	-0.011 	0.072 	
49.771 	-30.408 	31.552 	0.081 	0.094 	0.042 	
72.799 	-27.311 	32.342 	-0.016 	-0.166 	-0.140 	
7.387 	-79.720 	52.675 	-0.112 	-0.068 	-0.013 	
91.546 	107.287 	-10.191 	-0.031 	0.019 	0.052 	
-63.734 	-8.624 	-25.661 	-0.135 	-0.035 	-0.068 	
96.813 	70.820 	62.549 	-0.153 	-0.058 	-0.034 	
39.556 	-37.558 	3.668 	-0.061 	-0.028 	0.005 	
127.125 	-290.185 	67.572 	0.074 	0.005 	0.012 	
157.142 	-30.642 	10.314 	-0.113 	-0.075 	-0.071 	
-28.234 	-77.794 	-10.251 	-0.050 	-0.022 	-0.085 	
170.592 	-5.811 	102.676 	0.041 	0.043 	-0.140 	
36.973 	7.790 	4.700 	-0.167 	0.005 	-0.105 	
68.038 	-24.566 	45.173 	0.129 	0.105 	0.101 	
51.185 	9.844 	-10.457 	0.012 	-0.075 	0.099 	
24.533 	-4.302 	-90.325 	-0.104 	-0.041 	0.034 	
14.810 	-39.865 	15.364 	-0.079 	-0.044 	0.067 	
-75.637 	14.391 	45.471 	-0.138 	-0.054 	-0.054 	
20.994 	-10.608 	65.810 	-0.128 	-0.061 	0.175 	
314.925 	146.919 	3.264 	0.053 	0.136 	-0.014 	
0.327 	-31.022 	8.984 	-0.078 	-0.055 	0.051 	
219.620 	-71.154 	189.241 	-0.055 	-0.030 	0.052 	
25.984 	-44.786 	52.208 	-0.130 	-0.023 	0.082 	
44.726 	-36.381 	41.261 	-0.010 	0.025 	-0.014 	
-6.798 	-39.180 	36.021 	0.055 	0.105 	-0.035 	
175.582 	253.854 	420.730 	0.051 	0.059 	0.086 	
122.122 	-48.611 	53.905 	0.155 	-0.021 	-0.007 	
54.280 	-5.823 	9.871 	-0.097 	-0.211 	-0.059 	
-25.019 	-78.820 	5.541 	-0.118 	0.010 	-0.094 	
824.034 	-930.111 	-10.462 	0.263 	-0.307 	0.004 	
32.685 	31.196 	19.139 	-0.064 	0.040 	0.073 	
55.133 	-98.497 	136.193 	-0.085 	-0.011 	-0.007 	
88.887 	-13.765 	21.996 	-0.043 	0.186 	0.079 	
-40.127 	-72.955 	8.543 	-0.016 	0.002 	-0.018 	
91.341 	21.756 	14.127 	-0.172 	0.092 	-0.045 	
48.044 	-67.257 	57.522 	-0.105 	0.166 	0.044 	
-35.061 	10.284 	42.754 	0.024 	-0.023 	-0.048 	
-13.708 	-78.555 	18.623 	-0.016 	0.059 	-0.016 	
57.149 	-19.320 	46.919 	-0.062 	-0.103 	-0.207 	
31.848 	-25.448 	24.500 	0.094 	-0.117 	-0.082 	
316.624 	-876.895 	12.996 	0.121 	-0.294 	-0.015 	
70.522 	-53.256 	15.763 	0.180 	-0.072 	0.242 	
-14.433 	10.872 	-4.501 	-0.165 	-0.006 	-0.070 	
158.478 	-134.139 	122.959 	0.023 	-0.055 	0.047 	
253.961 	-15.365 	13.427 	-0.050 	0.082 	-0.044 	
171.855 	-98.181 	16.980 	0.030 	0.012 	0.074 	
16.738 	-50.210 	34.954 	-0.002 	0.046 	0.002 	
63.939 	2.771 	-61.294 	-0.067 	0.030 	0.111 	
184.946 	-33.948 	-2.498 	-0.006 	0.178 	-0.037 	
54.331 	-13.095 	45.103 	0.037 	-0.071 	-0.032 	
85.332 	-42.961 	36.193 	-0.228 	-0.212 	0.072 	
-38.070 	-67.795 	67.685 	0.170 	0.068 	0.031 	
1.839 	-46.474 	94.466 	0.140 	-0.062 	-0.129 	
58.805 	-15.303 	3.803 	0.102 	-0.077 	-0.000 	
82.608 	-39.441 	20.983 	-0.009 	0.085 	-0.080 	
308.580 	-43.550 	168.878 	0.118 	-0.048 	0.073 	
45.444 	-6.581 	1.019 	-0.111 	0.006 	-0.057 	
-13.251 	-28.493 	43.569 	0.044 	0.053 	0.053 	
67.686 	29.496 	8.482 	-0.138 	-0.089 	0.058 	
-39.399 	6.872 	38.021 	-0.098 	0.041 	-0.050 	
-6.584 	-62.022 	8.053 	-0.063 	-0.072 	-0.018 	
52.950 	-55.977 	25.623 	0.082 	0.059 	0.021 	
-15.219 	-18.158 	7.085 	0.018 	-0.009 	0.108 	
128.583 	-73.852 	136.304 	-0.017 	-0.008 	0.048 	
60.098 	-31.892 	37.953 	-0.149 	0.117 	0.070 	
707.886 	1591.184 	-5776.248 	0.265 	0.621 	-2.368 	
133.492 	-33.603 	-23.639 	-0.085 	-0.164 	0.015 	
31.669 	-30.803 	31.410 	-0.124 	-0.183 	0.028 	
-126.506 	-118.400 	-47.744 	0.057 	-0.015 	0.061 	
18.510 	-3.879 	70.226 	-0.077 	0.007 	-0.041 	
144.563 	-13.333 	41.743 	0.140 	-0.007 	0.067 	
-5.491 	-4.671 	-0.922 	-0.022 	-0.042 	0.043 	
255.262 	39.073 	82.856 	0.052 	0.016 	-0.035 	
-7.262 	-41.774 	27.369 	-0.094 	-0.029 	0.116 	
-1.709 	10.725 	-3.783 	-0.011 	0.164 	-0.045 	
42.816 	-4.868 	45.953 	-0.174 	-0.094 	0.083 	
-57.437 	-82.081 	-6.859 	-0.012 	-0.009 	-0.017 	
69.738 	-32.607 	9.900 	-0.129 	0.143 	0.135 	
-12.223 	-86.309 	29.116 	-0.089 	-0.023 	0.032 	
-13.293 	32.877 	-18.548 	-0.089 	0.109 	0.011 	
16.428 	-30.019 	37.774 	-0.080 	-0.045 	-0.081 	
19.579 	-20.543 	14.131 	0.066 	-0.126 	-0.019 	
165.297 	-50.146 	92.942 	-0.017 	-0.040 	-0.043 	
106.292 	19.479 	-69.870 	-0.138 	-0.005 	-0.093 	
18.681 	-32.876 	28.548 	-0.016 	0.023 	-0.111 	
-20.681 	-8.800 	62.435 	-0.032 	-0.013 	0.049 	
24.260 	-8.929 	33.682 	-0.211 	0.015 	0.004 	
77.078 	-53.804 	27.115 	0.130 	0.111 	0.251 	
24.373 	-97.298 	47.646 	-0.123 	0.134 	0.007 	
165.860 	-59.940 	123.449 	0.072 	-0.007 	0.010 	
449.515 	-146.715 	-193.951 	0.104 	-0.072 	-0.064 	
80.383 	-26.740 	14.930 	0.023 	-0.009 	0.097 	
-34.643 	-53.999 	42.226 	-0.118 	0.145 	-0.036 	
84.515 	-73.320 	22.947 	-0.092 	0.045 	0.097 	
-42.815 	-38.531 	23.758 	0.041 	-0.036 	0.039 	
47.968 	18.674 	53.685 	-0.097 	-0.055 	-0.171 	
126.429 	54.947 	-10.227 	0.011 	-0.043 	-0.110 	
-24.010 	-37.202 	20.379 	-0.177 	-0.046 	-0.093 	
-231.167 	-12.492 	95.976 	0.004 	-0.040 	0.019 	
90.215 	15.903 	-19.653 	-0.114 	-0.026 	0.096 	
9.053 	-46.365 	36.650 	0.031 	-0.071 	0.005 	
111.658 	-42.126 	-6.850 	-0.228 	0.092 	0.063 	
16.664 	-28.640 	-35.874 	-0.046 	-0.005 	-0.059 	
54.559 	-31.588 	-4.645 	-0.118 	-0.172 	0.040 	
58.736 	-61.640 	60.331 	-0.045 	0.020 	-0.031 	
107.211 	-126.844 	113.714 	-0.077 	0.042 	-0.036 	
53.584 	7.543 	55.985 	-0.042 	-0.050 	0.068 	
162.778 	-156.654 	21.103 	0.057 	0.102 	-0.036 	
23.432 	-21.856 	32.692 	0.094 	-0.114 	0.101 	
52.826 	-97.015 	-62.789 	-0.115 	0.042 	0.044 	
1558.118 	565.809 	650.603 	0.571 	0.234 	0.256 	
-2.764 	-10.062 	24.007 	-0.044 	-0.112 	0.180 	
48.684 	-43.056 	41.955 	-0.027 	-0.158 	0.003 	
56.154 	-34.763 	54.033 	0.113 	0.080 	0.087 	
2.306 	-41.906 	44.931 	0.079 	-0.101 	-0.006 	
223.135 	60.731 	105.330 	-0.084 	0.053 	0.051 	
50.126 	-4.743 	19.803 	0.079 	-0.042 	0.179 	
148.048 	-23.454 	68.565 	-0.109 	-0.056 	0.105 	
4.515 	2.979 	39.553 	-0.127 	0.125 	0.072 	
31.977 	-71.117 	-17.739 	-0.064 	-0.047 	0.004 	
60.053 	9.223 	3.709 	-0.039 	0.136 	-0.125 	
179.169 	-41.349 	37.345 	-0.049 	-0.007 	-0.004 	
28.240 	-6.260 	70.112 	-0.130 	0.056 	0.043 	
92.113 	-5.865 	-9.104 	0.144 	0.033 	0.096 	
73.592 	-330.969 	552.239 	-0.040 	-0.088 	0.180 	
99.419 	-27.940 	47.982 	0.093 	-0.013 	-0.102 	
123.122 	-78.810 	3.289 	0.067 	0.044 	0.154 	
84.506 	-61.718 	-2.947 	0.175 	-0.126 	0.003 	
81.621 	-36.013 	26.437 	-0.072 	-0.072 	0.054 	
-42.577 	-19.902 	30.000 	0.070 	-0.133 	-0.059 	
-31.323 	-69.377 	-145.483 	0.006 	-0.043 	-0.084 	
277.129 	-20.945 	97.456 	0.145 	-0.024 	0.086 	
-68.431 	11.380 	156.353 	-0.025 	0.020 	0.048 	
-54.946 	-89.853 	67.309 	-0.031 	0.024 	-0.069 	
33.425 	26.038 	54.454 	0.112 	-0.130 	0.023 	
139.003 	-33.532 	-14.395 	-0.018 	-0.014 	0.033 	
77.088 	-43.061 	34.254 	0.222 	-0.190 	0.006 	
-11.974 	4.861 	42.697 	0.130 	-0.009 	-0.102 	
83.832 	-7.253 	-30.926 	-0.031 	-0.046 	0.043 	
119.664 	-53.966 	1.486 	0.139 	-0.170 	-0.006 	
93.298 	-8.136 	27.557 	-0.070 	-0.130 	0.074 	
2.446 	14.947 	-36.251 	0.019 	-0.022 	0.137 	
-55.876 	-55.037 	17.928 	0.024 	-0.082 	-0.088 	
96.623 	-13.289 	27.100 	-0.122 	-0.029 	-0.003 	
67.366 	-34.508 	51.521 	0.045 	0.073 	0.171 	
-337.049 	112.388 	-557.138 	-0.251 	0.095 	-0.313 	
23.162 	-133.076 	158.304 	0.068 	-0.048 	0.090 	
86.369 	-19.534 	20.411 	-0.216 	0.049 	-0.091 	
-39.475 	-68.473 	-109.050 	0.022 	0.008 	0.020 	
108.363 	-6.741 	21.934 	0.122 	0.128 	-0.097 	
78.544 	-44.317 	33.480 	0.054 	-0.034 	0.273 	
112.163 	-41.424 	43.418 	-0.088 	-0.110 	-0.043 	
89.070 	-21.060 	31.941 	0.097 	0.150 	-0.025 	
-65.145 	-31.943 	17.995 	0.022 	-0.104 	0.055 	
143.309 	-140.378 	14.294 	0.123 	-0.009 	0.019 	
-343.192 	-89.056 	-74.345 	-0.110 	-0.050 	0.039 	
-51.327 	3.925 	66.382 	0.066 	0.022 	-0.046 	
-6.734 	-75.829 	71.942 	0.113 	0.052 	0.020 	
-19.025 	-66.694 	72.616 	0.001 	0.067 	-0.005 	
70.262 	-46.408 	23.246 	-0.050 	0.209 	-0.147 	
115.033 	-34.553 	4.896 	-0.015 	0.128 	-0.070 	
164.025 	-53.176 	21.021 	0.054 	-0.044 	0.105 	
-1.044 	-53.393 	-2.865 	-0.168 	-0.029 	-0.208 	
78.415 	9.661 	-24.740 	0.062 	0.095 	0.084 	
82.604 	1.877 	50.558 	0.064 	-0.114 	0.045 	
-69.667 	-101.920 	10.339 	0.075 	-0.020 	-0.043 	
97.808 	-5.255 	-11.868 	-0.030 	0.130 	0.144 	
103.959 	6.408 	54.973 	0.028 	-0.112 	0.082 	
-1.012 	-72.930 	12.517 	-0.050 	-0.141 	-0.177 	
-27.862 	-147.772 	98.156 	0.029 	-0.045 	-0.008 	
11.741 	67.860 	-3.571 	0.100 	0.024 	-0.099 	
22.534 	-44.941 	18.329 	0.145 	-0.078 	-0.038 	
122.087 	11.657 	-4.764 	-0.024 	0.012 	-0.027 	
110.244 	-41.940 	26.921 	-0.003 	-0.050 	0.014 	
39.610 	-1.887 	40.137 	0.212 	-0.109 	-0.059 	
285.295 	-396.747 	219.122 	0.009 	-0.103 	0.064 	
123.895 	-52.830 	28.155 	0.047 	0.038 	-0.045 	
71.661 	-51.006 	29.753 	-0.062 	-0.039 	0.054 	
-45.922 	30.885 	143.285 	0.006 	-0.090 	-0.066 	
118.464 	-34.381 	3.231 	-0.100 	0.104 	0.029 	
130.156 	-39.314 	-11.425 	0.100 	-0.111 	-0.167 	
73.697 	-27.303 	36.425 	0.146 	0.052 	0.021 	
108.421 	14.688 	-24.108 	-0.049 	0.115 	-0.059 	
-36.532 	-18.537 	52.319 	0.074 	0.061 	-0.015 	
83.681 	-0.904 	20.921 	0.184 	0.094 	0.151 	
-26.126 	-14.422 	118.153 	-0.077 	0.017 	0.065 	
11.332 	-97.497 	155.576 	0.048 	-0.072 	0.039 	
47.791 	-17.977 	25.093 	0.101 	0.176 	0.165 	
112.729 	31.280 	44.246 	-0.013 	0.093 	0.110 	
134.937 	-4.398 	38.924 	0.077 	0.049 	-0.110 	
-55.459 	-105.835 	42.347 	-0.044 	0.008 	0.066 	
10130.079 	2805.732 	6224.844 	5.490 	1.541 	3.410 	
25.381 	-30.189 	14.265 	0.183 	-0.182 	-0.031 	
154.114 	-49.457 	-21.774 	0.123 	0.010 	0.061 	
87.237 	-37.251 	23.472 	-0.124 	-0.000 	0.051 	
79.508 	-3.658 	22.716 	-0.024 	-0.030 	0.004 	
-44.515 	27.497 	104.106 	-0.074 	-0.023 	0.019 	
114.061 	-3.777 	37.531 	0.126 	0.046 	0.066 	
102.522 	6.364 	21.970 	-0.136 	-0.112 	0.041 	
-2.488 	-110.284 	39.640 	-0.053 	0.060 	-0.058 	
138.612 	26.775 	-9.432 	-0.037 	0.008 	-0.075 	
114.014 	37.118 	53.840 	0.031 	0.077 	0.121 	
185.150 	-59.880 	13.856 	-0.027 	-0.011 	-0.136 	
-36.327 	-48.677 	-39.774 	-0.084 	-0.095 	-0.054 	
88.355 	-122.701 	23.237 	0.097 	0.088 	-0.016 	
-151.821 	424.325 	-115.505 	-0.106 	0.234 	-0.084 	
293.377 	57.620 	-29.156 	0.059 	0.028 	-0.026 	
8.879 	-69.072 	95.166 	0.049 	0.086 	-0.006 	
69.541 	-85.703 	42.525 	0.050 	0.081 	0.132 	
106.091 	-28.289 	39.528 	-0.043 	-0.008 	0.178 	
-122.203 	-20.922 	-42.282 	-0.048 	-0.038 	0.025 	
-29.550 	-78.971 	90.932 	0.005 	0.013 	-0.022 	
80.403 	-45.820 	-3.152 	0.106 	-0.005 	0.107 	
37.561 	-20.773 	109.839 	0.053 	-0.045 	-0.043 	
90.690 	-125.003 	24.336 	0.164 	0.026 	0.074 	
90.073 	-11.016 	47.571 	0.152 	0.115 	-0.105 	
95.753 	-5.797 	72.384 	0.134 	0.107 	0.015 	
529.005 	50.431 	-60.966 	0.097 	0.003 	-0.017 	
54.836 	-22.294 	71.377 	-0.034 	-0.099 	0.048 	
76.159 	-45.423 	69.975 	0.064 	0.080 	0.102 	
13.056 	-49.394 	48.684 	0.091 	0.058 	-0.162 	
116.338 	-5.976 	-9.905 	-0.002 	-0.022 	-0.075 	
-64.464 	-89.896 	2.642 	-0.042 	-0.011 	0.070 	
135.655 	9.080 	13.839 	0.035 	-0.010 	0.056 	
95.869 	-155.860 	33.706 	0.092 	-0.010 	0.029 	
-10.630 	-59.219 	8.993 	0.063 	0.143 	0.025 	
132.819 	-43.164 	45.949 	0.104 	0.153 	-0.131 	
52.943 	-42.632 	24.634 	-0.067 	-0.007 	0.043 	
8.632 	4.610 	-13.294 	-0.067 	0.088 	-0.197 	
-41.363 	17.804 	7.188 	-0.139 	-0.062 	-0.058 	
-125.430 	-35.325 	27.230 	-0.023 	-0.008 	-0.031 	
-18.627 	7.406 	-9.057 	-0.036 	-0.046 	-0.030 	
-34.387 	-143.137 	324.246 	-0.068 	-0.022 	0.145 	
29.853 	6.097 	113.294 	0.072 	0.001 	-0.017 	
66.187 	-13.666 	10.784 	-0.090 	0.071 	0.050 	
136.052 	-36.273 	47.962 	0.036 	0.008 	-0.030 	
126.433 	-35.252 	-9.826 	0.059 	0.071 	0.046 	
140.559 	29.289 	-28.620 	-0.080 	0.045 	-0.049 	
112.244 	-14.495 	60.111 	0.072 	-0.027 	0.162 	
-14.676 	-47.616 	119.283 	0.121 	-0.012 	0.116 	
109.724 	11.519 	42.985 	0.064 	-0.067 	0.069 	
115.741 	-71.153 	28.168 	0.049 	-0.157 	0.089 	
111.427 	-59.153 	-4.208 	-0.025 	-0.058 	-0.031 	
579.736 	372.354 	-200.982 	0.445 	0.279 	-0.166 	
113.395 	-30.349 	21.299 	-0.066 	-0.009 	-0.139 	
-93.231 	-12.631 	24.308 	-0.025 	-0.053 	-0.000 	
-52.547 	-90.063 	67.787 	-0.064 	-0.037 	-0.034 	
0.342 	14.377 	39.284 	0.133 	-0.074 	-0.033 	
-51.930 	98.843 	-88.431 	-0.001 	0.009 	-0.043 	
-85.754 	-7.790 	11.256 	0.048 	0.073 	0.018 	
134.855 	-40.441 	39.807 	0.177 	-0.113 	0.052 	
133.273 	-56.355 	-8.100 	0.088 	0.025 	0.122 	
118.247 	14.050 	50.017 	0.092 	0.013 	0.069 	
-93.531 	-96.624 	23.284 	-0.004 	0.048 	-0.044 	
-126.157 	-36.700 	12.430 	-0.015 	0.069 	-0.010 	
99.693 	-23.657 	30.848 	0.097 	-0.040 	-0.148 	
75.013 	-51.558 	19.390 	-0.116 	-0.072 	0.049 	
-5.723 	-93.100 	104.547 	-0.101 	-0.141 	0.103 	
129.260 	-39.150 	24.701 	0.138 	-0.086 	-0.002 	
9.066 	-79.915 	28.403 	-0.194 	-0.158 	0.072 	
134.140 	24.174 	44.381 	0.090 	-0.079 	-0.140 	
37.516 	-40.640 	22.922 	0.128 	-0.007 	-0.171 	
-28.936 	110.208 	34.099 	-0.007 	0.090 	-0.008 	
217.105 	-19.324 	25.141 	0.070 	-0.015 	-0.067 	
120.976 	-28.432 	-11.408 	0.014 	-0.002 	0.029 	
-24.879 	-65.322 	16.435 	0.067 	-0.007 	-0.095 	
126.769 	-56.005 	-27.936 	0.064 	-0.057 	-0.111 	
-7.351 	-70.757 	94.914 	0.059 	0.010 	0.057 	
-57.017 	-114.514 	45.478 	0.049 	0.030 	0.018 	
72.746 	1.423 	11.375 	-0.116 	-0.073 	-0.046 	
101.840 	1.901 	49.019 	0.035 	0.003 	-0.008 	
26.144 	-25.084 	-10.856 	0.129 	0.037 	0.112 	
-78.011 	-81.535 	-7.939 	-0.017 	0.009 	0.074 	
-8.988 	-97.181 	87.665 	-0.078 	-0.011 	0.115 	
117.423 	13.800 	59.597 	0.028 	0.007 	0.098 	
92.726 	-42.859 	42.761 	0.176 	-0.016 	-0.071 	
100.090 	-34.956 	0.601 	0.195 	-0.060 	0.166 	
127.082 	41.527 	108.707 	0.075 	0.454 	0.749 	
-135.394 	-32.710 	19.796 	-0.064 	0.023 	0.039 	
68.396 	-28.561 	3.436 	-0.149 	-0.076 	0.078 	
-47.875 	49.877 	131.098 	-0.013 	-0.085 	-0.067 	
5.622 	-96.730 	-48.910 	-0.021 	-0.101 	0.002 	
91.652 	-26.512 	25.072 	-0.121 	-0.030 	-0.050 	
140.599 	-26.374 	30.095 	0.061 	-0.054 	-0.098 	
922.244 	152.229 	-1849.747 	0.277 	0.060 	-0.629 	
-2786.129 	-12836.581 	-20196.836 	-1.525 	-7.107 	-11.197 	
-52.240 	-60.494 	201.049 	-0.065 	-0.013 	0.088 	
77.298 	-40.897 	16.450 	-0.011 	-0.142 	0.126 	
79.323 	18.469 	54.118 	0.014 	0.111 	0.002 	
139.209 	-4.612 	10.286 	0.046 	0.021 	0.038 	
42.142 	-16.664 	12.451 	0.182 	-0.078 	0.136 	
-13.255 	-106.230 	39.753 	0.098 	0.001 	-0.038 	
83.088 	-9.054 	29.261 	-0.034 	0.019 	0.034 	
114.591 	-69.381 	50.575 	-0.028 	-0.133 	-0.065 	
48.062 	-133.278 	3.733 	0.074 	0.053 	0.075 	
56.868 	-264.505 	-144.516 	-0.090 	-0.025 	0.016 	
295.581 	-202.631 	-65.132 	0.320 	-0.146 	-0.066 	
-6.165 	-83.678 	29.384 	0.093 	0.081 	-0.085 	
4.116 	-39.061 	-26.457 	0.069 	0.137 	-0.001 	
-88.814 	-12.113 	23.804 	0.060 	-0.067 	0.066 	
-11.127 	-134.916 	82.020 	0.005 	-0.033 	-0.028 	
659.950 	236.351 	-100.021 	0.564 	0.208 	-0.096 	
100.242 	7.448 	-17.897 	0.014 	-0.025 	0.096 	
172.197 	-126.177 	-52.239 	0.131 	-0.154 	-0.081 	
65.076 	-21.106 	15.257 	-0.039 	-0.084 	-0.097 	
122.720 	5.011 	31.901 	0.050 	0.042 	0.122 	
-101.797 	-38.094 	-0.227 	0.058 	-0.068 	-0.021 	
68.826 	9.124 	9.934 	0.150 	0.078 	-0.049 	
57.831 	18.654 	-103.610 	0.104 	-0.036 	-0.028 	
-42.646 	-2.390 	52.414 	-0.176 	-0.040 	-0.036 	
-44.868 	-78.647 	25.397 	0.089 	0.018 	0.093 	
72.160 	-66.467 	48.640 	0.117 	0.153 	0.028 	
-38.723 	-204.006 	43.447 	-0.002 	-0.097 	0.017 	
91.717 	-9.152 	41.511 	0.147 	-0.016 	0.168 	
57.916 	-52.317 	35.973 	-0.050 	-0.098 	-0.040 	
72.937 	-67.249 	-53.765 	0.094 	0.113 	0.046 	
-18.791 	-22.833 	47.037 	0.167 	-0.044 	0.089 	
-19.179 	2.255 	-53.114 	0.071 	-0.030 	-0.007 	
112.243 	-23.459 	1.232 	-0.076 	-0.106 	-0.062 	
66.987 	-62.960 	18.583 	0.097 	0.026 	-0.188 	
143.912 	-36.780 	88.100 	0.146 	-0.022 	0.087 	
87.282 	-49.135 	35.044 	0.033 	-0.133 	0.087 	
34.409 	-7.309 	35.194 	-0.082 	-0.074 	-0.053 	
85.765 	-78.513 	9.699 	-0.101 	0.039 	-0.018 	
116.468 	-29.968 	32.814 	-0.065 	0.110 	0.004 	
87.438 	-29.814 	75.007 	0.114 	-0.061 	-0.007 	
-53.527 	-14.796 	23.660 	-0.059 	-0.025 	-0.039 	
-185.919 	23.855 	62.552 	-0.138 	0.057 	0.059 	
140.084 	-91.346 	8.929 	-0.014 	-0.128 	0.035 	
36.304 	88.169 	70.363 	0.087 	-0.057 	0.005 	
92.584 	-12.705 	42.776 	0.168 	0.048 	0.101 	
-1819.117 	1052.893 	640.443 	-1.006 	0.616 	0.365 	
71.178 	5.464 	14.075 	-0.075 	-0.027 	-0.015 	
-105.854 	32.620 	28.977 	-0.024 	0.020 	-0.032 	
-99.040 	-53.784 	76.447 	-0.037 	-0.063 	-0.002 	
-102.821 	-40.218 	16.788 	0.013 	0.020 	0.028 	
28.146 	-76.559 	-10.635 	0.043 	0.017 	0.126 	
129.736 	3.188 	36.490 	-0.071 	-0.025 	0.052 	
74.784 	-31.661 	39.941 	-0.062 	0.092 	0.103 	
65.173 	-46.760 	4.827 	-0.032 	-0.043 	0.007 	
-59.535 	-132.807 	10.011 	0.022 	-0.080 	0.070 	
78.424 	13.168 	-2.281 	0.105 	-0.109 	-0.013 	
30.112 	-31.654 	17.730 	0.165 	0.027 	-0.006 	
-430.701 	215.113 	-134.600 	-0.190 	0.048 	-0.037 	
102.918 	-10.355 	55.259 	0.176 	0.145 	0.039 	
69.582 	-48.369 	23.553 	-0.151 	-0.112 	-0.081 	
71.621 	0.879 	44.574 	0.036 	0.072 	-0.108 	
2.180 	-17.984 	6.988 	0.163 	0.049 	0.055 	
135.566 	-38.803 	35.444 	0.086 	0.031 	-0.056 	
67.594 	10.011 	16.529 	-0.024 	0.030 	0.029 	
120.066 	19.996 	28.663 	0.005 	0.120 	0.007 	
-38.557 	24.186 	-35.811 	-0.018 	-0.044 	0.041 	
89.754 	6.920 	21.583 	-0.103 	0.009 	0.077 	
95.649 	40.769 	31.822 	0.052 	-0.102 	-0.100 	
51.484 	-4.904 	21.332 	0.139 	-0.032 	-0.196 	
94.457 	-18.642 	42.046 	0.085 	0.069 	-0.083 	
68.406 	-21.138 	1.231 	0.019 	0.027 	-0.042 	
109.759 	10.903 	37.576 	-0.058 	0.073 	-0.112 	
100.071 	-31.427 	30.251 	0.147 	-0.089 	0.159 	
93.358 	-2.075 	24.569 	-0.078 	-0.008 	-0.012 	
80.334 	-10.835 	29.747 	-0.059 	-0.003 	0.171 	
4.858 	-156.657 	78.518 	-0.002 	-0.112 	0.100 	
144.850 	-60.511 	58.355 	-0.045 	-0.002 	-0.021 	
72.579 	-32.738 	-19.089 	0.080 	-0.026 	-0.055 	
-106.472 	69.571 	-295.309 	-0.058 	0.072 	-0.222 	
115.661 	-19.985 	10.996 	-0.004 	-0.164 	-0.090 	
112.543 	-19.935 	9.874 	-0.112 	-0.091 	-0.013 	
-43.619 	-2.669 	-5.203 	0.055 	-0.011 	0.102 	
-26.151 	9.883 	-7.736 	0.082 	0.034 	-0.037 	
79.850 	18.509 	50.412 	0.025 	-0.017 	0.078 	
84.084 	-83.951 	123.940 	0.082 	0.047 	-0.026 	
441.055 	-2274.201 	1603.530 	0.104 	-1.020 	0.718 	
126.594 	20.435 	-6.114 	-0.124 	0.086 	-0.039 	
-18.466 	69.433 	-37.616 	0.108 	0.073 	0.061 	
84.253 	-12.887 	3.592 	-0.054 	0.002 	0.129 	
104.128 	-63.394 	-18.843 	-0.016 	-0.143 	-0.005 	
-120.550 	-93.760 	65.017 	-0.094 	0.000 	0.027 	
15.897 	26.558 	68.034 	-0.073 	-0.162 	-0.121 	
1.979 	-133.776 	89.035 	0.058 	-0.121 	0.008 	
-194.833 	-196.859 	-19.956 	-0.141 	-0.135 	-0.021 	
40.932 	-36.232 	-5.994 	0.027 	0.060 	-0.034 	
139.754 	0.645 	13.251 	-0.038 	-0.027 	0.006 	
-107.470 	-33.968 	-17.978 	-0.029 	0.015 	-0.010 	
119.815 	-35.844 	-43.240 	0.075 	0.034 	0.021 	
772.473 	-1160.791 	-987.435 	0.263 	-0.440 	-0.392 	
79.856 	-29.472 	21.834 	0.237 	-0.197 	-0.009 	
60.050 	99.980 	76.936 	0.119 	0.024 	0.035 	
104.327 	-60.466 	14.264 	0.168 	0.043 	-0.010 	
17.648 	-30.611 	-1.234 	0.191 	-0.037 	0.029 	
12.266 	-22.030 	16.369 	0.171 	0.117 	0.098 	
5.931 	-123.367 	-91.869 	0.010 	-0.104 	-0.032 	
-100.638 	-13.250 	36.000 	0.019 	0.041 	0.048 	
-113.473 	-41.946 	2.094 	-0.086 	-0.044 	-0.068 	
-68.946 	-28.942 	8.244 	-0.028 	-0.063 	-0.030 	
13.809 	-40.269 	38.968 	-0.015 	-0.232 	0.186 	
-54.651 	-138.160 	67.973 	0.002 	-0.006 	0.035 	
-108.628 	-60.704 	7.151 	-0.023 	-0.017 	0.045 	
147.884 	-16.051 	16.247 	0.056 	0.061 	-0.132 	
67.925 	-6.396 	28.289 	-0.007 	0.148 	0.157 	
99.570 	32.458 	61.416 	0.116 	0.011 	-0.131 	
-105.835 	-76.557 	-57.593 	0.041 	-0.110 	-0.079 	
53.725 	-21.945 	75.374 	0.061 	0.122 	-0.104 	
55.795 	78.540 	31.826 	0.147 	0.055 	0.065 	
165.504 	-42.217 	15.659 	-0.046 	-0.094 	-0.049 	
-650.620 	-1361.275 	6067.519 	-0.288 	-0.579 	2.449 	
182.266 	72.728 	-3.436 	0.152 	0.071 	-0.062 	
83.358 	-87.379 	89.098 	0.093 	0.006 	-0.108 	
-26.765 	-88.885 	50.006 	-0.089 	0.156 	-0.105 	
77.836 	28.174 	-59.585 	0.059 	-0.038 	0.028 	
39.465 	-66.023 	18.020 	0.008 	0.084 	-0.103 	
111.486 	-10.326 	82.042 	0.031 	-0.099 	-0.107 	
-21.690 	-126.698 	-34.242 	0.116 	-0.064 	-0.074 	
4.787 	-25.012 	27.293 	0.186 	0.028 	0.032 	
27.719 	-40.064 	61.116 	0.153 	-0.055 	-0.028 	
73.810 	-29.722 	-7.193 	0.087 	0.129 	-0.048 	
-21.936 	-85.587 	70.068 	-0.028 	0.035 	-0.039 	
-11.430 	-10.285 	112.593 	-0.054 	0.019 	0.002 	
153.906 	-27.821 	48.376 	-0.010 	0.024 	-0.011 	
-193.675 	-719.796 	25.265 	-0.136 	-0.405 	-0.007 	
114.177 	-13.065 	-22.937 	0.034 	-0.023 	-0.119 	
99.539 	-30.887 	6.342 	0.068 	0.133 	-0.102 	
116.423 	34.254 	-11.002 	-0.121 	-0.015 	0.031 	
81.522 	-17.898 	35.256 	0.094 	0.034 	0.187 	
78.744 	-16.941 	96.150 	0.158 	-0.064 	-0.095 	
26.028 	-71.284 	32.584 	-0.161 	-0.126 	0.083 	
86.772 	-0.321 	32.732 	0.075 	0.029 	-0.015 	
4.664 	-161.650 	83.650 	-0.037 	-0.061 	0.036 	
-38.624 	-18.720 	24.037 	0.079 	0.020 	0.123 	
108.571 	-16.438 	16.885 	0.168 	-0.113 	0.065 	
89.457 	-56.147 	11.659 	-0.069 	0.055 	0.125 	
11.601 	31.918 	97.786 	0.052 	0.128 	0.087 	
38.150 	14.644 	3.814 	0.103 	0.137 	-0.011 	
-80.309 	118.268 	-455.113 	-0.060 	0.018 	-0.099 	
-49.446 	-45.322 	-8.950 	0.039 	-0.047 	0.059 	
-360.544 	60.033 	-195.414 	-0.253 	0.067 	-0.177 	
-103.221 	-41.552 	3.917 	0.028 	0.008 	-0.062 	
94.199 	-53.969 	59.152 	-0.004 	-0.171 	0.019 	
99.483 	-44.546 	23.275 	0.079 	-0.066 	-0.179 	
123.027 	-6.343 	10.264 	0.085 	-0.063 	0.171 	
66.295 	-41.687 	-3.569 	-0.110 	0.000 	-0.083 	
97.052 	-38.313 	7.044 	0.120 	0.138 	-0.108 	
124.060 	-53.263 	18.325 	0.077 	-0.060 	0.073 	
-136.546 	197.607 	-22.866 	-0.074 	-0.021 	0.014 	
50.450 	-36.597 	170.705 	-0.020 	-0.041 	0.057 	
-21.748 	-21.528 	-100.581 	-0.012 	0.008 	-0.042 	
-134.698 	31.186 	-17.065 	-0.050 	0.022 	0.024 	
-1075.872 	1387.668 	782.367 	-0.464 	0.560 	0.302 	
69.509 	46.542 	-12.918 	-0.121 	-0.127 	0.129 	
-99.534 	-121.554 	4.054 	0.016 	-0.071 	0.002 	
-104.234 	-103.634 	46.112 	-0.059 	-0.019 	0.018 	
-26.375 	-65.363 	94.663 	0.060 	-0.019 	-0.053 	
92.938 	-26.878 	-20.578 	0.062 	0.165 	0.017 	
-34.501 	47.293 	75.034 	-0.206 	0.155 	0.008 	
75.723 	-74.692 	-37.438 	0.089 	0.099 	0.061 	
156.281 	-38.835 	64.828 	0.007 	-0.004 	0.056 	
-118.121 	21.644 	23.266 	-0.033 	-0.136 	0.075 	
-37.903 	1.139 	152.140 	-0.040 	-0.006 	0.042 	
95.938 	-3.895 	-51.130 	0.168 	0.097 	0.055 	
82.696 	26.443 	-56.600 	-0.013 	-0.039 	0.003 	
147.383 	-23.929 	71.759 	-0.028 	0.004 	0.029 	
1.237 	-77.600 	-13.908 	-0.001 	0.077 	0.015 	
88.059 	-50.255 	32.748 	0.037 	0.080 	0.216 	
-67.728 	60.685 	-24.630 	0.085 	0.065 	0.038 	
86.291 	-25.967 	-13.971 	-0.063 	0.093 	-0.101 	
-128.631 	11.765 	79.711 	-0.044 	-0.009 	-0.029 	
50.801 	-42.239 	-36.934 	0.135 	-0.104 	0.110 	
7701.489 	588.078 	6057.715 	23.366 	1.917 	18.839 	
118.864 	-31.622 	54.779 	-0.006 	0.137 	0.041 	
-50.426 	-109.852 	-45.091 	-0.081 	-0.038 	0.019 	
-96.754 	-166.341 	55.540 	-0.041 	-0.009 	-0.025 	
109.858 	-2.347 	16.438 	0.050 	-0.023 	-0.021 	
-24.370 	-115.016 	15.123 	0.117 	-0.088 	0.106 	
48.956 	-311.084 	6.014 	-0.089 	-0.019 	-0.010 	
-84.362 	-21.909 	-117.203 	-0.033 	-0.053 	-0.052 	
-21.544 	-132.841 	88.551 	-0.024 	-0.020 	-0.011 	
104.558 	5.170 	37.618 	-0.090 	-0.156 	0.012 	
-72.469 	-4.658 	36.008 	-0.021 	-0.006 	-0.088 	
136.962 	-11.674 	4.510 	0.192 	-0.020 	0.112 	
-5.379 	12.698 	57.537 	0.090 	-0.052 	-0.012 	
658.911 	1067.801 	1092.832 	0.153 	0.347 	0.364 	
80.617 	-53.114 	5.022 	0.179 	-0.076 	0.077 	
44.700 	2539.523 	-1649.382 	-0.072 	1.122 	-0.729 	
83.714 	-3.574 	43.922 	-0.083 	-0.052 	-0.098 	
4.713 	6.635 	41.762 	0.090 	-0.094 	-0.016 	
-60.632 	0.589 	15.448 	0.048 	-0.069 	-0.089 	
92.507 	-43.582 	50.092 	-0.163 	-0.055 	0.060 	
2556.600 	12615.618 	20762.057 	1.431 	6.974 	11.464 	
99.451 	-57.915 	29.619 	0.165 	-0.047 	0.130 	
-23.856 	-77.079 	139.615 	-0.020 	-0.100 	0.081 	
132.396 	22.855 	62.767 	0.083 	0.104 	0.122 	
-5.776 	10.188 	176.299 	0.066 	-0.009 	0.106 	
-53.240 	-124.109 	45.064 	-0.051 	-0.023 	-0.035 	
-29.012 	-115.101 	18.339 	0.028 	0.064 	-0.027 	
100.490 	-70.424 	30.550 	0.180 	0.037 	0.029 	
-144.008 	361.719 	0.100 	-0.111 	0.057 	-0.017 	
70.712 	-116.231 	66.255 	0.167 	-0.051 	0.033 	
318.724 	-83.693 	107.086 	0.233 	-0.090 	0.095 	
74.608 	-61.126 	-18.968 	0.115 	-0.037 	0.081 	
86.912 	-55.756 	26.598 	-0.077 	-0.133 	0.120 	
5.546 	-26.131 	125.459 	-0.037 	0.006 	0.001 	
-76.713 	-55.200 	38.357 	-0.026 	0.169 	0.076 	
-54.434 	-4.707 	2.645 	0.060 	-0.069 	-0.019 	
140.402 	-14.063 	28.124 	0.098 	-0.088 	0.096 	
150.937 	-14.574 	14.129 	0.030 	0.067 	0.075 	
111.446 	-2.862 	63.171 	0.013 	0.047 	-0.071 	
63.496 	-10.741 	59.861 	0.150 	-0.112 	0.071 	
106.512 	-72.710 	20.901 	0.001 	-0.068 	-0.021 	
118.260 	-27.155 	26.940 	-0.033 	-0.160 	-0.080 	
257.746 	-365.335 	242.104 	0.153 	-0.216 	0.117 	
-306.173 	244.320 	72.905 	-0.116 	0.021 	0.046 	
93.904 	-21.331 	32.081 	0.208 	0.103 	0.049 	
11.179 	-3.738 	25.818 	0.193 	0.015 	-0.023 	
14.402 	123.033 	-7.044 	-0.090 	-0.104 	0.037 	
139.843 	-27.316 	22.392 	0.038 	0.013 	-0.070 	
85.945 	35.104 	31.162 	0.035 	-0.038 	0.072 	
-478.127 	3226.389 	211.198 	-0.247 	1.412 	0.093 	
82.898 	-7.421 	64.447 	0.110 	-0.136 	-0.123 	
-17.083 	-66.367 	45.089 	0.125 	-0.063 	-0.025 	
11.919 	-56.644 	49.731 	-0.259 	-0.088 	0.109 	
-45.855 	45.969 	40.631 	0.033 	-0.057 	-0.059 	
-9.200 	62.343 	-8.960 	0.047 	-0.091 	0.012 	
170.298 	-10.767 	3.366 	-0.025 	0.043 	0.120 	
-85.156 	-12.240 	-12.072 	-0.013 	0.003 	0.085 	
92.333 	-80.769 	29.784 	0.170 	-0.105 	0.046 	
113.843 	6.810 	51.988 	0.089 	0.142 	0.132 	
158.293 	-6.816 	19.770 	-0.021 	0.046 	0.071 	
122.446 	21.070 	71.106 	0.058 	0.072 	0.013 	
111.051 	-50.078 	48.449 	0.141 	0.116 	-0.054 	
-19.589 	7.635 	14.995 	-0.165 	0.134 	-0.090 	
5.637 	-82.082 	134.657 	0.025 	0.013 	0.005 	
232.393 	-14.998 	4.387 	0.178 	0.055 	-0.024 	
-23.258 	-98.070 	76.157 	-0.040 	0.084 	-0.043 	
-1402.378 	-1728.569 	-823.400 	-0.522 	-0.568 	-0.262 	
57.456 	6.589 	23.459 	0.113 	0.090 	0.094 	
-14.416 	-118.998 	41.293 	0.071 	-0.006 	-0.082 	
-293.688 	-407.019 	194.568 	-0.191 	-0.271 	0.115 	
-60.225 	107.464 	-41.099 	-0.003 	0.005 	0.004 	
-183.691 	39.782 	200.798 	-0.165 	0.076 	0.191 	
66.667 	-19.919 	19.791 	-0.020 	0.012 	0.026 	
149.644 	-5.303 	25.645 	-0.027 	0.045 	-0.067 	
-16.210 	43.588 	52.588 	-0.146 	0.057 	0.060 	
62.719 	-57.117 	23.816 	-0.071 	-0.079 	-0.048 	
126.803 	-28.608 	15.852 	-0.058 	0.047 	0.002 	
131.575 	-16.178 	-3.179 	0.065 	-0.105 	-0.097 	
22.169 	-19.450 	-4.093 	-0.137 	0.186 	0.185 	
153.617 	-30.566 	46.568 	0.116 	-0.140 	0.069 	
244.701 	-215.157 	55.285 	-0.055 	-0.028 	0.017 	
107.968 	-46.658 	-1.036 	-0.042 	-0.055 	-0.140 	
-86.021 	-14.642 	-2.527 	-0.003 	-0.023 	-0.001 	
-81.113 	-61.718 	9.895 	-0.216 	-0.011 	0.003 	
-81.346 	-52.903 	60.563 	0.005 	0.056 	0.022 	
116.832 	-43.051 	15.960 	0.032 	0.043 	-0.238 	
100.211 	-64.196 	26.770 	0.114 	-0.034 	-0.154 	
110.084 	7.347 	44.194 	-0.030 	-0.016 	0.056 	
87.054 	-225.454 	53.858 	-0.085 	0.038 	-0.013 	
114.615 	24.238 	13.128 	0.026 	-0.037 	-0.010 	
-5.470 	30.168 	188.767 	0.041 	-0.016 	0.057 	
46.514 	-56.136 	-13.800 	0.212 	0.074 	0.056 	
6.933 	-43.589 	48.766 	0.146 	0.074 	-0.022 	
51.894 	-80.208 	-50.590 	0.083 	0.071 	0.101 	
113.720 	-72.957 	-83.956 	0.112 	0.011 	0.009 	
2.686 	-103.487 	-5.482 	-0.067 	-0.057 	0.032 	
110.657 	-16.720 	5.808 	0.106 	-0.164 	0.037 	
97.276 	78.391 	33.267 	-0.128 	-0.130 	-0.024 	
21.185 	-178.693 	49.538 	0.022 	0.000 	0.030 	
164.405 	-77.551 	36.694 	0.060 	-0.069 	-0.043 	
93.833 	88.517 	-43.208 	-0.121 	-0.061 	0.081 	
27.692 	-68.252 	-19.363 	0.088 	0.009 	0.148 	
0.534 	-66.333 	57.635 	0.074 	0.153 	-0.006 	
-76.017 	-9.797 	55.239 	-0.189 	-0.018 	0.008 	
-364.461 	-543.790 	1820.924 	-0.164 	-0.177 	0.623 	
154.582 	-12.493 	63.154 	0.017 	-0.003 	0.202 	
27.390 	-40.306 	24.883 	0.134 	0.067 	0.118 	
93.345 	-44.854 	82.929 	-0.112 	0.002 	0.081 	
102.332 	-27.764 	-23.003 	0.082 	-0.040 	0.166 	
-75.125 	-53.631 	70.805 	0.016 	-0.000 	0.082 	
104.953 	15.213 	69.171 	0.016 	-0.006 	-0.042 	
108.945 	-40.165 	29.536 	0.064 	0.106 	0.001 	
-100.955 	-52.128 	136.440 	-0.097 	-0.014 	0.039 	
91.029 	-11.048 	5.002 	0.084 	0.112 	-0.024 	
154.674 	-47.442 	-4.532 	0.047 	0.112 	0.017 	
16.497 	-53.104 	-29.097 	0.091 	-0.043 	0.102 	
91.246 	-30.924 	38.502 	-0.038 	-0.018 	-0.014 	
103.806 	5.564 	54.819 	0.109 	0.116 	-0.064 	
112.690 	-31.598 	-3.799 	-0.020 	-0.143 	0.060 	
86.430 	-24.088 	25.304 	0.131 	0.066 	-0.182 	
-26.917 	-39.782 	21.178 	0.033 	-0.132 	0.001 	
-17.930 	92.167 	-50.626 	-0.001 	0.002 	0.004 	
-37.757 	-50.456 	39.548 	0.055 	0.010 	0.066 	
158.244 	-64.528 	86.438 	-0.004 	0.021 	0.017 	
79.928 	-71.990 	-75.146 	-0.258 	-0.352 	-0.556 	
-42.049 	-22.991 	-46.519 	-0.077 	-0.068 	0.037 	
14.768 	-17.409 	102.164 	0.151 	0.031 	0.102 	
-133.392 	-73.106 	-14.140 	0.006 	-0.010 	0.047 	
99.231 	-23.204 	-7.590 	0.177 	0.058 	-0.121 	
75.794 	-22.440 	43.590 	0.241 	0.012 	0.044 	
-1.564 	6.351 	-81.209 	-0.010 	-0.041 	-0.107 	
66.337 	-99.849 	-28.573 	0.052 	0.035 	-0.046 	
98.078 	-21.242 	39.065 	-0.031 	0.114 	0.072 	
65.104 	-42.011 	-86.561 	0.155 	0.042 	0.023 	
105.972 	-84.196 	-2.488 	-0.042 	-0.051 	-0.096 	
117.625 	-48.996 	18.371 	0.118 	-0.015 	-0.126 	
-53.776 	-2960.202 	-508.471 	-0.060 	-1.309 	-0.223 	
111.676 	0.302 	17.325 	0.121 	-0.166 	0.031 	
-116.453 	-1.738 	5.482 	-0.037 	0.051 	0.064 	
-7292.413 	-697.758 	-6112.601 	-23.128 	-2.071 	-18.899 	
119.050 	-1.538 	28.438 	0.029 	0.145 	0.108 	
122.787 	-22.402 	144.285 	-0.128 	-0.079 	-0.056 	
83.477 	-43.392 	-22.779 	-0.026 	0.100 	-0.037 	
119.075 	-30.487 	-54.560 	-0.043 	0.081 	-0.041 	
21.535 	-96.212 	-69.621 	0.026 	-0.053 	0.017 	
120.155 	-42.515 	-40.395 	-0.013 	0.037 	-0.083 	
110.902 	6.429 	1.781 	-0.022 	0.055 	0.077 	
-19.656 	-19.320 	26.357 	0.165 	-0.022 	-0.060 	
119.274 	-3.323 	-44.794 	0.082 	-0.039 	-0.109 	
-3.399 	-35.485 	42.396 	0.152 	0.052 	-0.029 	
-89.194 	-45.643 	115.647 	-0.031 	-0.019 	0.050 	
131.232 	15.449 	4.358 	0.194 	0.002 	0.027 	
150.876 	-54.046 	-16.814 	-0.209 	-0.030 	0.015 	
1585.706 	-1251.909 	-982.350 	0.882 	-0.661 	-0.534 	
91.773 	2.350 	18.407 	0.111 	0.095 	0.020 	
21.538 	-19.339 	-2.297 	0.192 	-0.110 	-0.074 	
100.668 	-17.850 	6.622 	0.128 	-0.066 	-0.074 	
