## Las primeras 500 lineas corresponden a la esfera 1 
##las siguienets 500 lineas a la esfera 2
## Las primeras tres columnas corresponden a la posición en 'x', 'y' y 'z', las siguientes tres a las velocidades
9.530 	-811.887 	74.627 	-0.010 	-0.248 	0.028 	
245.867 	-245.011 	-0.271 	0.086 	-0.077 	-0.003 	
284.649 	1031.124 	711.589 	0.099 	0.316 	0.207 	
-943.579 	1052.463 	692.643 	-0.305 	0.336 	0.221 	
-221.397 	-219.857 	975.081 	-0.053 	-0.066 	0.317 	
1034.045 	678.398 	1221.764 	0.343 	0.215 	0.376 	
1095.559 	-563.191 	-1067.151 	0.346 	-0.170 	-0.338 	
-1042.954 	-615.431 	363.992 	-0.323 	-0.179 	0.124 	
906.424 	261.700 	598.491 	0.278 	0.096 	0.186 	
348.481 	332.176 	458.868 	0.106 	0.100 	0.152 	
926.164 	-77.328 	59.325 	0.281 	-0.021 	0.014 	
-211.161 	-834.872 	128.311 	-0.056 	-0.258 	0.045 	
152.418 	-594.503 	87.300 	0.067 	-0.184 	0.029 	
682.440 	939.740 	911.669 	0.200 	0.294 	0.282 	
-25.027 	785.681 	-1284.952 	-0.010 	0.229 	-0.392 	
-448.423 	-103.161 	-1.477 	-0.141 	-0.017 	0.003 	
-496.275 	1035.054 	-412.011 	-0.163 	0.315 	-0.132 	
114.407 	602.955 	-1129.886 	0.032 	0.172 	-0.360 	
-1473.117 	-1120.601 	-623.960 	-0.476 	-0.343 	-0.201 	
546.991 	-1287.446 	-1113.464 	0.158 	-0.407 	-0.350 	
117.998 	-1225.480 	1429.313 	0.042 	-0.369 	0.454 	
112.225 	451.797 	1271.092 	0.030 	0.138 	0.384 	
-324.299 	-594.727 	296.115 	-0.100 	-0.170 	0.085 	
-1065.812 	-847.510 	391.885 	-0.323 	-0.255 	0.115 	
714.853 	-520.474 	856.716 	0.235 	-0.161 	0.258 	
-509.437 	-17.027 	1121.238 	-0.142 	-0.000 	0.344 	
67.559 	-692.498 	-50.619 	0.032 	-0.206 	-0.011 	
302.175 	-1216.791 	914.633 	0.087 	-0.394 	0.289 	
-1084.558 	1078.679 	277.682 	-0.328 	0.334 	0.088 	
-616.877 	-937.324 	731.744 	-0.181 	-0.286 	0.234 	
-388.457 	-657.525 	-1089.455 	-0.116 	-0.197 	-0.341 	
528.576 	874.745 	1036.657 	0.159 	0.262 	0.326 	
1045.301 	-394.048 	961.603 	0.327 	-0.123 	0.303 	
-705.481 	719.177 	87.706 	-0.200 	0.222 	0.029 	
114.327 	-354.145 	-1210.593 	0.034 	-0.121 	-0.363 	
164.684 	-174.342 	128.073 	0.069 	-0.042 	0.040 	
-501.091 	-1028.787 	-1137.179 	-0.158 	-0.315 	-0.371 	
-513.982 	-1254.344 	940.645 	-0.144 	-0.390 	0.293 	
-469.676 	-119.906 	671.412 	-0.153 	-0.032 	0.213 	
813.272 	-1281.024 	920.492 	0.252 	-0.400 	0.292 	
1382.185 	536.965 	-51.052 	0.434 	0.150 	-0.018 	
236.199 	-338.914 	118.594 	0.081 	-0.093 	0.029 	
545.130 	147.816 	897.423 	0.151 	0.049 	0.281 	
-35.389 	-888.521 	-579.930 	-0.025 	-0.277 	-0.179 	
202.255 	-255.763 	865.784 	0.076 	-0.081 	0.278 	
100.957 	218.978 	-434.857 	0.044 	0.074 	-0.126 	
1349.968 	105.831 	1.857 	0.408 	0.020 	0.016 	
-315.182 	1235.129 	-323.245 	-0.098 	0.390 	-0.104 	
281.814 	-352.982 	-482.826 	0.100 	-0.115 	-0.147 	
1147.098 	728.522 	367.736 	0.362 	0.240 	0.114 	
-1066.652 	-382.223 	-847.325 	-0.325 	-0.126 	-0.274 	
624.701 	-105.450 	618.587 	0.182 	-0.031 	0.182 	
1275.518 	-570.387 	-1271.825 	0.412 	-0.192 	-0.399 	
-123.339 	819.286 	3.188 	-0.022 	0.251 	0.010 	
-922.832 	1019.144 	740.330 	-0.296 	0.311 	0.230 	
-218.152 	-1198.617 	608.253 	-0.060 	-0.385 	0.198 	
-530.674 	-11.136 	-757.652 	-0.149 	-0.009 	-0.243 	
29.477 	-1076.089 	-368.446 	0.022 	-0.337 	-0.119 	
-1250.281 	887.792 	1062.979 	-0.396 	0.286 	0.340 	
724.314 	1140.662 	467.481 	0.231 	0.349 	0.134 	
-312.104 	1217.520 	327.244 	-0.112 	0.384 	0.099 	
465.014 	731.257 	-431.063 	0.154 	0.221 	-0.131 	
-950.210 	1304.378 	514.094 	-0.312 	0.415 	0.164 	
871.467 	232.392 	-440.431 	0.273 	0.086 	-0.137 	
1018.067 	-1213.831 	-1237.166 	0.339 	-0.380 	-0.381 	
1470.532 	-504.090 	-1253.563 	0.480 	-0.156 	-0.394 	
925.946 	-699.723 	-1091.754 	0.310 	-0.220 	-0.344 	
-1367.914 	1484.081 	-425.039 	-0.436 	0.480 	-0.141 	
1465.389 	691.969 	907.967 	0.477 	0.219 	0.279 	
-216.162 	468.615 	536.554 	-0.066 	0.122 	0.170 	
969.487 	380.203 	396.605 	0.315 	0.106 	0.115 	
386.665 	-77.640 	461.638 	0.138 	-0.016 	0.144 	
-31.795 	774.553 	-1274.349 	-0.013 	0.260 	-0.400 	
-327.460 	-968.694 	-398.122 	-0.107 	-0.302 	-0.119 	
-564.123 	504.265 	788.222 	-0.191 	0.155 	0.242 	
578.854 	-175.013 	-343.556 	0.180 	-0.050 	-0.087 	
-29.745 	-317.503 	-900.637 	-0.013 	-0.083 	-0.282 	
1113.601 	660.559 	-1040.114 	0.355 	0.209 	-0.339 	
154.848 	-256.078 	-487.680 	0.041 	-0.072 	-0.160 	
-27.715 	-309.382 	1085.704 	0.000 	-0.103 	0.337 	
-177.336 	1010.403 	308.437 	-0.067 	0.304 	0.098 	
310.181 	-529.095 	-368.845 	0.083 	-0.159 	-0.105 	
645.906 	805.256 	1057.588 	0.197 	0.258 	0.329 	
-262.584 	-859.002 	1067.261 	-0.088 	-0.261 	0.341 	
825.619 	-463.360 	-187.636 	0.267 	-0.132 	-0.070 	
-781.822 	-1082.400 	-1057.034 	-0.234 	-0.333 	-0.324 	
795.198 	-241.927 	-478.991 	0.253 	-0.084 	-0.166 	
-810.819 	-893.108 	955.120 	-0.269 	-0.278 	0.301 	
-1164.145 	-1127.466 	735.696 	-0.353 	-0.354 	0.235 	
-1058.166 	-443.670 	-127.342 	-0.318 	-0.150 	-0.030 	
1362.567 	601.183 	969.140 	0.427 	0.205 	0.300 	
40.524 	519.812 	975.458 	0.009 	0.170 	0.306 	
84.333 	-222.396 	89.276 	0.034 	-0.078 	0.030 	
-175.365 	-1154.509 	-496.158 	-0.045 	-0.370 	-0.145 	
1125.007 	-759.371 	1118.067 	0.350 	-0.228 	0.347 	
-443.039 	716.400 	-1189.585 	-0.132 	0.229 	-0.358 	
1112.510 	295.445 	724.718 	0.360 	0.082 	0.228 	
1194.511 	276.482 	-809.204 	0.387 	0.088 	-0.251 	
1349.443 	1094.379 	168.824 	0.443 	0.339 	0.054 	
765.415 	-573.068 	759.867 	0.231 	-0.189 	0.232 	
-875.714 	1169.570 	627.228 	-0.272 	0.354 	0.203 	
-1411.260 	-1029.761 	-456.366 	-0.454 	-0.320 	-0.132 	
381.393 	-1321.905 	769.441 	0.122 	-0.422 	0.239 	
-585.305 	-150.726 	999.925 	-0.180 	-0.034 	0.321 	
702.424 	-310.997 	385.767 	0.236 	-0.097 	0.128 	
-1229.386 	608.552 	1122.726 	-0.372 	0.192 	0.346 	
-1180.446 	-846.491 	781.659 	-0.382 	-0.259 	0.251 	
-1383.105 	1443.649 	-593.742 	-0.442 	0.466 	-0.187 	
889.555 	-558.606 	26.553 	0.270 	-0.181 	0.020 	
1458.484 	-121.695 	-490.321 	0.469 	-0.047 	-0.140 	
-370.029 	-120.322 	714.939 	-0.108 	-0.043 	0.231 	
346.509 	-434.542 	654.384 	0.093 	-0.137 	0.205 	
599.588 	11.257 	222.747 	0.176 	-0.006 	0.062 	
-212.023 	1277.052 	-476.000 	-0.074 	0.391 	-0.137 	
-848.109 	1159.037 	1157.125 	-0.268 	0.364 	0.368 	
-142.002 	1238.649 	1206.445 	-0.037 	0.393 	0.380 	
387.431 	-1301.133 	-249.227 	0.117 	-0.408 	-0.061 	
-1384.672 	-378.399 	1305.011 	-0.428 	-0.132 	0.404 	
943.236 	-552.424 	-503.793 	0.293 	-0.185 	-0.144 	
-76.419 	927.606 	162.922 	-0.038 	0.285 	0.057 	
-653.483 	138.571 	784.556 	-0.195 	0.047 	0.258 	
728.061 	-1015.538 	-462.276 	0.232 	-0.326 	-0.145 	
599.176 	-209.470 	-969.238 	0.185 	-0.049 	-0.306 	
1214.899 	-538.955 	1227.756 	0.370 	-0.173 	0.387 	
-1299.441 	457.101 	659.901 	-0.419 	0.137 	0.203 	
394.505 	-176.785 	-484.505 	0.111 	-0.043 	-0.143 	
-1369.102 	-876.955 	-533.954 	-0.425 	-0.271 	-0.155 	
-1424.153 	-1335.779 	551.439 	-0.460 	-0.419 	0.168 	
-1054.353 	540.923 	-1307.297 	-0.331 	0.174 	-0.396 	
-1142.986 	-1172.200 	452.643 	-0.346 	-0.372 	0.140 	
-107.790 	-794.457 	613.943 	-0.044 	-0.244 	0.196 	
-299.864 	1001.305 	-559.225 	-0.099 	0.316 	-0.185 	
-786.000 	665.123 	12.416 	-0.249 	0.200 	0.001 	
34.555 	386.104 	-1142.471 	0.000 	0.111 	-0.350 	
1409.238 	-1287.991 	137.406 	0.435 	-0.400 	0.035 	
-199.626 	-1004.258 	-498.793 	-0.052 	-0.313 	-0.170 	
165.932 	-784.460 	372.207 	0.041 	-0.244 	0.103 	
-945.186 	-1175.119 	927.244 	-0.281 	-0.376 	0.293 	
1093.429 	-538.103 	-545.122 	0.343 	-0.161 	-0.169 	
451.154 	-981.951 	285.561 	0.159 	-0.303 	0.096 	
-962.911 	-579.564 	-751.805 	-0.287 	-0.187 	-0.234 	
1246.398 	-370.096 	-323.854 	0.375 	-0.106 	-0.103 	
-826.154 	1268.872 	291.338 	-0.263 	0.390 	0.099 	
-1002.902 	-1057.212 	154.276 	-0.316 	-0.329 	0.057 	
-309.356 	407.024 	468.993 	-0.105 	0.115 	0.145 	
774.855 	-169.353 	1112.778 	0.240 	-0.052 	0.333 	
-584.752 	-96.239 	-456.193 	-0.175 	-0.015 	-0.143 	
-4.943 	658.469 	1005.017 	-0.009 	0.202 	0.298 	
1190.919 	-1086.932 	-1264.436 	0.360 	-0.342 	-0.400 	
-116.302 	924.211 	-642.440 	-0.024 	0.278 	-0.204 	
1162.167 	-1267.825 	343.179 	0.366 	-0.394 	0.093 	
-928.827 	-370.952 	794.220 	-0.277 	-0.107 	0.246 	
319.950 	716.668 	1347.641 	0.095 	0.212 	0.424 	
-1365.313 	-1341.471 	-494.213 	-0.427 	-0.418 	-0.162 	
-1148.212 	-82.565 	-1294.765 	-0.362 	-0.017 	-0.407 	
-90.614 	-546.726 	-466.741 	-0.043 	-0.170 	-0.144 	
1228.751 	-292.856 	944.966 	0.416 	-0.090 	0.285 	
-1210.425 	-608.636 	1206.988 	-0.380 	-0.199 	0.375 	
-604.678 	-943.783 	1332.350 	-0.180 	-0.299 	0.424 	
145.767 	-937.296 	781.028 	0.044 	-0.295 	0.249 	
1278.749 	-1077.763 	985.465 	0.417 	-0.340 	0.314 	
-432.715 	233.214 	271.141 	-0.123 	0.078 	0.075 	
-404.499 	-82.992 	701.729 	-0.156 	0.001 	0.248 	
638.162 	82.638 	-65.787 	0.211 	0.035 	-0.011 	
76.449 	-487.364 	278.032 	0.020 	-0.151 	0.078 	
-487.003 	-16.350 	-188.232 	-0.159 	-0.002 	-0.048 	
-468.435 	745.964 	-656.608 	-0.143 	0.234 	-0.206 	
1476.352 	-292.112 	-93.876 	0.468 	-0.108 	-0.027 	
428.913 	-10.489 	-173.747 	0.135 	-0.015 	-0.040 	
531.335 	-267.701 	-310.921 	0.149 	-0.089 	-0.086 	
-847.978 	255.714 	1397.194 	-0.260 	0.078 	0.442 	
780.725 	557.906 	47.652 	0.263 	0.165 	0.018 	
-1199.435 	247.742 	521.729 	-0.384 	0.071 	0.160 	
345.696 	-63.055 	-398.296 	0.102 	-0.031 	-0.126 	
-1379.361 	-621.527 	1183.903 	-0.443 	-0.195 	0.369 	
-1089.961 	-428.864 	-100.118 	-0.344 	-0.125 	-0.022 	
-552.649 	-301.855 	-295.537 	-0.170 	-0.095 	-0.095 	
843.075 	753.384 	1094.928 	0.268 	0.238 	0.327 	
254.172 	-264.377 	1076.225 	0.085 	-0.079 	0.341 	
1276.946 	775.223 	1362.762 	0.398 	0.253 	0.434 	
1100.603 	994.827 	1076.326 	0.343 	0.315 	0.353 	
1192.388 	-995.320 	-1016.995 	0.365 	-0.317 	-0.324 	
841.272 	1229.818 	70.818 	0.279 	0.382 	0.020 	
-599.671 	73.836 	322.757 	-0.194 	0.016 	0.112 	
-256.314 	86.740 	-760.760 	-0.073 	0.033 	-0.250 	
-166.333 	568.137 	624.365 	-0.065 	0.176 	0.194 	
-1371.881 	-1238.684 	727.567 	-0.433 	-0.379 	0.242 	
-542.766 	422.225 	-503.002 	-0.168 	0.138 	-0.150 	
-371.519 	-1165.843 	-875.862 	-0.118 	-0.356 	-0.276 	
-657.871 	-1124.221 	-675.774 	-0.190 	-0.350 	-0.211 	
108.235 	-1239.235 	-1022.421 	0.031 	-0.383 	-0.315 	
1064.184 	438.471 	73.440 	0.351 	0.139 	0.029 	
1208.720 	-91.799 	-862.078 	0.379 	-0.032 	-0.260 	
-554.721 	195.228 	49.935 	-0.155 	0.057 	0.026 	
-526.242 	604.869 	323.904 	-0.180 	0.185 	0.102 	
1249.201 	-547.179 	10.053 	0.387 	-0.182 	-0.008 	
-709.512 	480.520 	-1286.551 	-0.226 	0.146 	-0.407 	
1290.624 	-119.190 	806.908 	0.400 	-0.025 	0.260 	
246.875 	425.448 	352.421 	0.094 	0.139 	0.118 	
783.738 	-269.904 	-550.805 	0.256 	-0.073 	-0.160 	
-782.312 	1004.488 	218.137 	-0.242 	0.300 	0.073 	
-21.681 	-993.972 	597.625 	0.006 	-0.297 	0.181 	
-143.070 	-108.066 	-1053.832 	-0.031 	-0.031 	-0.323 	
-372.137 	52.718 	215.859 	-0.121 	0.019 	0.069 	
-150.464 	-1118.538 	-1098.448 	-0.041 	-0.342 	-0.353 	
-309.005 	-468.697 	1171.840 	-0.087 	-0.152 	0.349 	
1390.113 	-175.469 	-1015.385 	0.444 	-0.066 	-0.314 	
-306.319 	208.746 	-220.256 	-0.092 	0.060 	-0.061 	
1149.839 	-1228.459 	1120.664 	0.373 	-0.378 	0.351 	
-406.371 	-442.199 	388.860 	-0.124 	-0.125 	0.117 	
-381.293 	-54.584 	1153.273 	-0.107 	-0.005 	0.359 	
243.705 	606.749 	125.393 	0.094 	0.188 	0.041 	
-1261.089 	1319.966 	-958.369 	-0.402 	0.414 	-0.300 	
48.816 	-344.069 	-1301.728 	0.034 	-0.103 	-0.408 	
-235.235 	-704.840 	810.597 	-0.067 	-0.202 	0.255 	
-759.782 	-610.856 	-553.132 	-0.248 	-0.191 	-0.169 	
695.577 	1262.679 	-1055.730 	0.221 	0.398 	-0.347 	
-733.751 	98.190 	818.040 	-0.243 	0.030 	0.253 	
-18.893 	174.883 	637.242 	-0.015 	0.056 	0.185 	
-248.276 	-216.592 	487.435 	-0.053 	-0.085 	0.106 	
1220.339 	-279.527 	-765.276 	0.380 	-0.103 	-0.245 	
1426.447 	-1333.240 	0.024 	0.444 	-0.419 	0.012 	
-1021.255 	-760.477 	-50.914 	-0.333 	-0.246 	-0.022 	
58.257 	-1096.353 	274.101 	0.009 	-0.332 	0.093 	
-499.476 	89.340 	1073.406 	-0.161 	0.019 	0.326 	
-712.711 	1314.529 	41.430 	-0.208 	0.408 	0.022 	
-964.780 	-1032.545 	445.348 	-0.298 	-0.314 	0.134 	
1170.753 	-486.286 	-968.099 	0.371 	-0.148 	-0.314 	
-839.029 	-1246.040 	791.098 	-0.264 	-0.376 	0.248 	
-576.883 	6.488 	471.976 	-0.179 	-0.013 	0.153 	
-610.249 	129.060 	1226.818 	-0.190 	0.040 	0.393 	
-1100.737 	813.071 	-222.566 	-0.339 	0.252 	-0.053 	
-1031.336 	365.013 	36.021 	-0.334 	0.113 	0.012 	
-389.970 	333.959 	-648.910 	-0.119 	0.114 	-0.197 	
1155.602 	1431.819 	-1309.426 	0.358 	0.464 	-0.417 	
-931.742 	527.106 	722.214 	-0.301 	0.164 	0.237 	
-1080.421 	-112.054 	-1117.639 	-0.327 	-0.039 	-0.350 	
633.083 	-891.432 	442.093 	0.204 	-0.286 	0.125 	
943.893 	1045.164 	-100.139 	0.315 	0.327 	-0.024 	
1102.251 	559.464 	-1243.371 	0.338 	0.181 	-0.378 	
728.941 	353.802 	-850.192 	0.222 	0.105 	-0.250 	
-546.837 	-1061.097 	-301.370 	-0.164 	-0.318 	-0.097 	
987.572 	-465.373 	136.231 	0.316 	-0.139 	0.025 	
-406.879 	990.430 	229.873 	-0.044 	0.374 	0.096 	
286.547 	-782.574 	1162.414 	0.093 	-0.238 	0.346 	
-655.500 	435.366 	-497.732 	-0.205 	0.131 	-0.163 	
-950.753 	-36.262 	464.153 	-0.307 	-0.012 	0.153 	
1029.255 	-347.968 	1067.265 	0.333 	-0.114 	0.318 	
272.391 	-766.181 	-1203.775 	0.096 	-0.245 	-0.360 	
1426.878 	244.163 	-803.480 	0.461 	0.076 	-0.254 	
465.231 	-307.845 	1036.118 	0.160 	-0.096 	0.319 	
-885.821 	1130.297 	-254.836 	-0.258 	0.355 	-0.077 	
-541.705 	-533.041 	445.920 	-0.173 	-0.166 	0.147 	
-470.936 	-597.707 	202.869 	-0.143 	-0.186 	0.082 	
1270.370 	-5.046 	556.413 	0.404 	0.012 	0.182 	
-869.594 	85.593 	772.162 	-0.273 	0.027 	0.258 	
16.053 	509.344 	-961.452 	-0.008 	0.160 	-0.309 	
-944.519 	-1221.769 	-1191.475 	-0.283 	-0.378 	-0.384 	
671.511 	1053.256 	-481.908 	0.203 	0.322 	-0.148 	
-1278.346 	615.108 	777.123 	-0.404 	0.193 	0.234 	
-1326.408 	68.086 	515.879 	-0.426 	0.030 	0.160 	
428.076 	-1066.776 	-1110.194 	0.127 	-0.339 	-0.334 	
-1645.485 	114.339 	2.672 	-0.595 	-0.015 	-0.005 	
-1227.056 	-489.368 	632.573 	-0.377 	-0.156 	0.206 	
746.426 	-283.095 	-861.610 	0.229 	-0.090 	-0.282 	
353.860 	241.053 	137.474 	0.121 	0.078 	0.057 	
-35.164 	-458.428 	333.081 	-0.011 	-0.154 	0.088 	
-1296.573 	124.084 	-741.587 	-0.413 	0.032 	-0.241 	
1053.652 	-119.593 	1431.125 	0.337 	-0.032 	0.459 	
-258.370 	-432.617 	767.016 	-0.081 	-0.145 	0.224 	
499.640 	-770.100 	-309.526 	0.146 	-0.237 	-0.090 	
173.861 	-176.327 	223.372 	0.062 	-0.066 	0.060 	
-1150.089 	-1355.257 	-689.667 	-0.363 	-0.433 	-0.214 	
660.316 	-644.176 	-1133.276 	0.205 	-0.185 	-0.344 	
257.185 	308.941 	-289.825 	0.093 	0.148 	-0.088 	
-532.522 	-174.931 	423.329 	-0.162 	-0.042 	0.136 	
1443.070 	740.586 	-112.167 	0.469 	0.228 	-0.038 	
342.045 	-164.495 	-750.698 	0.100 	-0.049 	-0.237 	
-1074.451 	358.785 	-1332.780 	-0.331 	0.119 	-0.415 	
494.297 	425.025 	386.124 	0.165 	0.120 	0.130 	
1314.545 	103.608 	-1075.949 	0.399 	0.027 	-0.329 	
-531.172 	158.529 	-662.666 	-0.164 	0.059 	-0.215 	
-1286.354 	1182.861 	495.299 	-0.416 	0.372 	0.158 	
31.247 	-1036.401 	-1208.428 	0.020 	-0.321 	-0.389 	
919.205 	1172.052 	-700.952 	0.291 	0.366 	-0.237 	
674.832 	-534.527 	116.583 	0.207 	-0.164 	0.051 	
691.004 	-1145.977 	-900.889 	0.210 	-0.351 	-0.294 	
447.491 	-532.487 	753.071 	0.132 	-0.167 	0.233 	
573.962 	-582.687 	912.044 	0.180 	-0.175 	0.286 	
1172.344 	1274.314 	-1114.661 	0.362 	0.404 	-0.362 	
1072.064 	-214.217 	770.905 	0.344 	-0.058 	0.253 	
461.159 	-325.920 	-266.899 	0.150 	-0.093 	-0.083 	
-518.269 	-505.197 	977.909 	-0.174 	-0.154 	0.307 	
-620.659 	-262.513 	1075.594 	-0.192 	-0.095 	0.336 	
245.534 	-650.935 	-404.229 	0.080 	-0.199 	-0.131 	
-875.135 	-130.312 	-17.126 	-0.272 	-0.046 	-0.010 	
-177.090 	1085.886 	-1352.461 	-0.040 	0.349 	-0.424 	
-1018.610 	-340.051 	697.037 	-0.330 	-0.106 	0.214 	
-45.254 	-1073.386 	1110.870 	-0.014 	-0.324 	0.357 	
-532.139 	385.725 	1062.218 	-0.153 	0.128 	0.329 	
-134.140 	-40.370 	746.147 	-0.049 	-0.016 	0.234 	
931.690 	-704.977 	25.593 	0.299 	-0.227 	-0.004 	
-101.276 	-486.519 	296.939 	-0.011 	-0.147 	0.102 	
-300.407 	-476.999 	1060.730 	-0.075 	-0.146 	0.335 	
-1311.259 	-372.608 	356.522 	-0.423 	-0.117 	0.114 	
-331.260 	-891.354 	-190.589 	-0.116 	-0.271 	-0.060 	
387.941 	-1269.567 	696.362 	0.115 	-0.410 	0.214 	
475.581 	-967.469 	-273.038 	0.144 	-0.305 	-0.075 	
536.954 	-1184.579 	-159.095 	0.173 	-0.375 	-0.038 	
374.472 	67.720 	1081.914 	0.106 	0.012 	0.337 	
-1187.657 	585.882 	84.273 	-0.376 	0.181 	0.023 	
-303.116 	304.147 	563.431 	-0.079 	0.087 	0.169 	
-455.390 	-698.014 	1114.579 	-0.150 	-0.218 	0.361 	
-983.162 	-1185.945 	1004.116 	-0.308 	-0.365 	0.328 	
714.236 	810.071 	-1247.699 	0.218 	0.249 	-0.382 	
-436.000 	739.157 	-1198.418 	-0.122 	0.229 	-0.369 	
-111.076 	-1002.028 	-803.944 	-0.018 	-0.313 	-0.255 	
-49.812 	-55.585 	188.782 	0.002 	-0.029 	0.055 	
867.906 	-407.622 	243.404 	0.275 	-0.128 	0.066 	
665.870 	413.223 	-767.915 	0.226 	0.129 	-0.237 	
-872.889 	-1142.055 	688.373 	-0.265 	-0.371 	0.208 	
1422.371 	-287.403 	-1303.118 	0.459 	-0.090 	-0.414 	
-239.160 	926.103 	328.293 	-0.061 	0.294 	0.096 	
-749.977 	1057.261 	-906.850 	-0.238 	0.330 	-0.288 	
-1049.265 	697.886 	-361.369 	-0.312 	0.217 	-0.113 	
-0.004 	378.353 	-130.028 	-0.009 	0.102 	-0.040 	
-1150.841 	427.970 	102.691 	-0.345 	0.148 	0.028 	
-51.249 	-996.031 	-780.996 	-0.019 	-0.304 	-0.228 	
-922.289 	-542.833 	75.519 	-0.292 	-0.164 	0.010 	
693.571 	569.569 	-743.582 	0.233 	0.179 	-0.227 	
-897.649 	1294.361 	149.503 	-0.283 	0.398 	0.060 	
648.472 	-122.386 	-956.511 	0.210 	-0.034 	-0.298 	
-140.459 	130.105 	-289.711 	-0.037 	0.025 	-0.078 	
-1249.147 	-628.023 	-1152.191 	-0.388 	-0.209 	-0.369 	
587.296 	-234.985 	176.765 	0.177 	-0.077 	0.062 	
-1024.136 	-258.909 	1127.113 	-0.322 	-0.077 	0.356 	
1011.946 	-97.476 	963.124 	0.317 	-0.037 	0.290 	
383.453 	-87.403 	-870.816 	0.110 	-0.038 	-0.270 	
1073.750 	420.956 	-68.728 	0.326 	0.135 	-0.030 	
476.996 	209.117 	777.682 	0.141 	0.071 	0.238 	
-77.274 	588.201 	-990.690 	-0.033 	0.184 	-0.302 	
1291.966 	-968.445 	-425.626 	0.421 	-0.301 	-0.125 	
-1178.467 	-1188.337 	1250.975 	-0.375 	-0.377 	0.391 	
-1043.687 	-727.541 	-27.417 	-0.321 	-0.222 	-0.009 	
822.868 	189.048 	271.884 	0.240 	0.058 	0.085 	
1299.365 	-334.738 	363.059 	0.408 	-0.098 	0.104 	
-1089.818 	389.196 	563.721 	-0.336 	0.130 	0.192 	
64.667 	-78.316 	1.977 	0.007 	-0.022 	0.007 	
-390.398 	-767.645 	1037.717 	-0.107 	-0.233 	0.330 	
-154.555 	-627.043 	-520.438 	-0.040 	-0.202 	-0.152 	
1255.202 	-480.122 	-862.644 	0.393 	-0.163 	-0.265 	
170.431 	-756.272 	-716.877 	0.038 	-0.231 	-0.218 	
958.534 	-1058.478 	1314.111 	0.311 	-0.321 	0.409 	
-1219.282 	-508.671 	-652.683 	-0.374 	-0.148 	-0.194 	
-1080.661 	-286.434 	-421.700 	-0.348 	-0.099 	-0.127 	
142.902 	-275.306 	1011.383 	0.063 	-0.087 	0.312 	
731.632 	-743.809 	574.716 	0.247 	-0.233 	0.171 	
-672.564 	573.062 	584.714 	-0.223 	0.172 	0.187 	
-1197.962 	-687.572 	992.191 	-0.371 	-0.200 	0.314 	
-929.194 	-2.300 	301.672 	-0.294 	-0.004 	0.103 	
-770.675 	-898.541 	150.344 	-0.231 	-0.274 	0.040 	
1175.329 	1152.238 	758.202 	0.375 	0.344 	0.233 	
1155.234 	640.598 	-220.231 	0.377 	0.208 	-0.073 	
-1131.567 	-1068.210 	268.101 	-0.352 	-0.330 	0.093 	
-925.526 	300.141 	525.950 	-0.291 	0.086 	0.162 	
-781.493 	104.356 	628.173 	-0.229 	0.041 	0.202 	
-698.705 	-330.803 	-1323.405 	-0.221 	-0.112 	-0.427 	
-648.255 	-702.671 	-1024.600 	-0.207 	-0.228 	-0.328 	
1403.118 	1422.834 	-685.642 	0.446 	0.457 	-0.209 	
1348.058 	497.596 	-1068.229 	0.426 	0.148 	-0.346 	
-344.122 	-558.083 	-382.834 	-0.107 	-0.182 	-0.114 	
-367.362 	-524.981 	889.702 	-0.112 	-0.179 	0.275 	
334.354 	-70.406 	159.352 	0.117 	-0.027 	0.041 	
424.956 	155.576 	296.489 	0.140 	0.037 	0.088 	
-763.141 	823.352 	788.648 	-0.249 	0.258 	0.246 	
-878.296 	1066.416 	-1210.992 	-0.276 	0.323 	-0.381 	
-361.365 	-829.602 	-1328.211 	-0.109 	-0.247 	-0.421 	
1097.130 	-539.633 	-840.472 	0.330 	-0.165 	-0.258 	
-18.570 	5.715 	-828.328 	-0.004 	0.004 	-0.259 	
413.414 	1027.312 	426.951 	0.133 	0.330 	0.141 	
665.959 	-110.691 	-7.389 	0.223 	-0.031 	-0.004 	
542.173 	636.758 	730.274 	0.174 	0.193 	0.245 	
368.030 	-524.879 	-584.883 	0.126 	-0.161 	-0.173 	
1169.881 	-965.867 	-830.401 	0.385 	-0.305 	-0.260 	
378.709 	310.102 	-791.135 	0.122 	0.098 	-0.251 	
-872.750 	-908.886 	-26.964 	-0.265 	-0.295 	-0.007 	
744.927 	467.087 	587.277 	0.217 	0.140 	0.182 	
988.541 	400.889 	143.886 	0.327 	0.114 	0.037 	
-103.253 	-1166.178 	1058.820 	-0.027 	-0.360 	0.345 	
68.657 	431.833 	1114.712 	0.038 	0.134 	0.336 	
952.504 	-52.618 	1062.401 	0.314 	-0.014 	0.329 	
1132.434 	449.004 	-72.799 	0.350 	0.131 	-0.013 	
-757.514 	-1410.962 	1390.902 	-0.231 	-0.447 	0.446 	
-1437.470 	-1193.535 	1297.789 	-0.459 	-0.369 	0.411 	
1339.995 	1123.348 	4.783 	0.436 	0.343 	0.001 	
1385.187 	304.449 	1168.529 	0.437 	0.080 	0.373 	
539.637 	166.079 	917.722 	0.162 	0.043 	0.276 	
-902.398 	-151.419 	-1127.924 	-0.283 	-0.045 	-0.350 	
956.383 	496.377 	-413.589 	0.317 	0.156 	-0.133 	
-321.891 	696.028 	-1181.641 	-0.105 	0.208 	-0.360 	
535.039 	562.892 	-169.231 	0.164 	0.174 	-0.056 	
798.180 	-509.751 	-711.515 	0.254 	-0.154 	-0.216 	
1073.772 	992.260 	1243.751 	0.337 	0.322 	0.397 	
160.968 	1129.625 	-817.883 	0.036 	0.348 	-0.251 	
-1167.296 	211.784 	474.589 	-0.356 	0.073 	0.152 	
326.784 	-1241.582 	868.950 	0.114 	-0.387 	0.260 	
418.591 	-483.708 	-130.766 	0.124 	-0.160 	-0.040 	
992.212 	51.693 	-91.480 	0.310 	0.029 	-0.035 	
-615.522 	556.242 	-874.530 	-0.184 	0.180 	-0.280 	
639.668 	-1092.152 	623.574 	0.194 	-0.349 	0.198 	
1061.773 	1090.894 	42.147 	0.344 	0.341 	0.020 	
730.078 	-1203.567 	1087.544 	0.227 	-0.362 	0.339 	
1289.538 	-126.742 	265.409 	0.405 	-0.024 	0.091 	
1446.756 	1145.984 	755.998 	0.448 	0.359 	0.239 	
360.863 	-953.086 	529.630 	0.128 	-0.300 	0.166 	
-734.906 	-1304.456 	1233.948 	-0.233 	-0.418 	0.387 	
538.044 	-290.407 	-285.357 	0.183 	-0.078 	-0.085 	
-84.262 	42.650 	223.030 	-0.034 	0.006 	0.062 	
-1135.224 	1428.578 	1182.400 	-0.367 	0.462 	0.368 	
37.166 	120.020 	1133.005 	0.029 	0.040 	0.345 	
-165.688 	1118.131 	1046.891 	-0.057 	0.360 	0.319 	
936.519 	-1005.662 	1114.389 	0.306 	-0.326 	0.355 	
-1016.424 	-1103.021 	1098.811 	-0.321 	-0.331 	0.345 	
-1195.432 	-784.123 	902.626 	-0.377 	-0.238 	0.284 	
-911.101 	821.891 	395.456 	-0.276 	0.265 	0.131 	
-233.576 	-1384.824 	267.407 	-0.056 	-0.434 	0.081 	
152.231 	-665.683 	941.373 	0.055 	-0.204 	0.295 	
-35.957 	150.867 	136.166 	-0.015 	0.037 	0.052 	
-1063.979 	-1226.477 	-1023.310 	-0.345 	-0.385 	-0.308 	
-645.392 	-23.246 	697.636 	-0.193 	-0.016 	0.214 	
1006.204 	360.238 	149.129 	0.301 	0.114 	0.056 	
480.439 	-686.112 	901.925 	0.157 	-0.224 	0.291 	
-1025.265 	-608.609 	-873.273 	-0.314 	-0.182 	-0.268 	
66.448 	-532.451 	-265.813 	0.009 	-0.221 	-0.079 	
1357.155 	109.010 	21.076 	0.415 	0.037 	0.005 	
-644.957 	-909.464 	-866.862 	-0.196 	-0.288 	-0.261 	
1051.295 	-668.706 	63.597 	0.341 	-0.203 	0.024 	
-364.878 	924.567 	805.851 	-0.099 	0.284 	0.247 	
219.792 	-334.705 	1156.023 	0.069 	-0.101 	0.352 	
1129.450 	-154.899 	625.538 	0.359 	-0.053 	0.187 	
-364.754 	43.711 	-1358.434 	-0.107 	0.020 	-0.430 	
-621.442 	-198.343 	-39.670 	-0.193 	-0.076 	-0.004 	
285.085 	1063.106 	547.385 	0.082 	0.331 	0.175 	
-1190.996 	324.559 	-214.169 	-0.381 	0.093 	-0.073 	
689.281 	-687.743 	371.372 	0.209 	-0.205 	0.107 	
-219.269 	255.573 	-278.497 	-0.083 	0.073 	-0.089 	
995.125 	-1057.389 	204.949 	0.313 	-0.334 	0.072 	
145.796 	-255.148 	382.690 	0.032 	-0.074 	0.115 	
1298.515 	-1088.004 	441.736 	0.420 	-0.335 	0.137 	
-634.335 	127.810 	-87.679 	-0.184 	0.038 	-0.026 	
-1024.083 	111.125 	1121.594 	-0.324 	0.050 	0.347 	
1364.821 	551.450 	-160.409 	0.429 	0.160 	-0.034 	
-837.675 	1021.487 	-645.341 	-0.252 	0.327 	-0.195 	
-841.127 	1001.883 	-367.082 	-0.246 	0.313 	-0.116 	
997.052 	-348.974 	-141.495 	0.304 	-0.091 	-0.040 	
-1080.949 	231.059 	1011.409 	-0.330 	0.077 	0.316 	
1095.524 	-669.555 	-1324.935 	0.360 	-0.201 	-0.415 	
-941.043 	-1283.839 	-701.584 	-0.293 	-0.396 	-0.219 	
-296.566 	-144.790 	1006.220 	-0.079 	-0.046 	0.306 	
-73.138 	-666.247 	-70.529 	-0.027 	-0.205 	-0.038 	
-128.034 	-179.064 	483.252 	-0.025 	-0.057 	0.162 	
785.018 	347.164 	299.726 	0.258 	0.114 	0.103 	
483.673 	-1069.447 	-10.935 	0.164 	-0.321 	0.005 	
736.762 	-1180.814 	-1150.862 	0.217 	-0.370 	-0.362 	
-777.540 	1178.504 	-327.761 	-0.240 	0.360 	-0.107 	
-997.343 	1079.112 	303.013 	-0.298 	0.347 	0.092 	
-6.561 	-101.008 	-352.408 	0.002 	-0.035 	-0.116 	
-108.229 	-1045.903 	782.684 	-0.015 	-0.323 	0.242 	
354.843 	-429.497 	1165.511 	0.109 	-0.125 	0.375 	
1145.431 	913.090 	-1216.887 	0.371 	0.299 	-0.385 	
29.359 	-683.250 	-284.766 	0.007 	-0.214 	-0.075 	
1353.447 	960.787 	-33.693 	0.441 	0.296 	-0.014 	
-541.268 	806.964 	-1419.858 	-0.154 	0.246 	-0.444 	
-40.411 	119.866 	-251.192 	-0.015 	0.023 	-0.085 	
-1098.867 	-260.680 	455.639 	-0.327 	-0.085 	0.146 	
626.312 	-146.851 	9.577 	0.191 	-0.062 	0.000 	
-382.133 	-265.411 	1139.616 	-0.123 	-0.083 	0.338 	
-223.116 	54.642 	-1367.587 	-0.066 	0.026 	-0.428 	
1069.495 	430.021 	497.052 	0.319 	0.137 	0.149 	
-1125.114 	-705.424 	-1492.647 	-0.345 	-0.218 	-0.482 	
1252.567 	-272.727 	292.950 	0.385 	-0.075 	0.096 	
778.297 	-1255.803 	168.049 	0.244 	-0.396 	0.066 	
623.728 	1207.793 	-809.013 	0.211 	0.368 	-0.248 	
1028.397 	300.714 	-871.068 	0.314 	0.105 	-0.266 	
31.432 	-1392.656 	1218.924 	0.020 	-0.447 	0.377 	
453.676 	-430.701 	424.614 	0.161 	-0.133 	0.129 	
19.654 	1335.034 	606.411 	0.024 	0.418 	0.193 	
1065.533 	-696.373 	-833.866 	0.350 	-0.222 	-0.261 	
529.938 	1240.192 	-83.562 	0.175 	0.389 	-0.012 	
674.614 	360.957 	-404.325 	0.196 	0.115 	-0.123 	
1110.417 	1252.191 	-307.244 	0.339 	0.379 	-0.095 	
574.156 	661.270 	-415.296 	0.200 	0.205 	-0.127 	
424.447 	-335.703 	-175.249 	0.150 	-0.116 	-0.056 	
390.204 	-286.618 	474.251 	0.124 	-0.090 	0.128 	
-346.045 	-905.881 	-585.784 	-0.118 	-0.284 	-0.172 	
-1328.661 	-450.311 	980.898 	-0.405 	-0.133 	0.304 	
-1131.988 	-956.846 	-104.369 	-0.347 	-0.307 	-0.044 	
319.458 	1130.761 	618.711 	0.096 	0.363 	0.191 	
-257.073 	-389.279 	528.893 	-0.094 	-0.120 	0.164 	
732.266 	-1262.205 	161.247 	0.238 	-0.396 	0.055 	
-1219.936 	-532.240 	821.208 	-0.424 	-0.164 	0.251 	
1021.457 	-1152.451 	-1243.817 	0.271 	-0.372 	-0.382 	
-1122.967 	-519.335 	-1045.963 	-0.405 	-0.151 	-0.328 	
-342.608 	-1169.313 	542.543 	-0.149 	-0.357 	0.184 	
950.035 	670.617 	-164.874 	0.234 	0.199 	-0.056 	
-705.215 	-1104.539 	659.149 	-0.284 	-0.348 	0.212 	
1523.112 	-1124.500 	-1161.024 	0.430 	-0.362 	-0.371 	
1098.530 	-781.536 	674.969 	0.291 	-0.245 	0.224 	
-342.976 	-704.199 	-1162.923 	-0.174 	-0.211 	-0.362 	
654.839 	673.495 	-906.055 	0.146 	0.209 	-0.292 	
1089.726 	402.851 	153.899 	0.295 	0.135 	0.037 	
316.166 	61.067 	311.863 	0.025 	0.008 	0.096 	
-1193.446 	1177.637 	1274.965 	-0.436 	0.366 	0.392 	
595.379 	-950.683 	491.457 	0.115 	-0.298 	0.155 	
557.358 	1417.935 	1293.925 	0.124 	0.449 	0.394 	
-7.583 	1093.636 	820.450 	-0.045 	0.344 	0.245 	
971.161 	-403.797 	514.802 	0.262 	-0.119 	0.168 	
409.884 	-1333.548 	1255.649 	0.060 	-0.416 	0.394 	
-90.558 	1254.094 	425.810 	-0.077 	0.391 	0.147 	
781.206 	-1248.028 	1146.646 	0.196 	-0.398 	0.353 	
316.502 	347.915 	630.222 	0.039 	0.108 	0.199 	
-474.763 	1287.637 	-1302.042 	-0.188 	0.399 	-0.405 	
410.138 	430.748 	24.138 	0.092 	0.138 	0.009 	
1062.454 	63.455 	-145.606 	0.267 	0.029 	-0.055 	
-1345.172 	499.759 	-737.846 	-0.490 	0.158 	-0.230 	
229.340 	972.764 	585.868 	0.010 	0.310 	0.193 	
208.971 	-436.235 	-2.283 	0.015 	-0.146 	0.004 	
-43.763 	-979.157 	-189.224 	-0.073 	-0.313 	-0.051 	
-821.491 	-240.664 	-287.816 	-0.325 	-0.073 	-0.092 	
-338.522 	620.590 	-1297.053 	-0.147 	0.189 	-0.402 	
309.343 	477.851 	-238.873 	0.058 	0.146 	-0.064 	
-443.771 	1255.654 	379.283 	-0.180 	0.403 	0.127 	
-784.731 	914.650 	-1157.353 	-0.312 	0.283 	-0.371 	
125.479 	1171.914 	979.479 	-0.019 	0.369 	0.296 	
473.766 	-1312.711 	1125.712 	0.092 	-0.402 	0.353 	
432.835 	-1093.283 	132.978 	0.089 	-0.333 	0.050 	
284.836 	-224.020 	-1023.783 	0.026 	-0.064 	-0.319 	
-950.503 	382.071 	1175.842 	-0.359 	0.108 	0.376 	
-1301.987 	839.067 	1.503 	-0.468 	0.245 	0.005 	
1212.055 	41.242 	-828.703 	0.331 	0.013 	-0.246 	
-547.251 	-534.868 	-736.235 	-0.220 	-0.155 	-0.237 	
-895.854 	-705.865 	-408.754 	-0.320 	-0.207 	-0.128 	
821.233 	-1216.750 	-750.194 	0.190 	-0.377 	-0.236 	
-885.895 	379.214 	-845.823 	-0.326 	0.124 	-0.249 	
-449.702 	-236.068 	-337.463 	-0.206 	-0.062 	-0.112 	
1224.256 	1348.247 	-731.543 	0.335 	0.435 	-0.219 	
612.155 	-882.902 	-746.202 	0.138 	-0.268 	-0.243 	
-828.200 	1100.868 	-1173.311 	-0.313 	0.331 	-0.373 	
-317.514 	-647.895 	-532.570 	-0.133 	-0.204 	-0.166 	
109.517 	-199.560 	384.737 	-0.035 	-0.066 	0.119 	
88.698 	13.966 	60.104 	-0.029 	0.010 	0.015 	
559.881 	1414.113 	-113.750 	0.139 	0.446 	-0.035 	
578.490 	-828.134 	-407.435 	0.145 	-0.258 	-0.124 	
927.195 	571.237 	465.708 	0.233 	0.181 	0.144 	
-1012.075 	-191.440 	762.485 	-0.371 	-0.044 	0.228 	
-281.513 	877.956 	790.272 	-0.137 	0.284 	0.258 	
-824.150 	572.060 	1002.654 	-0.328 	0.180 	0.310 	
-352.256 	-281.168 	-562.633 	-0.154 	-0.076 	-0.167 	
-813.627 	-601.825 	-483.803 	-0.294 	-0.201 	-0.151 	
-818.228 	-8.133 	138.418 	-0.306 	0.009 	0.034 	
-259.806 	-1152.874 	368.706 	-0.121 	-0.349 	0.123 	
435.882 	-160.789 	-33.965 	0.086 	-0.049 	-0.015 	
774.932 	406.527 	691.678 	0.205 	0.127 	0.204 	
84.778 	-150.706 	-1195.208 	-0.040 	-0.039 	-0.368 	
32.242 	-647.381 	-553.484 	-0.035 	-0.190 	-0.176 	
683.684 	-87.480 	1160.056 	0.164 	-0.030 	0.361 	
248.591 	-355.298 	210.033 	0.013 	-0.114 	0.079 	
223.338 	-1140.244 	1225.200 	0.023 	-0.347 	0.388 	
499.007 	237.032 	577.974 	0.104 	0.078 	0.179 	
192.833 	-1052.813 	-125.609 	-0.008 	-0.329 	-0.041 	
150.285 	-1053.484 	-550.297 	-0.019 	-0.323 	-0.175 	
-1064.544 	-1040.444 	-89.203 	-0.387 	-0.314 	-0.024 	
-1060.382 	-811.863 	-366.595 	-0.401 	-0.255 	-0.113 	
1209.527 	-1130.430 	-287.539 	0.338 	-0.359 	-0.101 	
-184.986 	-512.192 	-626.509 	-0.117 	-0.172 	-0.201 	
-202.885 	-188.684 	87.240 	-0.130 	-0.064 	0.029 	
-386.796 	982.335 	-689.169 	-0.167 	0.315 	-0.222 	
-485.640 	455.410 	428.925 	-0.211 	0.152 	0.125 	
-162.420 	365.802 	-667.753 	-0.118 	0.122 	-0.207 	
-999.984 	-828.264 	549.942 	-0.354 	-0.251 	0.170 	
677.137 	-917.096 	-233.514 	0.170 	-0.283 	-0.064 	
1039.273 	249.481 	976.075 	0.260 	0.084 	0.304 	
-1045.121 	706.922 	923.205 	-0.370 	0.220 	0.280 	
-460.621 	327.372 	387.837 	-0.214 	0.101 	0.118 	
-628.730 	-1010.780 	1401.686 	-0.243 	-0.301 	0.442 	
-677.696 	-728.233 	83.154 	-0.266 	-0.234 	0.039 	
-760.592 	131.909 	-973.473 	-0.285 	0.040 	-0.307 	
1144.899 	17.917 	-1040.791 	0.320 	0.002 	-0.321 	
272.530 	451.412 	1167.112 	0.042 	0.149 	0.359 	
-703.922 	674.359 	609.343 	-0.265 	0.204 	0.182 	
-376.067 	684.155 	901.604 	-0.153 	0.211 	0.281 	
-1105.259 	998.595 	192.833 	-0.402 	0.329 	0.063 	
-278.506 	-436.116 	-569.498 	-0.133 	-0.149 	-0.164 	
-374.547 	-1027.765 	245.827 	-0.172 	-0.318 	0.091 	
1379.078 	1149.945 	-864.347 	0.397 	0.365 	-0.271 	
139.206 	-882.529 	-835.932 	0.005 	-0.274 	-0.273 	
-646.680 	-1156.359 	-1022.012 	-0.255 	-0.376 	-0.314 	
518.792 	1462.114 	-571.247 	0.102 	0.464 	-0.188 	
430.990 	-750.367 	1054.274 	0.072 	-0.240 	0.331 	
1458.342 	-111.135 	-858.293 	0.417 	-0.040 	-0.271 	
495.848 	-187.066 	224.153 	0.091 	-0.059 	0.069 	
387.041 	1289.558 	-690.392 	0.059 	0.406 	-0.218 	
-818.703 	-542.355 	-519.587 	-0.304 	-0.152 	-0.159 	
-436.766 	1203.515 	-306.927 	-0.191 	0.358 	-0.089 	
-411.064 	-251.957 	-1083.916 	-0.173 	-0.077 	-0.337 	
650.072 	-1240.752 	-583.789 	0.159 	-0.396 	-0.173 	
934.238 	-350.942 	-31.992 	0.233 	-0.098 	0.001 	
1330.972 	16.312 	778.244 	0.377 	0.006 	0.244 	
734.825 	972.564 	-1317.072 	0.193 	0.303 	-0.417 	
-994.843 	388.086 	860.782 	-0.347 	0.123 	0.265 	
-93.281 	-3.329 	355.731 	-0.070 	0.002 	0.117 	
-343.048 	1026.691 	889.696 	-0.167 	0.325 	0.280 	
1458.579 	1130.740 	-247.797 	0.409 	0.356 	-0.081 	
-1094.812 	167.256 	880.870 	-0.399 	0.038 	0.271 	
-1298.657 	334.491 	-973.277 	-0.448 	0.110 	-0.306 	
-814.636 	-473.806 	-208.421 	-0.309 	-0.153 	-0.070 	
494.261 	412.031 	-566.922 	0.089 	0.129 	-0.186 	
1052.772 	1293.419 	-837.355 	0.281 	0.416 	-0.272 	
-835.770 	543.852 	-31.556 	-0.316 	0.158 	-0.016 	
291.281 	108.367 	263.871 	0.025 	0.028 	0.081 	
308.695 	-1035.577 	-526.262 	0.028 	-0.324 	-0.167 	
-960.231 	-158.657 	-669.939 	-0.364 	-0.048 	-0.200 	
1462.232 	876.903 	-832.664 	0.421 	0.282 	-0.264 	
995.478 	198.231 	738.045 	0.264 	0.071 	0.218 	
419.237 	1179.790 	247.703 	0.073 	0.357 	0.074 	
500.272 	-312.238 	-494.621 	0.094 	-0.104 	-0.143 	
1148.000 	1017.854 	-893.825 	0.295 	0.322 	-0.280 	
1357.221 	311.402 	-390.139 	0.386 	0.099 	-0.121 	
-722.905 	365.449 	-259.587 	-0.292 	0.101 	-0.073 	
-497.603 	-1151.933 	-327.641 	-0.204 	-0.345 	-0.107 	
746.691 	1374.582 	-1304.004 	0.178 	0.437 	-0.407 	
1280.317 	479.696 	-334.469 	0.349 	0.160 	-0.104 	
-852.727 	-804.603 	-803.442 	-0.326 	-0.253 	-0.240 	
-1155.193 	74.899 	685.040 	-0.429 	0.027 	0.222 	
1390.420 	-730.430 	1102.966 	0.396 	-0.227 	0.334 	
1112.650 	79.584 	564.345 	0.280 	0.027 	0.178 	
379.133 	993.739 	793.779 	0.072 	0.320 	0.251 	
-1151.284 	1117.067 	-871.636 	-0.424 	0.346 	-0.285 	
-1138.736 	108.610 	1258.845 	-0.391 	0.034 	0.396 	
1312.349 	-889.092 	-578.892 	0.359 	-0.292 	-0.184 	
-486.161 	535.243 	543.847 	-0.222 	0.166 	0.175 	
758.550 	867.326 	338.342 	0.182 	0.269 	0.112 	
1057.933 	-164.427 	490.026 	0.288 	-0.056 	0.155 	
989.394 	441.859 	478.657 	0.247 	0.125 	0.139 	
-909.414 	-271.904 	1166.107 	-0.327 	-0.086 	0.375 	
1379.341 	-1029.177 	622.173 	0.386 	-0.319 	0.198 	
-213.034 	903.878 	-1220.366 	-0.132 	0.282 	-0.382 	
-898.203 	-1001.607 	1602.047 	-0.415 	-0.367 	0.616 	
293.717 	719.511 	36.492 	0.048 	0.222 	0.008 	
397.080 	3.216 	164.297 	0.080 	0.008 	0.061 	
573.811 	1000.182 	1251.426 	0.139 	0.325 	0.391 	
-902.635 	138.998 	-97.550 	-0.342 	0.057 	-0.028 	
-1210.657 	385.697 	-1194.672 	-0.429 	0.124 	-0.367 	
565.300 	649.770 	197.042 	0.136 	0.204 	0.061 	
-279.324 	-911.469 	340.887 	-0.147 	-0.292 	0.102 	
763.270 	-237.425 	-524.701 	0.200 	-0.077 	-0.161 	
-233.564 	-161.015 	925.962 	-0.126 	-0.058 	0.278 	
-1001.637 	950.328 	1265.806 	-0.360 	0.305 	0.408 	
897.097 	-666.593 	78.351 	0.233 	-0.205 	0.040 	
-865.628 	-616.073 	-330.737 	-0.335 	-0.188 	-0.103 	
199.340 	1014.454 	558.851 	0.002 	0.315 	0.173 	
-390.988 	-335.014 	-1223.358 	-0.157 	-0.105 	-0.378 	
-765.807 	49.893 	-1026.359 	-0.307 	0.024 	-0.319 	
144.121 	700.138 	87.317 	0.001 	0.226 	0.025 	
-656.486 	-659.108 	28.383 	-0.265 	-0.194 	0.021 	
-1029.735 	-1215.011 	1293.504 	-0.380 	-0.380 	0.419 	
387.466 	-3.329 	435.212 	0.074 	-0.003 	0.139 	
1394.891 	564.971 	-486.044 	0.378 	0.172 	-0.148 	
1409.590 	-902.807 	932.475 	0.396 	-0.288 	0.293 	
-1269.714 	-695.040 	-6.454 	-0.448 	-0.206 	-0.006 	
-418.969 	203.981 	-1002.692 	-0.196 	0.065 	-0.302 	
151.401 	-105.000 	607.841 	-0.017 	-0.025 	0.196 	
1100.567 	-416.845 	-226.416 	0.274 	-0.137 	-0.071 	
246.022 	-23.509 	-827.475 	0.032 	-0.006 	-0.261 	
1491.088 	-1159.146 	-1465.959 	0.419 	-0.358 	-0.472 	
-34.760 	-785.455 	-267.273 	-0.059 	-0.230 	-0.095 	
-577.626 	1064.127 	1152.168 	-0.226 	0.331 	0.357 	
1013.397 	155.518 	-1009.228 	0.251 	0.048 	-0.317 	
-327.245 	1043.707 	615.521 	-0.166 	0.327 	0.186 	
-831.484 	-318.847 	-512.257 	-0.321 	-0.094 	-0.173 	
161.977 	43.368 	326.888 	-0.012 	0.008 	0.087 	
-366.915 	-589.710 	749.295 	-0.177 	-0.178 	0.233 	
-2.291 	769.346 	266.835 	-0.053 	0.224 	0.089 	
406.600 	-194.297 	-806.228 	0.059 	-0.070 	-0.245 	
-416.641 	-454.997 	1022.093 	-0.181 	-0.125 	0.321 	
1364.706 	-416.706 	-1332.735 	0.378 	-0.141 	-0.414 	
1337.321 	-40.979 	-1101.995 	0.377 	-0.015 	-0.358 	
726.243 	28.944 	1239.333 	0.159 	0.014 	0.386 	
-203.747 	-725.622 	-593.089 	-0.114 	-0.224 	-0.168 	
552.012 	-1368.313 	1187.970 	0.122 	-0.411 	0.370 	
-942.223 	-521.608 	1182.649 	-0.335 	-0.164 	0.364 	
-509.485 	-153.189 	-1090.857 	-0.213 	-0.041 	-0.335 	
11.550 	1084.934 	67.579 	-0.061 	0.345 	0.031 	
581.980 	545.950 	-1130.214 	0.130 	0.164 	-0.351 	
824.136 	807.671 	-1082.864 	0.212 	0.262 	-0.340 	
-1264.924 	176.795 	772.767 	-0.444 	0.059 	0.242 	
-754.470 	-165.400 	1009.156 	-0.290 	-0.070 	0.311 	
80.056 	822.674 	615.647 	-0.042 	0.256 	0.202 	
-88.845 	1274.442 	1159.570 	-0.065 	0.397 	0.362 	
-741.633 	-408.706 	1229.962 	-0.295 	-0.131 	0.380 	
851.634 	727.561 	-381.802 	0.203 	0.225 	-0.112 	
54.456 	-340.330 	383.106 	-0.051 	-0.095 	0.118 	
-770.693 	1164.448 	-1094.655 	-0.295 	0.375 	-0.336 	
1200.453 	957.300 	133.991 	0.339 	0.301 	0.043 	
1027.789 	1157.314 	411.144 	0.286 	0.361 	0.132 	
-1074.808 	-1179.699 	-618.218 	-0.401 	-0.376 	-0.194 	
1336.840 	-748.817 	768.991 	0.352 	-0.246 	0.241 	
-345.228 	-203.382 	195.348 	-0.142 	-0.064 	0.058 	
-919.506 	288.263 	540.316 	-0.359 	0.089 	0.167 	
-1060.636 	-435.152 	115.952 	-0.401 	-0.136 	0.037 	
1373.110 	717.109 	1111.681 	0.384 	0.220 	0.337 	
1436.834 	-444.047 	-81.271 	0.397 	-0.138 	-0.033 	
380.797 	-1096.215 	-374.860 	0.084 	-0.339 	-0.117 	
-649.979 	585.124 	-380.090 	-0.242 	0.177 	-0.124 	
-55.790 	-1029.047 	-1150.792 	-0.088 	-0.322 	-0.362 	
-1340.185 	-469.558 	1127.785 	-0.479 	-0.157 	0.341 	
-890.654 	240.119 	721.119 	-0.347 	0.075 	0.220 	
401.549 	-989.337 	583.345 	0.059 	-0.314 	0.190 	
11.485 	-722.859 	106.463 	-0.047 	-0.212 	0.040 	
-85.984 	-140.011 	-431.876 	-0.063 	-0.041 	-0.132 	
272.274 	-557.671 	322.988 	0.017 	-0.162 	0.100 	
-831.368 	-633.296 	26.290 	-0.307 	-0.201 	0.022 	
-1140.079 	553.252 	-212.740 	-0.428 	0.174 	-0.059 	
-892.417 	-933.741 	-808.373 	-0.331 	-0.300 	-0.251 	
1393.807 	-1208.040 	338.563 	0.395 	-0.385 	0.107 	
-423.426 	1193.078 	377.287 	-0.190 	0.363 	0.130 	
-890.838 	-362.703 	-57.609 	-0.317 	-0.128 	-0.014 	
1382.253 	-414.195 	1228.873 	0.381 	-0.135 	0.392 	
319.490 	164.514 	901.772 	0.056 	0.043 	0.289 	
504.513 	-242.639 	-913.927 	0.098 	-0.084 	-0.275 	
-197.402 	629.854 	38.180 	-0.122 	0.199 	0.007 	
1534.487 	1249.638 	762.077 	0.422 	0.398 	0.230 	
-824.387 	-491.927 	1653.687 	-0.325 	-0.162 	0.541 	
-976.152 	281.562 	-846.004 	-0.345 	0.084 	-0.265 	
-478.541 	-163.810 	444.119 	-0.213 	-0.037 	0.141 	
1425.648 	-607.939 	-1062.076 	0.384 	-0.188 	-0.329 	
-662.896 	524.208 	142.113 	-0.257 	0.160 	0.040 	
-261.183 	821.043 	70.888 	-0.140 	0.242 	0.022 	
394.891 	163.990 	1158.119 	0.078 	0.066 	0.357 	
-300.430 	-628.109 	411.564 	-0.137 	-0.202 	0.131 	
-640.518 	754.073 	558.881 	-0.241 	0.227 	0.183 	
658.026 	477.692 	326.123 	0.153 	0.144 	0.120 	
-47.726 	-83.345 	459.716 	-0.079 	-0.020 	0.150 	
1270.513 	-828.632 	928.786 	0.335 	-0.254 	0.299 	
426.162 	1115.525 	-60.405 	0.091 	0.352 	-0.013 	
-629.570 	534.709 	726.570 	-0.244 	0.177 	0.221 	
-1166.068 	-384.253 	-1074.508 	-0.411 	-0.110 	-0.337 	
1328.581 	586.553 	825.485 	0.357 	0.199 	0.253 	
822.123 	-877.882 	-444.808 	0.219 	-0.270 	-0.141 	
-469.545 	-113.871 	821.924 	-0.203 	-0.029 	0.240 	
31.127 	-551.832 	1293.593 	-0.051 	-0.182 	0.390 	
-86.758 	-1027.404 	1158.339 	-0.079 	-0.333 	0.345 	
-1165.365 	868.836 	-888.577 	-0.409 	0.264 	-0.286 	
1026.662 	-248.222 	-185.435 	0.283 	-0.080 	-0.052 	
523.833 	573.375 	633.001 	0.113 	0.194 	0.207 	
-229.480 	-456.806 	-712.569 	-0.125 	-0.155 	-0.213 	
-386.118 	-266.393 	365.673 	-0.188 	-0.081 	0.115 	
-916.357 	137.005 	189.301 	-0.320 	0.041 	0.062 	
942.422 	-143.223 	-136.120 	0.236 	-0.051 	-0.040 	
745.382 	-581.969 	743.338 	0.193 	-0.178 	0.236 	
-200.609 	-558.509 	866.190 	-0.131 	-0.182 	0.267 	
-1234.599 	4.063 	949.768 	-0.442 	0.002 	0.295 	
-619.992 	206.249 	297.692 	-0.262 	0.068 	0.093 	
1307.036 	-862.422 	-25.065 	0.347 	-0.282 	-0.012 	
-128.382 	294.572 	-706.250 	-0.097 	0.079 	-0.209 	
-321.721 	490.930 	1200.934 	-0.140 	0.145 	0.377 	
1054.126 	-830.070 	-280.810 	0.281 	-0.258 	-0.083 	
1392.917 	-151.541 	-632.972 	0.393 	-0.052 	-0.188 	
1236.457 	1108.657 	1423.425 	0.329 	0.344 	0.447 	
1097.121 	-1339.542 	-710.125 	0.291 	-0.415 	-0.210 	
1189.388 	391.817 	418.860 	0.332 	0.120 	0.124 	
1457.648 	-757.133 	431.304 	0.420 	-0.236 	0.136 	
255.723 	-1029.840 	767.441 	0.032 	-0.308 	0.243 	
456.904 	125.419 	-965.388 	0.106 	0.040 	-0.303 	
1316.865 	861.481 	614.876 	0.348 	0.273 	0.202 	
-269.489 	-250.034 	3.357 	-0.151 	-0.082 	0.005 	
-799.892 	81.530 	-909.768 	-0.308 	0.015 	-0.296 	
285.102 	618.969 	428.277 	0.026 	0.199 	0.147 	
-787.940 	32.600 	917.705 	-0.299 	0.027 	0.286 	
-372.168 	-422.277 	1193.744 	-0.175 	-0.150 	0.366 	
-1181.808 	629.262 	350.838 	-0.433 	0.204 	0.112 	
-1247.611 	639.664 	1076.872 	-0.429 	0.198 	0.341 	
-340.255 	-198.172 	958.028 	-0.162 	-0.052 	0.290 	
1422.410 	-899.901 	-1048.461 	0.384 	-0.281 	-0.342 	
276.201 	-1299.548 	1315.981 	0.019 	-0.411 	0.411 	
-596.085 	691.580 	249.344 	-0.232 	0.216 	0.075 	
-1135.109 	476.532 	981.391 	-0.392 	0.147 	0.311 	
-874.275 	-17.551 	773.917 	-0.308 	-0.001 	0.241 	
172.486 	622.459 	790.501 	-0.014 	0.185 	0.248 	
356.441 	-398.843 	-137.638 	0.070 	-0.124 	-0.042 	
403.619 	203.451 	193.491 	0.066 	0.048 	0.059 	
-328.934 	-957.164 	464.598 	-0.142 	-0.309 	0.141 	
468.706 	-247.392 	428.703 	0.097 	-0.078 	0.123 	
975.031 	348.974 	737.822 	0.265 	0.113 	0.218 	
654.533 	136.023 	-755.978 	0.144 	0.044 	-0.236 	
365.933 	64.517 	-394.631 	0.059 	0.026 	-0.127 	
-1272.750 	-977.444 	1328.713 	-0.461 	-0.309 	0.426 	
-759.361 	1219.538 	768.597 	-0.294 	0.375 	0.250 	
-403.759 	-1147.643 	954.657 	-0.173 	-0.353 	0.295 	
-144.836 	-255.757 	914.256 	-0.098 	-0.094 	0.273 	
-250.818 	-230.043 	-295.898 	-0.147 	-0.076 	-0.099 	
1530.641 	468.893 	1316.269 	0.436 	0.151 	0.411 	
-252.509 	-1166.315 	-1150.757 	-0.117 	-0.364 	-0.363 	
664.146 	1341.363 	-169.210 	0.157 	0.430 	-0.061 	
466.017 	1384.481 	-1308.958 	0.105 	0.438 	-0.402 	
-106.298 	904.456 	515.039 	-0.082 	0.288 	0.163 	
-400.286 	854.323 	-107.045 	-0.179 	0.263 	-0.048 	
271.198 	541.319 	-1456.302 	0.033 	0.163 	-0.470 	
-467.321 	160.178 	-392.157 	-0.187 	0.055 	-0.118 	
72.017 	106.082 	-830.211 	-0.021 	0.034 	-0.269 	
1080.588 	804.083 	-378.950 	0.302 	0.249 	-0.119 	
-1144.736 	831.748 	-822.550 	-0.415 	0.265 	-0.270 	
1289.347 	1213.246 	751.398 	0.370 	0.378 	0.237 	
-804.745 	836.478 	851.241 	-0.313 	0.257 	0.280 	
546.840 	465.873 	955.352 	0.106 	0.134 	0.298 	
-1308.685 	835.038 	-741.618 	-0.471 	0.268 	-0.237 	
-690.556 	1204.754 	-445.184 	-0.259 	0.373 	-0.129 	
-726.492 	549.100 	386.186 	-0.267 	0.166 	0.132 	
-24.607 	-454.820 	680.019 	-0.065 	-0.127 	0.199 	
88.769 	-554.742 	-1146.221 	-0.026 	-0.156 	-0.357 	
-1201.362 	-382.921 	-634.051 	-0.415 	-0.121 	-0.207 	
957.154 	135.036 	-215.777 	0.252 	0.047 	-0.050 	
1068.390 	-3.722 	-157.528 	0.277 	-0.010 	-0.033 	
-441.877 	-236.740 	1153.229 	-0.199 	-0.079 	0.354 	
1235.464 	-804.221 	-743.189 	0.340 	-0.241 	-0.242 	
545.769 	-162.888 	644.125 	0.111 	-0.045 	0.200 	
1456.213 	-1240.085 	-730.762 	0.415 	-0.379 	-0.238 	
514.595 	-909.579 	147.204 	0.110 	-0.281 	0.035 	
-253.132 	-1153.462 	69.056 	-0.136 	-0.363 	0.021 	
447.230 	1137.614 	-159.642 	0.098 	0.340 	-0.050 	
866.413 	-245.323 	-258.351 	0.214 	-0.062 	-0.076 	
-422.221 	-165.471 	45.886 	-0.178 	-0.062 	0.021 	
-62.571 	836.223 	-211.750 	-0.087 	0.266 	-0.066 	
833.619 	-989.113 	-1272.790 	0.221 	-0.316 	-0.410 	
-981.618 	933.160 	307.405 	-0.367 	0.291 	0.113 	
-131.072 	-596.903 	891.793 	-0.102 	-0.179 	0.264 	
689.454 	735.612 	-33.542 	0.146 	0.232 	-0.015 	
985.204 	1165.038 	-1058.246 	0.252 	0.372 	-0.327 	
-1069.910 	228.506 	9.706 	-0.391 	0.057 	0.011 	
975.245 	699.337 	189.690 	0.251 	0.209 	0.070 	
-1273.933 	1303.226 	1316.990 	-0.460 	0.399 	0.418 	
290.692 	222.936 	510.340 	0.048 	0.068 	0.148 	
828.882 	-323.889 	-147.234 	0.199 	-0.109 	-0.038 	
1256.243 	692.110 	1034.239 	0.328 	0.218 	0.321 	
-81.444 	-155.970 	-175.936 	-0.089 	-0.057 	-0.040 	
1251.745 	-1001.183 	-994.441 	0.354 	-0.311 	-0.311 	
1047.858 	-37.060 	-495.524 	0.277 	-0.009 	-0.159 	
-1061.967 	-1135.544 	-197.268 	-0.386 	-0.354 	-0.047 	
-928.407 	1153.106 	1211.740 	-0.349 	0.376 	0.371 	
867.289 	-1393.902 	892.878 	0.218 	-0.453 	0.277 	
949.171 	-892.979 	-166.004 	0.241 	-0.277 	-0.039 	
1444.633 	-1220.191 	1209.919 	0.415 	-0.381 	0.375 	
-473.229 	-241.658 	-516.693 	-0.198 	-0.070 	-0.157 	
1549.300 	1191.964 	785.872 	0.451 	0.379 	0.239 	
815.213 	603.041 	-555.733 	0.186 	0.188 	-0.178 	
98.614 	1029.378 	-390.598 	-0.016 	0.330 	-0.116 	
-1319.923 	268.084 	-535.748 	-0.477 	0.083 	-0.158 	
-1510.473 	1180.101 	1966.252 	-0.522 	0.378 	0.617 	
551.213 	-257.794 	1074.747 	0.136 	-0.078 	0.331 	
-560.172 	-289.525 	-382.154 	-0.244 	-0.086 	-0.114 	
-1219.075 	504.224 	1042.421 	-0.420 	0.160 	0.323 	
-519.153 	636.442 	-696.444 	-0.212 	0.199 	-0.233 	
38.190 	167.752 	-234.906 	-0.026 	0.046 	-0.075 	
-1084.370 	-189.707 	-615.833 	-0.402 	-0.054 	-0.192 	
125.830 	-360.114 	-198.429 	-0.015 	-0.122 	-0.067 	
1462.995 	-157.967 	-73.954 	0.409 	-0.049 	-0.036 	
-163.335 	360.842 	211.006 	-0.115 	0.109 	0.082 	
684.514 	-1016.451 	-112.765 	0.145 	-0.315 	-0.042 	
984.775 	-1191.455 	-530.622 	0.261 	-0.368 	-0.179 	
-645.911 	-789.640 	535.673 	-0.242 	-0.250 	0.164 	
-176.538 	815.705 	1036.258 	-0.109 	0.245 	0.320 	
789.692 	1292.846 	880.459 	0.195 	0.420 	0.275 	
-1342.555 	655.653 	-146.364 	-0.475 	0.218 	-0.052 	
-39.129 	46.919 	-924.892 	-0.069 	0.006 	-0.284 	
-560.728 	474.639 	-1234.041 	-0.222 	0.136 	-0.377 	
-1077.421 	-349.435 	173.010 	-0.399 	-0.119 	0.055 	
674.541 	472.917 	492.100 	0.160 	0.153 	0.140 	
392.463 	-261.768 	-1018.887 	0.059 	-0.088 	-0.315 	
324.269 	969.604 	493.386 	0.054 	0.297 	0.149 	
133.777 	351.815 	702.779 	-0.016 	0.120 	0.213 	
-479.378 	-852.289 	875.924 	-0.201 	-0.262 	0.279 	
95.600 	-158.722 	-468.748 	-0.030 	-0.051 	-0.139 	
-239.329 	1284.063 	772.953 	-0.139 	0.389 	0.249 	
-642.942 	306.839 	-111.362 	-0.246 	0.088 	-0.022 	
-1062.483 	-715.813 	117.611 	-0.402 	-0.219 	0.037 	
986.873 	-499.846 	-1357.477 	0.264 	-0.155 	-0.431 	
-1025.423 	1492.796 	-668.680 	-0.382 	0.482 	-0.204 	
-468.830 	593.694 	-1251.804 	-0.184 	0.189 	-0.391 	
1037.505 	-615.699 	-219.117 	0.269 	-0.180 	-0.062 	
232.026 	251.997 	-227.074 	0.013 	0.087 	-0.071 	
-267.389 	1099.583 	-534.992 	-0.144 	0.344 	-0.165 	
-204.695 	138.208 	905.659 	-0.123 	0.053 	0.274 	
-885.221 	-990.475 	1190.483 	-0.344 	-0.302 	0.373 	
706.488 	935.653 	845.368 	0.176 	0.277 	0.262 	
232.889 	844.375 	1104.716 	0.030 	0.261 	0.352 	
565.523 	615.915 	-724.403 	0.115 	0.178 	-0.226 	
907.553 	703.895 	-1181.994 	0.233 	0.218 	-0.378 	
193.637 	-494.509 	-1032.248 	0.005 	-0.168 	-0.321 	
-886.839 	691.050 	-469.893 	-0.344 	0.207 	-0.143 	
730.438 	50.059 	-18.117 	0.182 	0.019 	0.001 	
-972.465 	1085.302 	59.482 	-0.377 	0.335 	0.023 	
-437.648 	-1020.224 	-426.914 	-0.191 	-0.315 	-0.140 	
371.760 	-650.071 	-1034.646 	0.046 	-0.207 	-0.324 	
-159.583 	-347.136 	819.982 	-0.117 	-0.106 	0.258 	
-8.480 	-1218.147 	543.494 	-0.051 	-0.385 	0.178 	
925.212 	640.966 	-908.653 	0.253 	0.197 	-0.284 	
196.055 	742.226 	-695.310 	0.011 	0.240 	-0.229 	
111.276 	940.630 	-802.922 	-0.029 	0.290 	-0.245 	
-634.463 	934.992 	-547.277 	-0.239 	0.296 	-0.171 	
-1289.329 	-497.076 	145.468 	-0.462 	-0.162 	0.056 	
-783.272 	-380.372 	-715.194 	-0.280 	-0.123 	-0.222 	
1544.693 	-846.434 	1254.919 	0.434 	-0.264 	0.385 	
-1221.200 	595.721 	-225.514 	-0.441 	0.195 	-0.068 	
-33.686 	-476.086 	637.610 	-0.087 	-0.138 	0.200 	
-298.232 	-454.316 	-957.930 	-0.134 	-0.144 	-0.286 	
-483.500 	-1251.014 	1159.803 	-0.208 	-0.388 	0.358 	
-39.213 	-453.171 	657.514 	-0.078 	-0.146 	0.209 	
171.878 	-1218.951 	279.556 	0.009 	-0.389 	0.088 	
-292.080 	-172.762 	76.415 	-0.162 	-0.061 	0.027 	
-372.292 	-417.374 	-473.932 	-0.174 	-0.137 	-0.139 	
-345.557 	-610.371 	825.143 	-0.093 	-0.138 	0.164 	
562.702 	-1101.830 	696.042 	0.131 	-0.356 	0.215 	
-716.722 	-211.670 	701.059 	-0.262 	-0.076 	0.218 	
1303.593 	648.193 	-1038.637 	0.373 	0.206 	-0.328 	
-108.999 	720.334 	1241.239 	-0.090 	0.215 	0.379 	
495.072 	1048.316 	831.108 	0.117 	0.324 	0.257 	
885.991 	884.008 	554.940 	0.239 	0.282 	0.175 	
753.561 	-776.106 	249.633 	0.184 	-0.231 	0.082 	
-428.978 	-228.803 	-900.348 	-0.196 	-0.061 	-0.268 	
-702.633 	815.535 	460.545 	-0.257 	0.254 	0.152 	
252.178 	-476.434 	803.873 	0.014 	-0.152 	0.252 	
500.283 	-899.926 	663.338 	0.103 	-0.296 	0.212 	
-297.734 	-933.796 	84.904 	-0.155 	-0.273 	0.025 	
269.659 	-800.433 	-146.213 	0.020 	-0.253 	-0.057 	
13.871 	-823.905 	-373.725 	-0.065 	-0.250 	-0.113 	
1164.368 	-190.370 	-1072.890 	0.313 	-0.058 	-0.332 	
661.577 	276.345 	1261.535 	0.139 	0.090 	0.398 	
-861.015 	597.904 	808.259 	-0.319 	0.191 	0.263 	
1437.857 	-758.085 	1238.815 	0.411 	-0.231 	0.400 	
-818.962 	445.840 	213.037 	-0.298 	0.142 	0.057 	
175.403 	182.022 	1140.176 	0.002 	0.071 	0.350 	
-1302.294 	593.545 	853.414 	-0.463 	0.202 	0.267 	
-395.310 	-832.891 	250.740 	-0.183 	-0.273 	0.078 	
733.521 	-148.310 	-710.045 	0.186 	-0.037 	-0.227 	
-394.904 	-1202.443 	1360.518 	-0.176 	-0.379 	0.441 	
-986.588 	1073.065 	96.577 	-0.371 	0.339 	0.023 	
349.765 	-1295.869 	-1183.903 	0.055 	-0.398 	-0.366 	
-1322.829 	-330.543 	-1262.589 	-0.453 	-0.106 	-0.394 	
-546.907 	5.695 	-796.426 	-0.240 	-0.000 	-0.248 	
82.563 	80.614 	-121.904 	-0.019 	0.020 	-0.038 	
-1296.247 	-323.594 	1313.928 	-0.462 	-0.112 	0.416 	
-382.998 	-32.319 	-117.156 	-0.169 	-0.022 	-0.018 	
1298.294 	-656.688 	761.466 	0.358 	-0.215 	0.250 	
-1151.627 	-989.058 	-1033.834 	-0.420 	-0.306 	-0.317 	
-1126.447 	364.858 	-11.555 	-0.387 	0.108 	-0.004 	
307.024 	409.814 	-1249.272 	0.054 	0.138 	-0.395 	
-802.760 	337.141 	586.107 	-0.291 	0.092 	0.188 	
1395.692 	-1227.714 	900.528 	0.374 	-0.395 	0.283 	
-334.168 	771.737 	-871.033 	-0.143 	0.231 	-0.274 	
-1308.329 	113.576 	712.265 	-0.463 	0.032 	0.227 	
645.508 	-1002.519 	1103.117 	0.142 	-0.312 	0.353 	
-1282.637 	931.947 	-111.045 	-0.453 	0.291 	-0.044 	
-1217.925 	569.680 	426.520 	-0.422 	0.170 	0.146 	
280.310 	-947.909 	261.678 	0.048 	-0.304 	0.082 	
-400.540 	-962.681 	588.714 	-0.176 	-0.314 	0.193 	
349.860 	-700.520 	-1191.668 	0.071 	-0.226 	-0.365 	
-1019.672 	-677.395 	591.468 	-0.366 	-0.203 	0.184 	
-1258.929 	-508.239 	-649.239 	-0.460 	-0.164 	-0.210 	
819.098 	-1191.554 	-1147.116 	0.212 	-0.388 	-0.354 	
-1148.557 	-823.922 	-953.463 	-0.414 	-0.261 	-0.313 	
407.187 	-396.354 	-96.281 	0.075 	-0.121 	-0.024 	
741.141 	1177.701 	616.042 	0.174 	0.372 	0.184 	
1186.397 	305.109 	714.688 	0.310 	0.099 	0.230 	
651.062 	-666.824 	-823.726 	0.158 	-0.222 	-0.248 	
1466.170 	-1198.405 	1016.038 	0.400 	-0.376 	0.328 	
-1171.380 	-592.495 	-218.688 	-0.426 	-0.185 	-0.073 	
-650.428 	1228.284 	568.188 	-0.268 	0.381 	0.190 	
-319.363 	784.564 	1096.769 	-0.157 	0.232 	0.350 	
836.019 	208.909 	985.322 	0.211 	0.068 	0.310 	
-105.542 	-1054.499 	1115.828 	-0.095 	-0.318 	0.342 	
-959.175 	682.564 	489.352 	-0.347 	0.223 	0.150 	
909.641 	1037.365 	87.160 	0.237 	0.332 	0.033 	
-648.228 	-498.867 	-521.412 	-0.243 	-0.166 	-0.164 	
-59.504 	-824.709 	1096.335 	-0.075 	-0.272 	0.334 	
1108.163 	182.074 	149.976 	0.292 	0.049 	0.062 	
-1204.622 	-1285.736 	834.039 	-0.419 	-0.410 	0.258 	
-411.131 	-458.947 	-345.944 	-0.169 	-0.128 	-0.112 	
1057.252 	-1017.354 	265.556 	0.279 	-0.310 	0.094 	
-62.513 	693.889 	360.990 	-0.081 	0.201 	0.109 	
-203.730 	-566.311 	-122.991 	-0.125 	-0.164 	-0.044 	
747.932 	67.623 	-731.776 	0.177 	0.023 	-0.217 	
-1006.955 	1126.934 	812.475 	-0.378 	0.360 	0.241 	
1362.302 	-1102.802 	133.038 	0.384 	-0.349 	0.052 	
1181.981 	-44.709 	847.258 	0.328 	-0.014 	0.270 	
397.485 	1095.968 	-10.109 	0.060 	0.354 	-0.006 	
258.070 	325.327 	725.854 	0.043 	0.092 	0.219 	
-1298.340 	894.425 	1151.247 	-0.471 	0.273 	0.362 	
-984.381 	-336.880 	469.949 	-0.346 	-0.116 	0.150 	
1234.969 	226.600 	-289.478 	0.321 	0.067 	-0.096 	
-676.800 	-243.244 	-1054.488 	-0.248 	-0.075 	-0.324 	
