## Las primeras 500 lineas corresponden a la esfera 1 
##las siguienets 500 lineas a la esfera 2
## Las primeras tres columnas corresponden a la posición en 'x', 'y' y 'z', las siguientes tres a las velocidades
7.998 	-851.497 	79.050 	-0.010 	-0.247 	0.028 	
259.676 	-257.384 	-0.774 	0.086 	-0.077 	-0.003 	
300.467 	1081.646 	744.768 	0.099 	0.316 	0.207 	
-992.429 	1106.164 	727.980 	-0.305 	0.336 	0.221 	
-229.819 	-230.445 	1025.803 	-0.053 	-0.066 	0.317 	
1088.882 	712.859 	1281.965 	0.343 	0.215 	0.376 	
1150.844 	-590.310 	-1121.273 	0.345 	-0.169 	-0.338 	
-1094.594 	-643.992 	383.755 	-0.323 	-0.178 	0.124 	
950.884 	277.005 	628.291 	0.278 	0.096 	0.186 	
365.380 	348.102 	483.203 	0.106 	0.099 	0.152 	
971.087 	-80.722 	61.584 	0.281 	-0.021 	0.014 	
-220.158 	-876.149 	135.541 	-0.056 	-0.258 	0.045 	
163.195 	-623.857 	91.892 	0.067 	-0.183 	0.029 	
714.388 	986.815 	956.773 	0.200 	0.294 	0.282 	
-26.785 	822.177 	-1347.449 	-0.012 	0.227 	-0.389 	
-470.897 	-105.893 	-1.016 	-0.140 	-0.017 	0.003 	
-522.291 	1085.486 	-433.101 	-0.163 	0.315 	-0.132 	
119.530 	630.511 	-1187.488 	0.032 	0.172 	-0.360 	
-1549.206 	-1175.448 	-656.046 	-0.475 	-0.343 	-0.201 	
572.292 	-1352.629 	-1169.492 	0.158 	-0.407 	-0.350 	
124.765 	-1284.434 	1502.000 	0.042 	-0.368 	0.454 	
116.948 	473.822 	1332.434 	0.030 	0.138 	0.383 	
-340.304 	-621.884 	309.637 	-0.100 	-0.170 	0.085 	
-1117.508 	-888.267 	410.255 	-0.323 	-0.255 	0.115 	
752.516 	-546.193 	898.053 	0.235 	-0.161 	0.258 	
-532.193 	-17.051 	1176.297 	-0.142 	-0.000 	0.344 	
72.736 	-725.385 	-52.307 	0.032 	-0.205 	-0.011 	
316.159 	-1279.776 	960.884 	0.087 	-0.394 	0.289 	
-1137.055 	1132.173 	291.800 	-0.328 	0.334 	0.088 	
-645.880 	-983.094 	769.173 	-0.181 	-0.286 	0.234 	
-407.055 	-689.002 	-1144.029 	-0.116 	-0.197 	-0.341 	
553.947 	916.730 	1088.739 	0.159 	0.262 	0.325 	
1097.565 	-413.653 	1010.123 	0.327 	-0.122 	0.303 	
-737.524 	754.616 	92.368 	-0.200 	0.221 	0.029 	
119.773 	-373.578 	-1268.672 	0.034 	-0.121 	-0.363 	
175.731 	-181.125 	134.513 	0.069 	-0.042 	0.040 	
-526.445 	-1079.173 	-1196.514 	-0.158 	-0.315 	-0.371 	
-537.055 	-1316.699 	987.578 	-0.144 	-0.390 	0.293 	
-494.135 	-124.999 	705.464 	-0.153 	-0.032 	0.213 	
853.613 	-1345.035 	967.284 	0.252 	-0.400 	0.292 	
1451.683 	561.000 	-54.006 	0.434 	0.150 	-0.018 	
249.105 	-353.784 	123.172 	0.081 	-0.093 	0.029 	
569.237 	155.653 	942.457 	0.151 	0.049 	0.282 	
-39.379 	-932.838 	-608.533 	-0.025 	-0.277 	-0.179 	
214.437 	-268.720 	910.267 	0.076 	-0.081 	0.278 	
107.985 	230.734 	-454.959 	0.044 	0.073 	-0.126 	
1415.331 	109.080 	4.464 	0.409 	0.021 	0.017 	
-330.800 	1297.484 	-339.958 	-0.098 	0.390 	-0.104 	
297.784 	-371.324 	-506.401 	0.100 	-0.115 	-0.147 	
1204.950 	766.869 	386.012 	0.361 	0.240 	0.114 	
-1118.713 	-402.396 	-891.230 	-0.325 	-0.126 	-0.274 	
653.841 	-110.421 	647.683 	0.182 	-0.031 	0.182 	
1341.438 	-601.173 	-1335.720 	0.412 	-0.192 	-0.399 	
-126.896 	859.400 	4.820 	-0.022 	0.251 	0.010 	
-970.204 	1068.846 	777.067 	-0.296 	0.311 	0.229 	
-227.754 	-1260.196 	639.945 	-0.060 	-0.385 	0.198 	
-554.441 	-12.574 	-796.549 	-0.149 	-0.009 	-0.243 	
33.040 	-1129.956 	-387.442 	0.022 	-0.337 	-0.119 	
-1313.561 	933.584 	1117.432 	-0.395 	0.286 	0.340 	
761.248 	1196.480 	488.841 	0.231 	0.349 	0.133 	
-329.947 	1278.998 	343.105 	-0.112 	0.384 	0.099 	
489.690 	766.619 	-452.010 	0.154 	0.221 	-0.131 	
-1000.107 	1370.706 	540.273 	-0.312 	0.414 	0.164 	
915.100 	246.189 	-462.327 	0.273 	0.086 	-0.137 	
1072.328 	-1274.582 	-1298.117 	0.339 	-0.380 	-0.381 	
1547.283 	-529.045 	-1316.525 	0.480 	-0.156 	-0.393 	
975.552 	-734.898 	-1146.718 	0.310 	-0.220 	-0.343 	
-1437.654 	1560.919 	-447.540 	-0.436 	0.480 	-0.141 	
1541.628 	727.053 	952.584 	0.476 	0.219 	0.279 	
-226.789 	488.147 	563.733 	-0.066 	0.122 	0.170 	
1019.837 	397.207 	415.071 	0.315 	0.106 	0.115 	
408.722 	-80.179 	484.673 	0.138 	-0.016 	0.144 	
-33.733 	816.319 	-1338.573 	-0.011 	0.262 	-0.403 	
-344.502 	-1017.014 	-417.099 	-0.106 	-0.302 	-0.119 	
-594.703 	529.003 	826.882 	-0.191 	0.155 	0.242 	
607.597 	-183.076 	-357.444 	0.180 	-0.050 	-0.087 	
-31.767 	-330.781 	-945.758 	-0.013 	-0.083 	-0.282 	
1170.353 	693.967 	-1094.268 	0.355 	0.209 	-0.338 	
161.386 	-267.634 	-513.192 	0.041 	-0.072 	-0.159 	
-27.650 	-325.904 	1139.597 	0.000 	-0.103 	0.337 	
-188.023 	1059.048 	324.191 	-0.067 	0.304 	0.098 	
323.392 	-554.503 	-385.633 	0.083 	-0.159 	-0.105 	
677.361 	846.523 	1110.237 	0.197 	0.258 	0.329 	
-276.634 	-900.815 	1121.787 	-0.088 	-0.261 	0.341 	
868.278 	-484.542 	-198.905 	0.267 	-0.132 	-0.070 	
-819.283 	-1135.721 	-1108.789 	-0.234 	-0.333 	-0.323 	
835.593 	-255.345 	-505.544 	0.252 	-0.084 	-0.166 	
-853.870 	-937.632 	1003.316 	-0.269 	-0.278 	0.301 	
-1220.650 	-1184.091 	773.351 	-0.353 	-0.354 	0.235 	
-1109.035 	-467.726 	-132.055 	-0.318 	-0.150 	-0.029 	
1430.950 	633.939 	1017.178 	0.427 	0.205 	0.300 	
41.953 	546.982 	1024.456 	0.009 	0.170 	0.306 	
89.808 	-234.893 	94.085 	0.034 	-0.078 	0.030 	
-182.614 	-1213.705 	-519.392 	-0.045 	-0.370 	-0.145 	
1180.980 	-795.785 	1173.527 	0.350 	-0.228 	0.347 	
-464.064 	753.181 	-1246.893 	-0.131 	0.230 	-0.358 	
1170.029 	308.529 	761.188 	0.359 	0.082 	0.228 	
1256.480 	290.504 	-849.401 	0.387 	0.088 	-0.251 	
1420.242 	1148.609 	177.519 	0.442 	0.339 	0.054 	
802.331 	-603.379 	796.872 	0.230 	-0.190 	0.231 	
-919.265 	1226.195 	659.751 	-0.272 	0.354 	0.203 	
-1483.884 	-1080.911 	-477.459 	-0.454 	-0.320 	-0.132 	
400.988 	-1389.333 	807.690 	0.122 	-0.421 	0.239 	
-614.043 	-156.164 	1051.328 	-0.180 	-0.034 	0.321 	
740.236 	-326.547 	406.223 	0.236 	-0.097 	0.128 	
-1288.849 	639.215 	1177.988 	-0.372 	0.192 	0.345 	
-1241.519 	-887.949 	821.738 	-0.382 	-0.259 	0.250 	
-1453.839 	1518.167 	-623.580 	-0.442 	0.466 	-0.186 	
932.774 	-587.575 	29.762 	0.270 	-0.181 	0.020 	
1533.518 	-129.245 	-512.749 	0.469 	-0.047 	-0.140 	
-387.346 	-127.117 	751.863 	-0.108 	-0.042 	0.231 	
361.318 	-456.496 	687.181 	0.093 	-0.137 	0.205 	
627.778 	10.237 	232.694 	0.176 	-0.006 	0.062 	
-223.826 	1339.536 	-497.950 	-0.074 	0.390 	-0.137 	
-890.956 	1217.265 	1216.050 	-0.268 	0.364 	0.368 	
-147.898 	1301.506 	1267.194 	-0.037 	0.393 	0.380 	
406.129 	-1366.389 	-259.012 	0.117 	-0.408 	-0.061 	
-1453.166 	-399.513 	1369.647 	-0.428 	-0.132 	0.404 	
990.051 	-582.088 	-526.884 	0.293 	-0.185 	-0.144 	
-82.476 	973.198 	172.056 	-0.038 	0.285 	0.057 	
-684.749 	146.037 	825.761 	-0.195 	0.047 	0.257 	
765.107 	-1067.728 	-485.433 	0.231 	-0.326 	-0.145 	
628.698 	-217.321 	-1018.238 	0.184 	-0.049 	-0.306 	
1274.054 	-566.604 	1289.713 	0.370 	-0.173 	0.387 	
-1366.412 	479.014 	692.325 	-0.418 	0.137 	0.203 	
412.303 	-183.716 	-507.399 	0.111 	-0.043 	-0.143 	
-1437.062 	-920.320 	-558.809 	-0.425 	-0.271 	-0.155 	
-1497.808 	-1402.819 	578.350 	-0.460 	-0.419 	0.168 	
-1107.384 	568.717 	-1370.690 	-0.331 	0.174 	-0.396 	
-1198.382 	-1231.777 	475.107 	-0.346 	-0.372 	0.140 	
-114.760 	-833.489 	645.249 	-0.044 	-0.244 	0.196 	
-315.759 	1051.921 	-588.762 	-0.099 	0.316 	-0.185 	
-825.786 	697.139 	12.581 	-0.249 	0.200 	0.001 	
34.613 	403.852 	-1198.521 	0.000 	0.111 	-0.350 	
1478.828 	-1351.985 	142.938 	0.435 	-0.400 	0.035 	
-207.900 	-1054.252 	-526.046 	-0.052 	-0.312 	-0.170 	
172.511 	-823.467 	388.702 	0.041 	-0.244 	0.103 	
-990.204 	-1235.205 	974.148 	-0.281 	-0.375 	0.293 	
1148.357 	-563.805 	-572.166 	0.343 	-0.161 	-0.169 	
476.653 	-1030.471 	300.947 	0.159 	-0.303 	0.096 	
-1008.846 	-609.503 	-789.250 	-0.287 	-0.187 	-0.234 	
1306.306 	-387.096 	-340.348 	0.374 	-0.106 	-0.103 	
-868.207 	1331.208 	307.159 	-0.263 	0.389 	0.099 	
-1053.481 	-1109.860 	163.434 	-0.316 	-0.329 	0.057 	
-326.198 	425.391 	492.128 	-0.105 	0.115 	0.145 	
813.200 	-177.592 	1166.101 	0.240 	-0.051 	0.333 	
-612.669 	-98.581 	-479.085 	-0.174 	-0.015 	-0.143 	
-6.434 	690.758 	1052.687 	-0.009 	0.202 	0.298 	
1248.567 	-1141.677 	-1328.419 	0.360 	-0.342 	-0.400 	
-120.090 	968.658 	-675.006 	-0.024 	0.278 	-0.203 	
1220.773 	-1330.906 	358.050 	0.366 	-0.394 	0.093 	
-973.121 	-388.047 	833.494 	-0.277 	-0.107 	0.245 	
335.081 	750.514 	1415.398 	0.095 	0.211 	0.423 	
-1433.665 	-1408.316 	-520.105 	-0.427 	-0.418 	-0.162 	
-1206.081 	-85.276 	-1359.870 	-0.362 	-0.017 	-0.407 	
-97.425 	-573.872 	-489.849 	-0.043 	-0.170 	-0.144 	
1295.267 	-307.213 	990.546 	0.416 	-0.090 	0.285 	
-1271.262 	-640.506 	1267.025 	-0.380 	-0.199 	0.375 	
-633.476 	-991.586 	1400.130 	-0.180 	-0.299 	0.424 	
152.835 	-984.496 	820.843 	0.044 	-0.295 	0.249 	
1345.437 	-1132.212 	1035.653 	0.417 	-0.340 	0.314 	
-452.464 	245.646 	283.189 	-0.123 	0.078 	0.075 	
-429.404 	-82.892 	741.428 	-0.156 	0.001 	0.248 	
671.916 	88.268 	-67.495 	0.211 	0.035 	-0.011 	
79.582 	-511.532 	290.517 	0.020 	-0.151 	0.078 	
-512.404 	-16.742 	-195.975 	-0.159 	-0.002 	-0.048 	
-491.288 	783.373 	-689.574 	-0.143 	0.234 	-0.206 	
1551.146 	-309.324 	-98.164 	0.467 	-0.108 	-0.027 	
450.443 	-12.894 	-180.125 	0.135 	-0.015 	-0.040 	
555.110 	-281.937 	-324.700 	0.149 	-0.089 	-0.086 	
-889.539 	268.218 	1467.931 	-0.260 	0.078 	0.442 	
822.832 	584.332 	50.552 	0.263 	0.165 	0.018 	
-1260.855 	259.161 	547.353 	-0.384 	0.071 	0.160 	
361.968 	-67.993 	-418.420 	0.102 	-0.031 	-0.126 	
-1450.287 	-652.694 	1242.898 	-0.443 	-0.195 	0.369 	
-1144.948 	-448.839 	-103.711 	-0.343 	-0.125 	-0.023 	
-579.847 	-317.013 	-310.811 	-0.170 	-0.095 	-0.095 	
885.898 	791.492 	1147.274 	0.268 	0.238 	0.327 	
267.763 	-276.944 	1130.717 	0.085 	-0.079 	0.340 	
1340.566 	815.763 	1432.130 	0.398 	0.253 	0.433 	
1155.497 	1045.254 	1132.801 	0.343 	0.315 	0.353 	
1250.811 	-1046.108 	-1068.843 	0.365 	-0.317 	-0.324 	
885.861 	1290.979 	74.048 	0.279 	0.382 	0.020 	
-630.756 	76.472 	340.716 	-0.194 	0.016 	0.112 	
-268.013 	92.029 	-800.786 	-0.073 	0.033 	-0.250 	
-176.677 	596.225 	655.315 	-0.065 	0.175 	0.193 	
-1441.156 	-1299.270 	766.299 	-0.433 	-0.379 	0.242 	
-569.566 	444.244 	-526.943 	-0.167 	0.138 	-0.150 	
-390.359 	-1222.736 	-920.037 	-0.118 	-0.355 	-0.276 	
-688.248 	-1180.133 	-709.509 	-0.190 	-0.349 	-0.211 	
113.157 	-1300.442 	-1072.800 	0.031 	-0.382 	-0.315 	
1120.334 	460.690 	78.074 	0.351 	0.139 	0.029 	
1269.414 	-96.963 	-903.625 	0.379 	-0.032 	-0.260 	
-579.534 	204.313 	54.105 	-0.155 	0.057 	0.026 	
-554.999 	634.479 	340.148 	-0.180 	0.185 	0.102 	
1311.138 	-576.334 	8.776 	0.387 	-0.182 	-0.008 	
-745.694 	503.833 	-1351.612 	-0.226 	0.146 	-0.407 	
1354.545 	-123.178 	848.444 	0.399 	-0.025 	0.260 	
261.935 	447.717 	371.375 	0.094 	0.139 	0.118 	
824.653 	-281.544 	-576.334 	0.256 	-0.073 	-0.159 	
-821.006 	1052.464 	229.781 	-0.242 	0.300 	0.073 	
-20.766 	-1041.426 	626.504 	0.006 	-0.296 	0.180 	
-148.011 	-112.999 	-1105.494 	-0.031 	-0.031 	-0.323 	
-391.543 	55.821 	226.830 	-0.121 	0.019 	0.069 	
-156.980 	-1173.256 	-1154.881 	-0.041 	-0.342 	-0.353 	
-323.004 	-492.958 	1227.591 	-0.088 	-0.152 	0.348 	
1461.073 	-185.991 	-1065.671 	0.443 	-0.066 	-0.314 	
-321.021 	218.290 	-229.933 	-0.092 	0.060 	-0.060 	
1209.508 	-1289.006 	1176.877 	0.373 	-0.378 	0.351 	
-426.201 	-462.121 	407.611 	-0.124 	-0.124 	0.117 	
-398.468 	-55.458 	1210.612 	-0.107 	-0.005 	0.358 	
258.812 	636.837 	131.887 	0.094 	0.188 	0.041 	
-1325.374 	1386.257 	-1006.293 	-0.402 	0.414 	-0.299 	
54.238 	-360.467 	-1367.040 	0.034 	-0.102 	-0.408 	
-245.892 	-737.208 	851.434 	-0.067 	-0.202 	0.255 	
-799.425 	-641.473 	-580.206 	-0.248 	-0.191 	-0.169 	
730.939 	1326.314 	-1111.250 	0.221 	0.398 	-0.347 	
-772.687 	102.946 	858.449 	-0.243 	0.030 	0.252 	
-21.290 	183.759 	666.888 	-0.015 	0.055 	0.185 	
-256.796 	-230.244 	504.326 	-0.053 	-0.085 	0.106 	
1281.089 	-295.930 	-804.492 	0.380 	-0.103 	-0.245 	
1497.457 	-1400.312 	1.979 	0.444 	-0.419 	0.012 	
-1074.501 	-799.744 	-54.397 	-0.333 	-0.245 	-0.022 	
59.662 	-1149.478 	289.006 	0.009 	-0.332 	0.093 	
-525.249 	92.293 	1125.495 	-0.161 	0.018 	0.325 	
-746.019 	1379.740 	44.942 	-0.208 	0.407 	0.022 	
-1012.452 	-1082.768 	466.806 	-0.298 	-0.314 	0.134 	
1230.159 	-510.039 	-1018.339 	0.371 	-0.148 	-0.314 	
-881.192 	-1306.157 	830.793 	-0.263 	-0.376 	0.248 	
-605.452 	4.436 	496.374 	-0.178 	-0.013 	0.152 	
-640.632 	135.491 	1289.598 	-0.190 	0.040 	0.392 	
-1154.993 	853.375 	-231.001 	-0.339 	0.252 	-0.053 	
-1084.821 	383.142 	37.986 	-0.334 	0.113 	0.012 	
-409.030 	352.146 	-680.435 	-0.119 	0.114 	-0.197 	
1212.945 	1506.068 	-1376.115 	0.358 	0.464 	-0.417 	
-979.839 	553.281 	760.198 	-0.301 	0.164 	0.237 	
-1132.744 	-118.282 	-1173.552 	-0.327 	-0.039 	-0.349 	
665.785 	-937.152 	462.038 	0.204 	-0.286 	0.125 	
994.362 	1097.508 	-103.948 	0.315 	0.327 	-0.024 	
1156.265 	588.342 	-1303.895 	0.338 	0.180 	-0.378 	
764.410 	370.649 	-890.120 	0.222 	0.105 	-0.249 	
-573.017 	-1111.964 	-316.861 	-0.164 	-0.318 	-0.097 	
1038.099 	-487.639 	140.282 	0.316 	-0.139 	0.025 	
-413.991 	1050.196 	245.233 	-0.044 	0.373 	0.096 	
301.374 	-820.632 	1217.775 	0.093 	-0.238 	0.346 	
-688.271 	456.337 	-523.855 	-0.205 	0.131 	-0.163 	
-999.843 	-38.251 	488.707 	-0.307 	-0.012 	0.153 	
1082.523 	-366.145 	1118.204 	0.333 	-0.114 	0.318 	
287.695 	-805.425 	-1261.418 	0.096 	-0.245 	-0.360 	
1500.650 	256.359 	-844.149 	0.461 	0.076 	-0.254 	
490.775 	-323.121 	1087.172 	0.160 	-0.095 	0.319 	
-927.098 	1187.099 	-267.115 	-0.258 	0.355 	-0.077 	
-569.408 	-559.514 	469.495 	-0.173 	-0.165 	0.147 	
-493.795 	-627.432 	215.968 	-0.143 	-0.186 	0.082 	
1334.943 	-3.117 	585.459 	0.403 	0.012 	0.182 	
-913.244 	89.882 	813.482 	-0.273 	0.027 	0.258 	
14.827 	534.997 	-1010.870 	-0.008 	0.160 	-0.309 	
-989.762 	-1282.235 	-1252.835 	-0.283 	-0.378 	-0.383 	
703.932 	1104.795 	-505.506 	0.203 	0.322 	-0.147 	
-1343.012 	646.033 	814.634 	-0.404 	0.193 	0.234 	
-1394.511 	72.811 	541.442 	-0.426 	0.030 	0.160 	
448.440 	-1121.018 	-1163.578 	0.127 	-0.339 	-0.334 	
-1740.627 	111.934 	1.852 	-0.595 	-0.015 	-0.005 	
-1287.394 	-514.304 	665.552 	-0.377 	-0.156 	0.206 	
783.023 	-297.450 	-906.782 	0.229 	-0.090 	-0.282 	
373.285 	253.541 	146.546 	0.121 	0.078 	0.057 	
-36.871 	-482.983 	347.197 	-0.011 	-0.153 	0.088 	
-1362.565 	129.243 	-780.147 	-0.412 	0.032 	-0.241 	
1107.631 	-124.661 	1504.526 	0.337 	-0.032 	0.459 	
-271.260 	-455.803 	802.877 	-0.081 	-0.145 	0.224 	
523.042 	-808.054 	-323.988 	0.146 	-0.237 	-0.090 	
183.771 	-186.934 	232.988 	0.062 	-0.066 	0.060 	
-1208.213 	-1424.535 	-723.935 	-0.363 	-0.433 	-0.214 	
693.032 	-673.839 	-1188.358 	0.204 	-0.185 	-0.344 	
272.044 	332.537 	-303.957 	0.093 	0.147 	-0.088 	
-558.440 	-181.680 	445.098 	-0.162 	-0.042 	0.136 	
1518.075 	776.990 	-118.230 	0.469 	0.227 	-0.038 	
358.050 	-172.292 	-788.635 	0.100 	-0.049 	-0.237 	
-1127.427 	377.761 	-1399.218 	-0.331 	0.119 	-0.415 	
520.626 	444.224 	406.956 	0.165 	0.120 	0.130 	
1378.427 	107.938 	-1128.627 	0.399 	0.027 	-0.329 	
-557.373 	167.953 	-696.985 	-0.164 	0.059 	-0.214 	
-1352.965 	1242.379 	520.506 	-0.416 	0.372 	0.158 	
34.509 	-1087.832 	-1270.719 	0.020 	-0.321 	-0.389 	
965.702 	1230.559 	-738.876 	0.291 	0.366 	-0.237 	
707.873 	-560.812 	124.818 	0.206 	-0.164 	0.051 	
724.530 	-1202.181 	-947.887 	0.210 	-0.351 	-0.294 	
468.612 	-559.146 	790.381 	0.132 	-0.167 	0.233 	
602.746 	-610.653 	957.793 	0.180 	-0.175 	0.286 	
1230.188 	1338.902 	-1172.625 	0.361 	0.404 	-0.362 	
1127.118 	-223.415 	811.325 	0.344 	-0.057 	0.253 	
485.104 	-340.839 	-280.155 	0.150 	-0.093 	-0.083 	
-546.043 	-529.763 	1027.045 	-0.173 	-0.153 	0.307 	
-651.432 	-277.675 	1129.328 	-0.192 	-0.095 	0.336 	
258.288 	-682.806 	-425.231 	0.080 	-0.199 	-0.131 	
-918.691 	-137.650 	-18.684 	-0.272 	-0.046 	-0.010 	
-183.466 	1141.640 	-1420.226 	-0.040 	0.348 	-0.423 	
-1071.386 	-357.018 	731.346 	-0.330 	-0.106 	0.214 	
-47.540 	-1125.227 	1168.000 	-0.014 	-0.324 	0.357 	
-556.655 	406.196 	1114.807 	-0.153 	0.128 	0.329 	
-141.969 	-42.974 	783.606 	-0.049 	-0.016 	0.234 	
979.509 	-741.353 	24.950 	0.299 	-0.227 	-0.004 	
-103.013 	-510.047 	313.311 	-0.011 	-0.147 	0.102 	
-312.450 	-500.346 	1114.304 	-0.075 	-0.146 	0.335 	
-1378.912 	-391.375 	374.697 	-0.423 	-0.117 	0.114 	
-349.860 	-934.694 	-200.109 	-0.116 	-0.271 	-0.059 	
406.288 	-1335.192 	730.637 	0.115 	-0.410 	0.214 	
498.574 	-1016.175 	-285.107 	0.144 	-0.304 	-0.075 	
564.622 	-1244.576 	-165.252 	0.173 	-0.375 	-0.038 	
391.438 	69.711 	1135.838 	0.106 	0.012 	0.337 	
-1247.785 	614.833 	87.942 	-0.376 	0.181 	0.023 	
-315.779 	318.056 	590.516 	-0.079 	0.087 	0.169 	
-479.313 	-732.905 	1172.289 	-0.149 	-0.218 	0.361 	
-1032.398 	-1244.290 	1056.634 	-0.308 	-0.365 	0.328 	
749.135 	849.940 	-1308.745 	0.218 	0.249 	-0.381 	
-455.595 	775.670 	-1257.469 	-0.123 	0.228 	-0.369 	
-113.871 	-1052.129 	-844.649 	-0.017 	-0.313 	-0.254 	
-49.461 	-60.265 	197.565 	0.002 	-0.029 	0.055 	
911.919 	-428.023 	253.962 	0.275 	-0.127 	0.066 	
702.083 	433.879 	-805.756 	0.226 	0.129 	-0.236 	
-915.214 	-1201.345 	721.573 	-0.264 	-0.370 	0.207 	
1495.793 	-301.797 	-1369.392 	0.459 	-0.090 	-0.414 	
-248.963 	973.115 	343.718 	-0.061 	0.294 	0.096 	
-788.038 	1110.065 	-952.891 	-0.238 	0.330 	-0.288 	
-1099.137 	732.541 	-379.438 	-0.312 	0.217 	-0.113 	
-1.451 	394.682 	-136.459 	-0.009 	0.102 	-0.040 	
-1206.079 	451.571 	107.239 	-0.345 	0.147 	0.028 	
-54.250 	-1044.614 	-817.490 	-0.019 	-0.304 	-0.228 	
-969.015 	-569.061 	77.166 	-0.292 	-0.164 	0.010 	
730.828 	598.228 	-779.819 	0.233 	0.179 	-0.226 	
-942.874 	1358.000 	159.145 	-0.283 	0.398 	0.060 	
682.087 	-127.903 	-1004.191 	0.210 	-0.035 	-0.298 	
-146.390 	134.137 	-302.200 	-0.037 	0.025 	-0.078 	
-1311.268 	-661.529 	-1211.179 	-0.388 	-0.209 	-0.369 	
615.630 	-247.340 	186.702 	0.177 	-0.077 	0.062 	
-1075.562 	-271.276 	1183.992 	-0.321 	-0.077 	0.355 	
1062.725 	-103.385 	1009.465 	0.317 	-0.037 	0.290 	
401.056 	-93.411 	-914.065 	0.110 	-0.038 	-0.270 	
1125.895 	442.514 	-73.529 	0.326 	0.135 	-0.030 	
499.613 	220.525 	815.821 	0.141 	0.071 	0.238 	
-82.478 	617.699 	-1038.932 	-0.033 	0.184 	-0.301 	
1359.304 	-1016.583 	-445.662 	0.421 	-0.301 	-0.125 	
-1238.444 	-1248.676 	1313.599 	-0.375 	-0.377 	0.391 	
-1095.029 	-763.129 	-28.831 	-0.321 	-0.222 	-0.009 	
861.224 	198.337 	285.517 	0.240 	0.058 	0.085 	
1364.642 	-350.486 	379.737 	0.408 	-0.098 	0.104 	
-1143.493 	410.017 	594.363 	-0.335 	0.130 	0.191 	
65.761 	-81.820 	3.059 	0.007 	-0.022 	0.007 	
-407.549 	-804.972 	1090.559 	-0.107 	-0.233 	0.330 	
-160.933 	-659.349 	-544.688 	-0.040 	-0.202 	-0.152 	
1318.052 	-506.205 	-905.051 	0.393 	-0.163 	-0.265 	
176.461 	-793.227 	-751.690 	0.038 	-0.231 	-0.218 	
1008.269 	-1109.788 	1379.508 	0.311 	-0.321 	0.409 	
-1279.184 	-532.271 	-683.779 	-0.374 	-0.147 	-0.194 	
-1136.385 	-302.215 	-442.058 	-0.348 	-0.099 	-0.127 	
152.923 	-289.179 	1061.302 	0.063 	-0.087 	0.312 	
771.205 	-781.043 	602.084 	0.247 	-0.233 	0.171 	
-708.230 	600.599 	614.633 	-0.223 	0.172 	0.187 	
-1257.281 	-719.496 	1042.402 	-0.371 	-0.199 	0.314 	
-976.226 	-2.997 	318.168 	-0.294 	-0.004 	0.103 	
-807.601 	-942.360 	156.793 	-0.231 	-0.274 	0.040 	
1235.248 	1207.243 	795.441 	0.374 	0.344 	0.233 	
1215.466 	673.850 	-231.851 	0.376 	0.208 	-0.073 	
-1187.924 	-1120.944 	283.048 	-0.352 	-0.330 	0.093 	
-972.116 	313.721 	552.060 	-0.291 	0.084 	0.164 	
-818.050 	110.953 	660.543 	-0.228 	0.041 	0.202 	
-734.027 	-348.656 	-1391.659 	-0.221 	-0.112 	-0.426 	
-681.317 	-739.092 	-1077.114 	-0.207 	-0.228 	-0.328 	
1474.491 	1495.957 	-719.141 	0.446 	0.457 	-0.209 	
1416.147 	521.347 	-1123.656 	0.425 	0.148 	-0.346 	
-361.227 	-587.220 	-401.048 	-0.107 	-0.182 	-0.114 	
-385.315 	-553.611 	933.683 	-0.112 	-0.179 	0.275 	
353.023 	-74.797 	165.918 	0.117 	-0.027 	0.041 	
447.396 	161.565 	310.532 	0.140 	0.037 	0.088 	
-802.917 	864.585 	828.058 	-0.249 	0.258 	0.246 	
-922.520 	1118.067 	-1271.885 	-0.276 	0.323 	-0.380 	
-378.742 	-869.150 	-1395.617 	-0.109 	-0.247 	-0.421 	
1149.843 	-565.996 	-881.745 	0.329 	-0.165 	-0.258 	
-19.288 	6.366 	-869.760 	-0.004 	0.004 	-0.259 	
434.726 	1080.122 	449.530 	0.133 	0.330 	0.141 	
701.663 	-115.720 	-8.016 	0.223 	-0.031 	-0.004 	
570.053 	667.597 	769.516 	0.174 	0.193 	0.245 	
388.165 	-550.560 	-612.540 	0.126 	-0.160 	-0.173 	
1231.473 	-1014.590 	-871.997 	0.385 	-0.304 	-0.260 	
398.264 	325.794 	-831.337 	0.122 	0.098 	-0.251 	
-915.217 	-956.034 	-28.015 	-0.265 	-0.295 	-0.007 	
779.577 	489.539 	616.354 	0.217 	0.140 	0.182 	
1040.886 	419.078 	149.813 	0.327 	0.113 	0.037 	
-107.541 	-1223.785 	1114.074 	-0.027 	-0.360 	0.345 	
74.679 	453.263 	1168.480 	0.038 	0.134 	0.336 	
1002.703 	-54.790 	1114.959 	0.314 	-0.014 	0.328 	
1188.456 	470.014 	-74.828 	0.350 	0.131 	-0.013 	
-794.509 	-1482.472 	1462.255 	-0.231 	-0.447 	0.446 	
-1510.846 	-1252.538 	1363.490 	-0.459 	-0.369 	0.411 	
1409.765 	1178.188 	4.964 	0.436 	0.343 	0.001 	
1455.027 	317.288 	1228.203 	0.436 	0.080 	0.373 	
565.530 	172.896 	961.757 	0.162 	0.042 	0.275 	
-947.698 	-158.555 	-1183.935 	-0.283 	-0.045 	-0.350 	
1007.127 	521.364 	-434.856 	0.317 	0.156 	-0.133 	
-338.647 	729.344 	-1239.167 	-0.105 	0.208 	-0.359 	
561.281 	590.740 	-178.219 	0.164 	0.174 	-0.056 	
838.749 	-534.309 	-746.046 	0.254 	-0.153 	-0.216 	
1127.622 	1043.785 	1307.204 	0.337 	0.322 	0.397 	
166.799 	1185.285 	-858.045 	0.036 	0.348 	-0.251 	
-1224.174 	223.529 	498.902 	-0.355 	0.073 	0.152 	
345.011 	-1303.429 	910.503 	0.114 	-0.386 	0.260 	
438.440 	-509.335 	-137.145 	0.124 	-0.160 	-0.040 	
1041.837 	56.282 	-97.021 	0.310 	0.029 	-0.035 	
-644.913 	585.105 	-919.241 	-0.184 	0.180 	-0.279 	
670.741 	-1148.035 	655.327 	0.194 	-0.349 	0.198 	
1116.865 	1145.393 	45.337 	0.344 	0.341 	0.020 	
766.341 	-1261.432 	1141.701 	0.227 	-0.362 	0.338 	
1354.368 	-130.632 	279.929 	0.405 	-0.024 	0.091 	
1518.473 	1203.428 	794.244 	0.448 	0.359 	0.239 	
381.339 	-1001.093 	556.120 	0.128 	-0.300 	0.166 	
-772.106 	-1371.257 	1295.845 	-0.232 	-0.417 	0.387 	
567.251 	-302.919 	-298.914 	0.182 	-0.078 	-0.085 	
-89.753 	43.617 	232.884 	-0.034 	0.006 	0.062 	
-1193.972 	1502.431 	1241.335 	-0.367 	0.462 	0.368 	
41.788 	126.494 	1188.125 	0.029 	0.040 	0.344 	
-174.729 	1175.644 	1097.996 	-0.056 	0.359 	0.319 	
985.484 	-1057.772 	1171.242 	0.306 	-0.326 	0.355 	
-1067.798 	-1155.912 	1153.979 	-0.321 	-0.331 	0.345 	
-1255.766 	-822.188 	948.109 	-0.377 	-0.238 	0.284 	
-955.187 	864.346 	416.398 	-0.275 	0.265 	0.131 	
-242.484 	-1454.299 	280.442 	-0.056 	-0.434 	0.081 	
161.066 	-698.353 	988.543 	0.055 	-0.204 	0.295 	
-38.279 	156.742 	144.418 	-0.015 	0.037 	0.052 	
-1119.098 	-1288.133 	-1072.618 	-0.344 	-0.385 	-0.308 	
-676.271 	-25.873 	731.872 	-0.193 	-0.016 	0.214 	
1054.380 	378.529 	158.082 	0.301 	0.114 	0.056 	
505.624 	-721.876 	948.443 	0.157 	-0.223 	0.291 	
-1075.563 	-637.670 	-916.083 	-0.314 	-0.182 	-0.267 	
67.926 	-567.793 	-278.418 	0.009 	-0.221 	-0.079 	
1423.414 	114.843 	21.782 	0.414 	0.036 	0.004 	
-676.334 	-955.607 	-908.567 	-0.196 	-0.288 	-0.261 	
1105.803 	-701.115 	67.484 	0.341 	-0.202 	0.024 	
-380.707 	969.992 	845.397 	-0.099 	0.284 	0.247 	
230.799 	-350.902 	1212.390 	0.069 	-0.101 	0.352 	
1186.831 	-163.378 	655.482 	0.359 	-0.053 	0.187 	
-381.832 	46.982 	-1427.238 	-0.107 	0.020 	-0.430 	
-652.272 	-210.521 	-40.242 	-0.193 	-0.076 	-0.004 	
298.265 	1115.967 	575.456 	0.082 	0.330 	0.175 	
-1251.934 	339.422 	-225.795 	-0.381 	0.093 	-0.073 	
722.676 	-720.456 	388.493 	0.209 	-0.204 	0.107 	
-232.501 	267.298 	-292.702 	-0.083 	0.073 	-0.089 	
1045.144 	-1110.743 	216.498 	0.313 	-0.333 	0.072 	
150.844 	-266.950 	401.103 	0.031 	-0.074 	0.115 	
1365.753 	-1141.518 	463.653 	0.420 	-0.334 	0.137 	
-663.686 	133.811 	-91.866 	-0.183 	0.037 	-0.026 	
-1075.987 	119.051 	1177.050 	-0.324 	0.050 	0.347 	
1433.425 	577.091 	-165.893 	0.429 	0.160 	-0.034 	
-877.985 	1073.876 	-676.483 	-0.252 	0.327 	-0.195 	
-880.551 	1051.940 	-385.713 	-0.246 	0.313 	-0.116 	
1045.622 	-363.549 	-147.916 	0.303 	-0.091 	-0.040 	
-1133.669 	243.382 	1061.897 	-0.329 	0.077 	0.315 	
1153.188 	-701.669 	-1391.255 	0.360 	-0.201 	-0.414 	
-987.966 	-1347.258 	-736.668 	-0.293 	-0.396 	-0.219 	
-309.147 	-152.084 	1055.126 	-0.079 	-0.046 	0.306 	
-77.478 	-699.044 	-76.660 	-0.027 	-0.205 	-0.038 	
-131.962 	-188.153 	509.118 	-0.025 	-0.057 	0.162 	
826.257 	365.359 	316.129 	0.258 	0.114 	0.103 	
509.831 	-1120.736 	-10.071 	0.163 	-0.320 	0.005 	
771.512 	-1240.024 	-1208.709 	0.217 	-0.370 	-0.361 	
-815.995 	1236.101 	-344.897 	-0.240 	0.360 	-0.107 	
-1045.055 	1134.615 	317.736 	-0.298 	0.347 	0.092 	
-6.231 	-106.532 	-370.937 	0.002 	-0.035 	-0.116 	
-110.574 	-1097.591 	821.364 	-0.015 	-0.323 	0.242 	
372.245 	-449.531 	1225.568 	0.109 	-0.125 	0.375 	
1204.709 	960.865 	-1278.491 	0.370 	0.299 	-0.385 	
30.405 	-717.417 	-296.715 	0.007 	-0.213 	-0.075 	
1424.059 	1008.162 	-35.890 	0.441 	0.296 	-0.014 	
-565.976 	846.280 	-1490.846 	-0.154 	0.246 	-0.444 	
-42.853 	123.596 	-264.807 	-0.015 	0.023 	-0.085 	
-1151.161 	-274.208 	478.995 	-0.327 	-0.085 	0.146 	
656.802 	-156.688 	9.632 	0.191 	-0.061 	0.000 	
-401.823 	-278.652 	1193.650 	-0.123 	-0.083 	0.338 	
-233.618 	58.829 	-1436.043 	-0.066 	0.026 	-0.428 	
1120.591 	451.946 	520.920 	0.319 	0.137 	0.149 	
-1180.236 	-740.247 	-1569.806 	-0.344 	-0.218 	-0.482 	
1314.207 	-284.740 	308.371 	0.385 	-0.075 	0.096 	
817.228 	-1319.216 	178.594 	0.243 	-0.396 	0.066 	
657.452 	1266.682 	-848.704 	0.211 	0.368 	-0.248 	
1078.663 	317.451 	-913.609 	0.314 	0.105 	-0.266 	
34.691 	-1464.193 	1279.224 	0.020 	-0.447 	0.377 	
479.482 	-452.024 	445.207 	0.161 	-0.133 	0.129 	
23.502 	1401.850 	637.207 	0.024 	0.417 	0.192 	
1121.570 	-731.920 	-875.586 	0.350 	-0.222 	-0.261 	
557.871 	1302.482 	-85.426 	0.175 	0.389 	-0.012 	
705.973 	379.322 	-424.001 	0.196 	0.115 	-0.123 	
1164.605 	1312.813 	-322.492 	0.339 	0.379 	-0.095 	
606.101 	694.100 	-435.612 	0.200 	0.205 	-0.127 	
448.361 	-354.192 	-184.170 	0.149 	-0.116 	-0.056 	
410.036 	-301.057 	494.781 	0.124 	-0.090 	0.128 	
-364.873 	-951.280 	-613.297 	-0.118 	-0.284 	-0.172 	
-1393.462 	-471.618 	1029.545 	-0.405 	-0.133 	0.304 	
-1187.458 	-1005.911 	-111.437 	-0.347 	-0.307 	-0.044 	
334.732 	1188.790 	649.321 	0.095 	0.363 	0.191 	
-272.060 	-408.424 	555.171 	-0.094 	-0.120 	0.164 	
770.394 	-1325.596 	170.064 	0.238 	-0.396 	0.055 	
-1287.726 	-558.486 	861.337 	-0.424 	-0.164 	0.251 	
1064.797 	-1211.919 	-1304.924 	0.271 	-0.372 	-0.382 	
-1187.790 	-543.539 	-1098.494 	-0.405 	-0.151 	-0.328 	
-366.380 	-1226.423 	571.909 	-0.149 	-0.357 	0.184 	
987.390 	702.474 	-173.850 	0.233 	0.199 	-0.056 	
-750.689 	-1160.269 	693.076 	-0.284 	-0.348 	0.212 	
1591.952 	-1182.377 	-1220.450 	0.430 	-0.362 	-0.371 	
1145.008 	-820.794 	710.816 	0.290 	-0.245 	0.224 	
-370.773 	-737.973 	-1220.850 	-0.174 	-0.211 	-0.362 	
678.198 	706.997 	-952.691 	0.146 	0.209 	-0.291 	
1136.917 	424.414 	159.887 	0.295 	0.135 	0.037 	
320.168 	62.371 	327.185 	0.025 	0.008 	0.096 	
-1263.261 	1236.183 	1337.679 	-0.436 	0.366 	0.392 	
613.724 	-998.421 	516.201 	0.115 	-0.298 	0.155 	
577.147 	1489.692 	1356.918 	0.124 	0.448 	0.394 	
-14.837 	1148.600 	859.717 	-0.045 	0.343 	0.245 	
1013.067 	-422.871 	541.710 	0.262 	-0.119 	0.168 	
419.541 	-1400.151 	1318.642 	0.060 	-0.416 	0.394 	
-102.820 	1316.643 	449.260 	-0.077 	0.391 	0.147 	
812.549 	-1311.712 	1203.183 	0.196 	-0.398 	0.353 	
322.775 	365.128 	662.005 	0.039 	0.108 	0.199 	
-504.833 	1351.430 	-1366.793 	-0.188 	0.399 	-0.405 	
424.835 	452.892 	25.649 	0.092 	0.138 	0.009 	
1105.188 	68.128 	-154.413 	0.267 	0.029 	-0.055 	
-1423.540 	524.965 	-774.609 	-0.490 	0.158 	-0.230 	
230.888 	1022.433 	616.811 	0.010 	0.310 	0.193 	
211.299 	-459.523 	-1.568 	0.015 	-0.145 	0.004 	
-55.379 	-1029.266 	-197.315 	-0.073 	-0.313 	-0.051 	
-873.431 	-252.348 	-302.555 	-0.325 	-0.073 	-0.092 	
-362.086 	650.877 	-1361.431 	-0.147 	0.189 	-0.402 	
318.694 	501.181 	-249.142 	0.058 	0.146 	-0.064 	
-472.621 	1320.074 	399.671 	-0.180 	0.402 	0.127 	
-834.705 	959.958 	-1216.665 	-0.312 	0.283 	-0.371 	
122.422 	1231.020 	1026.790 	-0.019 	0.369 	0.296 	
488.536 	-1377.048 	1182.171 	0.092 	-0.402 	0.353 	
447.093 	-1146.604 	141.024 	0.089 	-0.333 	0.050 	
289.044 	-234.260 	-1074.779 	0.026 	-0.064 	-0.319 	
-1008.007 	399.334 	1236.043 	-0.359 	0.108 	0.376 	
-1376.891 	878.263 	2.317 	-0.468 	0.245 	0.005 	
1264.979 	43.394 	-868.044 	0.331 	0.013 	-0.246 	
-582.470 	-559.706 	-774.212 	-0.220 	-0.155 	-0.237 	
-947.024 	-738.952 	-429.268 	-0.320 	-0.207 	-0.128 	
851.666 	-1277.074 	-787.923 	0.190 	-0.377 	-0.236 	
-938.073 	398.973 	-885.590 	-0.326 	0.123 	-0.248 	
-482.661 	-245.989 	-355.383 	-0.206 	-0.062 	-0.112 	
1277.774 	1417.871 	-766.641 	0.334 	0.435 	-0.219 	
634.207 	-925.692 	-785.152 	0.138 	-0.267 	-0.243 	
-878.251 	1153.818 	-1232.979 	-0.313 	0.331 	-0.373 	
-338.774 	-680.473 	-559.107 	-0.133 	-0.204 	-0.166 	
103.873 	-210.201 	403.802 	-0.035 	-0.067 	0.119 	
84.092 	15.578 	62.469 	-0.029 	0.010 	0.015 	
582.058 	1485.509 	-119.420 	0.139 	0.446 	-0.035 	
601.641 	-869.338 	-427.237 	0.145 	-0.257 	-0.124 	
964.405 	600.119 	488.786 	0.233 	0.180 	0.144 	
-1071.451 	-198.468 	799.017 	-0.371 	-0.044 	0.228 	
-303.365 	923.382 	831.475 	-0.137 	0.284 	0.257 	
-876.594 	600.790 	1052.253 	-0.328 	0.180 	0.310 	
-376.842 	-293.261 	-589.309 	-0.154 	-0.076 	-0.167 	
-860.640 	-633.890 	-507.930 	-0.294 	-0.200 	-0.151 	
-867.156 	-6.704 	143.934 	-0.306 	0.009 	0.034 	
-279.224 	-1208.697 	388.311 	-0.121 	-0.349 	0.123 	
449.595 	-168.650 	-36.332 	0.086 	-0.049 	-0.015 	
807.684 	426.832 	724.306 	0.205 	0.127 	0.204 	
78.326 	-157.026 	-1254.082 	-0.040 	-0.040 	-0.368 	
26.570 	-677.825 	-581.584 	-0.035 	-0.190 	-0.176 	
709.903 	-92.304 	1217.773 	0.164 	-0.030 	0.361 	
250.630 	-373.503 	222.648 	0.013 	-0.114 	0.079 	
226.982 	-1195.689 	1287.301 	0.023 	-0.346 	0.388 	
515.679 	249.548 	606.674 	0.104 	0.078 	0.179 	
191.489 	-1105.484 	-132.091 	-0.008 	-0.329 	-0.041 	
147.281 	-1105.198 	-578.324 	-0.019 	-0.323 	-0.175 	
-1126.467 	-1090.657 	-93.103 	-0.387 	-0.314 	-0.024 	
-1124.450 	-852.587 	-384.653 	-0.400 	-0.254 	-0.113 	
1263.651 	-1187.848 	-303.649 	0.338 	-0.359 	-0.101 	
-203.749 	-539.697 	-658.687 	-0.117 	-0.172 	-0.201 	
-223.732 	-198.855 	91.864 	-0.130 	-0.064 	0.029 	
-413.500 	1032.740 	-724.622 	-0.167 	0.315 	-0.222 	
-519.454 	479.716 	448.922 	-0.211 	0.152 	0.125 	
-181.229 	385.380 	-700.897 	-0.118 	0.122 	-0.207 	
-1056.664 	-868.487 	577.068 	-0.354 	-0.251 	0.170 	
704.381 	-962.335 	-243.753 	0.170 	-0.283 	-0.064 	
1080.783 	262.886 	1024.625 	0.259 	0.084 	0.303 	
-1104.303 	742.171 	967.999 	-0.370 	0.220 	0.280 	
-494.794 	343.603 	406.684 	-0.214 	0.101 	0.118 	
-667.669 	-1058.927 	1472.416 	-0.243 	-0.301 	0.442 	
-720.193 	-765.684 	89.432 	-0.266 	-0.234 	0.039 	
-806.176 	138.281 	-1022.642 	-0.285 	0.040 	-0.307 	
1196.078 	18.167 	-1092.187 	0.320 	0.002 	-0.321 	
279.201 	475.271 	1224.498 	0.042 	0.149 	0.359 	
-746.313 	707.023 	638.430 	-0.265 	0.204 	0.182 	
-400.609 	717.840 	946.615 	-0.153 	0.210 	0.281 	
-1169.570 	1051.164 	202.970 	-0.402 	0.329 	0.063 	
-299.731 	-459.999 	-595.785 	-0.133 	-0.149 	-0.164 	
-402.036 	-1078.564 	260.398 	-0.172 	-0.317 	0.091 	
1442.543 	1208.266 	-907.737 	0.397 	0.364 	-0.271 	
139.946 	-926.431 	-879.564 	0.005 	-0.274 	-0.273 	
-687.481 	-1216.579 	-1072.194 	-0.255 	-0.376 	-0.314 	
535.059 	1536.398 	-601.390 	0.102 	0.464 	-0.188 	
442.513 	-788.725 	1107.206 	0.072 	-0.240 	0.331 	
1524.988 	-117.502 	-901.635 	0.416 	-0.040 	-0.271 	
510.411 	-196.581 	235.108 	0.091 	-0.059 	0.068 	
396.540 	1354.516 	-725.345 	0.059 	0.406 	-0.218 	
-867.399 	-566.757 	-545.042 	-0.304 	-0.153 	-0.159 	
-467.383 	1260.785 	-321.170 	-0.191 	0.358 	-0.089 	
-438.730 	-264.260 	-1137.845 	-0.173 	-0.077 	-0.337 	
675.490 	-1304.169 	-611.532 	0.159 	-0.396 	-0.173 	
971.447 	-366.597 	-31.867 	0.232 	-0.098 	0.001 	
1391.261 	17.236 	817.325 	0.377 	0.006 	0.244 	
765.734 	1021.022 	-1383.725 	0.193 	0.303 	-0.417 	
-1050.398 	407.786 	903.092 	-0.347 	0.123 	0.264 	
-104.497 	-2.967 	374.395 	-0.070 	0.002 	0.117 	
-369.728 	1078.752 	934.561 	-0.167 	0.325 	0.280 	
1523.942 	1187.684 	-260.789 	0.408 	0.356 	-0.081 	
-1158.607 	173.295 	924.149 	-0.399 	0.038 	0.270 	
-1370.345 	352.022 	-1022.213 	-0.448 	0.110 	-0.306 	
-864.041 	-498.360 	-219.669 	-0.309 	-0.153 	-0.070 	
508.437 	432.617 	-596.695 	0.089 	0.129 	-0.186 	
1097.729 	1360.021 	-880.801 	0.281 	0.416 	-0.272 	
-886.244 	569.064 	-34.167 	-0.315 	0.158 	-0.016 	
295.226 	112.776 	276.828 	0.025 	0.027 	0.081 	
313.123 	-1087.422 	-552.986 	0.028 	-0.324 	-0.167 	
-1018.473 	-166.415 	-701.957 	-0.364 	-0.049 	-0.200 	
1529.524 	921.973 	-874.923 	0.421 	0.282 	-0.264 	
1037.697 	209.622 	772.859 	0.264 	0.071 	0.218 	
430.938 	1236.889 	259.603 	0.073 	0.357 	0.074 	
515.232 	-328.877 	-517.523 	0.093 	-0.104 	-0.143 	
1195.207 	1069.346 	-938.617 	0.295 	0.322 	-0.280 	
1418.970 	327.317 	-409.503 	0.386 	0.099 	-0.121 	
-769.612 	381.556 	-271.306 	-0.292 	0.101 	-0.073 	
-530.283 	-1207.189 	-344.687 	-0.204 	-0.345 	-0.107 	
775.105 	1444.502 	-1369.166 	0.178 	0.437 	-0.407 	
1336.064 	505.220 	-351.124 	0.348 	0.159 	-0.104 	
-904.931 	-845.084 	-841.812 	-0.326 	-0.253 	-0.240 	
-1223.855 	79.165 	720.483 	-0.429 	0.027 	0.221 	
1453.829 	-766.678 	1156.474 	0.396 	-0.227 	0.334 	
1157.429 	83.893 	592.804 	0.280 	0.027 	0.178 	
390.629 	1044.989 	833.866 	0.072 	0.320 	0.250 	
-1219.117 	1172.423 	-917.158 	-0.424 	0.346 	-0.284 	
-1201.338 	114.107 	1322.228 	-0.391 	0.034 	0.396 	
1369.809 	-935.784 	-608.390 	0.359 	-0.292 	-0.184 	
-521.695 	561.729 	571.874 	-0.222 	0.165 	0.175 	
787.647 	910.302 	356.292 	0.182 	0.269 	0.112 	
1103.940 	-173.354 	514.849 	0.287 	-0.056 	0.155 	
1028.875 	461.871 	500.852 	0.247 	0.125 	0.139 	
-961.722 	-285.610 	1226.066 	-0.327 	-0.086 	0.375 	
1441.023 	-1080.152 	653.850 	0.385 	-0.319 	0.198 	
-234.210 	948.915 	-1281.518 	-0.132 	0.281 	-0.382 	
-964.568 	-1060.333 	1700.659 	-0.415 	-0.367 	0.616 	
301.418 	755.062 	37.745 	0.048 	0.222 	0.008 	
409.832 	4.429 	174.020 	0.080 	0.008 	0.061 	
596.030 	1052.195 	1313.916 	0.139 	0.325 	0.390 	
-957.273 	148.118 	-101.950 	-0.341 	0.057 	-0.027 	
-1279.351 	405.568 	-1253.308 	-0.429 	0.124 	-0.366 	
587.081 	682.334 	206.797 	0.136 	0.203 	0.061 	
-302.793 	-958.133 	357.190 	-0.147 	-0.292 	0.102 	
795.225 	-249.816 	-550.518 	0.200 	-0.078 	-0.161 	
-253.720 	-170.371 	970.411 	-0.126 	-0.059 	0.278 	
-1059.182 	999.164 	1331.074 	-0.360 	0.305 	0.408 	
934.340 	-699.437 	84.763 	0.233 	-0.205 	0.040 	
-919.250 	-646.152 	-347.201 	-0.335 	-0.188 	-0.103 	
199.625 	1064.876 	586.477 	0.002 	0.315 	0.173 	
-416.180 	-351.859 	-1283.811 	-0.157 	-0.105 	-0.378 	
-814.927 	53.661 	-1077.360 	-0.307 	0.024 	-0.319 	
144.286 	736.302 	91.264 	0.001 	0.226 	0.025 	
-698.960 	-690.134 	31.827 	-0.265 	-0.194 	0.022 	
-1090.506 	-1275.780 	1360.493 	-0.380 	-0.380 	0.419 	
399.349 	-3.878 	457.399 	0.074 	-0.003 	0.139 	
1455.348 	592.514 	-509.719 	0.378 	0.172 	-0.148 	
1472.988 	-948.849 	979.418 	0.396 	-0.288 	0.293 	
-1341.400 	-727.966 	-7.395 	-0.448 	-0.206 	-0.006 	
-450.285 	214.431 	-1050.970 	-0.196 	0.065 	-0.302 	
148.735 	-108.953 	639.249 	-0.017 	-0.025 	0.196 	
1144.351 	-438.703 	-237.755 	0.274 	-0.137 	-0.071 	
251.138 	-24.514 	-869.144 	0.032 	-0.006 	-0.260 	
1558.073 	-1216.498 	-1541.544 	0.419 	-0.358 	-0.472 	
-44.141 	-822.288 	-282.506 	-0.059 	-0.230 	-0.095 	
-613.718 	1117.150 	1209.256 	-0.226 	0.331 	0.357 	
1053.629 	163.239 	-1060.012 	0.251 	0.048 	-0.317 	
-353.780 	1096.025 	645.236 	-0.166 	0.327 	0.186 	
-882.884 	-333.951 	-539.873 	-0.321 	-0.094 	-0.173 	
160.079 	44.690 	340.799 	-0.012 	0.008 	0.087 	
-395.265 	-618.250 	786.571 	-0.177 	-0.178 	0.233 	
-10.817 	805.225 	281.024 	-0.053 	0.224 	0.089 	
416.022 	-205.440 	-845.486 	0.059 	-0.070 	-0.245 	
-445.528 	-475.021 	1073.452 	-0.180 	-0.125 	0.321 	
1425.187 	-439.298 	-1398.966 	0.378 	-0.141 	-0.414 	
1397.628 	-43.367 	-1159.278 	0.377 	-0.015 	-0.358 	
751.614 	31.164 	1301.070 	0.159 	0.014 	0.386 	
-221.921 	-761.413 	-619.968 	-0.114 	-0.224 	-0.168 	
571.539 	-1434.097 	1247.137 	0.122 	-0.411 	0.370 	
-995.764 	-547.815 	1240.932 	-0.335 	-0.164 	0.364 	
-543.540 	-159.767 	-1144.482 	-0.213 	-0.041 	-0.335 	
1.782 	1140.158 	72.480 	-0.061 	0.345 	0.031 	
602.834 	572.235 	-1186.378 	0.130 	0.164 	-0.351 	
858.020 	849.587 	-1137.300 	0.212 	0.262 	-0.340 	
-1335.991 	186.180 	811.429 	-0.444 	0.059 	0.242 	
-800.803 	-176.558 	1058.947 	-0.290 	-0.070 	0.311 	
73.265 	863.681 	648.038 	-0.042 	0.256 	0.202 	
-99.245 	1338.001 	1217.547 	-0.065 	0.397 	0.362 	
-788.886 	-429.595 	1290.801 	-0.295 	-0.131 	0.380 	
884.135 	763.581 	-399.750 	0.203 	0.225 	-0.112 	
46.282 	-355.585 	402.020 	-0.051 	-0.095 	0.118 	
-817.853 	1224.482 	-1148.333 	-0.295 	0.375 	-0.335 	
1254.743 	1005.461 	140.864 	0.339 	0.301 	0.043 	
1073.530 	1214.994 	432.278 	0.286 	0.360 	0.132 	
-1138.945 	-1239.879 	-649.232 	-0.401 	-0.376 	-0.194 	
1393.216 	-788.112 	807.577 	0.352 	-0.246 	0.241 	
-368.013 	-213.641 	204.564 	-0.142 	-0.064 	0.058 	
-976.951 	302.533 	566.890 	-0.359 	0.090 	0.165 	
-1124.782 	-456.967 	121.935 	-0.401 	-0.136 	0.037 	
1434.461 	752.234 	1165.625 	0.383 	0.219 	0.337 	
1500.386 	-466.146 	-86.567 	0.397 	-0.138 	-0.033 	
394.209 	-1150.516 	-393.568 	0.084 	-0.339 	-0.117 	
-688.670 	613.446 	-399.899 	-0.242 	0.177 	-0.124 	
-69.800 	-1080.505 	-1208.669 	-0.088 	-0.322 	-0.362 	
-1416.855 	-494.600 	1182.313 	-0.479 	-0.157 	0.341 	
-946.155 	252.110 	756.248 	-0.347 	0.075 	0.219 	
410.986 	-1039.554 	613.766 	0.059 	-0.314 	0.190 	
4.001 	-756.780 	112.814 	-0.047 	-0.212 	0.040 	
-96.137 	-146.564 	-452.953 	-0.063 	-0.041 	-0.132 	
275.030 	-583.646 	338.950 	0.017 	-0.162 	0.100 	
-880.430 	-665.461 	29.766 	-0.307 	-0.201 	0.022 	
-1208.477 	581.157 	-222.224 	-0.427 	0.174 	-0.059 	
-945.364 	-981.662 	-848.494 	-0.331 	-0.299 	-0.251 	
1457.073 	-1269.675 	355.683 	0.395 	-0.385 	0.107 	
-453.882 	1251.174 	398.131 	-0.190 	0.363 	0.130 	
-941.566 	-383.238 	-59.804 	-0.317 	-0.128 	-0.014 	
1443.272 	-435.827 	1291.657 	0.381 	-0.135 	0.392 	
328.402 	171.468 	947.931 	0.056 	0.043 	0.288 	
520.130 	-256.070 	-957.860 	0.098 	-0.084 	-0.274 	
-216.860 	661.726 	39.311 	-0.122 	0.199 	0.007 	
1601.931 	1313.353 	798.800 	0.421 	0.398 	0.230 	
-876.331 	-517.853 	1740.166 	-0.325 	-0.162 	0.540 	
-1031.393 	294.964 	-888.368 	-0.345 	0.084 	-0.265 	
-512.562 	-169.755 	466.723 	-0.213 	-0.037 	0.141 	
1487.001 	-638.081 	-1114.710 	0.383 	-0.188 	-0.329 	
-703.991 	549.809 	148.562 	-0.257 	0.160 	0.040 	
-283.519 	859.733 	74.341 	-0.140 	0.242 	0.022 	
407.423 	174.613 	1215.161 	0.078 	0.066 	0.356 	
-322.340 	-660.362 	432.517 	-0.137 	-0.202 	0.131 	
-679.129 	790.368 	588.102 	-0.241 	0.227 	0.183 	
682.467 	500.679 	345.327 	0.153 	0.144 	0.120 	
-60.392 	-86.478 	483.651 	-0.079 	-0.020 	0.150 	
1324.125 	-869.284 	976.655 	0.335 	-0.254 	0.299 	
440.750 	1171.820 	-62.450 	0.091 	0.352 	-0.013 	
-668.529 	563.051 	761.994 	-0.243 	0.177 	0.221 	
-1231.849 	-401.839 	-1128.489 	-0.411 	-0.110 	-0.337 	
1385.748 	618.462 	865.929 	0.357 	0.199 	0.253 	
857.178 	-921.104 	-467.292 	0.219 	-0.270 	-0.140 	
-502.014 	-118.433 	860.280 	-0.203 	-0.029 	0.240 	
22.920 	-581.023 	1355.942 	-0.051 	-0.182 	0.390 	
-99.324 	-1080.701 	1213.438 	-0.079 	-0.333 	0.344 	
-1230.846 	910.999 	-934.332 	-0.409 	0.263 	-0.286 	
1071.908 	-261.061 	-193.798 	0.283 	-0.080 	-0.052 	
541.947 	604.355 	666.078 	0.113 	0.194 	0.207 	
-249.425 	-481.574 	-746.566 	-0.125 	-0.155 	-0.212 	
-416.170 	-279.362 	384.022 	-0.188 	-0.081 	0.115 	
-967.578 	143.640 	199.250 	-0.320 	0.041 	0.062 	
980.201 	-151.427 	-142.557 	0.236 	-0.051 	-0.040 	
776.371 	-610.426 	781.197 	0.194 	-0.178 	0.237 	
-221.535 	-587.634 	908.858 	-0.131 	-0.182 	0.267 	
-1305.346 	4.374 	996.959 	-0.442 	0.002 	0.295 	
-661.898 	217.093 	312.645 	-0.262 	0.068 	0.093 	
1362.530 	-907.586 	-27.045 	0.347 	-0.282 	-0.012 	
-143.963 	307.235 	-739.753 	-0.097 	0.079 	-0.209 	
-344.138 	514.144 	1261.289 	-0.140 	0.145 	0.377 	
1099.000 	-871.330 	-294.006 	0.280 	-0.258 	-0.082 	
1455.843 	-159.890 	-663.053 	0.393 	-0.052 	-0.188 	
1289.074 	1163.722 	1495.001 	0.329 	0.344 	0.447 	
1143.604 	-1405.868 	-743.747 	0.290 	-0.414 	-0.210 	
1242.562 	410.954 	438.697 	0.332 	0.120 	0.124 	
1524.836 	-794.826 	453.062 	0.420 	-0.236 	0.136 	
260.796 	-1079.099 	806.261 	0.032 	-0.308 	0.243 	
473.783 	131.840 	-1013.873 	0.105 	0.040 	-0.303 	
1372.533 	905.158 	647.148 	0.348 	0.273 	0.202 	
-293.611 	-263.125 	4.220 	-0.151 	-0.082 	0.005 	
-849.166 	83.893 	-957.056 	-0.308 	0.015 	-0.296 	
289.248 	650.766 	451.807 	0.026 	0.199 	0.147 	
-835.812 	36.872 	963.401 	-0.299 	0.027 	0.285 	
-400.172 	-446.262 	1252.325 	-0.175 	-0.150 	0.366 	
-1251.081 	661.814 	368.762 	-0.433 	0.203 	0.112 	
-1316.197 	671.263 	1131.433 	-0.429 	0.197 	0.341 	
-366.218 	-206.448 	1004.423 	-0.162 	-0.052 	0.290 	
1483.841 	-944.792 	-1103.096 	0.384 	-0.281 	-0.341 	
279.191 	-1365.258 	1381.692 	0.019 	-0.411 	0.411 	
-633.121 	726.198 	261.293 	-0.231 	0.216 	0.075 	
-1197.860 	499.993 	1031.143 	-0.392 	0.147 	0.311 	
-923.494 	-17.757 	812.421 	-0.308 	-0.001 	0.241 	
170.293 	651.979 	830.213 	-0.014 	0.184 	0.248 	
367.681 	-418.596 	-144.300 	0.070 	-0.123 	-0.042 	
414.227 	211.082 	202.987 	0.066 	0.048 	0.059 	
-351.726 	-1006.657 	487.086 	-0.142 	-0.309 	0.141 	
484.237 	-259.931 	448.299 	0.097 	-0.078 	0.122 	
1017.417 	367.124 	772.765 	0.265 	0.113 	0.218 	
677.492 	143.087 	-793.755 	0.143 	0.044 	-0.236 	
375.374 	68.737 	-414.910 	0.059 	0.026 	-0.127 	
-1346.455 	-1026.803 	1396.796 	-0.461 	-0.308 	0.425 	
-806.370 	1279.594 	808.622 	-0.294 	0.375 	0.250 	
-431.489 	-1204.089 	1001.929 	-0.173 	-0.353 	0.295 	
-160.595 	-270.740 	957.927 	-0.099 	-0.094 	0.273 	
-274.346 	-242.257 	-311.810 	-0.147 	-0.076 	-0.099 	
1600.416 	493.079 	1381.975 	0.436 	0.151 	0.411 	
-271.156 	-1224.501 	-1208.755 	-0.117 	-0.364 	-0.362 	
689.189 	1410.128 	-178.948 	0.156 	0.430 	-0.061 	
482.879 	1454.526 	-1373.340 	0.105 	0.438 	-0.402 	
-119.480 	950.488 	541.142 	-0.082 	0.288 	0.163 	
-428.903 	896.448 	-114.660 	-0.179 	0.263 	-0.048 	
276.531 	567.389 	-1531.526 	0.033 	0.163 	-0.470 	
-497.257 	168.947 	-410.959 	-0.187 	0.055 	-0.117 	
68.600 	111.462 	-873.188 	-0.021 	0.034 	-0.269 	
1128.900 	843.970 	-398.029 	0.302 	0.249 	-0.119 	
-1211.130 	874.204 	-865.765 	-0.415 	0.265 	-0.270 	
1348.579 	1273.767 	789.330 	0.370 	0.378 	0.237 	
-854.786 	877.628 	895.974 	-0.313 	0.257 	0.279 	
563.754 	487.298 	1003.070 	0.106 	0.134 	0.298 	
-1384.084 	877.971 	-779.546 	-0.471 	0.268 	-0.237 	
-731.958 	1264.476 	-465.875 	-0.259 	0.373 	-0.129 	
-769.149 	575.607 	407.344 	-0.267 	0.166 	0.132 	
-35.050 	-475.161 	711.786 	-0.066 	-0.127 	0.198 	
84.681 	-579.772 	-1203.338 	-0.026 	-0.156 	-0.357 	
-1267.744 	-402.329 	-667.192 	-0.415 	-0.121 	-0.207 	
997.538 	142.588 	-223.809 	0.252 	0.047 	-0.050 	
1112.757 	-5.329 	-162.779 	0.277 	-0.010 	-0.033 	
-473.759 	-249.402 	1209.906 	-0.199 	-0.079 	0.354 	
1289.817 	-842.839 	-781.828 	0.340 	-0.241 	-0.241 	
563.487 	-170.120 	676.161 	0.111 	-0.045 	0.200 	
1522.664 	-1300.711 	-768.835 	0.415 	-0.379 	-0.238 	
532.179 	-954.570 	152.779 	0.110 	-0.281 	0.035 	
-274.868 	-1211.530 	72.340 	-0.136 	-0.363 	0.021 	
462.908 	1191.942 	-167.624 	0.098 	0.339 	-0.050 	
900.602 	-255.259 	-270.487 	0.214 	-0.062 	-0.076 	
-450.632 	-175.369 	49.309 	-0.178 	-0.062 	0.021 	
-76.498 	878.817 	-222.274 	-0.087 	0.266 	-0.066 	
868.951 	-1039.707 	-1338.328 	0.221 	-0.316 	-0.410 	
-1040.364 	979.656 	325.504 	-0.367 	0.291 	0.113 	
-147.464 	-625.544 	934.064 	-0.103 	-0.179 	0.264 	
712.841 	772.668 	-35.974 	0.146 	0.232 	-0.015 	
1025.511 	1224.591 	-1110.488 	0.252 	0.372 	-0.326 	
-1132.484 	237.559 	11.488 	-0.391 	0.057 	0.011 	
1015.333 	732.802 	200.958 	0.250 	0.209 	0.070 	
-1347.576 	1367.113 	1383.904 	-0.460 	0.399 	0.418 	
298.391 	233.874 	534.019 	0.048 	0.068 	0.148 	
860.639 	-341.330 	-153.344 	0.198 	-0.109 	-0.038 	
1308.795 	726.977 	1085.648 	0.328 	0.218 	0.321 	
-95.711 	-165.047 	-182.358 	-0.089 	-0.057 	-0.040 	
1308.392 	-1050.879 	-1044.142 	0.354 	-0.311 	-0.311 	
1092.135 	-38.481 	-520.908 	0.277 	-0.009 	-0.159 	
-1123.723 	-1192.224 	-204.730 	-0.386 	-0.354 	-0.047 	
-984.191 	1213.246 	1271.074 	-0.349 	0.376 	0.371 	
902.081 	-1466.427 	937.241 	0.217 	-0.453 	0.277 	
987.763 	-937.280 	-172.276 	0.241 	-0.277 	-0.039 	
1511.056 	-1281.180 	1269.973 	0.415 	-0.381 	0.375 	
-504.956 	-252.908 	-541.744 	-0.198 	-0.070 	-0.156 	
1621.392 	1252.650 	824.045 	0.450 	0.379 	0.239 	
845.017 	633.074 	-584.205 	0.186 	0.188 	-0.178 	
96.029 	1082.101 	-409.166 	-0.016 	0.329 	-0.116 	
-1396.284 	281.408 	-561.004 	-0.477 	0.083 	-0.158 	
-1593.984 	1240.634 	2064.979 	-0.522 	0.378 	0.617 	
573.022 	-270.199 	1127.637 	0.136 	-0.078 	0.330 	
-599.138 	-303.348 	-400.432 	-0.243 	-0.086 	-0.114 	
-1286.204 	529.885 	1094.114 	-0.419 	0.160 	0.323 	
-553.122 	668.275 	-733.792 	-0.212 	0.199 	-0.233 	
34.080 	175.087 	-246.898 	-0.026 	0.046 	-0.075 	
-1148.667 	-198.311 	-646.526 	-0.402 	-0.054 	-0.192 	
123.475 	-379.659 	-209.110 	-0.015 	-0.122 	-0.067 	
1528.412 	-165.871 	-79.644 	0.409 	-0.049 	-0.036 	
-181.684 	378.200 	224.052 	-0.115 	0.108 	0.082 	
707.713 	-1066.852 	-119.544 	0.145 	-0.315 	-0.042 	
1026.520 	-1250.242 	-559.198 	0.261 	-0.367 	-0.179 	
-684.645 	-829.579 	561.934 	-0.242 	-0.250 	0.164 	
-194.015 	854.966 	1087.466 	-0.109 	0.245 	0.320 	
820.817 	1359.959 	924.373 	0.195 	0.419 	0.274 	
-1418.564 	690.559 	-154.630 	-0.475 	0.218 	-0.052 	
-50.174 	47.813 	-970.378 	-0.069 	0.006 	-0.284 	
-596.317 	496.476 	-1294.427 	-0.222 	0.136 	-0.377 	
-1141.222 	-368.480 	181.740 	-0.399 	-0.119 	0.055 	
700.208 	497.386 	514.504 	0.160 	0.153 	0.140 	
401.843 	-275.843 	-1069.240 	0.059 	-0.088 	-0.315 	
332.900 	1017.097 	517.294 	0.054 	0.297 	0.149 	
131.272 	371.077 	736.901 	-0.016 	0.120 	0.213 	
-511.551 	-894.166 	920.573 	-0.201 	-0.262 	0.279 	
90.829 	-166.913 	-490.899 	-0.030 	-0.051 	-0.138 	
-261.595 	1346.331 	812.798 	-0.139 	0.389 	0.249 	
-682.246 	320.883 	-114.814 	-0.246 	0.088 	-0.022 	
-1126.721 	-750.911 	123.477 	-0.401 	-0.219 	0.037 	
1029.113 	-524.595 	-1426.421 	0.264 	-0.155 	-0.431 	
-1086.492 	1569.936 	-701.348 	-0.382 	0.482 	-0.204 	
-498.251 	623.879 	-1314.403 	-0.184 	0.189 	-0.391 	
1080.565 	-644.509 	-229.073 	0.269 	-0.180 	-0.062 	
234.060 	265.934 	-238.501 	0.013 	0.087 	-0.071 	
-290.409 	1154.596 	-561.406 	-0.144 	0.344 	-0.165 	
-224.449 	146.615 	949.517 	-0.123 	0.052 	0.274 	
-940.302 	-1038.803 	1250.114 	-0.344 	-0.302 	0.373 	
734.614 	979.949 	887.214 	0.176 	0.277 	0.262 	
237.755 	886.168 	1161.046 	0.030 	0.261 	0.352 	
583.938 	644.320 	-760.531 	0.115 	0.177 	-0.226 	
944.906 	738.799 	-1242.499 	0.233 	0.218 	-0.378 	
194.509 	-521.446 	-1083.579 	0.005 	-0.168 	-0.321 	
-941.837 	724.135 	-492.741 	-0.344 	0.207 	-0.143 	
759.515 	53.044 	-17.886 	0.182 	0.019 	0.001 	
-1032.822 	1138.882 	63.251 	-0.377 	0.335 	0.024 	
-468.123 	-1070.578 	-449.301 	-0.190 	-0.315 	-0.140 	
379.191 	-683.153 	-1086.473 	0.046 	-0.207 	-0.324 	
-178.320 	-364.076 	861.242 	-0.117 	-0.106 	0.258 	
-16.627 	-1279.730 	571.951 	-0.051 	-0.385 	0.178 	
965.609 	672.404 	-954.102 	0.252 	0.196 	-0.284 	
197.746 	780.672 	-731.900 	0.011 	0.240 	-0.229 	
106.560 	987.098 	-842.113 	-0.029 	0.290 	-0.245 	
-672.725 	982.337 	-574.634 	-0.239 	0.296 	-0.171 	
-1363.206 	-523.048 	154.356 	-0.462 	-0.162 	0.056 	
-827.996 	-400.073 	-750.625 	-0.279 	-0.123 	-0.221 	
1614.060 	-888.652 	1316.466 	0.433 	-0.264 	0.385 	
-1291.782 	626.941 	-236.376 	-0.441 	0.195 	-0.068 	
-47.606 	-498.181 	669.712 	-0.087 	-0.138 	0.201 	
-319.703 	-477.293 	-1003.614 	-0.134 	-0.144 	-0.285 	
-516.828 	-1313.156 	1217.133 	-0.208 	-0.388 	0.358 	
-51.717 	-476.593 	690.991 	-0.078 	-0.147 	0.209 	
173.330 	-1281.139 	293.665 	0.009 	-0.389 	0.088 	
-318.049 	-182.582 	80.765 	-0.162 	-0.061 	0.027 	
-400.061 	-439.244 	-496.221 	-0.174 	-0.137 	-0.139 	
-360.439 	-632.500 	851.409 	-0.093 	-0.138 	0.164 	
583.680 	-1158.805 	730.449 	0.131 	-0.356 	0.215 	
-758.703 	-223.809 	735.940 	-0.262 	-0.076 	0.218 	
1363.250 	681.088 	-1091.136 	0.373 	0.206 	-0.328 	
-123.413 	754.682 	1301.798 	-0.090 	0.215 	0.378 	
513.812 	1100.107 	872.297 	0.117 	0.324 	0.257 	
924.192 	929.105 	582.957 	0.239 	0.282 	0.175 	
782.971 	-813.000 	262.772 	0.184 	-0.231 	0.082 	
-460.297 	-238.547 	-943.224 	-0.196 	-0.061 	-0.268 	
-743.821 	856.235 	484.937 	-0.257 	0.254 	0.152 	
254.412 	-500.821 	844.148 	0.014 	-0.152 	0.252 	
516.772 	-947.261 	697.209 	0.103 	-0.296 	0.212 	
-322.598 	-977.463 	88.960 	-0.155 	-0.273 	0.025 	
272.923 	-840.895 	-155.293 	0.020 	-0.253 	-0.057 	
3.466 	-863.922 	-391.780 	-0.065 	-0.250 	-0.113 	
1214.454 	-199.611 	-1126.059 	0.313 	-0.058 	-0.332 	
683.782 	290.798 	1325.168 	0.139 	0.090 	0.398 	
-912.032 	628.386 	850.288 	-0.319 	0.190 	0.263 	
1503.634 	-795.039 	1302.779 	0.411 	-0.231 	0.400 	
-866.607 	468.500 	222.238 	-0.298 	0.142 	0.058 	
175.745 	193.394 	1196.108 	0.002 	0.071 	0.349 	
-1376.395 	625.831 	896.163 	-0.463 	0.202 	0.267 	
-424.559 	-876.530 	263.180 	-0.183 	-0.273 	0.078 	
763.314 	-154.179 	-746.400 	0.186 	-0.037 	-0.227 	
-423.046 	-1263.001 	1431.089 	-0.176 	-0.378 	0.441 	
-1045.856 	1127.259 	100.274 	-0.370 	0.339 	0.023 	
358.628 	-1359.496 	-1242.453 	0.055 	-0.398 	-0.366 	
-1395.248 	-347.506 	-1325.542 	-0.453 	-0.106 	-0.393 	
-585.254 	5.668 	-836.127 	-0.240 	-0.000 	-0.248 	
79.573 	83.804 	-128.046 	-0.019 	0.020 	-0.038 	
-1370.146 	-341.498 	1380.501 	-0.462 	-0.112 	0.416 	
-410.014 	-35.910 	-120.016 	-0.169 	-0.022 	-0.018 	
1355.605 	-691.021 	801.524 	0.358 	-0.215 	0.250 	
-1218.853 	-1037.948 	-1084.510 	-0.420 	-0.306 	-0.317 	
-1188.371 	382.148 	-12.119 	-0.387 	0.108 	-0.003 	
315.602 	431.815 	-1312.444 	0.054 	0.137 	-0.395 	
-849.312 	351.921 	616.258 	-0.291 	0.092 	0.188 	
1455.602 	-1290.872 	945.765 	0.374 	-0.395 	0.283 	
-357.114 	808.718 	-914.919 	-0.143 	0.231 	-0.274 	
-1382.348 	118.777 	748.625 	-0.462 	0.033 	0.227 	
668.269 	-1052.373 	1159.630 	0.142 	-0.312 	0.353 	
-1355.101 	978.506 	-118.039 	-0.453 	0.291 	-0.044 	
-1285.384 	596.886 	449.902 	-0.422 	0.170 	0.146 	
287.948 	-996.594 	274.726 	0.048 	-0.304 	0.082 	
-428.712 	-1012.878 	619.588 	-0.176 	-0.314 	0.193 	
361.281 	-736.631 	-1250.100 	0.071 	-0.226 	-0.365 	
-1078.299 	-709.868 	620.827 	-0.366 	-0.203 	0.183 	
-1332.528 	-534.499 	-682.757 	-0.460 	-0.164 	-0.209 	
852.932 	-1253.565 	-1203.734 	0.211 	-0.387 	-0.354 	
-1214.850 	-865.656 	-1003.586 	-0.414 	-0.261 	-0.313 	
419.124 	-415.653 	-100.181 	0.075 	-0.121 	-0.024 	
768.895 	1237.228 	645.501 	0.173 	0.372 	0.184 	
1235.939 	320.868 	751.541 	0.309 	0.098 	0.230 	
676.358 	-702.340 	-863.326 	0.158 	-0.222 	-0.247 	
1530.229 	-1258.616 	1068.464 	0.400 	-0.376 	0.328 	
-1239.471 	-622.032 	-230.307 	-0.425 	-0.185 	-0.073 	
-693.231 	1289.148 	598.564 	-0.267 	0.380 	0.190 	
-344.556 	821.713 	1152.821 	-0.157 	0.232 	0.350 	
869.704 	219.854 	1034.890 	0.210 	0.068 	0.310 	
-120.736 	-1105.430 	1170.508 	-0.095 	-0.318 	0.342 	
-1014.603 	718.165 	513.277 	-0.346 	0.222 	0.150 	
947.490 	1090.396 	92.439 	0.237 	0.331 	0.033 	
-687.113 	-525.387 	-547.699 	-0.243 	-0.166 	-0.164 	
-71.503 	-868.158 	1149.809 	-0.075 	-0.272 	0.334 	
1154.897 	189.924 	159.888 	0.292 	0.049 	0.062 	
-1271.703 	-1351.310 	875.320 	-0.419 	-0.410 	0.258 	
-438.141 	-479.425 	-363.856 	-0.169 	-0.128 	-0.112 	
1101.866 	-1066.981 	280.584 	0.279 	-0.310 	0.094 	
-75.478 	726.113 	378.407 	-0.081 	0.201 	0.109 	
-223.648 	-592.510 	-130.094 	-0.124 	-0.164 	-0.044 	
776.238 	71.300 	-766.415 	0.177 	0.023 	-0.216 	
-1067.445 	1184.480 	851.019 	-0.378 	0.360 	0.241 	
1423.660 	-1158.624 	141.341 	0.383 	-0.349 	0.052 	
1234.509 	-47.020 	890.368 	0.328 	-0.014 	0.269 	
407.069 	1152.663 	-11.075 	0.060 	0.354 	-0.006 	
264.993 	340.026 	760.874 	0.043 	0.092 	0.219 	
-1373.677 	938.086 	1209.210 	-0.471 	0.273 	0.362 	
-1039.696 	-355.384 	493.885 	-0.346 	-0.116 	0.150 	
1286.331 	237.381 	-304.843 	0.321 	0.067 	-0.096 	
-716.518 	-255.312 	-1106.384 	-0.248 	-0.075 	-0.324 	
