## Las primeras 200 lineas corresponden a la esfera 1 
##las siguienets 300 lineas a la esfera 2
## Las primeras tres columnas corresponden a la posición en 'x', 'y' y 'z', las siguientes tres a las velocidades
-102.262 	376.626 	295.883 	-24.379 	62.890 	51.089 	
12.846 	-19.070 	-7.633 	15.507 	0.969 	6.133 	
12.982 	-9.482 	-12.380 	16.370 	1.847 	-14.042 	
16.696 	-82.315 	-1.355 	-4.731 	-14.140 	1.276 	
34.587 	-2.170 	2.084 	13.533 	9.769 	-6.037 	
-144.574 	85.316 	159.914 	-14.160 	13.756 	23.039 	
483.455 	-70.734 	624.457 	94.186 	-11.615 	117.679 	
21.988 	4.909 	10.174 	3.014 	5.375 	-3.215 	
2.442 	13.079 	-3.422 	5.982 	-3.522 	1.387 	
2.394 	3.530 	6.041 	2.176 	-10.368 	-0.803 	
1.941 	3.603 	3.592 	-11.588 	0.874 	-3.749 	
8.700 	-8.386 	0.054 	19.031 	0.220 	-1.320 	
48.491 	-4.610 	-68.570 	19.464 	2.295 	-6.672 	
10.820 	-4.969 	-3.992 	-0.130 	6.510 	-1.197 	
21.825 	-15.074 	-0.107 	11.526 	-10.151 	-3.561 	
34.194 	49.396 	-25.745 	8.159 	17.180 	-5.316 	
68.312 	60.918 	129.414 	7.840 	5.862 	17.935 	
5.035 	-18.074 	-12.191 	-2.160 	-14.020 	-5.393 	
14.378 	-62.834 	-92.204 	-5.622 	-8.856 	-22.165 	
18.877 	-123.569 	-99.754 	0.277 	-64.393 	-51.841 	
25.029 	11.572 	10.186 	12.244 	3.052 	8.079 	
37.654 	-17.564 	-33.075 	3.946 	-5.147 	-8.861 	
25.881 	26.426 	-19.176 	1.692 	14.354 	-3.963 	
27.567 	3.978 	-16.206 	11.682 	-2.835 	-13.389 	
107.390 	592.971 	3.897 	23.814 	99.796 	-0.524 	
-12.353 	-10.784 	-3.603 	11.662 	4.313 	-0.613 	
30.776 	-4.249 	-4.370 	10.168 	-5.778 	-1.966 	
37.411 	-36.553 	-18.919 	-1.590 	-12.523 	1.776 	
17.799 	7.321 	-17.629 	17.936 	4.792 	-0.715 	
-12.272 	9.281 	-13.508 	12.441 	3.860 	4.060 	
35.187 	11.960 	0.786 	11.071 	9.404 	7.240 	
25.032 	-9.323 	-2.562 	-10.788 	-8.662 	8.845 	
81.422 	-19.385 	30.345 	18.223 	-3.831 	8.329 	
36.027 	8.864 	-7.692 	15.144 	-8.045 	6.303 	
28.669 	-5.689 	16.082 	0.546 	-6.608 	1.688 	
194.088 	22.500 	-262.287 	50.638 	9.596 	-55.181 	
15.008 	8.243 	-21.453 	1.041 	4.921 	-13.015 	
57.266 	-42.941 	-29.363 	29.905 	-12.812 	-8.477 	
24.440 	117.598 	-13.793 	-2.759 	28.338 	-1.227 	
11.381 	5.180 	1.461 	-1.287 	4.965 	3.116 	
20.080 	-19.855 	-2.543 	10.916 	-9.708 	6.909 	
23.854 	7.616 	-12.925 	17.548 	6.768 	-10.706 	
23.800 	-6.358 	-11.546 	-0.966 	15.018 	12.791 	
-1.532 	2.393 	-14.127 	0.089 	6.186 	-0.757 	
-50.879 	-25.713 	15.458 	-0.336 	-4.306 	7.112 	
7.276 	7.536 	1.027 	16.970 	-3.476 	3.647 	
66.815 	-281.300 	12.145 	5.385 	-52.500 	4.524 	
-10.954 	2.825 	-55.149 	1.597 	1.074 	-4.587 	
8.223 	-9.280 	0.906 	18.372 	4.403 	9.206 	
21.201 	17.035 	0.029 	11.098 	6.231 	7.112 	
23.484 	-10.048 	-14.801 	2.729 	-13.755 	-16.092 	
-4.142 	-4.495 	1.110 	-7.152 	4.200 	-0.061 	
22.542 	-13.969 	-6.996 	10.563 	-7.944 	-13.366 	
19.666 	17.265 	80.019 	13.386 	-0.918 	13.201 	
16.059 	-7.440 	-0.212 	-13.572 	-15.918 	-4.586 	
2.863 	-21.726 	11.833 	12.882 	-10.782 	10.290 	
23.252 	-11.814 	-10.737 	18.872 	-8.931 	0.394 	
1303.930 	-1074.226 	-612.197 	216.685 	-176.578 	-101.354 	
59.546 	22.370 	38.452 	8.140 	9.132 	6.392 	
22.497 	8.134 	-35.064 	12.387 	-3.724 	-17.511 	
86.168 	-94.144 	-57.192 	9.932 	-13.732 	-9.255 	
-30.056 	-10.646 	7.279 	3.439 	-2.466 	4.573 	
10.799 	-1.270 	-1.954 	-7.509 	-2.407 	-6.313 	
-130.665 	169.177 	-6.789 	-25.438 	42.298 	-0.514 	
27.111 	13.593 	6.120 	16.978 	-9.502 	1.718 	
117.480 	-78.114 	-161.744 	26.573 	-10.195 	-24.168 	
39.671 	-4.354 	2.182 	16.248 	-8.904 	9.419 	
83.509 	27.285 	73.066 	12.747 	12.617 	7.398 	
-16.765 	41.868 	-69.925 	3.006 	14.838 	-25.972 	
29.507 	-39.353 	-0.197 	13.960 	-19.073 	4.748 	
20.472 	-13.251 	-13.088 	19.825 	-7.387 	0.350 	
-200.350 	-5.498 	263.650 	-35.587 	3.442 	58.767 	
-10.986 	6.845 	2.857 	1.767 	5.609 	-1.951 	
15.083 	8.588 	5.612 	-6.536 	-3.323 	-2.659 	
2.180 	-2.347 	-0.478 	-3.227 	2.580 	0.303 	
51.978 	-82.540 	-99.133 	13.627 	-20.104 	-20.762 	
-46.644 	-13.073 	-81.689 	-9.979 	7.101 	-16.138 	
36.352 	-1.474 	-23.241 	7.909 	1.217 	-4.507 	
19.743 	-0.476 	-13.164 	-5.088 	-3.057 	2.159 	
1.966 	-1.738 	1.543 	17.515 	2.620 	6.313 	
-28.672 	122.518 	74.942 	-25.197 	66.854 	41.426 	
9.599 	-1.387 	1.329 	-9.926 	0.749 	4.518 	
9.549 	3.515 	0.114 	-10.397 	-1.009 	-7.890 	
5.836 	1.102 	0.513 	-11.733 	-3.974 	1.069 	
24.474 	6.188 	-10.009 	18.625 	5.610 	-4.507 	
-52.640 	-57.438 	57.107 	-1.935 	-5.349 	14.442 	
2.967 	-24.050 	9.584 	5.986 	-9.137 	-9.707 	
-16.865 	-10.215 	5.896 	-3.918 	4.956 	-5.019 	
1.752 	-0.824 	2.426 	20.248 	-4.079 	0.476 	
23.885 	-30.446 	-17.737 	17.432 	-3.763 	-1.550 	
167.774 	-158.848 	32.190 	32.118 	-21.385 	5.073 	
-21.183 	4.361 	-34.947 	-4.001 	6.211 	0.342 	
32.200 	-14.694 	5.985 	10.472 	-9.473 	4.242 	
29.313 	-16.684 	2.295 	6.313 	-14.946 	-7.071 	
35.160 	12.982 	12.762 	-0.532 	8.931 	-6.654 	
66.520 	-7.866 	9.575 	17.611 	-6.490 	1.364 	
47.510 	6.370 	5.639 	21.893 	10.043 	4.083 	
17.118 	-18.188 	13.246 	16.579 	1.073 	1.705 	
30.952 	0.467 	0.803 	23.651 	3.094 	-12.410 	
26.833 	-14.917 	5.143 	-5.036 	9.093 	1.900 	
-35.347 	-23.856 	27.005 	-57.033 	-12.858 	23.746 	
22.144 	21.950 	10.717 	-2.662 	4.133 	-2.224 	
4.951 	-45.273 	-0.302 	4.913 	-12.118 	-2.003 	
20.866 	5.562 	8.046 	-2.323 	-0.057 	-2.681 	
-311.475 	1506.638 	1514.415 	-39.638 	223.968 	228.787 	
35.959 	-3.802 	7.819 	15.392 	-2.432 	10.536 	
-16.616 	114.763 	78.093 	-10.115 	23.308 	14.776 	
29.962 	25.594 	-8.691 	-1.811 	4.670 	-6.120 	
9.490 	-7.312 	13.925 	-4.268 	-2.724 	19.625 	
29.414 	-20.728 	17.898 	20.883 	-3.457 	6.036 	
64.696 	42.941 	-5.867 	17.069 	5.649 	4.510 	
7.920 	3.425 	3.657 	-6.207 	-18.081 	-3.845 	
40.833 	68.133 	13.397 	1.369 	4.615 	-2.052 	
15.352 	-8.078 	55.661 	-3.501 	-8.829 	12.696 	
-33.637 	-22.082 	61.525 	-9.726 	-1.986 	14.209 	
6.879 	8.116 	-0.481 	16.817 	-2.972 	4.197 	
17.426 	-11.670 	5.468 	3.461 	-0.535 	-3.592 	
6.978 	-23.108 	-8.449 	16.270 	-11.063 	3.114 	
17.402 	-8.961 	13.886 	2.261 	3.911 	6.338 	
205.310 	-381.314 	-265.326 	27.019 	-63.199 	-42.359 	
46.905 	-2.841 	7.222 	10.863 	7.797 	10.372 	
20.640 	36.699 	-22.859 	6.583 	-3.328 	-4.872 	
19.389 	9.895 	-6.959 	4.950 	4.393 	-1.567 	
-3.991 	282.409 	0.438 	-7.368 	48.159 	2.273 	
-6.226 	6.945 	-1.352 	-9.488 	6.272 	-1.297 	
15.778 	1.704 	9.854 	4.988 	-13.168 	1.175 	
-8.985 	9.978 	11.806 	10.255 	1.844 	3.639 	
-0.453 	55.843 	26.375 	-11.348 	26.578 	14.886 	
17.294 	10.141 	12.045 	7.078 	8.434 	-3.180 	
-1349.919 	1092.101 	625.038 	-214.797 	175.569 	99.762 	
80.981 	9.024 	28.390 	7.785 	2.725 	2.678 	
71.060 	18.473 	35.156 	10.587 	7.328 	-0.502 	
8.881 	-6.624 	-7.912 	-10.501 	-0.130 	6.179 	
-7.732 	-19.503 	9.250 	-2.695 	-1.109 	0.308 	
2.308 	-3.420 	-1.708 	-8.672 	5.489 	13.522 	
16.967 	-6.883 	-15.577 	5.517 	0.677 	-7.329 	
-38.420 	-70.118 	-47.693 	-30.608 	-33.673 	-21.798 	
-71.070 	15.965 	44.207 	-2.281 	1.698 	8.495 	
20.390 	4.594 	5.401 	-8.870 	0.597 	4.636 	
229.772 	-1498.103 	-1549.450 	41.112 	-224.335 	-228.331 	
47.975 	-6.251 	1.176 	22.329 	7.627 	6.793 	
27.088 	94.496 	52.734 	-3.086 	24.163 	9.112 	
25.070 	-17.363 	111.190 	2.106 	-6.082 	20.500 	
10.950 	4.187 	3.546 	-6.688 	-1.295 	-0.686 	
15.026 	-18.810 	5.673 	-9.239 	2.156 	0.885 	
7.379 	-7.897 	-9.335 	-11.523 	-2.108 	3.789 	
21.442 	16.311 	-1.627 	-0.670 	7.440 	0.278 	
39.937 	-13.738 	-54.446 	8.345 	-5.952 	-23.323 	
20.034 	3.121 	-20.960 	-10.027 	-5.633 	3.888 	
17.487 	-13.107 	29.713 	16.495 	-2.494 	5.076 	
22.443 	6.313 	9.339 	13.291 	1.965 	16.886 	
33.686 	37.332 	-28.741 	17.630 	9.135 	-3.972 	
8.131 	-13.791 	-1.810 	-10.179 	7.069 	-1.341 	
-465.650 	61.393 	-625.281 	-89.771 	13.976 	-124.338 	
53.201 	-37.094 	-62.027 	8.060 	0.224 	-9.842 	
18.308 	-45.141 	18.382 	-5.762 	1.069 	-1.105 	
76.388 	-24.279 	-17.064 	22.536 	0.141 	2.372 	
24.395 	-6.489 	5.783 	-4.920 	4.091 	4.037 	
27.009 	-6.303 	2.837 	15.484 	-2.821 	-3.781 	
-18.898 	-17.816 	-102.057 	-3.979 	-5.859 	-12.417 	
-13.541 	-55.814 	-77.860 	7.253 	-10.980 	-8.468 	
89.211 	-78.340 	-38.266 	38.372 	-20.963 	-20.557 	
-15.237 	-6.720 	-57.457 	-6.999 	5.239 	-12.879 	
-0.633 	43.414 	16.783 	8.430 	14.752 	7.858 	
38.177 	-30.836 	-27.891 	4.174 	-5.272 	-9.568 	
17.411 	9.181 	5.183 	-13.077 	-3.430 	2.341 	
35.755 	-11.896 	42.571 	6.960 	0.815 	-0.459 	
18.997 	3.614 	9.349 	7.964 	-15.712 	-4.999 	
61.878 	-12.168 	8.825 	55.464 	1.349 	1.917 	
3.780 	0.881 	1.722 	-7.245 	-1.059 	0.437 	
1.736 	-1.309 	0.443 	16.615 	1.904 	1.582 	
28.652 	-4.343 	12.675 	17.208 	2.885 	-1.405 	
2.866 	1.301 	2.241 	-8.594 	6.706 	8.290 	
-7.385 	-67.058 	-120.105 	-5.035 	-13.985 	-19.495 	
-1.367 	-9.495 	-20.399 	-5.560 	-5.610 	-13.845 	
19.263 	1.070 	-0.311 	-0.461 	-4.299 	-2.303 	
19.773 	-15.987 	-2.072 	-5.431 	-2.092 	3.758 	
0.790 	-0.186 	7.886 	9.049 	-1.350 	-13.664 	
-55.757 	-56.309 	46.243 	-8.661 	-11.181 	15.240 	
-4.559 	19.250 	13.086 	4.075 	12.209 	7.838 	
-14.261 	76.594 	115.816 	-5.930 	26.110 	42.315 	
12.624 	-60.803 	-35.973 	-3.419 	-7.812 	-8.125 	
-154.708 	-599.226 	-11.025 	-20.136 	-99.568 	-3.012 	
5.650 	-11.255 	2.508 	-8.744 	1.157 	-5.637 	
-68.533 	74.090 	18.129 	-19.758 	33.378 	-0.304 	
-0.499 	2.038 	11.622 	2.319 	10.357 	3.333 	
20.001 	3.901 	5.023 	13.947 	8.627 	6.544 	
17.904 	4.915 	6.448 	-7.315 	-4.411 	1.174 	
17.970 	3.958 	9.384 	10.360 	-3.108 	6.852 	
4.065 	33.221 	-3.137 	15.055 	-1.557 	0.081 	
77.581 	39.320 	-56.777 	15.719 	9.569 	-7.885 	
-32.229 	-28.944 	59.156 	5.580 	-1.328 	11.228 	
22.182 	-5.188 	4.135 	-4.852 	3.324 	-5.121 	
11.282 	-2.641 	-4.231 	15.783 	-0.044 	6.300 	
10.559 	21.296 	-30.231 	-6.472 	-2.736 	3.883 	
24.336 	-12.828 	-4.682 	0.102 	-11.431 	-4.113 	
41.777 	-28.084 	-21.508 	-1.825 	-7.775 	-5.136 	
-1.710 	19.602 	-1.321 	-17.967 	5.090 	-7.708 	
66.094 	52.051 	-19.367 	20.725 	10.804 	4.327 	
9.728 	13.966 	1.758 	13.806 	-1.370 	2.998 	
113.918 	-8.342 	-31.350 	10.363 	0.454 	-11.607 	
172.463 	-46.789 	3.962 	22.842 	-8.931 	-7.161 	
108.160 	0.407 	-0.857 	15.458 	-0.130 	4.225 	
139.664 	-1.753 	0.327 	-2.410 	7.961 	0.793 	
95.698 	-116.243 	82.120 	-8.230 	-15.915 	13.966 	
120.201 	-0.582 	-3.402 	3.408 	-7.362 	-7.624 	
115.143 	-32.890 	-80.915 	-4.152 	-22.664 	-25.718 	
165.968 	18.701 	109.732 	-7.349 	3.006 	7.877 	
97.761 	-1.452 	0.709 	7.157 	-0.353 	-0.015 	
111.811 	-205.005 	-23.746 	3.575 	-33.469 	0.063 	
171.406 	0.179 	3.617 	-18.835 	-3.432 	7.899 	
124.519 	2.833 	-9.579 	0.844 	-2.505 	9.300 	
165.755 	5.554 	0.603 	-8.024 	9.095 	8.608 	
140.106 	-2.947 	-2.820 	-2.528 	13.236 	7.195 	
171.372 	-13.285 	-30.478 	2.996 	7.343 	8.874 	
233.408 	122.034 	17.897 	54.259 	73.078 	-5.088 	
193.998 	-42.396 	-105.238 	18.283 	-4.278 	-33.915 	
129.871 	-71.480 	-14.678 	-9.492 	-1.088 	-1.550 	
168.871 	-23.270 	-3.882 	-9.804 	1.177 	7.475 	
150.655 	14.151 	-11.050 	0.900 	-13.818 	-2.791 	
172.434 	-11.371 	-65.700 	-10.287 	1.883 	-12.413 	
163.822 	0.035 	-3.350 	-2.664 	-1.916 	-15.379 	
139.980 	-27.245 	-44.930 	-13.072 	-7.581 	-0.366 	
158.355 	-10.172 	7.919 	-14.237 	-5.126 	-6.641 	
156.146 	5.592 	-2.342 	-14.895 	-6.428 	-2.334 	
198.507 	-24.385 	91.094 	7.323 	-4.897 	3.836 	
127.217 	10.349 	-5.152 	3.974 	-2.417 	16.739 	
157.223 	6.765 	-0.266 	-17.458 	-10.982 	1.731 	
305.364 	289.703 	-19.036 	19.771 	52.465 	-5.700 	
105.638 	2.425 	12.306 	0.179 	4.162 	10.522 	
127.779 	-7.729 	1.794 	24.103 	-17.399 	-1.905 	
153.973 	10.359 	-4.265 	-10.179 	-19.195 	0.608 	
-3143.684 	36.534 	-24513.977 	-510.073 	9.006 	-3862.755 	
216.369 	81.650 	-3.259 	8.321 	19.610 	-11.167 	
191.848 	-120.422 	-61.333 	20.562 	-47.233 	-27.690 	
115.533 	-6.331 	0.208 	1.076 	-13.446 	-2.776 	
-25.520 	2.970 	1055.759 	-16.723 	-2.107 	163.173 	
141.458 	-6.875 	11.882 	7.020 	6.385 	-10.534 	
392.455 	-56.332 	510.798 	47.964 	-9.701 	116.601 	
110.831 	-40.439 	-15.516 	-41.487 	-59.274 	1.528 	
53.310 	-262.326 	33.809 	-29.573 	-54.572 	4.740 	
117.699 	1.187 	-2.395 	-6.564 	16.199 	-12.908 	
128.740 	1.555 	8.353 	5.924 	-3.282 	-22.201 	
143.545 	6.073 	-17.024 	-2.219 	0.221 	13.188 	
162.170 	-8.624 	0.097 	-5.854 	7.939 	-16.480 	
159.615 	9.852 	-1.833 	-4.369 	-10.874 	18.962 	
169.011 	70.203 	28.187 	1.971 	12.690 	10.765 	
17.308 	26.763 	-56.606 	-60.597 	20.814 	-34.829 	
131.645 	10.010 	-10.355 	-0.680 	-12.027 	10.579 	
177.431 	27.921 	64.563 	16.534 	24.376 	19.040 	
133.454 	-6.430 	5.446 	-9.664 	8.187 	-24.178 	
172.081 	-0.605 	37.635 	-6.253 	4.778 	20.091 	
178.877 	16.496 	-1.412 	-6.545 	-11.519 	-1.398 	
166.780 	1.408 	3.846 	2.458 	-2.278 	11.601 	
597.780 	398.653 	444.769 	94.030 	74.275 	79.098 	
57.785 	51.624 	2.592 	-9.568 	7.763 	-2.013 	
129.283 	3.628 	8.718 	4.514 	17.966 	-5.617 	
188.742 	-14.623 	49.131 	14.975 	-2.822 	21.349 	
165.823 	-3.466 	1.092 	-3.544 	-8.464 	12.813 	
162.932 	-9.589 	-36.978 	-7.014 	-8.297 	-19.272 	
135.932 	27.113 	-43.332 	-23.745 	14.035 	-10.564 	
105.670 	45.002 	-9.655 	-49.704 	22.694 	-2.897 	
107.383 	37.685 	-27.766 	-10.067 	4.156 	9.101 	
143.992 	16.475 	-11.479 	-2.659 	-15.635 	2.125 	
90.511 	-33.115 	56.996 	-0.827 	-8.392 	3.556 	
175.770 	-9.682 	-2.147 	-10.985 	-4.345 	8.550 	
176.504 	14.590 	-9.214 	6.763 	12.240 	1.773 	
116.743 	-1.430 	-7.992 	15.934 	0.780 	2.256 	
50.573 	-104.912 	1.451 	-23.769 	-24.511 	-4.528 	
132.623 	11.766 	-6.379 	2.653 	-0.166 	15.627 	
112.978 	-0.873 	-0.540 	8.504 	-3.340 	3.219 	
104.121 	18.678 	-9.212 	-0.317 	7.966 	1.190 	
158.867 	6.491 	7.580 	-2.613 	5.115 	-14.642 	
135.128 	-140.096 	93.321 	9.005 	-23.763 	16.540 	
107.922 	4.313 	1.978 	-18.391 	7.893 	-4.460 	
138.275 	0.257 	-4.088 	5.366 	4.061 	-15.315 	
127.082 	4.605 	3.432 	-5.126 	-8.082 	-2.240 	
147.154 	17.287 	-5.339 	0.401 	-11.429 	14.028 	
80.199 	-49.057 	-44.128 	-23.704 	-6.249 	-23.711 	
132.557 	-21.977 	3.361 	3.753 	-9.870 	17.747 	
138.515 	-31.977 	-11.556 	43.805 	-40.713 	-11.298 	
243.222 	-31.339 	-83.409 	8.857 	3.479 	-12.246 	
155.763 	11.056 	-4.709 	-26.472 	0.319 	-9.247 	
167.086 	-153.596 	-14.859 	10.470 	-28.132 	8.667 	
156.871 	-5.240 	8.428 	-9.301 	6.017 	-12.913 	
127.148 	0.079 	-4.442 	-2.074 	8.805 	15.171 	
224.190 	22.205 	-42.580 	16.037 	6.325 	-15.606 	
-88.650 	-34.672 	0.013 	-39.862 	-6.377 	4.921 	
153.619 	4.359 	-183.488 	1.662 	10.848 	-29.770 	
154.789 	-8.328 	0.762 	-20.037 	-6.916 	5.866 	
259.732 	161.270 	-34.191 	12.175 	40.332 	-8.543 	
135.776 	4.767 	3.934 	-5.374 	2.500 	-8.578 	
157.776 	3.808 	-4.658 	6.095 	-8.251 	-0.234 	
157.328 	7.201 	23.018 	-10.245 	4.545 	28.588 	
166.192 	11.849 	-9.571 	0.596 	-18.905 	8.180 	
11.880 	-5.504 	51.088 	-49.259 	-18.604 	15.774 	
159.039 	2.356 	13.807 	-12.343 	-5.721 	5.843 	
60.547 	268.758 	69.449 	-6.337 	66.526 	16.988 	
161.580 	2.676 	7.636 	-3.116 	12.374 	-14.716 	
116.475 	8.864 	-4.042 	14.472 	-4.266 	-4.204 	
100.717 	-19.146 	10.439 	-38.646 	-8.835 	6.820 	
160.029 	-4.583 	2.990 	-21.049 	-3.993 	19.337 	
267.701 	52.340 	0.252 	37.042 	5.403 	-6.981 	
139.599 	19.850 	34.516 	-18.597 	-0.247 	3.439 	
171.266 	-2.698 	0.131 	-16.417 	6.597 	-13.515 	
152.428 	-27.669 	20.570 	4.194 	7.748 	-6.908 	
214.259 	10.762 	-0.048 	9.819 	8.408 	2.701 	
67.788 	-151.459 	168.690 	-7.947 	-24.472 	18.946 	
90.938 	-5.020 	89.840 	-15.037 	8.265 	12.210 	
136.300 	-14.709 	-9.328 	-1.378 	17.053 	5.333 	
127.372 	-22.252 	-31.975 	-29.947 	-7.142 	-35.809 	
123.165 	6.547 	-10.315 	-33.376 	5.282 	0.008 	
166.397 	-0.307 	24.634 	-11.239 	4.080 	3.804 	
139.085 	-7.952 	12.381 	4.929 	7.150 	8.185 	
153.244 	17.541 	-0.455 	-2.283 	-18.196 	-8.162 	
-596.584 	-267.892 	1414.339 	-146.591 	-47.730 	254.229 	
992.930 	260.811 	-1416.024 	139.719 	47.543 	-255.664 	
132.223 	5.056 	11.618 	0.497 	7.297 	-6.694 	
150.574 	18.338 	-0.655 	-4.649 	-17.350 	-8.138 	
124.928 	-6.190 	2.696 	5.936 	10.522 	-17.142 	
79.039 	-97.727 	4.661 	-60.277 	-88.197 	-15.165 	
223.246 	23.310 	-64.375 	19.432 	-4.060 	-3.935 	
-35.747 	30.457 	-504.985 	-50.232 	10.329 	-116.124 	
982.923 	16.467 	614.882 	143.267 	6.022 	110.908 	
167.015 	8.506 	-43.292 	-8.756 	10.185 	-27.103 	
133.069 	-13.112 	23.715 	17.904 	-3.939 	9.707 	
180.129 	13.884 	20.349 	-12.445 	2.106 	4.628 	
93.441 	-2.243 	11.464 	1.546 	9.744 	-2.235 	
115.415 	-2.878 	-3.991 	5.530 	-9.909 	-7.247 	
155.405 	9.455 	9.251 	-7.240 	11.202 	-15.837 	
102.580 	-94.764 	23.041 	-17.700 	-19.204 	-4.755 	
109.973 	-13.676 	-13.362 	7.906 	-6.154 	-3.704 	
168.671 	-22.080 	11.262 	-11.060 	-1.797 	5.360 	
146.183 	22.553 	40.014 	12.650 	4.183 	36.527 	
152.723 	18.105 	46.960 	-4.260 	8.312 	-4.012 	
122.824 	-8.256 	3.171 	-13.133 	-7.797 	-12.562 	
104.949 	12.671 	-14.722 	-3.145 	-14.768 	6.023 	
161.327 	-95.865 	38.397 	-5.970 	-7.703 	-1.069 	
92.898 	-7.513 	-13.212 	-0.511 	-2.844 	-2.639 	
106.491 	53.633 	-31.281 	0.450 	0.996 	0.036 	
158.308 	-22.251 	40.045 	-15.208 	-0.991 	-1.217 	
135.151 	3.893 	-14.294 	0.000 	3.654 	14.609 	
169.060 	-7.802 	6.881 	-12.772 	-8.537 	5.782 	
674.262 	-484.358 	-1375.418 	107.343 	-98.216 	-263.645 	
170.129 	-19.587 	-19.975 	-5.068 	9.049 	-11.913 	
91.046 	16.904 	-7.805 	-1.350 	7.273 	-2.683 	
154.663 	-8.110 	11.386 	-4.486 	8.116 	-10.078 	
124.012 	1.314 	12.429 	-11.536 	-4.911 	26.362 	
-458.082 	522.111 	1383.154 	-108.210 	93.472 	261.554 	
87.608 	19.723 	-43.281 	-9.740 	-0.768 	-14.359 	
133.868 	-19.223 	17.383 	-8.122 	5.886 	4.003 	
174.377 	140.832 	-117.161 	9.225 	20.060 	-25.857 	
210.801 	-65.968 	-421.608 	20.032 	-8.245 	-65.914 	
157.353 	-61.582 	-27.798 	1.828 	-15.486 	8.321 	
120.514 	9.248 	1.034 	13.044 	-2.408 	-5.940 	
121.426 	-50.606 	184.536 	-3.817 	1.580 	31.440 	
92.845 	-48.020 	99.298 	-23.242 	-3.414 	14.422 	
94.528 	-7.330 	1.058 	3.790 	-0.264 	0.625 	
107.016 	-6.313 	25.389 	-7.839 	5.602 	17.388 	
166.311 	-2.664 	-3.216 	3.144 	5.364 	-5.467 	
152.633 	3.954 	3.691 	-17.193 	-1.922 	0.292 	
138.194 	-78.389 	-8.644 	12.308 	-22.247 	-5.283 	
175.824 	-19.749 	-71.940 	0.101 	3.638 	-23.904 	
141.599 	-16.179 	5.789 	-17.115 	6.048 	-9.151 	
422.480 	-219.174 	-282.146 	55.426 	-37.925 	-46.377 	
163.344 	0.443 	-1.861 	-8.118 	-13.791 	-19.708 	
-14.629 	-44.499 	-1.024 	-38.455 	-15.713 	-9.656 	
201.425 	21.560 	-1081.739 	17.872 	0.734 	-162.623 	
106.011 	-13.149 	-10.758 	9.027 	6.046 	-1.505 	
148.095 	-6.798 	-5.202 	6.857 	7.426 	17.339 	
132.546 	1.830 	2.779 	5.504 	13.399 	-23.920 	
153.153 	9.227 	-3.992 	1.109 	-0.190 	16.105 	
84.517 	95.807 	42.261 	-0.044 	27.441 	10.795 	
103.409 	-25.413 	-33.455 	-18.356 	-5.377 	3.981 	
17.728 	-851.439 	236.318 	-30.065 	-126.225 	36.187 	
195.177 	198.247 	-25.764 	13.468 	44.499 	-11.867 	
248.482 	25.890 	-108.695 	4.098 	7.886 	-18.750 	
104.933 	-4.561 	-11.071 	3.178 	-8.256 	-6.300 	
198.992 	13.484 	-12.302 	-2.481 	-3.575 	-6.567 	
138.433 	7.064 	4.843 	-1.113 	-5.282 	-0.018 	
165.696 	-0.226 	-3.869 	-12.472 	0.470 	-3.296 	
93.864 	-34.580 	18.433 	-3.954 	-9.227 	7.024 	
-631.388 	-35.349 	-599.024 	-147.264 	-3.281 	-107.401 	
280.807 	56.275 	16.671 	33.724 	5.535 	5.717 	
144.329 	9.972 	-0.562 	-3.521 	-15.784 	4.532 	
109.318 	2.530 	0.062 	10.169 	-2.682 	0.460 	
133.853 	33.320 	-54.787 	7.017 	-3.454 	-4.082 	
73.272 	41.564 	9.078 	-43.599 	56.726 	14.849 	
154.912 	10.436 	-5.110 	-0.947 	-17.583 	0.897 	
142.025 	0.070 	-3.763 	-4.848 	-5.298 	-8.957 	
164.805 	5.250 	2.491 	-8.608 	-1.246 	8.070 	
130.806 	2.096 	-8.020 	-2.972 	2.265 	18.801 	
125.648 	-0.259 	-2.585 	-1.188 	4.973 	1.794 	
-26.065 	92.345 	435.547 	-17.586 	16.784 	69.358 	
159.061 	3.473 	-1.119 	-22.039 	4.549 	1.607 	
55.335 	-222.055 	51.997 	-15.951 	-42.681 	4.552 	
75.029 	238.604 	24.785 	-1.930 	31.233 	6.379 	
150.058 	-40.506 	-3.378 	-7.731 	2.037 	9.581 	
176.044 	9.853 	31.308 	7.877 	-4.674 	-9.008 	
119.103 	0.746 	-4.526 	-3.375 	-12.511 	-12.092 	
-419.559 	-411.749 	-461.347 	-92.318 	-73.961 	-86.758 	
143.945 	18.400 	-44.239 	6.456 	13.601 	-5.265 	
126.645 	10.877 	-11.866 	10.644 	-3.809 	6.074 	
164.835 	59.092 	-10.170 	-6.470 	10.366 	-9.354 	
187.048 	66.691 	4.380 	30.323 	40.361 	19.299 	
159.864 	-6.606 	4.051 	-3.070 	21.813 	-3.088 	
164.473 	-3.316 	4.553 	1.058 	5.841 	12.687 	
386.980 	800.016 	-220.389 	26.194 	125.413 	-33.385 	
170.418 	24.162 	-29.631 	-2.850 	16.534 	5.435 	
194.728 	-31.374 	-8.217 	1.575 	-5.807 	10.786 	
131.195 	-2.347 	-1.372 	-4.533 	-21.092 	3.545 	
128.062 	-5.112 	11.225 	-7.147 	-6.492 	-0.340 	
155.923 	-8.076 	-11.371 	-11.752 	-0.421 	-3.493 	
120.216 	-281.702 	-40.571 	8.560 	-70.840 	-10.568 	
161.446 	3.716 	-2.981 	3.883 	-3.856 	6.174 	
164.103 	4.556 	11.151 	-3.592 	15.464 	-12.145 	
116.094 	17.236 	-20.596 	-3.259 	0.616 	11.039 	
122.761 	-2.571 	1.154 	7.696 	14.006 	-13.225 	
62.731 	-191.077 	40.835 	-26.862 	-29.679 	6.175 	
135.022 	-14.889 	-11.256 	-6.405 	-6.077 	2.652 	
115.811 	2.226 	-1.555 	17.007 	4.673 	4.144 	
157.549 	2.574 	-5.896 	-17.559 	14.433 	2.305 	
-267.024 	212.167 	304.239 	-57.727 	32.460 	49.254 	
152.199 	14.826 	-9.852 	2.942 	-20.134 	10.606 	
117.111 	15.679 	1.490 	8.688 	-1.816 	2.612 	
-40.146 	-3.369 	62.442 	-26.796 	2.913 	12.011 	
176.399 	-18.521 	-52.461 	-7.680 	-10.181 	-20.495 	
144.333 	16.460 	2.987 	7.485 	-8.979 	4.194 	
174.122 	-8.490 	0.506 	-7.559 	-11.771 	10.064 	
174.600 	9.009 	-3.949 	-7.056 	11.348 	-4.337 	
111.626 	2.442 	-0.414 	-10.036 	-5.451 	-6.879 	
108.121 	5.005 	-1.280 	16.870 	12.409 	-4.508 	
116.670 	-7.267 	-0.323 	1.097 	-11.781 	-9.632 	
113.907 	-6.443 	-3.581 	-1.058 	-10.614 	-8.119 	
171.405 	3.438 	0.502 	-14.703 	5.354 	-1.034 	
209.900 	24.280 	27.108 	2.580 	1.590 	15.189 	
151.725 	-39.144 	-11.593 	-2.811 	-11.382 	2.529 	
226.409 	102.877 	17.893 	19.853 	24.853 	-0.924 	
132.506 	2.430 	-0.866 	-0.332 	-13.878 	-3.159 	
157.046 	-6.259 	7.722 	1.923 	13.219 	-18.467 	
156.426 	8.117 	-1.978 	-21.272 	-7.069 	-0.042 	
155.483 	11.319 	-22.024 	5.400 	1.589 	10.011 	
180.502 	8.594 	-10.744 	-14.808 	4.645 	-11.115 	
120.170 	-7.819 	-7.466 	-1.149 	5.464 	7.800 	
110.560 	2.092 	-4.813 	9.283 	3.227 	-0.716 	
154.843 	9.670 	-11.635 	3.968 	-6.350 	-3.682 	
102.987 	0.947 	-13.780 	-0.219 	0.843 	-27.298 	
131.895 	3.038 	7.210 	-2.801 	-7.303 	-18.332 	
115.170 	13.698 	-22.265 	0.507 	7.295 	4.931 	
160.006 	-1.841 	3.171 	-2.619 	17.656 	14.666 	
110.996 	6.723 	1.975 	1.937 	14.046 	-1.041 	
106.028 	2.493 	6.852 	11.060 	3.883 	-1.446 	
179.663 	3.021 	2.586 	-9.412 	4.410 	-13.826 	
127.077 	-1.159 	0.348 	-0.273 	-7.841 	-14.879 	
227.358 	16.873 	-57.343 	27.572 	6.138 	-6.094 	
122.183 	135.548 	119.541 	-16.322 	22.574 	26.022 	
3332.588 	-66.217 	24534.039 	509.801 	-7.174 	3861.419 	
95.435 	-10.334 	-6.595 	3.998 	-1.489 	-1.781 	
166.086 	0.730 	0.168 	-14.795 	-7.001 	12.935 	
152.430 	1.158 	-34.725 	-18.681 	-0.570 	-1.764 	
162.523 	-11.266 	0.915 	-7.912 	20.005 	3.643 	
157.627 	4.111 	-0.888 	0.398 	-7.544 	18.028 	
65.148 	29.684 	123.776 	-16.078 	13.537 	24.960 	
59.103 	138.597 	-32.374 	-14.297 	37.398 	5.144 	
230.728 	86.300 	31.967 	6.184 	13.962 	10.800 	
80.880 	-19.644 	28.035 	-4.776 	-5.877 	9.493 	
152.344 	-15.321 	49.094 	-4.375 	3.229 	-3.403 	
165.256 	-2.944 	4.611 	-16.509 	-7.630 	7.618 	
132.448 	-13.296 	-12.717 	-22.403 	0.550 	4.544 	
162.924 	3.263 	-7.677 	-18.324 	3.736 	0.333 	
151.149 	-5.198 	-4.832 	-6.901 	-14.707 	-1.370 	
129.798 	-1.451 	-8.912 	1.397 	16.188 	11.225 	
132.717 	-9.650 	-5.930 	-17.249 	10.180 	-3.187 	
62.346 	135.162 	74.286 	-24.455 	39.580 	18.741 	
154.157 	4.657 	-7.654 	-1.894 	-1.135 	-3.087 	
222.695 	-119.445 	-129.973 	5.495 	-32.545 	-27.784 	
136.828 	7.339 	-2.552 	0.631 	-17.891 	-7.353 	
181.990 	-11.955 	3.168 	50.386 	-52.411 	12.782 	
102.249 	15.799 	1.549 	0.813 	10.046 	8.093 	
186.467 	-13.206 	63.193 	-0.953 	-2.834 	36.746 	
168.115 	80.808 	-54.836 	8.265 	26.900 	-14.809 	
160.060 	2.708 	-4.216 	-25.587 	5.435 	-1.357 	
134.029 	45.953 	10.101 	-9.699 	6.372 	12.802 	
102.173 	-21.308 	-15.491 	5.689 	-6.930 	-3.232 	
101.294 	-0.475 	16.107 	-2.517 	-0.553 	18.410 	
274.338 	29.649 	-64.669 	41.314 	-5.379 	-21.541 	
203.463 	-47.505 	29.657 	76.383 	-32.137 	27.628 	
183.085 	32.470 	-8.725 	-12.675 	9.551 	-4.938 	
157.527 	1.106 	-2.643 	2.298 	-5.885 	-11.523 	
147.065 	-9.536 	5.533 	-8.584 	5.780 	-8.063 	
166.532 	7.619 	-3.575 	-2.064 	10.735 	-2.999 	
96.386 	32.100 	15.257 	-18.850 	32.808 	-2.860 	
109.033 	6.273 	-5.198 	13.892 	-0.341 	0.396 	
100.905 	-3.808 	-9.087 	6.105 	1.722 	0.308 	
168.769 	38.496 	12.411 	-8.619 	11.693 	12.250 	
47.064 	151.632 	-77.819 	-6.149 	23.245 	-10.979 	
104.794 	5.728 	4.397 	-6.394 	8.917 	16.231 	
184.108 	46.509 	16.142 	-3.062 	13.478 	-0.591 	
160.389 	0.989 	4.893 	-0.445 	9.762 	-14.995 	
39.715 	-5.133 	45.047 	-19.759 	-10.761 	15.888 	
