## Las primeras 500 lineas corresponden a la esfera 1 
##las siguienets 500 lineas a la esfera 2
## Las primeras tres columnas corresponden a la posición en 'x', 'y' y 'z', las siguientes tres a las velocidades
184.755 	-9.450 	64.613 	-0.105 	0.044 	0.018 	
30.091 	-44.769 	31.964 	0.070 	-0.038 	0.044 	
15.990 	-60.999 	-1.372 	0.018 	-0.050 	0.080 	
-1078.890 	1292.746 	-190.921 	-0.337 	0.402 	-0.072 	
-0.074 	-9.982 	80.041 	-0.098 	0.110 	0.083 	
89.445 	-10.009 	25.315 	-0.005 	-0.056 	-0.064 	
5.590 	-8.363 	-59.186 	0.026 	0.024 	-0.024 	
125.370 	-82.813 	54.120 	-0.124 	0.081 	0.022 	
16.496 	-60.739 	8.738 	-0.188 	-0.021 	0.019 	
128.501 	9.587 	44.030 	-0.028 	0.058 	0.066 	
-206.281 	1127.078 	-607.762 	-0.073 	0.382 	-0.205 	
15.616 	-65.778 	6.408 	-0.019 	-0.076 	0.093 	
805.479 	-1074.646 	758.146 	0.267 	-0.352 	0.252 	
34.873 	48.338 	22.618 	0.067 	-0.037 	0.002 	
124.812 	-26.101 	38.735 	-0.152 	-0.149 	-0.006 	
-4.226 	-13.247 	6.360 	-0.107 	-0.145 	0.019 	
92.283 	-32.681 	39.598 	-0.149 	-0.128 	0.135 	
149.881 	-108.607 	-60.770 	0.001 	-0.030 	0.152 	
11.446 	-67.363 	-21.019 	-0.040 	-0.030 	-0.021 	
32.440 	-77.856 	0.413 	-0.134 	0.087 	0.075 	
12.549 	-105.978 	10.866 	-0.098 	0.056 	0.152 	
-60.811 	-70.189 	20.181 	-0.108 	0.103 	0.111 	
10.173 	27.476 	3.424 	-0.024 	-0.015 	-0.017 	
-4.345 	47.128 	-35.674 	-0.069 	0.033 	-0.020 	
24.056 	-19.170 	42.875 	0.184 	0.006 	0.063 	
29.682 	-32.319 	20.021 	0.141 	0.015 	0.136 	
6.162 	-48.675 	15.105 	0.106 	-0.103 	0.021 	
16.404 	-99.774 	37.862 	0.050 	0.023 	-0.014 	
-16.578 	-36.288 	-73.339 	-0.181 	-0.002 	-0.048 	
-35.571 	-20.560 	-46.481 	-0.047 	-0.020 	-0.026 	
-68.909 	107.403 	4.247 	-0.106 	0.060 	0.009 	
56.688 	-67.855 	-29.642 	-0.042 	0.025 	-0.003 	
54.415 	-43.911 	36.225 	0.012 	-0.082 	0.012 	
-8.661 	-66.072 	-10.697 	0.018 	0.033 	-0.006 	
3.971 	-82.673 	45.393 	0.012 	0.069 	-0.067 	
44.466 	-0.049 	31.322 	-0.033 	-0.032 	0.016 	
107.559 	-134.655 	170.053 	-0.048 	-0.090 	0.058 	
-19.831 	-35.709 	0.104 	-0.209 	-0.030 	-0.002 	
-117.892 	-48.300 	78.157 	-0.120 	-0.023 	0.055 	
7.837 	-15.100 	38.323 	0.009 	-0.009 	-0.017 	
21.539 	-88.655 	54.696 	0.008 	-0.081 	0.073 	
36.973 	-52.744 	48.850 	0.038 	-0.065 	0.041 	
49.353 	-40.830 	11.694 	0.186 	-0.051 	0.064 	
134.877 	-25.829 	26.154 	-0.113 	0.034 	0.094 	
6.626 	-5.808 	21.548 	-0.013 	-0.197 	0.170 	
8.036 	-62.214 	-8.270 	-0.050 	-0.010 	-0.089 	
-17.844 	-27.970 	-19.157 	-0.197 	-0.080 	-0.038 	
68.944 	-17.855 	15.975 	0.037 	0.032 	0.058 	
-34.291 	-26.449 	15.358 	-0.031 	-0.211 	-0.073 	
30.261 	-57.071 	30.906 	0.010 	-0.066 	0.129 	
181.861 	125.826 	175.291 	0.016 	0.061 	0.046 	
2.699 	-2.115 	40.755 	-0.151 	-0.005 	0.112 	
-0.668 	-91.290 	46.371 	-0.057 	0.044 	0.038 	
5.834 	-31.890 	21.152 	0.023 	0.035 	0.085 	
7.538 	-34.865 	20.213 	0.030 	-0.117 	0.123 	
45.417 	-75.231 	66.926 	-0.024 	0.018 	0.001 	
5.520 	18.649 	67.139 	-0.098 	-0.099 	-0.124 	
52.545 	-20.417 	17.935 	-0.090 	-0.262 	-0.099 	
61.004 	-38.538 	39.728 	0.148 	-0.270 	0.006 	
9.415 	-27.681 	93.993 	-0.019 	-0.011 	-0.054 	
196.964 	23.118 	56.567 	-0.017 	-0.034 	0.044 	
5.504 	-12.099 	56.307 	0.075 	0.009 	-0.111 	
205.484 	28.679 	49.599 	-0.074 	0.018 	0.016 	
-53.889 	33.068 	14.076 	-0.023 	0.099 	0.026 	
-3.548 	-267.147 	21.959 	0.007 	0.025 	0.003 	
11.458 	-56.009 	36.861 	0.022 	0.102 	0.114 	
-506.157 	-929.405 	-752.197 	-0.180 	-0.291 	-0.239 	
-12.972 	105.757 	-61.719 	0.069 	-0.082 	0.043 	
-28.144 	-70.329 	12.011 	0.026 	0.002 	0.091 	
82.819 	61.420 	81.049 	-0.067 	-0.093 	0.040 	
31.243 	-54.055 	38.305 	0.006 	0.137 	0.015 	
43.542 	-33.042 	6.839 	0.068 	-0.002 	0.018 	
58.352 	-57.107 	40.360 	0.094 	-0.260 	-0.082 	
3.050 	-22.183 	11.270 	-0.105 	-0.126 	0.001 	
18.537 	-23.874 	11.602 	-0.084 	0.106 	0.001 	
118.182 	0.172 	162.492 	-0.146 	-0.021 	0.015 	
15.290 	-12.921 	18.136 	-0.186 	0.183 	0.027 	
448.472 	686.056 	1200.778 	0.135 	0.199 	0.353 	
122.141 	-21.058 	-6.247 	-0.105 	0.115 	-0.061 	
6.387 	-45.626 	66.375 	-0.036 	0.049 	-0.050 	
195.669 	-58.136 	11.516 	-0.065 	-0.022 	-0.072 	
74.367 	0.246 	59.717 	-0.148 	-0.059 	-0.106 	
-17.326 	-32.422 	19.630 	-0.167 	0.165 	0.104 	
-81.361 	-295.002 	420.618 	-0.007 	-0.042 	0.084 	
-16.654 	17.751 	-35.671 	0.026 	-0.016 	0.065 	
99.341 	-34.764 	60.782 	0.199 	-0.028 	0.166 	
9.886 	-31.752 	-47.205 	-0.012 	-0.038 	-0.152 	
175.648 	-36.728 	37.597 	-0.060 	0.019 	0.069 	
52.885 	-43.771 	33.893 	0.040 	-0.134 	0.085 	
26.576 	-52.672 	80.159 	-0.091 	0.054 	0.106 	
-22.293 	-15.851 	29.318 	-0.011 	0.110 	-0.149 	
121.420 	-63.726 	-24.871 	-0.077 	-0.051 	-0.197 	
26.336 	-51.474 	73.804 	-0.107 	0.016 	-0.025 	
105.677 	80.142 	8.612 	-0.112 	0.076 	-0.094 	
86.117 	-23.065 	44.797 	0.004 	0.113 	-0.038 	
40.725 	62.227 	26.575 	0.117 	-0.153 	0.064 	
-31.021 	-67.459 	9.791 	0.076 	0.013 	0.016 	
1921.889 	-2052.010 	-15.192 	0.613 	-0.667 	0.004 	
2821.907 	-2603.652 	-5420.197 	0.871 	-0.795 	-1.651 	
23.402 	-0.235 	29.157 	-0.013 	0.067 	0.020 	
40.945 	-60.523 	-2.669 	-0.024 	0.018 	-0.149 	
171.444 	-15.591 	41.946 	-0.062 	-0.010 	0.119 	
91.114 	-60.014 	-12.837 	-0.011 	0.108 	0.016 	
17.673 	-21.508 	9.732 	-0.112 	-0.157 	0.039 	
2528.813 	-1789.968 	1523.189 	0.754 	-0.524 	0.451 	
-2442.711 	3205.641 	5773.494 	-0.730 	0.971 	1.752 	
1252.708 	-51.052 	108.918 	0.619 	-0.008 	0.049 	
19.577 	-10.777 	21.635 	-0.020 	0.082 	-0.074 	
38.132 	-105.493 	51.861 	0.026 	0.000 	0.105 	
418.777 	-170.133 	173.467 	0.083 	0.022 	0.043 	
21.461 	-32.573 	27.586 	-0.098 	0.028 	-0.090 	
60.408 	-17.573 	6.775 	-0.197 	-0.069 	-0.029 	
-612.582 	-286.571 	70.940 	-0.445 	-0.106 	0.022 	
61.220 	-58.260 	37.797 	0.269 	-0.013 	-0.117 	
27.601 	-29.534 	9.529 	-0.186 	0.075 	-0.054 	
-11.865 	-39.030 	-10.537 	-0.007 	0.015 	-0.000 	
8.518 	-12.728 	51.477 	-0.157 	0.033 	-0.084 	
99.801 	-357.393 	68.560 	0.071 	-0.028 	-0.017 	
21.076 	47.699 	-70.061 	-0.093 	-0.069 	-0.067 	
146.838 	-34.224 	54.711 	-0.134 	-0.034 	-0.026 	
41.633 	-92.699 	-147.811 	-0.110 	-0.038 	-0.060 	
-25.888 	-46.296 	-42.563 	-0.108 	-0.161 	-0.017 	
69.553 	-63.016 	7.333 	-0.005 	-0.015 	-0.104 	
70.489 	7.971 	17.533 	-0.046 	0.088 	0.085 	
306.908 	95.440 	76.628 	0.085 	0.008 	0.006 	
68.532 	-11.690 	41.187 	0.173 	-0.069 	-0.049 	
1.727 	-16.801 	31.147 	-0.073 	-0.105 	-0.027 	
171.826 	-18.915 	-12.871 	-0.058 	-0.072 	-0.043 	
16.784 	-74.852 	25.434 	-0.129 	-0.066 	-0.119 	
43.358 	-96.395 	3.888 	-0.114 	-0.116 	-0.034 	
19.345 	-24.785 	5.478 	-0.159 	-0.097 	0.054 	
142.519 	-14.616 	4.340 	-0.162 	-0.005 	-0.039 	
64.720 	-37.932 	-26.077 	-0.132 	0.020 	0.116 	
26.277 	-25.735 	1.879 	-0.113 	-0.108 	0.144 	
40.578 	-51.082 	23.133 	-0.024 	-0.005 	-0.051 	
-4.005 	-9.685 	-40.847 	0.004 	0.059 	-0.101 	
32.984 	-12.213 	-10.746 	-0.075 	0.035 	0.142 	
112.572 	24.278 	-19.057 	-0.240 	0.025 	0.119 	
-11961.274 	-3558.909 	-7138.604 	-5.694 	-1.675 	-3.368 	
-1947.378 	1646.719 	-993.797 	-0.556 	0.481 	-0.285 	
10.152 	-64.436 	92.309 	-0.020 	-0.070 	0.098 	
-636.738 	-118.727 	425.041 	-0.296 	-0.061 	0.178 	
444.764 	40.463 	-9.728 	0.220 	0.024 	-0.065 	
57.576 	24.389 	27.674 	-0.163 	0.071 	-0.122 	
-20.345 	-22.662 	12.354 	0.005 	-0.027 	-0.007 	
16.721 	-101.400 	85.023 	-0.056 	-0.068 	0.042 	
131.535 	-100.895 	48.560 	-0.075 	0.056 	-0.101 	
182.441 	19.077 	50.642 	-0.055 	-0.055 	-0.052 	
90.617 	-56.819 	-42.453 	0.096 	-0.003 	0.079 	
-31.502 	-31.223 	18.611 	0.023 	0.057 	-0.027 	
8.775 	23.625 	27.997 	-0.025 	0.024 	0.107 	
212.749 	-27.904 	75.315 	-0.069 	0.043 	0.062 	
40.339 	-25.530 	-4.634 	-0.080 	0.033 	0.094 	
-11.329 	-29.706 	52.704 	-0.044 	-0.103 	0.106 	
0.938 	-33.988 	35.406 	-0.081 	-0.148 	-0.012 	
156.929 	-64.834 	2.957 	-0.109 	0.023 	0.073 	
-31.252 	-71.284 	0.624 	0.043 	0.031 	0.083 	
37.869 	-43.376 	23.947 	0.024 	-0.129 	0.042 	
358.054 	182.292 	-307.561 	0.116 	0.104 	-0.132 	
48.192 	-55.750 	16.061 	-0.084 	0.178 	-0.031 	
49.737 	-5.114 	48.334 	-0.121 	-0.243 	0.053 	
134.158 	-67.917 	51.418 	-0.119 	-0.118 	0.179 	
-20.367 	100.049 	130.117 	-0.095 	0.067 	0.091 	
9.550 	-71.644 	65.116 	-0.027 	-0.100 	-0.064 	
160.329 	-88.939 	29.211 	-0.055 	0.064 	-0.085 	
110.127 	-28.787 	38.179 	-0.171 	-0.059 	0.138 	
23.856 	-50.985 	30.951 	-0.048 	-0.207 	-0.048 	
-32.617 	-97.409 	58.091 	-0.039 	-0.060 	0.089 	
114.528 	24.391 	4.151 	-0.043 	-0.157 	0.092 	
-16.322 	-2.452 	-0.275 	-0.120 	-0.057 	-0.024 	
208.300 	76.583 	-69.716 	0.007 	0.035 	0.038 	
18.073 	-66.209 	30.590 	0.098 	0.017 	0.018 	
72.237 	-19.335 	8.097 	-0.246 	0.001 	-0.003 	
106.271 	-48.263 	-28.456 	-0.049 	-0.134 	0.118 	
12.361 	-49.380 	17.608 	0.081 	-0.048 	-0.038 	
29.531 	-23.840 	43.895 	0.204 	0.178 	0.091 	
65.767 	-55.561 	24.439 	0.008 	-0.008 	-0.005 	
-20.686 	-28.752 	-57.753 	-0.034 	-0.105 	-0.045 	
204.938 	42.454 	-230.637 	0.022 	-0.015 	-0.043 	
-46.120 	-31.886 	25.107 	0.011 	0.125 	0.098 	
-20.713 	-31.921 	25.320 	-0.196 	0.015 	0.131 	
23.188 	-32.280 	20.698 	-0.153 	0.015 	0.226 	
17.324 	-79.391 	22.168 	-0.035 	-0.034 	0.052 	
148.249 	20.105 	27.921 	-0.059 	-0.142 	0.057 	
50.310 	-70.508 	183.626 	-0.095 	-0.006 	0.048 	
-28.017 	-34.408 	5.142 	-0.060 	0.028 	0.071 	
17.456 	80.684 	212.704 	0.075 	0.019 	-0.037 	
-97.473 	139.591 	330.979 	-0.215 	0.113 	0.230 	
37.878 	24.806 	11.417 	-0.145 	0.123 	-0.043 	
272.205 	56.648 	94.179 	0.061 	-0.000 	-0.025 	
-4.811 	-37.277 	-70.496 	-0.104 	-0.040 	0.006 	
24.445 	-54.438 	-3.548 	0.033 	-0.012 	-0.030 	
55.824 	-29.638 	22.842 	0.151 	-0.058 	0.068 	
194.061 	-81.839 	31.672 	-0.015 	0.061 	-0.023 	
183.122 	-27.797 	20.119 	-0.103 	-0.017 	0.025 	
-13.005 	-21.780 	42.783 	0.064 	-0.046 	0.022 	
1987.625 	199.614 	392.012 	0.888 	0.117 	0.177 	
54.599 	13.417 	41.101 	0.001 	-0.086 	-0.109 	
1.321 	25.565 	68.686 	-0.063 	0.079 	0.067 	
-11.207 	-15.505 	90.869 	0.019 	-0.039 	0.010 	
8.175 	-75.723 	-20.047 	-0.059 	-0.000 	-0.094 	
-49.122 	36.495 	61.746 	-0.129 	0.016 	0.065 	
-35.207 	13.793 	108.596 	0.031 	0.081 	0.095 	
-37.175 	-55.486 	9.713 	-0.025 	-0.051 	0.019 	
159.396 	-171.840 	364.650 	0.019 	-0.067 	0.130 	
182.958 	38.271 	117.037 	-0.022 	-0.058 	0.021 	
30.780 	-109.143 	140.750 	-0.006 	0.020 	0.070 	
75.668 	-128.761 	-19.136 	0.414 	-0.444 	-0.151 	
37.179 	-11.498 	10.168 	0.140 	-0.102 	0.091 	
-21.780 	2.809 	51.695 	-0.130 	-0.069 	0.026 	
-1.757 	17.392 	-0.629 	-0.052 	0.073 	-0.100 	
465.098 	-179.206 	120.196 	0.082 	-0.040 	0.002 	
-10.009 	-79.505 	34.798 	-0.129 	-0.041 	0.059 	
-55.029 	-20.521 	2.770 	-0.022 	-0.044 	0.085 	
85.411 	-59.083 	77.948 	-0.126 	0.127 	-0.045 	
295.024 	-79.341 	-55.475 	0.063 	-0.013 	0.007 	
164.621 	-81.285 	-36.846 	-0.031 	-0.014 	0.161 	
212.386 	62.989 	46.133 	0.010 	0.062 	0.044 	
103.746 	38.506 	122.745 	-0.011 	0.084 	0.001 	
-5.219 	-15.761 	52.901 	-0.022 	-0.093 	0.041 	
97.745 	58.782 	41.309 	-0.053 	-0.118 	-0.033 	
-25.749 	-127.191 	23.484 	0.012 	-0.008 	0.086 	
277.700 	11.555 	63.781 	0.033 	-0.005 	-0.038 	
90.316 	-9.417 	27.754 	-0.217 	-0.043 	-0.108 	
37.332 	-28.666 	-17.447 	-0.156 	-0.035 	0.101 	
151.808 	-67.989 	-0.427 	-0.029 	0.088 	0.021 	
-20.212 	1.811 	25.220 	-0.047 	-0.084 	0.032 	
28.700 	-43.572 	44.607 	0.046 	-0.063 	-0.131 	
31.518 	-71.633 	51.355 	-0.088 	-0.090 	0.053 	
151.305 	65.039 	71.575 	-0.070 	-0.052 	0.017 	
158.427 	6.739 	80.753 	-0.062 	-0.101 	0.034 	
19.109 	-74.779 	25.739 	-0.110 	-0.101 	-0.021 	
33.293 	-44.051 	57.403 	-0.232 	-0.034 	0.061 	
137.414 	-41.411 	9.935 	-0.138 	0.144 	0.002 	
122.818 	-119.641 	44.493 	-0.002 	0.096 	-0.032 	
262.921 	-215.216 	-132.066 	0.059 	-0.146 	-0.104 	
-34.416 	-28.656 	25.664 	0.077 	-0.042 	0.038 	
-43.091 	-56.803 	-15.218 	0.025 	-0.099 	-0.066 	
-89.435 	-40.263 	71.940 	-0.138 	-0.086 	-0.022 	
222.295 	44.438 	62.101 	-0.057 	-0.109 	0.053 	
180.865 	-157.661 	10.422 	-0.018 	0.045 	-0.026 	
11.241 	-54.163 	8.672 	-0.090 	-0.093 	-0.064 	
-53.223 	-82.777 	20.044 	-0.023 	0.047 	-0.147 	
111.273 	176.139 	97.242 	0.075 	-0.061 	0.005 	
33.358 	-32.745 	39.792 	0.047 	-0.179 	-0.012 	
75.141 	-27.457 	24.763 	0.352 	-0.067 	-0.118 	
-25.347 	-21.424 	-9.837 	-0.068 	-0.029 	0.057 	
-12.169 	-27.698 	-16.670 	-0.004 	0.112 	0.036 	
37.519 	21.616 	34.759 	-0.113 	-0.131 	-0.166 	
143.426 	-20.149 	68.584 	-0.191 	-0.012 	-0.071 	
1053.334 	647.748 	238.111 	0.333 	0.217 	0.073 	
180.639 	-140.079 	53.167 	-0.029 	0.037 	-0.027 	
44.242 	-45.479 	-3.053 	-0.154 	-0.149 	0.019 	
150.340 	-47.432 	263.063 	0.077 	0.013 	-0.026 	
29.032 	-10.078 	73.454 	-0.069 	0.126 	0.067 	
133.056 	25.854 	41.816 	0.014 	-0.114 	0.086 	
-17.431 	-26.144 	46.810 	0.004 	0.074 	-0.170 	
92.276 	-57.245 	163.216 	-0.138 	-0.039 	0.026 	
1117.009 	629.327 	-704.163 	0.347 	0.211 	-0.212 	
-24.388 	-19.683 	34.503 	-0.061 	0.091 	0.068 	
4.377 	-48.256 	18.291 	0.047 	-0.018 	0.057 	
52.147 	-35.968 	47.693 	0.051 	0.152 	-0.047 	
171.279 	84.044 	51.430 	-0.033 	-0.018 	0.056 	
22.273 	-24.398 	47.559 	0.022 	-0.026 	0.053 	
-48.858 	-106.879 	128.550 	-0.114 	-0.087 	-0.023 	
-16.961 	12.580 	8.447 	-0.022 	0.140 	0.105 	
112.838 	35.429 	95.079 	0.002 	0.009 	0.165 	
-1656.776 	-205.474 	-68.984 	-0.716 	-0.066 	-0.025 	
214.051 	37.165 	-6.453 	-0.084 	-0.035 	-0.088 	
120.482 	-13.954 	162.995 	-0.041 	-0.039 	0.018 	
-1.010 	-35.503 	40.146 	0.060 	0.159 	0.042 	
39.960 	-28.919 	-32.635 	0.019 	0.020 	0.083 	
40.554 	10.075 	17.269 	-0.128 	0.022 	-0.067 	
77.196 	-42.697 	-4.618 	-0.044 	-0.040 	-0.039 	
13.080 	2.221 	-34.140 	0.046 	0.037 	0.038 	
16.837 	-52.027 	13.945 	0.057 	-0.046 	-0.019 	
-81.171 	-63.432 	31.094 	0.025 	0.022 	-0.014 	
960.881 	-168.648 	49.675 	0.412 	-0.082 	0.006 	
139.695 	-139.085 	-8.781 	0.024 	-0.077 	-0.070 	
70.461 	-16.206 	17.772 	0.006 	0.142 	-0.000 	
59.619 	26.584 	80.843 	0.053 	-0.086 	0.013 	
70.041 	11.561 	-3.923 	-0.165 	0.101 	-0.048 	
-625.665 	-314.274 	-1382.593 	-0.190 	-0.102 	-0.423 	
-8.259 	-69.987 	-55.336 	-0.064 	-0.035 	-0.002 	
226.042 	-63.837 	-159.144 	0.018 	-0.019 	0.064 	
96.731 	-20.792 	23.001 	0.066 	-0.109 	-0.070 	
94.037 	-32.013 	-7.701 	-0.060 	0.180 	-0.124 	
34.692 	-89.335 	45.797 	-0.002 	0.115 	-0.049 	
-9.641 	-31.233 	43.520 	-0.103 	0.070 	0.161 	
104.108 	10.532 	-136.865 	0.006 	-0.057 	0.097 	
21.744 	-20.827 	100.829 	0.016 	-0.010 	0.021 	
22.111 	-50.232 	7.092 	0.054 	-0.077 	-0.053 	
81.950 	-14.389 	19.689 	-0.151 	-0.177 	-0.068 	
19.049 	-23.916 	44.940 	-0.103 	0.054 	0.118 	
28.837 	-43.588 	43.686 	0.057 	0.016 	-0.019 	
-11.034 	-16.861 	30.403 	-0.101 	-0.026 	-0.059 	
368.752 	-182.547 	33.932 	0.019 	-0.084 	-0.000 	
230.731 	-33.773 	71.222 	-0.015 	0.003 	-0.004 	
74.731 	-9.086 	29.901 	-0.018 	0.038 	-0.056 	
25.687 	-56.452 	6.491 	0.099 	-0.039 	0.120 	
19.000 	-19.289 	21.132 	-0.164 	0.094 	0.026 	
5.979 	-52.677 	-22.875 	-0.021 	0.067 	0.081 	
-6.285 	-19.450 	8.162 	0.093 	-0.013 	-0.057 	
5.410 	-8.934 	41.763 	-0.038 	-0.081 	-0.120 	
34.655 	-43.880 	7.615 	-0.148 	-0.003 	0.192 	
121.477 	-6.957 	-49.051 	-0.124 	-0.003 	0.069 	
151.975 	16.534 	16.388 	-0.017 	-0.140 	0.001 	
21.401 	-95.581 	19.317 	-0.007 	-0.064 	0.160 	
78.004 	-26.470 	-6.059 	0.025 	0.063 	-0.040 	
30.469 	2.389 	112.739 	0.019 	-0.030 	0.021 	
-0.131 	-17.589 	20.013 	-0.016 	-0.020 	0.092 	
-26.115 	-107.658 	5.145 	-0.029 	-0.013 	0.038 	
191.242 	-94.143 	0.948 	0.040 	0.002 	0.083 	
119.349 	-124.931 	-119.835 	-0.053 	-0.080 	-0.048 	
-485.621 	-903.984 	849.762 	-0.183 	-0.289 	0.301 	
-1.456 	61.517 	25.667 	0.125 	-0.130 	0.045 	
-13.293 	26.593 	101.037 	-0.124 	-0.052 	-0.061 	
-94.051 	66.736 	247.629 	0.044 	-0.027 	0.004 	
54.859 	-20.232 	10.378 	0.158 	0.029 	0.006 	
31.332 	-8.655 	28.501 	0.139 	0.014 	0.056 	
-10.439 	-38.641 	87.080 	-0.103 	-0.078 	-0.140 	
-36.893 	-65.550 	-65.325 	-0.015 	-0.022 	-0.073 	
45.718 	-27.808 	50.422 	-0.110 	0.126 	-0.186 	
-12.204 	-14.423 	27.343 	-0.158 	-0.083 	-0.033 	
-63.788 	-88.491 	32.105 	-0.051 	0.023 	-0.010 	
93.824 	-57.754 	22.654 	-0.178 	0.043 	0.098 	
-1.942 	-38.203 	64.909 	-0.124 	-0.130 	0.115 	
45.595 	-18.757 	71.930 	-0.070 	0.056 	0.149 	
33.595 	-28.588 	-8.293 	-0.122 	-0.117 	-0.078 	
-552.666 	2221.081 	231.357 	-0.192 	0.720 	0.084 	
101.992 	5.639 	-88.652 	-0.035 	0.129 	-0.086 	
52.064 	-46.735 	56.545 	0.066 	-0.023 	-0.028 	
9.252 	-4.279 	29.010 	-0.120 	0.047 	-0.098 	
103.103 	-257.728 	-117.705 	0.064 	0.008 	0.019 	
28.406 	-40.840 	39.888 	-0.029 	0.132 	-0.089 	
211.988 	45.054 	49.360 	-0.024 	0.037 	0.023 	
82.074 	-3.861 	14.348 	0.034 	-0.031 	-0.053 	
111.344 	-4.972 	20.438 	0.053 	-0.087 	-0.072 	
80.801 	-8.844 	-64.848 	-0.057 	-0.081 	0.049 	
60.078 	-22.780 	30.268 	-0.310 	0.146 	0.125 	
188.588 	52.321 	-26.736 	-0.005 	-0.009 	0.091 	
-13.039 	-65.632 	21.585 	-0.001 	-0.239 	0.033 	
69.263 	-16.560 	8.940 	-0.235 	-0.138 	0.093 	
26.845 	-25.823 	76.443 	-0.169 	-0.087 	0.036 	
121.277 	-24.312 	25.483 	-0.186 	-0.116 	0.033 	
28.795 	-33.144 	-3.865 	-0.266 	-0.042 	-0.063 	
99.809 	-94.410 	-43.313 	-0.059 	0.035 	0.052 	
19.690 	-49.865 	-1.269 	-0.198 	-0.071 	-0.052 	
-77.810 	-20.975 	9.528 	-0.049 	-0.036 	-0.001 	
188.181 	100.045 	-66.997 	0.006 	-0.005 	-0.049 	
41.564 	0.375 	14.730 	0.049 	-0.065 	-0.016 	
135.886 	11.948 	45.673 	-0.008 	-0.011 	0.026 	
43.544 	-51.982 	32.452 	0.002 	-0.057 	0.033 	
199.651 	-122.842 	-52.059 	-0.023 	0.022 	-0.008 	
63.282 	-29.606 	40.435 	0.160 	0.164 	-0.178 	
-48.447 	-8.345 	51.658 	-0.076 	0.049 	-0.035 	
-51.848 	-56.607 	44.826 	0.071 	-0.026 	0.007 	
207.119 	-67.294 	-53.736 	-0.023 	-0.068 	-0.052 	
70.964 	-166.225 	44.674 	-0.084 	0.006 	0.043 	
-217.807 	-163.793 	302.333 	-0.292 	-0.132 	0.162 	
-11.132 	-32.011 	-50.718 	-0.030 	-0.021 	0.026 	
57.254 	-93.319 	18.392 	-0.001 	-0.026 	0.020 	
4.023 	-57.285 	11.985 	0.097 	-0.008 	-0.079 	
31.468 	12.049 	38.539 	-0.116 	0.081 	-0.061 	
204.049 	98.994 	13.266 	-0.003 	-0.042 	-0.021 	
-111.121 	-66.751 	19.635 	-0.115 	-0.046 	-0.061 	
250.771 	-177.842 	-366.602 	0.061 	-0.046 	-0.046 	
97.260 	-37.931 	-7.246 	-0.133 	-0.090 	0.115 	
28.078 	-49.465 	-45.191 	-0.069 	0.115 	0.096 	
56.647 	-59.569 	42.555 	-0.033 	0.014 	0.232 	
46.799 	-60.923 	66.061 	-0.092 	-0.047 	0.183 	
259.261 	-131.913 	83.815 	0.030 	0.067 	-0.031 	
-192.686 	-60.967 	163.548 	-0.187 	-0.053 	0.029 	
364.872 	-444.314 	-65.182 	0.090 	-0.112 	-0.007 	
-112.163 	-18.549 	-22.041 	0.059 	-0.031 	0.007 	
5.055 	-38.127 	42.801 	-0.119 	0.086 	0.075 	
10.818 	-63.237 	14.619 	0.045 	-0.083 	-0.068 	
70.189 	-20.152 	40.682 	0.202 	-0.077 	0.008 	
76.641 	-8.688 	35.414 	0.083 	0.025 	-0.042 	
60.214 	-67.815 	-5.119 	-0.069 	-0.088 	-0.086 	
-19.219 	-90.040 	42.224 	-0.062 	-0.000 	-0.051 	
81.347 	106.293 	6.953 	-0.037 	-0.026 	0.061 	
-97.410 	-21.154 	-40.502 	-0.092 	-0.047 	-0.033 	
50.284 	43.445 	48.451 	-0.154 	-0.130 	-0.061 	
26.738 	-33.697 	23.437 	-0.016 	0.053 	0.095 	
148.809 	-286.500 	70.831 	0.070 	0.019 	0.010 	
113.595 	-49.040 	-6.002 	-0.179 	-0.040 	-0.025 	
-37.268 	-76.226 	-26.388 	-0.010 	0.028 	-0.024 	
175.994 	4.714 	54.766 	-0.010 	0.025 	-0.177 	
-9.059 	-2.683 	-12.859 	-0.134 	-0.063 	-0.014 	
105.062 	0.519 	55.643 	0.114 	0.060 	-0.020 	
57.049 	-27.118 	33.879 	0.022 	-0.139 	0.187 	
-5.135 	-18.274 	-71.182 	-0.092 	-0.053 	0.095 	
5.359 	-43.809 	37.197 	0.016 	0.009 	0.062 	
-109.712 	-6.551 	27.631 	-0.090 	-0.082 	-0.062 	
-11.203 	-31.230 	105.242 	-0.086 	-0.076 	0.092 	
329.441 	186.568 	-0.646 	0.044 	0.128 	-0.013 	
-93.273 	60.687 	52.490 	-0.428 	0.477 	0.193 	
201.186 	-79.562 	202.496 	-0.068 	-0.026 	0.036 	
-15.125 	-50.273 	65.283 	-0.108 	-0.008 	-0.004 	
43.840 	-26.952 	24.803 	0.017 	0.038 	-0.076 	
25.155 	-9.907 	20.370 	0.145 	0.050 	-0.042 	
190.586 	271.230 	445.946 	0.049 	0.057 	0.082 	
158.370 	-47.998 	42.110 	0.081 	0.022 	-0.062 	
32.709 	-78.962 	12.088 	-0.050 	-0.213 	0.066 	
-50.952 	-67.073 	-17.629 	-0.053 	0.059 	-0.054 	
902.820 	-1022.049 	-9.286 	0.262 	-0.306 	0.004 	
17.000 	26.972 	40.215 	-0.038 	-0.065 	0.062 	
29.268 	-98.161 	127.919 	-0.087 	0.013 	-0.048 	
71.457 	25.078 	48.580 	-0.067 	0.067 	0.087 	
-32.457 	-60.261 	6.433 	0.073 	0.069 	0.022 	
38.409 	32.203 	4.654 	-0.173 	-0.016 	-0.019 	
19.582 	-11.397 	51.633 	-0.085 	0.179 	-0.089 	
-17.758 	-5.900 	24.207 	0.100 	-0.091 	-0.068 	
-8.101 	-49.076 	15.805 	0.056 	0.129 	0.003 	
41.125 	-47.629 	-19.730 	-0.065 	-0.049 	-0.171 	
61.649 	-53.848 	5.706 	0.091 	-0.055 	-0.016 	
352.757 	-964.747 	8.376 	0.120 	-0.292 	-0.015 	
116.032 	-56.501 	83.570 	0.130 	0.019 	0.191 	
-54.083 	2.502 	-24.311 	-0.102 	-0.045 	-0.048 	
162.909 	-147.598 	134.349 	0.007 	-0.035 	0.029 	
233.429 	8.285 	0.195 	-0.086 	0.075 	-0.042 	
173.157 	-87.488 	39.106 	-0.024 	0.059 	0.067 	
30.178 	-26.046 	29.158 	0.089 	0.078 	-0.039 	
44.486 	5.927 	-16.115 	-0.062 	-0.017 	0.194 	
171.413 	18.318 	-7.941 	-0.081 	0.162 	-0.001 	
66.893 	-36.188 	14.002 	0.049 	-0.045 	-0.138 	
12.839 	-86.969 	43.639 	-0.243 	-0.084 	-0.003 	
18.780 	-37.605 	70.677 	0.207 	0.119 	-0.033 	
46.347 	-58.677 	39.916 	0.155 	0.005 	-0.238 	
84.506 	-39.865 	19.512 	0.054 	-0.062 	0.080 	
67.704 	-8.087 	9.044 	-0.100 	0.091 	0.005 	
342.349 	-57.925 	189.689 	0.107 	-0.047 	0.066 	
16.631 	-18.327 	2.397 	-0.064 	-0.076 	0.069 	
13.467 	-15.595 	48.906 	0.128 	0.029 	-0.028 	
28.128 	-17.067 	29.323 	-0.122 	-0.214 	0.069 	
-58.442 	12.215 	21.394 	-0.035 	-0.006 	-0.059 	
-17.991 	-71.516 	8.042 	-0.012 	0.009 	0.018 	
67.820 	-19.078 	25.428 	0.054 	0.127 	0.014 	
4.193 	-24.499 	46.449 	0.112 	-0.027 	0.120 	
120.683 	-73.706 	144.890 	-0.035 	0.008 	0.009 	
17.137 	-2.617 	41.478 	-0.132 	0.047 	-0.035 	
787.347 	1777.588 	-6486.722 	0.265 	0.621 	-2.368 	
99.811 	-76.406 	-4.817 	-0.139 	-0.105 	0.102 	
2.202 	-72.347 	37.191 	-0.064 	-0.089 	0.003 	
-105.607 	-120.526 	-27.456 	0.083 	0.002 	0.074 	
6.892 	-7.256 	43.526 	-0.006 	-0.048 	-0.168 	
172.970 	-18.321 	54.853 	0.054 	-0.023 	0.024 	
3.283 	-26.529 	20.924 	0.086 	-0.096 	0.096 	
267.210 	42.497 	71.127 	0.028 	0.007 	-0.042 	
-20.069 	-48.542 	57.386 	0.026 	-0.039 	0.078 	
1.652 	48.339 	-11.073 	0.029 	0.091 	-0.005 	
-2.321 	-38.018 	51.403 	-0.110 	-0.102 	-0.035 	
-52.366 	-79.001 	-6.722 	0.048 	0.032 	0.017 	
31.292 	-1.023 	44.963 	-0.117 	0.046 	0.055 	
-30.391 	-81.854 	38.179 	-0.030 	0.046 	0.028 	
-34.506 	57.430 	-10.955 	-0.054 	0.058 	0.037 	
4.835 	-44.343 	4.790 	0.004 	-0.053 	-0.091 	
46.181 	-59.436 	15.271 	0.118 	-0.073 	0.043 	
152.068 	-59.857 	74.374 	-0.073 	-0.019 	-0.079 	
62.743 	13.433 	-88.977 	-0.148 	-0.032 	-0.037 	
39.407 	-32.151 	-2.439 	0.128 	-0.004 	-0.058 	
-20.490 	-17.648 	67.242 	0.037 	-0.044 	-0.019 	
-23.567 	-16.684 	29.621 	-0.076 	-0.067 	-0.006 	
107.389 	-12.986 	93.791 	0.074 	0.138 	0.177 	
-8.762 	-45.192 	41.746 	-0.080 	0.208 	-0.049 	
183.278 	-60.161 	121.509 	0.044 	0.005 	-0.023 	
479.996 	-167.975 	-212.600 	0.099 	-0.070 	-0.061 	
79.319 	-33.224 	44.356 	-0.055 	-0.015 	0.088 	
-49.993 	-5.254 	23.192 	-0.008 	0.153 	-0.073 	
51.905 	-38.196 	47.633 	-0.134 	0.185 	0.043 	
-15.700 	-46.108 	31.949 	0.141 	-0.011 	0.013 	
21.827 	-16.973 	-0.598 	-0.067 	-0.187 	-0.155 	
123.126 	33.017 	-38.050 	-0.032 	-0.104 	-0.072 	
-63.614 	-51.763 	-3.473 	-0.094 	-0.044 	-0.065 	
-227.595 	-24.538 	101.091 	0.020 	-0.040 	0.015 	
54.623 	-5.902 	20.250 	-0.119 	-0.130 	0.170 	
32.635 	-53.826 	30.681 	0.115 	0.008 	-0.046 	
36.573 	-13.601 	27.139 	-0.261 	0.060 	0.143 	
6.573 	-29.904 	-39.117 	-0.011 	-0.005 	0.034 	
22.366 	-70.972 	25.648 	-0.092 	-0.073 	0.137 	
40.272 	-42.321 	37.157 	-0.067 	0.105 	-0.113 	
82.356 	-109.077 	98.094 	-0.089 	0.078 	-0.070 	
42.884 	-18.599 	59.739 	-0.028 	-0.122 	-0.047 	
175.520 	-121.075 	10.789 	0.025 	0.134 	-0.030 	
55.871 	-55.086 	46.419 	0.102 	-0.079 	-0.008 	
18.658 	-77.741 	-41.401 	-0.111 	0.086 	0.102 	
1729.369 	635.900 	727.291 	0.571 	0.234 	0.256 	
-2.027 	-48.097 	69.573 	0.041 	-0.123 	0.111 	
38.829 	-73.651 	30.177 	-0.043 	-0.027 	-0.062 	
89.405 	-8.544 	61.211 	0.101 	0.077 	-0.032 	
38.906 	-60.026 	29.215 	0.138 	0.006 	-0.096 	
194.711 	74.073 	118.295 	-0.105 	0.036 	0.035 	
75.321 	-33.437 	61.303 	0.068 	-0.108 	0.081 	
115.039 	-33.494 	92.793 	-0.129 	-0.023 	0.040 	
-21.655 	28.986 	55.035 	-0.060 	0.049 	0.034 	
12.648 	-69.434 	-1.890 	-0.059 	0.058 	0.097 	
48.965 	35.492 	-22.468 	-0.034 	0.048 	-0.056 	
151.980 	-40.846 	33.380 	-0.140 	0.010 	-0.019 	
-7.992 	4.322 	66.741 	-0.100 	0.006 	-0.057 	
126.788 	-2.877 	29.988 	0.077 	-0.019 	0.146 	
61.664 	-357.073 	605.932 	-0.040 	-0.086 	0.178 	
119.803 	-27.326 	8.232 	0.037 	0.010 	-0.135 	
133.982 	-51.388 	49.102 	0.008 	0.134 	0.133 	
130.874 	-85.398 	5.331 	0.133 	-0.037 	0.044 	
51.757 	-45.228 	32.871 	-0.137 	0.029 	0.011 	
-8.046 	-60.437 	12.984 	0.164 	-0.121 	-0.040 	
-28.209 	-81.370 	-166.829 	0.015 	-0.037 	-0.059 	
317.577 	-28.042 	121.920 	0.126 	-0.024 	0.078 	
-73.018 	16.051 	166.971 	-0.006 	0.011 	0.023 	
-58.307 	-88.871 	48.493 	-0.008 	0.016 	-0.079 	
69.260 	-25.319 	45.641 	0.119 	-0.143 	-0.135 	
119.777 	-34.376 	6.805 	-0.105 	0.012 	0.100 	
137.652 	-90.551 	39.864 	0.178 	-0.124 	0.009 	
39.697 	-13.180 	10.737 	0.194 	-0.122 	-0.089 	
69.446 	-28.630 	-1.987 	-0.059 	-0.087 	0.152 	
152.106 	-92.936 	5.562 	0.082 	-0.097 	0.027 	
65.510 	-47.208 	39.843 	-0.124 	-0.093 	-0.003 	
13.686 	-4.381 	14.784 	0.061 	-0.116 	0.207 	
-35.959 	-75.353 	-6.083 	0.109 	-0.046 	-0.063 	
53.167 	-26.879 	32.556 	-0.112 	-0.090 	0.022 	
77.384 	-11.053 	80.585 	0.028 	0.069 	0.034 	
-412.266 	140.685 	-650.797 	-0.250 	0.094 	-0.311 	
43.716 	-144.527 	181.253 	0.069 	-0.029 	0.064 	
17.093 	-5.880 	19.100 	-0.232 	0.017 	0.056 	
-30.123 	-64.532 	-97.778 	0.040 	0.018 	0.056 	
133.773 	17.137 	-5.399 	0.048 	0.039 	-0.068 	
86.620 	-46.471 	90.246 	0.012 	0.014 	0.137 	
75.689 	-61.811 	21.883 	-0.150 	-0.021 	-0.086 	
105.994 	17.083 	24.666 	0.023 	0.076 	-0.018 	
-47.502 	-61.515 	33.903 	0.096 	-0.089 	0.048 	
177.340 	-137.299 	20.340 	0.103 	0.030 	0.020 	
-375.138 	-103.738 	-62.232 	-0.103 	-0.048 	0.041 	
-22.471 	4.494 	46.754 	0.133 	-0.025 	-0.083 	
31.616 	-50.854 	66.483 	0.141 	0.117 	-0.061 	
-6.864 	-48.678 	58.058 	0.082 	0.070 	-0.084 	
50.531 	11.339 	-10.210 	-0.071 	0.154 	-0.062 	
97.037 	-2.961 	5.398 	-0.096 	0.087 	0.041 	
168.536 	-60.842 	51.151 	-0.021 	-0.019 	0.101 	
-41.754 	-56.364 	-55.456 	-0.112 	0.000 	-0.146 	
95.119 	27.232 	12.658 	0.040 	0.018 	0.147 	
98.945 	-40.546 	47.766 	0.028 	-0.135 	-0.052 	
-40.477 	-100.562 	-0.490 	0.120 	0.031 	-0.026 	
84.778 	16.722 	41.455 	-0.051 	0.013 	0.186 	
112.102 	-27.265 	53.014 	0.010 	-0.109 	-0.056 	
-11.381 	-103.289 	-33.949 	-0.020 	-0.070 	-0.132 	
-16.400 	-155.679 	92.055 	0.046 	-0.008 	-0.031 	
43.211 	66.357 	-30.034 	0.109 	-0.033 	-0.075 	
69.756 	-51.359 	13.066 	0.143 	0.030 	0.004 	
105.763 	3.821 	-0.713 	-0.085 	-0.061 	0.056 	
99.075 	-43.428 	28.277 	-0.065 	0.036 	-0.009 	
98.428 	-38.348 	18.014 	0.168 	-0.112 	-0.075 	
287.697 	-427.065 	238.100 	0.007 	-0.099 	0.063 	
126.766 	-32.935 	11.844 	-0.026 	0.083 	-0.046 	
46.480 	-41.134 	32.063 	-0.095 	0.089 	-0.017 	
-40.904 	1.501 	118.584 	0.029 	-0.106 	-0.102 	
76.032 	2.684 	9.205 	-0.156 	0.103 	0.045 	
149.946 	-67.535 	-51.483 	0.038 	-0.082 	-0.107 	
109.386 	-9.643 	31.803 	0.085 	0.065 	-0.041 	
90.105 	39.678 	-31.514 	-0.069 	0.053 	0.004 	
-1.740 	-6.777 	40.536 	0.164 	0.002 	-0.064 	
131.205 	7.617 	63.556 	0.141 	-0.024 	0.106 	
-44.585 	-10.436 	130.637 	-0.047 	0.011 	0.020 	
26.708 	-116.403 	161.862 	0.054 	-0.054 	0.004 	
79.280 	19.740 	63.505 	0.100 	0.083 	0.090 	
104.039 	43.556 	72.313 	-0.038 	0.001 	0.076 	
144.265 	0.982 	3.796 	-0.002 	-0.024 	-0.105 	
-60.969 	-98.161 	59.943 	0.007 	0.048 	0.046 	
11776.963 	3268.058 	7247.713 	5.490 	1.541 	3.410 	
81.131 	-68.791 	14.923 	0.167 	-0.054 	0.022 	
180.045 	-43.582 	3.627 	0.051 	0.026 	0.101 	
38.978 	-31.379 	32.827 	-0.173 	0.026 	-0.003 	
65.977 	-28.032 	31.531 	-0.106 	-0.102 	0.022 	
-61.748 	17.085 	105.394 	-0.039 	-0.045 	-0.010 	
137.886 	7.682 	47.486 	0.028 	0.025 	-0.003 	
44.748 	-34.156 	30.215 	-0.229 	-0.120 	-0.018 	
-13.467 	-81.267 	29.675 	-0.011 	0.137 	-0.025 	
125.502 	14.920 	-25.583 	0.038 	-0.171 	-0.027 	
117.960 	47.596 	82.550 	-0.001 	-0.000 	0.073 	
166.570 	-59.407 	-24.057 	-0.094 	0.013 	-0.110 	
-54.051 	-74.740 	-48.081 	-0.037 	-0.076 	-0.005 	
115.708 	-86.431 	20.074 	0.077 	0.160 	-0.006 	
-183.314 	493.936 	-140.528 	-0.104 	0.230 	-0.083 	
308.617 	64.879 	-36.169 	0.043 	0.021 	-0.021 	
25.720 	-38.728 	80.217 	0.065 	0.111 	-0.102 	
81.282 	-47.335 	72.533 	0.025 	0.163 	0.060 	
79.845 	-27.699 	76.204 	-0.108 	0.006 	0.082 	
-131.219 	-32.767 	-31.423 	-0.012 	-0.040 	0.047 	
-21.051 	-70.104 	75.978 	0.052 	0.048 	-0.081 	
105.639 	-37.013 	37.379 	0.062 	0.057 	0.133 	
52.890 	-34.487 	83.953 	0.050 	-0.046 	-0.136 	
135.490 	-106.205 	44.853 	0.134 	0.098 	0.065 	
127.989 	9.141 	7.336 	0.084 	0.025 	-0.128 	
132.056 	21.168 	62.503 	0.102 	0.063 	-0.066 	
557.395 	51.262 	-66.063 	0.092 	0.002 	-0.016 	
44.960 	-49.504 	66.757 	-0.036 	-0.078 	-0.084 	
91.963 	-18.138 	83.285 	0.038 	0.092 	-0.016 	
43.377 	-25.120 	-7.037 	0.094 	0.052 	-0.162 	
107.378 	-19.667 	-17.727 	-0.053 	-0.061 	0.025 	
-69.140 	-87.765 	24.933 	0.013 	0.027 	0.078 	
136.442 	-7.197 	31.543 	-0.026 	-0.081 	0.057 	
120.808 	-152.793 	41.612 	0.076 	0.033 	0.024 	
24.299 	-12.687 	20.386 	0.165 	0.142 	0.051 	
150.292 	3.843 	0.676 	-0.001 	0.145 	-0.142 	
36.610 	-35.110 	34.143 	-0.046 	0.046 	0.006 	
-7.069 	24.649 	-61.639 	-0.041 	0.047 	-0.131 	
-73.663 	-8.164 	-6.652 	-0.079 	-0.105 	-0.031 	
-125.790 	-37.047 	16.383 	0.022 	-0.004 	-0.038 	
-20.627 	-9.913 	-8.891 	0.027 	-0.079 	0.030 	
-54.486 	-149.305 	366.226 	-0.066 	-0.019 	0.136 	
51.365 	1.733 	97.241 	0.071 	-0.032 	-0.090 	
40.970 	-8.306 	31.206 	-0.077 	-0.044 	0.070 	
134.214 	-31.328 	27.650 	-0.047 	0.030 	-0.092 	
130.389 	-13.986 	13.743 	-0.030 	0.061 	0.108 	
112.144 	35.862 	-35.887 	-0.103 	-0.003 	0.003 	
123.683 	-23.179 	93.865 	0.013 	-0.034 	0.068 	
24.504 	-49.962 	145.759 	0.137 	-0.004 	0.061 	
112.077 	-19.838 	57.401 	-0.035 	-0.117 	0.016 	
121.493 	-105.565 	50.339 	0.003 	-0.080 	0.056 	
96.708 	-63.623 	-3.893 	-0.071 	0.031 	0.029 	
713.089 	455.757 	-250.597 	0.444 	0.277 	-0.165 	
86.794 	-26.224 	-14.046 	-0.110 	0.016 	-0.079 	
-90.479 	-30.430 	24.192 	0.038 	-0.074 	-0.002 	
-62.048 	-86.027 	46.198 	0.018 	0.030 	-0.084 	
48.280 	-29.371 	25.427 	0.176 	-0.209 	-0.063 	
-50.298 	98.907 	-98.753 	0.011 	-0.008 	-0.026 	
-62.809 	8.789 	18.168 	0.107 	0.036 	0.027 	
173.458 	-64.719 	49.318 	0.091 	-0.049 	0.010 	
146.371 	-40.668 	35.202 	-0.004 	0.069 	0.152 	
130.292 	6.332 	59.888 	-0.016 	-0.053 	-0.002 	
-87.512 	-77.944 	10.415 	0.047 	0.077 	-0.039 	
-123.557 	-16.699 	10.810 	0.032 	0.062 	-0.001 	
119.372 	-32.615 	-11.081 	0.044 	-0.023 	-0.110 	
27.922 	-57.990 	32.523 	-0.162 	0.050 	0.031 	
-33.430 	-130.382 	129.133 	-0.084 	-0.110 	0.066 	
155.266 	-55.817 	24.134 	0.039 	-0.024 	0.002 	
-43.548 	-115.760 	48.067 	-0.156 	-0.085 	0.058 	
146.125 	-12.755 	1.541 	-0.016 	-0.158 	-0.127 	
76.488 	-32.949 	-13.477 	0.120 	0.039 	-0.058 	
-28.714 	132.218 	31.261 	0.007 	0.058 	-0.011 	
230.663 	-23.855 	5.486 	0.023 	-0.015 	-0.063 	
112.816 	-31.019 	12.027 	-0.062 	-0.012 	0.110 	
8.147 	-60.707 	-6.734 	0.157 	0.036 	-0.053 	
139.596 	-66.843 	-51.205 	0.027 	-0.020 	-0.048 	
13.923 	-63.096 	101.688 	0.081 	0.041 	-0.015 	
-37.078 	-97.331 	48.688 	0.087 	0.085 	0.002 	
31.996 	-34.414 	13.128 	-0.157 	-0.146 	0.056 	
109.372 	-5.317 	38.143 	0.002 	-0.053 	-0.066 	
64.134 	-23.621 	37.727 	0.142 	-0.008 	0.132 	
-75.054 	-75.138 	17.377 	0.037 	0.034 	0.092 	
-29.009 	-94.918 	115.783 	-0.055 	0.022 	0.074 	
116.237 	7.164 	70.537 	-0.027 	-0.048 	-0.024 	
135.601 	-38.515 	12.465 	0.115 	0.043 	-0.110 	
147.474 	-43.153 	51.215 	0.123 	-0.006 	0.146 	
148.302 	175.210 	330.239 	0.069 	0.441 	0.733 	
-146.978 	-26.203 	30.983 	-0.016 	0.020 	0.036 	
23.900 	-47.775 	37.055 	-0.135 	-0.031 	0.095 	
-48.312 	20.405 	106.916 	0.011 	-0.113 	-0.097 	
1.799 	-120.568 	-41.868 	-0.005 	-0.058 	0.043 	
42.875 	-28.153 	18.620 	-0.175 	0.006 	0.026 	
142.678 	-38.244 	0.025 	-0.044 	-0.025 	-0.081 	
1005.218 	170.208 	-2038.325 	0.277 	0.060 	-0.628 	
-3243.516 	-14968.816 	-23555.853 	-1.525 	-7.107 	-11.197 	
-70.264 	-63.731 	224.140 	-0.055 	-0.009 	0.067 	
60.661 	-67.409 	53.587 	-0.092 	-0.034 	0.097 	
83.490 	32.713 	43.287 	0.008 	-0.009 	-0.058 	
140.011 	0.993 	27.557 	-0.042 	0.006 	0.072 	
94.134 	-35.504 	48.360 	0.154 	-0.020 	0.076 	
19.437 	-92.129 	19.472 	0.120 	0.095 	-0.073 	
66.081 	-18.088 	32.991 	-0.088 	-0.088 	-0.021 	
100.242 	-97.082 	24.493 	-0.060 	-0.052 	-0.097 	
69.432 	-106.627 	27.587 	0.066 	0.129 	0.081 	
30.002 	-270.257 	-138.326 	-0.089 	-0.014 	0.025 	
390.214 	-245.463 	-84.394 	0.312 	-0.140 	-0.063 	
30.063 	-44.578 	7.050 	0.146 	0.176 	-0.049 	
30.054 	-0.303 	-10.222 	0.101 	0.103 	0.108 	
-63.750 	-33.374 	41.655 	0.113 	-0.072 	0.051 	
-7.859 	-138.361 	70.935 	0.017 	0.011 	-0.046 	
828.820 	298.630 	-128.884 	0.562 	0.207 	-0.096 	
100.710 	-9.437 	21.232 	-0.013 	-0.081 	0.154 	
208.913 	-169.139 	-74.089 	0.115 	-0.134 	-0.066 	
49.818 	-47.293 	4.240 	-0.072 	-0.066 	0.023 	
125.366 	1.189 	60.523 	-0.030 	-0.037 	0.070 	
-82.772 	-55.049 	-1.066 	0.086 	-0.045 	0.007 	
111.395 	13.565 	4.900 	0.126 	-0.048 	0.011 	
88.869 	5.460 	-105.111 	0.101 	-0.051 	0.018 	
-86.158 	-18.297 	37.482 	-0.117 	-0.063 	-0.060 	
-8.156 	-66.167 	51.388 	0.154 	0.068 	0.072 	
99.669 	-6.691 	43.199 	0.059 	0.218 	-0.053 	
-37.726 	-229.152 	48.155 	0.008 	-0.072 	0.015 	
129.721 	-14.048 	67.803 	0.095 	-0.011 	0.029 	
41.216 	-56.864 	16.523 	-0.049 	0.070 	-0.078 	
97.871 	-28.690 	-26.535 	0.070 	0.136 	0.142 	
42.124 	-37.880 	57.856 	0.227 	-0.050 	-0.031 	
7.624 	-11.321 	-44.862 	0.104 	-0.062 	0.063 	
83.725 	-49.792 	0.613 	-0.115 	-0.056 	0.036 	
92.020 	-38.515 	-25.584 	0.075 	0.111 	-0.097 	
181.403 	-42.072 	106.309 	0.105 	-0.014 	0.039 	
88.610 	-65.544 	47.115 	-0.021 	-0.005 	0.014 	
19.319 	-34.387 	16.754 	0.001 	-0.099 	-0.052 	
50.184 	-47.810 	11.324 	-0.140 	0.164 	0.039 	
83.934 	3.571 	26.413 	-0.134 	0.086 	-0.038 	
114.686 	-43.425 	57.361 	0.065 	-0.021 	-0.103 	
-60.746 	-24.497 	10.630 	0.009 	-0.038 	-0.042 	
-224.500 	40.177 	79.714 	-0.120 	0.052 	0.055 	
129.861 	-120.759 	20.752 	-0.051 	-0.069 	0.044 	
63.407 	63.204 	68.450 	0.093 	-0.112 	-0.019 	
125.068 	-0.197 	62.913 	0.079 	0.027 	0.012 	
-2120.869 	1237.788 	749.992 	-1.006 	0.616 	0.365 	
46.772 	-23.539 	18.720 	-0.085 	-0.164 	0.063 	
-107.895 	34.768 	19.192 	0.011 	-0.006 	-0.032 	
-103.533 	-70.860 	72.250 	0.005 	-0.050 	-0.025 	
-90.675 	-33.303 	24.459 	0.071 	0.036 	0.024 	
44.511 	-50.425 	32.474 	0.150 	0.221 	0.073 	
95.305 	-7.462 	43.939 	-0.130 	-0.048 	0.006 	
53.417 	-4.269 	51.759 	-0.071 	0.059 	-0.019 	
49.201 	-44.056 	22.593 	-0.081 	0.047 	0.091 	
-48.958 	-150.351 	31.934 	0.048 	-0.037 	0.074 	
107.112 	-29.822 	7.584 	0.078 	-0.155 	0.076 	
77.754 	-29.397 	24.864 	0.113 	0.011 	0.054 	
-487.259 	229.215 	-145.482 	-0.187 	0.046 	-0.036 	
141.418 	25.432 	53.972 	0.088 	0.086 	-0.028 	
27.129 	-60.940 	7.199 	-0.141 	0.023 	-0.019 	
86.530 	1.638 	8.110 	0.042 	-0.064 	-0.107 	
60.502 	-17.783 	31.558 	0.222 	-0.068 	0.085 	
144.297 	-25.402 	16.373 	-0.033 	0.053 	-0.068 	
60.429 	-3.826 	28.284 	-0.029 	-0.122 	0.047 	
114.025 	40.426 	31.585 	-0.038 	0.018 	0.010 	
-37.038 	5.117 	-16.966 	0.028 	-0.085 	0.085 	
56.304 	-15.139 	45.998 	-0.113 	-0.145 	0.074 	
106.073 	-7.622 	5.102 	0.013 	-0.209 	-0.065 	
89.533 	-27.816 	-21.364 	0.113 	-0.102 	-0.083 	
110.064 	-5.421 	15.844 	0.019 	0.029 	-0.072 	
67.500 	-18.423 	12.597 	-0.023 	-0.002 	0.116 	
87.459 	13.653 	5.343 	-0.085 	-0.053 	-0.095 	
132.648 	-50.593 	66.432 	0.079 	-0.043 	0.083 	
60.720 	-20.976 	30.503 	-0.137 	-0.137 	0.031 	
60.344 	-19.706 	64.028 	-0.079 	-0.051 	0.045 	
-2.549 	-185.921 	105.075 	-0.029 	-0.077 	0.074 	
122.492 	-53.056 	44.047 	-0.098 	0.050 	-0.075 	
95.173 	-41.251 	-14.961 	0.059 	-0.021 	0.068 	
-123.294 	90.767 	-360.968 	-0.055 	0.070 	-0.216 	
98.309 	-60.207 	-8.275 	-0.092 	-0.109 	-0.031 	
76.694 	-44.988 	9.810 	-0.142 	-0.059 	0.017 	
-17.042 	-12.400 	30.309 	0.129 	-0.064 	0.130 	
7.123 	6.303 	-7.758 	0.135 	-0.052 	0.032 	
85.347 	2.475 	63.205 	0.008 	-0.096 	-0.002 	
106.426 	-66.110 	108.623 	0.065 	0.073 	-0.078 	
472.164 	-2580.056 	1818.819 	0.104 	-1.019 	0.718 	
83.126 	33.683 	-9.495 	-0.158 	0.001 	0.016 	
16.356 	84.962 	-15.940 	0.123 	0.029 	0.082 	
63.143 	-19.342 	49.313 	-0.085 	-0.048 	0.122 	
92.900 	-96.142 	-10.973 	-0.057 	-0.073 	0.046 	
-143.817 	-91.666 	71.547 	-0.062 	0.013 	0.017 	
1.494 	-35.283 	23.837 	-0.005 	-0.235 	-0.164 	
19.747 	-164.326 	87.600 	0.060 	-0.084 	-0.015 	
-235.650 	-236.085 	-25.930 	-0.132 	-0.127 	-0.019 	
49.073 	-23.090 	5.426 	0.018 	0.013 	0.106 	
118.338 	-16.838 	19.789 	-0.127 	-0.099 	0.026 	
-109.714 	-29.446 	-17.131 	0.014 	0.015 	0.013 	
133.425 	-25.300 	-25.425 	0.014 	0.037 	0.098 	
851.315 	-1292.806 	-1104.919 	0.263 	-0.440 	-0.391 	
140.598 	-77.674 	20.427 	0.171 	-0.119 	-0.004 	
95.328 	100.602 	84.411 	0.115 	-0.019 	0.016 	
144.047 	-35.084 	15.213 	0.087 	0.112 	0.016 	
71.189 	-33.311 	25.203 	0.133 	0.044 	0.132 	
68.453 	-3.394 	47.125 	0.186 	-0.011 	0.083 	
10.189 	-150.909 	-97.244 	0.017 	-0.080 	-0.005 	
-86.785 	-3.318 	47.864 	0.072 	0.023 	0.031 	
-131.712 	-53.941 	-15.871 	-0.039 	-0.037 	-0.052 	
-67.487 	-47.246 	2.551 	0.039 	-0.058 	-0.010 	
17.343 	-98.232 	83.209 	0.024 	-0.163 	0.119 	
-50.063 	-134.522 	75.969 	0.029 	0.030 	0.018 	
-107.279 	-63.281 	19.131 	0.028 	-0.008 	0.042 	
150.890 	-0.208 	-14.140 	-0.031 	0.037 	-0.070 	
69.266 	19.057 	64.183 	0.013 	0.028 	0.074 	
130.985 	20.986 	17.497 	0.081 	-0.086 	-0.147 	
-89.605 	-107.830 	-78.050 	0.066 	-0.097 	-0.057 	
75.628 	3.030 	15.570 	0.086 	0.049 	-0.258 	
99.850 	85.405 	50.444 	0.144 	-0.007 	0.058 	
138.115 	-64.595 	5.052 	-0.132 	-0.049 	-0.014 	
-736.902 	-1535.110 	6802.258 	-0.288 	-0.579 	2.449 	
224.001 	90.267 	-20.624 	0.128 	0.048 	-0.053 	
107.672 	-76.817 	48.510 	0.066 	0.068 	-0.160 	
-43.338 	-36.386 	14.422 	-0.014 	0.189 	-0.124 	
84.428 	6.164 	-42.399 	0.006 	-0.084 	0.080 	
42.060 	-22.794 	-0.639 	-0.012 	0.175 	-0.015 	
113.793 	-37.397 	34.991 	-0.020 	-0.071 	-0.192 	
15.463 	-139.553 	-52.429 	0.129 	-0.022 	-0.047 	
67.132 	-23.063 	29.400 	0.159 	-0.007 	-0.046 	
71.002 	-50.164 	33.677 	0.107 	0.004 	-0.132 	
96.141 	4.167 	-3.717 	0.063 	0.086 	0.067 	
-24.132 	-68.682 	53.122 	0.012 	0.082 	-0.071 	
-22.985 	-7.018 	104.696 	-0.022 	0.002 	-0.054 	
137.956 	-21.929 	36.636 	-0.101 	0.018 	-0.064 	
-234.319 	-840.970 	23.172 	-0.135 	-0.403 	-0.007 	
117.656 	-23.375 	-44.585 	-0.016 	-0.043 	-0.026 	
116.630 	0.831 	-8.090 	0.035 	0.076 	-0.000 	
78.340 	14.003 	6.155 	-0.122 	-0.131 	0.089 	
102.209 	-9.799 	72.048 	0.047 	0.016 	0.062 	
121.240 	-36.402 	52.032 	0.115 	-0.058 	-0.194 	
-17.839 	-95.835 	53.637 	-0.129 	-0.041 	0.052 	
103.888 	-6.440 	25.616 	0.038 	-0.052 	-0.028 	
2.327 	-172.696 	93.148 	0.004 	-0.021 	0.030 	
-0.612 	-17.286 	55.284 	0.176 	-0.005 	0.062 	
144.646 	-50.644 	33.347 	0.108 	-0.102 	0.045 	
56.969 	-25.004 	48.639 	-0.136 	0.131 	0.081 	
29.547 	63.745 	117.815 	0.064 	0.087 	0.048 	
71.827 	37.334 	9.292 	0.116 	0.019 	0.043 	
-98.245 	123.582 	-484.113 	-0.059 	0.017 	-0.095 	
-26.606 	-56.578 	15.778 	0.112 	-0.018 	0.096 	
-435.888 	79.883 	-248.141 	-0.249 	0.066 	-0.175 	
-82.250 	-40.581 	-14.300 	0.100 	0.000 	-0.047 	
87.182 	-93.367 	53.635 	-0.037 	-0.092 	-0.043 	
114.941 	-51.725 	-22.167 	0.024 	0.005 	-0.112 	
134.625 	-28.253 	60.168 	-0.002 	-0.073 	0.139 	
36.681 	-28.556 	1.273 	-0.094 	0.065 	0.110 	
127.620 	4.801 	-10.153 	0.064 	0.128 	-0.011 	
133.797 	-56.105 	40.117 	-0.004 	0.038 	0.074 	
-157.526 	189.755 	-18.261 	-0.066 	-0.031 	0.016 	
44.425 	-48.542 	181.881 	-0.020 	-0.039 	0.018 	
-22.558 	-19.426 	-106.959 	0.006 	0.005 	-0.000 	
-145.330 	35.562 	-8.543 	-0.021 	0.008 	0.032 	
-1215.102 	1555.612 	873.089 	-0.464 	0.560 	0.302 	
33.495 	-6.960 	31.081 	-0.112 	-0.247 	0.153 	
-90.070 	-138.817 	5.629 	0.046 	-0.044 	0.009 	
-116.639 	-105.887 	50.401 	-0.024 	0.003 	0.010 	
-2.384 	-67.563 	69.072 	0.101 	0.013 	-0.121 	
106.863 	16.308 	1.754 	0.035 	0.105 	0.128 	
-92.208 	88.751 	74.703 	-0.180 	0.125 	-0.008 	
98.791 	-36.335 	-6.878 	0.038 	0.157 	0.132 	
148.947 	-36.958 	73.359 	-0.055 	0.014 	-0.001 	
-121.456 	-21.458 	45.066 	0.011 	-0.149 	0.070 	
-47.360 	-1.738 	159.639 	-0.023 	-0.013 	0.008 	
141.751 	20.073 	-23.656 	0.130 	0.061 	0.123 	
87.923 	12.794 	-46.117 	0.024 	-0.076 	0.078 	
122.921 	-27.581 	66.564 	-0.115 	-0.010 	-0.055 	
7.928 	-44.504 	2.443 	0.055 	0.133 	0.106 	
87.279 	-18.435 	79.480 	-0.013 	0.125 	0.085 	
-37.750 	75.373 	-11.062 	0.114 	0.031 	0.052 	
67.041 	-1.510 	-25.912 	-0.063 	0.061 	0.019 	
-137.115 	7.354 	68.933 	-0.012 	-0.020 	-0.042 	
90.596 	-64.963 	11.355 	0.123 	-0.035 	0.194 	
14711.215 	1163.083 	11709.485 	23.366 	1.917 	18.839 	
105.104 	10.381 	53.084 	-0.075 	0.121 	-0.051 	
-70.553 	-116.790 	-35.342 	-0.053 	-0.008 	0.045 	
-106.053 	-165.547 	47.229 	-0.021 	0.014 	-0.030 	
118.138 	-17.895 	19.112 	0.010 	-0.043 	0.037 	
13.619 	-129.905 	47.303 	0.135 	-0.012 	0.104 	
22.254 	-314.476 	3.202 	-0.089 	-0.004 	-0.009 	
-91.467 	-37.901 	-129.293 	-0.015 	-0.053 	-0.029 	
-25.259 	-133.637 	81.391 	-0.001 	0.016 	-0.036 	
68.246 	-47.721 	35.336 	-0.162 	-0.166 	-0.032 	
-70.271 	-10.842 	8.071 	0.036 	-0.037 	-0.094 	
181.510 	-17.112 	41.720 	0.103 	-0.004 	0.132 	
31.028 	-14.782 	40.881 	0.135 	-0.140 	-0.107 	
704.862 	1171.783 	1201.998 	0.153 	0.346 	0.364 	
128.415 	-62.081 	32.108 	0.141 	0.011 	0.083 	
23.108 	2876.058 	-1868.148 	-0.072 	1.122 	-0.729 	
60.654 	-29.323 	7.496 	-0.082 	-0.097 	-0.093 	
32.335 	-36.510 	38.386 	0.095 	-0.168 	-0.024 	
-35.461 	-26.290 	-8.623 	0.121 	-0.103 	-0.062 	
39.183 	-49.061 	45.657 	-0.194 	0.025 	-0.087 	
2985.968 	14707.794 	24201.167 	1.431 	6.974 	11.464 	
139.734 	-60.196 	59.562 	0.107 	0.027 	0.067 	
-26.954 	-104.911 	157.744 	-0.003 	-0.085 	0.042 	
149.175 	46.260 	92.179 	0.035 	0.057 	0.077 	
15.022 	6.760 	203.590 	0.072 	-0.013 	0.076 	
-63.485 	-123.647 	33.753 	-0.016 	0.024 	-0.040 	
-13.774 	-86.496 	11.536 	0.072 	0.131 	-0.015 	
145.626 	-48.727 	32.734 	0.089 	0.095 	-0.008 	
-176.977 	377.928 	-4.864 	-0.109 	0.051 	-0.016 	
118.969 	-123.131 	71.772 	0.153 	0.003 	0.004 	
386.788 	-110.305 	134.886 	0.222 	-0.087 	0.091 	
104.956 	-59.401 	14.999 	0.082 	0.057 	0.126 	
55.981 	-74.675 	55.252 	-0.121 	-0.001 	0.065 	
-2.581 	-24.770 	115.984 	-0.016 	0.002 	-0.066 	
-75.198 	-4.247 	57.283 	0.032 	0.164 	0.048 	
-26.277 	-28.455 	2.529 	0.130 	-0.090 	0.021 	
154.498 	-40.263 	52.029 	-0.002 	-0.081 	0.062 	
139.344 	2.757 	35.333 	-0.113 	0.039 	0.070 	
105.417 	-0.155 	26.249 	-0.053 	-0.043 	-0.148 	
104.709 	-46.381 	62.532 	0.117 	-0.105 	-0.039 	
100.383 	-76.176 	16.593 	-0.039 	0.039 	-0.011 	
92.803 	-68.203 	3.373 	-0.125 	-0.112 	-0.053 	
303.374 	-429.557 	276.671 	0.151 	-0.212 	0.114 	
-340.221 	250.123 	86.518 	-0.111 	0.018 	0.045 	
140.365 	7.701 	41.967 	0.107 	0.090 	0.020 	
72.461 	-18.696 	24.069 	0.190 	-0.112 	0.008 	
-11.058 	85.767 	5.234 	-0.078 	-0.146 	0.044 	
136.518 	-23.501 	6.246 	-0.058 	0.009 	-0.030 	
93.474 	6.706 	48.702 	0.007 	-0.147 	0.033 	
-552.272 	3650.037 	239.065 	-0.247 	1.412 	0.093 	
109.103 	-45.905 	11.509 	0.055 	-0.108 	-0.191 	
29.036 	-73.844 	31.587 	0.172 	0.033 	-0.068 	
-56.355 	-75.801 	74.737 	-0.198 	-0.049 	0.060 	
-29.236 	20.659 	21.773 	0.080 	-0.115 	-0.064 	
8.920 	25.175 	-2.473 	0.074 	-0.162 	0.037 	
147.992 	-3.289 	41.179 	-0.130 	0.008 	0.120 	
-80.261 	-17.469 	17.556 	0.051 	-0.034 	0.101 	
138.546 	-97.665 	42.264 	0.133 	-0.020 	0.041 	
132.553 	39.336 	80.667 	0.044 	0.080 	0.063 	
135.187 	-0.377 	34.615 	-0.115 	-0.004 	0.019 	
131.143 	32.454 	65.515 	0.000 	0.002 	-0.040 	
140.720 	-9.302 	21.943 	0.052 	0.138 	-0.103 	
-60.855 	38.668 	-9.930 	-0.115 	0.079 	-0.073 	
14.616 	-75.406 	128.900 	0.035 	0.032 	-0.044 	
280.470 	1.395 	-0.681 	0.144 	0.054 	-0.013 	
-27.812 	-64.505 	55.276 	0.022 	0.134 	-0.103 	
-1559.056 	-1899.060 	-902.084 	-0.522 	-0.568 	-0.262 	
91.566 	12.329 	46.309 	0.103 	-0.046 	0.048 	
9.925 	-108.804 	15.778 	0.091 	0.077 	-0.084 	
-350.727 	-488.050 	228.891 	-0.189 	-0.269 	0.114 	
-58.646 	105.149 	-38.293 	0.014 	-0.020 	0.015 	
-231.968 	61.988 	257.099 	-0.157 	0.073 	0.184 	
58.825 	-25.028 	29.975 	-0.035 	-0.026 	0.060 	
126.673 	-3.253 	10.871 	-0.118 	-0.028 	-0.016 	
-54.683 	52.830 	67.160 	-0.112 	0.008 	0.038 	
39.175 	-53.828 	14.201 	-0.084 	0.076 	0.020 	
93.680 	-11.403 	19.916 	-0.143 	0.060 	0.032 	
137.261 	-49.457 	-19.768 	-0.021 	-0.104 	-0.014 	
-7.019 	18.605 	59.217 	-0.065 	0.076 	0.205 	
176.291 	-67.445 	61.568 	0.040 	-0.109 	0.030 	
226.458 	-221.499 	59.996 	-0.066 	-0.014 	0.015 	
88.793 	-53.203 	-28.577 	-0.082 	0.006 	-0.040 	
-78.678 	-19.915 	0.422 	0.055 	-0.017 	0.028 	
-138.999 	-62.089 	14.261 	-0.169 	0.006 	0.023 	
-72.375 	-34.167 	63.514 	0.055 	0.065 	-0.004 	
114.472 	-22.283 	-43.519 	-0.028 	0.078 	-0.160 	
126.163 	-60.029 	-14.934 	0.058 	0.054 	-0.120 	
99.118 	-8.862 	49.137 	-0.047 	-0.084 	-0.034 	
61.010 	-210.145 	49.374 	-0.088 	0.065 	-0.017 	
113.206 	-2.448 	15.220 	-0.042 	-0.139 	0.031 	
7.975 	23.359 	201.509 	0.048 	-0.029 	0.029 	
103.515 	-22.037 	18.186 	0.155 	0.136 	0.145 	
61.894 	-22.304 	26.327 	0.225 	0.020 	-0.111 	
75.988 	-51.215 	-8.399 	0.076 	0.126 	0.189 	
144.276 	-67.037 	-74.273 	0.090 	0.028 	0.055 	
-14.944 	-109.186 	8.706 	-0.049 	0.018 	0.060 	
127.717 	-68.744 	23.455 	0.024 	-0.146 	0.070 	
57.705 	27.315 	25.869 	-0.133 	-0.223 	-0.023 	
28.068 	-172.515 	57.602 	0.024 	0.041 	0.024 	
174.638 	-93.314 	23.040 	0.009 	-0.036 	-0.041 	
56.620 	63.216 	-14.924 	-0.126 	-0.112 	0.108 	
53.366 	-49.934 	35.182 	0.066 	0.135 	0.194 	
27.632 	-12.855 	39.457 	0.109 	0.167 	-0.119 	
-125.190 	-16.977 	53.569 	-0.141 	-0.028 	-0.017 	
-413.590 	-596.904 	2007.779 	-0.164 	-0.177 	0.623 	
151.303 	-15.491 	115.375 	-0.032 	-0.014 	0.147 	
69.261 	-20.566 	51.343 	0.118 	0.003 	0.053 	
56.360 	-39.989 	91.946 	-0.131 	0.028 	-0.021 	
118.897 	-34.369 	41.064 	0.022 	0.001 	0.223 	
-63.963 	-51.965 	89.522 	0.059 	0.011 	0.043 	
107.000 	0.625 	42.809 	-0.010 	-0.095 	-0.124 	
114.953 	-4.995 	23.523 	-0.025 	0.114 	-0.035 	
-126.480 	-55.662 	145.036 	-0.074 	-0.010 	0.019 	
109.779 	10.521 	7.181 	0.037 	0.032 	0.029 	
154.026 	-10.682 	8.315 	-0.057 	0.125 	0.066 	
45.249 	-57.453 	18.873 	0.064 	0.006 	0.198 	
68.976 	-27.369 	24.393 	-0.120 	0.050 	-0.052 	
128.777 	19.092 	33.567 	0.062 	-0.005 	-0.081 	
100.469 	-63.663 	21.470 	-0.067 	-0.072 	0.056 	
119.366 	-9.985 	-17.216 	0.088 	0.034 	-0.095 	
-3.884 	-71.376 	22.025 	0.117 	-0.069 	0.001 	
-16.026 	88.052 	-46.179 	0.013 	-0.029 	0.025 	
-16.885 	-46.871 	55.808 	0.090 	0.052 	0.026 	
152.043 	-52.885 	84.121 	-0.038 	0.053 	-0.039 	
2.229 	-175.155 	-237.000 	-0.258 	-0.339 	-0.530 	
-57.711 	-43.703 	-27.830 	-0.026 	-0.069 	0.087 	
61.083 	-10.633 	121.365 	0.154 	0.016 	0.027 	
-125.796 	-73.917 	1.542 	0.045 	0.005 	0.058 	
143.833 	-9.939 	-28.647 	0.116 	0.032 	-0.030 	
138.654 	-15.734 	41.418 	0.173 	0.023 	-0.042 	
-1.933 	-8.353 	-105.699 	0.005 	-0.056 	-0.058 	
80.383 	-79.361 	-34.324 	0.042 	0.099 	0.012 	
79.797 	12.573 	42.247 	-0.069 	0.079 	-0.026 	
110.467 	-28.424 	-69.780 	0.144 	0.048 	0.090 	
89.249 	-85.499 	-23.948 	-0.064 	0.038 	-0.041 	
140.785 	-43.165 	-12.019 	0.034 	0.045 	-0.070 	
-71.837 	-3352.916 	-575.441 	-0.060 	-1.309 	-0.223 	
130.501 	-54.529 	26.225 	0.025 	-0.172 	0.023 	
-121.017 	11.026 	25.666 	0.006 	0.033 	0.069 	
-14230.749 	-1319.016 	-11782.221 	-23.128 	-2.071 	-18.899 	
118.116 	27.211 	60.044 	-0.029 	0.045 	0.087 	
82.128 	-46.011 	120.013 	-0.143 	-0.076 	-0.110 	
69.681 	-11.318 	-13.725 	-0.055 	0.097 	0.096 	
100.954 	-7.060 	-54.976 	-0.072 	0.071 	0.037 	
30.544 	-106.609 	-57.506 	0.033 	-0.016 	0.064 	
110.970 	-26.944 	-52.712 	-0.046 	0.059 	0.002 	
98.234 	7.997 	32.501 	-0.053 	-0.049 	0.116 	
40.941 	-36.324 	9.178 	0.211 	-0.069 	-0.039 	
137.574 	-18.345 	-67.144 	0.043 	-0.055 	-0.042 	
55.300 	-21.675 	21.858 	0.224 	0.023 	-0.082 	
-94.370 	-50.991 	126.820 	-0.004 	-0.016 	0.024 	
176.851 	5.766 	17.293 	0.112 	-0.056 	0.054 	
79.464 	-53.753 	-2.775 	-0.257 	0.038 	0.084 	
1850.256 	-1450.194 	-1142.619 	0.882 	-0.661 	-0.534 	
115.954 	12.200 	30.308 	0.047 	-0.025 	0.040 	
86.333 	-46.717 	0.332 	0.215 	-0.060 	0.077 	
130.581 	-39.313 	-1.502 	0.069 	-0.051 	0.019 	
