## Las primeras 500 lineas corresponden a la esfera 1 
##las siguienets 500 lineas a la esfera 2
## Las primeras tres columnas corresponden a la posición en 'x', 'y' y 'z', las siguientes tres a las velocidades
4.215 	-949.119 	89.974 	-0.010 	-0.247 	0.028 	
293.739 	-287.919 	-1.966 	0.086 	-0.077 	-0.003 	
339.506 	1206.268 	826.585 	0.099 	0.315 	0.207 	
-1112.915 	1238.601 	815.255 	-0.305 	0.335 	0.221 	
-250.656 	-256.547 	1150.836 	-0.053 	-0.066 	0.316 	
1224.208 	797.897 	1430.493 	0.343 	0.215 	0.376 	
1287.278 	-657.224 	-1254.784 	0.345 	-0.169 	-0.338 	
-1221.977 	-714.451 	432.525 	-0.322 	-0.178 	0.123 	
1060.575 	314.780 	701.813 	0.278 	0.096 	0.186 	
407.061 	387.341 	543.241 	0.105 	0.099 	0.152 	
1081.881 	-89.103 	67.128 	0.280 	-0.021 	0.014 	
-242.349 	-977.951 	153.391 	-0.056 	-0.258 	0.045 	
189.773 	-696.230 	103.222 	0.067 	-0.183 	0.029 	
793.222 	1102.934 	1067.976 	0.200 	0.294 	0.281 	
-34.313 	912.401 	-1498.613 	-0.028 	0.239 	-0.378 	
-526.283 	-112.687 	0.166 	-0.140 	-0.017 	0.003 	
-586.486 	1209.903 	-485.131 	-0.162 	0.315 	-0.132 	
132.152 	698.483 	-1329.594 	0.032 	0.172 	-0.360 	
-1736.959 	-1310.794 	-735.215 	-0.475 	-0.343 	-0.200 	
634.738 	-1513.455 	-1307.741 	0.158 	-0.407 	-0.350 	
141.469 	-1429.908 	1681.332 	0.042 	-0.368 	0.454 	
128.607 	528.152 	1483.716 	0.030 	0.137 	0.383 	
-379.774 	-688.855 	343.033 	-0.100 	-0.169 	0.085 	
-1245.028 	-988.811 	455.598 	-0.323 	-0.254 	0.115 	
845.422 	-609.673 	999.978 	0.235 	-0.161 	0.258 	
-588.315 	-17.131 	1312.068 	-0.142 	-0.000 	0.343 	
85.496 	-806.477 	-56.452 	0.032 	-0.205 	-0.010 	
350.722 	-1435.207 	1074.900 	0.088 	-0.393 	0.288 	
-1266.511 	1264.116 	326.635 	-0.328 	0.334 	0.088 	
-717.419 	-1096.000 	861.527 	-0.181 	-0.286 	0.234 	
-452.927 	-766.686 	-1278.685 	-0.116 	-0.197 	-0.341 	
616.570 	1020.304 	1217.218 	0.159 	0.262 	0.325 	
1226.510 	-462.002 	1129.848 	0.326 	-0.122 	0.303 	
-816.589 	842.001 	103.903 	-0.200 	0.221 	0.029 	
133.199 	-421.533 	-1411.940 	0.034 	-0.121 	-0.363 	
202.977 	-197.889 	150.443 	0.069 	-0.042 	0.040 	
-589.008 	-1203.492 	-1342.898 	-0.158 	-0.315 	-0.370 	
-593.973 	-1470.511 	1103.395 	-0.144 	-0.389 	0.293 	
-554.400 	-137.539 	789.524 	-0.152 	-0.032 	0.213 	
953.154 	-1502.987 	1082.762 	0.252 	-0.400 	0.292 	
1623.117 	620.295 	-61.330 	0.434 	0.150 	-0.019 	
280.925 	-390.432 	134.496 	0.080 	-0.093 	0.029 	
628.605 	175.504 	1054.105 	0.150 	0.051 	0.284 	
-49.232 	-1042.143 	-679.068 	-0.025 	-0.277 	-0.178 	
244.471 	-300.705 	1019.997 	0.076 	-0.081 	0.278 	
125.331 	259.690 	-504.492 	0.044 	0.073 	-0.125 	
1577.109 	117.560 	11.953 	0.411 	0.023 	0.021 	
-369.360 	1451.299 	-381.198 	-0.098 	0.389 	-0.104 	
337.194 	-416.565 	-564.507 	0.100 	-0.114 	-0.147 	
1347.666 	861.457 	431.104 	0.361 	0.239 	0.114 	
-1247.147 	-452.194 	-999.538 	-0.325 	-0.126 	-0.274 	
725.669 	-122.707 	719.442 	0.182 	-0.031 	0.182 	
1504.116 	-677.141 	-1493.368 	0.412 	-0.192 	-0.399 	
-135.681 	958.334 	8.894 	-0.022 	0.250 	0.010 	
-1087.121 	1191.529 	867.630 	-0.296 	0.311 	0.229 	
-251.449 	-1412.074 	718.135 	-0.060 	-0.384 	0.198 	
-613.149 	-16.089 	-892.588 	-0.149 	-0.009 	-0.243 	
41.834 	-1262.795 	-434.302 	0.022 	-0.336 	-0.119 	
-1469.716 	1046.564 	1251.828 	-0.395 	0.286 	0.340 	
852.378 	1334.170 	541.566 	0.231 	0.348 	0.133 	
-374.010 	1430.632 	382.272 	-0.112 	0.384 	0.099 	
550.606 	853.812 	-503.667 	0.154 	0.221 	-0.131 	
-1123.222 	1534.325 	604.880 	-0.312 	0.414 	0.164 	
1022.741 	280.212 	-516.320 	0.272 	0.086 	-0.137 	
1206.220 	-1424.372 	-1448.529 	0.339 	-0.379 	-0.381 	
1736.658 	-590.625 	-1471.893 	0.479 	-0.156 	-0.393 	
1097.982 	-821.690 	-1282.320 	0.310 	-0.220 	-0.343 	
-1609.768 	1750.540 	-503.085 	-0.436 	0.480 	-0.141 	
1729.723 	813.613 	1062.696 	0.476 	0.219 	0.279 	
-253.033 	536.293 	630.778 	-0.066 	0.122 	0.170 	
1144.051 	439.170 	460.664 	0.314 	0.106 	0.115 	
463.107 	-86.399 	541.436 	0.138 	-0.016 	0.144 	
-35.354 	919.186 	-1500.048 	0.005 	0.250 	-0.414 	
-386.541 	-1136.195 	-463.923 	-0.106 	-0.302 	-0.118 	
-670.200 	590.030 	922.201 	-0.191 	0.154 	0.241 	
678.462 	-203.045 	-391.652 	0.179 	-0.051 	-0.086 	
-36.751 	-363.539 	-1057.041 	-0.013 	-0.083 	-0.282 	
1310.398 	776.394 	-1227.891 	0.354 	0.209 	-0.338 	
177.522 	-296.136 	-576.076 	0.041 	-0.072 	-0.159 	
-27.509 	-366.675 	1272.491 	0.000 	-0.103 	0.336 	
-214.423 	1178.987 	363.081 	-0.067 	0.303 	0.098 	
355.967 	-617.164 	-427.014 	0.082 	-0.159 	-0.105 	
754.961 	948.351 	1240.109 	0.196 	0.258 	0.329 	
-311.303 	-1003.952 	1256.289 	-0.088 	-0.261 	0.340 	
973.522 	-536.750 	-226.679 	0.266 	-0.132 	-0.070 	
-911.707 	-1267.293 	-1236.472 	-0.234 	-0.333 	-0.323 	
935.136 	-288.474 	-571.187 	0.252 	-0.084 	-0.166 	
-960.089 	-1047.490 	1122.231 	-0.269 	-0.278 	0.301 	
-1360.063 	-1323.811 	866.287 	-0.353 	-0.354 	0.235 	
-1234.619 	-527.025 	-143.554 	-0.318 	-0.150 	-0.029 	
1599.674 	714.790 	1135.706 	0.427 	0.205 	0.300 	
45.477 	614.008 	1145.330 	0.009 	0.170 	0.306 	
103.379 	-265.698 	105.994 	0.034 	-0.078 	0.030 	
-200.494 	-1359.683 	-576.702 	-0.045 	-0.369 	-0.145 	
1319.109 	-885.642 	1310.360 	0.350 	-0.227 	0.346 	
-515.676 	844.485 	-1388.597 	-0.130 	0.232 	-0.359 	
1312.009 	340.820 	851.132 	0.359 	0.082 	0.228 	
1409.370 	325.081 	-948.582 	0.387 	0.087 	-0.251 	
1594.931 	1282.406 	198.957 	0.442 	0.339 	0.054 	
892.984 	-678.239 	887.961 	0.229 	-0.189 	0.230 	
-1026.732 	1365.867 	740.018 	-0.272 	0.353 	0.203 	
-1663.076 	-1207.126 	-529.517 	-0.453 	-0.319 	-0.132 	
449.331 	-1555.621 	902.053 	0.122 	-0.421 	0.239 	
-684.920 	-169.596 	1178.123 	-0.179 	-0.034 	0.321 	
833.486 	-364.903 	456.670 	0.236 	-0.097 	0.128 	
-1435.612 	714.909 	1314.219 	-0.372 	0.192 	0.345 	
-1392.192 	-990.228 	920.660 	-0.381 	-0.259 	0.250 	
-1628.403 	1702.072 	-697.206 	-0.442 	0.465 	-0.186 	
1039.393 	-659.055 	37.692 	0.270 	-0.181 	0.020 	
1718.625 	-147.885 	-568.095 	0.468 	-0.047 	-0.140 	
-430.173 	-143.825 	842.936 	-0.109 	-0.042 	0.230 	
397.836 	-510.650 	768.079 	0.092 	-0.137 	0.205 	
697.272 	7.692 	257.221 	0.176 	-0.006 	0.062 	
-252.971 	1493.666 	-552.094 	-0.074 	0.390 	-0.137 	
-996.731 	1360.932 	1361.462 	-0.268 	0.364 	0.368 	
-162.403 	1456.629 	1417.025 	-0.037 	0.393 	0.379 	
452.275 	-1527.339 	-283.141 	0.117 	-0.407 	-0.061 	
-1622.131 	-451.610 	1529.130 	-0.428 	-0.132 	0.404 	
1105.551 	-655.261 	-583.835 	0.292 	-0.185 	-0.144 	
-97.437 	1085.635 	194.623 	-0.038 	0.284 	0.057 	
-761.935 	164.401 	927.406 	-0.195 	0.046 	0.257 	
856.510 	-1196.459 	-542.548 	0.231 	-0.326 	-0.145 	
701.527 	-236.669 	-1139.062 	0.184 	-0.049 	-0.306 	
1420.027 	-634.840 	1442.575 	0.369 	-0.173 	0.387 	
-1531.602 	533.074 	772.344 	-0.418 	0.137 	0.203 	
456.208 	-200.839 	-563.815 	0.111 	-0.043 	-0.143 	
-1604.736 	-1027.339 	-620.131 	-0.424 	-0.271 	-0.155 	
-1679.561 	-1568.248 	644.784 	-0.460 	-0.419 	0.168 	
-1238.244 	637.286 	-1527.106 	-0.331 	0.174 	-0.396 	
-1335.053 	-1378.756 	530.554 	-0.346 	-0.372 	0.140 	
-131.964 	-929.752 	722.489 	-0.044 	-0.244 	0.195 	
-354.987 	1176.820 	-661.628 	-0.099 	0.316 	-0.184 	
-923.931 	776.093 	13.035 	-0.248 	0.200 	0.001 	
34.754 	447.645 	-1336.778 	0.000 	0.111 	-0.350 	
1650.547 	-1509.884 	156.584 	0.435 	-0.400 	0.035 	
-228.307 	-1177.553 	-593.267 	-0.052 	-0.312 	-0.170 	
188.737 	-919.666 	429.388 	0.041 	-0.243 	0.103 	
-1101.304 	-1383.455 	1089.936 	-0.281 	-0.375 	0.293 	
1283.847 	-627.213 	-638.877 	0.343 	-0.160 	-0.169 	
539.559 	-1150.137 	338.906 	0.159 	-0.303 	0.096 	
-1122.169 	-683.371 	-881.627 	-0.287 	-0.187 	-0.234 	
1454.063 	-429.039 	-381.024 	0.374 	-0.106 	-0.103 	
-971.989 	1484.972 	346.201 	-0.263 	0.389 	0.099 	
-1178.276 	-1239.722 	186.046 	-0.316 	-0.329 	0.057 	
-367.760 	470.669 	549.224 	-0.105 	0.115 	0.145 	
907.792 	-197.907 	1297.631 	0.239 	-0.051 	0.333 	
-681.504 	-104.403 	-535.527 	-0.174 	-0.015 	-0.143 	
-10.112 	770.391 	1170.273 	-0.009 	0.201 	0.298 	
1390.820 	-1276.776 	-1486.294 	0.360 	-0.342 	-0.400 	
-129.448 	1078.305 	-755.341 	-0.024 	0.277 	-0.203 	
1365.395 	-1486.534 	394.744 	0.366 	-0.394 	0.093 	
-1082.396 	-430.195 	930.373 	-0.277 	-0.107 	0.245 	
372.414 	834.016 	1582.552 	0.094 	0.211 	0.423 	
-1602.336 	-1573.258 	-584.009 	-0.427 	-0.417 	-0.162 	
-1348.870 	-91.977 	-1520.497 	-0.361 	-0.017 	-0.406 	
-114.250 	-640.868 	-546.848 	-0.043 	-0.170 	-0.144 	
1459.361 	-342.635 	1102.993 	0.415 	-0.090 	0.285 	
-1421.387 	-719.144 	1415.145 	-0.380 	-0.199 	0.375 	
-704.552 	-1109.571 	1567.381 	-0.180 	-0.299 	0.423 	
170.279 	-1100.944 	919.065 	0.044 	-0.295 	0.249 	
1510.012 	-1266.570 	1159.507 	0.417 	-0.340 	0.313 	
-501.189 	276.288 	312.942 	-0.123 	0.077 	0.075 	
-490.833 	-82.783 	839.376 	-0.155 	0.000 	0.248 	
755.209 	102.092 	-71.659 	0.211 	0.035 	-0.010 	
87.290 	-571.106 	321.325 	0.019 	-0.151 	0.078 	
-575.026 	-17.743 	-215.020 	-0.158 	-0.003 	-0.048 	
-547.684 	875.643 	-770.905 	-0.143 	0.233 	-0.206 	
1735.646 	-351.792 	-108.737 	0.467 	-0.107 	-0.027 	
503.550 	-18.884 	-195.819 	0.134 	-0.015 	-0.040 	
613.869 	-317.277 	-358.372 	0.149 	-0.090 	-0.085 	
-992.097 	299.063 	1642.434 	-0.260 	0.078 	0.442 	
926.725 	649.493 	57.730 	0.263 	0.165 	0.018 	
-1412.293 	287.287 	610.547 	-0.383 	0.071 	0.160 	
402.120 	-80.215 	-468.029 	0.102 	-0.031 	-0.125 	
-1625.273 	-729.587 	1388.467 	-0.443 	-0.195 	0.368 	
-1280.429 	-498.214 	-112.652 	-0.343 	-0.125 	-0.023 	
-646.906 	-354.391 	-348.542 	-0.170 	-0.095 	-0.096 	
991.560 	885.518 	1276.415 	0.267 	0.238 	0.327 	
301.257 	-307.987 	1265.118 	0.085 	-0.079 	0.340 	
1497.566 	915.806 	1603.295 	0.397 	0.253 	0.433 	
1290.958 	1169.675 	1272.173 	0.343 	0.315 	0.353 	
1395.093 	-1171.433 	-1196.726 	0.365 	-0.317 	-0.324 	
995.894 	1441.847 	82.023 	0.278 	0.382 	0.020 	
-707.422 	82.973 	385.050 	-0.194 	0.016 	0.112 	
-296.868 	105.059 	-899.507 	-0.073 	0.033 	-0.250 	
-202.216 	665.480 	731.650 	-0.065 	0.175 	0.193 	
-1612.080 	-1448.773 	861.895 	-0.433 	-0.378 	0.242 	
-635.708 	498.548 	-585.988 	-0.167 	0.137 	-0.149 	
-436.841 	-1363.081 	-1029.025 	-0.118 	-0.355 	-0.276 	
-763.195 	-1318.059 	-792.744 	-0.190 	-0.349 	-0.211 	
125.301 	-1451.443 	-1197.104 	0.031 	-0.382 	-0.315 	
1258.825 	515.434 	89.579 	0.350 	0.138 	0.029 	
1419.174 	-109.701 	-1006.131 	0.379 	-0.032 	-0.259 	
-640.735 	226.691 	64.421 	-0.155 	0.057 	0.026 	
-625.977 	707.499 	380.250 	-0.180 	0.185 	0.102 	
1463.909 	-648.258 	5.619 	0.387 	-0.182 	-0.008 	
-834.949 	561.362 	-1512.124 	-0.226 	0.146 	-0.406 	
1512.208 	-132.993 	950.919 	0.399 	-0.025 	0.259 	
299.114 	502.603 	418.155 	0.094 	0.139 	0.118 	
925.481 	-310.126 	-639.116 	0.255 	-0.072 	-0.159 	
-916.498 	1170.807 	258.538 	-0.242 	0.299 	0.073 	
-18.512 	-1158.465 	697.761 	0.006 	-0.296 	0.180 	
-160.192 	-125.181 	-1232.908 	-0.031 	-0.031 	-0.322 	
-439.410 	63.446 	253.912 	-0.121 	0.019 	0.069 	
-173.054 	-1308.244 	-1294.128 	-0.041 	-0.342 	-0.352 	
-357.595 	-552.783 	1365.037 	-0.088 	-0.151 	0.348 	
1636.146 	-211.953 	-1189.736 	0.443 	-0.066 	-0.314 	
-357.251 	241.793 	-253.791 	-0.092 	0.059 	-0.060 	
1356.764 	-1438.405 	1315.589 	0.373 	-0.378 	0.351 	
-475.088 	-511.248 	453.881 	-0.124 	-0.124 	0.117 	
-440.877 	-57.652 	1351.993 	-0.107 	-0.006 	0.358 	
296.084 	711.042 	147.918 	0.094 	0.188 	0.041 	
-1484.019 	1549.848 	-1124.554 	-0.402 	0.414 	-0.299 	
67.641 	-400.936 	-1528.113 	0.034 	-0.102 	-0.408 	
-272.195 	-816.984 	952.190 	-0.067 	-0.202 	0.255 	
-897.274 	-716.955 	-646.926 	-0.248 	-0.191 	-0.169 	
818.223 	1483.337 	-1248.256 	0.221 	0.397 	-0.347 	
-868.745 	114.661 	958.105 	-0.243 	0.030 	0.252 	
-27.203 	205.626 	740.000 	-0.015 	0.055 	0.185 	
-277.779 	-263.934 	545.984 	-0.053 	-0.085 	0.105 	
1430.973 	-336.411 	-901.257 	0.379 	-0.102 	-0.245 	
1672.682 	-1565.809 	6.835 	0.443 	-0.419 	0.012 	
-1205.925 	-896.465 	-62.873 	-0.333 	-0.245 	-0.021 	
63.137 	-1280.502 	325.795 	0.009 	-0.331 	0.093 	
-588.844 	99.508 	1253.975 	-0.161 	0.018 	0.325 	
-828.220 	1540.608 	53.634 	-0.208 	0.407 	0.022 	
-1130.077 	-1206.656 	519.763 	-0.298 	-0.313 	0.134 	
1376.741 	-568.669 	-1142.280 	0.371 	-0.148 	-0.314 	
-985.241 	-1454.442 	928.750 	-0.263 	-0.375 	0.248 	
-675.911 	-0.652 	556.570 	-0.178 	-0.013 	0.152 	
-715.594 	151.330 	1444.435 	-0.190 	0.040 	0.392 	
-1288.853 	952.793 	-251.790 	-0.339 	0.252 	-0.053 	
-1216.799 	427.861 	42.853 	-0.334 	0.113 	0.012 	
-456.049 	396.989 	-758.186 	-0.119 	0.113 	-0.197 	
1354.473 	1689.309 	-1540.695 	0.358 	0.464 	-0.417 	
-1098.482 	617.845 	853.925 	-0.300 	0.163 	0.237 	
-1261.830 	-133.664 	-1311.505 	-0.327 	-0.039 	-0.349 	
746.424 	-1049.954 	511.270 	0.204 	-0.285 	0.125 	
1118.899 	1226.641 	-113.312 	0.315 	0.327 	-0.024 	
1289.554 	659.611 	-1453.212 	0.337 	0.180 	-0.378 	
851.910 	412.215 	-988.574 	0.221 	0.105 	-0.249 	
-637.566 	-1237.454 	-355.098 	-0.163 	-0.318 	-0.097 	
1162.708 	-542.570 	150.246 	0.315 	-0.139 	0.025 	
-431.509 	1197.634 	283.169 	-0.044 	0.373 	0.096 	
337.955 	-914.527 	1354.316 	0.093 	-0.238 	0.345 	
-769.079 	508.059 	-588.277 	-0.204 	0.131 	-0.163 	
-1120.921 	-43.145 	549.307 	-0.306 	-0.012 	0.153 	
1213.960 	-411.001 	1243.831 	0.333 	-0.114 	0.318 	
325.493 	-902.218 	-1403.598 	0.096 	-0.245 	-0.360 	
1682.659 	286.437 	-944.499 	0.461 	0.076 	-0.254 	
553.806 	-360.795 	1213.111 	0.160 	-0.095 	0.319 	
-1028.920 	1327.229 	-297.417 	-0.258 	0.355 	-0.077 	
-637.706 	-624.801 	527.660 	-0.173 	-0.165 	0.147 	
-550.151 	-700.746 	248.318 	-0.143 	-0.185 	0.082 	
1494.212 	1.640 	657.139 	0.403 	0.012 	0.181 	
-1020.894 	100.436 	915.417 	-0.272 	0.027 	0.258 	
11.779 	598.291 	-1132.797 	-0.008 	0.160 	-0.309 	
-1101.411 	-1431.442 	-1404.233 	-0.283 	-0.378 	-0.383 	
783.938 	1231.936 	-563.720 	0.202 	0.322 	-0.147 	
-1502.551 	722.300 	907.245 	-0.404 	0.193 	0.234 	
-1562.483 	84.489 	604.549 	-0.425 	0.030 	0.160 	
498.698 	-1254.857 	-1295.284 	0.127 	-0.339 	-0.333 	
-1975.392 	105.991 	-0.158 	-0.594 	-0.015 	-0.005 	
-1436.223 	-575.828 	746.944 	-0.377 	-0.156 	0.206 	
873.298 	-332.858 	-1018.195 	0.228 	-0.090 	-0.282 	
421.237 	284.246 	169.020 	0.121 	0.078 	0.057 	
-41.109 	-543.548 	381.984 	-0.011 	-0.153 	0.088 	
-1525.375 	141.969 	-875.286 	-0.412 	0.032 	-0.241 	
1240.832 	-137.173 	1685.628 	0.337 	-0.032 	0.458 	
-303.040 	-513.006 	891.360 	-0.080 	-0.145 	0.224 	
580.774 	-901.679 	-359.659 	0.146 	-0.237 	-0.090 	
208.211 	-213.118 	256.662 	0.062 	-0.066 	0.060 	
-1351.640 	-1595.470 	-808.496 	-0.363 	-0.433 	-0.214 	
773.765 	-747.030 	-1324.232 	0.204 	-0.185 	-0.344 	
308.688 	390.692 	-338.757 	0.093 	0.147 	-0.088 	
-622.161 	-198.264 	498.916 	-0.161 	-0.042 	0.137 	
1703.122 	866.795 	-133.187 	0.468 	0.227 	-0.038 	
397.584 	-191.559 	-882.254 	0.100 	-0.049 	-0.237 	
-1258.154 	424.597 	-1563.143 	-0.331 	0.119 	-0.415 	
585.584 	491.546 	458.363 	0.164 	0.120 	0.130 	
1536.046 	118.583 	-1258.583 	0.399 	0.027 	-0.329 	
-621.997 	191.172 	-781.638 	-0.164 	0.059 	-0.214 	
-1517.314 	1389.229 	582.716 	-0.416 	0.372 	0.157 	
42.534 	-1214.732 	-1424.380 	0.020 	-0.321 	-0.389 	
1080.452 	1374.920 	-832.468 	0.290 	0.365 	-0.237 	
789.383 	-625.636 	145.136 	0.206 	-0.164 	0.051 	
807.270 	-1340.853 	-1063.852 	0.209 	-0.351 	-0.293 	
520.696 	-624.907 	882.416 	0.132 	-0.166 	0.233 	
673.741 	-679.650 	1070.622 	0.180 	-0.175 	0.285 	
1372.935 	1498.288 	-1315.664 	0.361 	0.403 	-0.362 	
1262.951 	-246.090 	911.048 	0.344 	-0.057 	0.252 	
544.221 	-377.597 	-312.810 	0.150 	-0.093 	-0.083 	
-614.493 	-590.340 	1148.263 	-0.173 	-0.153 	0.307 	
-727.319 	-315.064 	1261.853 	-0.192 	-0.095 	0.335 	
289.749 	-761.389 	-477.005 	0.080 	-0.199 	-0.131 	
-1026.106 	-155.767 	-22.504 	-0.272 	-0.046 	-0.010 	
-199.204 	1279.203 	-1587.438 	-0.040 	0.348 	-0.423 	
-1201.561 	-398.861 	816.010 	-0.329 	-0.106 	0.214 	
-53.312 	-1253.083 	1308.972 	-0.015 	-0.323 	0.357 	
-617.148 	456.680 	1244.516 	-0.153 	0.128 	0.328 	
-161.306 	-49.442 	875.997 	-0.049 	-0.016 	0.234 	
1097.452 	-831.023 	23.406 	0.298 	-0.227 	-0.004 	
-107.206 	-568.031 	353.747 	-0.010 	-0.147 	0.102 	
-342.195 	-557.923 	1246.450 	-0.075 	-0.146 	0.334 	
-1545.785 	-437.685 	419.555 	-0.422 	-0.117 	0.114 	
-395.729 	-1041.582 	-223.593 	-0.116 	-0.270 	-0.059 	
451.551 	-1497.096 	815.275 	0.115 	-0.410 	0.214 	
555.306 	-1136.302 	-314.870 	0.144 	-0.304 	-0.075 	
632.880 	-1392.546 	-180.430 	0.173 	-0.374 	-0.038 	
433.292 	74.636 	1268.839 	0.106 	0.012 	0.337 	
-1396.103 	686.238 	97.009 	-0.375 	0.181 	0.023 	
-347.025 	352.368 	657.307 	-0.079 	0.087 	0.169 	
-538.307 	-818.977 	1314.615 	-0.149 	-0.218 	0.360 	
-1153.871 	-1388.225 	1186.205 	-0.307 	-0.364 	0.328 	
835.278 	948.320 	-1459.355 	0.218 	0.249 	-0.381 	
-504.155 	865.141 	-1402.874 	-0.123 	0.225 	-0.367 	
-120.660 	-1175.700 	-945.003 	-0.017 	-0.313 	-0.254 	
-48.573 	-71.814 	219.250 	0.002 	-0.029 	0.055 	
1020.483 	-478.353 	279.981 	0.275 	-0.127 	0.066 	
791.451 	484.825 	-899.108 	0.226 	0.129 	-0.236 	
-1019.629 	-1347.622 	803.518 	-0.264 	-0.370 	0.207 	
1676.969 	-337.351 	-1532.920 	0.459 	-0.090 	-0.414 	
-273.125 	1089.107 	381.776 	-0.061 	0.294 	0.096 	
-881.963 	1240.351 	-1066.502 	-0.238 	0.330 	-0.288 	
-1222.170 	818.040 	-423.989 	-0.311 	0.216 	-0.113 	
-5.014 	434.896 	-152.300 	-0.009 	0.102 	-0.040 	
-1342.310 	509.790 	118.451 	-0.345 	0.147 	0.028 	
-61.748 	-1164.457 	-907.542 	-0.019 	-0.303 	-0.228 	
-1084.276 	-633.781 	81.215 	-0.292 	-0.164 	0.010 	
822.746 	668.906 	-869.211 	0.233 	0.179 	-0.226 	
-1054.461 	1514.974 	182.969 	-0.282 	0.397 	0.060 	
764.993 	-141.571 	-1121.777 	0.210 	-0.035 	-0.297 	
-160.976 	144.047 	-332.950 	-0.037 	0.025 	-0.078 	
-1464.540 	-744.207 	-1356.720 	-0.388 	-0.209 	-0.368 	
685.473 	-277.796 	211.215 	0.177 	-0.077 	0.062 	
-1202.404 	-301.797 	1324.320 	-0.321 	-0.077 	0.355 	
1187.999 	-117.963 	1123.790 	0.317 	-0.037 	0.289 	
444.480 	-108.291 	-1020.703 	0.110 	-0.038 	-0.270 	
1254.619 	495.720 	-85.333 	0.326 	0.135 	-0.030 	
555.405 	248.651 	909.902 	0.141 	0.071 	0.238 	
-95.305 	690.448 	-1157.944 	-0.032 	0.184 	-0.301 	
1525.445 	-1135.349 	-495.110 	0.420 	-0.301 	-0.125 	
-1386.428 	-1397.570 	1468.140 	-0.375 	-0.377 	0.391 	
-1221.600 	-851.055 	-32.393 	-0.320 	-0.223 	-0.009 	
955.831 	221.260 	319.153 	0.239 	0.058 	0.085 	
1525.646 	-389.306 	420.859 	0.407 	-0.098 	0.104 	
-1275.879 	461.359 	669.984 	-0.335 	0.130 	0.191 	
68.476 	-90.474 	5.794 	0.007 	-0.022 	0.007 	
-449.854 	-897.029 	1220.914 	-0.107 	-0.233 	0.330 	
-176.665 	-739.020 	-604.483 	-0.040 	-0.202 	-0.151 	
1473.093 	-570.573 	-1009.703 	0.392 	-0.163 	-0.265 	
191.323 	-884.392 	-837.542 	0.038 	-0.231 	-0.217 	
1131.004 	-1236.408 	1540.856 	0.311 	-0.320 	0.408 	
-1427.086 	-590.487 	-760.493 	-0.374 	-0.147 	-0.194 	
-1273.828 	-341.175 	-492.283 	-0.348 	-0.099 	-0.127 	
177.657 	-323.420 	1184.423 	0.063 	-0.087 	0.312 	
868.812 	-872.892 	669.595 	0.247 	-0.232 	0.171 	
-796.232 	668.543 	688.462 	-0.223 	0.172 	0.187 	
-1403.639 	-798.269 	1166.286 	-0.370 	-0.199 	0.314 	
-1092.219 	-4.710 	358.893 	-0.293 	-0.004 	0.103 	
-898.701 	-1050.425 	172.701 	-0.231 	-0.273 	0.040 	
1383.139 	1342.966 	887.334 	0.374 	0.343 	0.233 	
1364.071 	755.860 	-260.506 	0.376 	0.207 	-0.072 	
-1326.951 	-1251.036 	319.944 	-0.352 	-0.329 	0.093 	
-1087.419 	346.645 	617.293 	-0.293 	0.083 	0.166 	
-908.229 	127.224 	740.438 	-0.228 	0.041 	0.202 	
-821.181 	-392.711 	-1560.040 	-0.221 	-0.111 	-0.426 	
-762.887 	-828.959 	-1206.655 	-0.206 	-0.227 	-0.328 	
1650.626 	1676.405 	-801.821 	0.446 	0.457 	-0.209 	
1584.149 	579.962 	-1260.417 	0.425 	0.148 	-0.346 	
-403.412 	-659.062 	-445.986 	-0.107 	-0.182 	-0.114 	
-429.567 	-624.247 	1042.154 	-0.112 	-0.179 	0.274 	
399.083 	-85.618 	182.141 	0.117 	-0.027 	0.041 	
502.698 	176.290 	345.146 	0.140 	0.037 	0.088 	
-901.103 	966.294 	925.316 	-0.249 	0.257 	0.246 	
-1031.577 	1245.573 	-1422.070 	-0.276 	0.323 	-0.380 	
-421.616 	-966.733 	-1561.903 	-0.109 	-0.247 	-0.421 	
1279.920 	-631.048 	-983.585 	0.329 	-0.165 	-0.258 	
-21.051 	7.980 	-971.974 	-0.004 	0.004 	-0.259 	
487.272 	1210.380 	505.280 	0.133 	0.330 	0.141 	
789.648 	-128.204 	-9.525 	0.222 	-0.032 	-0.004 	
638.828 	743.636 	866.296 	0.174 	0.192 	0.245 	
437.836 	-613.894 	-680.713 	0.126 	-0.160 	-0.172 	
1383.464 	-1134.798 	-974.654 	0.385 	-0.304 	-0.260 	
446.527 	364.481 	-930.491 	0.122 	0.098 	-0.251 	
-1019.998 	-1072.319 	-30.588 	-0.265 	-0.294 	-0.006 	
865.048 	544.886 	688.073 	0.216 	0.140 	0.181 	
1170.165 	463.698 	164.492 	0.327 	0.112 	0.037 	
-118.111 	-1365.840 	1250.433 	-0.027 	-0.359 	0.345 	
89.549 	506.129 	1301.101 	0.038 	0.134 	0.336 	
1126.561 	-60.167 	1244.586 	0.313 	-0.014 	0.328 	
1326.558 	521.792 	-79.800 	0.349 	0.131 	-0.013 	
-885.809 	-1658.925 	1638.331 	-0.231 	-0.447 	0.446 	
-1691.916 	-1398.147 	1525.636 	-0.458 	-0.369 	0.410 	
1581.921 	1313.477 	5.422 	0.436 	0.342 	0.001 	
1627.358 	348.974 	1375.450 	0.436 	0.080 	0.373 	
629.469 	189.185 	1069.768 	0.162 	0.040 	0.272 	
-1059.468 	-176.168 	-1322.109 	-0.283 	-0.045 	-0.350 	
1132.320 	582.994 	-487.304 	0.317 	0.156 	-0.133 	
-380.054 	811.545 	-1381.117 	-0.105 	0.208 	-0.359 	
626.024 	659.408 	-200.370 	0.164 	0.174 	-0.056 	
938.842 	-594.887 	-831.214 	0.253 	-0.153 	-0.215 	
1260.520 	1170.924 	1463.768 	0.336 	0.322 	0.396 	
181.184 	1322.594 	-957.131 	0.036 	0.347 	-0.251 	
-1364.503 	252.559 	558.992 	-0.355 	0.074 	0.152 	
389.945 	-1455.970 	1013.100 	0.114 	-0.386 	0.260 	
487.358 	-572.444 	-152.864 	0.124 	-0.160 	-0.040 	
1164.299 	67.576 	-110.754 	0.310 	0.029 	-0.035 	
-717.417 	656.313 	-1029.538 	-0.183 	0.180 	-0.279 	
747.355 	-1285.882 	733.691 	0.194 	-0.349 	0.198 	
1252.796 	1279.830 	53.215 	0.344 	0.340 	0.020 	
855.840 	-1404.239 	1275.361 	0.227 	-0.361 	0.338 	
1514.277 	-140.245 	315.756 	0.405 	-0.024 	0.091 	
1695.477 	1345.215 	888.641 	0.448 	0.359 	0.239 	
431.899 	-1119.549 	621.549 	0.128 	-0.300 	0.166 	
-863.907 	-1536.084 	1448.590 	-0.232 	-0.417 	0.387 	
639.089 	-333.582 	-332.589 	0.181 	-0.077 	-0.086 	
-103.266 	45.930 	257.195 	-0.034 	0.006 	0.062 	
-1338.964 	1684.673 	1386.788 	-0.367 	0.461 	0.368 	
53.213 	142.462 	1324.067 	0.029 	0.040 	0.344 	
-197.038 	1317.541 	1224.081 	-0.056 	0.359 	0.319 	
1106.310 	-1186.368 	1311.527 	0.306 	-0.325 	0.355 	
-1194.553 	-1286.432 	1290.097 	-0.321 	-0.330 	0.344 	
-1404.618 	-916.100 	1060.339 	-0.377 	-0.238 	0.284 	
-1063.945 	969.075 	468.085 	-0.275 	0.265 	0.131 	
-264.455 	-1625.669 	312.621 	-0.056 	-0.434 	0.081 	
182.852 	-778.940 	1104.891 	0.055 	-0.204 	0.294 	
-43.997 	171.151 	164.807 	-0.014 	0.036 	0.052 	
-1255.110 	-1440.267 	-1194.289 	-0.344 	-0.385 	-0.308 	
-752.438 	-32.357 	816.343 	-0.193 	-0.016 	0.214 	
1173.205 	423.922 	180.110 	0.301 	0.115 	0.056 	
567.759 	-810.092 	1063.193 	0.157 	-0.223 	0.290 	
-1199.649 	-709.363 	-1021.673 	-0.314 	-0.181 	-0.267 	
71.575 	-654.997 	-309.487 	0.009 	-0.221 	-0.079 	
1586.288 	128.756 	22.471 	0.411 	0.034 	-0.000 	
-753.756 	-1069.446 	-1011.449 	-0.196 	-0.288 	-0.260 	
1240.219 	-781.048 	77.059 	0.340 	-0.202 	0.024 	
-419.708 	1082.024 	942.956 	-0.099 	0.283 	0.247 	
257.957 	-390.849 	1351.367 	0.069 	-0.101 	0.352 	
1328.377 	-184.289 	729.362 	0.358 	-0.053 	0.187 	
-423.951 	55.048 	-1596.975 	-0.107 	0.020 	-0.430 	
-728.284 	-240.563 	-41.636 	-0.192 	-0.076 	-0.003 	
330.760 	1246.308 	644.758 	0.082 	0.330 	0.175 	
-1402.252 	376.104 	-254.444 	-0.380 	0.093 	-0.072 	
805.048 	-801.158 	430.719 	0.208 	-0.204 	0.107 	
-265.145 	296.144 	-327.696 	-0.083 	0.073 	-0.088 	
1168.578 	-1242.340 	245.033 	0.312 	-0.333 	0.072 	
163.222 	-296.010 	446.494 	0.031 	-0.073 	0.115 	
1531.664 	-1273.566 	517.734 	0.420 	-0.334 	0.137 	
-736.060 	148.600 	-102.157 	-0.183 	0.037 	-0.026 	
-1204.051 	138.619 	1313.839 	-0.324 	0.050 	0.346 	
1602.665 	640.341 	-179.385 	0.428 	0.160 	-0.034 	
-977.436 	1203.130 	-753.308 	-0.252 	0.327 	-0.194 	
-977.812 	1175.449 	-431.667 	-0.246 	0.313 	-0.116 	
1165.401 	-399.475 	-163.759 	0.303 	-0.091 	-0.040 	
-1263.724 	273.776 	1186.427 	-0.329 	0.077 	0.315 	
1295.501 	-780.909 	-1554.877 	0.360 	-0.201 	-0.414 	
-1103.766 	-1503.724 	-823.239 	-0.293 	-0.396 	-0.219 	
-340.194 	-170.172 	1175.667 	-0.079 	-0.046 	0.305 	
-88.151 	-779.929 	-91.776 	-0.027 	-0.205 	-0.038 	
-141.647 	-210.577 	572.907 	-0.024 	-0.057 	0.161 	
927.999 	410.229 	356.612 	0.257 	0.114 	0.102 	
574.370 	-1247.230 	-7.925 	0.163 	-0.320 	0.005 	
857.342 	-1386.135 	-1351.437 	0.217 	-0.370 	-0.361 	
-910.886 	1378.179 	-387.178 	-0.240 	0.360 	-0.107 	
-1162.812 	1271.518 	354.049 	-0.298 	0.346 	0.092 	
-5.418 	-120.193 	-416.624 	0.002 	-0.035 	-0.116 	
-116.353 	-1225.081 	916.791 	-0.015 	-0.323 	0.241 	
415.155 	-498.940 	1373.686 	0.109 	-0.125 	0.375 	
1350.994 	1078.760 	-1430.497 	0.370 	0.298 	-0.385 	
32.975 	-801.692 	-326.169 	0.006 	-0.213 	-0.074 	
1598.283 	1125.058 	-41.297 	0.441 	0.296 	-0.014 	
-626.938 	943.285 	-1665.987 	-0.154 	0.245 	-0.443 	
-48.856 	132.782 	-298.358 	-0.015 	0.023 	-0.085 	
-1280.120 	-307.599 	536.641 	-0.326 	-0.085 	0.146 	
732.065 	-180.898 	9.748 	0.191 	-0.061 	0.000 	
-450.463 	-311.315 	1326.889 	-0.123 	-0.083 	0.337 	
-259.551 	69.152 	-1604.914 	-0.066 	0.026 	-0.427 	
1246.572 	506.010 	579.775 	0.319 	0.137 	0.149 	
-1316.270 	-826.186 	-1760.208 	-0.344 	-0.218 	-0.482 	
1466.269 	-314.380 	346.439 	0.385 	-0.075 	0.096 	
913.080 	-1475.668 	204.580 	0.242 	-0.396 	0.066 	
740.686 	1411.980 	-946.641 	0.211 	0.368 	-0.248 	
1202.692 	358.726 	-1018.556 	0.314 	0.104 	-0.266 	
42.743 	-1640.690 	1428.017 	0.020 	-0.447 	0.377 	
543.119 	-504.581 	495.997 	0.161 	-0.133 	0.129 	
32.996 	1566.665 	713.200 	0.024 	0.417 	0.192 	
1259.855 	-819.611 	-978.524 	0.350 	-0.222 	-0.261 	
626.792 	1456.138 	-90.021 	0.174 	0.389 	-0.012 	
783.339 	424.606 	-472.524 	0.196 	0.115 	-0.123 	
1298.323 	1462.381 	-360.108 	0.338 	0.379 	-0.095 	
684.916 	775.069 	-485.721 	0.199 	0.205 	-0.127 	
507.336 	-399.829 	-206.161 	0.149 	-0.116 	-0.056 	
458.977 	-336.646 	545.365 	0.124 	-0.090 	0.128 	
-411.299 	-1063.262 	-681.137 	-0.117 	-0.283 	-0.172 	
-1553.324 	-524.207 	1149.600 	-0.405 	-0.133 	0.304 	
-1324.268 	-1126.982 	-128.857 	-0.346 	-0.306 	-0.044 	
372.390 	1331.862 	724.830 	0.095 	0.362 	0.191 	
-309.018 	-455.634 	619.999 	-0.093 	-0.119 	0.164 	
864.673 	-1481.936 	191.865 	0.239 	-0.396 	0.055 	
-1454.968 	-623.248 	960.361 	-0.423 	-0.164 	0.251 	
1171.770 	-1358.769 	-1455.690 	0.271 	-0.372 	-0.382 	
-1347.749 	-603.255 	-1228.094 	-0.405 	-0.151 	-0.328 	
-425.017 	-1367.269 	644.376 	-0.148 	-0.356 	0.183 	
1079.544 	781.037 	-195.980 	0.233 	0.199 	-0.056 	
-862.912 	-1297.745 	776.811 	-0.284 	-0.348 	0.212 	
1761.826 	-1325.205 	-1367.108 	0.430 	-0.362 	-0.371 	
1259.674 	-917.649 	799.275 	0.290 	-0.245 	0.224 	
-439.388 	-821.282 	-1363.708 	-0.174 	-0.211 	-0.361 	
735.839 	789.630 	-1067.736 	0.146 	0.209 	-0.291 	
1253.199 	477.588 	174.603 	0.294 	0.135 	0.037 	
330.002 	65.601 	364.920 	0.025 	0.008 	0.095 	
-1435.565 	1380.670 	1492.441 	-0.436 	0.366 	0.392 	
658.967 	-1116.149 	577.240 	0.114 	-0.298 	0.154 	
625.980 	1666.765 	1512.370 	0.124 	0.448 	0.393 	
-32.746 	1284.186 	956.593 	-0.045 	0.343 	0.245 	
1116.422 	-469.916 	608.088 	0.261 	-0.119 	0.168 	
443.360 	-1564.484 	1474.056 	0.060 	-0.416 	0.393 	
-133.098 	1470.923 	507.138 	-0.077 	0.390 	0.147 	
889.852 	-1468.822 	1342.641 	0.196 	-0.398 	0.353 	
338.222 	407.543 	740.406 	0.039 	0.107 	0.198 	
-579.050 	1508.846 	-1526.579 	-0.188 	0.398 	-0.404 	
461.079 	507.478 	29.409 	0.092 	0.138 	0.010 	
1210.520 	79.557 	-176.094 	0.266 	0.029 	-0.055 	
-1616.913 	587.158 	-865.318 	-0.489 	0.157 	-0.230 	
234.669 	1145.069 	693.091 	0.010 	0.310 	0.193 	
217.039 	-516.937 	0.221 	0.015 	-0.145 	0.005 	
-84.040 	-1152.830 	-217.277 	-0.073 	-0.313 	-0.051 	
-1001.552 	-281.200 	-338.900 	-0.324 	-0.073 	-0.092 	
-420.271 	725.633 	-1520.222 	-0.147 	0.189 	-0.402 	
341.759 	558.678 	-274.444 	0.058 	0.145 	-0.064 	
-543.784 	1478.890 	449.986 	-0.180 	0.402 	0.127 	
-958.037 	1071.778 	-1363.018 	-0.312 	0.283 	-0.370 	
114.858 	1376.830 	1143.506 	-0.019 	0.369 	0.295 	
524.982 	-1535.799 	1321.511 	0.092 	-0.402 	0.353 	
482.266 	-1278.094 	160.879 	0.089 	-0.333 	0.050 	
299.446 	-259.542 	-1200.538 	0.026 	-0.064 	-0.318 	
-1149.911 	441.911 	1384.539 	-0.359 	0.108 	0.376 	
-1561.692 	974.968 	4.324 	-0.468 	0.245 	0.005 	
1395.547 	48.672 	-965.117 	0.330 	0.013 	-0.246 	
-669.361 	-620.974 	-867.863 	-0.220 	-0.155 	-0.237 	
-1073.249 	-820.523 	-479.862 	-0.319 	-0.206 	-0.128 	
926.750 	-1425.898 	-881.017 	0.190 	-0.377 	-0.236 	
-1066.824 	447.696 	-983.693 	-0.326 	0.123 	-0.248 	
-564.003 	-270.504 	-399.582 	-0.206 	-0.062 	-0.112 	
1409.843 	1589.679 	-853.263 	0.334 	0.435 	-0.219 	
688.613 	-1031.246 	-881.233 	0.138 	-0.267 	-0.243 	
-1001.819 	1284.422 	-1380.253 	-0.313 	0.330 	-0.373 	
-391.187 	-760.811 	-624.546 	-0.133 	-0.203 	-0.166 	
89.974 	-236.525 	450.801 	-0.035 	-0.067 	0.119 	
72.713 	19.483 	68.324 	-0.029 	0.010 	0.015 	
636.795 	1661.625 	-133.409 	0.139 	0.446 	-0.035 	
658.736 	-970.971 	-476.047 	0.144 	-0.257 	-0.123 	
1056.192 	671.311 	545.719 	0.232 	0.180 	0.144 	
-1217.918 	-215.802 	889.143 	-0.371 	-0.044 	0.228 	
-357.354 	1035.475 	933.140 	-0.137 	0.284 	0.257 	
-1006.020 	671.660 	1174.579 	-0.328 	0.179 	0.309 	
-437.517 	-323.128 	-655.058 	-0.154 	-0.076 	-0.166 	
-976.605 	-712.932 	-567.493 	-0.293 	-0.200 	-0.151 	
-987.853 	-3.173 	157.570 	-0.305 	0.009 	0.035 	
-327.139 	-1346.360 	436.706 	-0.121 	-0.348 	0.123 	
483.397 	-188.069 	-42.147 	0.085 	-0.049 	-0.015 	
888.477 	476.915 	804.748 	0.204 	0.127 	0.203 	
62.396 	-172.644 	-1399.292 	-0.040 	-0.040 	-0.367 	
12.541 	-752.917 	-650.856 	-0.036 	-0.190 	-0.175 	
774.592 	-104.212 	1360.135 	0.164 	-0.030 	0.360 	
255.615 	-418.367 	253.731 	0.013 	-0.113 	0.079 	
235.961 	-1332.507 	1440.520 	0.023 	-0.346 	0.388 	
556.767 	280.414 	677.460 	0.104 	0.078 	0.179 	
188.160 	-1235.372 	-148.081 	-0.008 	-0.329 	-0.040 	
139.855 	-1232.737 	-647.445 	-0.019 	-0.323 	-0.175 	
-1279.271 	-1214.492 	-102.728 	-0.387 	-0.313 	-0.024 	
-1282.510 	-953.044 	-429.191 	-0.400 	-0.254 	-0.113 	
1397.187 	-1329.502 	-343.405 	0.338 	-0.358 	-0.101 	
-250.079 	-607.543 	-738.020 	-0.117 	-0.172 	-0.201 	
-275.229 	-223.949 	103.278 	-0.130 	-0.064 	0.029 	
-479.394 	1157.087 	-812.064 	-0.167 	0.315 	-0.221 	
-602.893 	539.656 	498.276 	-0.211 	0.152 	0.125 	
-227.638 	433.606 	-782.662 	-0.117 	0.122 	-0.207 	
-1196.509 	-967.708 	643.994 	-0.354 	-0.251 	0.169 	
771.568 	-1073.926 	-268.999 	0.170 	-0.282 	-0.064 	
1183.169 	295.949 	1144.372 	0.259 	0.084 	0.303 	
-1250.331 	829.112 	1078.510 	-0.370 	0.220 	0.280 	
-579.119 	383.635 	453.194 	-0.213 	0.101 	0.118 	
-763.754 	-1177.711 	1646.897 	-0.243 	-0.301 	0.442 	
-825.044 	-858.022 	104.909 	-0.265 	-0.234 	0.039 	
-918.672 	153.920 	-1143.922 	-0.285 	0.039 	-0.307 	
1322.373 	18.766 	-1218.968 	0.320 	0.001 	-0.321 	
295.629 	534.120 	1366.046 	0.042 	0.149 	0.358 	
-850.885 	787.567 	710.173 	-0.265 	0.204 	0.182 	
-461.173 	800.938 	1057.642 	-0.153 	0.210 	0.281 	
-1328.205 	1180.886 	228.020 	-0.401 	0.328 	0.063 	
-352.098 	-518.938 	-660.592 	-0.133 	-0.149 	-0.164 	
-469.837 	-1203.831 	296.375 	-0.172 	-0.317 	0.091 	
1599.146 	1352.190 	-1014.816 	0.396 	0.364 	-0.271 	
141.755 	-1034.728 	-987.177 	0.005 	-0.274 	-0.272 	
-788.183 	-1365.148 	-1196.011 	-0.255 	-0.376 	-0.313 	
575.199 	1719.681 	-675.772 	0.102 	0.464 	-0.188 	
470.911 	-883.359 	1237.765 	0.072 	-0.239 	0.330 	
1689.392 	-133.225 	-1008.590 	0.416 	-0.040 	-0.271 	
546.296 	-220.052 	262.119 	0.091 	-0.059 	0.068 	
419.980 	1514.788 	-811.589 	0.059 	0.406 	-0.218 	
-987.497 	-627.038 	-607.796 	-0.304 	-0.153 	-0.159 	
-542.930 	1402.056 	-356.317 	-0.191 	0.357 	-0.089 	
-507.010 	-294.614 	-1270.865 	-0.173 	-0.077 	-0.337 	
738.211 	-1460.611 	-679.978 	0.159 	-0.396 	-0.173 	
1063.206 	-405.211 	-31.591 	0.232 	-0.098 	0.001 	
1539.953 	19.486 	913.748 	0.376 	0.006 	0.244 	
842.017 	1140.585 	-1548.182 	0.193 	0.303 	-0.416 	
-1187.463 	456.381 	1007.460 	-0.347 	0.123 	0.264 	
-132.151 	-2.124 	420.426 	-0.070 	0.002 	0.116 	
-435.565 	1207.153 	1045.230 	-0.167 	0.325 	0.280 	
1685.219 	1328.191 	-292.839 	0.408 	0.356 	-0.081 	
-1315.991 	188.195 	1030.918 	-0.398 	0.038 	0.270 	
-1547.233 	395.281 	-1142.960 	-0.448 	0.109 	-0.306 	
-985.933 	-558.940 	-247.409 	-0.308 	-0.153 	-0.070 	
543.414 	483.380 	-670.131 	0.089 	0.128 	-0.186 	
1208.676 	1524.360 	-988.017 	0.281 	0.416 	-0.271 	
-1010.769 	631.255 	-40.563 	-0.315 	0.157 	-0.016 	
304.986 	123.547 	308.845 	0.025 	0.027 	0.081 	
324.020 	-1215.300 	-618.890 	0.028 	-0.324 	-0.167 	
-1162.177 	-185.592 	-780.928 	-0.364 	-0.049 	-0.200 	
1695.567 	1033.194 	-979.209 	0.420 	0.281 	-0.264 	
1141.846 	237.754 	858.722 	0.264 	0.071 	0.217 	
459.797 	1377.723 	288.979 	0.073 	0.356 	0.074 	
552.107 	-369.912 	-573.952 	0.093 	-0.104 	-0.143 	
1311.689 	1196.414 	-1049.151 	0.295 	0.322 	-0.280 	
1571.282 	366.583 	-457.258 	0.385 	0.099 	-0.121 	
-884.836 	421.272 	-300.179 	-0.292 	0.100 	-0.073 	
-610.920 	-1343.428 	-386.739 	-0.204 	-0.345 	-0.106 	
845.230 	1617.049 	-1529.967 	0.177 	0.437 	-0.407 	
1473.582 	568.181 	-392.192 	0.348 	0.159 	-0.104 	
-1033.749 	-944.967 	-936.465 	-0.326 	-0.253 	-0.240 	
-1393.251 	89.719 	807.945 	-0.429 	0.027 	0.221 	
1610.283 	-856.146 	1288.517 	0.396 	-0.226 	0.334 	
1267.873 	94.523 	663.025 	0.279 	0.027 	0.178 	
418.979 	1171.433 	932.740 	0.072 	0.320 	0.250 	
-1386.518 	1309.015 	-1029.493 	-0.424 	0.346 	-0.284 	
-1355.792 	127.670 	1478.585 	-0.391 	0.034 	0.396 	
1511.562 	-1050.994 	-681.179 	0.359 	-0.292 	-0.184 	
-609.407 	627.037 	641.007 	-0.222 	0.165 	0.175 	
859.424 	1016.299 	400.592 	0.182 	0.268 	0.112 	
1217.425 	-195.377 	576.105 	0.287 	-0.056 	0.155 	
1126.283 	511.197 	555.586 	0.247 	0.125 	0.138 	
-1090.800 	-319.430 	1373.965 	-0.327 	-0.086 	0.374 	
1593.208 	-1205.932 	732.021 	0.385 	-0.318 	0.198 	
-286.482 	1060.016 	-1432.405 	-0.132 	0.281 	-0.382 	
-1128.365 	-1205.270 	1944.017 	-0.415 	-0.367 	0.616 	
320.392 	842.715 	40.877 	0.048 	0.222 	0.008 	
441.226 	7.365 	198.040 	0.079 	0.007 	0.061 	
650.853 	1180.526 	1468.087 	0.139 	0.325 	0.390 	
-1092.055 	170.616 	-112.762 	-0.341 	0.057 	-0.027 	
-1448.856 	454.601 	-1397.992 	-0.429 	0.124 	-0.366 	
640.811 	762.625 	230.882 	0.136 	0.203 	0.061 	
-360.719 	-1073.231 	397.423 	-0.147 	-0.291 	0.102 	
874.225 	-280.511 	-614.177 	0.200 	-0.078 	-0.161 	
-303.498 	-193.544 	1080.107 	-0.126 	-0.059 	0.278 	
-1201.201 	1119.678 	1492.109 	-0.359 	0.305 	0.408 	
1026.235 	-780.438 	100.530 	0.233 	-0.205 	0.040 	
-1051.542 	-720.354 	-387.838 	-0.335 	-0.188 	-0.103 	
200.435 	1189.171 	654.712 	0.002 	0.314 	0.173 	
-478.351 	-393.418 	-1432.912 	-0.157 	-0.105 	-0.377 	
-936.129 	62.984 	-1203.121 	-0.307 	0.024 	-0.318 	
144.698 	825.482 	101.031 	0.001 	0.226 	0.025 	
-803.777 	-766.690 	40.368 	-0.265 	-0.194 	0.022 	
-1240.494 	-1425.725 	1525.785 	-0.380 	-0.379 	0.418 	
428.634 	-5.304 	512.110 	0.074 	-0.004 	0.138 	
1604.489 	660.458 	-568.116 	0.377 	0.172 	-0.148 	
1629.395 	-1062.461 	1095.265 	0.396 	-0.288 	0.293 	
-1518.226 	-809.199 	-9.708 	-0.447 	-0.206 	-0.006 	
-527.566 	240.196 	-1170.048 	-0.196 	0.065 	-0.301 	
142.130 	-118.725 	716.687 	-0.017 	-0.025 	0.196 	
1252.305 	-492.610 	-265.701 	0.273 	-0.136 	-0.071 	
263.768 	-27.032 	-971.911 	0.032 	-0.006 	-0.260 	
1723.389 	-1358.045 	-1728.082 	0.418 	-0.358 	-0.472 	
-67.263 	-913.106 	-320.099 	-0.058 	-0.230 	-0.095 	
-702.795 	1247.970 	1350.102 	-0.225 	0.331 	0.356 	
1152.903 	182.274 	-1185.280 	0.251 	0.048 	-0.317 	
-419.264 	1225.071 	718.553 	-0.166 	0.327 	0.186 	
-1009.681 	-371.242 	-607.987 	-0.321 	-0.094 	-0.172 	
155.411 	47.904 	375.090 	-0.012 	0.008 	0.087 	
-465.129 	-688.637 	878.631 	-0.177 	-0.178 	0.233 	
-31.884 	893.704 	316.057 	-0.053 	0.224 	0.089 	
439.223 	-232.897 	-942.289 	0.059 	-0.069 	-0.245 	
-516.781 	-524.420 	1200.129 	-0.180 	-0.125 	0.321 	
1574.444 	-495.064 	-1562.367 	0.378 	-0.141 	-0.414 	
1546.417 	-49.269 	-1300.589 	0.377 	-0.015 	-0.358 	
814.191 	36.620 	1453.340 	0.158 	0.014 	0.385 	
-266.757 	-849.665 	-686.218 	-0.113 	-0.223 	-0.168 	
619.686 	-1596.388 	1393.118 	0.122 	-0.411 	0.369 	
-1127.874 	-612.467 	1384.716 	-0.334 	-0.164 	0.364 	
-627.564 	-176.027 	-1276.743 	-0.213 	-0.041 	-0.335 	
-22.344 	1276.357 	84.607 	-0.061 	0.345 	0.031 	
654.293 	637.086 	-1324.926 	0.130 	0.164 	-0.351 	
941.637 	952.995 	-1271.623 	0.212 	0.262 	-0.340 	
-1511.302 	209.306 	906.791 	-0.444 	0.058 	0.241 	
-915.092 	-204.088 	1181.761 	-0.289 	-0.070 	0.311 	
56.498 	964.841 	727.946 	-0.042 	0.256 	0.202 	
-124.968 	1494.776 	1360.643 	-0.065 	0.397 	0.362 	
-905.484 	-481.129 	1440.866 	-0.295 	-0.130 	0.380 	
964.316 	852.416 	-444.017 	0.203 	0.225 	-0.112 	
26.111 	-393.186 	448.658 	-0.051 	-0.095 	0.118 	
-934.260 	1372.589 	-1280.807 	-0.295 	0.375 	-0.335 	
1388.688 	1124.289 	157.818 	0.339 	0.301 	0.043 	
1186.386 	1357.289 	484.430 	0.286 	0.360 	0.132 	
-1297.212 	-1388.377 	-725.765 	-0.401 	-0.376 	-0.194 	
1532.277 	-885.050 	902.806 	0.352 	-0.245 	0.241 	
-424.197 	-238.938 	227.283 	-0.142 	-0.064 	0.057 	
-1118.275 	338.307 	631.716 	-0.357 	0.091 	0.163 	
-1283.023 	-510.775 	136.715 	-0.400 	-0.136 	0.037 	
1585.825 	838.895 	1298.712 	0.383 	0.219 	0.337 	
1657.145 	-520.653 	-99.633 	0.397 	-0.138 	-0.033 	
427.295 	-1284.438 	-439.708 	0.084 	-0.339 	-0.117 	
-784.133 	683.289 	-448.760 	-0.242 	0.177 	-0.124 	
-104.375 	-1207.487 	-1351.458 	-0.088 	-0.321 	-0.361 	
-1606.027 	-556.412 	1316.861 	-0.479 	-0.156 	0.341 	
-1083.082 	281.676 	842.898 	-0.346 	0.075 	0.219 	
434.238 	-1163.378 	688.767 	0.059 	-0.313 	0.190 	
-14.465 	-840.454 	128.460 	-0.047 	-0.212 	0.040 	
-121.160 	-162.744 	-504.885 	-0.063 	-0.041 	-0.131 	
281.784 	-647.675 	378.316 	0.017 	-0.162 	0.100 	
-1001.482 	-744.799 	38.358 	-0.306 	-0.201 	0.022 	
-1377.273 	650.029 	-245.597 	-0.427 	0.174 	-0.059 	
-1076.003 	-1099.871 	-947.482 	-0.331 	-0.299 	-0.250 	
1613.164 	-1421.753 	397.929 	0.395 	-0.385 	0.107 	
-529.047 	1394.559 	449.572 	-0.190 	0.363 	0.130 	
-1066.713 	-433.928 	-65.210 	-0.317 	-0.128 	-0.014 	
1593.821 	-489.228 	1446.570 	0.381 	-0.135 	0.392 	
350.392 	188.610 	1061.780 	0.056 	0.043 	0.288 	
558.645 	-289.190 	-1066.210 	0.097 	-0.084 	-0.274 	
-264.877 	740.343 	42.136 	-0.122 	0.199 	0.007 	
1768.374 	1470.477 	889.468 	0.421 	0.398 	0.230 	
-1004.529 	-581.840 	1953.556 	-0.324 	-0.162 	0.540 	
-1167.669 	328.033 	-992.884 	-0.345 	0.084 	-0.264 	
-596.649 	-184.475 	522.403 	-0.213 	-0.037 	0.141 	
1638.363 	-712.460 	-1244.594 	0.383 	-0.188 	-0.329 	
-805.397 	612.956 	164.513 	-0.257 	0.160 	0.040 	
-338.624 	955.152 	82.888 	-0.139 	0.241 	0.022 	
438.321 	200.798 	1355.828 	0.078 	0.066 	0.356 	
-376.393 	-739.888 	484.193 	-0.137 	-0.201 	0.131 	
-774.439 	879.850 	660.200 	-0.241 	0.226 	0.182 	
742.746 	557.343 	392.735 	0.153 	0.143 	0.120 	
-91.665 	-94.252 	542.670 	-0.079 	-0.020 	0.149 	
1456.418 	-969.596 	1094.776 	0.335 	-0.254 	0.299 	
476.698 	1310.671 	-67.425 	0.091 	0.351 	-0.012 	
-764.653 	632.957 	849.369 	-0.243 	0.177 	0.221 	
-1394.155 	-445.256 	-1261.666 	-0.411 	-0.110 	-0.337 	
1526.789 	697.202 	965.747 	0.357 	0.199 	0.253 	
943.644 	-1027.731 	-522.746 	0.219 	-0.270 	-0.140 	
-582.098 	-129.702 	954.859 	-0.203 	-0.029 	0.239 	
2.644 	-653.049 	1509.715 	-0.051 	-0.182 	0.389 	
-130.370 	-1212.308 	1349.179 	-0.079 	-0.333 	0.343 	
-1392.416 	1015.010 	-1047.162 	-0.409 	0.263 	-0.285 	
1183.458 	-292.768 	-214.395 	0.282 	-0.080 	-0.052 	
586.634 	680.763 	747.691 	0.113 	0.193 	0.207 	
-298.638 	-542.701 	-830.342 	-0.125 	-0.155 	-0.212 	
-490.300 	-311.340 	429.310 	-0.188 	-0.081 	0.115 	
-1093.916 	159.997 	223.826 	-0.320 	0.041 	0.062 	
1073.374 	-171.699 	-158.430 	0.236 	-0.051 	-0.040 	
853.174 	-680.530 	874.826 	0.195 	-0.177 	0.237 	
-273.176 	-659.492 	1014.103 	-0.131 	-0.182 	0.266 	
-1479.872 	5.159 	1113.379 	-0.442 	0.002 	0.295 	
-765.273 	243.816 	349.562 	-0.262 	0.068 	0.093 	
1499.416 	-1019.018 	-31.928 	0.346 	-0.282 	-0.012 	
-182.440 	338.476 	-822.361 	-0.097 	0.079 	-0.209 	
-399.463 	571.408 	1410.162 	-0.140 	0.145 	0.377 	
1209.680 	-973.108 	-326.545 	0.280 	-0.258 	-0.082 	
1611.075 	-180.493 	-737.270 	0.393 	-0.052 	-0.188 	
1418.924 	1299.608 	1671.634 	0.329 	0.344 	0.447 	
1258.299 	-1569.514 	-826.714 	0.290 	-0.414 	-0.210 	
1373.675 	458.160 	487.645 	0.332 	0.119 	0.124 	
1690.594 	-887.839 	506.759 	0.419 	-0.235 	0.136 	
273.294 	-1200.602 	902.036 	0.032 	-0.307 	0.242 	
515.421 	147.651 	-1133.446 	0.105 	0.040 	-0.303 	
1509.869 	1012.921 	726.790 	0.348 	0.273 	0.202 	
-353.125 	-295.364 	6.417 	-0.151 	-0.081 	0.006 	
-970.705 	89.727 	-1073.770 	-0.308 	0.015 	-0.295 	
299.463 	729.168 	509.865 	0.026 	0.198 	0.147 	
-953.914 	47.415 	1076.071 	-0.299 	0.027 	0.285 	
-469.237 	-505.450 	1396.747 	-0.175 	-0.150 	0.365 	
-1421.981 	742.096 	413.031 	-0.432 	0.203 	0.112 	
-1485.361 	749.152 	1266.118 	-0.428 	0.197 	0.341 	
-430.218 	-226.855 	1118.873 	-0.162 	-0.052 	0.290 	
1635.401 	-1055.573 	-1237.917 	0.384 	-0.280 	-0.341 	
286.563 	-1527.392 	1543.814 	0.019 	-0.410 	0.410 	
-724.511 	811.556 	290.810 	-0.231 	0.216 	0.075 	
-1352.708 	557.887 	1153.902 	-0.392 	0.147 	0.311 	
-1044.891 	-18.209 	907.416 	-0.307 	-0.001 	0.240 	
164.863 	724.779 	928.174 	-0.014 	0.184 	0.248 	
395.513 	-467.299 	-160.661 	0.071 	-0.123 	-0.041 	
440.333 	229.864 	226.417 	0.066 	0.047 	0.059 	
-407.957 	-1128.733 	542.567 	-0.142 	-0.309 	0.140 	
522.466 	-290.874 	496.637 	0.097 	-0.078 	0.122 	
1121.983 	411.861 	858.938 	0.265 	0.113 	0.218 	
734.141 	160.478 	-886.923 	0.143 	0.044 	-0.236 	
398.644 	79.082 	-464.898 	0.059 	0.026 	-0.126 	
-1528.339 	-1148.623 	1564.803 	-0.460 	-0.308 	0.425 	
-922.397 	1427.737 	907.364 	-0.294 	0.375 	0.250 	
-499.926 	-1343.345 	1118.567 	-0.173 	-0.352 	0.295 	
-199.567 	-307.708 	1065.648 	-0.099 	-0.094 	0.273 	
-332.402 	-272.400 	-351.041 	-0.147 	-0.076 	-0.099 	
1772.593 	552.769 	1544.116 	0.436 	0.151 	0.410 	
-317.152 	-1368.049 	-1351.839 	-0.116 	-0.363 	-0.362 	
750.957 	1579.783 	-202.954 	0.156 	0.429 	-0.061 	
524.503 	1627.382 	-1532.223 	0.105 	0.438 	-0.402 	
-152.017 	1064.029 	605.540 	-0.082 	0.287 	0.163 	
-499.517 	1000.349 	-133.420 	-0.179 	0.263 	-0.047 	
289.680 	631.714 	-1717.121 	0.033 	0.163 	-0.470 	
-571.101 	190.550 	-457.308 	-0.187 	0.055 	-0.117 	
60.140 	124.681 	-979.191 	-0.021 	0.033 	-0.268 	
1248.090 	942.353 	-445.084 	0.302 	0.249 	-0.119 	
-1374.992 	979.004 	-972.456 	-0.415 	0.265 	-0.270 	
1494.740 	1423.082 	882.943 	0.370 	0.378 	0.237 	
-978.241 	979.120 	1006.279 	-0.312 	0.257 	0.279 	
605.464 	540.131 	1120.762 	0.106 	0.134 	0.298 	
-1570.124 	983.914 	-873.146 	-0.471 	0.268 	-0.237 	
-834.136 	1411.797 	-516.899 	-0.259 	0.373 	-0.129 	
-874.381 	640.985 	459.572 	-0.266 	0.165 	0.132 	
-61.362 	-525.491 	789.476 	-0.068 	-0.128 	0.196 	
74.603 	-641.511 	-1344.216 	-0.025 	-0.156 	-0.356 	
-1431.505 	-450.269 	-748.964 	-0.414 	-0.121 	-0.207 	
1097.166 	161.171 	-243.571 	0.252 	0.047 	-0.050 	
1222.129 	-9.214 	-175.685 	0.277 	-0.010 	-0.033 	
-552.364 	-280.673 	1349.642 	-0.199 	-0.079 	0.353 	
1423.908 	-938.125 	-877.178 	0.339 	-0.241 	-0.241 	
607.177 	-187.945 	755.147 	0.111 	-0.045 	0.200 	
1686.638 	-1450.313 	-862.799 	0.415 	-0.379 	-0.238 	
575.532 	-1065.552 	166.546 	0.110 	-0.281 	0.035 	
-328.501 	-1354.737 	80.467 	-0.136 	-0.362 	0.021 	
501.590 	1325.959 	-187.245 	0.098 	0.339 	-0.050 	
984.922 	-279.789 	-300.374 	0.213 	-0.062 	-0.076 	
-520.679 	-199.752 	57.748 	-0.177 	-0.062 	0.021 	
-110.879 	983.877 	-248.205 	-0.087 	0.266 	-0.066 	
956.151 	-1164.568 	-1500.027 	0.221 	-0.316 	-0.409 	
-1185.308 	1094.382 	370.172 	-0.367 	0.290 	0.113 	
-188.013 	-696.154 	1038.294 	-0.103 	-0.179 	0.264 	
770.532 	864.047 	-41.956 	0.146 	0.231 	-0.015 	
1124.985 	1371.548 	-1239.399 	0.252 	0.372 	-0.326 	
-1286.839 	259.927 	15.914 	-0.391 	0.057 	0.011 	
1114.220 	815.322 	228.768 	0.250 	0.209 	0.070 	
-1529.318 	1524.762 	1549.034 	-0.460 	0.399 	0.418 	
317.394 	260.846 	592.411 	0.048 	0.068 	0.148 	
938.980 	-384.357 	-168.409 	0.198 	-0.109 	-0.038 	
1438.485 	813.004 	1212.497 	0.328 	0.218 	0.321 	
-130.909 	-187.449 	-198.165 	-0.089 	-0.057 	-0.040 	
1448.057 	-1173.488 	-1166.832 	0.353 	-0.310 	-0.311 	
1201.340 	-42.005 	-583.512 	0.276 	-0.009 	-0.158 	
-1276.107 	-1332.030 	-223.113 	-0.386 	-0.354 	-0.046 	
-1121.843 	1361.640 	1417.463 	-0.348 	0.376 	0.370 	
987.913 	-1645.351 	1046.733 	0.217 	-0.453 	0.277 	
1082.954 	-1046.545 	-187.746 	0.241 	-0.276 	-0.039 	
1674.972 	-1431.685 	1418.162 	0.415 	-0.381 	0.375 	
-583.211 	-280.692 	-603.486 	-0.198 	-0.070 	-0.156 	
1799.231 	1402.480 	918.209 	0.450 	0.379 	0.238 	
918.531 	707.144 	-654.434 	0.186 	0.187 	-0.178 	
89.634 	1212.156 	-454.963 	-0.016 	0.329 	-0.116 	
-1584.689 	314.281 	-623.315 	-0.477 	0.083 	-0.158 	
-1800.120 	1390.051 	2308.666 	-0.522 	0.378 	0.617 	
626.778 	-300.823 	1258.075 	0.136 	-0.078 	0.330 	
-695.220 	-337.460 	-445.459 	-0.243 	-0.086 	-0.114 	
-1451.799 	593.226 	1221.637 	-0.419 	0.160 	0.323 	
-636.933 	746.813 	-825.923 	-0.212 	0.199 	-0.233 	
23.895 	193.099 	-276.451 	-0.026 	0.045 	-0.075 	
-1307.273 	-219.567 	-722.248 	-0.401 	-0.054 	-0.192 	
117.670 	-427.880 	-235.425 	-0.015 	-0.122 	-0.067 	
1689.773 	-185.397 	-93.685 	0.408 	-0.049 	-0.036 	
-226.970 	420.977 	256.267 	-0.115 	0.108 	0.082 	
764.913 	-1191.157 	-136.279 	0.145 	-0.315 	-0.042 	
1129.515 	-1395.273 	-629.715 	0.261 	-0.367 	-0.178 	
-780.193 	-928.099 	626.736 	-0.242 	-0.249 	0.164 	
-237.164 	951.811 	1213.789 	-0.109 	0.245 	0.320 	
897.615 	1525.543 	1032.733 	0.194 	0.419 	0.274 	
-1606.070 	776.683 	-175.013 	-0.474 	0.218 	-0.052 	
-77.418 	49.985 	-1082.519 	-0.069 	0.005 	-0.284 	
-684.138 	550.378 	-1443.408 	-0.222 	0.136 	-0.377 	
-1298.600 	-415.519 	203.267 	-0.398 	-0.119 	0.054 	
763.525 	557.719 	569.774 	0.160 	0.153 	0.140 	
424.958 	-310.558 	-1193.402 	0.058 	-0.088 	-0.314 	
354.159 	1134.288 	576.331 	0.054 	0.297 	0.149 	
125.110 	418.564 	821.060 	-0.016 	0.120 	0.213 	
-590.920 	-997.457 	1030.730 	-0.201 	-0.261 	0.279 	
79.056 	-187.156 	-545.489 	-0.030 	-0.051 	-0.138 	
-316.549 	1499.925 	911.112 	-0.139 	0.389 	0.249 	
-779.212 	355.495 	-123.294 	-0.245 	0.088 	-0.021 	
-1285.190 	-837.492 	137.928 	-0.401 	-0.219 	0.037 	
1133.360 	-585.684 	-1596.516 	0.264 	-0.155 	-0.430 	
-1237.218 	1760.292 	-781.964 	-0.382 	0.482 	-0.204 	
-570.830 	698.388 	-1468.835 	-0.184 	0.189 	-0.391 	
1186.760 	-715.559 	-253.615 	0.269 	-0.180 	-0.062 	
239.068 	300.291 	-266.686 	0.013 	0.087 	-0.071 	
-347.241 	1290.273 	-626.572 	-0.144 	0.343 	-0.165 	
-273.213 	167.311 	1057.680 	-0.123 	0.052 	0.274 	
-1076.235 	-1158.066 	1397.237 	-0.344 	-0.302 	0.372 	
803.964 	1089.226 	990.545 	0.175 	0.277 	0.262 	
249.751 	989.266 	1300.008 	0.030 	0.261 	0.352 	
629.395 	714.360 	-849.654 	0.115 	0.177 	-0.226 	
1037.074 	824.933 	-1391.770 	0.233 	0.218 	-0.378 	
196.646 	-587.910 	-1210.200 	0.005 	-0.168 	-0.320 	
-1077.543 	805.755 	-549.082 	-0.343 	0.207 	-0.143 	
831.185 	60.373 	-17.316 	0.181 	0.018 	0.001 	
-1181.847 	1270.976 	72.868 	-0.377 	0.334 	0.025 	
-543.292 	-1194.772 	-504.509 	-0.190 	-0.314 	-0.140 	
397.504 	-764.775 	-1214.331 	0.046 	-0.207 	-0.324 	
-224.592 	-405.873 	963.025 	-0.117 	-0.106 	0.258 	
-36.748 	-1431.618 	642.175 	-0.051 	-0.384 	0.178 	
1065.278 	749.962 	-1066.236 	0.252 	0.196 	-0.284 	
201.908 	875.508 	-822.167 	0.011 	0.240 	-0.228 	
94.907 	1101.733 	-938.794 	-0.030 	0.290 	-0.245 	
-767.139 	1099.142 	-642.116 	-0.239 	0.296 	-0.171 	
-1545.438 	-587.135 	176.299 	-0.461 	-0.162 	0.056 	
-938.337 	-448.700 	-837.997 	-0.279 	-0.123 	-0.221 	
1785.213 	-992.830 	1468.339 	0.433 	-0.264 	0.384 	
-1465.882 	703.954 	-263.134 	-0.441 	0.195 	-0.068 	
-81.994 	-552.210 	749.445 	-0.087 	-0.136 	0.203 	
-372.684 	-533.978 	-1116.282 	-0.134 	-0.143 	-0.285 	
-599.082 	-1466.466 	1358.589 	-0.208 	-0.388 	0.358 	
-82.104 	-534.646 	773.701 	-0.076 	-0.147 	0.209 	
176.897 	-1434.512 	328.490 	0.009 	-0.388 	0.088 	
-382.093 	-206.839 	91.512 	-0.162 	-0.061 	0.027 	
-468.561 	-493.203 	-551.175 	-0.173 	-0.137 	-0.139 	
-397.155 	-687.018 	916.152 	-0.093 	-0.138 	0.164 	
635.427 	-1299.347 	815.319 	0.131 	-0.356 	0.215 	
-862.256 	-253.730 	822.002 	-0.262 	-0.076 	0.218 	
1510.441 	762.245 	-1220.680 	0.372 	0.205 	-0.328 	
-158.995 	839.415 	1451.171 	-0.090 	0.214 	0.378 	
560.023 	1227.848 	973.908 	0.117 	0.323 	0.257 	
1018.428 	1040.349 	652.081 	0.238 	0.281 	0.175 	
855.494 	-903.986 	295.196 	0.183 	-0.230 	0.082 	
-537.578 	-262.596 	-1048.978 	-0.196 	-0.061 	-0.268 	
-845.450 	956.594 	545.151 	-0.257 	0.254 	0.152 	
259.895 	-560.974 	943.484 	0.014 	-0.152 	0.251 	
557.422 	-1064.053 	780.750 	0.103 	-0.296 	0.211 	
-383.930 	-1085.136 	99.000 	-0.155 	-0.272 	0.025 	
280.946 	-940.674 	-177.688 	0.020 	-0.252 	-0.057 	
-22.232 	-962.591 	-436.278 	-0.065 	-0.250 	-0.113 	
1338.050 	-222.413 	-1257.218 	0.313 	-0.058 	-0.332 	
738.550 	326.440 	1482.132 	0.139 	0.090 	0.397 	
-1037.921 	703.563 	953.956 	-0.319 	0.190 	0.262 	
1665.949 	-886.249 	1460.603 	0.411 	-0.231 	0.399 	
-984.138 	524.397 	244.960 	-0.297 	0.141 	0.058 	
176.569 	221.438 	1334.052 	0.002 	0.071 	0.349 	
-1559.183 	705.494 	1001.610 	-0.463 	0.202 	0.267 	
-496.696 	-984.170 	293.889 	-0.183 	-0.272 	0.078 	
836.800 	-168.679 	-836.060 	0.186 	-0.037 	-0.227 	
-492.508 	-1412.424 	1605.210 	-0.176 	-0.378 	0.441 	
-1192.013 	1261.033 	109.176 	-0.370 	0.339 	0.022 	
380.507 	-1516.486 	-1386.919 	0.055 	-0.397 	-0.366 	
-1573.949 	-389.377 	-1480.875 	-0.452 	-0.106 	-0.393 	
-679.776 	5.537 	-933.946 	-0.239 	-0.000 	-0.247 	
72.180 	91.633 	-143.175 	-0.019 	0.020 	-0.038 	
-1552.537 	-385.722 	1544.754 	-0.462 	-0.112 	0.416 	
-476.682 	-44.810 	-127.030 	-0.169 	-0.023 	-0.018 	
1497.004 	-775.792 	900.381 	0.358 	-0.215 	0.250 	
-1384.739 	-1158.582 	-1209.542 	-0.420 	-0.305 	-0.316 	
-1341.093 	424.807 	-13.454 	-0.386 	0.108 	-0.003 	
336.756 	486.100 	-1468.287 	0.054 	0.137 	-0.394 	
-964.201 	388.353 	690.647 	-0.291 	0.092 	0.188 	
1603.437 	-1446.707 	1057.432 	0.374 	-0.394 	0.283 	
-413.750 	899.943 	-1023.186 	-0.143 	0.231 	-0.274 	
-1564.903 	131.643 	838.363 	-0.462 	0.033 	0.227 	
724.419 	-1175.397 	1299.053 	0.142 	-0.311 	0.353 	
-1533.891 	1093.359 	-135.268 	-0.452 	0.291 	-0.044 	
-1451.780 	664.017 	507.592 	-0.421 	0.170 	0.146 	
306.789 	-1116.669 	306.927 	0.048 	-0.304 	0.082 	
-498.206 	-1136.697 	695.754 	-0.176 	-0.313 	0.193 	
389.423 	-825.760 	-1394.229 	0.071 	-0.226 	-0.365 	
-1222.941 	-789.992 	693.265 	-0.366 	-0.203 	0.183 	
-1513.950 	-599.277 	-765.455 	-0.459 	-0.164 	-0.209 	
936.366 	-1406.561 	-1343.444 	0.211 	-0.387 	-0.354 	
-1378.422 	-968.637 	-1127.259 	-0.414 	-0.261 	-0.313 	
448.483 	-463.249 	-109.898 	0.074 	-0.120 	-0.025 	
837.361 	1384.069 	718.180 	0.173 	0.372 	0.184 	
1358.000 	359.711 	842.473 	0.309 	0.098 	0.230 	
738.766 	-789.962 	-961.000 	0.158 	-0.222 	-0.247 	
1688.282 	-1407.200 	1197.839 	0.400 	-0.376 	0.327 	
-1407.432 	-694.908 	-258.949 	-0.425 	-0.184 	-0.072 	
-798.874 	1439.284 	673.524 	-0.267 	0.380 	0.190 	
-406.715 	913.356 	1291.079 	-0.157 	0.232 	0.350 	
952.800 	246.845 	1157.152 	0.210 	0.068 	0.309 	
-158.097 	-1231.035 	1305.520 	-0.094 	-0.318 	0.342 	
-1151.337 	805.986 	572.316 	-0.346 	0.222 	0.149 	
1040.881 	1221.228 	105.463 	0.236 	0.331 	0.033 	
-783.067 	-590.821 	-612.529 	-0.243 	-0.166 	-0.164 	
-101.144 	-975.367 	1281.708 	-0.075 	-0.271 	0.334 	
1270.146 	209.302 	184.341 	0.292 	0.049 	0.062 	
-1437.235 	-1513.096 	977.192 	-0.419 	-0.409 	0.258 	
-504.754 	-529.924 	-408.065 	-0.169 	-0.128 	-0.112 	
1211.898 	-1189.437 	317.633 	0.278 	-0.310 	0.094 	
-107.474 	805.599 	421.374 	-0.081 	0.201 	0.109 	
-272.768 	-657.126 	-147.608 	-0.124 	-0.163 	-0.044 	
846.031 	80.356 	-851.852 	0.177 	0.023 	-0.216 	
-1216.688 	1326.437 	946.105 	-0.378 	0.359 	0.241 	
1575.047 	-1296.376 	161.845 	0.383 	-0.349 	0.052 	
1364.094 	-52.742 	996.707 	0.328 	-0.015 	0.269 	
430.780 	1292.556 	-13.542 	0.060 	0.354 	-0.006 	
282.068 	376.265 	847.207 	0.043 	0.092 	0.218 	
-1559.558 	1045.815 	1352.209 	-0.470 	0.273 	0.362 	
-1176.170 	-401.019 	552.955 	-0.345 	-0.115 	0.150 	
1413.013 	263.977 	-342.732 	0.321 	0.067 	-0.096 	
-814.507 	-285.086 	-1234.395 	-0.248 	-0.075 	-0.324 	
