## Las primeras 500 lineas corresponden a la esfera 1 
##las siguienets 500 lineas a la esfera 2
## Las primeras tres columnas corresponden a la posición en 'x', 'y' y 'z', las siguientes tres a las velocidades
3.688 	-962.695 	91.496 	-0.010 	-0.247 	0.028 	
298.479 	-292.170 	-2.127 	0.086 	-0.077 	-0.003 	
344.941 	1223.610 	837.969 	0.099 	0.315 	0.207 	
-1129.680 	1257.028 	827.410 	-0.305 	0.335 	0.221 	
-253.563 	-260.179 	1168.227 	-0.053 	-0.066 	0.316 	
1243.045 	809.735 	1451.164 	0.342 	0.215 	0.376 	
1306.270 	-666.538 	-1273.364 	0.345 	-0.169 	-0.338 	
-1239.704 	-724.257 	439.314 	-0.322 	-0.178 	0.123 	
1075.841 	320.038 	712.045 	0.278 	0.096 	0.186 	
412.861 	392.797 	551.597 	0.105 	0.099 	0.152 	
1097.297 	-90.270 	67.897 	0.280 	-0.021 	0.014 	
-245.437 	-992.116 	155.876 	-0.056 	-0.258 	0.045 	
193.470 	-706.298 	104.798 	0.067 	-0.183 	0.029 	
804.194 	1119.092 	1083.444 	0.199 	0.294 	0.281 	
-35.860 	925.660 	-1519.420 	-0.028 	0.243 	-0.379 	
-533.987 	-113.638 	0.334 	-0.140 	-0.017 	0.003 	
-595.422 	1227.218 	-492.372 	-0.162 	0.315 	-0.132 	
133.907 	707.941 	-1349.370 	0.032 	0.172 	-0.360 	
-1763.092 	-1329.633 	-746.234 	-0.475 	-0.343 	-0.200 	
643.432 	-1535.839 	-1326.984 	0.158 	-0.407 	-0.350 	
143.795 	-1450.158 	1706.291 	0.042 	-0.368 	0.454 	
130.230 	535.712 	1504.765 	0.030 	0.137 	0.383 	
-385.266 	-698.173 	347.684 	-0.100 	-0.169 	0.085 	
-1262.773 	-1002.803 	461.911 	-0.323 	-0.254 	0.115 	
858.350 	-618.510 	1014.158 	0.235 	-0.161 	0.258 	
-596.124 	-17.144 	1330.957 	-0.142 	-0.000 	0.343 	
87.270 	-817.759 	-57.027 	0.032 	-0.205 	-0.010 	
355.538 	-1456.842 	1090.759 	0.088 	-0.393 	0.288 	
-1284.523 	1282.476 	331.484 	-0.327 	0.334 	0.088 	
-727.374 	-1111.712 	874.381 	-0.181 	-0.286 	0.234 	
-459.310 	-777.500 	-1297.428 	-0.116 	-0.197 	-0.341 	
625.289 	1034.718 	1235.098 	0.159 	0.262 	0.325 	
1244.457 	-468.729 	1146.513 	0.326 	-0.122 	0.303 	
-827.595 	854.158 	105.512 	-0.200 	0.221 	0.029 	
135.066 	-428.208 	-1431.877 	0.034 	-0.121 	-0.362 	
206.768 	-200.225 	152.665 	0.069 	-0.042 	0.040 	
-597.716 	-1220.795 	-1363.270 	-0.158 	-0.315 	-0.370 	
-601.894 	-1491.914 	1119.517 	-0.144 	-0.389 	0.293 	
-562.780 	-139.281 	801.228 	-0.152 	-0.032 	0.213 	
967.009 	-1524.972 	1098.837 	0.252 	-0.400 	0.292 	
1646.974 	628.548 	-62.353 	0.434 	0.150 	-0.019 	
285.350 	-395.529 	136.075 	0.080 	-0.093 	0.029 	
636.863 	178.340 	1069.724 	0.150 	0.052 	0.284 	
-50.604 	-1057.352 	-688.881 	-0.025 	-0.277 	-0.178 	
248.649 	-305.159 	1035.267 	0.076 	-0.081 	0.278 	
127.745 	263.715 	-511.379 	0.044 	0.073 	-0.125 	
1599.701 	118.827 	13.106 	0.411 	0.023 	0.021 	
-374.729 	1472.704 	-386.938 	-0.098 	0.389 	-0.104 	
342.680 	-422.861 	-572.588 	0.100 	-0.114 	-0.147 	
1367.527 	874.620 	437.379 	0.361 	0.239 	0.114 	
-1265.021 	-459.128 	-1014.611 	-0.325 	-0.126 	-0.274 	
735.659 	-124.418 	729.427 	0.182 	-0.031 	0.182 	
1526.761 	-687.715 	-1515.310 	0.412 	-0.192 	-0.399 	
-136.905 	972.100 	9.466 	-0.022 	0.250 	0.010 	
-1103.398 	1208.610 	880.227 	-0.296 	0.311 	0.229 	
-254.747 	-1433.207 	729.018 	-0.060 	-0.384 	0.198 	
-621.327 	-16.577 	-905.958 	-0.149 	-0.009 	-0.243 	
43.058 	-1281.277 	-440.823 	0.022 	-0.336 	-0.119 	
-1491.453 	1062.288 	1270.538 	-0.395 	0.286 	0.340 	
865.062 	1353.331 	548.906 	0.231 	0.348 	0.133 	
-380.147 	1451.731 	387.726 	-0.112 	0.384 	0.099 	
559.087 	865.943 	-510.854 	0.154 	0.221 	-0.131 	
-1140.358 	1557.094 	613.874 	-0.312 	0.414 	0.164 	
1037.722 	284.945 	-523.831 	0.272 	0.086 	-0.137 	
1224.855 	-1445.211 	-1469.466 	0.339 	-0.379 	-0.381 	
1763.016 	-599.197 	-1493.519 	0.479 	-0.156 	-0.393 	
1115.025 	-833.770 	-1301.192 	0.310 	-0.220 	-0.343 	
-1633.727 	1776.936 	-510.819 	-0.436 	0.480 	-0.141 	
1755.901 	825.661 	1078.025 	0.476 	0.219 	0.279 	
-256.688 	542.990 	640.109 	-0.066 	0.122 	0.170 	
1161.337 	445.011 	467.012 	0.314 	0.106 	0.115 	
470.672 	-87.260 	549.330 	0.138 	-0.016 	0.143 	
-35.083 	932.801 	-1522.753 	0.005 	0.246 	-0.412 	
-392.391 	-1152.779 	-470.440 	-0.106 	-0.302 	-0.118 	
-680.712 	598.523 	935.461 	-0.191 	0.154 	0.241 	
688.321 	-205.832 	-396.407 	0.179 	-0.051 	-0.086 	
-37.444 	-368.099 	-1072.525 	-0.013 	-0.083 	-0.282 	
1329.892 	787.867 	-1246.490 	0.354 	0.209 	-0.338 	
179.768 	-300.102 	-584.822 	0.041 	-0.072 	-0.159 	
-27.491 	-372.350 	1290.980 	0.000 	-0.103 	0.336 	
-218.101 	1195.672 	368.496 	-0.067 	0.303 	0.098 	
360.499 	-625.883 	-432.769 	0.082 	-0.159 	-0.105 	
765.760 	962.525 	1258.182 	0.196 	0.258 	0.329 	
-316.128 	-1018.304 	1275.006 	-0.088 	-0.261 	0.340 	
988.168 	-544.011 	-230.542 	0.266 	-0.132 	-0.070 	
-924.571 	-1285.606 	-1254.242 	-0.234 	-0.333 	-0.323 	
948.978 	-293.088 	-580.335 	0.252 	-0.084 	-0.166 	
-974.873 	-1062.780 	1138.782 	-0.269 	-0.278 	0.301 	
-1379.466 	-1343.258 	879.224 	-0.353 	-0.354 	0.235 	
-1252.104 	-535.273 	-145.143 	-0.318 	-0.150 	-0.029 	
1623.158 	726.046 	1152.204 	0.427 	0.205 	0.300 	
45.968 	623.336 	1162.151 	0.009 	0.170 	0.306 	
105.274 	-269.982 	107.656 	0.034 	-0.078 	0.030 	
-202.982 	-1379.993 	-584.677 	-0.045 	-0.369 	-0.145 	
1338.337 	-898.149 	1329.404 	0.350 	-0.227 	0.346 	
-522.828 	857.248 	-1408.357 	-0.130 	0.232 	-0.359 	
1331.782 	345.318 	863.646 	0.360 	0.082 	0.227 	
1430.649 	329.892 	-962.386 	0.387 	0.087 	-0.251 	
1619.246 	1301.027 	201.940 	0.442 	0.339 	0.054 	
905.563 	-688.660 	900.625 	0.229 	-0.189 	0.230 	
-1041.691 	1385.302 	751.192 	-0.272 	0.353 	0.203 	
-1688.017 	-1224.694 	-536.764 	-0.453 	-0.319 	-0.132 	
456.059 	-1578.757 	915.186 	0.122 	-0.421 	0.239 	
-694.782 	-171.467 	1195.768 	-0.179 	-0.034 	0.321 	
846.460 	-370.241 	463.689 	0.236 	-0.097 	0.128 	
-1456.044 	725.447 	1333.170 	-0.371 	0.192 	0.345 	
-1413.162 	-1004.463 	934.431 	-0.381 	-0.259 	0.250 	
-1652.703 	1727.672 	-707.454 	-0.442 	0.465 	-0.186 	
1054.231 	-669.004 	38.798 	0.270 	-0.181 	0.020 	
1744.386 	-150.480 	-575.800 	0.468 	-0.047 	-0.140 	
-436.142 	-146.147 	855.609 	-0.109 	-0.042 	0.230 	
402.916 	-518.186 	779.336 	0.092 	-0.137 	0.205 	
706.938 	7.335 	260.633 	0.176 	-0.006 	0.062 	
-257.030 	1515.114 	-559.629 	-0.074 	0.390 	-0.137 	
-1011.458 	1380.928 	1381.703 	-0.268 	0.364 	0.368 	
-164.418 	1478.223 	1437.872 	-0.037 	0.393 	0.379 	
458.698 	-1549.735 	-286.498 	0.117 	-0.407 	-0.061 	
-1645.645 	-458.860 	1551.328 	-0.427 	-0.132 	0.404 	
1121.625 	-665.444 	-591.759 	0.292 	-0.185 	-0.144 	
-99.521 	1101.279 	197.767 	-0.038 	0.284 	0.057 	
-772.683 	166.952 	941.551 	-0.195 	0.046 	0.257 	
869.231 	-1214.372 	-550.496 	0.231 	-0.326 	-0.144 	
711.663 	-239.360 	-1155.871 	0.184 	-0.049 	-0.306 	
1440.346 	-644.339 	1463.850 	0.369 	-0.173 	0.387 	
-1554.589 	540.597 	783.483 	-0.418 	0.137 	0.203 	
462.318 	-203.224 	-571.660 	0.111 	-0.043 	-0.143 	
-1628.073 	-1042.236 	-628.665 	-0.424 	-0.271 	-0.155 	
-1704.860 	-1591.274 	654.034 	-0.460 	-0.419 	0.168 	
-1256.459 	646.830 	-1548.877 	-0.331 	0.174 	-0.396 	
-1354.074 	-1399.211 	538.273 	-0.346 	-0.372 	0.140 	
-134.360 	-943.146 	733.239 	-0.044 	-0.244 	0.195 	
-360.448 	1194.205 	-671.769 	-0.099 	0.316 	-0.184 	
-937.589 	787.078 	13.103 	-0.248 	0.200 	0.001 	
34.773 	453.740 	-1356.018 	0.000 	0.111 	-0.350 	
1674.448 	-1531.861 	158.483 	0.435 	-0.400 	0.035 	
-231.147 	-1194.709 	-602.621 	-0.052 	-0.312 	-0.170 	
190.994 	-933.051 	435.049 	0.041 	-0.243 	0.103 	
-1116.770 	-1404.089 	1106.057 	-0.281 	-0.375 	0.293 	
1302.701 	-636.038 	-648.160 	0.343 	-0.160 	-0.169 	
548.313 	-1166.787 	344.189 	0.159 	-0.303 	0.096 	
-1137.941 	-693.652 	-894.483 	-0.287 	-0.187 	-0.234 	
1474.623 	-434.877 	-386.683 	0.374 	-0.106 	-0.103 	
-986.435 	1506.369 	351.636 	-0.263 	0.389 	0.099 	
-1195.646 	-1257.793 	189.195 	-0.316 	-0.329 	0.057 	
-373.545 	476.967 	557.172 	-0.105 	0.114 	0.145 	
920.955 	-200.733 	1315.935 	0.239 	-0.051 	0.333 	
-691.080 	-105.217 	-543.379 	-0.174 	-0.015 	-0.143 	
-10.624 	781.470 	1186.635 	-0.009 	0.201 	0.297 	
1410.621 	-1295.582 	-1508.268 	0.360 	-0.342 	-0.400 	
-130.752 	1093.564 	-766.521 	-0.024 	0.277 	-0.203 	
1385.527 	-1508.193 	399.851 	0.366 	-0.394 	0.093 	
-1097.604 	-436.058 	943.855 	-0.276 	-0.107 	0.245 	
377.610 	845.637 	1605.815 	0.094 	0.211 	0.423 	
-1625.814 	-1596.216 	-592.905 	-0.427 	-0.417 	-0.162 	
-1368.745 	-92.911 	-1542.852 	-0.361 	-0.017 	-0.406 	
-116.593 	-650.195 	-554.779 	-0.043 	-0.170 	-0.144 	
1482.198 	-347.565 	1118.643 	0.415 	-0.090 	0.285 	
-1442.284 	-730.089 	1435.760 	-0.380 	-0.199 	0.375 	
-714.447 	-1125.996 	1590.662 	-0.180 	-0.299 	0.423 	
172.708 	-1117.151 	932.734 	0.044 	-0.295 	0.249 	
1532.922 	-1285.272 	1176.747 	0.417 	-0.340 	0.313 	
-507.971 	280.549 	317.086 	-0.123 	0.077 	0.075 	
-499.382 	-82.780 	853.007 	-0.155 	0.000 	0.248 	
766.804 	104.009 	-72.233 	0.211 	0.035 	-0.010 	
88.361 	-579.392 	325.613 	0.019 	-0.151 	0.078 	
-583.737 	-17.885 	-217.665 	-0.158 	-0.003 	-0.048 	
-555.534 	888.483 	-782.224 	-0.143 	0.233 	-0.206 	
1761.321 	-357.703 	-110.208 	0.467 	-0.107 	-0.027 	
510.941 	-19.724 	-197.999 	0.134 	-0.015 	-0.040 	
622.063 	-322.214 	-363.026 	0.149 	-0.090 	-0.085 	
-1006.372 	303.355 	1666.719 	-0.260 	0.078 	0.442 	
941.186 	658.558 	58.731 	0.263 	0.165 	0.018 	
-1433.359 	291.197 	619.340 	-0.383 	0.071 	0.160 	
407.708 	-81.920 	-474.930 	0.102 	-0.031 	-0.125 	
-1649.627 	-740.288 	1408.729 	-0.443 	-0.195 	0.368 	
-1299.268 	-505.095 	-113.902 	-0.342 	-0.125 	-0.023 	
-656.235 	-359.591 	-353.798 	-0.170 	-0.095 	-0.096 	
1006.267 	898.605 	1294.388 	0.267 	0.238 	0.327 	
305.915 	-312.311 	1283.819 	0.085 	-0.079 	0.340 	
1519.420 	929.732 	1627.120 	0.397 	0.253 	0.433 	
1309.814 	1186.993 	1291.574 	0.343 	0.315 	0.353 	
1415.190 	-1188.877 	-1214.519 	0.365 	-0.317 	-0.323 	
1011.210 	1462.841 	83.133 	0.278 	0.382 	0.020 	
-718.090 	83.877 	391.223 	-0.194 	0.016 	0.112 	
-300.882 	106.871 	-913.243 	-0.073 	0.033 	-0.250 	
-205.772 	675.114 	742.272 	-0.065 	0.175 	0.193 	
-1635.870 	-1469.583 	875.203 	-0.433 	-0.378 	0.242 	
-644.916 	506.103 	-594.204 	-0.167 	0.137 	-0.149 	
-443.311 	-1382.612 	-1044.194 	-0.118 	-0.355 	-0.276 	
-773.626 	-1337.253 	-804.329 	-0.190 	-0.349 	-0.211 	
126.992 	-1472.458 	-1214.405 	0.031 	-0.382 	-0.315 	
1278.095 	523.045 	91.188 	0.350 	0.138 	0.029 	
1440.018 	-111.474 	-1020.398 	0.379 	-0.032 	-0.259 	
-649.251 	229.801 	65.860 	-0.155 	0.057 	0.026 	
-635.858 	717.658 	385.834 	-0.180 	0.185 	0.102 	
1485.167 	-658.267 	5.178 	0.386 	-0.182 	-0.008 	
-847.370 	569.369 	-1534.463 	-0.226 	0.146 	-0.406 	
1534.147 	-134.357 	965.182 	0.399 	-0.025 	0.259 	
304.290 	510.237 	424.667 	0.094 	0.139 	0.118 	
939.502 	-314.093 	-647.834 	0.255 	-0.072 	-0.158 	
-929.791 	1187.275 	262.544 	-0.242 	0.299 	0.073 	
-18.199 	-1174.750 	707.679 	0.006 	-0.296 	0.180 	
-161.886 	-126.877 	-1250.636 	-0.031 	-0.031 	-0.322 	
-446.070 	64.504 	257.682 	-0.121 	0.019 	0.069 	
-175.291 	-1327.029 	-1313.510 	-0.041 	-0.342 	-0.352 	
-362.415 	-561.107 	1384.155 	-0.088 	-0.151 	0.348 	
1660.512 	-215.566 	-1207.004 	0.443 	-0.066 	-0.314 	
-362.289 	245.059 	-257.111 	-0.092 	0.059 	-0.060 	
1377.263 	-1459.200 	1334.897 	0.373 	-0.378 	0.351 	
-481.888 	-518.083 	460.321 	-0.124 	-0.124 	0.117 	
-446.782 	-57.961 	1371.661 	-0.107 	-0.006 	0.358 	
301.271 	721.367 	150.150 	0.094 	0.188 	0.041 	
-1506.103 	1572.619 	-1141.016 	-0.402 	0.414 	-0.299 	
69.508 	-406.569 	-1550.524 	0.034 	-0.102 	-0.407 	
-275.857 	-828.078 	966.213 	-0.067 	-0.202 	0.255 	
-910.897 	-727.455 	-656.205 	-0.248 	-0.191 	-0.169 	
830.375 	1505.193 	-1267.327 	0.221 	0.397 	-0.347 	
-882.114 	116.289 	971.971 	-0.243 	0.030 	0.252 	
-28.026 	208.666 	750.173 	-0.015 	0.055 	0.185 	
-280.696 	-268.624 	551.780 	-0.053 	-0.085 	0.105 	
1451.834 	-342.046 	-914.726 	0.379 	-0.102 	-0.245 	
1697.072 	-1588.844 	7.514 	0.443 	-0.419 	0.012 	
-1224.220 	-909.910 	-64.041 	-0.333 	-0.244 	-0.021 	
63.621 	-1298.733 	330.917 	0.009 	-0.331 	0.093 	
-597.696 	100.504 	1271.853 	-0.161 	0.018 	0.325 	
-839.663 	1562.994 	54.846 	-0.208 	0.407 	0.022 	
-1146.449 	-1223.896 	527.135 	-0.298 	-0.313 	0.134 	
1397.143 	-576.832 	-1159.529 	0.371 	-0.148 	-0.314 	
-999.724 	-1475.076 	942.385 	-0.263 	-0.375 	0.248 	
-685.714 	-1.363 	564.948 	-0.178 	-0.013 	0.152 	
-726.027 	153.531 	1465.980 	-0.190 	0.040 	0.392 	
-1307.483 	966.627 	-254.681 	-0.339 	0.252 	-0.053 	
-1235.169 	434.084 	43.532 	-0.334 	0.113 	0.012 	
-462.592 	403.227 	-769.005 	-0.119 	0.113 	-0.197 	
1374.176 	1714.818 	-1563.606 	0.358 	0.464 	-0.417 	
-1114.992 	626.829 	866.971 	-0.300 	0.163 	0.237 	
-1279.795 	-135.807 	-1330.706 	-0.327 	-0.039 	-0.349 	
757.643 	-1065.653 	518.124 	0.204 	-0.285 	0.125 	
1136.234 	1244.612 	-114.612 	0.315 	0.327 	-0.024 	
1308.107 	669.532 	-1473.993 	0.337 	0.180 	-0.378 	
864.087 	418.000 	-1002.271 	0.221 	0.105 	-0.249 	
-646.545 	-1254.919 	-360.422 	-0.163 	-0.318 	-0.097 	
1180.046 	-550.215 	151.630 	0.315 	-0.139 	0.025 	
-433.945 	1218.152 	288.453 	-0.044 	0.373 	0.096 	
343.046 	-927.595 	1373.315 	0.093 	-0.238 	0.345 	
-780.321 	515.255 	-597.241 	-0.204 	0.131 	-0.163 	
-1137.768 	-43.824 	557.742 	-0.306 	-0.012 	0.153 	
1232.255 	-417.245 	1261.310 	0.333 	-0.114 	0.318 	
330.758 	-915.685 	-1423.383 	0.096 	-0.245 	-0.360 	
1707.991 	290.621 	-958.467 	0.461 	0.076 	-0.254 	
562.580 	-366.036 	1230.637 	0.160 	-0.095 	0.319 	
-1043.089 	1346.731 	-301.635 	-0.258 	0.355 	-0.077 	
-647.206 	-633.884 	535.755 	-0.173 	-0.165 	0.147 	
-557.990 	-710.947 	252.823 	-0.143 	-0.185 	0.082 	
1516.374 	2.302 	667.117 	0.403 	0.012 	0.181 	
-1035.872 	101.902 	929.603 	-0.272 	0.027 	0.258 	
11.353 	607.100 	-1149.766 	-0.008 	0.160 	-0.309 	
-1116.952 	-1452.210 	-1425.306 	-0.283 	-0.378 	-0.383 	
795.074 	1249.630 	-571.821 	0.202 	0.322 	-0.147 	
-1524.755 	732.912 	920.141 	-0.404 	0.193 	0.234 	
-1585.856 	86.117 	613.336 	-0.425 	0.030 	0.160 	
505.695 	-1273.486 	-1313.615 	0.127 	-0.339 	-0.333 	
-2008.069 	105.163 	-0.437 	-0.594 	-0.015 	-0.005 	
-1456.934 	-584.391 	758.274 	-0.377 	-0.156 	0.206 	
885.861 	-337.785 	-1033.698 	0.228 	-0.090 	-0.282 	
427.913 	288.508 	172.158 	0.121 	0.077 	0.057 	
-41.704 	-551.976 	386.821 	-0.011 	-0.153 	0.088 	
-1548.035 	143.740 	-888.527 	-0.412 	0.032 	-0.241 	
1259.373 	-138.915 	1710.834 	0.337 	-0.032 	0.458 	
-307.461 	-520.967 	903.676 	-0.080 	-0.145 	0.224 	
588.809 	-914.708 	-364.622 	0.146 	-0.237 	-0.090 	
211.612 	-216.764 	259.951 	0.062 	-0.066 	0.060 	
-1371.604 	-1619.262 	-820.267 	-0.363 	-0.433 	-0.214 	
785.003 	-757.217 	-1343.140 	0.204 	-0.185 	-0.344 	
313.787 	398.780 	-343.595 	0.093 	0.147 	-0.088 	
-631.000 	-200.560 	506.426 	-0.161 	-0.042 	0.137 	
1728.876 	879.293 	-135.268 	0.468 	0.227 	-0.038 	
403.091 	-194.244 	-895.287 	0.100 	-0.049 	-0.237 	
-1276.351 	431.118 	-1585.959 	-0.331 	0.119 	-0.415 	
594.625 	498.128 	465.519 	0.164 	0.120 	0.130 	
1557.983 	120.060 	-1276.669 	0.399 	0.027 	-0.329 	
-630.990 	194.400 	-793.417 	-0.163 	0.059 	-0.214 	
-1540.188 	1409.668 	591.376 	-0.416 	0.372 	0.157 	
43.649 	-1232.395 	-1445.764 	0.020 	-0.321 	-0.389 	
1096.426 	1395.013 	-845.497 	0.290 	0.365 	-0.237 	
800.726 	-634.655 	147.964 	0.206 	-0.164 	0.051 	
818.788 	-1360.153 	-1079.993 	0.209 	-0.351 	-0.293 	
527.943 	-634.058 	895.223 	0.132 	-0.166 	0.233 	
683.620 	-689.253 	1086.321 	0.180 	-0.175 	0.285 	
1392.805 	1520.475 	-1335.575 	0.361 	0.403 	-0.362 	
1281.855 	-249.244 	924.927 	0.344 	-0.057 	0.252 	
552.454 	-382.707 	-317.350 	0.150 	-0.093 	-0.083 	
-624.013 	-598.768 	1165.133 	-0.173 	-0.153 	0.307 	
-737.877 	-320.266 	1280.293 	-0.192 	-0.095 	0.335 	
294.127 	-772.321 	-484.206 	0.080 	-0.199 	-0.131 	
-1041.051 	-158.289 	-23.033 	-0.272 	-0.046 	-0.010 	
-201.395 	1298.350 	-1610.713 	-0.040 	0.348 	-0.423 	
-1219.675 	-404.683 	827.794 	-0.329 	-0.106 	0.214 	
-54.128 	-1270.874 	1328.593 	-0.015 	-0.323 	0.357 	
-625.568 	463.704 	1262.565 	-0.153 	0.128 	0.328 	
-164.000 	-50.346 	888.853 	-0.049 	-0.016 	0.234 	
1113.864 	-843.496 	23.194 	0.298 	-0.227 	-0.004 	
-107.779 	-576.094 	359.380 	-0.010 	-0.147 	0.102 	
-346.338 	-565.935 	1264.838 	-0.075 	-0.146 	0.334 	
-1569.006 	-444.131 	425.799 	-0.422 	-0.117 	0.114 	
-402.110 	-1056.455 	-226.861 	-0.116 	-0.270 	-0.059 	
457.850 	-1519.629 	827.062 	0.115 	-0.410 	0.214 	
563.202 	-1153.017 	-319.011 	0.144 	-0.304 	-0.075 	
642.380 	-1413.134 	-182.541 	0.173 	-0.374 	-0.038 	
439.117 	75.322 	1287.346 	0.106 	0.012 	0.336 	
-1416.742 	696.174 	98.272 	-0.375 	0.181 	0.023 	
-351.374 	357.143 	666.599 	-0.079 	0.087 	0.169 	
-546.515 	-830.955 	1334.418 	-0.149 	-0.218 	0.360 	
-1170.777 	-1408.255 	1204.238 	-0.307 	-0.364 	0.328 	
847.271 	962.014 	-1480.316 	0.218 	0.249 	-0.381 	
-510.940 	877.533 	-1423.076 	-0.123 	0.225 	-0.367 	
-121.594 	-1192.894 	-958.962 	-0.017 	-0.313 	-0.254 	
-48.447 	-73.422 	222.270 	0.002 	-0.029 	0.055 	
1035.590 	-485.357 	283.600 	0.275 	-0.127 	0.066 	
803.891 	491.913 	-912.099 	0.226 	0.129 	-0.236 	
-1034.160 	-1367.980 	814.927 	-0.264 	-0.370 	0.207 	
1702.187 	-342.303 	-1555.681 	0.458 	-0.090 	-0.414 	
-276.486 	1105.251 	387.074 	-0.061 	0.294 	0.096 	
-895.037 	1258.485 	-1082.316 	-0.238 	0.330 	-0.288 	
-1239.292 	829.939 	-430.186 	-0.311 	0.216 	-0.113 	
-5.509 	440.486 	-154.502 	-0.009 	0.102 	-0.040 	
-1361.265 	517.892 	120.011 	-0.345 	0.147 	0.028 	
-62.801 	-1181.136 	-920.077 	-0.019 	-0.303 	-0.228 	
-1100.315 	-642.790 	81.777 	-0.292 	-0.164 	0.010 	
835.539 	678.740 	-881.650 	0.233 	0.179 	-0.226 	
-1069.992 	1536.818 	186.289 	-0.282 	0.397 	0.060 	
776.528 	-143.479 	-1138.137 	0.210 	-0.035 	-0.297 	
-163.001 	145.422 	-337.223 	-0.037 	0.025 	-0.078 	
-1485.873 	-755.715 	-1376.977 	-0.388 	-0.209 	-0.368 	
695.187 	-282.032 	214.626 	0.177 	-0.077 	0.062 	
-1220.053 	-306.046 	1343.851 	-0.321 	-0.077 	0.355 	
1205.434 	-119.992 	1139.700 	0.317 	-0.037 	0.289 	
450.523 	-110.368 	-1035.538 	0.110 	-0.038 	-0.270 	
1272.542 	503.127 	-86.972 	0.326 	0.135 	-0.030 	
563.169 	252.563 	922.994 	0.141 	0.071 	0.238 	
-97.088 	700.570 	-1174.507 	-0.032 	0.184 	-0.301 	
1548.568 	-1151.878 	-501.994 	0.420 	-0.301 	-0.125 	
-1407.025 	-1418.295 	1489.653 	-0.374 	-0.377 	0.391 	
-1239.207 	-863.305 	-32.896 	-0.320 	-0.223 	-0.009 	
968.996 	224.451 	323.835 	0.239 	0.058 	0.085 	
1548.049 	-394.705 	426.579 	0.407 	-0.098 	0.104 	
-1294.299 	468.502 	680.511 	-0.335 	0.130 	0.191 	
68.856 	-91.679 	6.181 	0.007 	-0.022 	0.007 	
-455.741 	-909.838 	1239.055 	-0.107 	-0.233 	0.330 	
-178.853 	-750.105 	-612.801 	-0.040 	-0.202 	-0.151 	
1494.668 	-579.533 	-1024.271 	0.392 	-0.163 	-0.265 	
193.389 	-897.079 	-849.487 	0.038 	-0.231 	-0.217 	
1148.089 	-1254.034 	1563.313 	0.311 	-0.320 	0.408 	
-1447.677 	-598.588 	-771.169 	-0.374 	-0.147 	-0.194 	
-1292.953 	-346.600 	-499.273 	-0.348 	-0.099 	-0.127 	
181.101 	-328.187 	1201.555 	0.063 	-0.087 	0.311 	
882.394 	-885.673 	678.989 	0.247 	-0.232 	0.171 	
-808.480 	678.000 	698.739 	-0.223 	0.172 	0.187 	
-1424.009 	-809.234 	1183.528 	-0.370 	-0.199 	0.313 	
-1108.359 	-4.947 	364.564 	-0.293 	-0.004 	0.103 	
-911.380 	-1065.461 	174.915 	-0.231 	-0.273 	0.040 	
1403.728 	1361.858 	900.126 	0.374 	0.343 	0.233 	
1384.753 	767.272 	-264.493 	0.376 	0.207 	-0.072 	
-1346.299 	-1269.140 	325.081 	-0.352 	-0.329 	0.093 	
-1103.514 	351.202 	626.413 	-0.293 	0.083 	0.166 	
-920.779 	129.488 	751.561 	-0.228 	0.041 	0.202 	
-833.312 	-398.844 	-1583.473 	-0.221 	-0.111 	-0.426 	
-774.239 	-841.467 	-1224.681 	-0.206 	-0.227 	-0.328 	
1675.145 	1701.523 	-813.331 	0.446 	0.457 	-0.209 	
1607.533 	588.122 	-1279.453 	0.425 	0.148 	-0.346 	
-409.282 	-669.056 	-452.241 	-0.107 	-0.182 	-0.114 	
-435.721 	-634.077 	1057.247 	-0.112 	-0.179 	0.274 	
405.493 	-87.123 	184.401 	0.117 	-0.027 	0.041 	
510.389 	178.334 	349.960 	0.140 	0.037 	0.088 	
-914.773 	980.448 	938.854 	-0.249 	0.257 	0.246 	
-1046.750 	1263.328 	-1442.965 	-0.276 	0.323 	-0.380 	
-427.583 	-980.315 	-1585.044 	-0.108 	-0.247 	-0.421 	
1298.026 	-640.103 	-997.760 	0.329 	-0.165 	-0.258 	
-21.295 	8.205 	-986.199 	-0.004 	0.004 	-0.259 	
494.581 	1228.505 	513.043 	0.133 	0.330 	0.141 	
801.883 	-129.948 	-9.732 	0.222 	-0.032 	-0.004 	
648.399 	754.214 	879.762 	0.174 	0.192 	0.245 	
444.748 	-622.706 	-690.195 	0.126 	-0.160 	-0.172 	
1404.620 	-1151.528 	-988.944 	0.385 	-0.304 	-0.260 	
453.246 	369.863 	-944.288 	0.122 	0.098 	-0.251 	
-1034.581 	-1088.500 	-30.944 	-0.265 	-0.294 	-0.006 	
876.942 	552.585 	698.053 	0.216 	0.140 	0.181 	
1188.169 	469.879 	166.544 	0.327 	0.112 	0.037 	
-119.581 	-1385.604 	1269.414 	-0.027 	-0.359 	0.345 	
91.620 	513.486 	1319.556 	0.038 	0.134 	0.336 	
1143.800 	-60.918 	1262.623 	0.313 	-0.014 	0.328 	
1345.767 	528.992 	-80.489 	0.349 	0.131 	-0.013 	
-898.519 	-1683.485 	1662.840 	-0.231 	-0.447 	0.446 	
-1717.121 	-1418.416 	1548.208 	-0.458 	-0.369 	0.410 	
1605.883 	1332.305 	5.487 	0.436 	0.342 	0.001 	
1651.345 	353.385 	1395.945 	0.436 	0.080 	0.373 	
638.366 	191.378 	1084.712 	0.162 	0.040 	0.271 	
-1075.025 	-178.620 	-1341.337 	-0.283 	-0.045 	-0.350 	
1149.744 	591.570 	-494.601 	0.317 	0.156 	-0.133 	
-385.825 	822.987 	-1400.876 	-0.105 	0.208 	-0.359 	
635.034 	668.961 	-203.451 	0.164 	0.174 	-0.056 	
952.773 	-603.317 	-843.064 	0.253 	-0.153 	-0.215 	
1279.020 	1188.620 	1485.559 	0.336 	0.322 	0.396 	
183.187 	1341.704 	-970.921 	0.036 	0.347 	-0.251 	
-1384.034 	256.604 	567.366 	-0.355 	0.074 	0.152 	
396.196 	-1477.196 	1027.386 	0.114 	-0.386 	0.260 	
494.161 	-581.216 	-155.050 	0.124 	-0.159 	-0.040 	
1181.346 	69.145 	-112.674 	0.310 	0.029 	-0.035 	
-727.507 	666.223 	-1044.887 	-0.183 	0.180 	-0.279 	
758.013 	-1305.064 	744.599 	0.194 	-0.349 	0.198 	
1271.715 	1298.539 	54.312 	0.344 	0.340 	0.020 	
868.299 	-1424.120 	1293.968 	0.227 	-0.361 	0.338 	
1536.528 	-141.585 	320.743 	0.405 	-0.024 	0.091 	
1720.119 	1364.955 	901.783 	0.448 	0.359 	0.239 	
438.938 	-1136.037 	630.663 	0.128 	-0.300 	0.166 	
-876.686 	-1559.026 	1469.852 	-0.232 	-0.417 	0.387 	
649.058 	-337.832 	-337.298 	0.181 	-0.077 	-0.086 	
-105.143 	46.245 	260.578 	-0.034 	0.006 	0.062 	
-1359.149 	1710.040 	1407.037 	-0.367 	0.461 	0.368 	
54.805 	144.685 	1342.983 	0.029 	0.040 	0.344 	
-200.143 	1337.290 	1241.629 	-0.056 	0.359 	0.319 	
1123.128 	-1204.269 	1331.053 	0.306 	-0.325 	0.355 	
-1212.195 	-1304.600 	1309.042 	-0.321 	-0.330 	0.344 	
-1425.335 	-929.169 	1075.960 	-0.377 	-0.238 	0.284 	
-1079.081 	983.649 	475.281 	-0.275 	0.265 	0.131 	
-267.512 	-1649.515 	317.102 	-0.056 	-0.434 	0.081 	
185.883 	-790.154 	1121.081 	0.055 	-0.204 	0.294 	
-44.792 	173.147 	167.647 	-0.014 	0.036 	0.052 	
-1274.042 	-1461.442 	-1211.225 	-0.344 	-0.385 	-0.308 	
-763.037 	-33.260 	828.100 	-0.193 	-0.016 	0.214 	
1189.743 	430.270 	183.167 	0.301 	0.115 	0.056 	
576.406 	-822.367 	1079.162 	0.157 	-0.223 	0.290 	
-1216.918 	-719.341 	-1036.366 	-0.314 	-0.181 	-0.267 	
72.083 	-667.136 	-313.808 	0.009 	-0.221 	-0.079 	
1608.872 	130.604 	22.456 	0.410 	0.033 	-0.000 	
-764.532 	-1085.290 	-1025.767 	-0.196 	-0.288 	-0.260 	
1258.920 	-792.170 	78.390 	0.340 	-0.202 	0.024 	
-425.130 	1097.611 	956.534 	-0.099 	0.283 	0.247 	
261.737 	-396.408 	1370.701 	0.069 	-0.101 	0.351 	
1348.074 	-187.198 	739.645 	0.358 	-0.053 	0.187 	
-429.812 	56.170 	-1620.597 	-0.107 	0.020 	-0.429 	
-738.858 	-244.744 	-41.828 	-0.192 	-0.076 	-0.003 	
335.280 	1264.442 	654.408 	0.082 	0.330 	0.175 	
-1423.170 	381.210 	-258.427 	-0.380 	0.093 	-0.072 	
816.511 	-812.389 	436.595 	0.208 	-0.204 	0.107 	
-269.688 	300.151 	-332.561 	-0.083 	0.073 	-0.088 	
1185.760 	-1260.652 	249.009 	0.312 	-0.333 	0.072 	
164.937 	-300.049 	452.807 	0.031 	-0.073 	0.115 	
1554.757 	-1291.945 	525.262 	0.420 	-0.334 	0.137 	
-746.129 	150.656 	-103.586 	-0.183 	0.037 	-0.026 	
-1221.875 	141.343 	1332.874 	-0.324 	0.050 	0.346 	
1626.217 	649.143 	-181.258 	0.428 	0.160 	-0.034 	
-991.277 	1221.119 	-763.999 	-0.252 	0.327 	-0.194 	
-991.348 	1192.640 	-438.062 	-0.246 	0.313 	-0.116 	
1182.066 	-404.472 	-165.965 	0.303 	-0.091 	-0.040 	
-1281.824 	278.005 	1203.756 	-0.329 	0.077 	0.315 	
1315.312 	-791.938 	-1577.649 	0.360 	-0.201 	-0.414 	
-1119.886 	-1525.500 	-835.289 	-0.293 	-0.396 	-0.219 	
-344.516 	-172.698 	1192.432 	-0.079 	-0.046 	0.305 	
-89.633 	-791.183 	-93.879 	-0.027 	-0.205 	-0.038 	
-142.994 	-213.698 	581.782 	-0.024 	-0.057 	0.161 	
942.159 	416.472 	362.247 	0.257 	0.113 	0.102 	
583.353 	-1264.831 	-7.625 	0.163 	-0.320 	0.005 	
869.298 	-1406.473 	-1371.302 	0.217 	-0.370 	-0.361 	
-924.095 	1397.950 	-393.062 	-0.240 	0.359 	-0.107 	
-1179.206 	1290.569 	359.102 	-0.298 	0.346 	0.092 	
-5.305 	-122.098 	-422.980 	0.002 	-0.035 	-0.116 	
-117.156 	-1242.821 	930.072 	-0.015 	-0.323 	0.241 	
421.125 	-505.815 	1394.295 	0.109 	-0.125 	0.375 	
1371.357 	1095.170 	-1451.655 	0.370 	0.298 	-0.385 	
33.332 	-813.418 	-330.266 	0.006 	-0.213 	-0.074 	
1622.531 	1141.329 	-42.048 	0.441 	0.296 	-0.014 	
-635.423 	956.786 	-1690.362 	-0.154 	0.245 	-0.443 	
-49.689 	134.059 	-303.022 	-0.015 	0.023 	-0.085 	
-1298.062 	-312.248 	544.666 	-0.326 	-0.085 	0.146 	
742.542 	-184.262 	9.763 	0.190 	-0.061 	0.000 	
-457.238 	-315.861 	1345.425 	-0.123 	-0.083 	0.337 	
-263.163 	70.587 	-1628.415 	-0.066 	0.026 	-0.427 	
1264.098 	513.531 	587.963 	0.319 	0.137 	0.149 	
-1335.206 	-838.149 	-1786.711 	-0.344 	-0.218 	-0.482 	
1487.431 	-318.506 	351.740 	0.385 	-0.075 	0.096 	
926.400 	-1497.443 	208.192 	0.242 	-0.396 	0.066 	
752.273 	1432.203 	-960.273 	0.211 	0.368 	-0.248 	
1219.956 	364.468 	-1033.161 	0.314 	0.104 	-0.266 	
43.865 	-1665.254 	1448.728 	0.020 	-0.447 	0.377 	
551.972 	-511.891 	503.064 	0.161 	-0.133 	0.128 	
34.317 	1589.600 	723.777 	0.024 	0.417 	0.192 	
1279.104 	-831.815 	-992.852 	0.350 	-0.222 	-0.260 	
636.384 	1477.521 	-90.660 	0.174 	0.389 	-0.012 	
794.107 	430.906 	-479.276 	0.196 	0.115 	-0.123 	
1316.936 	1483.197 	-365.343 	0.338 	0.378 	-0.095 	
695.886 	786.335 	-492.693 	0.199 	0.205 	-0.127 	
515.541 	-406.182 	-209.220 	0.149 	-0.116 	-0.056 	
465.790 	-341.595 	552.398 	0.124 	-0.090 	0.128 	
-417.758 	-1078.845 	-690.574 	-0.117 	-0.283 	-0.172 	
-1575.572 	-531.528 	1166.313 	-0.404 	-0.133 	0.304 	
-1343.304 	-1143.835 	-131.280 	-0.346 	-0.306 	-0.044 	
377.628 	1351.765 	735.338 	0.095 	0.362 	0.191 	
-314.160 	-462.202 	629.021 	-0.093 	-0.119 	0.164 	
877.816 	-1503.690 	194.906 	0.239 	-0.395 	0.055 	
-1478.244 	-632.262 	974.144 	-0.423 	-0.164 	0.251 	
1186.665 	-1379.220 	-1476.674 	0.271 	-0.372 	-0.382 	
-1370.014 	-611.566 	-1246.131 	-0.405 	-0.151 	-0.328 	
-433.176 	-1386.866 	654.463 	-0.148 	-0.356 	0.183 	
1092.369 	791.968 	-199.058 	0.233 	0.199 	-0.056 	
-878.534 	-1316.877 	788.468 	-0.284 	-0.348 	0.212 	
1785.472 	-1345.087 	-1387.524 	0.430 	-0.361 	-0.371 	
1275.632 	-931.129 	811.588 	0.290 	-0.245 	0.224 	
-448.940 	-832.875 	-1383.584 	-0.174 	-0.211 	-0.361 	
743.862 	801.129 	-1083.745 	0.146 	0.209 	-0.291 	
1269.368 	484.985 	176.644 	0.294 	0.134 	0.037 	
331.367 	66.052 	370.165 	0.025 	0.008 	0.095 	
-1459.551 	1400.783 	1513.984 	-0.436 	0.366 	0.392 	
665.261 	-1132.530 	585.735 	0.114 	-0.298 	0.154 	
632.777 	1691.413 	1534.008 	0.124 	0.448 	0.393 	
-35.240 	1303.054 	970.076 	-0.045 	0.343 	0.245 	
1130.803 	-476.462 	617.325 	0.261 	-0.119 	0.168 	
446.675 	-1587.356 	1495.686 	0.060 	-0.416 	0.393 	
-137.314 	1492.392 	515.196 	-0.077 	0.390 	0.146 	
900.608 	-1490.686 	1362.048 	0.196 	-0.398 	0.353 	
340.369 	413.441 	751.316 	0.039 	0.107 	0.198 	
-589.382 	1530.757 	-1548.821 	-0.188 	0.398 	-0.404 	
466.122 	515.070 	29.935 	0.092 	0.138 	0.010 	
1225.169 	81.139 	-179.104 	0.266 	0.029 	-0.055 	
-1643.828 	595.814 	-877.943 	-0.489 	0.157 	-0.230 	
235.191 	1162.145 	703.700 	0.009 	0.310 	0.193 	
217.838 	-524.923 	0.473 	0.015 	-0.145 	0.005 	
-88.029 	-1170.020 	-220.055 	-0.073 	-0.313 	-0.051 	
-1019.382 	-285.219 	-343.956 	-0.324 	-0.073 	-0.092 	
-428.373 	736.041 	-1542.318 	-0.147 	0.189 	-0.402 	
344.968 	566.674 	-277.963 	0.058 	0.145 	-0.064 	
-553.687 	1500.981 	456.990 	-0.180 	0.402 	0.127 	
-975.206 	1087.344 	-1383.388 	-0.312 	0.283 	-0.370 	
113.803 	1397.122 	1159.750 	-0.019 	0.369 	0.295 	
530.055 	-1557.895 	1340.908 	0.092 	-0.402 	0.353 	
487.161 	-1296.388 	163.644 	0.089 	-0.333 	0.050 	
300.896 	-263.062 	-1218.035 	0.026 	-0.064 	-0.318 	
-1169.664 	447.836 	1405.203 	-0.359 	0.108 	0.376 	
-1587.412 	988.427 	4.603 	-0.468 	0.245 	0.005 	
1413.719 	49.404 	-978.628 	0.330 	0.013 	-0.246 	
-681.455 	-629.500 	-880.892 	-0.220 	-0.155 	-0.237 	
-1090.814 	-831.870 	-486.902 	-0.319 	-0.206 	-0.128 	
937.200 	-1446.610 	-893.975 	0.190 	-0.377 	-0.236 	
-1084.745 	454.474 	-997.346 	-0.326 	0.123 	-0.248 	
-575.326 	-273.920 	-405.731 	-0.206 	-0.062 	-0.112 	
1428.227 	1613.593 	-865.321 	0.334 	0.435 	-0.219 	
696.185 	-1045.935 	-894.604 	0.138 	-0.267 	-0.243 	
-1019.025 	1302.593 	-1400.758 	-0.313 	0.330 	-0.373 	
-398.477 	-771.989 	-633.651 	-0.133 	-0.203 	-0.166 	
88.042 	-240.195 	457.339 	-0.035 	-0.067 	0.119 	
71.128 	20.019 	69.141 	-0.029 	0.010 	0.015 	
644.415 	1686.134 	-135.357 	0.139 	0.446 	-0.035 	
666.680 	-985.114 	-482.835 	0.144 	-0.257 	-0.123 	
1068.964 	681.212 	553.642 	0.232 	0.180 	0.144 	
-1238.300 	-218.214 	901.685 	-0.371 	-0.044 	0.228 	
-364.876 	1051.079 	947.291 	-0.137 	0.284 	0.257 	
-1024.037 	681.522 	1191.599 	-0.328 	0.179 	0.309 	
-445.963 	-327.288 	-664.202 	-0.154 	-0.076 	-0.166 	
-992.743 	-723.927 	-575.786 	-0.293 	-0.200 	-0.151 	
-1004.649 	-2.681 	159.470 	-0.305 	0.009 	0.035 	
-333.809 	-1365.513 	443.444 	-0.121 	-0.348 	0.123 	
488.098 	-190.774 	-42.954 	0.085 	-0.049 	-0.015 	
899.720 	483.884 	815.938 	0.204 	0.127 	0.203 	
60.177 	-174.820 	-1419.498 	-0.040 	-0.040 	-0.367 	
10.584 	-763.367 	-660.492 	-0.036 	-0.190 	-0.175 	
783.596 	-105.870 	1379.945 	0.164 	-0.030 	0.360 	
256.305 	-424.606 	258.053 	0.013 	-0.113 	0.079 	
237.209 	-1351.552 	1461.844 	0.023 	-0.346 	0.388 	
562.481 	284.709 	687.309 	0.104 	0.078 	0.179 	
187.695 	-1253.444 	-150.306 	-0.008 	-0.329 	-0.040 	
138.820 	-1250.482 	-657.063 	-0.019 	-0.323 	-0.175 	
-1300.541 	-1231.721 	-104.069 	-0.387 	-0.313 	-0.024 	
-1304.508 	-967.023 	-435.389 	-0.400 	-0.254 	-0.113 	
1415.773 	-1349.217 	-348.939 	0.338 	-0.358 	-0.101 	
-256.530 	-616.985 	-749.056 	-0.117 	-0.172 	-0.201 	
-282.403 	-227.441 	104.867 	-0.130 	-0.063 	0.029 	
-488.566 	1174.392 	-824.232 	-0.167 	0.315 	-0.221 	
-614.508 	547.996 	505.147 	-0.211 	0.152 	0.125 	
-234.097 	440.310 	-794.041 	-0.117 	0.122 	-0.207 	
-1215.972 	-981.516 	653.309 	-0.354 	-0.251 	0.169 	
780.916 	-1089.455 	-272.511 	0.170 	-0.282 	-0.064 	
1197.416 	300.550 	1161.035 	0.259 	0.084 	0.303 	
-1270.656 	841.210 	1093.890 	-0.370 	0.220 	0.280 	
-590.856 	389.205 	459.668 	-0.213 	0.101 	0.118 	
-777.128 	-1194.242 	1671.179 	-0.243 	-0.301 	0.441 	
-839.637 	-870.868 	107.061 	-0.265 	-0.234 	0.039 	
-934.332 	156.089 	-1160.799 	-0.285 	0.039 	-0.307 	
1339.953 	18.847 	-1236.611 	0.320 	0.001 	-0.321 	
297.912 	542.308 	1385.743 	0.042 	0.149 	0.358 	
-865.437 	798.773 	720.156 	-0.265 	0.204 	0.181 	
-469.603 	812.502 	1073.092 	-0.153 	0.210 	0.281 	
-1350.280 	1198.942 	231.510 	-0.401 	0.328 	0.063 	
-359.387 	-527.143 	-669.606 	-0.133 	-0.149 	-0.164 	
-479.271 	-1221.259 	301.385 	-0.172 	-0.317 	0.091 	
1620.943 	1372.224 	-1029.722 	0.396 	0.364 	-0.271 	
142.005 	-1049.799 	-1002.151 	0.005 	-0.274 	-0.272 	
-802.202 	-1385.825 	-1213.245 	-0.255 	-0.376 	-0.313 	
580.786 	1745.191 	-686.126 	0.102 	0.464 	-0.188 	
474.861 	-896.529 	1255.933 	0.072 	-0.239 	0.330 	
1712.271 	-135.415 	-1023.478 	0.416 	-0.040 	-0.271 	
551.286 	-223.318 	265.876 	0.091 	-0.059 	0.068 	
423.243 	1537.094 	-823.593 	0.059 	0.406 	-0.218 	
-1004.208 	-635.435 	-616.526 	-0.304 	-0.153 	-0.159 	
-553.445 	1421.715 	-361.209 	-0.191 	0.357 	-0.089 	
-516.516 	-298.838 	-1289.374 	-0.173 	-0.077 	-0.337 	
746.941 	-1482.382 	-689.504 	0.159 	-0.396 	-0.173 	
1075.973 	-410.585 	-31.556 	0.232 	-0.098 	0.001 	
1560.643 	19.796 	927.168 	0.376 	0.006 	0.244 	
852.636 	1157.227 	-1571.072 	0.193 	0.303 	-0.416 	
-1206.539 	463.143 	1021.984 	-0.347 	0.123 	0.264 	
-135.998 	-2.012 	426.830 	-0.070 	0.002 	0.116 	
-444.729 	1225.020 	1060.630 	-0.167 	0.325 	0.280 	
1707.667 	1347.748 	-297.299 	0.408 	0.356 	-0.081 	
-1337.894 	190.269 	1045.777 	-0.398 	0.038 	0.270 	
-1571.853 	401.302 	-1159.767 	-0.448 	0.109 	-0.306 	
-1002.898 	-567.372 	-251.269 	-0.308 	-0.153 	-0.070 	
548.282 	490.443 	-680.350 	0.089 	0.128 	-0.186 	
1224.121 	1547.234 	-1002.941 	0.281 	0.416 	-0.271 	
-1028.099 	639.910 	-41.449 	-0.315 	0.157 	-0.016 	
306.347 	125.035 	313.306 	0.025 	0.027 	0.081 	
325.533 	-1233.095 	-628.059 	0.028 	-0.324 	-0.167 	
-1182.178 	-188.264 	-791.916 	-0.364 	-0.049 	-0.200 	
1718.678 	1048.676 	-993.726 	0.420 	0.281 	-0.264 	
1156.340 	241.673 	870.669 	0.264 	0.071 	0.217 	
463.813 	1397.320 	293.069 	0.073 	0.356 	0.074 	
557.236 	-375.621 	-581.798 	0.093 	-0.104 	-0.143 	
1327.902 	1214.102 	-1064.537 	0.295 	0.322 	-0.280 	
1592.477 	372.048 	-463.903 	0.385 	0.099 	-0.121 	
-900.872 	426.797 	-304.193 	-0.292 	0.100 	-0.073 	
-622.143 	-1362.381 	-392.591 	-0.204 	-0.345 	-0.106 	
854.992 	1641.068 	-1552.350 	0.177 	0.437 	-0.407 	
1492.720 	576.943 	-397.906 	0.348 	0.159 	-0.104 	
-1051.679 	-958.869 	-949.637 	-0.326 	-0.253 	-0.239 	
-1416.827 	91.191 	820.120 	-0.429 	0.027 	0.221 	
1632.060 	-868.601 	1306.897 	0.396 	-0.226 	0.334 	
1283.241 	96.002 	672.799 	0.279 	0.027 	0.178 	
422.923 	1189.031 	946.497 	0.072 	0.320 	0.250 	
-1409.821 	1328.027 	-1045.130 	-0.424 	0.346 	-0.284 	
-1377.289 	129.557 	1500.344 	-0.391 	0.034 	0.396 	
1531.289 	-1067.030 	-691.311 	0.359 	-0.292 	-0.184 	
-621.619 	636.123 	650.627 	-0.222 	0.165 	0.175 	
869.413 	1031.048 	406.759 	0.182 	0.268 	0.112 	
1233.217 	-198.442 	584.632 	0.287 	-0.056 	0.155 	
1139.840 	518.057 	563.201 	0.246 	0.125 	0.138 	
-1108.768 	-324.137 	1394.545 	-0.327 	-0.086 	0.374 	
1614.389 	-1223.439 	742.903 	0.385 	-0.318 	0.198 	
-293.759 	1075.477 	-1453.406 	-0.132 	0.281 	-0.382 	
-1151.168 	-1225.447 	1977.893 	-0.415 	-0.367 	0.616 	
323.031 	854.908 	41.317 	0.048 	0.222 	0.008 	
445.589 	7.767 	201.385 	0.079 	0.007 	0.061 	
658.484 	1198.387 	1489.544 	0.139 	0.325 	0.390 	
-1110.812 	173.748 	-114.262 	-0.341 	0.057 	-0.027 	
-1472.450 	461.426 	-1418.130 	-0.429 	0.124 	-0.366 	
648.288 	773.794 	234.236 	0.136 	0.203 	0.061 	
-368.783 	-1089.247 	403.024 	-0.147 	-0.291 	0.102 	
885.237 	-284.792 	-623.033 	0.200 	-0.078 	-0.161 	
-310.431 	-196.777 	1095.378 	-0.126 	-0.059 	0.278 	
-1220.971 	1136.453 	1514.523 	-0.359 	0.305 	0.407 	
1039.025 	-791.707 	102.720 	0.233 	-0.205 	0.040 	
-1069.953 	-730.681 	-393.496 	-0.335 	-0.188 	-0.103 	
200.558 	1206.459 	664.216 	0.002 	0.314 	0.173 	
-487.006 	-399.202 	-1453.658 	-0.157 	-0.105 	-0.377 	
-952.999 	64.284 	-1220.617 	-0.307 	0.024 	-0.318 	
144.756 	837.890 	102.394 	0.001 	0.226 	0.025 	
-818.367 	-777.346 	41.561 	-0.265 	-0.194 	0.022 	
-1261.375 	-1446.596 	1548.792 	-0.380 	-0.379 	0.418 	
432.708 	-5.510 	519.721 	0.074 	-0.004 	0.138 	
1625.244 	669.913 	-576.241 	0.377 	0.172 	-0.148 	
1651.162 	-1078.275 	1111.391 	0.396 	-0.288 	0.293 	
-1542.832 	-820.504 	-10.030 	-0.447 	-0.206 	-0.006 	
-538.323 	243.780 	-1186.618 	-0.196 	0.065 	-0.301 	
141.207 	-120.087 	727.460 	-0.017 	-0.025 	0.196 	
1267.322 	-500.111 	-269.588 	0.273 	-0.136 	-0.071 	
265.526 	-27.386 	-986.210 	0.032 	-0.006 	-0.260 	
1746.403 	-1377.750 	-1754.049 	0.418 	-0.358 	-0.472 	
-70.478 	-925.740 	-325.332 	-0.058 	-0.230 	-0.095 	
-715.196 	1266.177 	1369.705 	-0.225 	0.331 	0.356 	
1166.722 	184.922 	-1202.712 	0.251 	0.048 	-0.317 	
-428.380 	1243.028 	728.758 	-0.166 	0.326 	0.186 	
-1027.327 	-376.435 	-617.466 	-0.321 	-0.094 	-0.172 	
154.763 	48.346 	379.860 	-0.012 	0.008 	0.087 	
-474.842 	-698.430 	891.452 	-0.177 	-0.178 	0.233 	
-34.819 	906.014 	320.935 	-0.053 	0.224 	0.089 	
442.448 	-236.714 	-955.755 	0.059 	-0.069 	-0.245 	
-526.696 	-531.296 	1217.756 	-0.180 	-0.125 	0.320 	
1595.220 	-502.829 	-1585.109 	0.378 	-0.141 	-0.413 	
1567.125 	-50.092 	-1320.254 	0.376 	-0.015 	-0.358 	
822.898 	37.377 	1474.527 	0.158 	0.014 	0.385 	
-272.997 	-861.943 	-695.432 	-0.113 	-0.223 	-0.168 	
626.384 	-1618.974 	1413.436 	0.122 	-0.411 	0.369 	
-1146.262 	-621.465 	1404.727 	-0.334 	-0.164 	0.364 	
-639.258 	-178.293 	-1295.147 	-0.213 	-0.041 	-0.335 	
-25.704 	1295.308 	86.298 	-0.061 	0.345 	0.031 	
661.456 	646.112 	-1344.206 	0.130 	0.164 	-0.351 	
953.277 	967.387 	-1290.319 	0.212 	0.262 	-0.340 	
-1535.699 	212.522 	920.061 	-0.444 	0.058 	0.241 	
-930.996 	-207.920 	1198.851 	-0.289 	-0.070 	0.311 	
54.163 	978.918 	739.067 	-0.042 	0.256 	0.202 	
-128.554 	1516.591 	1380.565 	-0.065 	0.397 	0.362 	
-921.714 	-488.301 	1461.748 	-0.295 	-0.130 	0.380 	
975.474 	864.776 	-450.176 	0.203 	0.225 	-0.112 	
23.303 	-398.416 	455.146 	-0.051 	-0.095 	0.118 	
-950.467 	1393.201 	-1299.249 	-0.295 	0.375 	-0.335 	
1407.330 	1140.827 	160.177 	0.339 	0.301 	0.043 	
1202.094 	1377.092 	491.690 	0.286 	0.360 	0.132 	
-1319.242 	-1409.046 	-736.418 	-0.401 	-0.376 	-0.194 	
1551.628 	-898.541 	916.062 	0.352 	-0.245 	0.241 	
-432.013 	-242.458 	230.443 	-0.142 	-0.064 	0.057 	
-1137.892 	343.309 	640.704 	-0.357 	0.091 	0.163 	
-1305.044 	-518.263 	138.774 	-0.400 	-0.136 	0.037 	
1606.891 	850.957 	1317.235 	0.383 	0.219 	0.337 	
1678.958 	-528.238 	-101.452 	0.397 	-0.138 	-0.033 	
431.899 	-1303.071 	-446.128 	0.084 	-0.339 	-0.117 	
-797.420 	693.006 	-455.559 	-0.242 	0.177 	-0.124 	
-109.188 	-1225.163 	-1371.329 	-0.088 	-0.321 	-0.361 	
-1632.356 	-565.017 	1335.589 	-0.479 	-0.156 	0.340 	
-1102.138 	285.789 	854.956 	-0.346 	0.075 	0.219 	
437.473 	-1180.603 	699.199 	0.059 	-0.313 	0.190 	
-17.034 	-852.097 	130.636 	-0.047 	-0.212 	0.040 	
-124.640 	-164.997 	-512.106 	-0.063 	-0.041 	-0.131 	
282.719 	-656.581 	383.793 	0.017 	-0.162 	0.100 	
-1018.331 	-755.839 	39.555 	-0.306 	-0.201 	0.022 	
-1400.770 	659.617 	-248.847 	-0.427 	0.174 	-0.059 	
-1094.186 	-1116.321 	-961.258 	-0.331 	-0.299 	-0.250 	
1634.889 	-1442.920 	403.810 	0.395 	-0.385 	0.107 	
-539.510 	1414.519 	456.733 	-0.190 	0.363 	0.130 	
-1084.130 	-440.986 	-65.962 	-0.317 	-0.128 	-0.014 	
1614.774 	-496.663 	1468.132 	0.381 	-0.135 	0.392 	
353.452 	190.994 	1077.622 	0.056 	0.043 	0.288 	
564.003 	-293.798 	-1081.286 	0.097 	-0.084 	-0.274 	
-271.561 	751.283 	42.533 	-0.122 	0.199 	0.007 	
1791.543 	1492.338 	902.094 	0.421 	0.397 	0.230 	
-1022.375 	-590.747 	1983.258 	-0.324 	-0.162 	0.540 	
-1186.634 	332.635 	-1007.430 	-0.345 	0.084 	-0.264 	
-608.374 	-186.534 	530.134 	-0.213 	-0.037 	0.140 	
1659.429 	-722.813 	-1262.674 	0.383 	-0.188 	-0.329 	
-819.512 	621.743 	166.737 	-0.257 	0.160 	0.040 	
-346.293 	968.428 	84.080 	-0.139 	0.241 	0.022 	
442.620 	204.440 	1375.399 	0.078 	0.066 	0.356 	
-383.916 	-750.951 	491.383 	-0.137 	-0.201 	0.131 	
-787.709 	892.297 	670.235 	-0.241 	0.226 	0.182 	
751.133 	565.225 	399.336 	0.152 	0.143 	0.120 	
-96.019 	-95.339 	550.880 	-0.079 	-0.020 	0.149 	
1474.832 	-983.558 	1111.217 	0.335 	-0.254 	0.299 	
481.697 	1329.992 	-68.111 	0.091 	0.351 	-0.012 	
-778.032 	642.684 	861.527 	-0.243 	0.177 	0.221 	
-1416.745 	-451.302 	-1280.201 	-0.411 	-0.110 	-0.337 	
1546.418 	708.162 	979.643 	0.357 	0.199 	0.253 	
955.675 	-1042.570 	-530.462 	0.219 	-0.270 	-0.140 	
-593.242 	-131.271 	968.017 	-0.203 	-0.029 	0.239 	
-0.180 	-663.074 	1531.112 	-0.051 	-0.182 	0.389 	
-134.696 	-1230.635 	1368.051 	-0.079 	-0.333 	0.343 	
-1414.904 	1029.485 	-1062.860 	-0.409 	0.263 	-0.285 	
1198.975 	-297.185 	-217.258 	0.282 	-0.080 	-0.052 	
592.854 	691.394 	759.050 	0.113 	0.193 	0.207 	
-305.487 	-551.211 	-841.992 	-0.125 	-0.155 	-0.212 	
-500.616 	-315.788 	435.615 	-0.188 	-0.081 	0.115 	
-1111.496 	162.272 	227.250 	-0.320 	0.041 	0.062 	
1086.338 	-174.523 	-160.638 	0.236 	-0.051 	-0.040 	
863.894 	-690.281 	887.872 	0.195 	-0.177 	0.237 	
-280.364 	-669.492 	1028.748 	-0.131 	-0.182 	0.266 	
-1504.160 	5.270 	1129.581 	-0.442 	0.002 	0.295 	
-779.659 	247.532 	354.702 	-0.262 	0.068 	0.093 	
1518.465 	-1034.527 	-32.607 	0.346 	-0.282 	-0.012 	
-187.799 	342.824 	-833.854 	-0.097 	0.079 	-0.209 	
-407.164 	579.377 	1430.878 	-0.140 	0.145 	0.377 	
1225.081 	-987.272 	-331.071 	0.280 	-0.258 	-0.082 	
1632.678 	-183.362 	-747.600 	0.393 	-0.052 	-0.188 	
1436.999 	1318.523 	1696.221 	0.329 	0.344 	0.447 	
1274.263 	-1592.290 	-838.262 	0.290 	-0.414 	-0.210 	
1391.915 	464.729 	494.459 	0.332 	0.119 	0.124 	
1713.663 	-900.786 	514.235 	0.419 	-0.235 	0.136 	
275.031 	-1217.508 	915.365 	0.032 	-0.307 	0.242 	
521.215 	149.848 	-1150.083 	0.105 	0.040 	-0.302 	
1528.983 	1027.919 	737.876 	0.348 	0.273 	0.202 	
-361.408 	-299.845 	6.730 	-0.151 	-0.081 	0.006 	
-987.618 	90.540 	-1090.018 	-0.307 	0.015 	-0.295 	
300.883 	740.075 	517.946 	0.026 	0.198 	0.147 	
-970.350 	48.883 	1091.745 	-0.299 	0.027 	0.285 	
-478.847 	-513.688 	1416.836 	-0.175 	-0.150 	0.365 	
-1445.765 	753.266 	419.197 	-0.432 	0.203 	0.112 	
-1508.899 	759.986 	1284.869 	-0.428 	0.197 	0.341 	
-439.120 	-229.695 	1134.800 	-0.162 	-0.052 	0.290 	
1656.494 	-1070.995 	-1256.683 	0.383 	-0.280 	-0.341 	
287.589 	-1549.958 	1566.378 	0.019 	-0.410 	0.410 	
-737.233 	823.430 	294.921 	-0.231 	0.216 	0.075 	
-1374.262 	565.946 	1170.988 	-0.392 	0.147 	0.311 	
-1061.783 	-18.267 	920.636 	-0.307 	-0.001 	0.240 	
164.105 	734.908 	941.807 	-0.014 	0.184 	0.248 	
399.396 	-474.074 	-162.929 	0.071 	-0.123 	-0.041 	
443.961 	232.475 	229.677 	0.066 	0.047 	0.059 	
-415.783 	-1145.719 	550.289 	-0.142 	-0.309 	0.140 	
527.778 	-295.182 	503.364 	0.097 	-0.078 	0.122 	
1136.535 	418.084 	870.927 	0.265 	0.113 	0.218 	
742.026 	162.895 	-899.886 	0.143 	0.044 	-0.236 	
401.880 	80.515 	-471.850 	0.059 	0.026 	-0.126 	
-1553.657 	-1165.581 	1588.189 	-0.460 	-0.308 	0.425 	
-938.550 	1448.352 	921.106 	-0.294 	0.375 	0.250 	
-509.453 	-1362.725 	1134.801 	-0.173 	-0.352 	0.295 	
-205.000 	-312.854 	1080.638 	-0.099 	-0.094 	0.273 	
-340.483 	-276.596 	-356.498 	-0.147 	-0.076 	-0.099 	
1796.559 	561.078 	1566.686 	0.436 	0.151 	0.410 	
-323.552 	-1388.026 	-1371.752 	-0.116 	-0.363 	-0.362 	
759.551 	1603.395 	-206.293 	0.156 	0.429 	-0.061 	
530.298 	1651.444 	-1554.339 	0.105 	0.437 	-0.402 	
-156.547 	1079.829 	614.503 	-0.082 	0.287 	0.163 	
-509.345 	1014.807 	-136.028 	-0.179 	0.263 	-0.047 	
291.510 	640.667 	-1742.952 	0.033 	0.163 	-0.470 	
-581.378 	193.554 	-463.755 	-0.187 	0.055 	-0.117 	
58.960 	126.515 	-993.941 	-0.021 	0.033 	-0.268 	
1264.678 	956.044 	-451.632 	0.302 	0.249 	-0.119 	
-1397.803 	993.595 	-987.312 	-0.415 	0.265 	-0.270 	
1515.085 	1443.862 	895.974 	0.370 	0.378 	0.237 	
-995.422 	993.243 	1021.626 	-0.312 	0.257 	0.279 	
611.267 	547.482 	1137.139 	0.105 	0.134 	0.298 	
-1596.019 	998.661 	-886.176 	-0.471 	0.268 	-0.237 	
-848.360 	1432.298 	-523.997 	-0.259 	0.373 	-0.129 	
-889.026 	650.083 	466.844 	-0.266 	0.165 	0.132 	
-65.089 	-532.522 	800.223 	-0.068 	-0.128 	0.195 	
73.202 	-650.102 	-1363.819 	-0.025 	-0.156 	-0.356 	
-1454.295 	-456.947 	-760.345 	-0.414 	-0.121 	-0.207 	
1111.032 	163.752 	-246.316 	0.252 	0.047 	-0.050 	
1237.342 	-9.747 	-177.477 	0.277 	-0.010 	-0.033 	
-563.300 	-285.028 	1369.081 	-0.199 	-0.079 	0.353 	
1442.570 	-951.388 	-890.451 	0.339 	-0.241 	-0.241 	
613.255 	-190.425 	766.135 	0.111 	-0.045 	0.200 	
1709.462 	-1471.136 	-875.880 	0.415 	-0.379 	-0.238 	
581.563 	-1080.996 	168.463 	0.110 	-0.281 	0.035 	
-335.967 	-1374.662 	81.601 	-0.136 	-0.362 	0.021 	
506.974 	1344.609 	-189.968 	0.098 	0.339 	-0.050 	
996.654 	-283.205 	-304.528 	0.213 	-0.062 	-0.076 	
-530.422 	-203.142 	58.922 	-0.177 	-0.062 	0.021 	
-115.666 	998.496 	-251.811 	-0.087 	0.266 	-0.066 	
968.290 	-1181.950 	-1522.531 	0.221 	-0.316 	-0.409 	
-1205.482 	1110.350 	376.391 	-0.367 	0.290 	0.113 	
-193.667 	-705.976 	1052.794 	-0.103 	-0.179 	0.264 	
778.560 	876.761 	-42.787 	0.146 	0.231 	-0.015 	
1138.832 	1392.004 	-1257.342 	0.252 	0.372 	-0.326 	
-1308.318 	263.043 	16.532 	-0.391 	0.057 	0.011 	
1127.981 	826.803 	232.640 	0.250 	0.209 	0.070 	
-1554.617 	1546.706 	1572.021 	-0.460 	0.399 	0.418 	
320.039 	264.598 	600.535 	0.048 	0.068 	0.148 	
949.882 	-390.345 	-170.505 	0.198 	-0.109 	-0.038 	
1456.538 	824.978 	1230.153 	0.328 	0.218 	0.321 	
-135.808 	-190.568 	-200.362 	-0.089 	-0.057 	-0.040 	
1467.484 	-1190.552 	-1183.916 	0.353 	-0.310 	-0.311 	
1216.535 	-42.498 	-592.223 	0.276 	-0.009 	-0.158 	
-1297.318 	-1351.485 	-225.669 	-0.386 	-0.354 	-0.046 	
-1141.003 	1382.294 	1437.838 	-0.348 	0.376 	0.370 	
999.859 	-1670.252 	1061.976 	0.217 	-0.453 	0.277 	
1096.201 	-1061.749 	-189.899 	0.241 	-0.276 	-0.039 	
1697.789 	-1452.635 	1438.788 	0.415 	-0.381 	0.375 	
-594.101 	-284.562 	-612.073 	-0.198 	-0.070 	-0.156 	
1823.979 	1423.343 	931.314 	0.450 	0.379 	0.238 	
928.761 	717.450 	-664.206 	0.186 	0.187 	-0.178 	
88.742 	1230.254 	-461.335 	-0.016 	0.329 	-0.116 	
-1610.912 	318.856 	-631.988 	-0.477 	0.083 	-0.158 	
-1828.819 	1410.853 	2342.592 	-0.522 	0.378 	0.617 	
634.255 	-305.088 	1276.224 	0.136 	-0.078 	0.330 	
-708.586 	-342.208 	-451.719 	-0.243 	-0.086 	-0.114 	
-1474.844 	602.044 	1239.384 	-0.419 	0.160 	0.323 	
-648.598 	757.743 	-838.744 	-0.212 	0.199 	-0.233 	
22.472 	195.597 	-280.561 	-0.026 	0.045 	-0.075 	
-1329.344 	-222.529 	-732.786 	-0.401 	-0.054 	-0.192 	
116.863 	-434.592 	-239.084 	-0.015 	-0.122 	-0.067 	
1712.227 	-188.117 	-95.640 	0.408 	-0.049 	-0.036 	
-233.274 	426.925 	260.753 	-0.115 	0.108 	0.082 	
772.870 	-1208.453 	-138.609 	0.145 	-0.314 	-0.042 	
1143.849 	-1415.457 	-639.531 	0.261 	-0.367 	-0.178 	
-793.489 	-941.809 	635.756 	-0.242 	-0.249 	0.164 	
-243.172 	965.288 	1231.369 	-0.109 	0.245 	0.320 	
908.304 	1548.589 	1047.815 	0.194 	0.419 	0.274 	
-1632.164 	788.670 	-177.849 	-0.474 	0.218 	-0.052 	
-81.208 	50.284 	-1098.119 	-0.069 	0.005 	-0.284 	
-696.362 	557.882 	-1464.143 	-0.222 	0.136 	-0.377 	
-1320.500 	-422.071 	206.261 	-0.398 	-0.119 	0.054 	
772.336 	566.112 	577.466 	0.160 	0.153 	0.140 	
428.172 	-315.388 	-1210.676 	0.058 	-0.088 	-0.314 	
357.114 	1150.600 	584.553 	0.054 	0.297 	0.149 	
124.255 	425.169 	832.770 	-0.016 	0.120 	0.213 	
-601.966 	-1011.830 	1046.062 	-0.201 	-0.261 	0.279 	
77.417 	-189.977 	-553.080 	-0.030 	-0.051 	-0.138 	
-324.199 	1521.299 	924.796 	-0.139 	0.389 	0.249 	
-792.707 	360.308 	-124.471 	-0.245 	0.088 	-0.021 	
-1307.243 	-849.541 	139.937 	-0.401 	-0.219 	0.037 	
1147.872 	-594.189 	-1620.188 	0.264 	-0.155 	-0.430 	
-1258.201 	1786.789 	-793.186 	-0.382 	0.482 	-0.204 	
-580.931 	708.761 	-1490.327 	-0.184 	0.189 	-0.391 	
1201.536 	-725.445 	-257.029 	0.269 	-0.180 	-0.062 	
239.764 	305.070 	-270.607 	0.013 	0.087 	-0.071 	
-355.154 	1309.151 	-635.642 	-0.144 	0.343 	-0.165 	
-280.002 	170.187 	1072.730 	-0.123 	0.052 	0.274 	
-1095.158 	-1174.667 	1417.713 	-0.344 	-0.302 	0.372 	
813.612 	1104.435 	1004.936 	0.175 	0.277 	0.262 	
251.420 	1003.613 	1319.346 	0.030 	0.261 	0.352 	
635.723 	724.104 	-862.056 	0.115 	0.177 	-0.225 	
1049.902 	836.923 	-1412.544 	0.233 	0.218 	-0.378 	
196.942 	-597.160 	-1227.821 	0.005 	-0.168 	-0.320 	
-1096.432 	817.114 	-556.921 	-0.343 	0.207 	-0.143 	
841.152 	61.389 	-17.238 	0.181 	0.018 	0.001 	
-1202.600 	1289.349 	74.244 	-0.377 	0.334 	0.025 	
-553.753 	-1212.054 	-512.190 	-0.190 	-0.314 	-0.140 	
400.050 	-776.136 	-1232.125 	0.046 	-0.207 	-0.324 	
-231.036 	-411.691 	977.189 	-0.117 	-0.106 	0.258 	
-39.550 	-1452.753 	651.951 	-0.051 	-0.384 	0.178 	
1079.150 	760.756 	-1081.843 	0.252 	0.196 	-0.284 	
202.486 	888.706 	-834.730 	0.011 	0.240 	-0.228 	
93.284 	1117.686 	-952.249 	-0.030 	0.290 	-0.245 	
-780.281 	1115.398 	-651.507 	-0.239 	0.296 	-0.171 	
-1570.797 	-596.056 	179.354 	-0.461 	-0.162 	0.056 	
-953.694 	-455.470 	-850.153 	-0.279 	-0.123 	-0.221 	
1809.035 	-1007.331 	1489.479 	0.433 	-0.264 	0.384 	
-1490.109 	714.671 	-266.853 	-0.440 	0.195 	-0.068 	
-86.780 	-559.678 	760.606 	-0.087 	-0.136 	0.203 	
-380.059 	-541.867 	-1131.959 	-0.134 	-0.143 	-0.285 	
-610.533 	-1487.803 	1378.277 	-0.208 	-0.388 	0.358 	
-86.281 	-542.742 	785.211 	-0.076 	-0.147 	0.209 	
177.392 	-1455.852 	333.339 	0.009 	-0.388 	0.088 	
-391.004 	-210.218 	93.009 	-0.162 	-0.061 	0.027 	
-478.093 	-500.713 	-558.819 	-0.173 	-0.137 	-0.139 	
-402.267 	-694.599 	925.159 	-0.093 	-0.138 	0.164 	
642.628 	-1318.904 	827.129 	0.131 	-0.356 	0.215 	
-876.666 	-257.892 	833.981 	-0.262 	-0.076 	0.218 	
1530.927 	773.540 	-1238.712 	0.372 	0.205 	-0.328 	
-163.949 	851.207 	1471.957 	-0.090 	0.214 	0.378 	
566.452 	1245.623 	988.049 	0.117 	0.323 	0.257 	
1031.543 	1055.830 	661.701 	0.238 	0.281 	0.175 	
865.584 	-916.646 	299.710 	0.183 	-0.230 	0.082 	
-548.334 	-265.943 	-1063.693 	-0.196 	-0.061 	-0.268 	
-859.596 	970.556 	553.535 	-0.257 	0.254 	0.152 	
260.655 	-569.344 	957.306 	0.014 	-0.152 	0.251 	
563.076 	-1080.309 	792.374 	0.103 	-0.296 	0.211 	
-392.465 	-1100.116 	100.401 	-0.155 	-0.272 	0.025 	
282.059 	-954.556 	-180.805 	0.020 	-0.252 	-0.057 	
-25.811 	-976.317 	-442.466 	-0.065 	-0.250 	-0.113 	
1355.254 	-225.587 	-1275.470 	0.313 	-0.058 	-0.332 	
746.171 	331.399 	1503.975 	0.139 	0.090 	0.397 	
-1055.444 	714.022 	968.382 	-0.319 	0.190 	0.262 	
1688.543 	-898.947 	1482.569 	0.411 	-0.231 	0.399 	
-1000.494 	532.175 	248.124 	-0.297 	0.141 	0.058 	
176.682 	225.339 	1353.246 	0.002 	0.071 	0.349 	
-1584.619 	716.582 	1016.284 	-0.462 	0.202 	0.267 	
-506.733 	-999.149 	298.165 	-0.182 	-0.272 	0.078 	
847.026 	-170.699 	-848.535 	0.186 	-0.037 	-0.227 	
-502.179 	-1433.222 	1629.445 	-0.176 	-0.378 	0.441 	
-1212.347 	1279.659 	110.387 	-0.370 	0.339 	0.022 	
383.553 	-1538.337 	-1407.026 	0.055 	-0.397 	-0.366 	
-1598.823 	-395.206 	-1502.495 	-0.452 	-0.106 	-0.393 	
-692.924 	5.514 	-947.552 	-0.239 	-0.000 	-0.247 	
71.149 	92.718 	-145.278 	-0.019 	0.020 	-0.038 	
-1577.928 	-391.883 	1567.614 	-0.462 	-0.112 	0.416 	
-485.962 	-46.053 	-128.003 	-0.169 	-0.023 	-0.018 	
1516.684 	-787.596 	914.142 	0.358 	-0.215 	0.250 	
-1407.829 	-1175.373 	-1226.944 	-0.420 	-0.305 	-0.316 	
-1362.343 	430.744 	-13.635 	-0.386 	0.108 	-0.003 	
339.699 	493.656 	-1489.975 	0.054 	0.137 	-0.394 	
-980.195 	393.421 	701.001 	-0.291 	0.092 	0.188 	
1624.014 	-1468.397 	1072.980 	0.374 	-0.394 	0.283 	
-421.634 	912.638 	-1038.254 	-0.143 	0.231 	-0.274 	
-1590.304 	133.437 	850.855 	-0.462 	0.033 	0.227 	
732.233 	-1192.521 	1318.458 	0.142 	-0.311 	0.353 	
-1558.775 	1109.343 	-137.663 	-0.452 	0.291 	-0.044 	
-1474.935 	673.361 	515.622 	-0.421 	0.170 	0.146 	
309.411 	-1133.376 	311.410 	0.048 	-0.304 	0.081 	
-507.877 	-1153.927 	706.353 	-0.176 	-0.313 	0.193 	
393.336 	-838.168 	-1414.285 	0.071 	-0.226 	-0.365 	
-1243.072 	-801.143 	703.347 	-0.366 	-0.203 	0.183 	
-1539.188 	-608.292 	-776.964 	-0.459 	-0.164 	-0.209 	
947.973 	-1427.854 	-1362.891 	0.211 	-0.387 	-0.354 	
-1401.189 	-982.971 	-1144.473 	-0.414 	-0.261 	-0.313 	
452.560 	-469.872 	-111.260 	0.074 	-0.120 	-0.025 	
846.889 	1404.503 	728.295 	0.173 	0.372 	0.184 	
1374.965 	365.110 	855.131 	0.308 	0.098 	0.230 	
747.451 	-802.156 	-974.591 	0.158 	-0.222 	-0.247 	
1710.280 	-1427.882 	1215.848 	0.400 	-0.376 	0.327 	
-1430.805 	-705.052 	-262.933 	-0.425 	-0.184 	-0.072 	
-813.581 	1460.177 	683.958 	-0.267 	0.380 	0.190 	
-415.367 	926.110 	1310.318 	-0.157 	0.232 	0.350 	
964.363 	250.601 	1174.165 	0.210 	0.068 	0.309 	
-163.284 	-1248.511 	1324.323 	-0.094 	-0.318 	0.342 	
-1170.365 	818.208 	580.534 	-0.346 	0.222 	0.149 	
1053.880 	1239.436 	107.276 	0.236 	0.331 	0.033 	
-796.423 	-599.928 	-621.550 	-0.243 	-0.166 	-0.164 	
-105.273 	-990.289 	1300.062 	-0.075 	-0.271 	0.334 	
1286.181 	212.001 	187.744 	0.292 	0.049 	0.062 	
-1460.277 	-1535.613 	991.372 	-0.419 	-0.409 	0.258 	
-514.023 	-536.950 	-414.219 	-0.169 	-0.128 	-0.112 	
1227.208 	-1206.482 	322.785 	0.278 	-0.310 	0.094 	
-111.928 	816.660 	427.353 	-0.081 	0.201 	0.109 	
-279.602 	-666.117 	-150.044 	-0.124 	-0.163 	-0.044 	
855.741 	81.616 	-863.741 	0.177 	0.023 	-0.216 	
-1237.459 	1346.192 	959.337 	-0.378 	0.359 	0.241 	
1596.117 	-1315.550 	164.700 	0.383 	-0.349 	0.052 	
1382.128 	-53.540 	1011.505 	0.328 	-0.015 	0.269 	
434.087 	1312.027 	-13.894 	0.060 	0.354 	-0.006 	
284.444 	381.307 	859.216 	0.043 	0.092 	0.218 	
-1585.430 	1060.809 	1372.111 	-0.470 	0.273 	0.362 	
-1195.165 	-407.368 	561.178 	-0.345 	-0.115 	0.150 	
1430.641 	267.678 	-348.004 	0.320 	0.067 	-0.096 	
-828.144 	-289.230 	-1252.209 	-0.248 	-0.075 	-0.324 	
