## Las primeras 500 lineas corresponden a la esfera 1 
##las siguienets 500 lineas a la esfera 2
## Las primeras tres columnas corresponden a la posición en 'x', 'y' y 'z', las siguientes tres a las velocidades
1.962 	-1007.103 	96.477 	-0.010 	-0.247 	0.028 	
313.987 	-306.080 	-2.645 	0.086 	-0.077 	-0.003 	
362.724 	1280.349 	875.212 	0.099 	0.315 	0.207 	
-1184.531 	1317.311 	867.195 	-0.305 	0.335 	0.221 	
-263.082 	-272.062 	1225.113 	-0.053 	-0.066 	0.316 	
1304.687 	848.469 	1518.802 	0.342 	0.215 	0.376 	
1368.419 	-697.014 	-1334.156 	0.345 	-0.169 	-0.338 	
-1297.702 	-756.341 	461.528 	-0.322 	-0.178 	0.123 	
1125.792 	337.247 	745.527 	0.277 	0.096 	0.186 	
431.837 	410.640 	578.937 	0.105 	0.099 	0.152 	
1147.732 	-94.090 	70.407 	0.280 	-0.021 	0.014 	
-255.539 	-1038.456 	164.011 	-0.056 	-0.257 	0.045 	
205.567 	-739.231 	109.958 	0.067 	-0.183 	0.029 	
840.096 	1171.956 	1134.045 	0.199 	0.294 	0.281 	
-40.684 	970.080 	-1588.109 	-0.025 	0.249 	-0.384 	
-559.184 	-116.758 	0.891 	-0.140 	-0.017 	0.003 	
-624.660 	1283.872 	-516.064 	-0.162 	0.315 	-0.132 	
139.648 	738.888 	-1414.079 	0.032 	0.172 	-0.359 	
-1848.606 	-1391.280 	-782.290 	-0.475 	-0.342 	-0.200 	
671.881 	-1609.080 	-1389.951 	0.158 	-0.407 	-0.350 	
151.408 	-1516.419 	1787.957 	0.042 	-0.368 	0.454 	
135.541 	560.448 	1573.628 	0.030 	0.137 	0.382 	
-403.234 	-728.655 	362.908 	-0.100 	-0.169 	0.085 	
-1320.832 	-1048.585 	482.570 	-0.322 	-0.254 	0.115 	
900.651 	-647.432 	1060.543 	0.235 	-0.161 	0.258 	
-621.673 	-17.189 	1392.751 	-0.142 	-0.000 	0.343 	
93.074 	-854.666 	-58.905 	0.032 	-0.205 	-0.010 	
371.307 	-1527.634 	1142.642 	0.088 	-0.393 	0.288 	
-1343.448 	1342.545 	347.349 	-0.327 	0.334 	0.088 	
-759.944 	-1163.118 	916.442 	-0.181 	-0.286 	0.234 	
-480.196 	-812.890 	-1358.757 	-0.116 	-0.197 	-0.341 	
653.821 	1081.879 	1293.599 	0.159 	0.262 	0.325 	
1303.178 	-490.737 	1201.045 	0.326 	-0.122 	0.303 	
-863.605 	893.928 	110.782 	-0.200 	0.221 	0.029 	
141.174 	-450.050 	-1497.107 	0.034 	-0.121 	-0.362 	
219.170 	-207.876 	159.942 	0.069 	-0.043 	0.040 	
-626.210 	-1277.413 	-1429.929 	-0.158 	-0.314 	-0.370 	
-627.811 	-1561.942 	1172.272 	-0.144 	-0.389 	0.293 	
-590.190 	-144.979 	839.531 	-0.152 	-0.032 	0.213 	
1012.343 	-1596.914 	1151.440 	0.252 	-0.400 	0.292 	
1725.028 	655.550 	-65.708 	0.434 	0.150 	-0.019 	
299.826 	-412.198 	141.242 	0.080 	-0.093 	0.029 	
663.909 	187.789 	1121.017 	0.150 	0.053 	0.286 	
-55.095 	-1107.113 	-720.985 	-0.025 	-0.276 	-0.178 	
262.317 	-319.733 	1085.229 	0.076 	-0.081 	0.278 	
135.647 	276.878 	-533.905 	0.044 	0.073 	-0.125 	
1673.779 	123.192 	17.030 	0.412 	0.025 	0.022 	
-392.301 	1542.737 	-405.722 	-0.098 	0.389 	-0.104 	
360.632 	-443.457 	-599.021 	0.100 	-0.114 	-0.147 	
1432.511 	917.686 	457.915 	0.361 	0.239 	0.114 	
-1323.505 	-481.819 	-1063.926 	-0.325 	-0.126 	-0.274 	
768.338 	-130.021 	762.091 	0.181 	-0.031 	0.181 	
1600.862 	-722.317 	-1587.105 	0.412 	-0.192 	-0.399 	
-140.909 	1017.137 	11.343 	-0.022 	0.250 	0.010 	
-1156.660 	1264.507 	921.437 	-0.296 	0.311 	0.229 	
-265.538 	-1502.348 	764.626 	-0.060 	-0.384 	0.198 	
-648.091 	-18.173 	-949.704 	-0.149 	-0.009 	-0.243 	
47.063 	-1341.740 	-462.161 	0.022 	-0.336 	-0.119 	
-1562.580 	1113.738 	1331.762 	-0.395 	0.286 	0.340 	
906.565 	1416.023 	572.928 	0.231 	0.348 	0.133 	
-400.230 	1520.762 	405.579 	-0.112 	0.383 	0.099 	
586.845 	905.626 	-534.368 	0.154 	0.220 	-0.131 	
-1196.429 	1631.593 	643.305 	-0.311 	0.414 	0.163 	
1086.736 	300.429 	-548.404 	0.272 	0.086 	-0.136 	
1285.827 	-1513.385 	-1537.978 	0.339 	-0.379 	-0.381 	
1849.263 	-627.247 	-1564.285 	0.479 	-0.156 	-0.393 	
1170.798 	-873.297 	-1362.941 	0.310 	-0.220 	-0.343 	
-1712.131 	1863.312 	-536.128 	-0.436 	0.480 	-0.141 	
1841.557 	865.081 	1128.185 	0.476 	0.219 	0.279 	
-268.652 	564.894 	670.636 	-0.066 	0.122 	0.170 	
1217.895 	464.127 	487.791 	0.314 	0.106 	0.115 	
495.416 	-90.073 	575.148 	0.137 	-0.016 	0.143 	
-34.441 	976.313 	-1596.435 	0.002 	0.239 	-0.407 	
-411.533 	-1207.036 	-491.764 	-0.106 	-0.301 	-0.118 	
-715.116 	626.312 	978.841 	-0.191 	0.154 	0.241 	
720.569 	-214.962 	-411.956 	0.179 	-0.051 	-0.086 	
-39.711 	-383.016 	-1123.184 	-0.013 	-0.083 	-0.281 	
1393.681 	825.406 	-1307.349 	0.354 	0.209 	-0.338 	
187.118 	-313.078 	-613.430 	0.041 	-0.072 	-0.159 	
-27.436 	-390.921 	1351.465 	0.000 	-0.103 	0.336 	
-230.141 	1250.252 	386.217 	-0.067 	0.303 	0.098 	
375.326 	-654.407 	-451.595 	0.082 	-0.158 	-0.105 	
801.095 	1008.904 	1317.314 	0.196 	0.258 	0.328 	
-331.919 	-1065.260 	1336.245 	-0.088 	-0.261 	0.340 	
1036.092 	-567.761 	-243.176 	0.266 	-0.132 	-0.070 	
-966.659 	-1345.533 	-1312.384 	-0.234 	-0.333 	-0.323 	
994.250 	-308.189 	-610.290 	0.251 	-0.084 	-0.166 	
-1023.247 	-1112.813 	1192.938 	-0.269 	-0.278 	0.301 	
-1442.956 	-1406.893 	921.562 	-0.353 	-0.353 	0.235 	
-1309.323 	-562.253 	-150.330 	-0.318 	-0.150 	-0.029 	
1699.998 	762.881 	1206.186 	0.427 	0.205 	0.300 	
47.572 	653.856 	1217.189 	0.009 	0.170 	0.306 	
111.483 	-283.998 	113.100 	0.035 	-0.078 	0.030 	
-211.122 	-1446.437 	-610.770 	-0.045 	-0.369 	-0.145 	
1401.256 	-939.077 	1391.717 	0.350 	-0.227 	0.346 	
-546.171 	899.094 	-1473.080 	-0.129 	0.233 	-0.360 	
1396.510 	360.054 	904.581 	0.360 	0.082 	0.227 	
1500.276 	345.628 	-1007.555 	0.387 	0.087 	-0.251 	
1698.805 	1361.958 	211.696 	0.442 	0.338 	0.054 	
946.669 	-722.757 	942.051 	0.228 	-0.189 	0.230 	
-1090.640 	1448.892 	787.759 	-0.272 	0.353 	0.203 	
-1769.627 	-1282.178 	-560.479 	-0.453 	-0.319 	-0.132 	
478.073 	-1654.449 	958.157 	0.122 	-0.420 	0.239 	
-727.045 	-177.591 	1253.497 	-0.179 	-0.034 	0.321 	
888.907 	-387.704 	486.652 	0.236 	-0.097 	0.128 	
-1522.909 	759.932 	1395.164 	-0.371 	0.192 	0.344 	
-1481.776 	-1051.037 	979.499 	-0.381 	-0.259 	0.250 	
-1732.221 	1811.448 	-740.987 	-0.442 	0.465 	-0.186 	
1102.778 	-701.557 	42.416 	0.270 	-0.181 	0.020 	
1828.674 	-158.975 	-601.010 	0.468 	-0.047 	-0.140 	
-455.686 	-153.738 	897.077 	-0.109 	-0.042 	0.230 	
419.535 	-542.842 	816.167 	0.092 	-0.137 	0.205 	
738.558 	6.163 	271.795 	0.176 	-0.007 	0.062 	
-270.315 	1585.289 	-584.279 	-0.074 	0.390 	-0.137 	
-1059.656 	1446.356 	1447.936 	-0.268 	0.363 	0.368 	
-171.004 	1548.889 	1506.072 	-0.037 	0.393 	0.379 	
479.718 	-1623.008 	-297.481 	0.117 	-0.407 	-0.061 	
-1722.577 	-482.579 	1623.964 	-0.427 	-0.132 	0.403 	
1174.222 	-698.759 	-617.685 	0.292 	-0.185 	-0.144 	
-106.343 	1152.461 	208.059 	-0.038 	0.284 	0.057 	
-807.855 	175.288 	987.831 	-0.195 	0.046 	0.257 	
910.856 	-1272.979 	-576.498 	0.231 	-0.326 	-0.144 	
744.829 	-248.161 	-1210.860 	0.184 	-0.049 	-0.305 	
1506.835 	-675.423 	1533.462 	0.369 	-0.173 	0.387 	
-1629.796 	565.213 	819.933 	-0.418 	0.137 	0.202 	
482.309 	-211.033 	-597.319 	0.111 	-0.043 	-0.142 	
-1704.432 	-1090.984 	-656.590 	-0.424 	-0.271 	-0.155 	
-1787.645 	-1666.622 	684.305 	-0.460 	-0.419 	0.168 	
-1316.063 	678.055 	-1620.115 	-0.331 	0.173 	-0.396 	
-1416.313 	-1466.139 	563.534 	-0.346 	-0.372 	0.140 	
-142.199 	-986.965 	768.416 	-0.044 	-0.243 	0.195 	
-378.321 	1251.094 	-704.946 	-0.099 	0.316 	-0.184 	
-982.277 	823.015 	13.333 	-0.248 	0.200 	0.001 	
34.836 	473.685 	-1418.965 	0.000 	0.111 	-0.350 	
1752.659 	-1603.775 	164.696 	0.434 	-0.399 	0.035 	
-240.436 	-1250.838 	-633.224 	-0.052 	-0.312 	-0.170 	
198.380 	-976.841 	453.572 	0.041 	-0.243 	0.103 	
-1167.380 	-1471.603 	1158.815 	-0.281 	-0.375 	0.293 	
1364.389 	-664.912 	-678.535 	0.343 	-0.160 	-0.169 	
576.957 	-1221.262 	361.476 	0.159 	-0.303 	0.096 	
-1189.545 	-727.292 	-936.547 	-0.287 	-0.187 	-0.234 	
1541.889 	-453.977 	-405.198 	0.374 	-0.106 	-0.103 	
-1033.711 	1576.378 	369.420 	-0.263 	0.389 	0.099 	
-1252.480 	-1316.917 	199.501 	-0.316 	-0.328 	0.057 	
-392.475 	497.567 	583.182 	-0.105 	0.114 	0.144 	
964.024 	-209.978 	1375.820 	0.239 	-0.051 	0.333 	
-722.407 	-107.890 	-569.064 	-0.174 	-0.015 	-0.143 	
-12.299 	817.718 	1240.169 	-0.009 	0.201 	0.297 	
1475.414 	-1357.121 	-1580.172 	0.360 	-0.342 	-0.399 	
-135.019 	1143.490 	-803.101 	-0.024 	0.277 	-0.203 	
1451.401 	-1579.062 	416.564 	0.366 	-0.394 	0.093 	
-1147.362 	-455.238 	987.965 	-0.276 	-0.107 	0.245 	
394.611 	883.662 	1681.929 	0.094 	0.211 	0.423 	
-1702.642 	-1671.341 	-622.016 	-0.427 	-0.417 	-0.162 	
-1433.777 	-95.968 	-1616.000 	-0.361 	-0.017 	-0.406 	
-124.265 	-680.717 	-580.730 	-0.043 	-0.170 	-0.144 	
1556.918 	-363.695 	1169.848 	0.415 	-0.090 	0.284 	
-1510.664 	-765.904 	1503.212 	-0.380 	-0.199 	0.375 	
-746.828 	-1179.745 	1666.838 	-0.180 	-0.299 	0.423 	
180.656 	-1170.180 	977.457 	0.044 	-0.295 	0.248 	
1607.890 	-1346.470 	1233.162 	0.416 	-0.340 	0.313 	
-530.161 	294.487 	330.648 	-0.123 	0.077 	0.075 	
-527.355 	-82.787 	897.606 	-0.155 	-0.000 	0.248 	
804.745 	110.270 	-74.101 	0.211 	0.035 	-0.010 	
91.860 	-606.494 	339.646 	0.019 	-0.151 	0.078 	
-612.231 	-18.359 	-226.309 	-0.158 	-0.003 	-0.048 	
-581.223 	930.491 	-819.261 	-0.143 	0.233 	-0.206 	
1845.325 	-377.044 	-115.022 	0.467 	-0.107 	-0.027 	
535.120 	-22.479 	-205.127 	0.134 	-0.015 	-0.040 	
648.903 	-338.393 	-378.213 	0.149 	-0.090 	-0.084 	
-1053.085 	317.398 	1746.178 	-0.259 	0.078 	0.441 	
988.503 	688.215 	62.011 	0.263 	0.165 	0.018 	
-1502.273 	303.984 	648.107 	-0.383 	0.071 	0.160 	
425.995 	-87.504 	-497.503 	0.102 	-0.031 	-0.125 	
-1729.313 	-775.303 	1475.027 	-0.443 	-0.194 	0.368 	
-1360.885 	-527.623 	-117.999 	-0.342 	-0.125 	-0.023 	
-686.754 	-376.601 	-371.003 	-0.170 	-0.094 	-0.096 	
1054.388 	941.427 	1353.193 	0.267 	0.238 	0.327 	
321.151 	-326.467 	1345.004 	0.085 	-0.079 	0.340 	
1590.934 	975.303 	1705.078 	0.397 	0.253 	0.433 	
1371.515 	1243.656 	1355.061 	0.343 	0.315 	0.353 	
1480.973 	-1245.958 	-1272.728 	0.366 	-0.317 	-0.323 	
1061.329 	1531.532 	86.767 	0.278 	0.382 	0.020 	
-752.990 	86.835 	411.424 	-0.194 	0.016 	0.112 	
-314.018 	112.796 	-958.185 	-0.073 	0.033 	-0.250 	
-217.410 	706.632 	777.021 	-0.065 	0.175 	0.193 	
-1713.712 	-1537.678 	918.753 	-0.432 	-0.378 	0.242 	
-675.047 	530.822 	-621.082 	-0.167 	0.137 	-0.149 	
-464.479 	-1446.516 	-1093.827 	-0.118 	-0.355 	-0.276 	
-807.756 	-1400.054 	-842.234 	-0.190 	-0.349 	-0.211 	
132.523 	-1541.218 	-1271.016 	0.031 	-0.382 	-0.314 	
1341.137 	547.937 	96.463 	0.350 	0.138 	0.029 	
1508.222 	-117.275 	-1067.079 	0.379 	-0.032 	-0.259 	
-677.113 	239.974 	70.571 	-0.155 	0.056 	0.026 	
-668.195 	750.892 	404.109 	-0.180 	0.185 	0.102 	
1554.719 	-691.018 	3.737 	0.386 	-0.182 	-0.008 	
-888.010 	595.571 	-1607.556 	-0.226 	0.146 	-0.406 	
1605.925 	-138.816 	1011.848 	0.399 	-0.025 	0.259 	
321.231 	535.205 	445.979 	0.094 	0.139 	0.118 	
985.362 	-327.058 	-676.328 	0.255 	-0.072 	-0.158 	
-973.289 	1241.155 	275.654 	-0.242 	0.299 	0.073 	
-17.175 	-1228.031 	740.134 	0.006 	-0.296 	0.180 	
-167.427 	-132.430 	-1308.636 	-0.031 	-0.031 	-0.322 	
-467.862 	67.961 	270.022 	-0.121 	0.019 	0.069 	
-182.608 	-1388.493 	-1376.930 	-0.041 	-0.341 	-0.352 	
-378.189 	-588.340 	1446.695 	-0.088 	-0.151 	0.347 	
1740.240 	-227.390 	-1263.503 	0.443 	-0.066 	-0.314 	
-378.766 	255.742 	-267.969 	-0.092 	0.059 	-0.060 	
1444.342 	-1527.243 	1398.077 	0.373 	-0.378 	0.351 	
-504.132 	-540.443 	481.397 	-0.124 	-0.124 	0.117 	
-466.111 	-58.979 	1436.004 	-0.107 	-0.006 	0.357 	
318.245 	755.146 	157.456 	0.094 	0.188 	0.041 	
-1578.370 	1647.135 	-1194.884 	-0.401 	0.414 	-0.299 	
75.623 	-425.003 	-1623.843 	0.034 	-0.102 	-0.407 	
-287.841 	-864.365 	1012.098 	-0.067 	-0.202 	0.255 	
-955.475 	-761.802 	-686.555 	-0.248 	-0.191 	-0.169 	
870.141 	1576.711 	-1329.732 	0.221 	0.397 	-0.347 	
-925.858 	121.614 	1017.334 	-0.243 	0.030 	0.252 	
-30.718 	218.607 	783.452 	-0.015 	0.055 	0.185 	
-290.234 	-283.970 	570.745 	-0.053 	-0.085 	0.105 	
1520.090 	-360.485 	-958.798 	0.379 	-0.102 	-0.245 	
1776.882 	-1664.217 	9.740 	0.443 	-0.419 	0.012 	
-1284.086 	-953.878 	-67.844 	-0.333 	-0.244 	-0.021 	
65.207 	-1358.378 	347.679 	0.009 	-0.331 	0.093 	
-626.661 	103.754 	1330.347 	-0.161 	0.018 	0.325 	
-877.109 	1636.242 	58.817 	-0.208 	0.407 	0.022 	
-1200.018 	-1280.303 	551.260 	-0.298 	-0.313 	0.134 	
1463.902 	-603.545 	-1215.966 	0.371 	-0.148 	-0.313 	
-1047.118 	-1542.587 	987.004 	-0.263 	-0.375 	0.248 	
-717.788 	-3.693 	592.362 	-0.178 	-0.013 	0.152 	
-760.163 	160.730 	1536.465 	-0.190 	0.040 	0.391 	
-1368.441 	1011.892 	-264.137 	-0.339 	0.251 	-0.053 	
-1295.279 	454.446 	45.759 	-0.334 	0.113 	0.012 	
-484.001 	423.634 	-804.398 	-0.119 	0.113 	-0.197 	
1438.652 	1798.291 	-1638.577 	0.358 	0.464 	-0.416 	
-1169.011 	656.224 	909.662 	-0.300 	0.163 	0.237 	
-1338.577 	-142.820 	-1393.531 	-0.327 	-0.039 	-0.349 	
794.344 	-1117.018 	540.552 	0.204 	-0.285 	0.125 	
1192.958 	1303.412 	-118.861 	0.315 	0.327 	-0.024 	
1368.819 	701.997 	-1541.987 	0.337 	0.180 	-0.378 	
903.928 	436.931 	-1047.079 	0.221 	0.105 	-0.249 	
-675.922 	-1312.063 	-377.845 	-0.163 	-0.317 	-0.097 	
1236.766 	-575.230 	156.155 	0.315 	-0.139 	0.025 	
-441.908 	1285.284 	305.749 	-0.044 	0.373 	0.096 	
359.705 	-970.353 	1435.472 	0.093 	-0.238 	0.345 	
-817.099 	538.801 	-626.565 	-0.204 	0.131 	-0.163 	
-1192.889 	-46.047 	585.347 	-0.306 	-0.012 	0.153 	
1292.116 	-437.679 	1318.495 	0.333 	-0.114 	0.318 	
347.993 	-959.745 	-1488.113 	0.096 	-0.245 	-0.360 	
1790.877 	304.313 	-1004.172 	0.460 	0.076 	-0.254 	
591.289 	-383.181 	1287.983 	0.159 	-0.095 	0.319 	
-1089.450 	1410.540 	-315.437 	-0.258 	0.354 	-0.077 	
-678.283 	-663.603 	562.243 	-0.173 	-0.165 	0.147 	
-583.634 	-744.322 	267.571 	-0.142 	-0.185 	0.082 	
1588.883 	4.466 	699.768 	0.403 	0.012 	0.181 	
-1084.875 	106.693 	976.020 	-0.272 	0.027 	0.258 	
9.954 	635.925 	-1205.292 	-0.008 	0.160 	-0.308 	
-1167.809 	-1520.169 	-1494.258 	-0.283 	-0.378 	-0.383 	
831.515 	1307.522 	-598.328 	0.202 	0.322 	-0.147 	
-1597.408 	767.631 	962.343 	-0.404 	0.193 	0.234 	
-1662.325 	91.445 	642.094 	-0.425 	0.030 	0.160 	
528.589 	-1334.443 	-1373.592 	0.127 	-0.339 	-0.333 	
-2114.995 	102.452 	-1.348 	-0.594 	-0.015 	-0.005 	
-1524.692 	-612.409 	795.352 	-0.376 	-0.156 	0.206 	
926.964 	-353.906 	-1084.418 	0.228 	-0.090 	-0.282 	
449.757 	302.433 	182.440 	0.121 	0.077 	0.057 	
-43.657 	-579.551 	402.642 	-0.011 	-0.153 	0.088 	
-1622.176 	149.534 	-931.855 	-0.412 	0.032 	-0.241 	
1320.042 	-144.616 	1793.310 	0.337 	-0.032 	0.458 	
-321.924 	-547.017 	943.974 	-0.080 	-0.145 	0.224 	
615.097 	-957.339 	-380.862 	0.146 	-0.237 	-0.090 	
222.738 	-228.693 	270.707 	0.062 	-0.066 	0.060 	
-1436.931 	-1697.110 	-858.781 	-0.363 	-0.432 	-0.214 	
821.776 	-790.551 	-1405.005 	0.204 	-0.185 	-0.344 	
330.466 	425.239 	-359.414 	0.093 	0.147 	-0.088 	
-659.867 	-208.038 	531.058 	-0.160 	-0.041 	0.137 	
1813.143 	920.185 	-142.078 	0.468 	0.227 	-0.038 	
421.117 	-203.037 	-937.937 	0.100 	-0.049 	-0.237 	
-1335.895 	452.455 	-1660.613 	-0.331 	0.119 	-0.415 	
624.207 	519.657 	488.933 	0.164 	0.120 	0.130 	
1629.764 	124.889 	-1335.847 	0.399 	0.027 	-0.329 	
-660.410 	204.960 	-831.957 	-0.163 	0.059 	-0.214 	
-1615.035 	1476.547 	619.714 	-0.416 	0.371 	0.157 	
47.295 	-1290.190 	-1515.730 	0.020 	-0.321 	-0.389 	
1148.698 	1460.761 	-888.131 	0.290 	0.365 	-0.237 	
837.840 	-664.162 	157.216 	0.206 	-0.164 	0.051 	
856.479 	-1423.305 	-1132.808 	0.209 	-0.351 	-0.293 	
551.652 	-663.998 	937.126 	0.132 	-0.166 	0.233 	
715.942 	-720.675 	1137.683 	0.180 	-0.175 	0.285 	
1457.829 	1593.076 	-1400.730 	0.361 	0.403 	-0.362 	
1343.713 	-259.561 	970.339 	0.344 	-0.057 	0.252 	
579.396 	-399.421 	-332.200 	0.150 	-0.093 	-0.082 	
-655.149 	-626.338 	1220.330 	-0.173 	-0.153 	0.307 	
-772.417 	-337.285 	1340.621 	-0.192 	-0.095 	0.335 	
308.450 	-808.083 	-507.763 	0.080 	-0.199 	-0.131 	
-1089.946 	-166.544 	-24.761 	-0.272 	-0.046 	-0.010 	
-208.567 	1360.999 	-1686.870 	-0.040 	0.348 	-0.423 	
-1278.940 	-423.730 	866.357 	-0.329 	-0.106 	0.214 	
-56.814 	-1329.084 	1392.795 	-0.015 	-0.323 	0.357 	
-653.120 	486.685 	1321.615 	-0.153 	0.128 	0.328 	
-172.818 	-53.312 	930.913 	-0.049 	-0.016 	0.234 	
1167.559 	-884.299 	22.506 	0.298 	-0.227 	-0.004 	
-109.634 	-602.465 	377.817 	-0.010 	-0.146 	0.102 	
-359.900 	-592.145 	1325.001 	-0.075 	-0.146 	0.334 	
-1644.979 	-465.224 	446.233 	-0.422 	-0.117 	0.114 	
-422.988 	-1105.112 	-237.555 	-0.116 	-0.270 	-0.059 	
478.462 	-1593.355 	865.641 	0.114 	-0.410 	0.214 	
589.040 	-1207.703 	-332.557 	0.144 	-0.304 	-0.075 	
673.463 	-1480.493 	-189.447 	0.173 	-0.374 	-0.038 	
458.174 	77.571 	1347.895 	0.106 	0.012 	0.336 	
-1484.270 	728.680 	102.409 	-0.375 	0.181 	0.023 	
-365.605 	372.765 	696.999 	-0.079 	0.087 	0.169 	
-573.367 	-870.147 	1399.207 	-0.149 	-0.218 	0.360 	
-1226.094 	-1473.795 	1263.244 	-0.307 	-0.364 	0.328 	
886.519 	1006.823 	-1548.901 	0.218 	0.249 	-0.381 	
-533.191 	917.984 	-1489.113 	-0.124 	0.224 	-0.367 	
-124.635 	-1249.147 	-1004.622 	-0.017 	-0.312 	-0.254 	
-48.031 	-78.683 	232.152 	0.002 	-0.029 	0.055 	
1085.015 	-508.276 	295.434 	0.275 	-0.127 	0.066 	
844.600 	515.104 	-954.608 	0.226 	0.129 	-0.236 	
-1081.705 	-1434.591 	852.262 	-0.264 	-0.370 	0.207 	
1784.707 	-358.513 	-1630.158 	0.458 	-0.090 	-0.414 	
-287.476 	1158.076 	404.406 	-0.061 	0.293 	0.096 	
-937.820 	1317.819 	-1134.062 	-0.238 	0.330 	-0.287 	
-1295.315 	868.872 	-450.462 	-0.311 	0.216 	-0.113 	
-7.128 	458.765 	-161.705 	-0.009 	0.101 	-0.040 	
-1423.281 	544.400 	125.113 	-0.344 	0.147 	0.028 	
-66.259 	-1235.705 	-961.098 	-0.019 	-0.303 	-0.228 	
-1152.794 	-672.269 	83.613 	-0.291 	-0.164 	0.010 	
877.398 	710.912 	-922.351 	0.233 	0.179 	-0.226 	
-1120.813 	1608.287 	197.155 	-0.282 	0.397 	0.060 	
814.269 	-149.731 	-1191.661 	0.210 	-0.035 	-0.297 	
-169.617 	149.917 	-351.196 	-0.037 	0.025 	-0.078 	
-1555.677 	-793.371 	-1443.257 	-0.388 	-0.209 	-0.368 	
726.964 	-295.890 	225.785 	0.176 	-0.077 	0.062 	
-1277.796 	-319.950 	1407.755 	-0.321 	-0.077 	0.355 	
1262.480 	-126.631 	1191.758 	0.317 	-0.037 	0.289 	
470.295 	-117.173 	-1084.069 	0.110 	-0.038 	-0.270 	
1331.198 	527.364 	-92.323 	0.326 	0.135 	-0.030 	
588.571 	265.360 	965.831 	0.141 	0.071 	0.238 	
-102.922 	733.687 	-1228.699 	-0.032 	0.184 	-0.301 	
1624.228 	-1205.965 	-524.519 	0.420 	-0.300 	-0.125 	
-1474.420 	-1486.113 	1560.047 	-0.374 	-0.377 	0.391 	
-1296.809 	-903.405 	-34.553 	-0.320 	-0.223 	-0.009 	
1012.068 	234.894 	339.152 	0.239 	0.058 	0.085 	
1621.345 	-412.368 	445.292 	0.407 	-0.098 	0.104 	
-1354.566 	491.868 	714.958 	-0.335 	0.130 	0.191 	
70.099 	-95.622 	7.458 	0.007 	-0.022 	0.007 	
-475.002 	-951.745 	1298.409 	-0.107 	-0.233 	0.330 	
-186.014 	-786.370 	-640.013 	-0.040 	-0.201 	-0.151 	
1565.261 	-608.852 	-1071.941 	0.392 	-0.163 	-0.265 	
200.148 	-938.590 	-888.564 	0.038 	-0.231 	-0.217 	
1203.995 	-1311.709 	1636.791 	0.311 	-0.320 	0.408 	
-1515.058 	-625.094 	-806.104 	-0.374 	-0.147 	-0.194 	
-1355.525 	-364.355 	-522.143 	-0.348 	-0.099 	-0.127 	
192.369 	-343.787 	1257.607 	0.063 	-0.087 	0.311 	
926.831 	-927.493 	709.727 	0.247 	-0.232 	0.171 	
-848.559 	708.942 	732.365 	-0.223 	0.172 	0.187 	
-1490.661 	-845.112 	1239.946 	-0.370 	-0.199 	0.313 	
-1161.161 	-5.723 	383.123 	-0.293 	-0.004 	0.103 	
-952.864 	-1114.650 	182.158 	-0.230 	-0.273 	0.040 	
1471.104 	1423.676 	941.982 	0.374 	0.343 	0.233 	
1452.427 	804.605 	-277.535 	0.376 	0.207 	-0.072 	
-1409.601 	-1328.376 	341.893 	-0.352 	-0.329 	0.093 	
-1156.225 	366.102 	656.281 	-0.293 	0.083 	0.166 	
-961.839 	136.895 	787.960 	-0.228 	0.041 	0.202 	
-873.005 	-418.910 	-1660.144 	-0.220 	-0.111 	-0.426 	
-811.385 	-882.395 	-1283.662 	-0.206 	-0.227 	-0.328 	
1755.377 	1783.718 	-850.997 	0.446 	0.457 	-0.209 	
1684.047 	614.823 	-1341.739 	0.425 	0.148 	-0.346 	
-428.485 	-701.753 	-472.706 	-0.107 	-0.182 	-0.114 	
-455.851 	-666.240 	1106.623 	-0.112 	-0.179 	0.274 	
426.465 	-92.044 	191.801 	0.116 	-0.027 	0.041 	
535.545 	185.018 	365.709 	0.140 	0.037 	0.087 	
-959.509 	1026.753 	983.151 	-0.249 	0.257 	0.246 	
-1096.388 	1321.440 	-1511.321 	-0.276 	0.323 	-0.380 	
-447.110 	-1024.757 	-1660.761 	-0.108 	-0.247 	-0.421 	
1357.272 	-669.733 	-1044.143 	0.329 	-0.165 	-0.258 	
-22.094 	8.944 	-1032.741 	-0.004 	0.004 	-0.259 	
518.495 	1287.808 	538.451 	0.133 	0.329 	0.141 	
841.906 	-135.664 	-10.405 	0.222 	-0.032 	-0.004 	
679.713 	788.821 	923.818 	0.174 	0.192 	0.245 	
467.363 	-651.534 	-721.211 	0.126 	-0.160 	-0.172 	
1473.850 	-1206.270 	-1035.708 	0.385 	-0.304 	-0.260 	
475.232 	387.467 	-989.427 	0.122 	0.098 	-0.251 	
-1082.300 	-1141.436 	-32.106 	-0.265 	-0.294 	-0.006 	
915.857 	577.769 	730.705 	0.216 	0.140 	0.181 	
1247.096 	490.059 	173.278 	0.327 	0.112 	0.038 	
-124.392 	-1450.260 	1331.527 	-0.027 	-0.359 	0.345 	
98.398 	537.557 	1379.934 	0.038 	0.134 	0.335 	
1200.208 	-63.375 	1321.633 	0.313 	-0.014 	0.328 	
1408.600 	552.545 	-82.739 	0.349 	0.131 	-0.012 	
-940.109 	-1763.853 	1743.039 	-0.231 	-0.446 	0.446 	
-1799.597 	-1484.743 	1622.072 	-0.458 	-0.368 	0.410 	
1684.292 	1393.908 	5.702 	0.436 	0.342 	0.001 	
1729.835 	367.820 	1463.008 	0.436 	0.080 	0.373 	
667.446 	198.381 	1133.408 	0.161 	0.038 	0.269 	
-1125.928 	-186.643 	-1404.250 	-0.283 	-0.045 	-0.349 	
1206.755 	619.627 	-518.474 	0.317 	0.156 	-0.133 	
-404.716 	860.425 	-1465.529 	-0.105 	0.208 	-0.359 	
664.517 	700.214 	-213.527 	0.164 	0.174 	-0.056 	
998.355 	-630.898 	-881.835 	0.253 	-0.153 	-0.215 	
1339.560 	1246.526 	1556.864 	0.336 	0.322 	0.396 	
189.737 	1404.227 	-1016.043 	0.036 	0.347 	-0.251 	
-1447.941 	269.846 	594.781 	-0.355 	0.074 	0.152 	
416.642 	-1546.644 	1074.140 	0.114 	-0.386 	0.260 	
516.412 	-609.901 	-162.200 	0.124 	-0.159 	-0.040 	
1237.128 	74.275 	-118.969 	0.310 	0.028 	-0.035 	
-760.520 	698.649 	-1095.108 	-0.183 	0.180 	-0.279 	
792.880 	-1367.825 	780.295 	0.194 	-0.349 	0.198 	
1333.622 	1359.750 	57.904 	0.344 	0.340 	0.020 	
909.070 	-1489.176 	1354.858 	0.226 	-0.361 	0.338 	
1609.331 	-145.971 	337.062 	0.404 	-0.024 	0.091 	
1800.757 	1429.556 	944.789 	0.448 	0.359 	0.239 	
461.972 	-1189.991 	660.498 	0.128 	-0.300 	0.166 	
-918.502 	-1634.094 	1539.426 	-0.232 	-0.417 	0.386 	
681.631 	-351.716 	-352.733 	0.181 	-0.077 	-0.086 	
-111.279 	47.265 	271.650 	-0.034 	0.006 	0.062 	
-1425.201 	1793.048 	1473.298 	-0.367 	0.461 	0.368 	
60.019 	151.956 	1404.866 	0.029 	0.040 	0.344 	
-210.304 	1401.909 	1299.046 	-0.056 	0.359 	0.319 	
1178.161 	-1262.844 	1394.946 	0.306 	-0.325 	0.355 	
-1269.919 	-1364.052 	1371.033 	-0.321 	-0.330 	0.344 	
-1493.120 	-971.934 	1127.076 	-0.377 	-0.238 	0.284 	
-1128.604 	1031.333 	498.829 	-0.275 	0.265 	0.131 	
-277.515 	-1727.537 	331.766 	-0.056 	-0.433 	0.081 	
195.798 	-826.845 	1174.051 	0.055 	-0.204 	0.294 	
-47.389 	179.666 	176.945 	-0.014 	0.036 	0.052 	
-1335.993 	-1530.731 	-1266.641 	-0.344 	-0.385 	-0.308 	
-797.713 	-36.215 	866.568 	-0.193 	-0.016 	0.214 	
1243.859 	451.093 	193.145 	0.301 	0.116 	0.055 	
604.699 	-862.529 	1131.409 	0.157 	-0.223 	0.290 	
-1273.422 	-751.988 	-1084.436 	-0.314 	-0.181 	-0.267 	
73.743 	-706.855 	-327.944 	0.009 	-0.221 	-0.078 	
1682.597 	136.430 	22.258 	0.409 	0.031 	-0.002 	
-799.793 	-1137.129 	-1072.613 	-0.196 	-0.288 	-0.260 	
1320.103 	-828.560 	82.744 	0.340 	-0.202 	0.024 	
-442.858 	1148.599 	1000.958 	-0.098 	0.283 	0.247 	
274.107 	-414.593 	1433.947 	0.069 	-0.101 	0.351 	
1412.521 	-196.717 	773.290 	0.358 	-0.053 	0.187 	
-448.986 	59.840 	-1697.885 	-0.106 	0.020 	-0.429 	
-773.448 	-258.422 	-42.454 	-0.192 	-0.076 	-0.003 	
350.069 	1323.764 	685.987 	0.082 	0.329 	0.175 	
-1491.610 	397.920 	-271.456 	-0.380 	0.093 	-0.072 	
854.013 	-849.136 	455.817 	0.208 	-0.204 	0.107 	
-284.554 	313.248 	-348.472 	-0.083 	0.073 	-0.088 	
1241.983 	-1320.561 	262.027 	0.312 	-0.333 	0.072 	
170.539 	-313.261 	473.458 	0.031 	-0.073 	0.115 	
1630.322 	-1352.088 	549.894 	0.420 	-0.334 	0.137 	
-779.068 	157.381 	-108.254 	-0.183 	0.037 	-0.026 	
-1280.197 	150.260 	1395.150 	-0.324 	0.050 	0.346 	
1703.279 	677.940 	-187.383 	0.428 	0.160 	-0.034 	
-1036.566 	1279.981 	-798.979 	-0.252 	0.327 	-0.194 	
-1035.638 	1248.890 	-458.982 	-0.246 	0.312 	-0.116 	
1236.586 	-420.816 	-173.182 	0.303 	-0.091 	-0.040 	
-1341.044 	291.841 	1260.452 	-0.329 	0.077 	0.315 	
1380.142 	-828.028 	-1652.160 	0.360 	-0.200 	-0.414 	
-1172.636 	-1596.754 	-874.718 	-0.293 	-0.396 	-0.219 	
-358.658 	-180.979 	1247.267 	-0.079 	-0.046 	0.305 	
-94.478 	-828.004 	-100.758 	-0.027 	-0.205 	-0.038 	
-147.402 	-223.909 	610.817 	-0.024 	-0.057 	0.161 	
988.492 	436.895 	380.689 	0.257 	0.113 	0.102 	
612.744 	-1322.413 	-6.641 	0.163 	-0.320 	0.005 	
908.435 	-1473.028 	-1436.301 	0.217 	-0.370 	-0.361 	
-967.315 	1462.638 	-412.318 	-0.240 	0.359 	-0.107 	
-1232.853 	1352.897 	375.634 	-0.298 	0.346 	0.092 	
-4.935 	-128.334 	-443.772 	0.002 	-0.035 	-0.115 	
-119.785 	-1300.863 	973.527 	-0.015 	-0.322 	0.241 	
440.655 	-528.307 	1461.720 	0.108 	-0.125 	0.374 	
1437.990 	1148.869 	-1520.886 	0.370 	0.298 	-0.385 	
34.497 	-851.783 	-343.666 	0.006 	-0.213 	-0.074 	
1701.876 	1194.570 	-44.505 	0.441 	0.296 	-0.014 	
-663.187 	1000.963 	-1770.119 	-0.154 	0.245 	-0.443 	
-52.412 	138.239 	-318.278 	-0.015 	0.023 	-0.085 	
-1356.760 	-327.461 	570.929 	-0.326 	-0.085 	0.146 	
776.829 	-195.262 	9.809 	0.190 	-0.061 	0.000 	
-479.411 	-330.736 	1406.062 	-0.123 	-0.083 	0.337 	
-274.984 	75.284 	-1705.308 	-0.066 	0.026 	-0.427 	
1321.433 	538.136 	614.749 	0.318 	0.137 	0.149 	
-1397.173 	-877.297 	-1873.436 	-0.344 	-0.217 	-0.482 	
1556.673 	-332.006 	369.086 	0.385 	-0.075 	0.096 	
969.947 	-1568.691 	220.004 	0.242 	-0.396 	0.066 	
790.192 	1498.374 	-1004.879 	0.211 	0.368 	-0.248 	
1276.444 	383.256 	-1080.948 	0.314 	0.104 	-0.265 	
47.538 	-1745.630 	1516.498 	0.020 	-0.446 	0.376 	
580.936 	-535.802 	526.185 	0.161 	-0.133 	0.128 	
38.639 	1664.639 	758.390 	0.024 	0.417 	0.192 	
1342.091 	-871.744 	-1039.731 	0.350 	-0.222 	-0.260 	
667.771 	1547.486 	-92.750 	0.174 	0.389 	-0.012 	
829.338 	451.516 	-501.363 	0.196 	0.114 	-0.123 	
1377.842 	1551.310 	-382.472 	0.338 	0.378 	-0.095 	
731.779 	823.195 	-515.505 	0.199 	0.205 	-0.127 	
542.385 	-426.969 	-219.230 	0.149 	-0.115 	-0.056 	
488.087 	-357.780 	575.398 	0.124 	-0.090 	0.128 	
-438.888 	-1129.826 	-721.447 	-0.117 	-0.283 	-0.171 	
-1648.366 	-555.487 	1221.001 	-0.404 	-0.133 	0.304 	
-1405.585 	-1198.983 	-139.203 	-0.346 	-0.306 	-0.044 	
394.764 	1416.873 	769.720 	0.095 	0.362 	0.191 	
-330.981 	-483.690 	658.542 	-0.093 	-0.119 	0.164 	
920.857 	-1574.858 	204.864 	0.239 	-0.395 	0.055 	
-1554.401 	-661.757 	1019.248 	-0.423 	-0.164 	0.251 	
1235.413 	-1446.151 	-1545.335 	0.271 	-0.372 	-0.381 	
-1442.869 	-638.759 	-1305.148 	-0.405 	-0.151 	-0.328 	
-459.873 	-1450.980 	687.470 	-0.148 	-0.356 	0.183 	
1134.332 	827.728 	-209.129 	0.233 	0.199 	-0.056 	
-929.656 	-1379.475 	826.615 	-0.284 	-0.348 	0.212 	
1862.846 	-1410.147 	-1454.332 	0.430 	-0.361 	-0.371 	
1327.848 	-975.236 	851.880 	0.290 	-0.245 	0.224 	
-480.200 	-870.803 	-1448.609 	-0.174 	-0.211 	-0.361 	
770.117 	838.748 	-1136.127 	0.146 	0.209 	-0.291 	
1322.244 	509.180 	183.314 	0.294 	0.134 	0.037 	
335.826 	67.528 	387.316 	0.025 	0.008 	0.095 	
-1538.044 	1466.601 	1584.479 	-0.436 	0.366 	0.392 	
685.854 	-1186.123 	613.530 	0.114 	-0.298 	0.154 	
655.019 	1772.067 	1604.817 	0.124 	0.448 	0.393 	
-43.401 	1364.788 	1014.192 	-0.045 	0.343 	0.245 	
1177.853 	-497.880 	647.549 	0.261 	-0.119 	0.168 	
457.518 	-1662.196 	1566.461 	0.060 	-0.416 	0.393 	
-151.113 	1562.630 	541.564 	-0.077 	0.390 	0.146 	
935.801 	-1562.224 	1425.541 	0.195 	-0.397 	0.353 	
347.391 	432.731 	787.014 	0.039 	0.107 	0.198 	
-623.195 	1602.455 	-1621.603 	-0.188 	0.398 	-0.404 	
482.619 	539.906 	31.662 	0.092 	0.138 	0.010 	
1273.087 	86.299 	-188.941 	0.266 	0.029 	-0.055 	
-1731.900 	624.139 	-919.255 	-0.489 	0.157 	-0.229 	
236.895 	1218.032 	738.403 	0.009 	0.310 	0.193 	
220.452 	-551.049 	1.300 	0.015 	-0.145 	0.005 	
-101.082 	-1226.259 	-229.145 	-0.073 	-0.312 	-0.050 	
-1077.716 	-298.372 	-360.499 	-0.324 	-0.073 	-0.092 	
-454.893 	770.100 	-1614.609 	-0.147 	0.189 	-0.402 	
355.468 	592.826 	-289.470 	0.058 	0.145 	-0.064 	
-586.091 	1573.249 	479.910 	-0.180 	0.401 	0.127 	
-1031.386 	1138.285 	-1450.045 	-0.312 	0.283 	-0.370 	
110.347 	1463.514 	1212.898 	-0.019 	0.369 	0.295 	
546.656 	-1630.198 	1404.383 	0.092 	-0.402 	0.353 	
503.177 	-1356.236 	172.689 	0.089 	-0.332 	0.050 	
305.644 	-274.584 	-1275.277 	0.026 	-0.064 	-0.318 	
-1234.301 	467.220 	1472.811 	-0.359 	0.108 	0.376 	
-1671.567 	1032.465 	5.517 	-0.467 	0.245 	0.005 	
1473.178 	51.792 	-1022.840 	0.330 	0.013 	-0.246 	
-721.026 	-657.396 	-923.518 	-0.220 	-0.155 	-0.237 	
-1148.285 	-868.987 	-509.933 	-0.319 	-0.206 	-0.128 	
971.393 	-1514.379 	-936.374 	0.190 	-0.376 	-0.236 	
-1143.386 	476.648 	-1042.018 	-0.326 	0.123 	-0.248 	
-612.379 	-285.104 	-425.850 	-0.206 	-0.062 	-0.112 	
1488.385 	1691.847 	-904.783 	0.334 	0.435 	-0.219 	
720.959 	-1093.995 	-938.351 	0.138 	-0.267 	-0.243 	
-1075.338 	1362.041 	-1467.869 	-0.313 	0.330 	-0.373 	
-422.325 	-808.558 	-663.436 	-0.132 	-0.203 	-0.165 	
81.724 	-252.209 	478.725 	-0.035 	-0.067 	0.119 	
65.941 	21.761 	71.817 	-0.029 	0.010 	0.015 	
669.353 	1766.320 	-141.728 	0.139 	0.445 	-0.035 	
692.670 	-1031.385 	-505.039 	0.144 	-0.257 	-0.123 	
1110.754 	713.600 	579.567 	0.232 	0.180 	0.144 	
-1304.985 	-226.105 	942.726 	-0.370 	-0.044 	0.228 	
-389.507 	1102.145 	993.593 	-0.137 	0.284 	0.257 	
-1082.995 	713.789 	1247.284 	-0.328 	0.179 	0.309 	
-473.603 	-340.904 	-694.112 	-0.154 	-0.076 	-0.166 	
-1045.542 	-759.891 	-602.923 	-0.293 	-0.200 	-0.151 	
-1059.604 	-1.069 	165.693 	-0.305 	0.009 	0.035 	
-355.633 	-1428.175 	465.494 	-0.121 	-0.348 	0.122 	
503.476 	-199.628 	-45.591 	0.085 	-0.049 	-0.015 	
936.505 	506.686 	852.542 	0.204 	0.127 	0.203 	
52.917 	-181.944 	-1485.603 	-0.040 	-0.040 	-0.367 	
4.177 	-797.554 	-692.010 	-0.036 	-0.190 	-0.175 	
813.054 	-111.295 	1444.758 	0.164 	-0.030 	0.360 	
258.557 	-445.012 	272.191 	0.012 	-0.113 	0.079 	
241.292 	-1413.869 	1531.620 	0.023 	-0.346 	0.388 	
581.171 	298.758 	719.532 	0.104 	0.078 	0.179 	
186.173 	-1312.565 	-157.586 	-0.008 	-0.328 	-0.040 	
135.431 	-1308.539 	-688.527 	-0.019 	-0.322 	-0.175 	
-1370.140 	-1288.085 	-108.458 	-0.387 	-0.313 	-0.024 	
-1376.485 	-1012.762 	-455.663 	-0.400 	-0.254 	-0.113 	
1476.585 	-1413.722 	-367.047 	0.338 	-0.358 	-0.101 	
-277.646 	-647.874 	-785.157 	-0.117 	-0.172 	-0.200 	
-305.886 	-238.869 	110.068 	-0.130 	-0.063 	0.029 	
-518.579 	1231.011 	-864.040 	-0.167 	0.314 	-0.221 	
-652.514 	575.279 	527.630 	-0.211 	0.152 	0.125 	
-255.235 	462.237 	-831.271 	-0.117 	0.122 	-0.207 	
-1279.658 	-1026.693 	683.788 	-0.354 	-0.251 	0.169 	
811.498 	-1140.263 	-284.001 	0.170 	-0.282 	-0.064 	
1244.030 	315.601 	1215.550 	0.259 	0.084 	0.303 	
-1337.162 	880.790 	1144.215 	-0.369 	0.220 	0.280 	
-629.262 	407.429 	480.853 	-0.213 	0.101 	0.118 	
-820.889 	-1248.335 	1750.626 	-0.243 	-0.300 	0.441 	
-887.387 	-912.891 	114.103 	-0.265 	-0.233 	0.039 	
-985.579 	163.171 	-1216.016 	-0.285 	0.039 	-0.307 	
1397.480 	19.111 	-1294.335 	0.320 	0.001 	-0.321 	
305.378 	569.100 	1450.186 	0.041 	0.149 	0.358 	
-913.050 	835.432 	752.817 	-0.264 	0.204 	0.181 	
-497.191 	850.340 	1123.641 	-0.153 	0.210 	0.281 	
-1422.503 	1258.026 	242.935 	-0.401 	0.328 	0.063 	
-383.235 	-553.992 	-699.096 	-0.132 	-0.149 	-0.164 	
-510.137 	-1278.273 	317.782 	-0.171 	-0.317 	0.091 	
1692.271 	1437.781 	-1078.497 	0.396 	0.364 	-0.271 	
142.820 	-1099.110 	-1051.139 	0.005 	-0.274 	-0.272 	
-848.079 	-1453.478 	-1269.634 	-0.255 	-0.376 	-0.313 	
599.068 	1828.662 	-720.006 	0.102 	0.464 	-0.188 	
487.778 	-939.622 	1315.374 	0.072 	-0.239 	0.330 	
1787.128 	-142.582 	-1072.195 	0.416 	-0.040 	-0.271 	
567.605 	-234.003 	278.169 	0.091 	-0.059 	0.068 	
433.920 	1610.083 	-862.871 	0.059 	0.405 	-0.218 	
-1058.879 	-662.919 	-645.082 	-0.304 	-0.153 	-0.159 	
-587.855 	1486.035 	-377.216 	-0.191 	0.357 	-0.089 	
-547.621 	-312.662 	-1349.934 	-0.173 	-0.077 	-0.336 	
775.508 	-1553.614 	-720.674 	0.159 	-0.396 	-0.173 	
1117.738 	-428.166 	-31.447 	0.232 	-0.098 	0.001 	
1628.332 	20.807 	971.079 	0.376 	0.006 	0.244 	
887.387 	1211.680 	-1645.970 	0.193 	0.302 	-0.416 	
-1268.957 	485.268 	1069.504 	-0.347 	0.123 	0.264 	
-148.582 	-1.654 	447.786 	-0.070 	0.002 	0.116 	
-474.715 	1283.472 	1111.016 	-0.167 	0.325 	0.280 	
1781.119 	1411.741 	-311.891 	0.408 	0.355 	-0.081 	
-1409.559 	197.057 	1094.394 	-0.398 	0.038 	0.270 	
-1652.416 	421.005 	-1214.761 	-0.448 	0.109 	-0.305 	
-1058.407 	-594.960 	-263.895 	-0.308 	-0.153 	-0.070 	
564.210 	513.546 	-713.782 	0.088 	0.128 	-0.186 	
1274.660 	1622.081 	-1051.779 	0.281 	0.416 	-0.271 	
-1084.803 	668.225 	-44.341 	-0.315 	0.157 	-0.016 	
310.803 	129.888 	327.911 	0.025 	0.027 	0.081 	
330.482 	-1291.313 	-658.057 	0.027 	-0.323 	-0.167 	
-1247.624 	-197.015 	-827.867 	-0.364 	-0.049 	-0.200 	
1794.302 	1099.337 	-1041.229 	0.420 	0.281 	-0.264 	
1203.763 	254.497 	909.755 	0.263 	0.071 	0.217 	
476.951 	1461.435 	306.455 	0.073 	0.356 	0.074 	
574.013 	-394.300 	-607.461 	0.093 	-0.104 	-0.143 	
1380.953 	1271.979 	-1114.884 	0.295 	0.322 	-0.280 	
1661.821 	389.930 	-485.641 	0.385 	0.099 	-0.121 	
-953.340 	444.873 	-317.322 	-0.291 	0.100 	-0.073 	
-658.867 	-1424.378 	-411.738 	-0.204 	-0.344 	-0.106 	
886.937 	1719.664 	-1625.595 	0.177 	0.437 	-0.407 	
1555.335 	605.611 	-416.598 	0.348 	0.159 	-0.104 	
-1110.351 	-1004.359 	-992.736 	-0.326 	-0.253 	-0.239 	
-1493.965 	96.012 	859.960 	-0.428 	0.027 	0.221 	
1703.313 	-909.361 	1367.042 	0.396 	-0.226 	0.334 	
1333.519 	100.844 	704.781 	0.279 	0.027 	0.178 	
435.827 	1246.611 	991.506 	0.072 	0.320 	0.250 	
-1486.074 	1390.240 	-1096.298 	-0.424 	0.346 	-0.284 	
-1447.627 	135.734 	1571.538 	-0.391 	0.034 	0.395 	
1595.836 	-1119.502 	-724.464 	0.359 	-0.291 	-0.184 	
-661.583 	665.847 	682.102 	-0.222 	0.165 	0.175 	
902.096 	1079.303 	426.939 	0.182 	0.268 	0.112 	
1284.887 	-208.470 	612.532 	0.287 	-0.056 	0.155 	
1184.198 	540.498 	588.112 	0.246 	0.125 	0.138 	
-1167.563 	-339.540 	1461.879 	-0.327 	-0.086 	0.374 	
1683.694 	-1280.726 	778.510 	0.385 	-0.318 	0.198 	
-317.576 	1126.064 	-1522.125 	-0.132 	0.281 	-0.382 	
-1225.791 	-1291.475 	2088.748 	-0.415 	-0.367 	0.616 	
331.660 	894.795 	42.764 	0.048 	0.222 	0.008 	
459.856 	9.073 	212.337 	0.079 	0.007 	0.061 	
683.452 	1256.829 	1559.750 	0.139 	0.325 	0.390 	
-1172.181 	183.994 	-119.165 	-0.341 	0.057 	-0.027 	
-1549.653 	483.758 	-1484.026 	-0.429 	0.124 	-0.366 	
672.751 	810.334 	245.212 	0.136 	0.203 	0.061 	
-395.172 	-1141.646 	421.351 	-0.147 	-0.291 	0.102 	
921.292 	-298.813 	-652.002 	0.200 	-0.078 	-0.161 	
-333.119 	-207.365 	1145.350 	-0.126 	-0.059 	0.278 	
-1285.666 	1191.347 	1587.861 	-0.359 	0.305 	0.407 	
1080.875 	-828.576 	109.880 	0.232 	-0.205 	0.040 	
-1130.193 	-764.470 	-412.010 	-0.335 	-0.188 	-0.103 	
200.975 	1263.010 	695.329 	0.002 	0.314 	0.173 	
-515.325 	-418.127 	-1521.534 	-0.157 	-0.105 	-0.377 	
-1008.200 	68.543 	-1277.853 	-0.307 	0.024 	-0.318 	
144.947 	878.481 	106.855 	0.001 	0.225 	0.025 	
-866.111 	-812.214 	45.470 	-0.265 	-0.194 	0.022 	
-1329.705 	-1514.888 	1624.073 	-0.380 	-0.379 	0.418 	
446.034 	-6.193 	544.620 	0.074 	-0.004 	0.138 	
1693.153 	700.849 	-602.826 	0.377 	0.172 	-0.148 	
1722.384 	-1130.023 	1164.161 	0.396 	-0.287 	0.293 	
-1623.340 	-857.495 	-11.079 	-0.447 	-0.205 	-0.006 	
-573.524 	255.504 	-1240.828 	-0.196 	0.065 	-0.301 	
138.184 	-124.546 	762.700 	-0.017 	-0.025 	0.196 	
1316.449 	-524.649 	-282.300 	0.273 	-0.136 	-0.071 	
271.281 	-28.552 	-1032.991 	0.032 	-0.006 	-0.260 	
1821.712 	-1442.232 	-1839.024 	0.418 	-0.358 	-0.472 	
-80.996 	-967.071 	-342.457 	-0.058 	-0.230 	-0.095 	
-755.776 	1325.752 	1433.843 	-0.225 	0.331 	0.356 	
1211.937 	193.583 	-1259.745 	0.251 	0.048 	-0.317 	
-458.209 	1301.779 	762.149 	-0.166 	0.326 	0.185 	
-1085.062 	-393.431 	-648.476 	-0.321 	-0.094 	-0.172 	
152.646 	49.788 	395.462 	-0.012 	0.008 	0.087 	
-506.603 	-730.465 	933.411 	-0.176 	-0.178 	0.233 	
-44.427 	946.288 	336.901 	-0.053 	0.224 	0.089 	
452.992 	-249.196 	-999.804 	0.059 	-0.069 	-0.245 	
-559.137 	-553.791 	1275.424 	-0.180 	-0.125 	0.320 	
1663.208 	-528.238 	-1659.520 	0.378 	-0.141 	-0.413 	
1634.884 	-52.784 	-1384.598 	0.376 	-0.015 	-0.357 	
851.386 	39.852 	1543.848 	0.158 	0.014 	0.385 	
-293.414 	-902.107 	-725.571 	-0.113 	-0.223 	-0.167 	
648.294 	-1692.874 	1479.916 	0.122 	-0.410 	0.369 	
-1206.431 	-650.905 	1470.200 	-0.334 	-0.164 	0.364 	
-677.524 	-185.711 	-1355.358 	-0.213 	-0.041 	-0.334 	
-36.703 	1357.308 	91.837 	-0.061 	0.344 	0.031 	
684.893 	675.645 	-1407.291 	0.130 	0.164 	-0.350 	
991.364 	1014.476 	-1351.498 	0.212 	0.262 	-0.340 	
-1615.521 	223.039 	963.477 	-0.443 	0.058 	0.241 	
-983.033 	-220.457 	1254.765 	-0.289 	-0.070 	0.311 	
46.522 	1024.978 	775.453 	-0.042 	0.256 	0.202 	
-140.298 	1587.961 	1445.764 	-0.065 	0.396 	0.362 	
-974.819 	-511.766 	1530.069 	-0.295 	-0.130 	0.379 	
1011.985 	905.213 	-470.327 	0.203 	0.225 	-0.112 	
14.116 	-415.525 	476.371 	-0.051 	-0.095 	0.118 	
-1003.502 	1460.643 	-1359.596 	-0.295 	0.375 	-0.335 	
1468.327 	1194.942 	167.896 	0.339 	0.301 	0.043 	
1253.489 	1441.887 	515.445 	0.285 	0.360 	0.132 	
-1391.331 	-1476.681 	-771.279 	-0.400 	-0.376 	-0.194 	
1614.942 	-942.680 	959.443 	0.352 	-0.245 	0.241 	
-457.584 	-253.973 	240.778 	-0.142 	-0.064 	0.057 	
-1202.024 	359.689 	670.101 	-0.356 	0.091 	0.163 	
-1377.095 	-542.760 	145.513 	-0.400 	-0.136 	0.037 	
1675.821 	890.423 	1377.841 	0.383 	0.219 	0.337 	
1750.327 	-553.054 	-107.402 	0.396 	-0.138 	-0.033 	
446.963 	-1364.034 	-467.132 	0.084 	-0.339 	-0.117 	
-840.895 	724.797 	-477.804 	-0.241 	0.177 	-0.124 	
-124.941 	-1283.005 	-1436.347 	-0.088 	-0.321 	-0.361 	
-1718.507 	-593.178 	1396.869 	-0.479 	-0.156 	0.340 	
-1164.489 	299.245 	894.406 	-0.346 	0.075 	0.219 	
448.058 	-1236.954 	733.326 	0.059 	-0.313 	0.190 	
-25.441 	-890.193 	137.752 	-0.047 	-0.212 	0.040 	
-136.022 	-172.373 	-535.723 	-0.063 	-0.041 	-0.131 	
285.773 	-685.714 	401.711 	0.017 	-0.162 	0.100 	
-1073.460 	-791.958 	43.475 	-0.306 	-0.201 	0.022 	
-1477.659 	690.994 	-259.480 	-0.427 	0.174 	-0.059 	
-1153.683 	-1170.143 	-1006.336 	-0.330 	-0.299 	-0.250 	
1705.972 	-1512.181 	423.052 	0.395 	-0.385 	0.107 	
-573.748 	1479.835 	480.165 	-0.190 	0.363 	0.130 	
-1141.118 	-464.083 	-68.421 	-0.317 	-0.128 	-0.014 	
1683.333 	-520.997 	1538.686 	0.381 	-0.135 	0.392 	
363.466 	198.794 	1129.452 	0.056 	0.043 	0.288 	
581.531 	-308.872 	-1130.606 	0.097 	-0.084 	-0.274 	
-293.432 	787.076 	43.835 	-0.121 	0.199 	0.007 	
1867.363 	1563.859 	943.413 	0.421 	0.397 	0.230 	
-1080.775 	-619.897 	2080.448 	-0.324 	-0.162 	0.540 	
-1248.686 	347.695 	-1055.025 	-0.345 	0.084 	-0.264 	
-646.783 	-193.303 	555.376 	-0.214 	-0.038 	0.140 	
1728.355 	-756.690 	-1321.834 	0.383 	-0.188 	-0.329 	
-865.700 	650.493 	174.020 	-0.257 	0.160 	0.040 	
-371.387 	1011.864 	87.986 	-0.139 	0.241 	0.022 	
456.682 	216.352 	1439.427 	0.078 	0.066 	0.356 	
-408.529 	-787.143 	514.907 	-0.137 	-0.201 	0.131 	
-831.137 	933.015 	703.069 	-0.241 	0.226 	0.182 	
778.573 	591.006 	420.942 	0.152 	0.143 	0.120 	
-110.271 	-98.903 	577.741 	-0.079 	-0.020 	0.149 	
1535.087 	-1029.247 	1165.017 	0.335 	-0.254 	0.299 	
498.043 	1393.207 	-70.346 	0.091 	0.351 	-0.012 	
-821.809 	674.509 	901.303 	-0.243 	0.177 	0.221 	
-1490.662 	-471.088 	-1340.848 	-0.411 	-0.110 	-0.337 	
1610.646 	744.026 	1025.116 	0.357 	0.199 	0.253 	
995.040 	-1091.123 	-555.706 	0.219 	-0.270 	-0.140 	
-629.699 	-136.407 	1011.062 	-0.202 	-0.029 	0.239 	
-9.427 	-695.876 	1601.114 	-0.051 	-0.182 	0.389 	
-148.864 	-1290.615 	1429.767 	-0.079 	-0.333 	0.343 	
-1488.490 	1076.844 	-1114.212 	-0.409 	0.263 	-0.285 	
1249.735 	-311.642 	-226.619 	0.282 	-0.080 	-0.052 	
613.202 	726.175 	796.217 	0.113 	0.193 	0.206 	
-327.899 	-579.058 	-880.093 	-0.124 	-0.155 	-0.212 	
-534.368 	-330.342 	456.248 	-0.187 	-0.081 	0.115 	
-1169.013 	169.714 	238.455 	-0.319 	0.041 	0.062 	
1128.751 	-183.768 	-167.862 	0.236 	-0.051 	-0.040 	
899.010 	-722.184 	930.573 	0.195 	-0.177 	0.237 	
-303.884 	-702.214 	1076.660 	-0.131 	-0.182 	0.266 	
-1583.628 	5.635 	1182.592 	-0.441 	0.002 	0.294 	
-826.726 	259.688 	371.527 	-0.261 	0.068 	0.093 	
1580.788 	-1085.273 	-34.829 	0.346 	-0.282 	-0.012 	
-205.338 	357.050 	-871.450 	-0.097 	0.079 	-0.209 	
-432.367 	605.450 	1498.657 	-0.140 	0.145 	0.376 	
1275.467 	-1033.612 	-345.881 	0.280 	-0.257 	-0.082 	
1703.361 	-192.749 	-781.401 	0.393 	-0.052 	-0.188 	
1496.147 	1380.418 	1776.678 	0.329 	0.344 	0.447 	
1326.501 	-1666.816 	-876.052 	0.290 	-0.414 	-0.210 	
1451.584 	486.223 	516.754 	0.331 	0.119 	0.124 	
1789.144 	-943.152 	538.696 	0.419 	-0.235 	0.136 	
280.712 	-1272.823 	958.978 	0.032 	-0.307 	0.242 	
540.175 	157.034 	-1204.511 	0.105 	0.040 	-0.302 	
1591.522 	1076.997 	774.154 	0.347 	0.273 	0.202 	
-388.510 	-314.497 	7.764 	-0.151 	-0.081 	0.006 	
-1042.953 	93.200 	-1143.191 	-0.307 	0.015 	-0.295 	
305.529 	775.756 	544.386 	0.026 	0.198 	0.147 	
-1024.130 	53.686 	1143.020 	-0.299 	0.027 	0.285 	
-510.289 	-540.644 	1482.555 	-0.175 	-0.150 	0.365 	
-1523.586 	789.811 	439.380 	-0.432 	0.203 	0.112 	
-1585.907 	795.428 	1346.228 	-0.428 	0.197 	0.341 	
-468.241 	-238.986 	1186.909 	-0.162 	-0.052 	0.289 	
1725.513 	-1121.458 	-1318.092 	0.383 	-0.280 	-0.341 	
290.945 	-1623.799 	1640.209 	0.019 	-0.410 	0.410 	
-778.859 	862.277 	308.379 	-0.231 	0.216 	0.075 	
-1444.792 	592.317 	1226.896 	-0.392 	0.146 	0.311 	
-1117.046 	-18.447 	963.896 	-0.307 	-0.001 	0.240 	
161.622 	768.046 	986.410 	-0.014 	0.184 	0.248 	
412.116 	-496.237 	-170.337 	0.071 	-0.123 	-0.041 	
455.825 	241.014 	240.342 	0.066 	0.047 	0.059 	
-441.389 	-1201.294 	575.553 	-0.142 	-0.309 	0.140 	
545.143 	-309.281 	525.377 	0.096 	-0.078 	0.122 	
1184.148 	438.437 	910.150 	0.264 	0.113 	0.218 	
767.826 	170.797 	-942.297 	0.143 	0.044 	-0.236 	
412.467 	85.195 	-494.592 	0.059 	0.026 	-0.126 	
-1636.505 	-1221.076 	1664.714 	-0.460 	-0.308 	0.425 	
-991.409 	1515.802 	966.070 	-0.294 	0.375 	0.250 	
-540.631 	-1426.138 	1187.922 	-0.173 	-0.352 	0.295 	
-222.789 	-329.688 	1129.682 	-0.099 	-0.094 	0.272 	
-366.926 	-290.328 	-374.351 	-0.147 	-0.076 	-0.099 	
1874.982 	588.269 	1640.538 	0.436 	0.151 	0.410 	
-344.494 	-1453.392 	-1436.908 	-0.116 	-0.363 	-0.362 	
787.670 	1680.653 	-217.213 	0.156 	0.429 	-0.061 	
549.265 	1730.181 	-1626.711 	0.105 	0.437 	-0.402 	
-171.371 	1131.521 	643.828 	-0.082 	0.287 	0.163 	
-541.508 	1062.109 	-144.557 	-0.179 	0.263 	-0.047 	
297.494 	669.963 	-1827.472 	0.033 	0.163 	-0.469 	
-615.000 	203.376 	-484.845 	-0.187 	0.055 	-0.117 	
55.093 	132.507 	-1042.199 	-0.021 	0.033 	-0.268 	
1318.954 	1000.835 	-473.051 	0.301 	0.249 	-0.119 	
-1472.450 	1041.345 	-1035.936 	-0.415 	0.265 	-0.270 	
1581.657 	1511.857 	938.617 	0.370 	0.378 	0.237 	
-1051.642 	1039.448 	1071.834 	-0.312 	0.257 	0.279 	
630.252 	571.528 	1190.718 	0.105 	0.134 	0.298 	
-1680.748 	1046.916 	-928.812 	-0.471 	0.268 	-0.237 	
-894.907 	1499.374 	-547.219 	-0.259 	0.373 	-0.129 	
-936.942 	679.846 	490.642 	-0.266 	0.165 	0.132 	
-77.400 	-555.591 	835.299 	-0.069 	-0.128 	0.194 	
68.616 	-678.210 	-1427.955 	-0.025 	-0.156 	-0.356 	
-1528.863 	-478.805 	-797.585 	-0.414 	-0.121 	-0.207 	
1156.401 	172.190 	-255.289 	0.252 	0.047 	-0.050 	
1287.105 	-11.478 	-183.333 	0.276 	-0.010 	-0.033 	
-599.078 	-299.280 	1432.670 	-0.199 	-0.079 	0.353 	
1503.629 	-994.785 	-933.883 	0.339 	-0.241 	-0.241 	
633.139 	-198.538 	802.079 	0.110 	-0.045 	0.200 	
1784.147 	-1539.274 	-918.685 	0.415 	-0.379 	-0.238 	
601.293 	-1131.528 	174.739 	0.110 	-0.281 	0.035 	
-360.394 	-1439.849 	85.313 	-0.136 	-0.362 	0.021 	
524.589 	1405.629 	-198.869 	0.098 	0.339 	-0.049 	
1035.037 	-294.382 	-318.113 	0.213 	-0.062 	-0.075 	
-562.291 	-214.228 	62.764 	-0.177 	-0.062 	0.021 	
-131.332 	1046.325 	-263.602 	-0.087 	0.266 	-0.065 	
1008.013 	-1238.828 	-1596.169 	0.221 	-0.316 	-0.409 	
-1271.489 	1162.602 	396.739 	-0.367 	0.290 	0.113 	
-212.186 	-738.106 	1100.228 	-0.103 	-0.178 	0.263 	
804.828 	918.353 	-45.501 	0.146 	0.231 	-0.015 	
1184.145 	1458.940 	-1316.056 	0.252 	0.372 	-0.326 	
-1378.595 	273.244 	18.561 	-0.390 	0.057 	0.011 	
1173.005 	864.361 	245.310 	0.250 	0.209 	0.070 	
-1637.405 	1618.513 	1647.241 	-0.460 	0.399 	0.418 	
328.697 	276.873 	627.113 	0.048 	0.068 	0.148 	
985.553 	-409.935 	-177.363 	0.198 	-0.109 	-0.038 	
1515.613 	864.156 	1287.926 	0.328 	0.218 	0.321 	
-151.836 	-200.773 	-207.543 	-0.089 	-0.057 	-0.040 	
1531.031 	-1246.388 	-1239.832 	0.353 	-0.310 	-0.311 	
1266.249 	-44.111 	-620.720 	0.276 	-0.009 	-0.158 	
-1366.722 	-1415.134 	-234.028 	-0.386 	-0.354 	-0.046 	
-1203.701 	1449.879 	1504.506 	-0.348 	0.375 	0.370 	
1038.944 	-1751.727 	1111.856 	0.217 	-0.453 	0.277 	
1139.540 	-1111.490 	-196.943 	0.241 	-0.276 	-0.039 	
1772.452 	-1521.191 	1506.283 	0.415 	-0.381 	0.375 	
-629.727 	-297.229 	-640.161 	-0.198 	-0.070 	-0.156 	
1904.949 	1491.620 	974.189 	0.450 	0.379 	0.238 	
962.230 	751.168 	-696.181 	0.186 	0.187 	-0.178 	
85.823 	1289.470 	-482.184 	-0.016 	0.329 	-0.116 	
-1696.714 	333.827 	-660.363 	-0.477 	0.083 	-0.158 	
-1922.739 	1478.929 	2453.618 	-0.522 	0.378 	0.617 	
658.708 	-319.048 	1335.597 	0.136 	-0.078 	0.330 	
-752.310 	-357.745 	-472.194 	-0.243 	-0.086 	-0.114 	
-1550.242 	630.904 	1297.450 	-0.419 	0.160 	0.323 	
-686.766 	793.508 	-880.694 	-0.212 	0.199 	-0.233 	
17.811 	203.755 	-294.004 	-0.026 	0.045 	-0.075 	
-1401.558 	-232.224 	-767.267 	-0.401 	-0.054 	-0.192 	
114.224 	-456.552 	-251.049 	-0.015 	-0.122 	-0.066 	
1785.692 	-197.019 	-102.034 	0.408 	-0.049 	-0.036 	
-253.905 	446.381 	275.435 	-0.115 	0.108 	0.082 	
798.902 	-1265.041 	-146.233 	0.145 	-0.314 	-0.042 	
1190.753 	-1481.499 	-671.651 	0.261 	-0.367 	-0.178 	
-836.994 	-986.666 	665.271 	-0.242 	-0.249 	0.164 	
-262.836 	1009.382 	1288.886 	-0.109 	0.245 	0.319 	
943.280 	1623.995 	1097.169 	0.194 	0.419 	0.274 	
-1717.542 	827.892 	-187.126 	-0.474 	0.218 	-0.052 	
-93.609 	51.256 	-1149.151 	-0.069 	0.005 	-0.283 	
-736.364 	582.440 	-1531.989 	-0.222 	0.136 	-0.377 	
-1392.154 	-443.517 	216.058 	-0.398 	-0.119 	0.054 	
801.166 	593.568 	602.632 	0.160 	0.152 	0.140 	
438.685 	-331.191 	-1267.185 	0.058 	-0.088 	-0.314 	
366.779 	1203.976 	611.463 	0.054 	0.296 	0.150 	
121.457 	446.777 	871.081 	-0.016 	0.120 	0.213 	
-638.107 	-1058.855 	1096.225 	-0.201 	-0.261 	0.279 	
72.053 	-199.209 	-577.909 	-0.030 	-0.051 	-0.138 	
-349.234 	1591.230 	969.572 	-0.139 	0.388 	0.249 	
-836.863 	376.052 	-128.316 	-0.245 	0.087 	-0.021 	
-1379.396 	-888.962 	146.508 	-0.401 	-0.219 	0.036 	
1195.363 	-622.022 	-1697.646 	0.264 	-0.155 	-0.430 	
-1326.867 	1873.494 	-829.906 	-0.381 	0.482 	-0.204 	
-613.979 	742.708 	-1560.648 	-0.184 	0.189 	-0.391 	
1249.877 	-757.786 	-268.195 	0.268 	-0.180 	-0.062 	
242.039 	320.700 	-283.434 	0.013 	0.087 	-0.071 	
-381.050 	1370.912 	-665.317 	-0.144 	0.343 	-0.165 	
-302.221 	179.590 	1121.967 	-0.123 	0.052 	0.273 	
-1157.079 	-1228.992 	1484.712 	-0.344 	-0.302 	0.372 	
845.179 	1154.198 	1052.037 	0.175 	0.276 	0.262 	
256.878 	1050.557 	1382.620 	0.030 	0.261 	0.351 	
656.434 	755.982 	-902.634 	0.115 	0.177 	-0.225 	
1091.879 	876.158 	-1480.518 	0.233 	0.218 	-0.378 	
197.910 	-627.429 	-1285.473 	0.005 	-0.168 	-0.320 	
-1158.240 	854.280 	-582.563 	-0.343 	0.206 	-0.142 	
873.755 	64.711 	-16.982 	0.181 	0.018 	0.001 	
-1270.523 	1349.449 	78.813 	-0.377 	0.334 	0.026 	
-587.977 	-1268.594 	-537.319 	-0.190 	-0.314 	-0.140 	
408.380 	-813.307 	-1290.346 	0.046 	-0.206 	-0.323 	
-252.127 	-430.727 	1023.534 	-0.117 	-0.106 	0.257 	
-48.723 	-1521.897 	683.939 	-0.051 	-0.384 	0.178 	
1124.540 	796.073 	-1132.910 	0.252 	0.196 	-0.284 	
204.376 	931.886 	-875.833 	0.010 	0.240 	-0.228 	
87.971 	1169.885 	-996.271 	-0.030 	0.290 	-0.245 	
-823.283 	1168.590 	-682.231 	-0.239 	0.295 	-0.171 	
-1653.767 	-625.245 	189.353 	-0.461 	-0.162 	0.056 	
-1003.941 	-477.623 	-889.920 	-0.279 	-0.123 	-0.221 	
1886.980 	-1054.782 	1558.653 	0.433 	-0.264 	0.384 	
-1569.374 	749.735 	-279.019 	-0.440 	0.195 	-0.068 	
-102.427 	-584.033 	797.235 	-0.087 	-0.135 	0.204 	
-404.192 	-567.681 	-1183.246 	-0.134 	-0.143 	-0.285 	
-648.003 	-1557.618 	1442.701 	-0.208 	-0.388 	0.358 	
-99.866 	-569.242 	822.844 	-0.075 	-0.147 	0.209 	
179.009 	-1525.667 	349.205 	0.009 	-0.388 	0.088 	
-420.159 	-221.278 	97.909 	-0.162 	-0.061 	0.027 	
-509.281 	-525.284 	-583.825 	-0.173 	-0.136 	-0.139 	
-419.000 	-719.397 	954.625 	-0.093 	-0.138 	0.164 	
666.188 	-1382.893 	865.770 	0.131 	-0.355 	0.215 	
-923.813 	-271.504 	873.175 	-0.262 	-0.076 	0.218 	
1597.959 	810.499 	-1297.715 	0.372 	0.205 	-0.328 	
-180.161 	889.790 	1539.963 	-0.090 	0.214 	0.378 	
587.483 	1303.779 	1034.316 	0.117 	0.323 	0.257 	
1074.451 	1106.480 	693.179 	0.238 	0.281 	0.175 	
898.593 	-958.062 	314.480 	0.183 	-0.230 	0.082 	
-583.533 	-276.898 	-1111.839 	-0.196 	-0.061 	-0.267 	
-905.883 	1016.232 	580.971 	-0.257 	0.254 	0.152 	
263.138 	-596.729 	1002.527 	0.014 	-0.152 	0.251 	
581.572 	-1133.499 	830.405 	0.103 	-0.295 	0.211 	
-420.389 	-1149.123 	104.989 	-0.155 	-0.272 	0.026 	
285.698 	-999.971 	-190.999 	0.020 	-0.252 	-0.057 	
-37.525 	-1021.220 	-462.708 	-0.065 	-0.249 	-0.112 	
1411.550 	-235.973 	-1335.189 	0.313 	-0.058 	-0.332 	
771.104 	347.623 	1575.440 	0.138 	0.090 	0.397 	
-1112.782 	748.242 	1015.579 	-0.319 	0.190 	0.262 	
1762.476 	-940.502 	1554.445 	0.411 	-0.231 	0.399 	
-1054.007 	557.626 	258.483 	-0.297 	0.141 	0.058 	
177.046 	238.102 	1416.041 	0.002 	0.071 	0.349 	
-1667.840 	752.861 	1064.297 	-0.462 	0.202 	0.267 	
-539.571 	-1048.156 	312.158 	-0.182 	-0.272 	0.078 	
880.481 	-177.310 	-889.347 	0.186 	-0.037 	-0.227 	
-533.827 	-1501.275 	1708.742 	-0.176 	-0.378 	0.440 	
-1278.869 	1340.617 	114.298 	-0.369 	0.339 	0.021 	
393.521 	-1609.833 	-1472.819 	0.055 	-0.397 	-0.365 	
-1680.214 	-414.282 	-1573.240 	-0.452 	-0.106 	-0.393 	
-735.934 	5.434 	-992.059 	-0.239 	-0.000 	-0.247 	
67.774 	96.265 	-152.157 	-0.019 	0.020 	-0.038 	
-1661.022 	-412.054 	1642.414 	-0.462 	-0.112 	0.415 	
-516.329 	-50.126 	-131.177 	-0.169 	-0.023 	-0.018 	
1581.076 	-826.231 	959.173 	0.358 	-0.215 	0.250 	
-1483.386 	-1230.314 	-1283.885 	-0.420 	-0.305 	-0.316 	
-1431.864 	450.172 	-14.218 	-0.386 	0.108 	-0.003 	
349.327 	518.380 	-1560.938 	0.053 	0.137 	-0.394 	
-1032.532 	409.996 	734.877 	-0.291 	0.092 	0.188 	
1691.350 	-1539.369 	1123.860 	0.374 	-0.394 	0.283 	
-447.435 	954.173 	-1087.555 	-0.143 	0.231 	-0.274 	
-1673.406 	139.311 	891.736 	-0.462 	0.033 	0.227 	
757.800 	-1248.557 	1381.948 	0.142 	-0.311 	0.353 	
-1640.198 	1161.639 	-145.498 	-0.452 	0.290 	-0.044 	
-1550.693 	703.934 	541.896 	-0.421 	0.170 	0.146 	
317.989 	-1188.039 	326.078 	0.048 	-0.304 	0.081 	
-539.519 	-1210.299 	741.036 	-0.176 	-0.313 	0.193 	
406.132 	-878.777 	-1479.904 	0.071 	-0.226 	-0.364 	
-1308.939 	-837.633 	736.336 	-0.366 	-0.203 	0.183 	
-1621.757 	-637.786 	-814.623 	-0.459 	-0.164 	-0.209 	
985.942 	-1497.524 	-1426.527 	0.211 	-0.387 	-0.353 	
-1475.687 	-1029.877 	-1200.798 	-0.414 	-0.261 	-0.313 	
465.888 	-491.539 	-115.732 	0.074 	-0.120 	-0.025 	
878.065 	1471.361 	761.392 	0.173 	0.371 	0.184 	
1430.430 	382.754 	896.553 	0.308 	0.098 	0.230 	
775.869 	-842.057 	-1019.057 	0.158 	-0.222 	-0.247 	
1782.259 	-1495.559 	1274.779 	0.400 	-0.376 	0.327 	
-1507.276 	-738.241 	-275.965 	-0.425 	-0.184 	-0.072 	
-861.710 	1528.533 	718.101 	-0.267 	0.380 	0.190 	
-443.675 	967.838 	1373.263 	-0.157 	0.232 	0.350 	
1002.199 	262.887 	1229.827 	0.210 	0.068 	0.309 	
-180.234 	-1305.685 	1385.870 	-0.094 	-0.318 	0.342 	
-1232.623 	858.194 	607.426 	-0.346 	0.222 	0.149 	
1096.416 	1299.012 	113.207 	0.236 	0.331 	0.033 	
-840.127 	-629.728 	-651.061 	-0.243 	-0.166 	-0.164 	
-118.789 	-1039.116 	1360.113 	-0.075 	-0.271 	0.334 	
1338.638 	220.831 	198.878 	0.291 	0.049 	0.062 	
-1535.674 	-1609.292 	1037.775 	-0.419 	-0.409 	0.258 	
-544.346 	-559.935 	-434.359 	-0.168 	-0.128 	-0.112 	
1277.298 	-1262.258 	339.640 	0.278 	-0.310 	0.094 	
-126.504 	852.849 	446.918 	-0.081 	0.201 	0.109 	
-301.961 	-695.532 	-158.015 	-0.124 	-0.163 	-0.044 	
887.505 	85.733 	-902.636 	0.176 	0.023 	-0.216 	
-1305.422 	1410.830 	1002.634 	-0.378 	0.359 	0.240 	
1665.058 	-1378.294 	174.046 	0.383 	-0.349 	0.052 	
1441.134 	-56.154 	1059.922 	0.328 	-0.015 	0.269 	
444.920 	1375.739 	-15.054 	0.060 	0.354 	-0.006 	
292.218 	397.799 	898.499 	0.043 	0.092 	0.218 	
-1670.083 	1109.873 	1437.231 	-0.470 	0.273 	0.362 	
-1257.315 	-428.139 	588.086 	-0.345 	-0.115 	0.149 	
1488.314 	279.786 	-365.249 	0.320 	0.067 	-0.096 	
-872.765 	-302.788 	-1310.492 	-0.248 	-0.075 	-0.324 	
