## Las primeras 500 lineas corresponden a la esfera 1 
##las siguienets 500 lineas a la esfera 2
## Las primeras tres columnas corresponden a la posición en 'x', 'y' y 'z', las siguientes tres a las velocidades
0.907 	-1034.223 	99.521 	-0.010 	-0.246 	0.028 	
323.462 	-314.579 	-2.957 	0.086 	-0.077 	-0.003 	
373.589 	1315.012 	897.963 	0.099 	0.315 	0.207 	
-1218.038 	1354.135 	891.510 	-0.305 	0.335 	0.221 	
-268.905 	-279.323 	1259.857 	-0.053 	-0.066 	0.316 	
1342.352 	872.136 	1560.125 	0.342 	0.215 	0.376 	
1406.393 	-715.635 	-1371.295 	0.345 	-0.169 	-0.338 	
-1333.134 	-775.942 	475.101 	-0.322 	-0.178 	0.123 	
1156.311 	347.762 	765.983 	0.277 	0.096 	0.186 	
443.429 	421.536 	595.640 	0.105 	0.099 	0.152 	
1178.541 	-96.425 	71.938 	0.280 	-0.021 	0.014 	
-261.710 	-1066.764 	168.982 	-0.056 	-0.257 	0.045 	
212.956 	-759.347 	113.111 	0.067 	-0.183 	0.029 	
862.029 	1204.250 	1164.951 	0.199 	0.294 	0.281 	
-43.385 	997.550 	-1630.436 	-0.024 	0.250 	-0.386 	
-574.573 	-118.670 	1.235 	-0.140 	-0.017 	0.003 	
-642.525 	1318.485 	-530.539 	-0.162 	0.315 	-0.132 	
143.153 	757.793 	-1453.612 	0.032 	0.172 	-0.359 	
-1900.854 	-1428.947 	-804.319 	-0.475 	-0.342 	-0.200 	
689.265 	-1653.827 	-1428.423 	0.158 	-0.407 	-0.350 	
156.060 	-1556.904 	1837.851 	0.042 	-0.368 	0.454 	
138.787 	575.560 	1615.694 	0.030 	0.137 	0.382 	
-414.211 	-747.275 	372.213 	-0.100 	-0.169 	0.085 	
-1356.302 	-1076.555 	495.194 	-0.322 	-0.254 	0.115 	
926.492 	-665.105 	1088.875 	0.235 	-0.161 	0.258 	
-637.280 	-17.219 	1430.497 	-0.142 	-0.000 	0.343 	
96.619 	-877.209 	-60.051 	0.032 	-0.205 	-0.010 	
380.947 	-1570.886 	1174.332 	0.088 	-0.393 	0.288 	
-1379.442 	1379.241 	357.043 	-0.327 	0.334 	0.088 	
-779.841 	-1194.523 	942.141 	-0.181 	-0.285 	0.234 	
-492.957 	-834.514 	-1396.228 	-0.116 	-0.197 	-0.341 	
671.256 	1110.690 	1329.339 	0.158 	0.262 	0.325 	
1339.054 	-504.181 	1234.365 	0.326 	-0.122 	0.303 	
-885.607 	918.221 	114.005 	-0.200 	0.221 	0.029 	
144.904 	-463.396 	-1536.957 	0.034 	-0.121 	-0.362 	
226.746 	-212.554 	164.393 	0.069 	-0.043 	0.040 	
-643.619 	-1312.004 	-1470.655 	-0.158 	-0.314 	-0.370 	
-643.645 	-1604.723 	1204.506 	-0.144 	-0.389 	0.293 	
-606.930 	-148.457 	862.938 	-0.152 	-0.032 	0.213 	
1040.041 	-1640.870 	1183.582 	0.252 	-0.400 	0.292 	
1772.713 	672.048 	-67.762 	0.433 	0.150 	-0.019 	
308.666 	-422.378 	144.402 	0.080 	-0.093 	0.029 	
680.481 	193.721 	1152.536 	0.151 	0.055 	0.287 	
-57.840 	-1137.512 	-740.595 	-0.025 	-0.276 	-0.178 	
270.665 	-328.639 	1115.753 	0.076 	-0.081 	0.277 	
140.474 	284.914 	-547.660 	0.044 	0.073 	-0.125 	
1719.166 	126.055 	19.513 	0.413 	0.027 	0.023 	
-403.040 	1585.522 	-417.200 	-0.098 	0.389 	-0.104 	
371.602 	-456.040 	-615.165 	0.100 	-0.114 	-0.147 	
1472.211 	943.995 	470.462 	0.361 	0.239 	0.114 	
-1359.235 	-495.685 	-1094.054 	-0.325 	-0.126 	-0.274 	
788.297 	-133.446 	782.045 	0.181 	-0.031 	0.181 	
1646.138 	-743.458 	-1630.970 	0.412 	-0.192 	-0.399 	
-143.357 	1044.649 	12.494 	-0.022 	0.250 	0.010 	
-1189.206 	1298.664 	946.607 	-0.296 	0.311 	0.229 	
-272.130 	-1544.585 	786.382 	-0.060 	-0.384 	0.198 	
-664.447 	-19.148 	-976.431 	-0.149 	-0.009 	-0.243 	
49.511 	-1378.674 	-475.197 	0.022 	-0.336 	-0.118 	
-1606.040 	1145.172 	1369.172 	-0.395 	0.286 	0.340 	
931.922 	1454.322 	587.607 	0.231 	0.348 	0.133 	
-412.504 	1562.933 	416.489 	-0.112 	0.383 	0.099 	
603.808 	929.866 	-548.732 	0.154 	0.220 	-0.131 	
-1230.687 	1677.106 	661.288 	-0.311 	0.414 	0.163 	
1116.681 	309.888 	-563.415 	0.272 	0.086 	-0.136 	
1323.077 	-1555.031 	-1579.839 	0.339 	-0.379 	-0.381 	
1901.959 	-644.386 	-1607.523 	0.479 	-0.156 	-0.393 	
1204.878 	-897.447 	-1400.667 	0.310 	-0.220 	-0.343 	
-1760.038 	1916.089 	-551.594 	-0.436 	0.480 	-0.141 	
1893.890 	889.166 	1158.835 	0.476 	0.219 	0.279 	
-275.964 	578.272 	689.286 	-0.066 	0.122 	0.170 	
1252.447 	475.807 	500.489 	0.314 	0.106 	0.115 	
510.528 	-91.788 	590.915 	0.137 	-0.016 	0.143 	
-34.298 	1002.565 	-1641.091 	0.001 	0.238 	-0.405 	
-423.226 	-1240.181 	-504.792 	-0.106 	-0.301 	-0.118 	
-736.140 	643.289 	1005.339 	-0.191 	0.154 	0.241 	
740.267 	-220.549 	-421.450 	0.179 	-0.051 	-0.086 	
-41.096 	-392.129 	-1154.131 	-0.013 	-0.083 	-0.281 	
1432.657 	848.341 	-1344.533 	0.354 	0.208 	-0.338 	
191.608 	-321.005 	-630.902 	0.041 	-0.072 	-0.159 	
-27.404 	-402.268 	1388.411 	0.000 	-0.103 	0.336 	
-237.501 	1283.589 	397.046 	-0.067 	0.303 	0.098 	
384.382 	-671.831 	-463.093 	0.082 	-0.158 	-0.105 	
822.682 	1037.241 	1353.439 	0.196 	0.258 	0.328 	
-341.566 	-1093.946 	1373.657 	-0.088 	-0.261 	0.340 	
1065.370 	-582.265 	-250.891 	0.266 	-0.132 	-0.070 	
-992.373 	-1382.147 	-1347.907 	-0.234 	-0.333 	-0.323 	
1021.896 	-317.419 	-628.606 	0.251 	-0.084 	-0.167 	
-1052.803 	-1143.382 	1226.026 	-0.269 	-0.278 	0.301 	
-1481.746 	-1445.772 	947.432 	-0.353 	-0.353 	0.235 	
-1344.287 	-578.732 	-153.488 	-0.318 	-0.150 	-0.029 	
1746.946 	785.390 	1239.168 	0.427 	0.205 	0.300 	
48.553 	672.502 	1250.813 	0.009 	0.169 	0.306 	
115.283 	-292.558 	116.431 	0.035 	-0.078 	0.030 	
-216.094 	-1487.024 	-626.711 	-0.045 	-0.369 	-0.145 	
1439.701 	-964.085 	1429.788 	0.349 	-0.227 	0.346 	
-560.389 	924.720 	-1512.678 	-0.129 	0.233 	-0.360 	
1436.085 	369.077 	929.581 	0.360 	0.082 	0.227 	
1542.815 	355.240 	-1035.152 	0.387 	0.087 	-0.251 	
1747.414 	1399.185 	217.655 	0.442 	0.338 	0.054 	
971.750 	-743.587 	967.354 	0.228 	-0.189 	0.230 	
-1120.547 	1487.739 	810.103 	-0.272 	0.353 	0.203 	
-1819.489 	-1317.301 	-574.970 	-0.453 	-0.319 	-0.132 	
491.522 	-1700.686 	984.410 	0.122 	-0.420 	0.239 	
-746.754 	-181.335 	1288.765 	-0.179 	-0.034 	0.321 	
914.837 	-398.373 	500.679 	0.236 	-0.097 	0.128 	
-1563.768 	781.003 	1433.031 	-0.371 	0.192 	0.344 	
-1523.695 	-1079.491 	1007.037 	-0.381 	-0.259 	0.250 	
-1780.809 	1862.637 	-761.475 	-0.442 	0.465 	-0.186 	
1132.436 	-721.447 	44.629 	0.270 	-0.181 	0.020 	
1880.169 	-164.166 	-616.413 	0.468 	-0.047 	-0.140 	
-467.633 	-158.373 	922.412 	-0.109 	-0.042 	0.230 	
429.687 	-557.904 	838.667 	0.092 	-0.137 	0.205 	
757.870 	5.444 	278.613 	0.176 	-0.007 	0.062 	
-278.434 	1628.160 	-599.338 	-0.074 	0.390 	-0.137 	
-1089.109 	1486.331 	1488.405 	-0.268 	0.363 	0.368 	
-175.024 	1592.069 	1547.731 	-0.037 	0.393 	0.379 	
492.562 	-1667.769 	-304.190 	0.117 	-0.407 	-0.061 	
-1769.576 	-497.069 	1668.344 	-0.427 	-0.132 	0.403 	
1206.356 	-719.112 	-633.523 	0.292 	-0.185 	-0.144 	
-110.513 	1183.726 	214.351 	-0.038 	0.284 	0.057 	
-829.348 	180.376 	1016.104 	-0.195 	0.046 	0.257 	
936.288 	-1308.782 	-592.383 	0.231 	-0.325 	-0.144 	
765.093 	-253.536 	-1244.449 	0.184 	-0.049 	-0.305 	
1547.460 	-694.417 	1575.993 	0.369 	-0.173 	0.387 	
-1675.740 	580.252 	842.206 	-0.418 	0.137 	0.202 	
494.522 	-215.807 	-612.989 	0.111 	-0.043 	-0.142 	
-1751.086 	-1120.770 	-673.650 	-0.424 	-0.271 	-0.155 	
-1838.226 	-1712.660 	702.804 	-0.460 	-0.418 	0.168 	
-1352.482 	697.132 	-1663.640 	-0.331 	0.173 	-0.396 	
-1454.338 	-1507.028 	578.970 	-0.346 	-0.372 	0.140 	
-146.990 	-1013.733 	789.908 	-0.044 	-0.243 	0.195 	
-389.243 	1285.853 	-725.215 	-0.099 	0.316 	-0.184 	
-1009.578 	844.968 	13.479 	-0.248 	0.200 	0.001 	
34.875 	485.870 	-1457.420 	0.000 	0.111 	-0.350 	
1800.445 	-1647.714 	168.492 	0.434 	-0.399 	0.035 	
-246.111 	-1285.125 	-651.919 	-0.052 	-0.312 	-0.170 	
202.891 	-1003.590 	464.887 	0.041 	-0.243 	0.103 	
-1198.303 	-1512.851 	1191.054 	-0.281 	-0.375 	0.293 	
1402.074 	-682.552 	-697.092 	0.343 	-0.160 	-0.169 	
594.456 	-1254.539 	372.037 	0.159 	-0.302 	0.096 	
-1221.073 	-747.844 	-962.246 	-0.287 	-0.187 	-0.234 	
1582.980 	-465.647 	-416.508 	0.374 	-0.106 	-0.103 	
-1062.597 	1619.147 	380.286 	-0.263 	0.389 	0.099 	
-1287.205 	-1353.035 	205.799 	-0.316 	-0.328 	0.057 	
-404.041 	510.149 	599.075 	-0.105 	0.114 	0.144 	
990.336 	-215.626 	1412.404 	0.239 	-0.051 	0.333 	
-741.542 	-109.528 	-584.752 	-0.174 	-0.015 	-0.143 	
-13.323 	839.860 	1272.873 	-0.009 	0.201 	0.297 	
1515.003 	-1394.722 	-1624.103 	0.360 	-0.342 	-0.399 	
-137.627 	1173.991 	-825.448 	-0.024 	0.277 	-0.203 	
1491.651 	-1622.360 	426.775 	0.366 	-0.394 	0.093 	
-1177.762 	-466.953 	1014.914 	-0.276 	-0.106 	0.245 	
404.998 	906.893 	1728.429 	0.094 	0.211 	0.423 	
-1749.584 	-1717.241 	-639.805 	-0.427 	-0.417 	-0.162 	
-1473.511 	-97.837 	-1660.691 	-0.361 	-0.017 	-0.406 	
-128.955 	-699.368 	-596.583 	-0.043 	-0.170 	-0.144 	
1602.568 	-373.550 	1201.132 	0.415 	-0.090 	0.284 	
-1552.444 	-787.787 	1544.422 	-0.380 	-0.199 	0.375 	
-766.615 	-1212.588 	1713.381 	-0.180 	-0.299 	0.423 	
185.514 	-1202.579 	1004.780 	0.044 	-0.295 	0.248 	
1653.697 	-1383.863 	1267.633 	0.416 	-0.340 	0.313 	
-543.718 	303.000 	338.936 	-0.123 	0.077 	0.075 	
-544.445 	-82.803 	924.852 	-0.155 	-0.000 	0.248 	
827.928 	114.086 	-75.235 	0.211 	0.035 	-0.010 	
93.996 	-623.047 	348.220 	0.019 	-0.150 	0.078 	
-629.634 	-18.652 	-231.583 	-0.158 	-0.003 	-0.048 	
-596.920 	956.154 	-841.889 	-0.143 	0.233 	-0.206 	
1896.644 	-388.862 	-117.962 	0.466 	-0.107 	-0.027 	
549.892 	-24.168 	-209.477 	0.134 	-0.015 	-0.040 	
665.323 	-348.293 	-387.462 	0.149 	-0.090 	-0.084 	
-1081.627 	325.977 	1794.722 	-0.259 	0.078 	0.441 	
1017.412 	706.329 	64.017 	0.263 	0.165 	0.018 	
-1544.365 	311.793 	665.679 	-0.383 	0.071 	0.160 	
437.168 	-90.920 	-511.290 	0.102 	-0.031 	-0.125 	
-1777.998 	-796.695 	1515.535 	-0.443 	-0.194 	0.368 	
-1398.514 	-541.396 	-120.506 	-0.342 	-0.125 	-0.023 	
-705.396 	-386.991 	-381.519 	-0.169 	-0.094 	-0.096 	
1083.789 	967.590 	1389.120 	0.267 	0.238 	0.327 	
330.455 	-335.119 	1382.381 	0.085 	-0.079 	0.340 	
1634.631 	1003.148 	1752.710 	0.397 	0.253 	0.433 	
1409.215 	1278.276 	1393.852 	0.343 	0.315 	0.353 	
1521.184 	-1280.834 	-1308.283 	0.366 	-0.317 	-0.323 	
1091.953 	1573.496 	88.988 	0.278 	0.381 	0.020 	
-774.311 	88.641 	423.770 	-0.194 	0.016 	0.112 	
-322.042 	116.414 	-985.639 	-0.073 	0.033 	-0.250 	
-224.522 	725.883 	798.249 	-0.065 	0.175 	0.193 	
-1761.272 	-1579.284 	945.364 	-0.432 	-0.378 	0.242 	
-693.458 	545.921 	-637.501 	-0.167 	0.137 	-0.149 	
-477.412 	-1485.556 	-1124.152 	-0.118 	-0.355 	-0.276 	
-828.608 	-1438.420 	-865.393 	-0.190 	-0.349 	-0.211 	
135.902 	-1583.227 	-1305.604 	0.031 	-0.382 	-0.314 	
1379.647 	563.137 	99.695 	0.350 	0.138 	0.029 	
1549.894 	-120.819 	-1095.600 	0.379 	-0.032 	-0.259 	
-694.134 	246.184 	73.452 	-0.155 	0.056 	0.026 	
-687.955 	771.193 	415.277 	-0.180 	0.185 	0.102 	
1597.208 	-711.027 	2.856 	0.386 	-0.182 	-0.008 	
-912.838 	611.581 	-1652.211 	-0.226 	0.146 	-0.406 	
1649.774 	-141.537 	1040.359 	0.399 	-0.025 	0.259 	
331.584 	550.454 	459.001 	0.094 	0.139 	0.118 	
1013.368 	-334.970 	-693.715 	0.255 	-0.072 	-0.158 	
-999.867 	1274.071 	283.668 	-0.242 	0.299 	0.073 	
-16.550 	-1260.579 	759.964 	0.006 	-0.296 	0.180 	
-170.811 	-135.824 	-1344.067 	-0.031 	-0.031 	-0.322 	
-481.175 	70.069 	277.563 	-0.121 	0.019 	0.069 	
-187.078 	-1426.042 	-1415.680 	-0.041 	-0.341 	-0.352 	
-387.831 	-604.976 	1484.891 	-0.088 	-0.151 	0.347 	
1788.950 	-234.614 	-1298.022 	0.443 	-0.066 	-0.314 	
-388.829 	262.263 	-274.602 	-0.091 	0.059 	-0.060 	
1485.329 	-1568.816 	1436.680 	0.373 	-0.378 	0.351 	
-517.719 	-554.101 	494.274 	-0.123 	-0.124 	0.117 	
-477.925 	-59.605 	1475.305 	-0.107 	-0.006 	0.357 	
328.615 	775.780 	161.920 	0.094 	0.188 	0.041 	
-1622.526 	1692.665 	-1227.799 	-0.401 	0.414 	-0.299 	
79.361 	-436.267 	-1668.630 	0.034 	-0.102 	-0.407 	
-295.163 	-886.525 	1040.131 	-0.067 	-0.201 	0.255 	
-982.714 	-782.782 	-705.091 	-0.248 	-0.191 	-0.168 	
894.441 	1620.408 	-1367.862 	0.221 	0.397 	-0.347 	
-952.583 	124.865 	1045.045 	-0.243 	0.030 	0.252 	
-32.363 	224.677 	803.782 	-0.015 	0.055 	0.185 	
-296.057 	-293.346 	582.331 	-0.053 	-0.085 	0.105 	
1561.792 	-371.752 	-985.726 	0.379 	-0.102 	-0.245 	
1825.645 	-1710.269 	11.104 	0.443 	-0.419 	0.012 	
-1320.665 	-980.724 	-70.156 	-0.333 	-0.244 	-0.021 	
66.177 	-1394.814 	357.921 	0.009 	-0.331 	0.093 	
-644.357 	105.731 	1366.080 	-0.161 	0.018 	0.325 	
-899.989 	1680.991 	61.246 	-0.208 	0.407 	0.022 	
-1232.748 	-1314.762 	566.001 	-0.298 	-0.313 	0.134 	
1504.690 	-619.868 	-1250.446 	0.371 	-0.148 	-0.313 	
-1076.076 	-1583.829 	1014.267 	-0.263 	-0.375 	0.248 	
-737.381 	-5.119 	609.111 	-0.178 	-0.013 	0.152 	
-781.020 	165.125 	1579.523 	-0.190 	0.040 	0.391 	
-1405.684 	1039.545 	-269.912 	-0.339 	0.251 	-0.052 	
-1332.005 	466.885 	47.121 	-0.334 	0.113 	0.012 	
-497.080 	436.098 	-826.019 	-0.119 	0.113 	-0.197 	
1478.049 	1849.296 	-1684.387 	0.358 	0.464 	-0.416 	
-1202.013 	674.183 	935.745 	-0.300 	0.163 	0.237 	
-1374.489 	-147.106 	-1431.914 	-0.326 	-0.039 	-0.349 	
816.762 	-1148.399 	554.256 	0.204 	-0.285 	0.125 	
1227.616 	1339.336 	-121.454 	0.315 	0.327 	-0.024 	
1405.915 	721.834 	-1583.528 	0.337 	0.180 	-0.378 	
928.268 	448.498 	-1074.449 	0.221 	0.105 	-0.249 	
-693.865 	-1346.975 	-388.492 	-0.163 	-0.317 	-0.097 	
1271.414 	-590.512 	158.916 	0.315 	-0.139 	0.025 	
-446.770 	1326.297 	316.320 	-0.044 	0.373 	0.096 	
369.884 	-996.476 	1473.442 	0.093 	-0.237 	0.345 	
-839.564 	553.185 	-644.478 	-0.204 	0.131 	-0.163 	
-1226.561 	-47.404 	602.214 	-0.306 	-0.012 	0.153 	
1328.691 	-450.165 	1353.427 	0.332 	-0.114 	0.318 	
358.528 	-986.658 	-1527.657 	0.096 	-0.245 	-0.359 	
1841.517 	312.677 	-1032.097 	0.460 	0.076 	-0.254 	
608.831 	-393.653 	1323.017 	0.159 	-0.095 	0.318 	
-1117.772 	1449.524 	-323.871 	-0.257 	0.354 	-0.077 	
-697.265 	-681.756 	578.426 	-0.173 	-0.165 	0.147 	
-599.297 	-764.710 	276.584 	-0.142 	-0.185 	0.082 	
1633.179 	5.788 	719.718 	0.403 	0.012 	0.181 	
-1114.810 	109.617 	1004.379 	-0.272 	0.027 	0.258 	
9.096 	653.536 	-1239.216 	-0.008 	0.160 	-0.308 	
-1198.882 	-1561.691 	-1536.386 	-0.282 	-0.377 	-0.383 	
853.780 	1342.890 	-614.522 	0.202 	0.321 	-0.147 	
-1641.795 	788.840 	988.133 	-0.403 	0.193 	0.234 	
-1709.038 	94.702 	659.668 	-0.425 	0.030 	0.160 	
542.579 	-1371.687 	-1410.235 	0.127 	-0.339 	-0.333 	
-2180.326 	100.795 	-1.903 	-0.594 	-0.015 	-0.005 	
-1566.087 	-629.528 	818.008 	-0.376 	-0.156 	0.206 	
952.074 	-363.754 	-1115.402 	0.228 	-0.090 	-0.282 	
463.103 	310.927 	188.733 	0.121 	0.077 	0.057 	
-44.858 	-596.397 	412.302 	-0.011 	-0.153 	0.088 	
-1667.474 	153.073 	-958.327 	-0.412 	0.032 	-0.241 	
1357.111 	-148.100 	1843.701 	0.337 	-0.032 	0.458 	
-330.759 	-562.932 	968.596 	-0.080 	-0.145 	0.224 	
631.158 	-983.383 	-390.782 	0.146 	-0.237 	-0.090 	
229.534 	-235.982 	277.272 	0.062 	-0.066 	0.060 	
-1476.847 	-1744.673 	-882.314 	-0.363 	-0.432 	-0.214 	
844.245 	-810.918 	-1442.799 	0.204 	-0.185 	-0.344 	
340.655 	441.399 	-369.074 	0.093 	0.147 	-0.088 	
-677.468 	-212.573 	546.163 	-0.160 	-0.041 	0.138 	
1864.626 	945.169 	-146.238 	0.468 	0.227 	-0.038 	
432.136 	-208.415 	-963.999 	0.100 	-0.049 	-0.237 	
-1372.277 	465.494 	-1706.224 	-0.331 	0.119 	-0.415 	
642.280 	532.806 	503.239 	0.164 	0.120 	0.130 	
1673.621 	127.834 	-1372.002 	0.399 	0.027 	-0.329 	
-678.383 	211.408 	-855.501 	-0.163 	0.059 	-0.214 	
-1660.764 	1517.407 	637.029 	-0.416 	0.371 	0.157 	
49.520 	-1325.502 	-1558.475 	0.020 	-0.321 	-0.389 	
1180.638 	1500.931 	-914.181 	0.290 	0.365 	-0.237 	
860.514 	-682.187 	162.868 	0.206 	-0.164 	0.051 	
879.509 	-1461.889 	-1165.078 	0.209 	-0.351 	-0.293 	
566.134 	-682.289 	962.726 	0.132 	-0.166 	0.233 	
735.688 	-739.872 	1169.058 	0.179 	-0.175 	0.285 	
1497.559 	1637.436 	-1440.541 	0.361 	0.403 	-0.362 	
1381.506 	-265.862 	998.083 	0.344 	-0.057 	0.252 	
595.863 	-409.626 	-341.267 	0.150 	-0.093 	-0.082 	
-674.164 	-643.177 	1254.052 	-0.173 	-0.153 	0.307 	
-793.514 	-347.682 	1377.475 	-0.192 	-0.094 	0.335 	
317.201 	-829.928 	-522.150 	0.080 	-0.199 	-0.131 	
-1119.814 	-171.589 	-25.815 	-0.271 	-0.046 	-0.010 	
-212.949 	1399.277 	-1733.401 	-0.040 	0.348 	-0.423 	
-1315.145 	-435.366 	889.918 	-0.329 	-0.106 	0.214 	
-58.466 	-1364.645 	1432.020 	-0.015 	-0.323 	0.357 	
-669.954 	500.723 	1357.689 	-0.153 	0.128 	0.328 	
-178.208 	-55.128 	956.607 	-0.049 	-0.017 	0.234 	
1200.361 	-909.221 	22.088 	0.298 	-0.227 	-0.004 	
-110.754 	-618.568 	389.087 	-0.010 	-0.146 	0.102 	
-368.190 	-608.157 	1361.756 	-0.075 	-0.146 	0.334 	
-1691.392 	-478.112 	458.718 	-0.422 	-0.117 	0.113 	
-435.742 	-1134.835 	-244.088 	-0.116 	-0.270 	-0.059 	
491.054 	-1638.397 	889.219 	0.114 	-0.409 	0.214 	
604.826 	-1241.110 	-340.832 	0.144 	-0.304 	-0.075 	
692.453 	-1521.640 	-193.665 	0.173 	-0.374 	-0.038 	
469.816 	78.946 	1384.883 	0.106 	0.013 	0.336 	
-1525.523 	748.537 	104.938 	-0.375 	0.180 	0.023 	
-374.301 	382.309 	715.568 	-0.079 	0.087 	0.169 	
-589.770 	-894.091 	1438.784 	-0.149 	-0.218 	0.360 	
-1259.891 	-1513.836 	1299.295 	-0.307 	-0.364 	0.328 	
910.502 	1034.202 	-1590.803 	0.218 	0.249 	-0.381 	
-546.826 	942.633 	-1529.408 	-0.124 	0.224 	-0.366 	
-126.481 	-1283.511 	-1032.508 	-0.017 	-0.312 	-0.253 	
-47.774 	-81.897 	238.192 	0.002 	-0.029 	0.055 	
1115.208 	-522.277 	302.661 	0.274 	-0.127 	0.066 	
869.474 	529.271 	-980.578 	0.226 	0.129 	-0.236 	
-1110.751 	-1475.286 	875.076 	-0.264 	-0.370 	0.207 	
1835.126 	-368.420 	-1675.662 	0.458 	-0.090 	-0.414 	
-294.188 	1190.352 	414.996 	-0.061 	0.293 	0.096 	
-963.962 	1354.070 	-1165.679 	-0.238 	0.330 	-0.287 	
-1329.541 	892.659 	-462.847 	-0.311 	0.216 	-0.113 	
-8.115 	469.925 	-166.103 	-0.009 	0.101 	-0.040 	
-1461.164 	560.594 	128.229 	-0.344 	0.147 	0.028 	
-68.382 	-1269.043 	-986.164 	-0.019 	-0.303 	-0.228 	
-1184.853 	-690.281 	84.733 	-0.291 	-0.164 	0.010 	
902.972 	730.564 	-947.215 	0.232 	0.179 	-0.226 	
-1151.864 	1651.948 	203.798 	-0.282 	0.397 	0.060 	
837.324 	-153.556 	-1224.356 	0.210 	-0.035 	-0.297 	
-173.653 	152.660 	-359.726 	-0.037 	0.025 	-0.078 	
-1598.326 	-816.379 	-1483.751 	-0.388 	-0.209 	-0.368 	
746.373 	-304.354 	232.602 	0.176 	-0.077 	0.062 	
-1313.070 	-328.447 	1446.798 	-0.321 	-0.077 	0.355 	
1297.332 	-130.687 	1223.563 	0.317 	-0.037 	0.289 	
482.374 	-121.338 	-1113.712 	0.110 	-0.038 	-0.269 	
1367.042 	542.173 	-95.588 	0.326 	0.135 	-0.030 	
604.089 	273.177 	992.000 	0.141 	0.071 	0.238 	
-106.485 	753.917 	-1261.808 	-0.032 	0.184 	-0.301 	
1670.454 	-1239.010 	-538.283 	0.420 	-0.300 	-0.125 	
-1515.597 	-1527.550 	1603.060 	-0.374 	-0.377 	0.391 	
-1331.994 	-927.918 	-35.574 	-0.320 	-0.223 	-0.009 	
1038.381 	241.274 	348.510 	0.239 	0.058 	0.085 	
1666.121 	-423.155 	456.722 	0.407 	-0.098 	0.104 	
-1391.382 	506.141 	736.006 	-0.335 	0.130 	0.191 	
70.860 	-98.031 	8.245 	0.007 	-0.022 	0.007 	
-486.769 	-977.345 	1334.671 	-0.107 	-0.233 	0.330 	
-190.388 	-808.523 	-656.634 	-0.040 	-0.201 	-0.151 	
1608.388 	-626.767 	-1101.068 	0.392 	-0.163 	-0.265 	
204.276 	-963.950 	-912.434 	0.038 	-0.231 	-0.217 	
1238.155 	-1346.949 	1681.683 	0.311 	-0.320 	0.408 	
-1556.228 	-641.286 	-827.447 	-0.374 	-0.147 	-0.194 	
-1393.749 	-375.206 	-536.116 	-0.347 	-0.099 	-0.127 	
199.255 	-353.319 	1291.848 	0.063 	-0.087 	0.311 	
953.978 	-953.042 	728.506 	0.247 	-0.232 	0.171 	
-873.046 	727.846 	752.911 	-0.223 	0.172 	0.187 	
-1531.384 	-867.033 	1274.415 	-0.370 	-0.199 	0.313 	
-1193.417 	-6.196 	394.464 	-0.293 	-0.004 	0.103 	
-978.208 	-1144.698 	186.583 	-0.230 	-0.273 	0.040 	
1512.275 	1461.447 	967.557 	0.374 	0.343 	0.232 	
1493.773 	827.411 	-285.501 	0.376 	0.207 	-0.072 	
-1448.275 	-1364.566 	352.166 	-0.352 	-0.329 	0.093 	
-1188.457 	375.200 	674.545 	-0.293 	0.083 	0.166 	
-986.924 	141.420 	810.202 	-0.228 	0.041 	0.202 	
-897.256 	-431.170 	-1706.986 	-0.220 	-0.111 	-0.426 	
-834.079 	-907.401 	-1319.694 	-0.206 	-0.227 	-0.328 	
1804.401 	1833.941 	-874.013 	0.446 	0.457 	-0.209 	
1730.796 	631.138 	-1379.795 	0.425 	0.148 	-0.346 	
-440.215 	-721.725 	-485.210 	-0.107 	-0.182 	-0.114 	
-468.145 	-685.889 	1136.785 	-0.112 	-0.179 	0.274 	
439.278 	-95.048 	196.325 	0.116 	-0.027 	0.041 	
550.907 	189.096 	375.328 	0.140 	0.037 	0.087 	
-986.846 	1055.041 	1010.215 	-0.249 	0.257 	0.246 	
-1126.711 	1356.957 	-1553.072 	-0.276 	0.323 	-0.379 	
-459.041 	-1051.911 	-1707.019 	-0.108 	-0.247 	-0.420 	
1393.472 	-687.838 	-1072.482 	0.329 	-0.165 	-0.258 	
-22.582 	9.397 	-1061.175 	-0.004 	0.004 	-0.258 	
533.101 	1324.037 	553.978 	0.133 	0.329 	0.141 	
866.349 	-139.162 	-10.814 	0.222 	-0.032 	-0.004 	
698.844 	809.960 	950.731 	0.174 	0.192 	0.245 	
481.179 	-669.144 	-740.154 	0.126 	-0.160 	-0.172 	
1516.150 	-1239.715 	-1064.283 	0.385 	-0.304 	-0.260 	
488.667 	398.219 	-1017.002 	0.122 	0.098 	-0.251 	
-1111.455 	-1173.773 	-32.813 	-0.265 	-0.294 	-0.006 	
939.631 	593.150 	750.653 	0.216 	0.140 	0.181 	
1283.108 	502.357 	177.410 	0.327 	0.112 	0.038 	
-127.331 	-1489.755 	1369.480 	-0.027 	-0.359 	0.345 	
102.541 	552.264 	1416.820 	0.038 	0.134 	0.335 	
1234.671 	-64.879 	1357.680 	0.313 	-0.014 	0.328 	
1446.976 	566.929 	-84.112 	0.349 	0.131 	-0.012 	
-965.522 	-1812.957 	1792.041 	-0.231 	-0.446 	0.445 	
-1849.991 	-1525.271 	1667.205 	-0.458 	-0.368 	0.410 	
1732.199 	1431.543 	5.835 	0.435 	0.342 	0.001 	
1777.791 	376.640 	1503.983 	0.436 	0.080 	0.372 	
685.159 	202.500 	1162.969 	0.161 	0.037 	0.268 	
-1157.029 	-191.545 	-1442.686 	-0.283 	-0.045 	-0.349 	
1241.586 	636.767 	-533.057 	0.317 	0.156 	-0.133 	
-416.265 	883.299 	-1505.033 	-0.105 	0.208 	-0.359 	
682.530 	719.304 	-219.681 	0.164 	0.174 	-0.056 	
1026.205 	-647.748 	-905.519 	0.253 	-0.153 	-0.215 	
1376.551 	1281.906 	1600.429 	0.336 	0.322 	0.396 	
193.740 	1442.425 	-1043.610 	0.036 	0.347 	-0.251 	
-1486.987 	277.942 	611.541 	-0.355 	0.074 	0.152 	
429.130 	-1589.071 	1102.711 	0.114 	-0.386 	0.260 	
530.002 	-627.415 	-166.567 	0.124 	-0.159 	-0.040 	
1271.211 	77.405 	-122.827 	0.310 	0.028 	-0.035 	
-780.688 	718.459 	-1125.790 	-0.183 	0.180 	-0.279 	
814.177 	-1406.167 	802.106 	0.194 	-0.349 	0.198 	
1371.445 	1397.146 	60.099 	0.344 	0.340 	0.020 	
933.982 	-1528.929 	1392.065 	0.226 	-0.361 	0.338 	
1653.806 	-148.652 	347.032 	0.404 	-0.024 	0.091 	
1850.032 	1469.033 	971.067 	0.448 	0.359 	0.239 	
476.046 	-1222.957 	678.734 	0.128 	-0.300 	0.166 	
-944.052 	-1679.959 	1581.936 	-0.232 	-0.417 	0.386 	
701.496 	-360.187 	-362.181 	0.180 	-0.077 	-0.086 	
-115.023 	47.881 	278.415 	-0.034 	0.006 	0.061 	
-1465.562 	1843.766 	1513.787 	-0.367 	0.461 	0.368 	
63.207 	156.399 	1442.669 	0.029 	0.040 	0.344 	
-216.512 	1441.388 	1334.125 	-0.056 	0.359 	0.319 	
1211.786 	-1298.635 	1433.984 	0.306 	-0.325 	0.355 	
-1305.187 	-1400.377 	1408.909 	-0.321 	-0.330 	0.344 	
-1534.533 	-998.061 	1158.307 	-0.376 	-0.237 	0.284 	
-1158.860 	1060.465 	513.218 	-0.275 	0.265 	0.131 	
-283.627 	-1775.201 	340.727 	-0.056 	-0.433 	0.081 	
201.855 	-849.259 	1206.410 	0.055 	-0.204 	0.294 	
-48.975 	183.639 	182.628 	-0.014 	0.036 	0.052 	
-1373.845 	-1573.066 	-1300.500 	-0.344 	-0.385 	-0.308 	
-818.897 	-38.022 	890.071 	-0.193 	-0.016 	0.214 	
1276.929 	463.851 	199.224 	0.301 	0.116 	0.055 	
621.984 	-887.063 	1163.328 	0.157 	-0.223 	0.290 	
-1307.942 	-771.933 	-1113.801 	-0.314 	-0.181 	-0.267 	
74.757 	-731.123 	-336.577 	0.009 	-0.221 	-0.078 	
1727.502 	139.791 	22.051 	0.408 	0.030 	-0.002 	
-821.337 	-1168.801 	-1101.233 	-0.196 	-0.288 	-0.260 	
1357.477 	-850.789 	85.403 	0.340 	-0.202 	0.024 	
-453.680 	1179.741 	1028.097 	-0.098 	0.283 	0.247 	
281.665 	-425.702 	1472.578 	0.069 	-0.101 	0.351 	
1451.892 	-202.532 	793.846 	0.358 	-0.053 	0.187 	
-460.698 	62.082 	-1745.103 	-0.106 	0.020 	-0.429 	
-794.575 	-266.779 	-42.834 	-0.192 	-0.076 	-0.003 	
359.102 	1360.001 	705.285 	0.082 	0.329 	0.175 	
-1533.422 	408.131 	-279.412 	-0.380 	0.093 	-0.072 	
876.924 	-871.586 	467.558 	0.208 	-0.204 	0.107 	
-293.636 	321.241 	-358.186 	-0.083 	0.073 	-0.088 	
1276.335 	-1357.158 	269.986 	0.312 	-0.333 	0.072 	
173.954 	-321.329 	486.071 	0.031 	-0.073 	0.115 	
1676.491 	-1388.835 	564.944 	0.420 	-0.334 	0.137 	
-799.189 	161.488 	-111.102 	-0.183 	0.037 	-0.026 	
-1315.831 	155.709 	1433.194 	-0.324 	0.050 	0.346 	
1750.358 	695.533 	-191.120 	0.428 	0.160 	-0.034 	
-1064.236 	1315.942 	-820.349 	-0.252 	0.327 	-0.194 	
-1062.697 	1283.257 	-471.762 	-0.246 	0.312 	-0.116 	
1269.889 	-430.798 	-177.593 	0.303 	-0.091 	-0.040 	
-1377.223 	300.294 	1295.088 	-0.329 	0.077 	0.315 	
1419.755 	-850.078 	-1697.683 	0.360 	-0.200 	-0.414 	
-1204.867 	-1640.287 	-898.809 	-0.293 	-0.396 	-0.219 	
-367.300 	-186.047 	1280.756 	-0.079 	-0.046 	0.304 	
-97.434 	-850.496 	-104.960 	-0.027 	-0.204 	-0.038 	
-150.094 	-230.146 	628.552 	-0.024 	-0.057 	0.161 	
1016.799 	449.371 	391.957 	0.257 	0.113 	0.102 	
630.702 	-1357.588 	-6.040 	0.163 	-0.320 	0.005 	
932.360 	-1513.695 	-1476.012 	0.218 	-0.370 	-0.361 	
-993.722 	1502.157 	-424.083 	-0.240 	0.359 	-0.107 	
-1265.635 	1390.974 	385.734 	-0.298 	0.346 	0.092 	
-4.708 	-132.147 	-456.473 	0.002 	-0.035 	-0.115 	
-121.391 	-1336.320 	1000.076 	-0.015 	-0.322 	0.241 	
452.585 	-542.048 	1502.907 	0.108 	-0.125 	0.374 	
1478.704 	1181.680 	-1563.185 	0.370 	0.298 	-0.385 	
35.208 	-875.218 	-351.850 	0.006 	-0.213 	-0.074 	
1750.353 	1227.100 	-46.005 	0.441 	0.296 	-0.014 	
-680.149 	1027.954 	-1818.847 	-0.154 	0.245 	-0.443 	
-54.073 	140.792 	-327.593 	-0.015 	0.023 	-0.085 	
-1392.615 	-336.758 	586.977 	-0.326 	-0.085 	0.146 	
797.779 	-201.979 	9.836 	0.190 	-0.061 	0.000 	
-492.962 	-339.824 	1443.101 	-0.123 	-0.083 	0.337 	
-282.208 	78.153 	-1752.284 	-0.066 	0.026 	-0.427 	
1356.455 	553.164 	631.112 	0.318 	0.137 	0.149 	
-1435.036 	-901.218 	-1926.426 	-0.344 	-0.217 	-0.482 	
1598.975 	-340.255 	379.686 	0.385 	-0.075 	0.096 	
996.528 	-1612.222 	227.215 	0.242 	-0.396 	0.066 	
813.363 	1538.802 	-1032.132 	0.211 	0.368 	-0.248 	
1310.957 	394.733 	-1110.143 	0.314 	0.104 	-0.265 	
49.783 	-1794.737 	1557.905 	0.020 	-0.446 	0.376 	
598.627 	-550.405 	540.309 	0.161 	-0.133 	0.128 	
41.280 	1710.482 	779.539 	0.024 	0.417 	0.192 	
1380.577 	-896.139 	-1068.373 	0.350 	-0.222 	-0.260 	
686.948 	1590.230 	-94.027 	0.174 	0.389 	-0.012 	
850.862 	464.105 	-514.855 	0.196 	0.114 	-0.123 	
1415.056 	1592.924 	-392.937 	0.338 	0.378 	-0.095 	
753.708 	845.712 	-529.440 	0.199 	0.205 	-0.127 	
558.783 	-439.670 	-225.345 	0.149 	-0.115 	-0.056 	
501.711 	-367.662 	589.441 	0.124 	-0.090 	0.128 	
-451.795 	-1160.971 	-740.304 	-0.117 	-0.283 	-0.171 	
-1692.839 	-570.128 	1254.417 	-0.404 	-0.133 	0.304 	
-1443.631 	-1232.681 	-144.040 	-0.346 	-0.306 	-0.044 	
405.231 	1456.641 	790.726 	0.095 	0.361 	0.191 	
-341.256 	-496.816 	676.578 	-0.093 	-0.119 	0.164 	
947.180 	-1618.333 	210.957 	0.239 	-0.395 	0.055 	
-1600.929 	-679.777 	1046.806 	-0.423 	-0.164 	0.251 	
1265.205 	-1487.053 	-1587.285 	0.271 	-0.372 	-0.381 	
-1487.383 	-655.373 	-1341.205 	-0.405 	-0.151 	-0.328 	
-476.182 	-1490.145 	707.637 	-0.148 	-0.356 	0.183 	
1159.968 	849.573 	-215.281 	0.233 	0.199 	-0.056 	
-960.893 	-1417.718 	849.925 	-0.284 	-0.348 	0.212 	
1910.122 	-1449.899 	-1495.154 	0.430 	-0.361 	-0.371 	
1359.748 	-1002.184 	876.498 	0.290 	-0.245 	0.224 	
-499.300 	-893.974 	-1488.330 	-0.174 	-0.211 	-0.361 	
786.158 	861.730 	-1168.129 	0.146 	0.209 	-0.291 	
1354.530 	523.956 	187.382 	0.293 	0.134 	0.037 	
338.546 	68.431 	397.786 	0.025 	0.008 	0.095 	
-1586.005 	1506.818 	1627.553 	-0.436 	0.366 	0.392 	
698.432 	-1218.862 	630.511 	0.114 	-0.298 	0.154 	
668.609 	1821.347 	1648.082 	0.124 	0.448 	0.393 	
-48.388 	1402.503 	1041.144 	-0.045 	0.343 	0.245 	
1206.595 	-510.964 	666.013 	0.261 	-0.119 	0.168 	
464.143 	-1707.922 	1609.701 	0.060 	-0.416 	0.393 	
-159.546 	1605.539 	557.676 	-0.077 	0.390 	0.146 	
957.301 	-1605.928 	1464.329 	0.195 	-0.397 	0.353 	
351.678 	444.510 	808.824 	0.039 	0.107 	0.198 	
-643.857 	1646.262 	-1666.073 	-0.188 	0.398 	-0.404 	
492.697 	555.074 	32.720 	0.092 	0.138 	0.010 	
1302.352 	89.442 	-194.940 	0.266 	0.029 	-0.054 	
-1785.711 	641.446 	-944.497 	-0.489 	0.157 	-0.229 	
237.932 	1252.184 	759.597 	0.009 	0.310 	0.193 	
222.049 	-567.006 	1.809 	0.015 	-0.145 	0.005 	
-109.057 	-1260.612 	-234.699 	-0.072 	-0.312 	-0.050 	
-1113.353 	-306.412 	-370.604 	-0.324 	-0.073 	-0.092 	
-471.101 	790.912 	-1658.772 	-0.147 	0.189 	-0.401 	
361.883 	608.796 	-296.497 	0.058 	0.145 	-0.064 	
-605.889 	1617.390 	493.916 	-0.180 	0.401 	0.127 	
-1065.714 	1169.412 	-1490.771 	-0.312 	0.283 	-0.370 	
108.232 	1504.076 	1245.369 	-0.019 	0.369 	0.295 	
556.799 	-1674.374 	1443.168 	0.092 	-0.402 	0.353 	
512.963 	-1392.794 	178.217 	0.089 	-0.332 	0.050 	
308.546 	-281.625 	-1310.243 	0.026 	-0.064 	-0.318 	
-1273.794 	479.061 	1514.114 	-0.359 	0.108 	0.375 	
-1722.983 	1059.371 	6.076 	-0.467 	0.245 	0.005 	
1509.505 	53.248 	-1049.852 	0.330 	0.013 	-0.246 	
-745.202 	-674.437 	-949.555 	-0.220 	-0.155 	-0.237 	
-1183.394 	-891.657 	-524.002 	-0.319 	-0.206 	-0.128 	
992.283 	-1555.783 	-962.279 	0.190 	-0.376 	-0.235 	
-1179.215 	490.193 	-1069.311 	-0.326 	0.123 	-0.248 	
-635.019 	-291.943 	-438.140 	-0.206 	-0.062 	-0.112 	
1525.143 	1739.660 	-928.895 	0.334 	0.435 	-0.219 	
736.095 	-1123.357 	-965.077 	0.138 	-0.267 	-0.243 	
-1109.751 	1398.352 	-1508.883 	-0.313 	0.330 	-0.373 	
-436.891 	-830.896 	-681.630 	-0.132 	-0.203 	-0.165 	
77.866 	-259.554 	491.787 	-0.035 	-0.067 	0.119 	
62.771 	22.818 	73.455 	-0.029 	0.010 	0.015 	
684.592 	1815.308 	-145.620 	0.139 	0.445 	-0.035 	
708.546 	-1059.652 	-518.599 	0.144 	-0.257 	-0.123 	
1136.284 	733.381 	595.406 	0.232 	0.180 	0.144 	
-1345.724 	-230.925 	967.799 	-0.370 	-0.044 	0.228 	
-404.568 	1133.351 	1021.884 	-0.137 	0.284 	0.257 	
-1119.020 	733.501 	1281.301 	-0.327 	0.179 	0.309 	
-490.491 	-349.226 	-712.378 	-0.154 	-0.076 	-0.166 	
-1077.798 	-781.857 	-619.505 	-0.293 	-0.200 	-0.151 	
-1093.177 	-0.084 	169.497 	-0.305 	0.009 	0.035 	
-368.968 	-1466.451 	478.969 	-0.121 	-0.348 	0.122 	
512.867 	-205.040 	-47.199 	0.085 	-0.049 	-0.015 	
958.978 	520.616 	874.900 	0.204 	0.127 	0.203 	
48.479 	-186.300 	-1525.986 	-0.040 	-0.040 	-0.367 	
0.258 	-818.439 	-711.260 	-0.036 	-0.190 	-0.175 	
831.051 	-114.609 	1484.352 	0.164 	-0.030 	0.360 	
259.930 	-457.474 	280.826 	0.012 	-0.113 	0.078 	
243.785 	-1451.945 	1574.251 	0.023 	-0.346 	0.388 	
592.585 	307.340 	739.215 	0.104 	0.078 	0.179 	
185.241 	-1348.679 	-162.034 	-0.008 	-0.328 	-0.040 	
133.359 	-1344.003 	-707.748 	-0.019 	-0.322 	-0.175 	
-1412.665 	-1322.514 	-111.141 	-0.387 	-0.313 	-0.024 	
-1420.459 	-1040.705 	-468.049 	-0.400 	-0.254 	-0.113 	
1513.739 	-1453.132 	-378.112 	0.338 	-0.358 	-0.101 	
-290.552 	-666.744 	-807.208 	-0.117 	-0.172 	-0.200 	
-320.240 	-245.852 	113.246 	-0.131 	-0.063 	0.029 	
-536.917 	1265.602 	-888.359 	-0.167 	0.314 	-0.221 	
-675.737 	591.946 	541.368 	-0.211 	0.151 	0.125 	
-268.149 	475.625 	-854.016 	-0.117 	0.122 	-0.207 	
-1318.568 	-1054.293 	702.410 	-0.354 	-0.251 	0.169 	
830.179 	-1171.302 	-291.020 	0.170 	-0.282 	-0.064 	
1272.506 	324.796 	1248.853 	0.259 	0.084 	0.303 	
-1377.795 	904.969 	1174.960 	-0.369 	0.220 	0.279 	
-652.728 	418.562 	493.797 	-0.213 	0.101 	0.118 	
-847.626 	-1281.384 	1799.163 	-0.243 	-0.300 	0.441 	
-916.561 	-938.559 	118.404 	-0.265 	-0.233 	0.039 	
-1016.892 	167.489 	-1249.750 	-0.285 	0.039 	-0.307 	
1432.629 	19.271 	-1329.600 	0.320 	0.001 	-0.321 	
309.936 	585.467 	1489.555 	0.041 	0.149 	0.358 	
-942.137 	857.826 	772.770 	-0.264 	0.204 	0.181 	
-514.047 	873.457 	1154.523 	-0.153 	0.210 	0.281 	
-1466.625 	1294.125 	249.920 	-0.401 	0.328 	0.064 	
-397.806 	-570.398 	-717.109 	-0.132 	-0.149 	-0.164 	
-528.993 	-1313.100 	327.804 	-0.171 	-0.317 	0.091 	
1735.852 	1477.837 	-1108.300 	0.396 	0.364 	-0.271 	
143.316 	-1129.235 	-1081.065 	0.005 	-0.274 	-0.272 	
-876.112 	-1494.810 	-1304.087 	-0.255 	-0.376 	-0.313 	
610.238 	1879.661 	-740.706 	0.102 	0.464 	-0.188 	
495.667 	-965.950 	1351.688 	0.072 	-0.239 	0.330 	
1832.861 	-146.963 	-1101.961 	0.416 	-0.040 	-0.271 	
577.569 	-240.529 	285.678 	0.091 	-0.059 	0.068 	
440.444 	1654.677 	-886.869 	0.059 	0.405 	-0.218 	
-1092.277 	-679.718 	-662.525 	-0.304 	-0.153 	-0.159 	
-608.880 	1525.330 	-386.997 	-0.191 	0.357 	-0.089 	
-566.628 	-321.108 	-1386.929 	-0.173 	-0.077 	-0.336 	
792.962 	-1597.132 	-739.718 	0.159 	-0.396 	-0.173 	
1143.251 	-438.906 	-31.384 	0.232 	-0.098 	0.001 	
1669.681 	21.421 	997.908 	0.376 	0.006 	0.244 	
908.622 	1244.950 	-1691.731 	0.193 	0.302 	-0.416 	
-1307.093 	498.785 	1098.535 	-0.347 	0.123 	0.264 	
-156.269 	-1.441 	460.587 	-0.070 	0.002 	0.116 	
-493.037 	1319.180 	1141.798 	-0.167 	0.325 	0.280 	
1825.997 	1450.841 	-320.806 	0.408 	0.355 	-0.081 	
-1453.342 	201.204 	1124.095 	-0.398 	0.038 	0.270 	
-1701.638 	433.043 	-1248.361 	-0.447 	0.109 	-0.305 	
-1092.321 	-611.815 	-271.608 	-0.308 	-0.153 	-0.070 	
573.942 	527.659 	-734.206 	0.088 	0.128 	-0.186 	
1305.540 	1667.812 	-1081.619 	0.281 	0.416 	-0.271 	
-1119.447 	685.523 	-46.103 	-0.315 	0.157 	-0.016 	
313.527 	132.840 	336.839 	0.025 	0.027 	0.081 	
333.502 	-1326.878 	-676.382 	0.027 	-0.323 	-0.167 	
-1287.609 	-202.365 	-849.828 	-0.363 	-0.049 	-0.200 	
1840.508 	1130.292 	-1070.254 	0.420 	0.281 	-0.264 	
1232.735 	262.335 	933.632 	0.263 	0.071 	0.217 	
484.977 	1500.603 	314.635 	0.073 	0.356 	0.074 	
584.259 	-405.711 	-623.132 	0.093 	-0.104 	-0.142 	
1413.367 	1307.342 	-1145.647 	0.295 	0.321 	-0.280 	
1704.185 	400.856 	-498.920 	0.385 	0.099 	-0.121 	
-985.394 	455.914 	-325.338 	-0.291 	0.100 	-0.073 	
-681.304 	-1462.246 	-423.436 	-0.204 	-0.344 	-0.106 	
906.456 	1767.687 	-1670.348 	0.177 	0.437 	-0.407 	
1593.589 	623.125 	-428.015 	0.348 	0.159 	-0.104 	
-1146.199 	-1032.152 	-1019.066 	-0.326 	-0.253 	-0.239 	
-1541.093 	98.960 	884.302 	-0.428 	0.027 	0.221 	
1746.848 	-934.267 	1403.791 	0.396 	-0.226 	0.334 	
1364.233 	103.802 	724.322 	0.279 	0.027 	0.178 	
443.710 	1281.790 	1019.001 	0.072 	0.320 	0.250 	
-1532.666 	1428.251 	-1127.562 	-0.424 	0.346 	-0.284 	
-1490.602 	139.508 	1615.032 	-0.391 	0.034 	0.395 	
1635.271 	-1151.562 	-744.721 	0.358 	-0.291 	-0.184 	
-686.005 	684.003 	701.331 	-0.222 	0.165 	0.175 	
922.063 	1108.781 	439.269 	0.181 	0.268 	0.112 	
1316.452 	-214.596 	629.579 	0.287 	-0.056 	0.155 	
1211.299 	554.204 	603.329 	0.246 	0.125 	0.138 	
-1203.488 	-348.952 	1503.013 	-0.327 	-0.086 	0.374 	
1726.037 	-1315.728 	800.266 	0.385 	-0.318 	0.198 	
-332.130 	1156.969 	-1564.111 	-0.132 	0.281 	-0.382 	
-1271.389 	-1331.821 	2156.483 	-0.415 	-0.367 	0.616 	
336.929 	919.158 	43.652 	0.048 	0.221 	0.008 	
468.566 	9.863 	219.030 	0.079 	0.007 	0.061 	
698.707 	1292.536 	1602.643 	0.139 	0.325 	0.390 	
-1209.673 	190.254 	-122.155 	-0.341 	0.057 	-0.027 	
-1596.823 	497.403 	-1524.288 	-0.429 	0.124 	-0.366 	
687.696 	832.653 	251.920 	0.136 	0.203 	0.061 	
-411.298 	-1173.657 	432.550 	-0.147 	-0.291 	0.102 	
943.337 	-307.386 	-669.696 	0.200 	-0.078 	-0.161 	
-346.985 	-213.840 	1175.885 	-0.126 	-0.059 	0.278 	
-1325.197 	1224.888 	1632.669 	-0.359 	0.305 	0.407 	
1106.444 	-851.096 	114.251 	0.232 	-0.205 	0.040 	
-1166.997 	-785.113 	-423.323 	-0.335 	-0.188 	-0.103 	
201.240 	1297.550 	714.348 	0.002 	0.314 	0.173 	
-532.630 	-429.689 	-1562.998 	-0.157 	-0.105 	-0.377 	
-1041.926 	71.149 	-1312.813 	-0.307 	0.024 	-0.318 	
145.064 	903.277 	109.584 	0.001 	0.225 	0.025 	
-895.284 	-833.517 	47.863 	-0.265 	-0.194 	0.022 	
-1371.459 	-1556.614 	1670.068 	-0.380 	-0.379 	0.418 	
454.175 	-6.617 	559.829 	0.074 	-0.004 	0.138 	
1734.641 	719.747 	-619.066 	0.377 	0.172 	-0.148 	
1765.897 	-1161.641 	1196.405 	0.396 	-0.287 	0.293 	
-1672.523 	-880.095 	-11.719 	-0.447 	-0.205 	-0.006 	
-595.032 	262.665 	-1273.945 	-0.196 	0.065 	-0.301 	
136.334 	-127.272 	784.225 	-0.017 	-0.025 	0.196 	
1346.455 	-539.639 	-290.062 	0.273 	-0.136 	-0.071 	
274.798 	-29.268 	-1061.568 	0.032 	-0.007 	-0.260 	
1867.729 	-1481.633 	-1890.945 	0.418 	-0.358 	-0.472 	
-87.419 	-992.318 	-352.920 	-0.058 	-0.229 	-0.095 	
-780.573 	1362.151 	1473.029 	-0.225 	0.331 	0.356 	
1239.563 	198.873 	-1294.588 	0.251 	0.048 	-0.317 	
-476.436 	1337.669 	782.551 	-0.166 	0.326 	0.185 	
-1120.334 	-403.818 	-667.420 	-0.321 	-0.094 	-0.172 	
151.353 	50.663 	404.991 	-0.012 	0.008 	0.087 	
-525.995 	-750.032 	959.051 	-0.176 	-0.178 	0.233 	
-50.301 	970.889 	346.659 	-0.053 	0.224 	0.089 	
459.430 	-256.816 	-1026.708 	0.059 	-0.069 	-0.245 	
-578.956 	-567.535 	1310.653 	-0.180 	-0.125 	0.320 	
1704.750 	-543.766 	-1704.983 	0.378 	-0.141 	-0.413 	
1676.282 	-54.431 	-1423.908 	0.376 	-0.015 	-0.357 	
868.789 	41.362 	1586.194 	0.158 	0.014 	0.385 	
-305.887 	-926.640 	-743.978 	-0.113 	-0.223 	-0.167 	
661.676 	-1738.024 	1520.534 	0.122 	-0.410 	0.369 	
-1243.193 	-668.891 	1510.201 	-0.334 	-0.163 	0.364 	
-700.903 	-190.247 	-1392.140 	-0.213 	-0.041 	-0.334 	
-43.425 	1395.182 	95.225 	-0.061 	0.344 	0.031 	
699.214 	693.688 	-1445.831 	0.130 	0.164 	-0.350 	
1014.636 	1043.246 	-1388.879 	0.212 	0.262 	-0.340 	
-1664.287 	229.461 	990.001 	-0.443 	0.058 	0.241 	
-1014.824 	-228.117 	1288.924 	-0.289 	-0.070 	0.310 	
41.853 	1053.118 	797.683 	-0.042 	0.256 	0.202 	
-147.479 	1631.559 	1485.607 	-0.065 	0.396 	0.362 	
-1007.266 	-526.103 	1571.806 	-0.295 	-0.130 	0.379 	
1034.290 	929.915 	-482.637 	0.203 	0.225 	-0.112 	
8.503 	-425.975 	489.337 	-0.051 	-0.095 	0.118 	
-1035.910 	1501.846 	-1396.470 	-0.295 	0.375 	-0.335 	
1505.593 	1228.004 	172.612 	0.339 	0.301 	0.043 	
1284.890 	1481.472 	529.959 	0.285 	0.360 	0.132 	
-1435.377 	-1518.005 	-792.579 	-0.400 	-0.376 	-0.194 	
1653.622 	-969.646 	985.951 	0.352 	-0.245 	0.241 	
-473.203 	-261.006 	247.089 	-0.142 	-0.064 	0.057 	
-1241.173 	369.701 	688.055 	-0.356 	0.091 	0.163 	
-1421.113 	-557.725 	149.633 	-0.400 	-0.136 	0.037 	
1717.935 	914.536 	1414.868 	0.383 	0.219 	0.337 	
1793.926 	-568.214 	-111.037 	0.396 	-0.138 	-0.033 	
456.167 	-1401.275 	-479.963 	0.084 	-0.339 	-0.117 	
-867.457 	744.216 	-491.394 	-0.241 	0.177 	-0.124 	
-134.567 	-1318.349 	-1476.068 	-0.088 	-0.321 	-0.361 	
-1771.142 	-610.387 	1434.312 	-0.478 	-0.156 	0.340 	
-1202.583 	307.466 	918.506 	-0.346 	0.075 	0.219 	
454.526 	-1271.373 	754.170 	0.059 	-0.313 	0.189 	
-30.576 	-913.466 	142.098 	-0.047 	-0.212 	0.039 	
-142.974 	-176.881 	-550.145 	-0.063 	-0.041 	-0.131 	
287.633 	-703.506 	412.656 	0.017 	-0.162 	0.099 	
-1107.142 	-814.022 	45.872 	-0.306 	-0.201 	0.022 	
-1524.639 	710.167 	-265.973 	-0.427 	0.174 	-0.059 	
-1190.034 	-1203.024 	-1033.876 	-0.330 	-0.299 	-0.250 	
1749.402 	-1554.497 	434.809 	0.395 	-0.385 	0.107 	
-594.668 	1519.745 	494.483 	-0.190 	0.363 	0.130 	
-1175.934 	-478.197 	-69.922 	-0.316 	-0.128 	-0.014 	
1725.221 	-535.867 	1581.793 	0.381 	-0.135 	0.392 	
369.584 	203.557 	1161.114 	0.056 	0.043 	0.288 	
592.237 	-318.080 	-1160.734 	0.097 	-0.084 	-0.274 	
-306.795 	808.942 	44.635 	-0.121 	0.199 	0.007 	
1913.692 	1607.548 	968.664 	0.421 	0.397 	0.230 	
-1116.460 	-637.709 	2139.830 	-0.324 	-0.162 	0.540 	
-1286.595 	356.896 	-1084.104 	-0.345 	0.084 	-0.264 	
-670.277 	-197.471 	570.745 	-0.214 	-0.038 	0.139 	
1770.466 	-777.389 	-1357.982 	0.383 	-0.188 	-0.329 	
-893.920 	668.056 	178.473 	-0.257 	0.160 	0.040 	
-386.718 	1038.397 	90.376 	-0.139 	0.241 	0.022 	
465.272 	223.627 	1478.538 	0.078 	0.066 	0.356 	
-423.566 	-809.250 	529.278 	-0.137 	-0.201 	0.131 	
-857.675 	957.885 	723.130 	-0.241 	0.226 	0.182 	
795.335 	606.752 	434.145 	0.152 	0.143 	0.120 	
-118.980 	-101.087 	594.148 	-0.079 	-0.020 	0.149 	
1571.902 	-1057.163 	1197.888 	0.335 	-0.254 	0.299 	
508.025 	1431.824 	-71.705 	0.091 	0.351 	-0.012 	
-848.556 	693.951 	925.600 	-0.243 	0.177 	0.221 	
-1535.824 	-483.180 	-1377.900 	-0.411 	-0.110 	-0.337 	
1649.887 	765.938 	1052.901 	0.357 	0.199 	0.253 	
1019.087 	-1120.786 	-571.127 	0.219 	-0.270 	-0.140 	
-651.970 	-139.546 	1037.356 	-0.202 	-0.029 	0.239 	
-15.079 	-715.918 	1643.877 	-0.051 	-0.182 	0.389 	
-157.528 	-1327.269 	1467.450 	-0.079 	-0.333 	0.342 	
-1533.449 	1105.777 	-1145.579 	-0.409 	0.263 	-0.285 	
1280.738 	-320.478 	-232.334 	0.282 	-0.080 	-0.052 	
625.635 	747.422 	818.925 	0.113 	0.193 	0.206 	
-341.591 	-596.075 	-903.361 	-0.124 	-0.155 	-0.211 	
-554.987 	-339.231 	468.856 	-0.187 	-0.081 	0.115 	
-1204.149 	174.259 	245.303 	-0.319 	0.041 	0.062 	
1154.659 	-189.420 	-172.275 	0.235 	-0.051 	-0.040 	
920.490 	-741.673 	956.670 	0.195 	-0.177 	0.237 	
-318.255 	-722.204 	1105.929 	-0.131 	-0.182 	0.266 	
-1632.178 	5.860 	1214.979 	-0.441 	0.002 	0.294 	
-855.481 	267.111 	381.808 	-0.261 	0.067 	0.093 	
1618.862 	-1116.277 	-36.186 	0.346 	-0.282 	-0.012 	
-216.058 	365.740 	-894.416 	-0.097 	0.079 	-0.209 	
-447.766 	621.379 	1540.063 	-0.140 	0.145 	0.376 	
1306.248 	-1061.922 	-354.927 	0.280 	-0.257 	-0.082 	
1746.544 	-198.485 	-802.052 	0.393 	-0.052 	-0.188 	
1532.288 	1418.236 	1825.838 	0.329 	0.344 	0.447 	
1358.418 	-1712.348 	-899.141 	0.290 	-0.414 	-0.210 	
1488.031 	499.354 	530.376 	0.331 	0.119 	0.124 	
1835.258 	-969.038 	553.642 	0.419 	-0.235 	0.136 	
284.180 	-1306.613 	985.623 	0.032 	-0.307 	0.242 	
551.758 	161.421 	-1237.760 	0.105 	0.040 	-0.302 	
1629.731 	1106.981 	796.321 	0.347 	0.273 	0.202 	
-405.068 	-323.442 	8.404 	-0.151 	-0.081 	0.006 	
-1076.757 	94.825 	-1175.682 	-0.307 	0.015 	-0.295 	
308.366 	797.550 	560.541 	0.026 	0.198 	0.147 	
-1056.986 	56.620 	1174.339 	-0.299 	0.027 	0.285 	
-529.497 	-557.113 	1522.695 	-0.175 	-0.150 	0.365 	
-1571.130 	812.136 	451.716 	-0.432 	0.203 	0.112 	
-1632.949 	817.076 	1383.721 	-0.428 	0.197 	0.341 	
-486.028 	-244.662 	1218.743 	-0.162 	-0.052 	0.289 	
1767.680 	-1152.292 	-1355.613 	0.383 	-0.280 	-0.341 	
292.995 	-1668.914 	1685.316 	0.019 	-0.410 	0.410 	
-804.293 	886.005 	316.604 	-0.231 	0.216 	0.075 	
-1487.886 	608.430 	1261.054 	-0.392 	0.146 	0.311 	
-1150.806 	-18.551 	990.326 	-0.307 	-0.001 	0.240 	
160.103 	788.288 	1013.659 	-0.014 	0.184 	0.248 	
419.898 	-509.775 	-174.853 	0.071 	-0.123 	-0.041 	
463.069 	246.229 	246.856 	0.066 	0.047 	0.059 	
-457.034 	-1235.245 	590.988 	-0.142 	-0.309 	0.140 	
555.742 	-317.897 	538.826 	0.096 	-0.078 	0.122 	
1213.236 	450.868 	934.108 	0.264 	0.113 	0.218 	
783.590 	175.621 	-968.204 	0.143 	0.044 	-0.235 	
418.934 	88.048 	-508.482 	0.059 	0.026 	-0.126 	
-1687.127 	-1254.985 	1711.471 	-0.460 	-0.308 	0.425 	
-1023.709 	1557.007 	993.539 	-0.294 	0.375 	0.250 	
-559.682 	-1464.881 	1220.378 	-0.173 	-0.352 	0.295 	
-233.667 	-339.973 	1159.645 	-0.099 	-0.093 	0.272 	
-383.083 	-298.719 	-385.255 	-0.147 	-0.076 	-0.099 	
1922.898 	604.883 	1685.662 	0.436 	0.151 	0.410 	
-357.288 	-1493.328 	-1476.715 	-0.116 	-0.363 	-0.362 	
804.848 	1727.854 	-223.883 	0.156 	0.429 	-0.061 	
560.855 	1778.291 	-1670.932 	0.105 	0.437 	-0.402 	
-180.430 	1163.099 	661.743 	-0.082 	0.287 	0.163 	
-561.159 	1091.005 	-149.765 	-0.179 	0.263 	-0.047 	
301.150 	687.862 	-1879.111 	0.033 	0.163 	-0.469 	
-635.541 	209.374 	-497.726 	-0.187 	0.055 	-0.117 	
52.727 	136.160 	-1071.680 	-0.022 	0.033 	-0.268 	
1352.114 	1028.197 	-486.136 	0.301 	0.249 	-0.119 	
-1518.062 	1070.525 	-1065.652 	-0.415 	0.265 	-0.270 	
1622.332 	1553.398 	964.673 	0.370 	0.378 	0.237 	
-1085.989 	1067.675 	1102.504 	-0.312 	0.257 	0.279 	
641.848 	586.217 	1223.449 	0.105 	0.134 	0.298 	
-1732.517 	1076.400 	-954.863 	-0.471 	0.268 	-0.237 	
-923.348 	1540.352 	-561.403 	-0.259 	0.372 	-0.129 	
-966.215 	698.028 	505.186 	-0.266 	0.165 	0.132 	
-85.003 	-569.735 	856.671 	-0.069 	-0.129 	0.194 	
65.816 	-695.382 	-1467.135 	-0.025 	-0.156 	-0.356 	
-1574.418 	-492.166 	-820.338 	-0.414 	-0.121 	-0.207 	
1184.120 	177.339 	-260.765 	0.252 	0.047 	-0.050 	
1317.498 	-12.528 	-186.907 	0.276 	-0.010 	-0.032 	
-620.934 	-307.990 	1471.511 	-0.199 	-0.079 	0.353 	
1540.933 	-1021.299 	-960.421 	0.339 	-0.241 	-0.241 	
645.284 	-203.493 	824.034 	0.110 	-0.045 	0.200 	
1829.779 	-1580.907 	-944.840 	0.415 	-0.378 	-0.238 	
613.345 	-1162.398 	178.575 	0.110 	-0.281 	0.035 	
-375.318 	-1479.670 	87.583 	-0.136 	-0.362 	0.021 	
535.352 	1442.908 	-204.299 	0.098 	0.339 	-0.049 	
1058.485 	-301.213 	-326.407 	0.213 	-0.062 	-0.075 	
-581.755 	-220.997 	65.112 	-0.177 	-0.062 	0.021 	
-140.906 	1075.544 	-270.803 	-0.087 	0.266 	-0.065 	
1032.286 	-1273.583 	-1641.158 	0.221 	-0.316 	-0.409 	
-1311.817 	1194.526 	409.173 	-0.367 	0.290 	0.113 	
-223.513 	-757.730 	1129.202 	-0.103 	-0.178 	0.263 	
820.875 	943.760 	-47.158 	0.146 	0.231 	-0.015 	
1211.832 	1499.838 	-1351.929 	0.252 	0.372 	-0.326 	
-1421.527 	279.481 	19.804 	-0.390 	0.057 	0.011 	
1200.511 	887.303 	253.053 	0.250 	0.209 	0.070 	
-1687.990 	1662.387 	1693.202 	-0.460 	0.399 	0.418 	
333.987 	284.371 	643.348 	0.048 	0.068 	0.148 	
1007.346 	-421.903 	-181.552 	0.198 	-0.109 	-0.038 	
1551.709 	888.093 	1323.225 	0.328 	0.218 	0.321 	
-161.629 	-207.009 	-211.927 	-0.089 	-0.057 	-0.040 	
1569.842 	-1280.503 	-1274.006 	0.353 	-0.310 	-0.311 	
1296.619 	-45.099 	-638.128 	0.276 	-0.009 	-0.158 	
-1409.128 	-1454.017 	-239.132 	-0.385 	-0.353 	-0.046 	
-1242.009 	1491.172 	1545.238 	-0.348 	0.375 	0.370 	
1062.823 	-1801.504 	1142.335 	0.217 	-0.452 	0.277 	
1166.017 	-1141.876 	-201.246 	0.241 	-0.276 	-0.039 	
1818.073 	-1563.079 	1547.522 	0.415 	-0.381 	0.375 	
-651.491 	-304.971 	-657.314 	-0.198 	-0.070 	-0.156 	
1954.414 	1533.344 	1000.382 	0.450 	0.379 	0.238 	
982.677 	771.766 	-715.715 	0.186 	0.187 	-0.178 	
84.038 	1325.646 	-494.920 	-0.016 	0.329 	-0.116 	
-1749.137 	342.974 	-677.699 	-0.477 	0.083 	-0.158 	
-1980.131 	1520.528 	2521.463 	-0.522 	0.378 	0.617 	
673.641 	-327.580 	1371.865 	0.136 	-0.078 	0.330 	
-779.016 	-367.239 	-484.698 	-0.243 	-0.086 	-0.114 	
-1596.304 	648.540 	1332.924 	-0.419 	0.160 	0.322 	
-710.085 	815.358 	-906.322 	-0.212 	0.199 	-0.233 	
14.958 	208.728 	-302.214 	-0.026 	0.045 	-0.075 	
-1445.674 	-238.150 	-788.334 	-0.401 	-0.054 	-0.191 	
112.612 	-469.968 	-258.356 	-0.015 	-0.122 	-0.066 	
1830.572 	-202.460 	-105.941 	0.408 	-0.049 	-0.036 	
-266.511 	458.263 	284.409 	-0.115 	0.108 	0.082 	
814.802 	-1299.609 	-150.892 	0.145 	-0.314 	-0.042 	
1219.410 	-1521.848 	-691.277 	0.260 	-0.367 	-0.178 	
-863.572 	-1014.070 	683.304 	-0.242 	-0.249 	0.164 	
-274.854 	1036.319 	1324.025 	-0.109 	0.245 	0.319 	
964.650 	1670.066 	1127.323 	0.194 	0.419 	0.274 	
-1769.702 	851.856 	-192.793 	-0.474 	0.218 	-0.052 	
-101.185 	51.847 	-1180.322 	-0.069 	0.005 	-0.283 	
-760.806 	597.447 	-1573.440 	-0.222 	0.136 	-0.377 	
-1435.928 	-456.625 	222.042 	-0.398 	-0.119 	0.054 	
818.778 	610.338 	618.006 	0.160 	0.152 	0.140 	
445.105 	-340.845 	-1301.703 	0.058 	-0.088 	-0.314 	
372.680 	1236.588 	627.910 	0.054 	0.296 	0.150 	
119.750 	459.975 	894.485 	-0.016 	0.120 	0.213 	
-660.187 	-1087.583 	1126.872 	-0.201 	-0.261 	0.279 	
68.775 	-204.852 	-593.071 	-0.030 	-0.051 	-0.138 	
-364.532 	1633.951 	996.929 	-0.139 	0.388 	0.249 	
-863.839 	385.667 	-130.661 	-0.245 	0.087 	-0.021 	
-1423.477 	-913.046 	150.520 	-0.401 	-0.219 	0.036 	
1224.381 	-639.030 	-1744.969 	0.264 	-0.155 	-0.430 	
-1368.825 	1926.472 	-852.342 	-0.381 	0.482 	-0.204 	
-634.169 	763.451 	-1603.611 	-0.184 	0.189 	-0.391 	
1279.407 	-777.542 	-275.014 	0.268 	-0.180 	-0.062 	
243.427 	330.245 	-291.269 	0.013 	0.087 	-0.071 	
-396.875 	1408.640 	-683.447 	-0.144 	0.343 	-0.165 	
-315.799 	185.330 	1152.044 	-0.123 	0.052 	0.273 	
-1194.914 	-1262.186 	1525.646 	-0.344 	-0.302 	0.372 	
864.462 	1184.601 	1080.824 	0.175 	0.276 	0.262 	
260.212 	1079.236 	1421.277 	0.030 	0.261 	0.351 	
669.090 	775.454 	-927.424 	0.115 	0.177 	-0.225 	
1117.526 	900.131 	-1522.047 	0.233 	0.218 	-0.377 	
198.499 	-645.921 	-1320.695 	0.005 	-0.168 	-0.320 	
-1196.004 	876.986 	-598.226 	-0.343 	0.206 	-0.142 	
893.665 	66.738 	-16.828 	0.181 	0.018 	0.001 	
-1312.035 	1386.155 	81.657 	-0.377 	0.334 	0.026 	
-608.885 	-1303.134 	-552.668 	-0.190 	-0.314 	-0.140 	
413.467 	-836.018 	-1325.915 	0.046 	-0.206 	-0.323 	
-265.017 	-442.358 	1051.847 	-0.117 	-0.106 	0.257 	
-54.329 	-1564.136 	703.484 	-0.051 	-0.384 	0.178 	
1152.271 	817.649 	-1164.110 	0.252 	0.196 	-0.284 	
205.529 	958.266 	-900.945 	0.010 	0.240 	-0.228 	
84.722 	1201.775 	-1023.166 	-0.030 	0.290 	-0.244 	
-849.557 	1201.088 	-701.001 	-0.239 	0.295 	-0.171 	
-1704.455 	-643.079 	195.463 	-0.461 	-0.162 	0.056 	
-1034.640 	-491.160 	-914.212 	-0.279 	-0.123 	-0.221 	
1934.603 	-1083.775 	1600.919 	0.433 	-0.264 	0.384 	
-1617.797 	771.156 	-286.447 	-0.440 	0.195 	-0.068 	
-111.974 	-598.856 	819.700 	-0.087 	-0.135 	0.205 	
-418.937 	-583.452 	-1214.575 	-0.134 	-0.143 	-0.285 	
-670.899 	-1600.272 	1482.063 	-0.208 	-0.388 	0.358 	
-108.112 	-585.432 	845.804 	-0.075 	-0.147 	0.209 	
179.996 	-1568.315 	358.900 	0.009 	-0.388 	0.088 	
-437.968 	-228.038 	100.905 	-0.162 	-0.061 	0.027 	
-528.334 	-540.296 	-599.098 	-0.173 	-0.136 	-0.139 	
-429.225 	-734.542 	972.628 	-0.093 	-0.138 	0.164 	
680.580 	-1421.985 	889.377 	0.131 	-0.355 	0.215 	
-952.615 	-279.817 	897.121 	-0.262 	-0.076 	0.218 	
1638.913 	833.079 	-1333.766 	0.372 	0.205 	-0.328 	
-190.068 	913.362 	1581.508 	-0.090 	0.214 	0.378 	
600.330 	1339.305 	1062.582 	0.117 	0.323 	0.257 	
1100.665 	1137.424 	712.411 	0.238 	0.281 	0.175 	
918.757 	-983.362 	323.505 	0.183 	-0.230 	0.082 	
-605.038 	-283.591 	-1141.251 	-0.195 	-0.061 	-0.267 	
-934.163 	1044.133 	597.738 	-0.257 	0.254 	0.152 	
264.652 	-613.459 	1030.153 	0.014 	-0.152 	0.251 	
592.869 	-1165.996 	853.636 	0.103 	-0.295 	0.211 	
-437.449 	-1179.058 	107.796 	-0.155 	-0.272 	0.026 	
287.918 	-1027.713 	-197.227 	0.020 	-0.252 	-0.057 	
-44.684 	-1048.648 	-475.069 	-0.065 	-0.249 	-0.112 	
1445.947 	-242.319 	-1371.673 	0.313 	-0.058 	-0.332 	
786.336 	357.534 	1619.099 	0.138 	0.090 	0.397 	
-1147.815 	769.145 	1044.412 	-0.318 	0.190 	0.262 	
1807.649 	-965.895 	1598.360 	0.411 	-0.231 	0.399 	
-1086.700 	573.174 	264.814 	-0.297 	0.141 	0.058 	
177.266 	245.897 	1454.400 	0.002 	0.071 	0.349 	
-1718.681 	775.026 	1093.631 	-0.462 	0.201 	0.267 	
-559.631 	-1078.094 	320.710 	-0.182 	-0.272 	0.078 	
900.919 	-181.352 	-914.278 	0.186 	-0.037 	-0.227 	
-553.166 	-1542.855 	1757.191 	-0.176 	-0.378 	0.440 	
-1319.501 	1377.870 	116.646 	-0.369 	0.339 	0.021 	
399.611 	-1653.516 	-1513.016 	0.055 	-0.397 	-0.365 	
-1729.944 	-425.939 	-1616.464 	-0.452 	-0.106 	-0.393 	
-762.205 	5.382 	-1019.245 	-0.239 	-0.000 	-0.247 	
65.709 	98.427 	-156.356 	-0.019 	0.020 	-0.038 	
-1711.797 	-424.386 	1688.113 	-0.462 	-0.112 	0.415 	
-534.884 	-52.619 	-133.112 	-0.169 	-0.023 	-0.018 	
1620.417 	-849.843 	986.687 	0.358 	-0.215 	0.250 	
-1529.551 	-1263.882 	-1318.673 	-0.420 	-0.305 	-0.316 	
-1474.333 	462.041 	-14.568 	-0.386 	0.108 	-0.003 	
355.209 	533.486 	-1604.293 	0.053 	0.137 	-0.394 	
-1064.512 	420.119 	755.575 	-0.291 	0.092 	0.188 	
1732.492 	-1582.731 	1154.952 	0.374 	-0.394 	0.283 	
-463.201 	979.548 	-1117.675 	-0.143 	0.231 	-0.274 	
-1724.171 	142.903 	916.716 	-0.461 	0.033 	0.227 	
773.419 	-1282.794 	1420.738 	0.142 	-0.311 	0.353 	
-1689.945 	1193.588 	-150.281 	-0.452 	0.290 	-0.043 	
-1596.974 	722.614 	557.949 	-0.421 	0.170 	0.146 	
323.230 	-1221.431 	335.041 	0.048 	-0.304 	0.081 	
-558.850 	-1244.738 	762.225 	-0.176 	-0.313 	0.193 	
413.946 	-903.594 	-1519.991 	0.071 	-0.226 	-0.364 	
-1349.181 	-859.928 	756.491 	-0.366 	-0.203 	0.183 	
-1672.195 	-655.805 	-837.631 	-0.458 	-0.164 	-0.209 	
1009.133 	-1540.089 	-1465.409 	0.211 	-0.387 	-0.353 	
-1521.204 	-1058.536 	-1235.212 	-0.414 	-0.261 	-0.313 	
474.022 	-504.775 	-118.474 	0.074 	-0.120 	-0.025 	
897.112 	1512.206 	781.613 	0.173 	0.371 	0.184 	
1464.278 	393.511 	921.868 	0.308 	0.098 	0.230 	
793.231 	-866.435 	-1046.222 	0.158 	-0.222 	-0.247 	
1826.235 	-1536.911 	1310.787 	0.400 	-0.376 	0.327 	
-1553.993 	-758.520 	-283.925 	-0.425 	-0.184 	-0.072 	
-891.119 	1570.293 	738.963 	-0.267 	0.380 	0.190 	
-460.971 	993.331 	1411.717 	-0.157 	0.232 	0.350 	
1025.313 	270.391 	1263.830 	0.210 	0.068 	0.309 	
-190.574 	-1340.611 	1423.488 	-0.094 	-0.317 	0.342 	
-1270.659 	882.623 	623.857 	-0.346 	0.222 	0.149 	
1122.404 	1335.409 	116.831 	0.236 	0.331 	0.033 	
-866.830 	-647.935 	-669.089 	-0.243 	-0.166 	-0.164 	
-127.051 	-1068.948 	1396.798 	-0.075 	-0.271 	0.333 	
1370.682 	226.228 	205.680 	0.291 	0.049 	0.062 	
-1581.742 	-1654.308 	1066.128 	-0.419 	-0.409 	0.258 	
-562.870 	-573.974 	-446.666 	-0.168 	-0.128 	-0.112 	
1307.897 	-1296.337 	349.933 	0.278 	-0.310 	0.094 	
-135.410 	874.957 	458.871 	-0.081 	0.201 	0.109 	
-315.620 	-713.501 	-162.883 	-0.124 	-0.163 	-0.044 	
906.907 	88.247 	-926.397 	0.176 	0.023 	-0.216 	
-1346.945 	1450.319 	1029.086 	-0.377 	0.359 	0.240 	
1707.179 	-1416.631 	179.757 	0.383 	-0.348 	0.052 	
1477.182 	-57.753 	1089.500 	0.328 	-0.015 	0.269 	
451.547 	1414.665 	-15.771 	0.060 	0.354 	-0.007 	
296.968 	407.873 	922.491 	0.043 	0.092 	0.218 	
-1721.805 	1139.850 	1477.017 	-0.470 	0.272 	0.362 	
-1295.287 	-440.827 	604.528 	-0.345 	-0.115 	0.149 	
1523.545 	287.184 	-375.783 	0.320 	0.067 	-0.096 	
-900.026 	-311.071 	-1346.098 	-0.248 	-0.075 	-0.324 	
