## Las primeras 500 lineas corresponden a la esfera 1 
##las siguienets 500 lineas a la esfera 2
## Las primeras tres columnas corresponden a la posición en 'x', 'y' y 'z', las siguientes tres a las velocidades
0.571 	-1042.850 	100.489 	-0.010 	-0.246 	0.028 	
326.476 	-317.283 	-3.055 	0.086 	-0.077 	-0.003 	
377.046 	1326.040 	905.201 	0.099 	0.315 	0.207 	
-1228.698 	1365.849 	899.247 	-0.305 	0.335 	0.221 	
-270.759 	-281.633 	1270.908 	-0.053 	-0.066 	0.316 	
1354.335 	879.666 	1573.272 	0.342 	0.215 	0.376 	
1418.475 	-721.559 	-1383.110 	0.345 	-0.169 	-0.338 	
-1344.406 	-782.178 	479.419 	-0.322 	-0.178 	0.123 	
1166.020 	351.108 	772.491 	0.277 	0.096 	0.186 	
447.116 	425.002 	600.954 	0.105 	0.099 	0.152 	
1188.342 	-97.168 	72.425 	0.280 	-0.021 	0.014 	
-263.673 	-1075.769 	170.564 	-0.056 	-0.257 	0.045 	
215.307 	-765.745 	114.114 	0.067 	-0.183 	0.029 	
869.007 	1214.524 	1174.782 	0.199 	0.294 	0.281 	
-44.212 	1006.311 	-1643.942 	-0.023 	0.250 	-0.386 	
-579.469 	-119.279 	1.345 	-0.140 	-0.017 	0.003 	
-648.209 	1329.497 	-535.144 	-0.162 	0.315 	-0.132 	
144.268 	763.807 	-1466.189 	0.032 	0.172 	-0.359 	
-1917.477 	-1440.931 	-811.328 	-0.475 	-0.342 	-0.200 	
694.796 	-1668.064 	-1440.663 	0.158 	-0.407 	-0.350 	
157.540 	-1569.785 	1853.724 	0.042 	-0.368 	0.454 	
139.820 	580.367 	1629.076 	0.030 	0.137 	0.382 	
-417.703 	-753.198 	375.173 	-0.100 	-0.169 	0.085 	
-1367.586 	-1085.453 	499.211 	-0.322 	-0.254 	0.115 	
934.713 	-670.728 	1097.888 	0.235 	-0.161 	0.257 	
-642.245 	-17.228 	1442.505 	-0.142 	-0.000 	0.343 	
97.746 	-884.381 	-60.415 	0.032 	-0.205 	-0.010 	
384.015 	-1584.647 	1184.412 	0.088 	-0.393 	0.288 	
-1390.893 	1390.915 	360.127 	-0.327 	0.334 	0.088 	
-786.171 	-1204.514 	950.317 	-0.181 	-0.285 	0.234 	
-497.017 	-841.395 	-1408.150 	-0.116 	-0.197 	-0.341 	
676.803 	1119.856 	1340.709 	0.158 	0.262 	0.325 	
1350.468 	-508.458 	1244.966 	0.326 	-0.122 	0.303 	
-892.607 	925.948 	115.032 	-0.200 	0.221 	0.029 	
146.091 	-467.642 	-1549.635 	0.034 	-0.121 	-0.362 	
229.157 	-214.043 	165.810 	0.069 	-0.043 	0.040 	
-649.158 	-1323.010 	-1483.611 	-0.158 	-0.314 	-0.370 	
-648.682 	-1618.332 	1214.761 	-0.144 	-0.389 	0.293 	
-612.255 	-149.564 	870.386 	-0.152 	-0.032 	0.213 	
1048.853 	-1654.854 	1193.808 	0.252 	-0.400 	0.292 	
1787.883 	677.296 	-68.416 	0.433 	0.150 	-0.019 	
311.478 	-425.615 	145.407 	0.080 	-0.093 	0.029 	
685.769 	195.640 	1162.601 	0.151 	0.055 	0.288 	
-58.713 	-1147.182 	-746.834 	-0.025 	-0.276 	-0.178 	
273.320 	-331.473 	1125.464 	0.076 	-0.081 	0.277 	
142.010 	287.470 	-552.036 	0.044 	0.073 	-0.125 	
1733.627 	127.001 	20.311 	0.413 	0.027 	0.023 	
-406.456 	1599.133 	-420.851 	-0.098 	0.389 	-0.104 	
375.092 	-460.043 	-620.300 	0.100 	-0.114 	-0.147 	
1484.842 	952.365 	474.453 	0.361 	0.239 	0.114 	
-1370.602 	-500.097 	-1103.639 	-0.325 	-0.126 	-0.274 	
794.646 	-134.536 	788.393 	0.181 	-0.031 	0.181 	
1660.544 	-750.184 	-1644.926 	0.412 	-0.192 	-0.399 	
-144.135 	1053.401 	12.861 	-0.022 	0.250 	0.010 	
-1199.561 	1309.532 	954.614 	-0.296 	0.311 	0.229 	
-274.228 	-1558.022 	793.303 	-0.060 	-0.384 	0.198 	
-669.651 	-19.459 	-984.933 	-0.149 	-0.009 	-0.243 	
50.289 	-1390.423 	-479.344 	0.022 	-0.336 	-0.118 	
-1619.867 	1155.173 	1381.075 	-0.395 	0.286 	0.340 	
939.990 	1466.507 	592.277 	0.230 	0.348 	0.133 	
-416.409 	1576.348 	419.961 	-0.112 	0.383 	0.099 	
609.205 	937.577 	-553.301 	0.154 	0.220 	-0.131 	
-1241.586 	1691.586 	667.010 	-0.311 	0.414 	0.163 	
1126.208 	312.896 	-568.189 	0.272 	0.086 	-0.136 	
1334.928 	-1568.279 	-1593.157 	0.339 	-0.379 	-0.381 	
1918.724 	-649.839 	-1621.280 	0.479 	-0.156 	-0.393 	
1215.721 	-905.130 	-1412.669 	0.310 	-0.220 	-0.343 	
-1775.280 	1932.881 	-556.515 	-0.435 	0.480 	-0.141 	
1910.539 	896.829 	1168.587 	0.476 	0.219 	0.279 	
-278.291 	582.528 	695.219 	-0.066 	0.122 	0.170 	
1263.439 	479.523 	504.529 	0.314 	0.106 	0.115 	
515.335 	-92.333 	595.931 	0.137 	-0.016 	0.143 	
-34.286 	1010.896 	-1655.258 	0.000 	0.238 	-0.405 	
-426.946 	-1250.725 	-508.937 	-0.106 	-0.301 	-0.118 	
-742.829 	648.690 	1013.768 	-0.191 	0.154 	0.241 	
746.533 	-222.327 	-424.470 	0.179 	-0.051 	-0.086 	
-41.536 	-395.029 	-1163.976 	-0.013 	-0.083 	-0.281 	
1445.057 	855.638 	-1356.363 	0.354 	0.208 	-0.338 	
193.037 	-323.527 	-636.460 	0.041 	-0.072 	-0.159 	
-27.395 	-405.879 	1400.165 	0.000 	-0.103 	0.336 	
-239.843 	1294.194 	400.492 	-0.067 	0.303 	0.098 	
387.263 	-677.374 	-466.750 	0.082 	-0.158 	-0.104 	
829.550 	1046.257 	1364.931 	0.196 	0.258 	0.328 	
-344.636 	-1103.072 	1385.559 	-0.088 	-0.261 	0.340 	
1074.685 	-586.879 	-253.345 	0.266 	-0.132 	-0.070 	
-1000.554 	-1393.797 	-1359.208 	-0.234 	-0.333 	-0.323 	
1030.690 	-320.356 	-634.436 	0.251 	-0.084 	-0.167 	
-1062.206 	-1153.107 	1236.553 	-0.269 	-0.278 	0.301 	
-1494.087 	-1458.142 	955.663 	-0.353 	-0.353 	0.235 	
-1355.411 	-583.973 	-154.492 	-0.318 	-0.150 	-0.029 	
1761.882 	792.552 	1249.661 	0.427 	0.205 	0.300 	
48.865 	678.434 	1261.510 	0.009 	0.169 	0.306 	
116.493 	-295.281 	117.492 	0.035 	-0.078 	0.030 	
-217.676 	-1499.935 	-631.782 	-0.045 	-0.369 	-0.145 	
1451.932 	-972.041 	1441.900 	0.349 	-0.227 	0.346 	
-564.904 	932.882 	-1525.284 	-0.129 	0.233 	-0.360 	
1448.681 	371.952 	937.533 	0.360 	0.082 	0.227 	
1556.348 	358.298 	-1043.932 	0.387 	0.087 	-0.251 	
1762.879 	1411.028 	219.550 	0.442 	0.338 	0.054 	
979.725 	-750.214 	975.404 	0.228 	-0.189 	0.230 	
-1130.062 	1500.097 	817.212 	-0.272 	0.353 	0.203 	
-1835.353 	-1328.475 	-579.581 	-0.453 	-0.319 	-0.132 	
495.801 	-1715.395 	992.762 	0.122 	-0.420 	0.239 	
-753.024 	-182.526 	1299.984 	-0.179 	-0.034 	0.321 	
923.086 	-401.767 	505.142 	0.236 	-0.097 	0.127 	
-1576.768 	787.707 	1445.077 	-0.371 	0.192 	0.344 	
-1537.031 	-1088.543 	1015.799 	-0.381 	-0.259 	0.250 	
-1796.268 	1878.924 	-767.994 	-0.442 	0.465 	-0.186 	
1141.871 	-727.775 	45.333 	0.270 	-0.181 	0.020 	
1896.551 	-165.817 	-621.314 	0.468 	-0.047 	-0.140 	
-471.436 	-159.848 	930.472 	-0.109 	-0.042 	0.230 	
432.916 	-562.696 	845.825 	0.092 	-0.137 	0.205 	
764.014 	5.215 	280.782 	0.176 	-0.007 	0.062 	
-281.018 	1641.799 	-604.129 	-0.074 	0.390 	-0.137 	
-1098.480 	1499.049 	1501.280 	-0.268 	0.363 	0.368 	
-176.302 	1605.807 	1560.983 	-0.037 	0.393 	0.379 	
496.649 	-1682.009 	-306.324 	0.117 	-0.407 	-0.061 	
-1784.528 	-501.678 	1682.463 	-0.427 	-0.132 	0.403 	
1216.580 	-725.587 	-638.561 	0.292 	-0.185 	-0.144 	
-111.841 	1193.672 	216.353 	-0.038 	0.284 	0.057 	
-836.187 	181.993 	1025.098 	-0.195 	0.046 	0.257 	
944.379 	-1320.172 	-597.436 	0.231 	-0.325 	-0.144 	
771.540 	-255.246 	-1255.134 	0.184 	-0.049 	-0.305 	
1560.386 	-700.459 	1589.524 	0.369 	-0.173 	0.387 	
-1690.356 	585.037 	849.292 	-0.418 	0.137 	0.202 	
498.407 	-217.326 	-617.973 	0.111 	-0.043 	-0.142 	
-1765.928 	-1130.247 	-679.078 	-0.424 	-0.271 	-0.155 	
-1854.319 	-1727.307 	708.689 	-0.460 	-0.418 	0.168 	
-1364.068 	703.201 	-1677.488 	-0.331 	0.173 	-0.396 	
-1466.435 	-1520.036 	583.882 	-0.346 	-0.372 	0.140 	
-148.514 	-1022.248 	796.745 	-0.044 	-0.243 	0.195 	
-392.718 	1296.912 	-731.663 	-0.099 	0.316 	-0.184 	
-1018.264 	851.951 	13.527 	-0.248 	0.200 	0.001 	
34.887 	489.747 	-1469.654 	0.000 	0.111 	-0.350 	
1815.648 	-1661.693 	169.699 	0.434 	-0.399 	0.034 	
-247.916 	-1296.033 	-657.866 	-0.052 	-0.312 	-0.170 	
204.327 	-1012.099 	468.487 	0.041 	-0.243 	0.103 	
-1208.142 	-1525.974 	1201.311 	-0.281 	-0.375 	0.293 	
1414.063 	-688.165 	-702.995 	0.343 	-0.160 	-0.169 	
600.023 	-1265.125 	375.397 	0.159 	-0.302 	0.096 	
-1231.103 	-754.383 	-970.422 	-0.287 	-0.187 	-0.234 	
1596.053 	-469.359 	-420.106 	0.373 	-0.106 	-0.103 	
-1071.788 	1632.754 	383.743 	-0.263 	0.389 	0.099 	
-1298.252 	-1364.526 	207.803 	-0.316 	-0.328 	0.057 	
-407.720 	514.151 	604.132 	-0.105 	0.114 	0.144 	
998.707 	-217.422 	1424.043 	0.239 	-0.051 	0.333 	
-747.629 	-110.049 	-589.743 	-0.174 	-0.015 	-0.143 	
-13.648 	846.904 	1283.277 	-0.009 	0.201 	0.297 	
1527.598 	-1406.686 	-1638.080 	0.360 	-0.342 	-0.399 	
-138.457 	1183.695 	-832.558 	-0.024 	0.277 	-0.203 	
1504.457 	-1636.134 	430.023 	0.366 	-0.394 	0.093 	
-1187.433 	-470.680 	1023.487 	-0.276 	-0.106 	0.245 	
408.302 	914.284 	1743.223 	0.094 	0.211 	0.423 	
-1764.519 	-1731.845 	-645.464 	-0.427 	-0.417 	-0.162 	
-1486.152 	-98.432 	-1674.909 	-0.361 	-0.017 	-0.406 	
-130.447 	-705.302 	-601.626 	-0.043 	-0.170 	-0.144 	
1617.091 	-376.685 	1211.085 	0.415 	-0.090 	0.284 	
-1565.736 	-794.749 	1557.533 	-0.380 	-0.199 	0.375 	
-772.911 	-1223.037 	1728.189 	-0.180 	-0.299 	0.423 	
187.059 	-1212.887 	1013.472 	0.044 	-0.294 	0.248 	
1668.271 	-1395.759 	1278.600 	0.416 	-0.340 	0.313 	
-548.031 	305.707 	341.573 	-0.123 	0.077 	0.075 	
-549.883 	-82.810 	933.520 	-0.155 	-0.000 	0.248 	
835.305 	115.299 	-75.595 	0.211 	0.035 	-0.010 	
94.675 	-628.312 	350.948 	0.019 	-0.150 	0.078 	
-635.170 	-18.746 	-233.259 	-0.158 	-0.003 	-0.048 	
-601.914 	964.318 	-849.087 	-0.143 	0.233 	-0.206 	
1912.970 	-392.622 	-118.898 	0.466 	-0.107 	-0.027 	
554.591 	-24.706 	-210.860 	0.134 	-0.015 	-0.040 	
670.550 	-351.444 	-390.400 	0.149 	-0.090 	-0.084 	
-1090.707 	328.707 	1810.165 	-0.259 	0.078 	0.441 	
1026.610 	712.092 	64.656 	0.263 	0.165 	0.018 	
-1557.754 	314.276 	671.270 	-0.383 	0.071 	0.160 	
440.722 	-92.008 	-515.676 	0.102 	-0.031 	-0.125 	
-1793.487 	-803.501 	1528.423 	-0.443 	-0.194 	0.368 	
-1410.483 	-545.779 	-121.304 	-0.342 	-0.125 	-0.023 	
-711.326 	-390.296 	-384.865 	-0.169 	-0.094 	-0.096 	
1093.143 	975.913 	1400.550 	0.267 	0.238 	0.327 	
333.414 	-337.873 	1394.272 	0.085 	-0.079 	0.340 	
1648.533 	1012.007 	1767.864 	0.397 	0.253 	0.433 	
1421.209 	1289.290 	1406.194 	0.343 	0.315 	0.353 	
1533.980 	-1291.930 	-1319.593 	0.366 	-0.317 	-0.323 	
1101.696 	1586.847 	89.694 	0.278 	0.381 	0.020 	
-781.093 	89.215 	427.698 	-0.194 	0.016 	0.112 	
-324.595 	117.565 	-994.372 	-0.073 	0.033 	-0.250 	
-226.785 	732.007 	805.003 	-0.065 	0.175 	0.193 	
-1776.403 	-1592.521 	953.831 	-0.432 	-0.378 	0.242 	
-699.316 	550.725 	-642.725 	-0.167 	0.137 	-0.149 	
-481.527 	-1497.976 	-1133.799 	-0.118 	-0.355 	-0.276 	
-835.242 	-1450.626 	-872.761 	-0.190 	-0.349 	-0.211 	
136.978 	-1596.592 	-1316.608 	0.031 	-0.382 	-0.314 	
1391.897 	567.971 	100.724 	0.350 	0.138 	0.029 	
1563.151 	-121.947 	-1104.674 	0.379 	-0.032 	-0.259 	
-699.549 	248.159 	74.369 	-0.155 	0.056 	0.026 	
-694.241 	777.651 	418.831 	-0.180 	0.185 	0.102 	
1610.724 	-717.392 	2.575 	0.386 	-0.182 	-0.008 	
-920.737 	616.675 	-1666.418 	-0.226 	0.146 	-0.406 	
1663.724 	-142.403 	1049.429 	0.399 	-0.025 	0.259 	
334.877 	555.304 	463.144 	0.094 	0.139 	0.118 	
1022.277 	-337.486 	-699.243 	0.255 	-0.072 	-0.158 	
-1008.323 	1284.542 	286.218 	-0.242 	0.299 	0.073 	
-16.351 	-1270.933 	766.272 	0.006 	-0.296 	0.180 	
-171.888 	-136.904 	-1355.339 	-0.031 	-0.031 	-0.322 	
-485.410 	70.739 	279.962 	-0.121 	0.019 	0.069 	
-188.501 	-1437.988 	-1428.008 	-0.041 	-0.341 	-0.352 	
-390.899 	-610.268 	1497.041 	-0.088 	-0.151 	0.347 	
1804.447 	-236.912 	-1309.004 	0.443 	-0.066 	-0.314 	
-392.030 	264.338 	-276.712 	-0.091 	0.059 	-0.060 	
1498.370 	-1582.043 	1448.961 	0.373 	-0.378 	0.351 	
-522.041 	-558.446 	498.371 	-0.123 	-0.124 	0.117 	
-481.684 	-59.805 	1487.807 	-0.107 	-0.006 	0.357 	
331.914 	782.344 	163.341 	0.094 	0.188 	0.041 	
-1636.575 	1707.151 	-1238.270 	-0.401 	0.414 	-0.299 	
80.550 	-439.851 	-1682.878 	0.034 	-0.102 	-0.407 	
-297.493 	-893.573 	1049.050 	-0.067 	-0.201 	0.255 	
-991.381 	-789.456 	-710.987 	-0.248 	-0.191 	-0.168 	
902.173 	1634.310 	-1379.993 	0.221 	0.397 	-0.347 	
-961.086 	125.899 	1053.861 	-0.243 	0.030 	0.252 	
-32.886 	226.608 	810.249 	-0.015 	0.055 	0.185 	
-297.909 	-296.329 	586.016 	-0.053 	-0.085 	0.105 	
1575.059 	-375.337 	-994.293 	0.379 	-0.102 	-0.245 	
1841.160 	-1724.920 	11.539 	0.443 	-0.419 	0.012 	
-1332.302 	-989.262 	-70.890 	-0.332 	-0.244 	-0.021 	
66.486 	-1406.405 	361.180 	0.009 	-0.331 	0.093 	
-649.988 	106.359 	1377.448 	-0.161 	0.018 	0.325 	
-907.269 	1695.227 	62.019 	-0.208 	0.407 	0.022 	
-1243.161 	-1325.725 	570.691 	-0.298 	-0.313 	0.134 	
1517.667 	-625.062 	-1261.415 	0.371 	-0.148 	-0.313 	
-1085.290 	-1596.950 	1022.941 	-0.263 	-0.375 	0.248 	
-743.614 	-5.574 	614.440 	-0.178 	-0.013 	0.152 	
-787.655 	166.523 	1593.220 	-0.190 	0.040 	0.391 	
-1417.533 	1048.343 	-271.749 	-0.339 	0.251 	-0.052 	
-1343.690 	470.842 	47.555 	-0.334 	0.113 	0.012 	
-501.241 	440.063 	-832.897 	-0.119 	0.113 	-0.197 	
1490.584 	1865.524 	-1698.961 	0.358 	0.464 	-0.416 	
-1212.512 	679.896 	944.044 	-0.300 	0.163 	0.237 	
-1385.914 	-148.470 	-1444.126 	-0.326 	-0.039 	-0.349 	
823.894 	-1158.382 	558.616 	0.204 	-0.285 	0.125 	
1238.643 	1350.764 	-122.279 	0.315 	0.327 	-0.024 	
1417.717 	728.146 	-1596.744 	0.337 	0.180 	-0.378 	
936.011 	452.178 	-1083.156 	0.221 	0.105 	-0.249 	
-699.574 	-1358.082 	-391.880 	-0.163 	-0.317 	-0.097 	
1282.437 	-595.374 	159.794 	0.315 	-0.139 	0.025 	
-448.316 	1339.345 	319.685 	-0.044 	0.373 	0.096 	
373.122 	-1004.787 	1485.522 	0.093 	-0.237 	0.345 	
-846.710 	557.761 	-650.176 	-0.204 	0.131 	-0.163 	
-1237.273 	-47.835 	607.580 	-0.306 	-0.012 	0.153 	
1340.327 	-454.137 	1364.539 	0.332 	-0.113 	0.317 	
361.881 	-995.219 	-1540.237 	0.096 	-0.245 	-0.359 	
1857.628 	315.337 	-1040.982 	0.460 	0.076 	-0.254 	
614.412 	-396.984 	1334.164 	0.159 	-0.095 	0.318 	
-1126.783 	1461.927 	-326.555 	-0.257 	0.354 	-0.077 	
-703.303 	-687.531 	583.575 	-0.173 	-0.165 	0.147 	
-604.280 	-771.196 	279.452 	-0.142 	-0.185 	0.082 	
1647.271 	6.209 	726.066 	0.403 	0.012 	0.181 	
-1124.333 	110.547 	1013.401 	-0.272 	0.027 	0.258 	
8.823 	659.139 	-1250.009 	-0.008 	0.160 	-0.308 	
-1208.769 	-1574.902 	-1549.789 	-0.282 	-0.377 	-0.383 	
860.864 	1354.142 	-619.674 	0.202 	0.321 	-0.147 	
-1655.917 	795.588 	996.339 	-0.403 	0.193 	0.234 	
-1723.899 	95.739 	665.260 	-0.425 	0.030 	0.160 	
547.030 	-1383.536 	-1421.893 	0.127 	-0.339 	-0.333 	
-2201.111 	100.267 	-2.079 	-0.594 	-0.015 	-0.005 	
-1579.255 	-634.974 	825.216 	-0.376 	-0.156 	0.206 	
960.062 	-366.887 	-1125.259 	0.228 	-0.090 	-0.282 	
467.349 	313.627 	190.737 	0.121 	0.077 	0.057 	
-45.241 	-601.757 	415.375 	-0.011 	-0.153 	0.088 	
-1681.885 	154.199 	-966.749 	-0.412 	0.032 	-0.241 	
1368.905 	-149.208 	1859.732 	0.337 	-0.032 	0.458 	
-333.569 	-567.995 	976.430 	-0.080 	-0.145 	0.224 	
636.268 	-991.668 	-393.938 	0.146 	-0.237 	-0.090 	
231.696 	-238.301 	279.359 	0.062 	-0.066 	0.060 	
-1489.546 	-1759.806 	-889.800 	-0.363 	-0.432 	-0.214 	
851.393 	-817.398 	-1454.822 	0.204 	-0.185 	-0.344 	
343.897 	446.540 	-372.146 	0.093 	0.147 	-0.088 	
-683.063 	-214.009 	550.979 	-0.160 	-0.041 	0.138 	
1881.005 	953.117 	-147.561 	0.468 	0.227 	-0.038 	
435.642 	-210.127 	-972.292 	0.100 	-0.049 	-0.237 	
-1383.852 	469.642 	-1720.736 	-0.331 	0.119 	-0.415 	
648.030 	536.988 	507.791 	0.164 	0.119 	0.130 	
1687.573 	128.771 	-1383.504 	0.399 	0.027 	-0.329 	
-684.100 	213.459 	-862.992 	-0.163 	0.059 	-0.214 	
-1675.312 	1530.407 	642.539 	-0.416 	0.371 	0.157 	
50.228 	-1336.736 	-1572.073 	0.020 	-0.321 	-0.389 	
1190.800 	1513.712 	-922.470 	0.290 	0.365 	-0.237 	
867.728 	-687.921 	164.666 	0.206 	-0.164 	0.051 	
886.837 	-1474.164 	-1175.344 	0.209 	-0.351 	-0.293 	
570.742 	-688.107 	970.869 	0.132 	-0.166 	0.233 	
741.969 	-745.980 	1179.039 	0.179 	-0.174 	0.285 	
1510.200 	1651.550 	-1453.207 	0.361 	0.403 	-0.362 	
1393.530 	-267.867 	1006.910 	0.344 	-0.057 	0.252 	
601.102 	-412.871 	-344.151 	0.150 	-0.093 	-0.082 	
-680.212 	-648.534 	1264.780 	-0.173 	-0.153 	0.307 	
-800.226 	-350.989 	1389.199 	-0.192 	-0.094 	0.335 	
319.984 	-836.877 	-526.726 	0.080 	-0.199 	-0.131 	
-1129.316 	-173.194 	-26.150 	-0.271 	-0.046 	-0.010 	
-214.343 	1411.455 	-1748.205 	-0.040 	0.348 	-0.423 	
-1326.662 	-439.067 	897.414 	-0.329 	-0.106 	0.214 	
-58.994 	-1375.959 	1444.499 	-0.015 	-0.323 	0.357 	
-675.310 	505.188 	1369.164 	-0.153 	0.128 	0.328 	
-179.923 	-55.707 	964.781 	-0.049 	-0.017 	0.234 	
1210.796 	-917.149 	21.956 	0.298 	-0.226 	-0.004 	
-111.107 	-623.690 	392.673 	-0.010 	-0.146 	0.102 	
-370.828 	-613.250 	1373.448 	-0.075 	-0.146 	0.334 	
-1706.157 	-482.212 	462.691 	-0.422 	-0.117 	0.113 	
-439.799 	-1144.290 	-246.166 	-0.116 	-0.270 	-0.059 	
495.061 	-1652.727 	896.721 	0.114 	-0.409 	0.214 	
609.848 	-1251.737 	-343.464 	0.143 	-0.304 	-0.075 	
698.495 	-1534.730 	-195.007 	0.173 	-0.374 	-0.038 	
473.520 	79.384 	1396.650 	0.106 	0.013 	0.336 	
-1538.647 	754.854 	105.742 	-0.375 	0.180 	0.023 	
-377.067 	385.345 	721.475 	-0.079 	0.087 	0.169 	
-594.988 	-901.708 	1451.375 	-0.149 	-0.218 	0.360 	
-1270.643 	-1526.574 	1310.765 	-0.307 	-0.364 	0.328 	
918.133 	1042.912 	-1604.133 	0.218 	0.249 	-0.381 	
-551.170 	950.465 	-1542.219 	-0.124 	0.224 	-0.366 	
-127.067 	-1294.443 	-1041.378 	-0.017 	-0.312 	-0.253 	
-47.692 	-82.920 	240.114 	0.002 	-0.029 	0.055 	
1124.814 	-526.732 	304.960 	0.274 	-0.127 	0.066 	
877.388 	533.777 	-988.840 	0.226 	0.129 	-0.236 	
-1119.992 	-1488.233 	882.335 	-0.264 	-0.370 	0.207 	
1851.168 	-371.573 	-1690.140 	0.458 	-0.090 	-0.414 	
-296.323 	1200.621 	418.365 	-0.061 	0.293 	0.096 	
-972.279 	1365.604 	-1175.738 	-0.238 	0.330 	-0.287 	
-1340.430 	900.226 	-466.786 	-0.311 	0.216 	-0.113 	
-8.429 	473.475 	-167.502 	-0.009 	0.101 	-0.040 	
-1473.216 	565.746 	129.220 	-0.344 	0.147 	0.028 	
-69.059 	-1279.650 	-994.140 	-0.019 	-0.303 	-0.228 	
-1195.053 	-696.012 	85.089 	-0.291 	-0.164 	0.010 	
911.108 	736.816 	-955.126 	0.232 	0.179 	-0.226 	
-1161.742 	1665.838 	205.912 	-0.282 	0.397 	0.060 	
844.658 	-154.774 	-1234.757 	0.210 	-0.035 	-0.297 	
-174.937 	153.531 	-362.439 	-0.037 	0.025 	-0.077 	
-1611.894 	-823.699 	-1496.635 	-0.388 	-0.209 	-0.368 	
752.546 	-307.047 	234.770 	0.176 	-0.077 	0.062 	
-1324.291 	-331.150 	1459.220 	-0.321 	-0.077 	0.355 	
1308.420 	-131.977 	1233.681 	0.317 	-0.037 	0.289 	
486.217 	-122.664 	-1123.142 	0.110 	-0.038 	-0.269 	
1378.447 	546.885 	-96.625 	0.326 	0.135 	-0.030 	
609.026 	275.663 	1000.326 	0.141 	0.071 	0.238 	
-107.619 	760.352 	-1272.341 	-0.032 	0.184 	-0.301 	
1685.160 	-1249.523 	-542.662 	0.420 	-0.300 	-0.125 	
-1528.697 	-1540.733 	1616.745 	-0.374 	-0.377 	0.391 	
-1343.187 	-935.718 	-35.899 	-0.320 	-0.223 	-0.009 	
1046.751 	243.304 	351.488 	0.239 	0.058 	0.085 	
1680.365 	-426.586 	460.358 	0.407 	-0.098 	0.104 	
-1403.094 	510.681 	742.703 	-0.335 	0.130 	0.191 	
71.103 	-98.798 	8.497 	0.007 	-0.022 	0.007 	
-490.512 	-985.489 	1346.207 	-0.107 	-0.233 	0.330 	
-191.779 	-815.570 	-661.921 	-0.040 	-0.201 	-0.151 	
1622.108 	-632.466 	-1110.335 	0.392 	-0.163 	-0.265 	
205.589 	-972.018 	-920.028 	0.038 	-0.231 	-0.217 	
1249.023 	-1358.161 	1695.966 	0.311 	-0.320 	0.408 	
-1569.326 	-646.437 	-834.237 	-0.374 	-0.147 	-0.194 	
-1405.909 	-378.658 	-540.561 	-0.347 	-0.099 	-0.127 	
201.446 	-356.352 	1302.741 	0.063 	-0.087 	0.311 	
962.614 	-961.170 	734.480 	0.247 	-0.232 	0.171 	
-880.837 	733.861 	759.448 	-0.223 	0.172 	0.187 	
-1544.340 	-874.007 	1285.382 	-0.370 	-0.199 	0.313 	
-1203.679 	-6.346 	398.073 	-0.293 	-0.004 	0.103 	
-986.271 	-1154.256 	187.991 	-0.230 	-0.273 	0.040 	
1525.375 	1473.464 	975.693 	0.374 	0.343 	0.232 	
1506.927 	834.666 	-288.036 	0.376 	0.207 	-0.072 	
-1460.578 	-1376.079 	355.435 	-0.352 	-0.329 	0.093 	
-1198.715 	378.094 	680.357 	-0.293 	0.083 	0.166 	
-994.905 	142.859 	817.278 	-0.228 	0.041 	0.202 	
-904.972 	-435.071 	-1721.888 	-0.220 	-0.111 	-0.426 	
-841.299 	-915.357 	-1331.157 	-0.206 	-0.227 	-0.328 	
1819.999 	1849.920 	-881.336 	0.446 	0.457 	-0.209 	
1745.669 	636.328 	-1391.902 	0.425 	0.148 	-0.346 	
-443.947 	-728.079 	-489.188 	-0.107 	-0.182 	-0.114 	
-472.055 	-692.140 	1146.381 	-0.112 	-0.179 	0.274 	
443.354 	-96.004 	197.765 	0.116 	-0.027 	0.041 	
555.794 	190.393 	378.388 	0.140 	0.037 	0.087 	
-995.543 	1064.041 	1018.826 	-0.249 	0.257 	0.246 	
-1136.357 	1368.258 	-1566.353 	-0.276 	0.323 	-0.379 	
-462.837 	-1060.550 	-1721.736 	-0.108 	-0.247 	-0.420 	
1404.989 	-693.598 	-1081.498 	0.329 	-0.165 	-0.258 	
-22.737 	9.541 	-1070.221 	-0.004 	0.004 	-0.258 	
537.748 	1335.562 	558.918 	0.133 	0.329 	0.141 	
874.125 	-140.275 	-10.944 	0.222 	-0.032 	-0.004 	
704.930 	816.684 	959.293 	0.174 	0.192 	0.245 	
485.574 	-674.746 	-746.180 	0.126 	-0.160 	-0.172 	
1529.608 	-1250.356 	-1073.374 	0.385 	-0.304 	-0.260 	
492.941 	401.639 	-1025.774 	0.122 	0.098 	-0.251 	
-1120.730 	-1184.060 	-33.038 	-0.265 	-0.294 	-0.006 	
947.194 	598.042 	756.999 	0.216 	0.140 	0.181 	
1294.566 	506.265 	178.727 	0.327 	0.112 	0.038 	
-128.266 	-1502.318 	1381.555 	-0.027 	-0.359 	0.345 	
103.859 	556.942 	1428.554 	0.038 	0.134 	0.335 	
1245.635 	-65.358 	1369.148 	0.313 	-0.014 	0.328 	
1459.184 	571.504 	-84.548 	0.349 	0.131 	-0.012 	
-973.608 	-1828.580 	1807.632 	-0.231 	-0.446 	0.445 	
-1866.024 	-1538.165 	1681.565 	-0.458 	-0.368 	0.410 	
1747.440 	1443.517 	5.877 	0.435 	0.342 	0.001 	
1793.049 	379.446 	1517.020 	0.436 	0.080 	0.372 	
690.778 	203.778 	1172.335 	0.160 	0.036 	0.267 	
-1166.924 	-193.105 	-1454.913 	-0.283 	-0.045 	-0.349 	
1252.667 	642.220 	-537.697 	0.317 	0.156 	-0.133 	
-419.941 	890.576 	-1517.601 	-0.105 	0.208 	-0.359 	
688.261 	725.377 	-221.639 	0.164 	0.174 	-0.056 	
1035.065 	-653.108 	-913.053 	0.253 	-0.153 	-0.215 	
1388.321 	1293.162 	1614.290 	0.336 	0.322 	0.396 	
195.013 	1454.578 	-1052.381 	0.036 	0.347 	-0.251 	
-1499.409 	280.518 	616.875 	-0.355 	0.074 	0.152 	
433.103 	-1602.569 	1111.802 	0.113 	-0.386 	0.260 	
534.324 	-632.986 	-167.956 	0.123 	-0.159 	-0.040 	
1282.055 	78.400 	-124.057 	0.310 	0.028 	-0.035 	
-787.105 	724.762 	-1135.551 	-0.183 	0.180 	-0.279 	
820.952 	-1418.365 	809.045 	0.194 	-0.348 	0.198 	
1383.479 	1409.043 	60.798 	0.344 	0.340 	0.020 	
941.907 	-1541.578 	1403.902 	0.226 	-0.361 	0.338 	
1667.955 	-149.506 	350.204 	0.404 	-0.024 	0.091 	
1865.710 	1481.594 	979.428 	0.448 	0.359 	0.239 	
480.523 	-1233.445 	684.537 	0.128 	-0.300 	0.166 	
-952.181 	-1694.551 	1595.461 	-0.232 	-0.417 	0.386 	
707.810 	-362.880 	-365.190 	0.180 	-0.077 	-0.086 	
-116.214 	48.076 	280.567 	-0.034 	0.006 	0.061 	
-1478.403 	1859.902 	1526.669 	-0.367 	0.461 	0.368 	
64.222 	157.813 	1454.695 	0.029 	0.040 	0.344 	
-218.487 	1453.948 	1345.285 	-0.056 	0.359 	0.319 	
1222.484 	-1310.022 	1446.404 	0.306 	-0.325 	0.355 	
-1316.407 	-1411.934 	1420.959 	-0.321 	-0.330 	0.344 	
-1547.708 	-1006.373 	1168.243 	-0.376 	-0.237 	0.284 	
-1168.485 	1069.732 	517.796 	-0.275 	0.265 	0.131 	
-285.571 	-1790.364 	343.578 	-0.056 	-0.433 	0.081 	
203.782 	-856.390 	1216.704 	0.055 	-0.204 	0.294 	
-49.479 	184.902 	184.437 	-0.014 	0.036 	0.052 	
-1385.887 	-1586.535 	-1311.272 	-0.344 	-0.385 	-0.308 	
-825.636 	-38.596 	897.548 	-0.193 	-0.016 	0.214 	
1287.451 	467.915 	201.155 	0.301 	0.116 	0.055 	
627.484 	-894.868 	1173.482 	0.157 	-0.223 	0.290 	
-1318.925 	-778.278 	-1123.142 	-0.314 	-0.181 	-0.267 	
75.080 	-738.844 	-339.323 	0.009 	-0.221 	-0.078 	
1741.766 	140.825 	21.978 	0.407 	0.029 	-0.002 	
-828.191 	-1178.877 	-1110.338 	-0.196 	-0.288 	-0.260 	
1369.366 	-857.861 	86.248 	0.340 	-0.202 	0.024 	
-457.121 	1189.647 	1036.732 	-0.098 	0.283 	0.247 	
284.069 	-429.236 	1484.867 	0.069 	-0.101 	0.351 	
1464.417 	-204.381 	800.385 	0.358 	-0.053 	0.187 	
-464.424 	62.795 	-1760.125 	-0.106 	0.020 	-0.429 	
-801.296 	-269.437 	-42.955 	-0.192 	-0.076 	-0.003 	
361.976 	1371.529 	711.426 	0.082 	0.329 	0.175 	
-1546.723 	411.380 	-281.943 	-0.380 	0.093 	-0.072 	
884.212 	-878.729 	471.294 	0.208 	-0.204 	0.107 	
-296.526 	323.782 	-361.276 	-0.083 	0.073 	-0.088 	
1287.264 	-1368.801 	272.519 	0.312 	-0.333 	0.072 	
175.039 	-323.895 	490.083 	0.031 	-0.073 	0.115 	
1691.180 	-1400.526 	569.733 	0.420 	-0.334 	0.137 	
-805.589 	162.794 	-112.007 	-0.183 	0.037 	-0.026 	
-1327.167 	157.443 	1445.297 	-0.324 	0.050 	0.346 	
1765.336 	701.129 	-192.308 	0.428 	0.160 	-0.034 	
-1073.039 	1327.383 	-827.147 	-0.252 	0.327 	-0.194 	
-1071.305 	1294.192 	-475.827 	-0.246 	0.312 	-0.116 	
1280.483 	-433.973 	-178.996 	0.303 	-0.091 	-0.040 	
-1388.734 	302.983 	1306.107 	-0.329 	0.077 	0.315 	
1432.359 	-857.094 	-1712.166 	0.360 	-0.200 	-0.414 	
-1215.122 	-1654.137 	-906.474 	-0.293 	-0.396 	-0.219 	
-370.049 	-187.661 	1291.409 	-0.079 	-0.046 	0.304 	
-98.374 	-857.652 	-106.296 	-0.027 	-0.204 	-0.038 	
-150.951 	-232.131 	634.193 	-0.024 	-0.057 	0.161 	
1025.805 	453.339 	395.542 	0.257 	0.113 	0.102 	
636.415 	-1368.778 	-5.848 	0.163 	-0.320 	0.005 	
939.973 	-1526.633 	-1488.647 	0.218 	-0.370 	-0.361 	
-1002.124 	1514.730 	-427.826 	-0.240 	0.359 	-0.107 	
-1276.065 	1403.087 	388.947 	-0.298 	0.346 	0.092 	
-4.636 	-133.361 	-460.513 	0.002 	-0.035 	-0.115 	
-121.902 	-1347.600 	1008.522 	-0.015 	-0.322 	0.241 	
456.380 	-546.419 	1516.010 	0.108 	-0.125 	0.374 	
1491.657 	1192.119 	-1576.642 	0.370 	0.298 	-0.384 	
35.434 	-882.674 	-354.454 	0.006 	-0.213 	-0.074 	
1765.776 	1237.450 	-46.482 	0.441 	0.296 	-0.014 	
-685.546 	1036.541 	-1834.349 	-0.154 	0.245 	-0.443 	
-54.602 	141.604 	-330.556 	-0.015 	0.023 	-0.085 	
-1404.021 	-339.716 	592.083 	-0.326 	-0.085 	0.146 	
804.444 	-204.115 	9.844 	0.190 	-0.061 	0.000 	
-497.274 	-342.716 	1454.883 	-0.123 	-0.083 	0.337 	
-284.507 	79.065 	-1767.229 	-0.066 	0.026 	-0.427 	
1367.596 	557.945 	636.317 	0.318 	0.137 	0.149 	
-1447.082 	-908.828 	-1943.285 	-0.344 	-0.217 	-0.482 	
1612.433 	-342.880 	383.058 	0.385 	-0.075 	0.096 	
1004.981 	-1626.070 	229.507 	0.241 	-0.396 	0.065 	
820.735 	1551.665 	-1040.803 	0.211 	0.367 	-0.248 	
1321.938 	398.384 	-1119.431 	0.314 	0.104 	-0.265 	
50.498 	-1810.360 	1571.079 	0.020 	-0.446 	0.376 	
604.255 	-555.050 	544.802 	0.161 	-0.133 	0.128 	
42.120 	1725.066 	786.267 	0.024 	0.417 	0.192 	
1392.821 	-903.900 	-1077.485 	0.350 	-0.222 	-0.260 	
693.049 	1603.829 	-94.433 	0.174 	0.389 	-0.012 	
857.710 	468.110 	-519.147 	0.196 	0.114 	-0.123 	
1426.896 	1606.163 	-396.266 	0.338 	0.378 	-0.095 	
760.685 	852.876 	-533.874 	0.199 	0.205 	-0.127 	
563.999 	-443.710 	-227.291 	0.149 	-0.115 	-0.056 	
506.046 	-370.805 	593.907 	0.124 	-0.090 	0.128 	
-455.901 	-1170.879 	-746.303 	-0.117 	-0.283 	-0.171 	
-1706.987 	-574.786 	1265.049 	-0.404 	-0.133 	0.304 	
-1455.735 	-1243.402 	-145.579 	-0.346 	-0.306 	-0.044 	
408.560 	1469.291 	797.408 	0.095 	0.361 	0.191 	
-344.525 	-500.991 	682.316 	-0.093 	-0.119 	0.164 	
955.558 	-1632.163 	212.897 	0.239 	-0.395 	0.055 	
-1615.731 	-685.510 	1055.574 	-0.423 	-0.164 	0.251 	
1274.685 	-1500.067 	-1600.631 	0.271 	-0.372 	-0.381 	
-1501.546 	-660.659 	-1352.676 	-0.405 	-0.151 	-0.328 	
-481.370 	-1502.604 	714.053 	-0.148 	-0.356 	0.183 	
1168.124 	856.522 	-217.238 	0.233 	0.199 	-0.056 	
-970.832 	-1429.885 	857.342 	-0.284 	-0.348 	0.212 	
1925.163 	-1462.547 	-1508.141 	0.430 	-0.361 	-0.371 	
1369.897 	-1010.757 	884.330 	0.290 	-0.245 	0.224 	
-505.377 	-901.345 	-1500.965 	-0.174 	-0.211 	-0.361 	
791.262 	869.041 	-1178.310 	0.146 	0.209 	-0.291 	
1364.798 	528.656 	188.675 	0.293 	0.134 	0.037 	
339.411 	68.718 	401.116 	0.025 	0.008 	0.095 	
-1601.265 	1519.613 	1641.257 	-0.436 	0.366 	0.392 	
702.434 	-1229.278 	635.914 	0.114 	-0.298 	0.154 	
672.933 	1837.026 	1661.847 	0.124 	0.448 	0.393 	
-49.975 	1414.501 	1049.719 	-0.045 	0.343 	0.245 	
1215.739 	-515.127 	671.887 	0.261 	-0.119 	0.168 	
466.250 	-1722.469 	1623.458 	0.060 	-0.416 	0.393 	
-162.230 	1619.189 	562.802 	-0.077 	0.390 	0.146 	
964.140 	-1619.832 	1476.669 	0.195 	-0.397 	0.353 	
353.041 	448.257 	815.762 	0.039 	0.107 	0.198 	
-650.431 	1660.200 	-1680.222 	-0.188 	0.398 	-0.404 	
495.903 	559.899 	33.057 	0.092 	0.138 	0.010 	
1311.661 	90.440 	-196.847 	0.266 	0.029 	-0.054 	
-1802.831 	646.952 	-952.527 	-0.489 	0.157 	-0.229 	
238.262 	1263.051 	766.339 	0.009 	0.310 	0.193 	
222.557 	-572.082 	1.971 	0.015 	-0.145 	0.005 	
-111.594 	-1271.540 	-236.465 	-0.072 	-0.312 	-0.050 	
-1124.690 	-308.970 	-373.818 	-0.324 	-0.073 	-0.092 	
-476.258 	797.534 	-1672.821 	-0.147 	0.189 	-0.401 	
363.924 	613.876 	-298.732 	0.058 	0.145 	-0.064 	
-612.187 	1631.431 	498.372 	-0.180 	0.401 	0.127 	
-1076.636 	1179.316 	-1503.728 	-0.312 	0.283 	-0.370 	
107.559 	1516.980 	1255.699 	-0.019 	0.369 	0.295 	
560.026 	-1688.429 	1455.508 	0.092 	-0.402 	0.353 	
516.076 	-1404.424 	179.975 	0.089 	-0.332 	0.050 	
309.470 	-283.866 	-1321.367 	0.026 	-0.064 	-0.318 	
-1286.360 	482.828 	1527.254 	-0.359 	0.108 	0.375 	
-1739.340 	1067.931 	6.254 	-0.467 	0.245 	0.005 	
1521.063 	53.711 	-1058.446 	0.330 	0.013 	-0.246 	
-752.894 	-679.859 	-957.838 	-0.220 	-0.155 	-0.237 	
-1194.564 	-898.869 	-528.477 	-0.319 	-0.206 	-0.128 	
998.930 	-1568.955 	-970.521 	0.190 	-0.376 	-0.235 	
-1190.614 	494.501 	-1077.993 	-0.326 	0.123 	-0.248 	
-642.223 	-294.120 	-442.050 	-0.206 	-0.062 	-0.112 	
1536.837 	1754.872 	-936.567 	0.334 	0.435 	-0.219 	
740.910 	-1132.698 	-973.579 	0.138 	-0.267 	-0.243 	
-1120.701 	1409.902 	-1521.934 	-0.313 	0.330 	-0.373 	
-441.524 	-838.003 	-687.418 	-0.132 	-0.203 	-0.165 	
76.639 	-261.891 	495.942 	-0.035 	-0.067 	0.119 	
61.762 	23.153 	73.977 	-0.029 	0.010 	0.015 	
689.441 	1830.892 	-146.859 	0.139 	0.445 	-0.035 	
713.597 	-1068.645 	-522.912 	0.144 	-0.257 	-0.123 	
1144.406 	739.673 	600.444 	0.232 	0.180 	0.144 	
-1358.685 	-232.459 	975.776 	-0.370 	-0.044 	0.228 	
-409.361 	1143.280 	1030.885 	-0.137 	0.284 	0.257 	
-1130.482 	739.772 	1292.122 	-0.327 	0.179 	0.309 	
-495.865 	-351.874 	-718.188 	-0.154 	-0.076 	-0.166 	
-1088.059 	-788.844 	-624.780 	-0.293 	-0.200 	-0.151 	
-1103.858 	0.229 	170.708 	-0.305 	0.009 	0.035 	
-373.211 	-1478.628 	483.256 	-0.121 	-0.348 	0.122 	
515.854 	-206.762 	-47.710 	0.085 	-0.049 	-0.015 	
966.127 	525.047 	882.012 	0.204 	0.127 	0.203 	
47.067 	-187.686 	-1538.833 	-0.040 	-0.040 	-0.367 	
-0.989 	-825.083 	-717.384 	-0.036 	-0.190 	-0.175 	
836.777 	-115.663 	1496.949 	0.164 	-0.030 	0.360 	
260.366 	-461.438 	283.572 	0.012 	-0.113 	0.078 	
244.578 	-1464.059 	1587.813 	0.023 	-0.346 	0.387 	
596.216 	310.070 	745.477 	0.104 	0.078 	0.179 	
184.944 	-1360.168 	-163.449 	-0.008 	-0.328 	-0.040 	
132.700 	-1355.285 	-713.862 	-0.019 	-0.322 	-0.175 	
-1426.195 	-1333.466 	-111.995 	-0.387 	-0.313 	-0.024 	
-1434.449 	-1049.595 	-471.989 	-0.400 	-0.254 	-0.113 	
1525.560 	-1465.670 	-381.632 	0.338 	-0.358 	-0.101 	
-294.658 	-672.747 	-814.222 	-0.117 	-0.172 	-0.200 	
-324.808 	-248.073 	114.258 	-0.131 	-0.063 	0.029 	
-542.752 	1276.607 	-896.096 	-0.167 	0.314 	-0.221 	
-683.125 	597.248 	545.739 	-0.211 	0.151 	0.125 	
-272.258 	479.883 	-861.252 	-0.117 	0.122 	-0.207 	
-1330.947 	-1063.073 	708.334 	-0.354 	-0.251 	0.169 	
836.122 	-1181.177 	-293.252 	0.170 	-0.282 	-0.064 	
1281.565 	327.721 	1259.448 	0.259 	0.084 	0.303 	
-1390.723 	912.661 	1184.742 	-0.369 	0.220 	0.279 	
-660.193 	422.103 	497.915 	-0.213 	0.101 	0.118 	
-856.132 	-1291.898 	1814.605 	-0.243 	-0.300 	0.441 	
-925.843 	-946.725 	119.773 	-0.265 	-0.233 	0.039 	
-1026.855 	168.861 	-1260.481 	-0.285 	0.039 	-0.307 	
1443.812 	19.321 	-1340.819 	0.320 	0.001 	-0.321 	
311.385 	590.674 	1502.080 	0.041 	0.149 	0.358 	
-951.390 	864.950 	779.118 	-0.264 	0.204 	0.181 	
-519.410 	880.811 	1164.347 	-0.153 	0.210 	0.281 	
-1480.661 	1305.610 	252.142 	-0.401 	0.328 	0.064 	
-402.441 	-575.617 	-722.839 	-0.132 	-0.149 	-0.164 	
-534.992 	-1324.178 	330.993 	-0.171 	-0.317 	0.091 	
1749.717 	1490.582 	-1117.782 	0.396 	0.364 	-0.271 	
143.473 	-1138.819 	-1090.586 	0.004 	-0.274 	-0.272 	
-885.032 	-1507.959 	-1315.048 	-0.255 	-0.376 	-0.313 	
613.792 	1895.886 	-747.292 	0.102 	0.464 	-0.188 	
498.176 	-974.326 	1363.240 	0.072 	-0.239 	0.330 	
1847.410 	-148.357 	-1111.432 	0.416 	-0.040 	-0.271 	
580.739 	-242.605 	288.066 	0.091 	-0.059 	0.068 	
442.520 	1668.865 	-894.504 	0.059 	0.405 	-0.218 	
-1102.902 	-685.063 	-668.074 	-0.304 	-0.153 	-0.159 	
-615.569 	1537.830 	-390.108 	-0.191 	0.357 	-0.089 	
-572.676 	-323.795 	-1398.699 	-0.173 	-0.077 	-0.336 	
798.515 	-1610.976 	-745.776 	0.159 	-0.396 	-0.173 	
1151.367 	-442.323 	-31.364 	0.232 	-0.098 	0.001 	
1682.836 	21.616 	1006.444 	0.376 	0.006 	0.244 	
915.378 	1255.535 	-1706.289 	0.193 	0.302 	-0.416 	
-1319.225 	503.085 	1107.771 	-0.347 	0.123 	0.264 	
-158.714 	-1.374 	464.659 	-0.070 	0.002 	0.116 	
-498.866 	1330.540 	1151.590 	-0.167 	0.325 	0.280 	
1840.275 	1463.280 	-323.642 	0.408 	0.355 	-0.081 	
-1467.271 	202.524 	1133.544 	-0.398 	0.038 	0.270 	
-1717.298 	436.873 	-1259.051 	-0.447 	0.109 	-0.305 	
-1103.110 	-617.177 	-274.062 	-0.308 	-0.153 	-0.070 	
577.038 	532.148 	-740.703 	0.088 	0.128 	-0.186 	
1315.365 	1682.361 	-1091.113 	0.281 	0.416 	-0.271 	
-1130.468 	691.026 	-46.663 	-0.315 	0.157 	-0.016 	
314.394 	133.778 	339.681 	0.025 	0.027 	0.081 	
334.462 	-1338.193 	-682.211 	0.027 	-0.323 	-0.167 	
-1300.331 	-204.067 	-856.815 	-0.363 	-0.049 	-0.200 	
1855.208 	1140.140 	-1079.488 	0.420 	0.281 	-0.264 	
1241.952 	264.830 	941.227 	0.263 	0.071 	0.217 	
487.531 	1513.064 	317.238 	0.073 	0.356 	0.074 	
587.518 	-409.341 	-628.116 	0.093 	-0.104 	-0.142 	
1423.679 	1318.593 	-1155.434 	0.295 	0.321 	-0.280 	
1717.662 	404.331 	-503.144 	0.385 	0.099 	-0.121 	
-995.592 	459.426 	-327.888 	-0.291 	0.100 	-0.073 	
-688.442 	-1474.292 	-427.157 	-0.204 	-0.344 	-0.106 	
912.666 	1782.966 	-1684.587 	0.177 	0.437 	-0.407 	
1605.759 	628.697 	-431.647 	0.348 	0.159 	-0.104 	
-1157.604 	-1040.994 	-1027.443 	-0.326 	-0.253 	-0.239 	
-1556.087 	99.899 	892.047 	-0.428 	0.027 	0.221 	
1760.698 	-942.192 	1415.483 	0.396 	-0.226 	0.334 	
1374.004 	104.744 	730.539 	0.279 	0.027 	0.178 	
446.217 	1292.983 	1027.747 	0.072 	0.320 	0.250 	
-1547.490 	1440.345 	-1137.508 	-0.424 	0.346 	-0.284 	
-1504.274 	140.709 	1628.869 	-0.391 	0.034 	0.395 	
1647.817 	-1161.762 	-751.166 	0.358 	-0.291 	-0.184 	
-693.776 	689.779 	707.448 	-0.222 	0.165 	0.175 	
928.415 	1118.159 	443.192 	0.181 	0.268 	0.112 	
1326.494 	-216.546 	635.002 	0.287 	-0.056 	0.155 	
1219.921 	558.563 	608.170 	0.246 	0.125 	0.138 	
-1214.918 	-351.946 	1516.099 	-0.327 	-0.086 	0.374 	
1739.508 	-1326.864 	807.188 	0.385 	-0.318 	0.198 	
-336.761 	1166.801 	-1577.469 	-0.132 	0.281 	-0.382 	
-1285.897 	-1344.658 	2178.033 	-0.415 	-0.367 	0.616 	
338.605 	926.908 	43.935 	0.048 	0.221 	0.008 	
471.336 	10.113 	221.160 	0.079 	0.007 	0.061 	
703.561 	1303.896 	1616.289 	0.139 	0.325 	0.390 	
-1221.601 	192.246 	-123.106 	-0.341 	0.057 	-0.027 	
-1611.831 	501.744 	-1537.097 	-0.429 	0.124 	-0.366 	
692.451 	839.753 	254.054 	0.136 	0.203 	0.061 	
-416.428 	-1183.841 	436.113 	-0.147 	-0.291 	0.102 	
950.353 	-310.114 	-675.325 	0.200 	-0.078 	-0.161 	
-351.396 	-215.901 	1185.600 	-0.126 	-0.059 	0.278 	
-1337.774 	1235.559 	1646.924 	-0.359 	0.305 	0.407 	
1114.578 	-858.260 	115.641 	0.232 	-0.205 	0.040 	
-1178.705 	-791.681 	-426.922 	-0.335 	-0.188 	-0.103 	
201.326 	1308.536 	720.400 	0.002 	0.314 	0.173 	
-538.135 	-433.368 	-1576.189 	-0.157 	-0.105 	-0.377 	
-1052.656 	71.978 	-1323.935 	-0.307 	0.024 	-0.318 	
145.101 	911.164 	110.452 	0.001 	0.225 	0.025 	
-904.565 	-840.295 	48.624 	-0.265 	-0.194 	0.022 	
-1384.743 	-1569.889 	1684.702 	-0.380 	-0.379 	0.418 	
456.765 	-6.753 	564.667 	0.074 	-0.004 	0.138 	
1747.839 	725.760 	-624.232 	0.377 	0.172 	-0.148 	
1779.740 	-1171.700 	1206.664 	0.396 	-0.287 	0.293 	
-1688.169 	-887.284 	-11.923 	-0.447 	-0.205 	-0.006 	
-601.875 	264.943 	-1284.481 	-0.196 	0.065 	-0.301 	
135.745 	-128.140 	791.073 	-0.017 	-0.025 	0.196 	
1356.001 	-544.407 	-292.532 	0.273 	-0.136 	-0.071 	
275.917 	-29.496 	-1070.658 	0.032 	-0.007 	-0.260 	
1882.369 	-1494.169 	-1907.465 	0.418 	-0.358 	-0.472 	
-89.462 	-1000.349 	-356.249 	-0.058 	-0.229 	-0.095 	
-788.462 	1373.730 	1485.496 	-0.225 	0.331 	0.356 	
1248.353 	200.556 	-1305.672 	0.251 	0.048 	-0.317 	
-482.235 	1349.087 	789.041 	-0.166 	0.326 	0.185 	
-1131.556 	-407.123 	-673.447 	-0.321 	-0.094 	-0.172 	
150.942 	50.941 	408.023 	-0.012 	0.008 	0.087 	
-532.163 	-756.256 	967.208 	-0.176 	-0.178 	0.233 	
-52.170 	978.715 	349.763 	-0.053 	0.224 	0.089 	
461.478 	-259.239 	-1035.266 	0.059 	-0.069 	-0.244 	
-585.261 	-571.907 	1321.860 	-0.180 	-0.125 	0.320 	
1717.966 	-548.706 	-1719.446 	0.378 	-0.141 	-0.413 	
1689.453 	-54.954 	-1436.414 	0.376 	-0.015 	-0.357 	
874.326 	41.842 	1599.666 	0.158 	0.014 	0.385 	
-309.856 	-934.444 	-749.833 	-0.113 	-0.223 	-0.167 	
665.933 	-1752.388 	1533.456 	0.122 	-0.410 	0.369 	
-1254.889 	-674.613 	1522.927 	-0.334 	-0.163 	0.364 	
-708.341 	-191.690 	-1403.841 	-0.213 	-0.041 	-0.334 	
-45.564 	1407.231 	96.303 	-0.061 	0.344 	0.031 	
703.770 	699.428 	-1458.092 	0.130 	0.164 	-0.350 	
1022.040 	1052.398 	-1400.771 	0.212 	0.261 	-0.340 	
-1679.801 	231.504 	998.438 	-0.443 	0.058 	0.241 	
-1024.937 	-230.554 	1299.790 	-0.289 	-0.070 	0.310 	
40.367 	1062.070 	804.755 	-0.042 	0.256 	0.202 	
-149.765 	1645.429 	1498.285 	-0.065 	0.396 	0.362 	
-1017.590 	-530.664 	1585.084 	-0.295 	-0.130 	0.379 	
1041.386 	937.773 	-486.553 	0.203 	0.225 	-0.112 	
6.717 	-429.299 	493.461 	-0.051 	-0.095 	0.118 	
-1046.222 	1514.954 	-1408.202 	-0.295 	0.375 	-0.335 	
1517.450 	1238.523 	174.112 	0.339 	0.301 	0.043 	
1294.880 	1494.066 	534.577 	0.285 	0.360 	0.132 	
-1449.391 	-1531.152 	-799.356 	-0.400 	-0.376 	-0.194 	
1665.927 	-978.224 	994.385 	0.352 	-0.245 	0.241 	
-478.172 	-263.244 	249.096 	-0.142 	-0.064 	0.057 	
-1253.625 	372.886 	693.767 	-0.356 	0.091 	0.163 	
-1435.117 	-562.486 	150.944 	-0.400 	-0.136 	0.037 	
1731.333 	922.207 	1426.648 	0.383 	0.219 	0.337 	
1807.796 	-573.037 	-112.194 	0.396 	-0.138 	-0.033 	
459.094 	-1413.122 	-484.045 	0.084 	-0.338 	-0.117 	
-875.908 	750.393 	-495.717 	-0.241 	0.176 	-0.124 	
-137.630 	-1329.594 	-1488.705 	-0.088 	-0.321 	-0.361 	
-1787.888 	-615.862 	1446.224 	-0.478 	-0.156 	0.340 	
-1214.702 	310.081 	926.174 	-0.346 	0.075 	0.219 	
456.584 	-1282.322 	760.800 	0.059 	-0.313 	0.189 	
-32.209 	-920.870 	143.480 	-0.047 	-0.212 	0.039 	
-145.185 	-178.315 	-554.733 	-0.063 	-0.041 	-0.131 	
288.224 	-709.166 	416.137 	0.017 	-0.162 	0.099 	
-1117.858 	-821.042 	46.634 	-0.306 	-0.201 	0.022 	
-1539.587 	716.267 	-268.038 	-0.427 	0.174 	-0.059 	
-1201.599 	-1213.485 	-1042.638 	-0.330 	-0.299 	-0.250 	
1763.219 	-1567.960 	438.550 	0.395 	-0.385 	0.107 	
-601.324 	1532.443 	499.038 	-0.190 	0.363 	0.130 	
-1187.011 	-482.688 	-70.399 	-0.316 	-0.128 	-0.014 	
1738.547 	-540.598 	1595.507 	0.381 	-0.135 	0.392 	
371.530 	205.073 	1171.187 	0.056 	0.043 	0.288 	
595.643 	-321.009 	-1170.318 	0.097 	-0.084 	-0.274 	
-311.047 	815.899 	44.890 	-0.121 	0.199 	0.007 	
1928.432 	1621.446 	976.699 	0.421 	0.397 	0.230 	
-1127.814 	-643.376 	2158.723 	-0.324 	-0.162 	0.540 	
-1298.656 	359.824 	-1093.355 	-0.345 	0.084 	-0.264 	
-677.754 	-198.803 	575.624 	-0.214 	-0.038 	0.139 	
1783.863 	-783.974 	-1369.482 	0.383 	-0.188 	-0.329 	
-902.899 	673.643 	179.891 	-0.257 	0.160 	0.041 	
-391.596 	1046.837 	91.136 	-0.139 	0.241 	0.022 	
468.004 	225.941 	1490.981 	0.078 	0.066 	0.355 	
-428.350 	-816.282 	533.850 	-0.137 	-0.201 	0.131 	
-866.119 	965.796 	729.513 	-0.241 	0.226 	0.182 	
800.667 	611.761 	438.347 	0.152 	0.143 	0.120 	
-121.751 	-101.782 	599.367 	-0.079 	-0.020 	0.149 	
1583.615 	-1066.044 	1208.346 	0.335 	-0.254 	0.299 	
511.199 	1444.110 	-72.137 	0.091 	0.351 	-0.012 	
-857.066 	700.137 	933.330 	-0.243 	0.177 	0.221 	
-1550.192 	-487.028 	-1389.688 	-0.411 	-0.110 	-0.337 	
1662.371 	772.909 	1061.741 	0.357 	0.199 	0.253 	
1026.737 	-1130.223 	-576.033 	0.219 	-0.270 	-0.140 	
-659.055 	-140.544 	1045.720 	-0.202 	-0.029 	0.239 	
-16.878 	-722.294 	1657.481 	-0.051 	-0.182 	0.389 	
-160.286 	-1338.932 	1479.435 	-0.079 	-0.333 	0.342 	
-1547.753 	1114.981 	-1155.557 	-0.409 	0.263 	-0.285 	
1290.601 	-323.290 	-234.151 	0.282 	-0.080 	-0.052 	
629.590 	754.181 	826.150 	0.113 	0.193 	0.206 	
-345.947 	-601.489 	-910.761 	-0.124 	-0.155 	-0.211 	
-561.547 	-342.059 	472.867 	-0.187 	-0.081 	0.115 	
-1215.327 	175.705 	247.483 	-0.319 	0.041 	0.062 	
1162.901 	-191.219 	-173.679 	0.235 	-0.051 	-0.040 	
927.328 	-747.874 	964.973 	0.195 	-0.177 	0.237 	
-322.827 	-728.564 	1115.240 	-0.131 	-0.182 	0.266 	
-1647.624 	5.931 	1225.283 	-0.441 	0.002 	0.294 	
-864.628 	269.473 	385.080 	-0.261 	0.067 	0.093 	
1630.975 	-1126.141 	-36.617 	0.346 	-0.282 	-0.012 	
-219.469 	368.505 	-901.721 	-0.097 	0.079 	-0.209 	
-452.666 	626.446 	1553.235 	-0.140 	0.145 	0.376 	
1316.040 	-1070.928 	-357.804 	0.280 	-0.257 	-0.082 	
1760.282 	-200.310 	-808.623 	0.393 	-0.052 	-0.188 	
1543.787 	1430.269 	1841.479 	0.329 	0.344 	0.447 	
1368.572 	-1726.834 	-906.487 	0.290 	-0.414 	-0.210 	
1499.625 	503.531 	534.710 	0.331 	0.119 	0.124 	
1849.929 	-977.273 	558.397 	0.419 	-0.235 	0.136 	
285.283 	-1317.363 	994.100 	0.032 	-0.307 	0.242 	
555.443 	162.816 	-1248.336 	0.105 	0.040 	-0.302 	
1641.887 	1116.521 	803.373 	0.347 	0.273 	0.201 	
-410.336 	-326.286 	8.609 	-0.151 	-0.081 	0.006 	
-1087.511 	95.342 	-1186.020 	-0.307 	0.015 	-0.295 	
309.268 	804.483 	565.681 	0.026 	0.198 	0.147 	
-1067.439 	57.554 	1184.301 	-0.299 	0.027 	0.285 	
-535.608 	-562.353 	1535.464 	-0.175 	-0.150 	0.365 	
-1586.255 	819.237 	455.641 	-0.432 	0.203 	0.112 	
-1647.914 	823.962 	1395.649 	-0.428 	0.197 	0.341 	
-491.686 	-246.468 	1228.870 	-0.162 	-0.052 	0.289 	
1781.095 	-1162.102 	-1367.551 	0.383 	-0.280 	-0.341 	
293.647 	-1683.268 	1699.667 	0.019 	-0.410 	0.410 	
-812.384 	893.554 	319.222 	-0.231 	0.216 	0.075 	
-1501.596 	613.557 	1271.921 	-0.392 	0.146 	0.310 	
-1161.545 	-18.584 	998.734 	-0.307 	-0.001 	0.240 	
159.620 	794.728 	1022.328 	-0.014 	0.184 	0.248 	
422.375 	-514.081 	-176.288 	0.071 	-0.123 	-0.041 	
465.374 	247.888 	248.928 	0.066 	0.047 	0.059 	
-462.011 	-1246.045 	595.899 	-0.142 	-0.309 	0.140 	
559.112 	-320.639 	543.105 	0.096 	-0.078 	0.122 	
1222.490 	454.822 	941.730 	0.264 	0.113 	0.218 	
788.606 	177.155 	-976.446 	0.143 	0.044 	-0.235 	
420.991 	88.955 	-512.900 	0.059 	0.026 	-0.126 	
-1703.233 	-1265.774 	1726.347 	-0.460 	-0.308 	0.425 	
-1033.985 	1570.116 	1002.279 	-0.294 	0.375 	0.250 	
-565.743 	-1477.206 	1230.704 	-0.173 	-0.352 	0.295 	
-237.129 	-343.245 	1169.177 	-0.099 	-0.093 	0.272 	
-388.223 	-301.388 	-388.724 	-0.147 	-0.076 	-0.099 	
1938.143 	610.170 	1700.018 	0.436 	0.151 	0.410 	
-361.358 	-1506.033 	-1489.379 	-0.116 	-0.363 	-0.362 	
810.312 	1742.871 	-226.005 	0.156 	0.429 	-0.061 	
564.542 	1793.598 	-1685.001 	0.105 	0.437 	-0.402 	
-183.312 	1173.145 	667.443 	-0.082 	0.287 	0.163 	
-567.411 	1100.198 	-151.422 	-0.179 	0.263 	-0.047 	
302.313 	693.556 	-1895.539 	0.033 	0.163 	-0.469 	
-642.075 	211.281 	-501.823 	-0.187 	0.054 	-0.117 	
51.974 	137.322 	-1081.058 	-0.022 	0.033 	-0.268 	
1362.663 	1036.902 	-490.299 	0.301 	0.249 	-0.119 	
-1532.574 	1079.809 	-1075.107 	-0.415 	0.265 	-0.270 	
1635.273 	1566.614 	972.963 	0.370 	0.378 	0.237 	
-1096.917 	1076.654 	1112.261 	-0.312 	0.257 	0.279 	
645.537 	590.889 	1233.861 	0.105 	0.133 	0.297 	
-1748.987 	1085.780 	-963.152 	-0.471 	0.268 	-0.237 	
-932.397 	1553.389 	-565.914 	-0.259 	0.372 	-0.129 	
-975.528 	703.813 	509.813 	-0.266 	0.165 	0.132 	
-87.435 	-574.243 	863.463 	-0.070 	-0.129 	0.194 	
64.925 	-700.845 	-1479.599 	-0.025 	-0.156 	-0.356 	
-1588.911 	-496.417 	-827.576 	-0.414 	-0.121 	-0.207 	
1192.939 	178.976 	-262.507 	0.252 	0.047 	-0.050 	
1327.166 	-12.861 	-188.043 	0.276 	-0.009 	-0.032 	
-627.887 	-310.761 	1483.867 	-0.199 	-0.079 	0.353 	
1552.801 	-1029.735 	-968.864 	0.339 	-0.241 	-0.241 	
649.148 	-205.069 	831.018 	0.110 	-0.045 	0.200 	
1844.297 	-1594.152 	-953.162 	0.415 	-0.378 	-0.238 	
617.179 	-1172.220 	179.795 	0.110 	-0.281 	0.035 	
-380.066 	-1492.337 	88.306 	-0.136 	-0.362 	0.021 	
538.776 	1454.768 	-206.025 	0.098 	0.339 	-0.049 	
1065.944 	-303.386 	-329.045 	0.213 	-0.062 	-0.075 	
-587.946 	-223.151 	65.859 	-0.177 	-0.062 	0.021 	
-143.952 	1084.840 	-273.093 	-0.087 	0.266 	-0.065 	
1040.009 	-1284.641 	-1655.472 	0.221 	-0.316 	-0.409 	
-1324.647 	1204.683 	413.129 	-0.367 	0.290 	0.113 	
-227.118 	-763.973 	1138.419 	-0.103 	-0.178 	0.263 	
825.980 	951.842 	-47.685 	0.146 	0.231 	-0.015 	
1220.641 	1512.850 	-1363.343 	0.252 	0.372 	-0.326 	
-1435.185 	281.465 	20.200 	-0.390 	0.057 	0.011 	
1209.261 	894.601 	255.516 	0.250 	0.209 	0.070 	
-1704.085 	1676.346 	1707.825 	-0.460 	0.399 	0.418 	
335.670 	286.756 	648.512 	0.048 	0.068 	0.148 	
1014.279 	-425.711 	-182.884 	0.198 	-0.109 	-0.038 	
1563.193 	895.709 	1334.456 	0.328 	0.218 	0.321 	
-164.744 	-208.993 	-213.321 	-0.089 	-0.057 	-0.040 	
1582.187 	-1291.356 	-1284.881 	0.353 	-0.310 	-0.311 	
1306.280 	-45.414 	-643.665 	0.276 	-0.009 	-0.158 	
-1422.620 	-1466.387 	-240.756 	-0.385 	-0.353 	-0.046 	
-1254.197 	1504.310 	1558.197 	-0.348 	0.375 	0.370 	
1070.420 	-1817.340 	1152.032 	0.217 	-0.452 	0.277 	
1174.440 	-1151.543 	-202.615 	0.241 	-0.276 	-0.039 	
1832.587 	-1576.406 	1560.642 	0.415 	-0.381 	0.375 	
-658.415 	-307.434 	-662.770 	-0.198 	-0.070 	-0.156 	
1970.151 	1546.620 	1008.716 	0.450 	0.379 	0.238 	
989.181 	778.319 	-721.929 	0.186 	0.187 	-0.178 	
83.469 	1337.155 	-498.972 	-0.016 	0.329 	-0.116 	
-1765.815 	345.884 	-683.215 	-0.477 	0.083 	-0.158 	
-1998.391 	1533.764 	2543.049 	-0.522 	0.378 	0.617 	
678.391 	-330.295 	1383.402 	0.136 	-0.078 	0.330 	
-787.511 	-370.259 	-488.675 	-0.243 	-0.086 	-0.114 	
-1610.958 	654.151 	1344.210 	-0.419 	0.160 	0.322 	
-717.504 	822.309 	-914.475 	-0.212 	0.199 	-0.233 	
14.049 	210.308 	-304.825 	-0.026 	0.045 	-0.075 	
-1459.709 	-240.036 	-795.036 	-0.401 	-0.054 	-0.191 	
112.099 	-474.237 	-260.680 	-0.015 	-0.122 	-0.066 	
1844.850 	-204.191 	-107.184 	0.408 	-0.049 	-0.036 	
-270.521 	462.042 	287.264 	-0.115 	0.108 	0.082 	
819.860 	-1310.607 	-152.375 	0.145 	-0.314 	-0.042 	
1228.526 	-1534.684 	-697.521 	0.260 	-0.367 	-0.178 	
-872.027 	-1022.788 	689.042 	-0.242 	-0.249 	0.164 	
-278.678 	1044.889 	1335.203 	-0.109 	0.245 	0.319 	
971.448 	1684.723 	1136.917 	0.194 	0.419 	0.274 	
-1786.296 	859.480 	-194.596 	-0.474 	0.218 	-0.052 	
-103.594 	52.035 	-1190.238 	-0.069 	0.005 	-0.283 	
-768.582 	602.221 	-1586.628 	-0.222 	0.136 	-0.377 	
-1449.854 	-460.796 	223.945 	-0.398 	-0.119 	0.054 	
824.381 	615.672 	622.897 	0.160 	0.152 	0.140 	
447.147 	-343.916 	-1312.683 	0.058 	-0.088 	-0.314 	
374.557 	1246.964 	633.143 	0.054 	0.296 	0.150 	
119.207 	464.173 	901.930 	-0.016 	0.120 	0.213 	
-667.211 	-1096.723 	1136.623 	-0.201 	-0.261 	0.279 	
67.732 	-206.648 	-597.893 	-0.030 	-0.051 	-0.138 	
-369.399 	1647.542 	1005.633 	-0.139 	0.388 	0.249 	
-872.422 	388.726 	-131.406 	-0.245 	0.087 	-0.021 	
-1437.500 	-920.707 	151.796 	-0.401 	-0.219 	0.036 	
1233.614 	-644.441 	-1760.024 	0.264 	-0.155 	-0.430 	
-1382.175 	1943.327 	-859.480 	-0.381 	0.482 	-0.204 	
-640.592 	770.051 	-1617.279 	-0.184 	0.189 	-0.391 	
1288.801 	-783.826 	-277.183 	0.268 	-0.180 	-0.062 	
243.869 	333.281 	-293.761 	0.013 	0.087 	-0.071 	
-401.910 	1420.643 	-689.215 	-0.144 	0.343 	-0.165 	
-320.119 	187.155 	1161.612 	-0.123 	0.052 	0.273 	
-1206.952 	-1272.747 	1538.669 	-0.344 	-0.302 	0.372 	
870.596 	1194.274 	1089.985 	0.175 	0.276 	0.262 	
261.273 	1088.360 	1433.574 	0.030 	0.261 	0.351 	
673.116 	781.649 	-935.310 	0.115 	0.177 	-0.225 	
1125.686 	907.758 	-1535.259 	0.233 	0.218 	-0.377 	
198.687 	-651.805 	-1331.900 	0.005 	-0.168 	-0.320 	
-1208.019 	884.210 	-603.209 	-0.343 	0.206 	-0.142 	
899.998 	67.383 	-16.779 	0.181 	0.018 	0.001 	
-1325.244 	1397.830 	82.571 	-0.377 	0.334 	0.026 	
-615.537 	-1314.122 	-557.551 	-0.190 	-0.314 	-0.140 	
415.085 	-843.244 	-1337.232 	0.046 	-0.206 	-0.323 	
-269.119 	-446.058 	1060.854 	-0.117 	-0.106 	0.257 	
-56.113 	-1577.574 	709.702 	-0.051 	-0.384 	0.178 	
1161.094 	824.513 	-1174.036 	0.252 	0.196 	-0.284 	
205.896 	966.659 	-908.934 	0.010 	0.240 	-0.228 	
83.689 	1211.920 	-1031.722 	-0.030 	0.290 	-0.244 	
-857.916 	1211.427 	-706.972 	-0.239 	0.295 	-0.171 	
-1720.580 	-648.753 	197.407 	-0.461 	-0.162 	0.056 	
-1044.406 	-495.467 	-921.939 	-0.279 	-0.123 	-0.221 	
1949.754 	-1092.999 	1614.365 	0.433 	-0.264 	0.384 	
-1633.203 	777.971 	-288.809 	-0.440 	0.195 	-0.067 	
-115.008 	-603.563 	826.861 	-0.087 	-0.134 	0.205 	
-423.628 	-588.469 	-1224.542 	-0.134 	-0.143 	-0.285 	
-678.184 	-1613.842 	1494.586 	-0.208 	-0.388 	0.358 	
-110.727 	-590.582 	853.101 	-0.075 	-0.147 	0.208 	
180.309 	-1581.883 	361.985 	0.009 	-0.388 	0.088 	
-443.634 	-230.190 	101.858 	-0.162 	-0.061 	0.027 	
-534.395 	-545.072 	-603.957 	-0.173 	-0.136 	-0.139 	
-432.479 	-739.360 	978.356 	-0.093 	-0.138 	0.164 	
685.159 	-1434.421 	896.887 	0.131 	-0.355 	0.215 	
-961.778 	-282.462 	904.740 	-0.262 	-0.076 	0.218 	
1651.943 	840.263 	-1345.236 	0.372 	0.205 	-0.328 	
-193.220 	920.861 	1594.725 	-0.090 	0.214 	0.378 	
604.417 	1350.608 	1071.574 	0.117 	0.323 	0.257 	
1109.005 	1147.268 	718.530 	0.238 	0.281 	0.175 	
925.172 	-991.410 	326.377 	0.183 	-0.230 	0.082 	
-611.880 	-285.720 	-1150.608 	-0.195 	-0.061 	-0.267 	
-943.161 	1053.008 	603.072 	-0.257 	0.254 	0.152 	
265.133 	-618.781 	1038.941 	0.014 	-0.152 	0.251 	
596.463 	-1176.335 	861.027 	0.103 	-0.295 	0.211 	
-442.876 	-1188.581 	108.689 	-0.155 	-0.272 	0.026 	
288.623 	-1036.538 	-199.208 	0.020 	-0.252 	-0.057 	
-46.963 	-1057.372 	-479.001 	-0.065 	-0.249 	-0.112 	
1456.891 	-244.338 	-1383.279 	0.313 	-0.058 	-0.332 	
791.182 	360.687 	1632.989 	0.138 	0.090 	0.397 	
-1158.961 	775.795 	1053.585 	-0.318 	0.190 	0.262 	
1822.021 	-973.974 	1612.331 	0.411 	-0.231 	0.399 	
-1097.101 	578.120 	266.829 	-0.297 	0.141 	0.058 	
177.335 	248.376 	1466.603 	0.002 	0.071 	0.349 	
-1734.855 	782.077 	1102.963 	-0.462 	0.201 	0.267 	
-566.013 	-1087.619 	323.431 	-0.182 	-0.272 	0.078 	
907.421 	-182.638 	-922.209 	0.186 	-0.037 	-0.227 	
-559.320 	-1556.083 	1772.605 	-0.176 	-0.378 	0.440 	
-1332.427 	1389.723 	117.386 	-0.369 	0.339 	0.021 	
401.549 	-1667.413 	-1525.805 	0.055 	-0.397 	-0.365 	
-1745.766 	-429.648 	-1630.216 	-0.452 	-0.106 	-0.393 	
-770.562 	5.364 	-1027.893 	-0.239 	-0.000 	-0.247 	
65.052 	99.114 	-157.692 	-0.019 	0.020 	-0.038 	
-1727.952 	-428.310 	1702.652 	-0.462 	-0.112 	0.415 	
-540.787 	-53.413 	-133.726 	-0.169 	-0.023 	-0.018 	
1632.933 	-857.355 	995.441 	0.358 	-0.215 	0.250 	
-1544.238 	-1274.562 	-1329.741 	-0.420 	-0.305 	-0.316 	
-1487.843 	465.818 	-14.679 	-0.386 	0.108 	-0.003 	
357.080 	538.292 	-1618.085 	0.053 	0.137 	-0.394 	
-1074.687 	423.339 	762.159 	-0.291 	0.092 	0.188 	
1745.581 	-1596.527 	1164.844 	0.374 	-0.394 	0.283 	
-468.217 	987.621 	-1127.258 	-0.143 	0.231 	-0.274 	
-1740.320 	144.047 	924.664 	-0.461 	0.033 	0.227 	
778.388 	-1293.687 	1433.078 	0.142 	-0.311 	0.353 	
-1705.772 	1203.753 	-151.803 	-0.452 	0.290 	-0.043 	
-1611.697 	728.557 	563.056 	-0.421 	0.170 	0.146 	
324.897 	-1232.053 	337.892 	0.048 	-0.303 	0.081 	
-565.000 	-1255.693 	768.966 	-0.176 	-0.313 	0.193 	
416.431 	-911.490 	-1532.743 	0.071 	-0.226 	-0.364 	
-1361.984 	-867.021 	762.904 	-0.366 	-0.203 	0.183 	
-1688.241 	-661.538 	-844.951 	-0.458 	-0.164 	-0.209 	
1016.509 	-1553.630 	-1477.780 	0.211 	-0.387 	-0.353 	
-1535.685 	-1067.655 	-1246.161 	-0.414 	-0.261 	-0.313 	
476.608 	-508.985 	-119.347 	0.074 	-0.120 	-0.025 	
903.171 	1525.200 	788.046 	0.173 	0.371 	0.184 	
1475.040 	396.928 	929.922 	0.307 	0.098 	0.230 	
798.755 	-874.191 	-1054.863 	0.158 	-0.222 	-0.247 	
1840.226 	-1550.067 	1322.244 	0.400 	-0.376 	0.327 	
-1568.855 	-764.971 	-286.457 	-0.425 	-0.184 	-0.072 	
-900.476 	1583.578 	745.601 	-0.267 	0.380 	0.190 	
-466.474 	1001.441 	1423.950 	-0.157 	0.232 	0.350 	
1032.667 	272.779 	1274.648 	0.210 	0.068 	0.309 	
-193.861 	-1351.721 	1435.459 	-0.094 	-0.317 	0.342 	
-1282.759 	890.394 	629.085 	-0.346 	0.222 	0.149 	
1130.673 	1346.989 	117.984 	0.236 	0.331 	0.033 	
-875.326 	-653.728 	-674.824 	-0.243 	-0.165 	-0.164 	
-129.681 	-1078.440 	1408.468 	-0.075 	-0.271 	0.333 	
1380.876 	227.945 	207.844 	0.291 	0.049 	0.062 	
-1596.398 	-1668.629 	1075.149 	-0.419 	-0.409 	0.258 	
-568.763 	-578.441 	-450.582 	-0.168 	-0.128 	-0.112 	
1317.632 	-1307.180 	353.207 	0.278 	-0.310 	0.094 	
-138.243 	881.990 	462.674 	-0.081 	0.201 	0.109 	
-319.965 	-719.217 	-164.432 	-0.124 	-0.163 	-0.044 	
913.079 	89.047 	-933.956 	0.176 	0.023 	-0.216 	
-1360.155 	1462.882 	1037.502 	-0.377 	0.359 	0.240 	
1720.580 	-1428.828 	181.575 	0.383 	-0.348 	0.052 	
1488.651 	-58.262 	1098.910 	0.328 	-0.015 	0.269 	
453.657 	1427.049 	-16.000 	0.060 	0.354 	-0.007 	
298.479 	411.078 	930.123 	0.043 	0.092 	0.218 	
-1738.260 	1149.387 	1489.674 	-0.470 	0.272 	0.362 	
-1307.367 	-444.863 	609.759 	-0.345 	-0.115 	0.149 	
1534.754 	289.537 	-379.135 	0.320 	0.067 	-0.096 	
-908.699 	-313.706 	-1357.425 	-0.248 	-0.075 	-0.324 	
