## Las primeras 500 lineas corresponden a la esfera 1 
##las siguienets 500 lineas a la esfera 2
## Las primeras tres columnas corresponden a la posición en 'x', 'y' y 'z', las siguientes tres a las velocidades
28.933 	-18.281 	24.658 	-0.265 	-0.107 	-0.118 	
53.927 	-33.442 	15.333 	-0.046 	0.089 	-0.038 	
21.731 	-11.869 	40.297 	0.041 	0.086 	-0.046 	
-1350.138 	1615.687 	-249.147 	-0.337 	0.401 	-0.072 	
-44.592 	36.290 	87.688 	-0.013 	0.008 	-0.042 	
29.936 	-45.827 	29.043 	-0.144 	0.044 	0.064 	
39.501 	-15.812 	0.785 	0.060 	-0.061 	0.198 	
4.498 	6.172 	3.901 	-0.127 	0.010 	-0.085 	
-3.961 	-34.477 	52.960 	0.148 	0.025 	0.020 	
61.321 	-33.486 	47.498 	-0.151 	-0.130 	-0.047 	
-264.666 	1433.820 	-772.182 	-0.072 	0.380 	-0.204 	
35.575 	-15.774 	40.671 	0.058 	0.054 	-0.088 	
1020.042 	-1357.387 	960.358 	0.266 	-0.351 	0.251 	
81.409 	-81.728 	29.615 	0.010 	-0.174 	0.004 	
-32.777 	-41.557 	23.063 	-0.125 	0.121 	0.027 	
12.450 	-81.220 	56.529 	0.054 	0.083 	0.054 	
-48.932 	-67.356 	43.132 	-0.110 	0.039 	-0.104 	
118.654 	-90.046 	81.783 	-0.090 	0.085 	0.169 	
13.482 	-27.079 	50.574 	0.087 	0.039 	0.124 	
-13.300 	24.324 	75.527 	0.022 	0.054 	0.036 	
-5.637 	9.218 	84.143 	0.059 	0.146 	-0.010 	
-83.790 	12.908 	88.966 	0.040 	0.086 	0.057 	
35.369 	-69.740 	47.532 	0.062 	-0.118 	0.105 	
-31.573 	28.754 	-15.127 	0.009 	-0.079 	0.069 	
131.138 	-38.307 	9.256 	0.017 	0.004 	-0.050 	
105.243 	-26.855 	45.204 	0.003 	0.028 	-0.083 	
77.422 	-14.619 	37.354 	-0.007 	0.129 	0.005 	
59.841 	13.617 	31.668 	0.068 	0.100 	0.024 	
-131.699 	-40.314 	-67.199 	-0.108 	-0.007 	0.044 	
-23.610 	-51.830 	-4.634 	0.080 	-0.074 	0.158 	
-137.235 	133.095 	14.320 	-0.066 	0.009 	0.015 	
27.936 	-25.493 	72.945 	-0.010 	0.002 	0.132 	
5.229 	-22.745 	28.894 	0.013 	-0.013 	0.095 	
61.973 	-28.142 	57.592 	0.094 	-0.035 	0.065 	
66.069 	2.732 	25.583 	0.127 	-0.001 	0.081 	
9.095 	-70.471 	31.711 	-0.042 	0.034 	-0.015 	
62.452 	-189.729 	196.285 	-0.061 	-0.047 	0.010 	
-107.543 	-49.637 	27.912 	-0.027 	-0.029 	0.034 	
-182.123 	-64.201 	106.684 	-0.048 	-0.017 	0.021 	
56.692 	-53.774 	33.343 	0.072 	-0.010 	0.039 	
28.142 	-57.089 	51.699 	0.004 	0.157 	-0.126 	
23.799 	-22.553 	13.598 	-0.051 	0.064 	0.034 	
106.129 	-12.061 	52.840 	-0.077 	0.064 	-0.016 	
-2.976 	-47.147 	33.106 	-0.126 	-0.106 	-0.106 	
38.912 	-129.189 	80.913 	0.052 	-0.063 	-0.005 	
15.883 	-31.599 	45.659 	0.035 	0.031 	0.195 	
-114.280 	-84.541 	2.823 	-0.051 	-0.051 	0.060 	
52.797 	-55.341 	30.028 	-0.092 	-0.038 	-0.069 	
12.027 	-144.508 	-4.245 	0.096 	-0.063 	0.019 	
48.181 	-14.952 	15.821 	0.022 	0.065 	-0.112 	
186.542 	163.120 	201.168 	-0.003 	0.033 	0.020 	
-33.910 	-59.757 	56.722 	0.070 	-0.086 	-0.068 	
34.131 	-2.565 	13.692 	0.146 	0.046 	-0.045 	
41.992 	35.608 	79.474 	0.066 	-0.010 	0.003 	
44.374 	-40.265 	29.082 	0.024 	0.051 	-0.104 	
14.930 	-6.436 	-3.809 	-0.019 	0.034 	-0.048 	
-4.303 	-107.783 	-30.613 	0.053 	-0.129 	-0.040 	
-27.528 	-152.665 	14.828 	-0.081 	-0.063 	0.035 	
131.226 	-176.110 	18.209 	0.056 	-0.101 	-0.028 	
39.166 	-48.093 	-18.939 	0.074 	-0.009 	-0.070 	
130.544 	-26.658 	70.016 	-0.155 	-0.091 	-0.019 	
84.554 	-67.659 	-14.470 	0.082 	-0.044 	0.048 	
93.608 	8.278 	49.791 	-0.208 	-0.092 	-0.026 	
-33.523 	65.033 	35.528 	0.062 	-0.019 	0.021 	
5.767 	-224.685 	25.810 	0.016 	0.085 	0.007 	
56.805 	-21.940 	12.375 	0.014 	-0.095 	-0.070 	
-650.741 	-1163.474 	-944.211 	-0.179 	-0.290 	-0.238 	
50.002 	-5.967 	5.430 	0.072 	-0.232 	0.156 	
72.486 	-29.061 	33.984 	0.118 	0.014 	-0.032 	
29.188 	-68.978 	41.481 	-0.081 	-0.167 	-0.185 	
45.713 	-2.261 	4.493 	0.018 	-0.085 	0.002 	
60.292 	-39.365 	34.075 	-0.063 	0.011 	-0.043 	
106.621 	-165.615 	-26.603 	0.038 	-0.062 	-0.064 	
11.087 	-82.564 	57.006 	0.130 	0.054 	0.033 	
21.995 	-53.743 	43.585 	0.089 	-0.115 	0.056 	
-3.758 	-27.993 	126.231 	-0.144 	-0.048 	-0.118 	
-76.491 	35.654 	70.193 	-0.056 	-0.008 	0.054 	
557.223 	846.058 	1484.713 	0.135 	0.198 	0.352 	
10.945 	-1.107 	24.661 	-0.122 	-0.109 	0.111 	
44.892 	-35.842 	0.115 	0.100 	-0.036 	0.044 	
77.885 	-50.577 	-14.649 	-0.224 	0.051 	0.045 	
-52.143 	-91.755 	-11.228 	-0.121 	-0.080 	0.007 	
-66.285 	49.138 	97.460 	-0.002 	0.049 	0.068 	
-85.616 	-326.160 	484.085 	-0.004 	-0.036 	0.074 	
54.568 	-63.364 	66.064 	0.126 	-0.140 	0.089 	
216.225 	-43.594 	114.233 	0.095 	-0.001 	0.010 	
10.511 	-57.621 	-101.747 	0.010 	-0.021 	-0.013 	
39.515 	-17.330 	50.449 	-0.236 	-0.008 	-0.092 	
44.853 	-39.038 	32.953 	-0.082 	0.135 	-0.081 	
-15.570 	-11.470 	59.656 	0.018 	0.003 	-0.133 	
43.297 	-5.071 	-26.077 	0.124 	-0.063 	0.033 	
38.944 	-74.069 	-122.431 	-0.111 	0.007 	-0.062 	
0.618 	-35.081 	-19.017 	0.046 	-0.015 	-0.037 	
8.539 	91.883 	-50.216 	-0.120 	-0.038 	-0.048 	
47.062 	-21.612 	6.845 	-0.078 	-0.118 	0.040 	
110.509 	-120.740 	35.863 	0.024 	-0.187 	-0.029 	
72.967 	-18.095 	40.185 	0.114 	0.048 	-0.045 	
2415.172 	-2588.940 	-11.855 	0.613 	-0.667 	0.004 	
3522.843 	-3243.679 	-6748.997 	0.871 	-0.795 	-1.651 	
46.054 	-62.449 	25.329 	0.052 	-0.074 	-0.019 	
26.103 	-16.202 	3.773 	0.004 	0.033 	0.164 	
43.040 	-27.355 	71.305 	-0.219 	-0.019 	-0.099 	
47.406 	-2.395 	61.389 	-0.090 	-0.055 	0.060 	
10.115 	-63.656 	54.382 	0.057 	0.130 	-0.010 	
3136.088 	-2211.431 	1885.801 	0.754 	-0.523 	0.450 	
-3030.378 	3987.223 	7183.649 	-0.730 	0.971 	1.752 	
1750.446 	-57.565 	147.915 	0.618 	-0.008 	0.048 	
-115.793 	88.333 	41.859 	-0.701 	0.610 	0.253 	
49.730 	-29.676 	73.428 	-0.003 	0.153 	-0.099 	
479.722 	-150.150 	204.935 	0.069 	0.027 	0.036 	
22.066 	-48.150 	47.100 	0.084 	-0.012 	0.060 	
-35.423 	-63.858 	67.346 	0.014 	-0.009 	0.037 	
-969.233 	-371.548 	88.887 	-0.441 	-0.105 	0.022 	
198.781 	-10.881 	-37.631 	0.092 	0.067 	-0.055 	
-48.245 	-33.767 	35.367 	0.027 	-0.075 	0.064 	
58.211 	-39.153 	56.471 	0.120 	-0.014 	0.017 	
-17.750 	-43.345 	-14.934 	0.080 	-0.084 	0.013 	
154.869 	-369.146 	53.891 	0.065 	-0.002 	-0.019 	
-39.703 	-33.724 	-78.878 	-0.049 	-0.123 	0.054 	
-25.300 	-34.300 	19.229 	-0.194 	0.017 	0.035 	
-44.242 	-113.753 	-171.005 	-0.100 	-0.015 	-0.002 	
-76.705 	-144.052 	-14.145 	-0.024 	-0.076 	0.066 	
78.352 	-1.162 	56.287 	0.049 	0.032 	0.182 	
32.877 	-47.547 	41.822 	-0.069 	-0.190 	-0.060 	
362.212 	94.689 	79.087 	0.054 	-0.008 	0.000 	
115.606 	-81.346 	1.909 	-0.041 	-0.013 	-0.002 	
28.555 	-56.000 	34.059 	0.060 	0.109 	0.053 	
47.555 	-56.506 	14.663 	-0.231 	0.037 	0.136 	
-7.305 	-37.519 	6.364 	0.054 	0.089 	0.110 	
-34.179 	-100.684 	10.061 	-0.050 	0.089 	0.043 	
9.620 	-75.973 	56.290 	0.086 	0.033 	-0.036 	
-10.398 	-48.911 	62.812 	-0.123 	-0.031 	0.060 	
-27.723 	-28.232 	106.515 	-0.067 	-0.011 	0.080 	
-9.799 	-77.883 	88.828 	0.021 	-0.011 	-0.008 	
19.997 	-40.990 	39.727 	-0.021 	-0.072 	0.049 	
24.388 	7.045 	-57.790 	0.053 	-0.016 	0.056 	
15.323 	-69.049 	46.144 	0.003 	-0.023 	-0.088 	
-66.948 	-64.644 	84.443 	-0.150 	-0.190 	0.068 	
-16544.878 	-4907.483 	-9849.844 	-5.694 	-1.675 	-3.368 	
-2395.015 	2033.496 	-1223.518 	-0.556 	0.480 	-0.285 	
15.037 	-82.640 	97.233 	0.021 	0.030 	-0.087 	
-873.513 	-167.395 	567.197 	-0.293 	-0.060 	0.176 	
615.075 	58.518 	-61.435 	0.206 	0.021 	-0.064 	
-36.655 	-11.158 	-47.733 	-0.072 	-0.102 	-0.023 	
71.764 	-58.299 	49.500 	0.150 	-0.076 	0.055 	
3.671 	-94.179 	69.935 	0.007 	0.094 	-0.088 	
28.495 	7.997 	-1.066 	-0.165 	0.124 	0.054 	
54.270 	-54.420 	11.801 	-0.280 	-0.084 	0.026 	
112.316 	-18.952 	82.424 	-0.076 	0.074 	0.131 	
75.220 	-46.904 	43.391 	0.149 	-0.087 	0.057 	
31.130 	-57.780 	56.372 	0.052 	-0.171 	-0.117 	
109.087 	-3.219 	89.128 	-0.188 	0.001 	-0.043 	
19.183 	-48.465 	71.754 	0.023 	-0.027 	-0.058 	
27.239 	-69.876 	34.648 	0.078 	0.085 	-0.124 	
23.833 	-65.901 	29.137 	0.094 	0.150 	0.046 	
-6.183 	-13.514 	48.101 	-0.213 	-0.022 	-0.038 	
86.418 	-22.265 	40.494 	0.142 	0.029 	-0.069 	
34.844 	-12.623 	28.328 	-0.011 	0.041 	0.022 	
448.649 	263.791 	-410.543 	0.110 	0.099 	-0.125 	
-23.055 	19.447 	49.010 	-0.034 	-0.032 	0.042 	
-15.333 	-136.209 	11.843 	-0.063 	-0.043 	-0.056 	
11.967 	-113.392 	144.462 	-0.162 	-0.011 	0.057 	
-87.366 	135.181 	188.075 	-0.073 	0.025 	0.057 	
12.344 	-35.289 	2.907 	0.031 	0.153 	0.038 	
52.920 	3.875 	-4.881 	-0.185 	0.106 	0.060 	
-43.939 	-49.910 	27.446 	-0.143 	-0.003 	-0.117 	
10.390 	-87.550 	7.952 	0.005 	0.097 	0.020 	
-20.944 	-95.322 	84.217 	0.066 	0.065 	-0.028 	
23.807 	-115.124 	62.041 	-0.157 	-0.066 	0.040 	
-37.018 	-84.457 	36.672 	0.082 	-0.067 	0.104 	
194.797 	88.209 	-26.310 	-0.041 	-0.009 	0.068 	
83.155 	-18.364 	30.083 	0.028 	-0.030 	0.016 	
-64.483 	-72.844 	76.517 	-0.050 	-0.070 	0.043 	
27.244 	-54.025 	87.588 	-0.131 	0.108 	0.058 	
11.556 	-55.105 	94.883 	0.002 	0.052 	0.040 	
169.584 	22.173 	51.347 	0.115 	-0.028 	-0.028 	
30.535 	-18.960 	27.994 	-0.053 	-0.013 	-0.016 	
-14.712 	-94.310 	-36.331 	0.044 	-0.045 	0.101 	
217.136 	27.733 	-254.819 	0.008 	-0.021 	-0.018 	
50.163 	7.069 	56.145 	0.166 	-0.076 	-0.037 	
-92.439 	-20.449 	95.730 	-0.021 	-0.001 	0.066 	
-63.134 	-34.401 	135.334 	-0.054 	-0.012 	0.066 	
23.671 	-1.701 	42.790 	0.067 	0.057 	0.040 	
43.998 	-100.120 	97.252 	-0.148 	-0.104 	0.076 	
-20.856 	-66.281 	184.629 	-0.077 	0.014 	-0.045 	
38.458 	-36.404 	48.313 	0.170 	-0.056 	-0.049 	
78.787 	80.800 	161.852 	0.075 	-0.023 	-0.092 	
-267.612 	227.500 	511.108 	-0.209 	0.107 	0.219 	
-52.538 	41.043 	-7.010 	-0.069 	-0.048 	-0.002 	
301.761 	47.914 	67.034 	0.014 	-0.020 	-0.040 	
-57.097 	-66.483 	2.536 	0.004 	-0.019 	0.164 	
41.957 	-22.295 	58.040 	-0.024 	0.048 	0.004 	
120.286 	-33.229 	40.023 	-0.014 	0.044 	-0.039 	
110.715 	-15.269 	18.084 	-0.210 	0.081 	0.003 	
4.252 	-41.185 	37.500 	-0.309 	-0.020 	-0.018 	
81.271 	-42.269 	18.400 	0.042 	0.036 	-0.024 	
2702.393 	293.744 	534.667 	0.888 	0.117 	0.177 	
31.305 	-83.302 	9.381 	-0.031 	-0.002 	0.060 	
-24.153 	26.146 	79.955 	0.006 	-0.068 	-0.034 	
37.718 	-45.545 	3.489 	0.078 	0.021 	-0.150 	
-1.862 	-28.379 	2.600 	0.046 	0.064 	0.164 	
-114.595 	23.394 	90.817 	-0.033 	-0.038 	0.001 	
7.679 	49.815 	142.121 	0.067 	0.009 	-0.005 	
33.712 	-44.507 	46.363 	0.146 	0.106 	0.033 	
172.358 	-222.879 	462.806 	0.014 	-0.060 	0.115 	
132.757 	-25.798 	98.432 	-0.111 	-0.098 	-0.081 	
30.643 	-71.198 	156.268 	0.029 	0.057 	-0.039 	
400.473 	-464.646 	-131.114 	0.398 	-0.408 	-0.135 	
102.325 	-73.675 	59.751 	-0.008 	0.019 	0.034 	
-33.186 	-80.889 	29.923 	0.108 	-0.083 	-0.056 	
-4.955 	13.961 	-29.661 	0.036 	-0.061 	0.031 	
525.028 	-209.225 	120.653 	0.068 	-0.035 	-0.000 	
-34.277 	-48.867 	46.869 	0.093 	0.091 	-0.035 	
15.536 	-61.288 	57.195 	0.206 	-0.030 	-0.023 	
-14.994 	7.337 	-30.877 	-0.074 	-0.009 	-0.116 	
328.427 	-85.839 	-43.357 	0.022 	-0.004 	0.022 	
83.131 	-45.749 	101.445 	-0.172 	0.096 	0.119 	
191.985 	86.656 	76.296 	-0.057 	-0.001 	0.030 	
85.889 	66.551 	83.832 	-0.034 	-0.022 	-0.087 	
53.967 	-47.091 	11.426 	0.106 	0.113 	-0.010 	
30.903 	-106.260 	5.511 	-0.108 	-0.154 	-0.011 	
12.968 	-61.182 	74.823 	0.077 	0.184 	-0.017 	
279.243 	3.837 	30.813 	-0.028 	-0.014 	-0.042 	
-64.528 	-76.061 	34.697 	-0.088 	-0.059 	0.081 	
-16.945 	-55.100 	101.822 	0.030 	-0.014 	0.065 	
31.531 	-8.521 	45.110 	-0.221 	-0.048 	0.033 	
44.006 	-69.932 	24.485 	0.131 	0.059 	-0.013 	
91.971 	-33.406 	0.931 	0.035 	-0.012 	0.105 	
-5.859 	-45.304 	30.092 	0.071 	0.122 	-0.054 	
55.398 	-36.294 	52.004 	-0.177 	-0.201 	-0.109 	
49.387 	-66.265 	26.768 	-0.212 	0.000 	-0.157 	
1.465 	-36.625 	27.609 	0.133 	0.129 	0.030 	
-70.593 	-46.877 	21.119 	0.002 	0.005 	-0.086 	
-18.451 	19.513 	39.794 	-0.181 	-0.057 	0.060 	
72.313 	21.511 	18.853 	-0.142 	0.156 	0.003 	
304.410 	-326.784 	-210.202 	0.046 	-0.132 	-0.092 	
100.006 	-46.231 	21.874 	0.129 	0.010 	-0.042 	
18.668 	-89.339 	-16.016 	0.108 	0.036 	0.084 	
-156.014 	-101.061 	36.635 	-0.036 	-0.063 	-0.052 	
128.522 	-58.089 	81.710 	-0.182 	-0.125 	-0.025 	
137.853 	-84.667 	0.547 	-0.107 	0.145 	0.012 	
26.307 	-40.023 	54.515 	0.067 	0.096 	0.065 	
-12.090 	-10.377 	-52.540 	0.107 	0.099 	-0.010 	
164.286 	103.750 	93.146 	0.052 	-0.121 	-0.016 	
1561.919 	1712.921 	679.304 	3.032 	3.585 	1.317 	
285.110 	-64.967 	-25.359 	0.206 	-0.038 	-0.042 	
24.572 	-57.881 	63.843 	0.176 	-0.028 	0.019 	
37.969 	-22.255 	67.671 	0.104 	-0.144 	0.056 	
-17.525 	-128.156 	-18.416 	-0.030 	-0.140 	0.030 	
-27.473 	-51.317 	-6.637 	-0.147 	0.001 	0.014 	
1320.582 	821.693 	296.979 	0.331 	0.216 	0.073 	
123.024 	-69.564 	23.542 	-0.139 	0.147 	-0.043 	
-32.648 	-48.701 	66.292 	0.002 	0.090 	0.033 	
204.396 	-36.153 	224.886 	0.055 	0.014 	-0.069 	
-3.849 	23.897 	53.396 	-0.007 	-0.053 	-0.084 	
64.067 	-83.971 	44.984 	-0.169 	-0.051 	-0.082 	
56.643 	-11.119 	-36.376 	0.112 	-0.035 	0.013 	
-21.552 	-76.836 	139.538 	-0.131 	-0.007 	-0.089 	
1396.208 	799.086 	-874.494 	0.346 	0.211 	-0.211 	
21.687 	-21.329 	43.331 	0.149 	-0.150 	-0.053 	
79.038 	-24.408 	35.907 	0.056 	0.049 	-0.057 	
65.124 	-4.249 	-1.737 	-0.002 	-0.106 	0.039 	
118.668 	38.130 	81.513 	-0.097 	-0.103 	0.009 	
40.232 	-48.537 	18.239 	0.001 	0.054 	0.037 	
-116.553 	-155.690 	86.880 	-0.057 	-0.034 	-0.072 	
4.907 	46.274 	87.817 	0.058 	-0.042 	0.069 	
100.048 	15.509 	181.523 	-0.029 	-0.048 	0.059 	
-2232.710 	-258.383 	-89.086 	-0.715 	-0.066 	-0.025 	
103.686 	-15.393 	-48.279 	-0.186 	-0.098 	0.012 	
73.136 	-46.541 	130.573 	-0.074 	-0.039 	-0.111 	
80.431 	-2.563 	15.664 	0.088 	-0.120 	-0.038 	
60.657 	-45.337 	88.700 	0.008 	-0.040 	0.057 	
2.148 	-69.127 	33.002 	0.099 	-0.095 	0.092 	
31.605 	-19.655 	71.267 	-0.047 	0.099 	0.127 	
64.470 	-37.466 	66.142 	0.054 	-0.133 	0.097 	
132.601 	-4.928 	0.141 	0.089 	0.054 	0.057 	
34.231 	-34.808 	20.108 	0.255 	0.004 	0.009 	
1291.606 	-234.458 	54.724 	0.410 	-0.082 	0.006 	
140.430 	-165.918 	-49.241 	-0.020 	0.003 	-0.031 	
50.600 	-34.720 	34.725 	-0.060 	-0.135 	-0.003 	
85.319 	-77.975 	3.972 	-0.039 	-0.095 	-0.141 	
-44.808 	9.003 	15.990 	-0.087 	-0.089 	0.074 	
-778.486 	-396.305 	-1722.945 	-0.190 	-0.102 	-0.422 	
-25.248 	-63.064 	9.894 	0.055 	0.062 	0.179 	
226.429 	-75.612 	-92.434 	-0.020 	-0.010 	0.103 	
77.385 	-47.137 	22.017 	-0.135 	0.087 	0.061 	
36.861 	60.196 	-31.047 	-0.075 	0.045 	0.037 	
33.985 	21.407 	7.387 	0.021 	0.021 	0.019 	
-13.834 	0.037 	95.043 	0.060 	-0.007 	-0.026 	
97.518 	-41.279 	-5.546 	-0.032 	-0.056 	0.260 	
39.064 	-55.621 	3.038 	-0.007 	-0.078 	-0.206 	
48.140 	-16.623 	50.777 	-0.011 	0.114 	0.074 	
-55.009 	-85.079 	46.852 	-0.101 	0.033 	0.067 	
1.834 	-40.244 	30.212 	0.107 	-0.114 	-0.132 	
57.494 	-31.647 	26.826 	-0.004 	0.032 	0.069 	
-8.272 	-68.401 	14.764 	0.124 	-0.019 	0.062 	
375.013 	-244.683 	33.539 	-0.002 	-0.071 	-0.001 	
169.872 	-29.280 	55.776 	-0.148 	0.005 	-0.033 	
46.043 	-52.249 	26.552 	-0.073 	-0.055 	0.030 	
63.925 	-10.130 	57.468 	-0.003 	0.045 	-0.088 	
-27.058 	-28.046 	50.367 	0.066 	-0.104 	0.009 	
32.392 	-24.576 	91.669 	0.051 	-0.025 	0.045 	
89.424 	-51.462 	54.027 	0.075 	0.000 	0.039 	
45.484 	-91.333 	1.841 	0.062 	-0.033 	0.087 	
-32.103 	-67.050 	129.372 	-0.026 	-0.014 	0.067 	
7.573 	-62.051 	75.150 	-0.117 	-0.095 	0.080 	
13.607 	-100.580 	9.769 	-0.263 	-0.042 	-0.003 	
26.040 	-46.202 	102.504 	0.016 	0.127 	-0.006 	
76.953 	-26.516 	49.026 	-0.047 	-0.028 	0.091 	
47.629 	-47.527 	36.418 	-0.000 	-0.067 	-0.249 	
57.629 	-54.783 	28.279 	0.062 	0.068 	-0.075 	
18.221 	-26.088 	39.303 	0.174 	0.185 	-0.041 	
176.129 	-67.658 	72.150 	-0.065 	0.057 	0.073 	
70.127 	-173.773 	-135.739 	-0.067 	-0.042 	0.005 	
-633.004 	-1136.388 	1091.260 	-0.183 	-0.288 	0.300 	
95.958 	-112.408 	33.169 	0.070 	-0.182 	-0.026 	
-56.743 	-55.593 	10.906 	0.053 	-0.137 	-0.125 	
-50.988 	38.407 	236.346 	0.063 	-0.044 	-0.034 	
124.481 	-45.213 	44.186 	-0.048 	-0.038 	0.028 	
110.696 	-60.023 	24.775 	0.019 	-0.024 	-0.054 	
9.324 	-69.614 	-44.749 	0.125 	0.017 	-0.079 	
-22.418 	-65.159 	-73.569 	0.049 	0.018 	0.052 	
-20.044 	-4.840 	-53.164 	-0.048 	-0.029 	-0.034 	
4.915 	-63.115 	22.855 	0.187 	0.032 	-0.004 	
-294.692 	-51.614 	-280.600 	-0.316 	0.050 	-0.443 	
-55.241 	-16.233 	30.430 	-0.091 	-0.013 	-0.039 	
-46.349 	-110.402 	78.895 	0.007 	-0.038 	-0.044 	
1.681 	-12.236 	95.936 	-0.030 	-0.031 	-0.076 	
-30.564 	-76.302 	31.519 	-0.002 	0.046 	0.123 	
-707.486 	2800.855 	299.008 	-0.192 	0.720 	0.084 	
65.322 	88.885 	-119.761 	-0.051 	0.079 	-0.003 	
12.921 	-37.531 	-40.780 	-0.141 	-0.019 	-0.068 	
-3.055 	-61.597 	5.536 	0.077 	-0.095 	0.093 	
150.671 	-237.859 	-93.778 	0.053 	0.042 	0.041 	
38.254 	-15.553 	37.565 	0.050 	-0.119 	0.111 	
155.064 	47.643 	61.409 	-0.117 	-0.039 	0.005 	
80.452 	-64.457 	38.069 	-0.068 	0.007 	0.055 	
54.816 	-52.093 	22.021 	-0.181 	0.000 	0.070 	
28.935 	-52.465 	70.744 	-0.062 	0.048 	0.190 	
-131.028 	1.629 	64.152 	-0.173 	-0.020 	0.009 	
141.749 	12.748 	59.737 	-0.125 	-0.088 	0.109 	
23.787 	-173.850 	52.399 	0.064 	-0.050 	0.036 	
-76.612 	-87.596 	71.027 	-0.100 	-0.022 	0.014 	
-40.067 	-77.368 	11.424 	0.027 	0.014 	-0.111 	
-51.966 	-43.103 	39.951 	-0.131 	0.024 	0.011 	
-112.223 	-52.983 	27.977 	-0.088 	-0.001 	0.081 	
17.125 	-8.833 	65.349 	-0.158 	0.094 	0.143 	
-49.749 	-54.819 	38.510 	0.057 	0.043 	0.087 	
-39.411 	-62.494 	19.392 	0.157 	-0.059 	0.043 	
179.050 	78.261 	-90.752 	-0.029 	-0.047 	-0.010 	
68.433 	-55.441 	46.964 	-0.022 	0.057 	0.041 	
69.909 	-45.615 	24.936 	-0.200 	-0.095 	-0.061 	
2.573 	-30.206 	22.758 	0.010 	-0.030 	0.012 	
154.055 	-84.427 	-39.254 	-0.097 	0.076 	0.046 	
155.463 	45.315 	-71.625 	0.079 	0.037 	-0.088 	
-33.145 	-11.095 	12.774 	0.117 	-0.069 	-0.036 	
87.984 	-25.986 	19.679 	0.199 	0.076 	-0.021 	
158.436 	-109.244 	-71.373 	-0.094 	-0.032 	0.009 	
-3.191 	-106.281 	67.564 	-0.089 	0.156 	-0.005 	
-449.182 	-267.956 	428.852 	-0.284 	-0.128 	0.154 	
2.758 	-54.886 	48.496 	0.094 	-0.016 	0.181 	
28.655 	2.383 	37.593 	-0.077 	0.128 	0.014 	
88.260 	-13.294 	44.597 	0.029 	0.033 	0.062 	
-24.071 	-27.978 	-0.775 	0.009 	-0.145 	0.008 	
175.652 	38.705 	2.114 	-0.076 	-0.110 	-0.003 	
-156.295 	-89.032 	-26.630 	-0.012 	-0.013 	-0.047 	
297.393 	-212.813 	-398.837 	0.055 	-0.041 	-0.035 	
-44.455 	-35.064 	59.999 	-0.123 	0.066 	-0.032 	
3.419 	-5.951 	100.041 	0.015 	-0.048 	0.146 	
21.275 	-7.670 	113.514 	-0.039 	0.052 	-0.030 	
-18.782 	-59.281 	124.170 	-0.059 	0.025 	-0.019 	
260.742 	-68.430 	53.144 	-0.031 	0.089 	-0.044 	
-331.068 	-102.017 	180.111 	-0.160 	-0.049 	0.015 	
435.183 	-530.747 	-70.422 	0.085 	-0.104 	-0.006 	
-9.058 	-56.920 	22.769 	0.245 	-0.049 	0.110 	
-0.935 	-9.875 	37.016 	0.112 	-0.082 	-0.050 	
67.759 	-13.171 	50.184 	0.062 	0.113 	0.100 	
121.466 	-60.076 	5.965 	-0.056 	0.007 	-0.028 	
70.938 	-66.934 	11.755 	-0.122 	-0.054 	0.056 	
2.772 	-48.343 	20.863 	-0.051 	0.119 	0.185 	
18.143 	-22.666 	20.923 	0.150 	0.060 	0.084 	
47.925 	26.622 	54.688 	-0.042 	-0.195 	0.044 	
-134.668 	-62.185 	-39.624 	-0.003 	-0.054 	0.029 	
-23.848 	-129.355 	4.689 	-0.028 	-0.173 	-0.007 	
40.147 	-49.583 	16.783 	0.027 	-0.050 	-0.103 	
198.802 	-256.045 	75.850 	0.053 	0.056 	0.003 	
-37.909 	-29.615 	62.203 	-0.094 	0.017 	0.107 	
15.400 	-28.890 	37.239 	0.179 	0.028 	0.203 	
105.187 	-6.510 	-69.761 	-0.135 	-0.053 	-0.095 	
-22.377 	-72.790 	38.288 	0.121 	-0.059 	0.084 	
75.650 	-46.907 	2.850 	-0.185 	-0.099 	-0.016 	
33.458 	-90.458 	89.506 	-0.056 	-0.014 	-0.033 	
-38.743 	-85.870 	68.535 	0.044 	-0.060 	0.192 	
62.716 	-45.926 	17.450 	0.074 	-0.035 	0.018 	
-130.672 	-79.654 	-19.917 	0.036 	-0.087 	-0.047 	
-47.778 	-83.200 	119.649 	-0.006 	-0.044 	-0.042 	
358.236 	283.539 	-9.863 	0.029 	0.113 	-0.011 	
-426.465 	434.047 	204.618 	-0.408 	0.458 	0.187 	
134.693 	-94.263 	212.200 	-0.096 	-0.010 	-0.014 	
18.849 	-37.899 	7.232 	0.159 	0.013 	-0.008 	
124.924 	-60.874 	22.413 	0.147 	-0.068 	0.055 	
116.633 	-61.489 	30.887 	0.011 	-0.079 	0.010 	
229.175 	314.329 	508.928 	0.047 	0.051 	0.075 	
138.330 	-15.887 	-3.706 	-0.112 	0.046 	-0.030 	
-7.500 	-151.421 	70.572 	-0.037 	-0.003 	0.060 	
-29.754 	-10.110 	-1.133 	0.112 	0.042 	0.094 	
1113.553 	-1267.960 	-6.101 	0.261 	-0.305 	0.004 	
26.310 	-93.585 	22.913 	0.048 	-0.075 	-0.086 	
-16.674 	-42.724 	24.805 	0.018 	0.140 	-0.213 	
24.910 	-11.218 	65.580 	-0.044 	-0.158 	-0.073 	
88.092 	-24.379 	47.550 	0.122 	-0.042 	-0.056 	
-40.074 	-72.235 	33.171 	0.025 	-0.186 	0.070 	
-7.143 	19.360 	-38.997 	0.000 	-0.065 	-0.074 	
102.180 	-59.998 	35.988 	0.104 	0.025 	0.033 	
87.232 	-15.697 	42.321 	0.103 	-0.119 	0.040 	
-4.574 	-61.780 	-63.307 	-0.041 	0.005 	0.036 	
66.430 	-15.326 	41.812 	-0.109 	-0.001 	0.064 	
449.166 	-1198.758 	-3.976 	0.119 	-0.289 	-0.015 	
189.955 	-26.087 	185.918 	0.064 	0.042 	0.085 	
-86.599 	-54.435 	-23.556 	0.020 	-0.082 	0.046 	
154.179 	-156.802 	140.222 	-0.029 	0.012 	-0.014 	
122.558 	48.900 	-19.174 	-0.187 	0.009 	0.000 	
91.697 	-7.525 	62.732 	-0.180 	0.104 	-0.048 	
80.944 	-65.104 	28.972 	-0.018 	-0.068 	0.038 	
6.731 	-85.793 	100.632 	-0.017 	-0.126 	0.015 	
68.550 	95.603 	11.760 	-0.149 	0.030 	0.042 	
65.480 	-41.807 	26.278 	-0.055 	0.013 	0.148 	
-134.266 	-82.673 	25.560 	-0.122 	0.046 	-0.027 	
162.504 	-8.280 	-18.360 	0.106 	-0.037 	-0.095 	
140.764 	-6.478 	-72.593 	0.083 	0.064 	-0.041 	
70.570 	-16.788 	32.666 	-0.104 	0.048 	-0.024 	
4.508 	-56.583 	35.899 	-0.018 	-0.157 	-0.055 	
420.049 	-95.051 	237.076 	0.087 	-0.045 	0.053 	
27.709 	-63.734 	50.917 	0.050 	0.070 	-0.055 	
98.658 	-65.006 	4.624 	0.027 	-0.056 	0.041 	
4.427 	-123.422 	28.885 	0.008 	-0.011 	-0.020 	
5.934 	-54.632 	2.195 	0.223 	-0.117 	0.061 	
53.110 	-12.785 	44.712 	0.140 	-0.030 	-0.007 	
58.292 	-46.899 	29.114 	-0.076 	-0.106 	0.061 	
90.495 	-48.107 	6.024 	0.010 	-0.003 	-0.124 	
74.511 	-48.984 	103.539 	-0.079 	0.054 	-0.132 	
-15.543 	-72.368 	7.073 	0.087 	-0.114 	0.023 	
1000.562 	2277.763 	-8393.126 	0.265 	0.621 	-2.368 	
-31.366 	-43.013 	72.525 	-0.129 	0.149 	0.008 	
14.169 	-34.941 	24.990 	0.089 	0.157 	-0.004 	
1.979 	-76.800 	44.822 	0.203 	0.156 	0.094 	
59.200 	-87.535 	17.922 	0.087 	-0.029 	0.099 	
146.340 	-40.004 	51.549 	-0.118 	-0.034 	-0.023 	
126.279 	-111.290 	44.019 	0.115 	0.001 	0.008 	
266.417 	38.616 	34.140 	-0.029 	-0.017 	-0.047 	
54.975 	-46.291 	11.936 	0.148 	-0.017 	-0.135 	
40.392 	56.524 	7.661 	0.057 	-0.074 	0.046 	
10.634 	-50.637 	-3.221 	0.122 	0.086 	0.020 	
60.622 	-0.638 	49.327 	0.192 	0.162 	0.085 	
7.630 	-64.092 	17.384 	0.080 	-0.081 	-0.070 	
59.947 	-15.189 	28.238 	0.185 	0.008 	0.010 	
-46.788 	59.363 	31.526 	0.026 	-0.053 	0.064 	
45.783 	-36.879 	47.434 	0.043 	0.111 	0.140 	
87.366 	-8.971 	37.470 	-0.056 	0.061 	-0.007 	
29.367 	-15.813 	-9.567 	-0.204 	0.078 	-0.014 	
-49.554 	-28.155 	-68.046 	-0.115 	-0.064 	0.080 	
115.948 	-8.243 	75.921 	0.017 	0.125 	0.183 	
77.752 	-56.028 	2.961 	0.143 	0.026 	-0.000 	
13.069 	-63.781 	19.980 	0.102 	-0.003 	0.093 	
144.725 	77.706 	183.893 	0.027 	0.091 	0.073 	
9.964 	61.925 	-7.203 	0.067 	0.041 	-0.054 	
181.368 	-41.733 	72.955 	-0.059 	0.040 	-0.092 	
556.161 	-223.149 	-259.248 	0.090 	-0.067 	-0.055 	
9.049 	-49.493 	14.076 	-0.076 	-0.036 	-0.042 	
-5.364 	65.718 	-16.031 	0.100 	0.019 	-0.021 	
-23.848 	22.424 	12.985 	-0.042 	-0.048 	-0.053 	
107.503 	-30.132 	8.771 	0.062 	0.036 	-0.048 	
-2.461 	-141.911 	-12.861 	-0.010 	-0.085 	0.062 	
69.737 	-77.554 	-21.640 	-0.093 	-0.120 	0.131 	
-77.300 	-64.223 	-12.632 	0.050 	0.008 	0.040 	
-193.395 	-57.465 	107.003 	0.069 	-0.042 	-0.001 	
-24.645 	-112.764 	69.557 	-0.054 	-0.050 	-0.032 	
63.845 	28.066 	22.827 	-0.057 	0.397 	-0.057 	
-111.091 	-29.573 	85.357 	-0.106 	-0.039 	0.007 	
40.527 	-48.532 	79.700 	0.080 	-0.009 	0.125 	
-3.817 	-39.718 	58.540 	0.074 	0.084 	-0.101 	
12.298 	-17.804 	36.142 	0.022 	-0.145 	0.100 	
3.208 	10.389 	-10.275 	-0.060 	0.133 	-0.124 	
7.355 	-66.794 	-29.667 	-0.034 	0.028 	-0.023 	
131.824 	8.338 	9.379 	-0.161 	0.136 	0.032 	
73.112 	-13.613 	10.119 	-0.066 	0.088 	0.002 	
-0.193 	-3.469 	109.914 	0.063 	0.039 	0.148 	
2188.487 	823.812 	932.894 	0.570 	0.233 	0.255 	
51.060 	-90.459 	67.196 	0.063 	0.036 	-0.099 	
22.533 	-3.302 	44.615 	0.039 	-0.042 	0.054 	
121.188 	-18.234 	1.618 	-0.062 	-0.088 	-0.055 	
124.203 	0.306 	37.091 	0.034 	0.037 	0.086 	
92.753 	78.133 	125.089 	-0.143 	-0.031 	-0.021 	
85.578 	-59.465 	30.902 	-0.064 	0.067 	-0.122 	
-3.064 	-39.160 	23.222 	-0.084 	0.015 	-0.149 	
-24.513 	4.834 	54.843 	0.064 	-0.109 	-0.034 	
13.151 	-7.050 	53.317 	0.067 	-0.034 	-0.045 	
27.126 	11.015 	-9.718 	-0.014 	-0.114 	0.096 	
-27.612 	-44.324 	23.577 	-0.152 	-0.050 	0.027 	
-17.327 	-55.807 	0.275 	0.106 	-0.119 	-0.044 	
104.137 	-32.261 	92.389 	-0.112 	-0.056 	-0.011 	
29.613 	-425.214 	746.560 	-0.040 	-0.083 	0.172 	
92.548 	-28.749 	-37.333 	-0.094 	-0.030 	0.011 	
84.656 	36.432 	81.956 	-0.107 	0.033 	-0.041 	
191.003 	-69.428 	57.005 	0.025 	0.047 	0.076 	
1.338 	-40.164 	20.694 	0.088 	-0.102 	0.048 	
126.536 	-25.224 	27.910 	0.058 	0.154 	0.079 	
-10.140 	-105.764 	-191.850 	0.028 	-0.024 	-0.004 	
406.279 	-46.954 	179.288 	0.098 	-0.023 	0.066 	
-59.150 	14.138 	159.255 	0.041 	-0.017 	-0.044 	
-176.138 	3.483 	-58.872 	-0.179 	0.140 	-0.137 	
109.668 	-68.840 	-39.584 	-0.005 	0.012 	-0.023 	
7.642 	-41.414 	43.381 	-0.141 	-0.062 	-0.126 	
236.181 	-151.403 	48.936 	0.086 	-0.043 	0.006 	
155.727 	-103.016 	23.090 	0.081 	-0.042 	0.052 	
-2.089 	-42.283 	57.709 	-0.057 	-0.012 	-0.114 	
180.806 	-122.796 	40.530 	-0.008 	0.009 	0.049 	
2.358 	-18.302 	33.172 	0.034 	0.020 	0.078 	
81.184 	-111.235 	92.517 	0.068 	-0.069 	-0.017 	
82.215 	-38.549 	23.929 	0.134 	0.128 	0.148 	
-30.543 	-43.916 	43.158 	-0.011 	0.048 	0.016 	
83.927 	-15.919 	17.536 	-0.036 	-0.123 	-0.120 	
-612.797 	216.122 	-900.190 	-0.248 	0.093 	-0.309 	
97.351 	-152.049 	209.535 	0.062 	0.007 	0.008 	
-57.336 	-58.983 	49.111 	0.042 	-0.097 	0.013 	
19.573 	-38.527 	15.469 	0.075 	0.036 	0.274 	
113.534 	-15.687 	-7.217 	-0.099 	-0.097 	0.060 	
79.415 	-23.999 	122.152 	-0.027 	0.026 	-0.048 	
-18.079 	-21.861 	38.113 	0.011 	-0.015 	0.109 	
81.978 	-23.273 	34.673 	-0.116 	-0.158 	0.054 	
70.871 	-48.590 	43.763 	0.122 	0.240 	-0.128 	
223.891 	-85.509 	36.961 	0.010 	0.088 	0.022 	
-451.813 	-141.500 	-27.836 	-0.088 	-0.045 	0.044 	
115.305 	-75.466 	14.318 	0.131 	-0.052 	0.044 	
116.806 	-0.495 	-32.508 	0.056 	-0.024 	-0.075 	
102.263 	-22.705 	-7.291 	0.119 	-0.037 	0.019 	
3.724 	60.421 	-9.265 	-0.042 	-0.019 	0.046 	
7.669 	-51.930 	45.566 	-0.077 	-0.176 	-0.042 	
92.698 	-37.474 	88.873 	-0.160 	0.062 	-0.042 	
-101.938 	-49.967 	-134.742 	-0.050 	0.010 	-0.065 	
96.807 	-45.849 	87.436 	-0.050 	-0.135 	0.001 	
63.045 	-43.203 	-1.633 	-0.128 	0.118 	0.031 	
93.723 	-56.505 	59.880 	0.187 	-0.291 	0.244 	
36.514 	-33.917 	116.209 	-0.063 	-0.098 	-0.015 	
54.141 	-35.754 	1.650 	-0.130 	0.064 	0.050 	
-10.927 	-123.726 	-100.628 	0.015 	0.006 	-0.040 	
33.850 	-111.792 	47.040 	0.071 	0.145 	-0.074 	
124.187 	-10.549 	-44.054 	0.082 	-0.145 	0.055 	
103.998 	-4.381 	51.493 	-0.072 	-0.006 	0.051 	
5.740 	-61.151 	48.717 	-0.127 	0.021 	-0.015 	
21.719 	-39.899 	32.175 	-0.122 	-0.087 	0.064 	
154.780 	-69.377 	3.007 	-0.022 	0.008 	0.020 	
291.327 	-503.019 	286.715 	0.002 	-0.090 	0.058 	
43.859 	-30.765 	37.911 	-0.152 	-0.121 	0.085 	
4.700 	-43.508 	34.202 	0.010 	-0.102 	0.085 	
33.263 	-76.706 	-18.885 	0.129 	-0.027 	-0.148 	
-20.335 	-40.276 	50.019 	-0.034 	-0.185 	0.003 	
150.994 	-111.067 	-99.896 	-0.024 	-0.032 	-0.021 	
93.564 	-24.577 	24.834 	-0.127 	-0.088 	0.054 	
27.212 	9.482 	14.800 	-0.076 	-0.161 	0.092 	
120.425 	-76.951 	19.232 	0.055 	-0.055 	0.045 	
182.777 	-39.111 	93.891 	0.001 	-0.069 	-0.008 	
-51.904 	-12.486 	104.891 	0.035 	-0.022 	-0.083 	
69.317 	-134.948 	131.682 	0.047 	0.012 	-0.078 	
132.978 	14.000 	76.359 	0.017 	-0.079 	-0.041 	
62.266 	-20.713 	70.691 	-0.065 	-0.157 	-0.114 	
74.988 	-41.879 	9.630 	-0.166 	-0.066 	0.168 	
12.561 	-30.468 	45.418 	0.214 	0.077 	-0.130 	
16196.093 	4508.632 	9992.408 	5.490 	1.541 	3.410 	
151.687 	-21.680 	38.308 	-0.024 	0.094 	0.042 	
146.833 	-24.347 	89.324 	-0.112 	0.003 	0.082 	
5.565 	-43.043 	22.840 	0.091 	-0.021 	0.025 	
9.911 	-61.923 	14.323 	0.073 	0.056 	-0.020 	
-46.276 	-39.496 	58.850 	0.104 	-0.093 	-0.114 	
89.081 	-19.916 	45.461 	-0.153 	-0.115 	-0.041 	
-46.155 	-63.255 	19.140 	0.046 	0.050 	0.014 	
66.829 	-1.317 	31.914 	0.132 	-0.062 	0.045 	
88.761 	-81.065 	30.816 	-0.136 	-0.032 	0.127 	
94.197 	-2.619 	89.186 	-0.065 	-0.119 	-0.071 	
48.467 	-28.903 	-47.939 	-0.172 	0.050 	0.073 	
-41.299 	-106.961 	-8.219 	0.068 	0.005 	0.100 	
95.778 	49.749 	27.475 	-0.107 	0.093 	0.030 	
-266.103 	676.667 	-206.348 	-0.102 	0.224 	-0.081 	
328.478 	75.594 	-48.245 	0.008 	0.006 	-0.009 	
77.882 	-10.387 	-48.943 	0.052 	-0.042 	-0.082 	
84.213 	46.168 	45.928 	-0.015 	0.014 	-0.081 	
-1.112 	-45.709 	24.906 	0.005 	-0.050 	-0.183 	
-100.410 	-64.574 	24.935 	0.090 	-0.032 	0.088 	
80.392 	-11.520 	-9.952 	0.142 	0.025 	-0.007 	
85.736 	-19.365 	30.282 	-0.137 	-0.052 	-0.121 	
72.735 	-28.522 	-19.040 	0.004 	0.048 	0.010 	
191.398 	10.257 	64.291 	-0.005 	0.148 	0.003 	
134.259 	-11.846 	-43.747 	-0.061 	-0.044 	0.018 	
161.104 	15.996 	-2.777 	-0.029 	-0.057 	-0.065 	
626.813 	52.356 	-78.291 	0.080 	0.001 	-0.013 	
10.676 	-23.269 	-22.014 	-0.033 	0.067 	0.017 	
90.727 	-7.850 	-0.667 	-0.059 	-0.119 	-0.110 	
109.038 	-16.299 	-20.914 	0.051 	-0.029 	0.097 	
-0.081 	-40.860 	63.292 	-0.180 	0.013 	0.031 	
207.741 	-33.757 	369.852 	0.397 	0.078 	0.461 	
-10.648 	-43.855 	-5.123 	-0.266 	0.017 	-0.057 	
155.940 	-77.802 	50.949 	-0.002 	0.148 	-0.004 	
132.147 	-9.367 	41.310 	0.058 	-0.105 	0.006 	
101.636 	74.176 	-71.086 	-0.087 	0.042 	-0.048 	
15.869 	-44.961 	25.600 	-0.002 	-0.075 	0.095 	
-22.550 	39.038 	-127.661 	-0.004 	-0.004 	-0.042 	
-78.047 	-96.514 	-6.155 	0.058 	-0.088 	0.023 	
-53.787 	-41.940 	-1.890 	0.172 	-0.015 	0.010 	
67.079 	-60.495 	69.732 	0.126 	0.031 	0.042 	
-105.313 	-162.400 	468.235 	-0.061 	-0.014 	0.119 	
84.089 	-72.218 	-27.238 	-0.028 	-0.108 	-0.086 	
3.892 	-60.487 	13.062 	-0.005 	0.075 	-0.003 	
-4.895 	-6.529 	-92.509 	-0.205 	0.008 	-0.110 	
43.670 	-21.578 	73.037 	-0.139 	-0.104 	-0.043 	
16.846 	-37.411 	34.460 	-0.113 	-0.198 	0.191 	
93.489 	-44.475 	68.454 	-0.095 	-0.007 	-0.129 	
130.503 	-46.767 	143.363 	0.113 	0.014 	-0.064 	
44.138 	-49.045 	-6.522 	-0.122 	0.035 	-0.050 	
100.034 	-111.451 	66.070 	-0.057 	0.062 	-0.028 	
9.889 	-24.171 	43.867 	-0.104 	-0.102 	-0.017 	
1069.295 	678.294 	-383.007 	0.442 	0.276 	-0.164 	
-0.335 	-43.045 	49.807 	-0.069 	-0.071 	0.176 	
14.532 	-56.347 	6.587 	0.230 	-0.011 	0.040 	
156.048 	-22.808 	20.244 	0.302 	0.165 	-0.003 	
142.747 	-111.457 	-0.591 	0.065 	-0.014 	-0.001 	
-29.975 	73.913 	-100.495 	0.039 	-0.054 	0.023 	
72.770 	-33.421 	38.228 	0.198 	-0.190 	0.006 	
177.327 	-83.110 	46.989 	-0.075 	0.005 	-0.003 	
74.978 	7.662 	95.300 	-0.129 	0.032 	-0.023 	
18.861 	-78.540 	-8.307 	-0.213 	-0.052 	-0.060 	
32.913 	-13.760 	15.106 	0.253 	0.010 	0.093 	
-48.046 	12.474 	18.340 	0.164 	-0.004 	0.016 	
98.445 	-37.515 	-17.794 	-0.105 	0.014 	0.090 	
27.816 	-39.027 	21.193 	0.092 	-0.102 	0.066 	
-86.811 	-197.215 	161.075 	-0.051 	-0.061 	0.020 	
98.301 	-35.323 	29.700 	-0.187 	0.070 	0.003 	
-135.917 	-148.357 	83.106 	-0.080 	-0.011 	0.033 	
67.456 	-110.179 	-41.754 	-0.136 	-0.062 	0.013 	
123.613 	-14.653 	34.791 	-0.040 	-0.021 	0.121 	
-13.302 	149.102 	21.984 	0.029 	-0.014 	-0.011 	
208.439 	-36.342 	-33.432 	-0.076 	-0.016 	-0.030 	
0.239 	-44.394 	34.818 	-0.163 	-0.068 	-0.089 	
118.019 	-14.020 	68.728 	0.061 	0.001 	0.132 	
129.318 	-56.403 	-42.732 	-0.053 	0.047 	0.061 	
77.400 	-16.864 	-8.257 	0.049 	0.032 	-0.162 	
87.290 	-8.824 	9.369 	0.149 	0.021 	-0.042 	
-11.867 	-57.729 	51.781 	0.062 	0.082 	-0.023 	
46.556 	-53.277 	13.558 	-0.097 	0.019 	0.118 	
123.786 	-30.704 	28.040 	-0.039 	-0.021 	-0.081 	
41.579 	-26.054 	61.306 	0.251 	0.032 	-0.041 	
-47.200 	-57.943 	132.125 	0.014 	0.062 	-0.039 	
50.207 	-65.091 	-3.874 	-0.146 	-0.032 	-0.051 	
132.453 	-5.263 	-44.754 	-0.094 	0.017 	-0.038 	
185.608 	-38.717 	118.761 	-0.004 	0.012 	0.044 	
202.841 	528.275 	916.326 	0.067 	0.437 	0.726 	
-119.568 	-14.283 	57.469 	0.086 	0.008 	0.026 	
18.247 	-31.632 	22.168 	0.104 	-0.034 	-0.060 	
29.969 	-74.848 	-10.454 	0.186 	-0.064 	-0.118 	
10.453 	-107.071 	25.702 	0.025 	0.112 	0.119 	
24.026 	-57.209 	35.190 	0.093 	0.042 	-0.054 	
38.412 	-33.284 	20.771 	-0.184 	0.008 	0.169 	
1227.724 	218.420 	-2544.033 	0.276 	0.060 	-0.628 	
-4470.837 	-20690.314 	-32569.214 	-1.525 	-7.107 	-11.197 	
-105.008 	-68.659 	260.259 	-0.032 	-0.004 	0.025 	
-13.311 	-23.081 	12.311 	0.021 	0.040 	-0.142 	
57.296 	-69.870 	15.142 	-0.090 	-0.146 	0.026 	
25.501 	-37.524 	48.088 	-0.193 	-0.102 	-0.117 	
144.460 	-24.233 	44.243 	-0.036 	-0.002 	-0.052 	
95.550 	32.109 	35.271 	0.049 	0.077 	0.088 	
-11.726 	-56.349 	20.701 	-0.014 	0.100 	0.008 	
23.295 	-53.580 	-13.900 	-0.111 	0.141 	0.061 	
86.051 	47.527 	36.082 	-0.024 	0.125 	-0.039 	
-39.783 	-269.027 	-110.212 	-0.083 	0.017 	0.045 	
636.766 	-355.520 	-133.505 	0.302 	-0.134 	-0.060 	
134.293 	28.618 	56.950 	0.084 	-0.016 	0.079 	
-134.317 	-3.920 	-87.264 	-0.293 	-0.051 	-0.153 	
95.786 	-45.938 	21.069 	0.192 	0.097 	-0.091 	
16.033 	-54.501 	16.155 	0.012 	0.229 	-0.055 	
1279.948 	464.894 	-205.935 	0.559 	0.206 	-0.095 	
22.605 	-53.853 	39.996 	-0.178 	0.023 	-0.129 	
290.543 	-266.480 	-119.644 	0.091 	-0.111 	-0.050 	
99.103 	-76.377 	298.127 	0.220 	-0.074 	0.664 	
80.466 	-29.750 	47.028 	-0.173 	-0.035 	-0.120 	
38.593 	-50.400 	40.237 	0.165 	0.100 	0.114 	
109.562 	-64.477 	37.846 	-0.122 	-0.054 	-0.018 	
150.440 	-42.731 	-40.006 	0.033 	-0.065 	0.144 	
-121.210 	-72.516 	-20.144 	0.019 	-0.062 	-0.069 	
120.765 	-7.107 	10.838 	0.099 	0.003 	-0.106 	
113.498 	82.115 	-7.386 	-0.012 	0.032 	-0.049 	
-23.631 	-264.424 	57.485 	0.026 	-0.017 	0.009 	
123.360 	-37.119 	35.319 	-0.131 	-0.028 	-0.090 	
16.230 	-24.256 	52.365 	0.012 	-0.110 	0.028 	
102.220 	18.942 	125.834 	-0.053 	-0.002 	0.149 	
162.295 	-22.447 	-9.508 	0.062 	0.066 	-0.040 	
93.347 	-61.655 	88.785 	0.080 	-0.016 	0.142 	
-40.838 	-28.197 	65.794 	-0.086 	0.021 	0.023 	
118.792 	28.436 	-14.079 	-0.010 	0.024 	0.084 	
227.897 	-49.750 	110.674 	0.013 	-0.003 	-0.020 	
33.256 	-13.414 	12.684 	-0.099 	0.019 	0.021 	
48.137 	-26.241 	48.134 	0.006 	0.129 	0.035 	
-20.052 	-2.001 	63.057 	-0.009 	-0.063 	0.015 	
234.828 	-33.710 	193.577 	0.288 	-0.092 	0.265 	
73.657 	-24.422 	-22.066 	-0.142 	0.026 	-0.002 	
27.331 	-40.587 	31.384 	0.170 	0.039 	0.146 	
-308.429 	77.401 	121.378 	-0.091 	0.042 	0.049 	
66.467 	-112.971 	54.079 	-0.104 	0.098 	0.028 	
117.180 	-88.050 	9.677 	-0.014 	-0.165 	-0.105 	
65.868 	-32.816 	0.049 	-0.167 	-0.109 	-0.026 	
-2930.363 	1733.803 	1043.877 	-1.005 	0.616 	0.365 	
-1.862 	-67.220 	51.426 	-0.016 	0.079 	-0.011 	
-57.899 	1.503 	1.550 	0.125 	-0.081 	0.000 	
-51.634 	-88.591 	35.370 	0.141 	0.026 	-0.059 	
67.667 	-46.914 	49.634 	0.280 	0.007 	-0.023 	
124.816 	70.302 	25.165 	0.066 	0.052 	-0.021 	
-24.341 	-73.638 	22.131 	-0.086 	-0.025 	-0.006 	
3.888 	-62.821 	19.348 	-0.011 	-0.098 	0.080 	
9.533 	-39.907 	26.961 	0.043 	-0.079 	-0.088 	
11.982 	-130.576 	82.681 	0.099 	0.094 	0.035 	
97.493 	-80.123 	63.861 	-0.088 	0.042 	0.020 	
89.056 	-66.341 	11.464 	-0.115 	-0.143 	-0.102 	
-635.136 	265.116 	-173.428 	-0.181 	0.043 	-0.034 	
155.085 	27.735 	20.854 	-0.044 	-0.063 	-0.039 	
9.303 	-21.623 	54.184 	0.146 	-0.033 	0.038 	
69.326 	-57.510 	29.754 	-0.107 	0.011 	0.119 	
391.382 	13.452 	14.553 	0.919 	0.299 	-0.150 	
30.213 	-31.695 	23.889 	-0.188 	-0.100 	0.126 	
4.902 	-77.213 	41.115 	-0.078 	0.078 	-0.012 	
58.413 	-52.449 	31.402 	-0.113 	-0.198 	-0.017 	
65.574 	-80.950 	73.641 	0.169 	-0.029 	0.053 	
-22.696 	-75.312 	5.874 	-0.020 	0.062 	-0.051 	
70.525 	-110.924 	27.685 	-0.089 	-0.012 	0.070 	
143.546 	-83.714 	-11.568 	0.008 	-0.025 	0.078 	
41.757 	-69.256 	26.849 	-0.173 	-0.073 	0.063 	
11.573 	-48.816 	57.724 	-0.107 	-0.028 	-0.109 	
22.821 	-81.793 	32.649 	-0.065 	-0.050 	0.160 	
143.953 	-52.234 	68.325 	-0.059 	0.034 	-0.056 	
-32.424 	-69.948 	19.538 	-0.072 	0.079 	-0.013 	
158.845 	-46.501 	-98.774 	0.142 	-0.026 	-0.193 	
-19.060 	-221.023 	149.407 	-0.013 	-0.016 	0.039 	
9.258 	-13.690 	-0.380 	-0.132 	-0.032 	0.062 	
83.476 	-22.991 	75.558 	-0.094 	0.053 	0.037 	
-165.403 	145.375 	-530.204 	-0.050 	0.066 	-0.206 	
-3.085 	-44.278 	38.690 	-0.093 	0.176 	0.096 	
-113.140 	26.658 	-161.090 	-0.325 	0.188 	-0.509 	
115.105 	-66.256 	31.200 	0.105 	0.032 	-0.083 	
105.722 	-79.683 	59.870 	0.045 	-0.065 	0.005 	
64.756 	-67.853 	-14.216 	-0.075 	0.028 	-0.057 	
102.884 	10.120 	-13.644 	-0.106 	0.054 	-0.158 	
555.620 	-3400.621 	2396.407 	0.104 	-1.019 	0.717 	
-17.989 	-72.823 	48.097 	0.003 	-0.232 	0.071 	
115.359 	49.353 	59.644 	0.106 	-0.123 	0.091 	
-192.927 	-92.181 	206.487 	-0.355 	-0.093 	0.196 	
28.608 	-58.014 	51.004 	-0.117 	0.215 	0.067 	
-163.604 	-71.491 	76.171 	0.011 	0.033 	-0.003 	
32.303 	-166.138 	-46.196 	0.046 	-0.096 	-0.037 	
66.336 	-191.789 	60.971 	0.053 	0.015 	-0.046 	
-334.780 	-333.224 	-39.791 	-0.116 	-0.115 	-0.016 	
78.515 	-65.019 	53.239 	0.037 	-0.045 	-0.088 	
1.339 	-29.697 	28.771 	-0.148 	0.061 	-0.026 	
-36.696 	-27.353 	10.959 	0.184 	-0.030 	0.073 	
57.867 	-21.327 	82.109 	-0.176 	-0.039 	0.055 	
1062.666 	-1646.712 	-1419.861 	0.262 	-0.439 	-0.391 	
234.051 	-132.677 	21.155 	0.074 	-0.038 	0.007 	
173.234 	42.954 	78.586 	0.065 	-0.121 	-0.028 	
121.547 	31.967 	40.464 	-0.106 	0.019 	0.038 	
99.103 	-25.411 	46.936 	-0.087 	-0.054 	-0.075 	
159.791 	-43.988 	52.518 	0.010 	-0.028 	-0.021 	
27.968 	-192.021 	-79.649 	0.025 	-0.022 	0.046 	
47.586 	-22.140 	39.651 	0.254 	-0.075 	-0.053 	
-125.573 	-74.198 	-40.886 	0.049 	-0.012 	-0.007 	
35.572 	-55.630 	37.871 	0.164 	0.080 	0.152 	
24.655 	-189.754 	140.166 	0.012 	-0.073 	0.039 	
10.554 	-57.426 	54.747 	0.152 	0.180 	-0.121 	
-21.994 	-53.124 	44.997 	0.216 	0.040 	0.010 	
73.150 	-12.372 	-3.576 	-0.141 	-0.094 	0.106 	
81.262 	-30.254 	46.920 	0.029 	-0.097 	-0.155 	
126.005 	-81.044 	-62.505 	-0.060 	-0.117 	-0.036 	
-19.098 	-167.989 	-101.521 	0.103 	-0.051 	-0.003 	
121.114 	-9.347 	-120.091 	0.035 	-0.042 	-0.104 	
187.056 	17.212 	98.030 	-0.029 	-0.275 	0.259 	
-10.968 	-14.950 	43.749 	-0.159 	0.090 	0.088 	
-968.421 	-2001.560 	8773.773 	-0.288 	-0.579 	2.449 	
309.978 	115.406 	-56.889 	0.091 	0.019 	-0.039 	
105.110 	27.567 	-52.487 	-0.053 	0.106 	-0.060 	
9.807 	75.051 	-43.923 	0.102 	0.083 	-0.026 	
74.309 	-69.271 	85.016 	-0.058 	-0.058 	0.135 	
38.426 	10.700 	56.039 	0.011 	-0.109 	0.069 	
41.815 	-51.512 	-58.073 	-0.113 	0.016 	-0.008 	
117.080 	-119.813 	-59.019 	0.114 	0.067 	0.032 	
120.444 	-38.343 	25.965 	-0.023 	-0.047 	0.046 	
81.856 	-19.553 	4.278 	-0.080 	-0.006 	0.086 	
106.578 	-28.862 	72.516 	-0.066 	-0.125 	0.033 	
64.861 	-3.639 	12.197 	0.116 	-0.013 	0.044 	
17.878 	-49.005 	-1.623 	0.162 	-0.109 	-0.138 	
-25.902 	-47.383 	31.861 	-0.168 	-0.064 	0.116 	
-342.634 	-1163.974 	17.580 	-0.134 	-0.400 	-0.007 	
60.939 	-46.607 	27.181 	-0.134 	-0.011 	0.232 	
89.870 	-15.585 	47.665 	-0.132 	-0.146 	0.084 	
-29.224 	-87.513 	42.857 	-0.076 	-0.003 	-0.038 	
101.979 	-19.435 	37.791 	-0.081 	-0.026 	-0.084 	
146.275 	-55.720 	-89.253 	-0.031 	-0.002 	-0.125 	
-72.771 	-77.557 	64.404 	0.009 	0.067 	-0.017 	
15.992 	-52.908 	37.813 	-0.202 	-0.002 	0.124 	
12.890 	-152.129 	97.730 	0.022 	0.077 	-0.023 	
130.455 	-47.527 	-9.870 	0.074 	-0.022 	-0.095 	
168.076 	-87.829 	57.444 	-0.029 	-0.004 	0.012 	
-29.633 	-22.379 	15.527 	-0.019 	-0.120 	-0.054 	
84.085 	100.501 	129.057 	0.067 	0.007 	-0.014 	
127.324 	-47.522 	56.629 	-0.028 	-0.175 	0.037 	
-144.968 	136.240 	-556.560 	-0.057 	0.015 	-0.085 	
99.069 	-20.918 	41.635 	0.100 	0.079 	-0.065 	
-633.788 	132.139 	-387.054 	-0.243 	0.064 	-0.171 	
207.010 	-173.444 	-26.579 	0.962 	-0.725 	-0.092 	
35.237 	-70.525 	3.581 	-0.084 	0.169 	-0.037 	
93.746 	-24.579 	-26.081 	-0.073 	0.045 	0.095 	
87.077 	-59.614 	96.760 	-0.103 	0.003 	-0.051 	
11.853 	-63.463 	54.639 	-0.013 	-0.049 	-0.070 	
141.534 	42.010 	13.727 	-0.031 	-0.024 	0.052 	
62.561 	10.539 	41.677 	-0.137 	0.023 	-0.070 	
-201.273 	154.676 	-2.976 	-0.042 	-0.055 	0.022 	
28.040 	-76.572 	152.678 	-0.045 	-0.011 	-0.094 	
0.352 	-20.543 	-59.549 	0.048 	-0.009 	0.128 	
-133.243 	27.102 	23.182 	0.052 	-0.029 	0.045 	
-1588.496 	2006.000 	1116.383 	-0.464 	0.559 	0.302 	
-23.995 	-158.903 	64.143 	-0.037 	-0.104 	-0.012 	
-24.212 	-136.128 	19.653 	0.121 	0.062 	0.027 	
-97.337 	-82.134 	51.340 	0.079 	0.055 	-0.010 	
101.413 	-3.831 	-8.140 	0.101 	0.057 	0.047 	
81.706 	-3.203 	106.367 	-0.094 	-0.101 	0.075 	
-222.274 	173.147 	63.357 	-0.147 	0.092 	-0.017 	
107.348 	17.043 	103.492 	-0.003 	-0.035 	0.080 	
46.236 	-19.749 	12.051 	-0.210 	-0.006 	-0.057 	
-71.327 	-135.043 	87.827 	0.108 	-0.116 	0.031 	
-45.613 	-20.318 	128.770 	0.032 	-0.036 	-0.090 	
192.441 	33.661 	83.009 	0.094 	0.122 	-0.091 	
77.743 	-72.493 	81.309 	-0.055 	-0.030 	0.131 	
-68.644 	-35.312 	11.695 	-0.293 	-0.047 	0.029 	
83.275 	6.500 	66.513 	0.089 	-0.085 	0.018 	
66.457 	30.068 	57.078 	-0.031 	-0.036 	-0.104 	
70.825 	41.724 	39.274 	0.143 	-0.134 	0.067 	
23.031 	-41.252 	62.515 	-0.022 	-0.176 	0.101 	
-110.309 	-21.945 	25.906 	0.085 	-0.052 	-0.056 	
133.631 	-30.013 	130.577 	0.002 	0.076 	0.077 	
33520.643 	2706.013 	26875.064 	23.366 	1.917 	18.839 	
26.745 	-7.103 	-6.143 	-0.094 	-0.161 	-0.018 	
-77.410 	-91.522 	21.857 	0.049 	0.074 	0.090 	
-97.925 	-129.655 	21.685 	0.046 	0.078 	-0.031 	
-0.135 	-48.248 	29.697 	-0.179 	0.035 	0.024 	
114.243 	-76.330 	99.959 	0.095 	0.131 	0.008 	
-46.806 	-302.345 	-1.974 	-0.081 	0.034 	-0.004 	
-87.336 	-78.696 	-129.562 	0.024 	-0.045 	0.028 	
9.471 	-54.159 	26.627 	0.108 	0.234 	-0.083 	
-52.633 	-40.984 	24.219 	-0.046 	0.074 	0.019 	
22.735 	-64.697 	-9.674 	0.181 	-0.052 	0.100 	
203.587 	-26.092 	129.120 	-0.025 	-0.019 	0.079 	
105.015 	-93.861 	-9.920 	0.046 	0.000 	0.006 	
827.968 	1450.430 	1494.571 	0.153 	0.346 	0.363 	
171.855 	-18.305 	77.619 	-0.033 	0.069 	0.026 	
-34.830 	3778.974 	-2455.092 	-0.072 	1.122 	-0.729 	
-1.550 	-50.370 	52.784 	-0.007 	0.077 	0.052 	
-1408.920 	-1895.501 	-671.014 	-2.939 	-3.666 	-1.397 	
96.849 	-67.662 	42.684 	0.128 	0.077 	0.133 	
-44.863 	23.000 	-36.301 	-0.031 	0.054 	-0.041 	
4138.106 	20321.800 	33429.444 	1.431 	6.974 	11.464 	
156.280 	-15.010 	70.002 	-0.067 	0.066 	-0.032 	
-17.244 	-156.000 	162.930 	0.025 	-0.040 	-0.026 	
149.314 	61.209 	122.717 	-0.030 	-0.015 	0.003 	
73.249 	-8.082 	234.906 	0.071 	-0.024 	0.004 	
-25.253 	-55.085 	10.123 	0.144 	0.148 	0.014 	
89.441 	35.244 	52.462 	0.132 	0.051 	0.060 	
127.230 	22.663 	25.757 	-0.115 	0.046 	-0.004 	
-261.756 	414.628 	-17.628 	-0.102 	0.040 	-0.015 	
205.342 	-73.822 	50.089 	0.044 	0.112 	-0.048 	
557.665 	-179.097 	205.715 	0.205 	-0.084 	0.086 	
78.837 	4.653 	71.641 	-0.126 	0.017 	-0.023 	
-3.311 	-24.251 	8.583 	0.030 	-0.009 	-0.133 	
33.804 	-42.035 	-18.003 	0.112 	-0.033 	-0.145 	
-9.375 	90.249 	74.032 	0.114 	0.064 	-0.001 	
103.203 	-38.519 	57.181 	0.098 	0.083 	0.016 	
83.563 	-64.704 	68.386 	-0.156 	0.037 	-0.055 	
8.541 	-56.938 	30.118 	-0.185 	-0.133 	-0.093 	
36.676 	-67.047 	6.789 	-0.104 	-0.048 	0.135 	
137.805 	-64.823 	-5.039 	-0.045 	0.038 	-0.074 	
0.809 	-16.080 	34.695 	-0.133 	-0.043 	0.034 	
-14.818 	-50.320 	24.332 	-0.083 	0.143 	0.127 	
422.971 	-597.574 	366.119 	0.147 	-0.206 	0.109 	
-425.562 	261.267 	122.044 	-0.101 	0.011 	0.043 	
147.208 	28.521 	45.017 	-0.058 	-0.035 	-0.008 	
114.033 	-55.806 	42.548 	-0.087 	0.014 	0.029 	
-20.605 	-87.924 	44.208 	0.098 	-0.228 	0.034 	
25.191 	-40.393 	102.948 	-0.174 	-0.050 	0.074 	
42.620 	-70.893 	3.871 	-0.137 	0.050 	-0.061 	
-751.208 	4786.701 	313.832 	-0.247 	1.412 	0.093 	
108.715 	-79.406 	-79.356 	-0.031 	-0.001 	-0.042 	
108.852 	11.847 	4.013 	0.011 	0.050 	0.025 	
-177.925 	-98.124 	97.243 	-0.116 	-0.013 	0.010 	
75.779 	-102.426 	9.530 	0.111 	-0.045 	0.017 	
62.095 	-112.924 	80.896 	0.037 	-0.080 	0.075 	
0.255 	-38.984 	50.617 	-0.173 	-0.107 	-0.163 	
34.151 	-55.804 	52.675 	0.198 	-0.034 	-0.085 	
196.072 	-67.939 	53.983 	-0.003 	0.069 	-0.012 	
140.011 	62.873 	98.012 	-0.019 	-0.017 	-0.011 	
-5.685 	-58.410 	27.697 	-0.187 	-0.023 	-0.021 	
69.074 	-50.060 	8.350 	-0.177 	-0.172 	-0.046 	
120.235 	51.110 	-29.695 	-0.070 	0.015 	-0.024 	
-122.456 	74.971 	-52.182 	-0.048 	0.021 	-0.036 	
40.953 	-22.116 	4.029 	-0.002 	0.098 	-0.239 	
377.106 	41.310 	-7.678 	0.102 	0.046 	-0.006 	
80.520 	3.643 	-2.601 	0.159 	-0.015 	0.017 	
-1979.318 	-2356.361 	-1113.128 	-0.522 	-0.568 	-0.262 	
141.024 	-40.380 	83.830 	0.000 	-0.053 	0.016 	
84.055 	32.514 	28.881 	0.077 	0.144 	0.094 	
-501.299 	-702.562 	319.714 	-0.185 	-0.265 	0.112 	
-27.844 	57.124 	-11.347 	0.068 	-0.109 	0.055 	
-353.271 	118.489 	400.916 	-0.146 	0.068 	0.174 	
0.732 	-53.777 	21.528 	-0.038 	0.009 	0.005 	
-5.679 	-51.807 	45.284 	-0.112 	-0.009 	0.021 	
-111.183 	21.437 	83.481 	-0.031 	-0.078 	0.013 	
10.640 	-16.794 	44.270 	0.046 	-0.106 	0.002 	
-22.325 	-56.227 	25.291 	-0.048 	-0.130 	-0.033 	
60.191 	-66.417 	24.374 	-0.163 	0.107 	0.114 	
-29.194 	37.913 	181.850 	-0.005 	-0.005 	0.111 	
164.412 	-125.496 	57.922 	-0.053 	-0.035 	-0.028 	
161.256 	-216.735 	68.615 	-0.096 	0.029 	0.006 	
16.535 	-30.982 	60.193 	-0.086 	-0.003 	0.201 	
53.567 	-50.400 	39.913 	0.241 	-0.008 	0.029 	
-243.207 	-52.785 	34.364 	-0.100 	0.014 	0.026 	
48.659 	-17.254 	26.888 	0.219 	-0.102 	-0.045 	
74.735 	18.523 	-105.569 	-0.061 	0.029 	-0.015 	
122.143 	1.362 	-40.126 	-0.062 	0.065 	0.043 	
36.747 	-38.845 	28.013 	-0.092 	0.019 	0.105 	
-9.892 	-111.553 	34.896 	-0.076 	0.203 	-0.019 	
16.138 	-48.635 	42.947 	-0.178 	0.084 	-0.045 	
52.033 	-10.357 	195.732 	0.058 	-0.052 	-0.047 	
159.629 	42.995 	102.964 	0.011 	0.032 	0.065 	
171.598 	-25.322 	12.333 	0.041 	-0.017 	-0.017 	
113.519 	25.344 	124.333 	0.013 	0.048 	0.074 	
172.443 	-32.034 	12.365 	-0.038 	0.062 	0.145 	
13.709 	-19.396 	50.293 	0.161 	0.126 	-0.018 	
101.332 	-115.200 	62.470 	-0.083 	0.022 	0.027 	
-40.321 	-150.352 	36.920 	-0.074 	-0.133 	0.020 	
45.878 	-85.820 	59.458 	0.010 	0.201 	-0.035 	
130.501 	-83.299 	5.132 	-0.118 	0.063 	0.002 	
-22.966 	-103.818 	65.215 	-0.048 	-0.198 	0.033 	
92.588 	30.005 	67.906 	0.033 	0.011 	-0.036 	
130.348 	-3.808 	-21.631 	0.083 	-0.085 	-0.008 	
-201.111 	-44.137 	30.323 	-0.058 	-0.036 	-0.032 	
-545.332 	-739.323 	2508.800 	-0.164 	-0.177 	0.622 	
101.551 	-30.903 	189.350 	-0.082 	-0.022 	0.042 	
95.673 	-34.215 	4.416 	-0.095 	-0.026 	-0.053 	
-8.229 	-35.180 	-19.735 	0.030 	-0.040 	-0.112 	
96.884 	-26.398 	142.119 	-0.058 	0.007 	0.041 	
33.335 	-37.419 	54.497 	0.168 	0.012 	-0.197 	
62.731 	-65.248 	-4.413 	-0.114 	-0.005 	0.071 	
51.637 	-23.196 	23.212 	-0.114 	-0.181 	0.064 	
-164.873 	-61.207 	143.583 	-0.023 	-0.004 	-0.020 	
75.574 	-38.658 	57.726 	-0.118 	-0.113 	0.011 	
38.428 	19.644 	62.590 	-0.173 	-0.086 	0.036 	
73.414 	-0.827 	70.138 	0.003 	0.039 	-0.076 	
-15.777 	-50.284 	41.127 	0.027 	-0.090 	0.044 	
100.941 	-52.677 	1.964 	-0.142 	-0.111 	0.032 	
20.774 	-25.431 	31.843 	-0.093 	-0.017 	-0.030 	
140.186 	-46.632 	-28.749 	-0.042 	-0.061 	0.052 	
84.301 	-5.179 	43.630 	0.025 	0.122 	-0.005 	
12.409 	19.964 	-0.786 	0.062 	-0.161 	0.097 	
96.831 	-41.260 	0.594 	0.106 	-0.062 	-0.030 	
44.119 	-7.580 	8.164 	-0.220 	-0.020 	-0.070 	
-204.423 	-444.768 	-657.936 	-0.256 	-0.333 	-0.519 	
5.433 	-66.910 	69.456 	0.198 	0.058 	0.083 	
165.366 	-13.028 	74.814 	0.080 	-0.025 	-0.128 	
-33.787 	-49.991 	53.069 	0.227 	0.050 	0.036 	
175.032 	-1.807 	-7.221 	-0.032 	-0.014 	0.064 	
191.835 	-11.677 	3.138 	-0.016 	-0.012 	-0.037 	
10.268 	-57.176 	-105.146 	0.026 	-0.063 	0.070 	
82.515 	6.583 	67.684 	-0.068 	0.053 	0.151 	
22.301 	-49.390 	14.356 	-0.058 	-0.187 	0.034 	
169.229 	-2.715 	59.049 	-0.012 	0.004 	0.184 	
26.320 	-5.945 	46.434 	-0.062 	0.069 	0.223 	
89.057 	-8.375 	0.349 	-0.144 	0.018 	0.097 	
-120.293 	-4406.548 	-755.116 	-0.060 	-1.309 	-0.223 	
98.883 	-130.779 	48.152 	-0.083 	-0.013 	0.025 	
-74.493 	15.730 	75.156 	0.110 	-0.026 	0.049 	
-32848.614 	-2986.058 	-26995.697 	-23.128 	-2.071 	-18.899 	
69.552 	-0.120 	78.716 	-0.080 	-0.116 	-0.063 	
-37.386 	-31.788 	-9.395 	-0.089 	0.103 	-0.088 	
23.404 	-26.836 	88.891 	-0.037 	-0.127 	0.038 	
27.032 	-7.840 	52.211 	-0.101 	-0.146 	0.161 	
57.755 	-59.830 	55.441 	0.028 	0.161 	0.202 	
52.380 	-9.666 	40.529 	-0.121 	-0.091 	0.206 	
30.887 	-69.740 	39.083 	-0.137 	-0.000 	-0.100 	
155.310 	-40.430 	45.345 	0.039 	0.046 	0.079 	
135.150 	-61.817 	-44.209 	-0.057 	-0.045 	0.098 	
170.861 	-23.535 	11.215 	0.050 	-0.027 	0.062 	
-66.921 	-59.476 	117.624 	0.078 	-0.003 	-0.052 	
201.245 	-50.965 	64.415 	-0.042 	-0.074 	0.055 	
-84.685 	-4.033 	74.064 	-0.117 	0.034 	0.049 	
2559.947 	-1982.116 	-1572.554 	0.881 	-0.661 	-0.534 	
74.223 	-63.565 	50.678 	-0.161 	-0.072 	-0.031 	
7.567 	-126.341 	102.136 	-0.732 	-0.282 	0.208 	
91.106 	-26.872 	52.245 	-0.172 	0.063 	0.059 	
