## Las primeras 500 lineas corresponden a la esfera 1 
##las siguienets 500 lineas a la esfera 2
## Las primeras tres columnas corresponden a la posición en 'x', 'y' y 'z', las siguientes tres a las velocidades
-1.495 	-1095.817 	106.440 	-0.010 	-0.246 	0.028 	
344.986 	-333.893 	-3.649 	0.086 	-0.077 	-0.003 	
398.278 	1393.764 	949.650 	0.099 	0.315 	0.207 	
-1294.160 	1437.785 	946.778 	-0.304 	0.334 	0.221 	
-282.156 	-295.822 	1338.766 	-0.053 	-0.066 	0.316 	
1427.938 	925.916 	1654.016 	0.342 	0.215 	0.375 	
1492.685 	-757.945 	-1455.674 	0.345 	-0.169 	-0.337 	
-1413.633 	-820.477 	505.943 	-0.322 	-0.178 	0.123 	
1225.650 	371.657 	812.461 	0.277 	0.096 	0.186 	
469.763 	446.278 	633.591 	0.105 	0.099 	0.152 	
1248.530 	-101.732 	75.408 	0.280 	-0.021 	0.014 	
-275.729 	-1131.069 	180.281 	-0.056 	-0.257 	0.045 	
229.740 	-805.035 	120.274 	0.067 	-0.183 	0.029 	
911.862 	1277.614 	1235.148 	0.199 	0.293 	0.281 	
-49.021 	1060.212 	-1727.188 	-0.021 	0.251 	-0.388 	
-609.527 	-123.029 	2.025 	-0.140 	-0.017 	0.003 	
-683.118 	1397.126 	-563.426 	-0.162 	0.315 	-0.132 	
151.114 	800.743 	-1543.432 	0.032 	0.172 	-0.359 	
-2019.575 	-1514.537 	-854.373 	-0.475 	-0.342 	-0.200 	
728.770 	-1755.500 	-1515.839 	0.158 	-0.407 	-0.350 	
166.633 	-1648.900 	1951.213 	0.042 	-0.368 	0.453 	
146.163 	609.892 	1711.255 	0.030 	0.137 	0.382 	
-439.148 	-789.572 	393.363 	-0.100 	-0.169 	0.085 	
-1436.885 	-1140.102 	523.883 	-0.322 	-0.254 	0.115 	
985.201 	-705.269 	1153.231 	0.235 	-0.161 	0.257 	
-672.738 	-17.290 	1516.238 	-0.142 	-0.000 	0.343 	
104.669 	-928.417 	-62.649 	0.032 	-0.205 	-0.010 	
402.867 	-1669.163 	1246.314 	0.088 	-0.393 	0.288 	
-1461.211 	1462.610 	379.070 	-0.327 	0.333 	0.088 	
-825.045 	-1265.873 	1000.533 	-0.181 	-0.285 	0.234 	
-521.952 	-883.656 	-1481.373 	-0.116 	-0.197 	-0.341 	
710.878 	1176.150 	1410.539 	0.158 	0.262 	0.325 	
1420.569 	-534.721 	1310.078 	0.326 	-0.122 	0.303 	
-935.600 	973.402 	121.341 	-0.200 	0.221 	0.029 	
153.378 	-493.721 	-1627.493 	0.034 	-0.121 	-0.362 	
243.957 	-223.194 	174.521 	0.069 	-0.043 	0.041 	
-683.177 	-1390.602 	-1563.185 	-0.158 	-0.314 	-0.370 	
-679.619 	-1701.912 	1277.752 	-0.144 	-0.389 	0.293 	
-644.949 	-156.353 	916.135 	-0.152 	-0.032 	0.213 	
1102.975 	-1740.748 	1256.620 	0.252 	-0.399 	0.292 	
1881.047 	709.532 	-72.442 	0.433 	0.150 	-0.019 	
328.742 	-445.494 	151.583 	0.080 	-0.092 	0.029 	
718.651 	207.893 	1224.979 	0.156 	0.059 	0.293 	
-64.079 	-1206.572 	-785.142 	-0.025 	-0.276 	-0.178 	
289.626 	-348.880 	1185.101 	0.076 	-0.081 	0.277 	
151.445 	303.160 	-578.896 	0.044 	0.073 	-0.125 	
1822.665 	133.225 	25.214 	0.415 	0.031 	0.023 	
-427.444 	1682.725 	-443.280 	-0.098 	0.389 	-0.104 	
396.529 	-484.625 	-651.828 	0.100 	-0.114 	-0.147 	
1562.410 	1003.767 	498.969 	0.361 	0.239 	0.114 	
-1440.415 	-527.197 	-1162.503 	-0.325 	-0.126 	-0.274 	
833.629 	-141.230 	827.374 	0.181 	-0.031 	0.181 	
1749.021 	-791.497 	-1730.637 	0.411 	-0.192 	-0.399 	
-148.919 	1107.149 	15.123 	-0.022 	0.250 	0.011 	
-1263.163 	1376.289 	1003.779 	-0.296 	0.310 	0.229 	
-287.109 	-1640.538 	835.813 	-0.060 	-0.384 	0.198 	
-701.620 	-21.366 	-1037.153 	-0.149 	-0.009 	-0.243 	
55.072 	-1462.573 	-504.816 	0.022 	-0.335 	-0.118 	
-1704.793 	1216.592 	1454.182 	-0.395 	0.286 	0.340 	
989.538 	1541.335 	620.964 	0.230 	0.348 	0.133 	
-440.400 	1658.733 	441.288 	-0.112 	0.383 	0.099 	
642.358 	984.926 	-581.361 	0.154 	0.220 	-0.130 	
-1308.527 	1780.509 	702.153 	-0.311 	0.414 	0.163 	
1184.716 	331.372 	-597.510 	0.272 	0.086 	-0.136 	
1407.709 	-1649.639 	-1674.960 	0.338 	-0.378 	-0.380 	
2021.692 	-683.332 	-1705.771 	0.479 	-0.156 	-0.393 	
1282.322 	-952.320 	-1486.381 	0.310 	-0.219 	-0.343 	
-1868.902 	2036.018 	-586.742 	-0.435 	0.480 	-0.141 	
2012.793 	943.891 	1228.484 	0.476 	0.219 	0.279 	
-292.586 	608.656 	731.657 	-0.066 	0.121 	0.169 	
1330.944 	502.348 	529.348 	0.314 	0.106 	0.115 	
544.847 	-95.678 	626.723 	0.137 	-0.016 	0.143 	
-34.484 	1061.965 	-1741.970 	-0.002 	0.237 	-0.402 	
-449.792 	-1315.477 	-534.392 	-0.106 	-0.301 	-0.118 	
-783.921 	681.861 	1065.528 	-0.191 	0.154 	0.241 	
785.009 	-233.264 	-443.004 	0.179 	-0.051 	-0.086 	
-44.240 	-412.836 	-1224.434 	-0.013 	-0.083 	-0.281 	
1521.222 	900.453 	-1429.024 	0.354 	0.208 	-0.338 	
201.813 	-339.015 	-670.584 	0.041 	-0.072 	-0.159 	
-27.338 	-428.052 	1472.338 	0.000 	-0.103 	0.336 	
-254.236 	1359.309 	421.657 	-0.067 	0.303 	0.098 	
404.956 	-711.413 	-489.206 	0.082 	-0.158 	-0.104 	
871.727 	1101.631 	1435.511 	0.196 	0.258 	0.328 	
-363.487 	-1159.115 	1458.652 	-0.088 	-0.261 	0.340 	
1131.890 	-615.206 	-268.412 	0.266 	-0.132 	-0.070 	
-1050.798 	-1465.346 	-1428.614 	-0.234 	-0.333 	-0.323 	
1084.677 	-338.401 	-670.264 	0.251 	-0.084 	-0.167 	
-1119.957 	-1212.840 	1301.206 	-0.269 	-0.278 	0.301 	
-1569.882 	-1534.114 	1006.221 	-0.352 	-0.353 	0.235 	
-1423.738 	-616.159 	-160.643 	-0.318 	-0.150 	-0.029 	
1853.617 	836.541 	1314.110 	0.427 	0.205 	0.300 	
50.780 	714.866 	1327.205 	0.009 	0.169 	0.305 	
123.933 	-312.001 	124.012 	0.035 	-0.078 	0.030 	
-227.390 	-1579.222 	-662.927 	-0.045 	-0.369 	-0.145 	
1527.060 	-1020.909 	1516.288 	0.349 	-0.227 	0.346 	
-592.558 	983.098 	-1602.807 	-0.128 	0.234 	-0.361 	
1526.093 	389.678 	986.349 	0.360 	0.083 	0.227 	
1639.468 	377.074 	-1097.856 	0.387 	0.087 	-0.251 	
1857.862 	1483.768 	231.190 	0.442 	0.338 	0.054 	
1028.658 	-790.907 	1024.834 	0.227 	-0.189 	0.230 	
-1188.505 	1575.993 	860.879 	-0.272 	0.353 	0.203 	
-1932.784 	-1397.106 	-607.901 	-0.453 	-0.319 	-0.132 	
522.078 	-1805.721 	1044.058 	0.122 	-0.420 	0.239 	
-791.525 	-189.846 	1368.887 	-0.179 	-0.034 	0.320 	
973.741 	-422.611 	532.544 	0.236 	-0.097 	0.127 	
-1656.623 	828.883 	1519.048 	-0.371 	0.191 	0.344 	
-1618.938 	-1144.139 	1069.619 	-0.381 	-0.259 	0.250 	
-1891.219 	1978.960 	-808.029 	-0.442 	0.465 	-0.186 	
1199.818 	-766.638 	49.659 	0.269 	-0.181 	0.020 	
1997.165 	-175.964 	-651.415 	0.468 	-0.047 	-0.140 	
-494.798 	-168.901 	979.973 	-0.109 	-0.042 	0.230 	
452.746 	-592.124 	889.784 	0.092 	-0.137 	0.204 	
801.734 	3.802 	294.101 	0.175 	-0.007 	0.062 	
-296.890 	1725.559 	-633.550 	-0.074 	0.390 	-0.137 	
-1156.044 	1577.160 	1580.359 	-0.268 	0.363 	0.368 	
-184.148 	1690.195 	1642.358 	-0.036 	0.392 	0.378 	
521.748 	-1769.458 	-319.430 	0.117 	-0.407 	-0.061 	
-1876.353 	-529.980 	1769.185 	-0.427 	-0.132 	0.403 	
1279.367 	-765.352 	-669.501 	0.292 	-0.185 	-0.144 	
-119.995 	1254.751 	228.656 	-0.038 	0.284 	0.057 	
-878.194 	191.920 	1080.337 	-0.195 	0.046 	0.257 	
994.071 	-1390.119 	-628.470 	0.231 	-0.325 	-0.144 	
811.137 	-265.742 	-1320.746 	0.184 	-0.049 	-0.305 	
1639.773 	-737.577 	1672.626 	0.369 	-0.173 	0.386 	
-1780.117 	614.421 	892.817 	-0.417 	0.137 	0.202 	
522.268 	-226.659 	-648.571 	0.111 	-0.043 	-0.142 	
-1857.087 	-1188.454 	-712.412 	-0.424 	-0.271 	-0.155 	
-1953.160 	-1817.269 	744.845 	-0.460 	-0.418 	0.168 	
-1435.234 	740.476 	-1762.538 	-0.331 	0.173 	-0.396 	
-1540.735 	-1599.928 	614.048 	-0.346 	-0.372 	0.140 	
-157.877 	-1074.541 	838.740 	-0.044 	-0.243 	0.195 	
-414.065 	1364.835 	-771.263 	-0.099 	0.316 	-0.184 	
-1071.606 	894.836 	13.825 	-0.248 	0.199 	0.001 	
34.961 	513.559 	-1544.786 	0.000 	0.111 	-0.349 	
1909.026 	-1747.551 	177.115 	0.434 	-0.399 	0.034 	
-259.002 	-1363.016 	-694.391 	-0.052 	-0.311 	-0.170 	
213.140 	-1064.356 	490.593 	0.041 	-0.243 	0.103 	
-1268.573 	-1606.571 	1264.319 	-0.281 	-0.375 	0.293 	
1487.691 	-722.632 	-739.251 	0.342 	-0.160 	-0.169 	
634.214 	-1330.135 	396.035 	0.159 	-0.302 	0.096 	
-1292.705 	-794.542 	-1020.633 	-0.286 	-0.187 	-0.233 	
1676.332 	-492.161 	-442.201 	0.373 	-0.106 	-0.103 	
-1128.239 	1716.314 	404.978 	-0.263 	0.389 	0.099 	
-1366.105 	-1435.092 	220.115 	-0.316 	-0.328 	0.057 	
-430.319 	538.725 	635.191 	-0.105 	0.114 	0.144 	
1050.116 	-228.455 	1495.520 	0.239 	-0.051 	0.332 	
-785.008 	-113.262 	-620.387 	-0.174 	-0.015 	-0.142 	
-15.647 	890.158 	1347.172 	-0.009 	0.201 	0.297 	
1604.959 	-1480.166 	-1723.925 	0.360 	-0.342 	-0.399 	
-143.556 	1243.289 	-876.223 	-0.024 	0.277 	-0.203 	
1583.112 	-1720.733 	449.976 	0.366 	-0.393 	0.093 	
-1246.829 	-493.564 	1076.138 	-0.276 	-0.106 	0.245 	
428.598 	959.676 	1834.079 	0.094 	0.211 	0.423 	
-1856.250 	-1821.538 	-680.227 	-0.427 	-0.417 	-0.162 	
-1563.794 	-102.087 	-1762.232 	-0.361 	-0.017 	-0.406 	
-139.615 	-741.753 	-632.598 	-0.043 	-0.170 	-0.144 	
1706.284 	-395.941 	1272.210 	0.415 	-0.090 	0.284 	
-1647.380 	-837.508 	1638.055 	-0.380 	-0.199 	0.374 	
-811.582 	-1287.221 	1819.136 	-0.180 	-0.299 	0.423 	
196.554 	-1276.194 	1066.856 	0.044 	-0.294 	0.248 	
1757.787 	-1468.830 	1345.961 	0.416 	-0.340 	0.313 	
-574.521 	322.330 	357.775 	-0.123 	0.077 	0.075 	
-583.280 	-82.868 	986.750 	-0.155 	-0.000 	0.248 	
880.612 	122.733 	-77.793 	0.211 	0.035 	-0.010 	
98.841 	-660.641 	367.703 	0.019 	-0.150 	0.078 	
-669.163 	-19.329 	-243.547 	-0.158 	-0.003 	-0.048 	
-632.587 	1014.457 	-893.300 	-0.143 	0.233 	-0.206 	
2013.236 	-415.713 	-124.643 	0.466 	-0.107 	-0.027 	
583.451 	-28.022 	-219.349 	0.134 	-0.015 	-0.039 	
702.687 	-370.813 	-408.407 	0.150 	-0.090 	-0.084 	
-1146.481 	345.468 	1905.012 	-0.259 	0.078 	0.441 	
1083.101 	747.477 	68.582 	0.263 	0.165 	0.018 	
-1639.970 	329.523 	705.601 	-0.382 	0.071 	0.160 	
462.554 	-98.695 	-542.606 	0.102 	-0.031 	-0.125 	
-1888.614 	-845.299 	1607.577 	-0.442 	-0.194 	0.368 	
-1483.970 	-572.713 	-126.210 	-0.342 	-0.125 	-0.023 	
-747.742 	-410.589 	-405.424 	-0.169 	-0.094 	-0.096 	
1150.593 	1027.036 	1470.747 	0.267 	0.238 	0.326 	
351.584 	-354.791 	1467.293 	0.084 	-0.079 	0.340 	
1733.923 	1066.422 	1860.940 	0.397 	0.253 	0.433 	
1494.879 	1356.938 	1482.001 	0.343 	0.315 	0.353 	
1612.601 	-1360.078 	-1389.037 	0.366 	-0.317 	-0.323 	
1161.538 	1668.835 	94.035 	0.278 	0.381 	0.020 	
-822.745 	92.742 	451.826 	-0.194 	0.016 	0.112 	
-340.272 	124.629 	-1048.007 	-0.073 	0.033 	-0.249 	
-240.686 	769.610 	846.474 	-0.065 	0.175 	0.193 	
-1869.334 	-1673.825 	1005.838 	-0.432 	-0.378 	0.242 	
-735.297 	580.222 	-674.802 	-0.167 	0.137 	-0.149 	
-506.798 	-1574.254 	-1193.052 	-0.118 	-0.355 	-0.276 	
-875.986 	-1525.586 	-918.013 	-0.189 	-0.349 	-0.210 	
143.582 	-1678.673 	-1384.194 	0.031 	-0.382 	-0.314 	
1467.122 	597.649 	107.058 	0.350 	0.138 	0.030 	
1644.578 	-128.873 	-1160.402 	0.379 	-0.032 	-0.259 	
-732.802 	260.284 	80.006 	-0.155 	0.056 	0.026 	
-732.859 	817.308 	440.661 	-0.180 	0.184 	0.102 	
1693.735 	-756.486 	0.851 	0.386 	-0.182 	-0.008 	
-969.245 	647.959 	-1753.669 	-0.226 	0.145 	-0.406 	
1749.391 	-147.716 	1105.138 	0.398 	-0.025 	0.259 	
355.110 	585.085 	488.594 	0.094 	0.138 	0.118 	
1076.975 	-352.926 	-733.156 	0.254 	-0.072 	-0.158 	
-1060.262 	1348.852 	301.884 	-0.242 	0.299 	0.073 	
-15.130 	-1334.521 	805.021 	0.006 	-0.296 	0.180 	
-178.497 	-143.538 	-1424.556 	-0.031 	-0.031 	-0.322 	
-511.418 	74.850 	294.700 	-0.121 	0.019 	0.069 	
-197.233 	-1511.350 	-1503.727 	-0.041 	-0.341 	-0.352 	
-409.747 	-642.770 	1571.644 	-0.088 	-0.151 	0.347 	
1899.624 	-251.029 	-1376.452 	0.443 	-0.066 	-0.314 	
-411.680 	277.069 	-289.670 	-0.091 	0.059 	-0.060 	
1578.469 	-1663.280 	1524.395 	0.373 	-0.378 	0.351 	
-548.579 	-585.126 	523.536 	-0.123 	-0.124 	0.117 	
-504.776 	-61.037 	1564.577 	-0.107 	-0.006 	0.357 	
352.177 	822.654 	172.067 	0.094 	0.187 	0.041 	
-1722.866 	1796.124 	-1302.590 	-0.401 	0.414 	-0.299 	
87.859 	-461.864 	-1770.374 	0.034 	-0.102 	-0.407 	
-311.804 	-936.848 	1103.827 	-0.067 	-0.201 	0.255 	
-1044.614 	-830.435 	-747.189 	-0.248 	-0.191 	-0.168 	
949.663 	1719.697 	-1454.505 	0.221 	0.397 	-0.347 	
-1013.307 	132.247 	1107.996 	-0.243 	0.030 	0.252 	
-36.100 	238.460 	849.963 	-0.015 	0.055 	0.185 	
-309.277 	-314.651 	608.653 	-0.053 	-0.085 	0.105 	
1656.542 	-397.354 	-1046.911 	0.379 	-0.102 	-0.245 	
1936.449 	-1814.907 	14.213 	0.443 	-0.418 	0.012 	
-1403.776 	-1041.675 	-75.378 	-0.332 	-0.244 	-0.021 	
68.383 	-1477.587 	381.197 	0.009 	-0.331 	0.093 	
-684.567 	110.201 	1447.262 	-0.161 	0.018 	0.325 	
-951.982 	1782.659 	66.773 	-0.208 	0.407 	0.022 	
-1307.115 	-1393.051 	599.498 	-0.297 	-0.313 	0.134 	
1597.369 	-656.965 	-1328.785 	0.371 	-0.148 	-0.313 	
-1141.879 	-1677.525 	1076.215 	-0.263 	-0.375 	0.248 	
-781.891 	-8.370 	647.167 	-0.178 	-0.013 	0.152 	
-828.407 	175.104 	1677.339 	-0.190 	0.040 	0.391 	
-1490.304 	1102.371 	-283.027 	-0.338 	0.251 	-0.052 	
-1415.455 	495.147 	50.224 	-0.334 	0.113 	0.012 	
-526.794 	464.410 	-875.136 	-0.119 	0.113 	-0.196 	
1567.579 	1965.199 	-1788.484 	0.358 	0.464 	-0.416 	
-1276.991 	714.982 	995.014 	-0.300 	0.163 	0.237 	
-1456.083 	-156.850 	-1519.126 	-0.326 	-0.039 	-0.349 	
867.688 	-1219.693 	585.395 	0.204 	-0.285 	0.125 	
1306.369 	1420.954 	-127.337 	0.315 	0.326 	-0.024 	
1490.207 	766.912 	-1677.911 	0.337 	0.180 	-0.377 	
983.566 	474.780 	-1136.620 	0.221 	0.105 	-0.249 	
-734.627 	-1426.297 	-412.691 	-0.163 	-0.317 	-0.097 	
1350.123 	-625.235 	165.182 	0.315 	-0.139 	0.025 	
-457.808 	1419.476 	340.353 	-0.044 	0.373 	0.096 	
393.011 	-1055.829 	1559.700 	0.092 	-0.237 	0.345 	
-890.594 	585.861 	-685.170 	-0.204 	0.131 	-0.163 	
-1303.058 	-50.483 	640.542 	-0.306 	-0.012 	0.153 	
1411.795 	-478.538 	1432.779 	0.332 	-0.113 	0.317 	
382.477 	-1047.791 	-1617.493 	0.096 	-0.244 	-0.359 	
1956.577 	331.676 	-1095.550 	0.460 	0.076 	-0.254 	
648.691 	-417.435 	1402.619 	0.159 	-0.095 	0.318 	
-1182.118 	1538.096 	-343.037 	-0.257 	0.354 	-0.077 	
-740.377 	-722.995 	615.196 	-0.172 	-0.165 	0.147 	
-634.873 	-811.026 	297.073 	-0.142 	-0.185 	0.082 	
1733.811 	8.790 	765.052 	0.402 	0.012 	0.181 	
-1182.814 	116.253 	1068.809 	-0.272 	0.027 	0.258 	
7.142 	693.550 	-1316.295 	-0.008 	0.160 	-0.308 	
-1269.492 	-1656.041 	-1632.110 	-0.282 	-0.377 	-0.383 	
904.373 	1423.246 	-651.315 	0.202 	0.321 	-0.147 	
-1742.647 	837.024 	1046.744 	-0.403 	0.193 	0.234 	
-1815.162 	102.109 	699.610 	-0.424 	0.030 	0.160 	
574.369 	-1456.313 	-1493.491 	0.127 	-0.338 	-0.333 	
-2328.774 	97.027 	-3.162 	-0.594 	-0.015 	-0.005 	
-1660.128 	-668.423 	869.491 	-0.376 	-0.156 	0.206 	
1009.123 	-386.129 	-1185.791 	0.228 	-0.089 	-0.281 	
493.423 	330.188 	203.059 	0.121 	0.077 	0.057 	
-47.610 	-634.672 	434.239 	-0.011 	-0.153 	0.088 	
-1770.393 	161.115 	-1018.475 	-0.412 	0.032 	-0.241 	
1441.342 	-156.018 	1958.196 	0.337 	-0.032 	0.458 	
-350.827 	-599.093 	1024.541 	-0.080 	-0.145 	0.224 	
667.649 	-1042.554 	-413.320 	0.146 	-0.237 	-0.090 	
244.973 	-252.545 	292.171 	0.062 	-0.066 	0.060 	
-1567.546 	-1852.745 	-935.784 	-0.363 	-0.432 	-0.214 	
895.300 	-857.195 	-1528.664 	0.204 	-0.185 	-0.343 	
363.802 	478.105 	-391.006 	0.093 	0.147 	-0.088 	
-717.411 	-222.756 	580.677 	-0.160 	-0.040 	0.139 	
1981.598 	1001.931 	-155.688 	0.468 	0.227 	-0.038 	
457.180 	-220.652 	-1023.231 	0.100 	-0.049 	-0.237 	
-1454.946 	495.123 	-1809.860 	-0.331 	0.119 	-0.414 	
683.346 	562.670 	535.746 	0.164 	0.119 	0.130 	
1773.267 	134.517 	-1454.146 	0.399 	0.027 	-0.329 	
-719.214 	226.051 	-908.990 	-0.163 	0.059 	-0.214 	
-1764.665 	1610.249 	676.377 	-0.416 	0.371 	0.157 	
54.574 	-1405.737 	-1655.590 	0.020 	-0.321 	-0.388 	
1253.217 	1592.207 	-973.379 	0.290 	0.365 	-0.237 	
912.030 	-723.134 	175.710 	0.206 	-0.164 	0.051 	
931.843 	-1549.556 	-1238.400 	0.209 	-0.351 	-0.293 	
599.034 	-723.843 	1020.884 	0.132 	-0.166 	0.233 	
780.547 	-783.491 	1240.334 	0.179 	-0.174 	0.285 	
1587.841 	1738.238 	-1531.004 	0.361 	0.403 	-0.362 	
1467.375 	-280.175 	1061.122 	0.343 	-0.057 	0.252 	
633.290 	-432.796 	-361.859 	0.150 	-0.093 	-0.082 	
-717.348 	-681.427 	1330.669 	-0.173 	-0.153 	0.306 	
-841.438 	-371.299 	1461.197 	-0.192 	-0.094 	0.335 	
337.079 	-879.546 	-554.825 	0.079 	-0.198 	-0.131 	
-1187.665 	-183.054 	-28.201 	-0.271 	-0.046 	-0.010 	
-222.909 	1486.249 	-1839.131 	-0.040 	0.348 	-0.423 	
-1397.396 	-461.797 	943.455 	-0.329 	-0.106 	0.214 	
-62.249 	-1445.441 	1521.142 	-0.015 	-0.323 	0.356 	
-708.205 	532.613 	1439.639 	-0.153 	0.128 	0.328 	
-190.462 	-59.266 	1014.978 	-0.049 	-0.017 	0.233 	
1274.882 	-965.829 	21.145 	0.298 	-0.226 	-0.004 	
-113.254 	-655.132 	414.706 	-0.010 	-0.146 	0.102 	
-387.035 	-644.532 	1445.257 	-0.075 	-0.145 	0.334 	
-1796.834 	-507.397 	487.090 	-0.422 	-0.117 	0.113 	
-464.712 	-1202.357 	-258.931 	-0.116 	-0.270 	-0.059 	
519.666 	-1740.736 	942.812 	0.114 	-0.409 	0.214 	
640.695 	-1317.001 	-359.629 	0.143 	-0.303 	-0.075 	
735.600 	-1615.116 	-203.246 	0.173 	-0.374 	-0.038 	
496.267 	82.073 	1468.912 	0.106 	0.013 	0.336 	
-1619.246 	793.648 	110.688 	-0.375 	0.180 	0.023 	
-394.058 	403.991 	757.750 	-0.079 	0.087 	0.169 	
-627.031 	-948.490 	1528.693 	-0.149 	-0.218 	0.360 	
-1336.680 	-1604.808 	1381.207 	-0.307 	-0.364 	0.328 	
965.005 	1096.412 	-1686.006 	0.218 	0.249 	-0.381 	
-577.925 	998.467 	-1620.808 	-0.125 	0.223 	-0.365 	
-130.648 	-1361.574 	-1095.839 	-0.017 	-0.312 	-0.253 	
-47.184 	-89.201 	251.919 	0.002 	-0.029 	0.055 	
1183.803 	-554.090 	319.073 	0.274 	-0.127 	0.066 	
925.997 	561.451 	-1039.584 	0.226 	0.129 	-0.236 	
-1176.743 	-1567.748 	926.923 	-0.264 	-0.370 	0.207 	
1949.692 	-390.941 	-1779.057 	0.458 	-0.090 	-0.414 	
-309.430 	1263.691 	439.057 	-0.061 	0.293 	0.096 	
-1023.363 	1436.439 	-1237.521 	-0.238 	0.329 	-0.287 	
-1407.303 	946.702 	-490.980 	-0.311 	0.216 	-0.113 	
-10.357 	495.261 	-176.089 	-0.009 	0.101 	-0.040 	
-1547.227 	597.385 	135.306 	-0.344 	0.147 	0.028 	
-73.230 	-1344.789 	-1043.128 	-0.019 	-0.303 	-0.228 	
-1257.689 	-731.211 	87.274 	-0.291 	-0.164 	0.010 	
961.079 	775.207 	-1003.705 	0.232 	0.179 	-0.226 	
-1222.416 	1751.141 	218.902 	-0.282 	0.397 	0.060 	
889.698 	-162.264 	-1298.630 	0.209 	-0.035 	-0.297 	
-182.807 	158.880 	-379.089 	-0.037 	0.025 	-0.077 	
-1695.231 	-868.658 	-1575.760 	-0.388 	-0.209 	-0.368 	
790.454 	-323.580 	248.086 	0.176 	-0.077 	0.062 	
-1393.201 	-347.755 	1535.510 	-0.320 	-0.077 	0.355 	
1376.519 	-139.903 	1295.822 	0.317 	-0.037 	0.289 	
509.816 	-130.816 	-1181.045 	0.110 	-0.038 	-0.269 	
1448.505 	575.823 	-102.988 	0.326 	0.135 	-0.030 	
639.344 	290.930 	1051.456 	0.141 	0.071 	0.238 	
-114.576 	799.873 	-1337.032 	-0.032 	0.184 	-0.301 	
1775.482 	-1314.093 	-569.560 	0.420 	-0.300 	-0.125 	
-1609.154 	-1621.706 	1700.800 	-0.374 	-0.377 	0.391 	
-1411.924 	-983.645 	-37.911 	-0.320 	-0.223 	-0.009 	
1098.159 	255.773 	369.773 	0.239 	0.058 	0.085 	
1767.841 	-447.656 	482.685 	0.407 	-0.098 	0.104 	
-1475.019 	538.560 	783.835 	-0.334 	0.130 	0.191 	
72.592 	-103.506 	10.053 	0.007 	-0.022 	0.007 	
-513.501 	-1035.503 	1417.055 	-0.107 	-0.233 	0.329 	
-200.323 	-858.845 	-694.388 	-0.040 	-0.201 	-0.151 	
1706.369 	-667.474 	-1167.254 	0.392 	-0.163 	-0.265 	
213.649 	-1021.568 	-966.659 	0.037 	-0.230 	-0.217 	
1315.777 	-1427.026 	1783.684 	0.310 	-0.320 	0.408 	
-1649.775 	-678.071 	-875.942 	-0.374 	-0.147 	-0.194 	
-1480.587 	-399.866 	-567.862 	-0.347 	-0.099 	-0.127 	
214.905 	-374.981 	1369.637 	0.063 	-0.087 	0.311 	
1015.651 	-1011.086 	771.169 	0.247 	-0.232 	0.171 	
-928.685 	770.798 	799.596 	-0.223 	0.172 	0.187 	
-1623.911 	-916.843 	1352.734 	-0.370 	-0.199 	0.313 	
-1266.695 	-7.267 	420.241 	-0.293 	-0.004 	0.103 	
-1035.792 	-1212.955 	196.637 	-0.230 	-0.273 	0.040 	
1605.837 	1547.272 	1025.669 	0.374 	0.343 	0.232 	
1587.714 	879.219 	-303.599 	0.376 	0.207 	-0.072 	
-1536.139 	-1446.788 	375.513 	-0.351 	-0.329 	0.093 	
-1261.741 	395.864 	716.068 	-0.293 	0.083 	0.166 	
-1043.916 	151.698 	860.745 	-0.228 	0.041 	0.202 	
-952.361 	-459.029 	-1813.409 	-0.220 	-0.111 	-0.426 	
-885.642 	-964.220 	-1401.556 	-0.206 	-0.227 	-0.327 	
1915.801 	1948.064 	-926.315 	0.446 	0.456 	-0.209 	
1837.017 	668.211 	-1466.264 	0.425 	0.148 	-0.346 	
-466.863 	-767.094 	-513.621 	-0.107 	-0.181 	-0.114 	
-496.062 	-730.530 	1205.304 	-0.112 	-0.179 	0.274 	
468.384 	-101.870 	206.612 	0.116 	-0.027 	0.041 	
585.796 	198.350 	397.176 	0.139 	0.037 	0.087 	
-1048.969 	1119.307 	1071.708 	-0.248 	0.257 	0.246 	
-1195.598 	1437.691 	-1647.901 	-0.275 	0.323 	-0.379 	
-486.151 	-1113.609 	-1812.117 	-0.108 	-0.247 	-0.420 	
1475.727 	-728.976 	-1136.874 	0.329 	-0.165 	-0.258 	
-23.689 	10.428 	-1125.777 	-0.004 	0.004 	-0.258 	
566.281 	1406.342 	589.267 	0.133 	0.329 	0.141 	
921.864 	-147.124 	-11.738 	0.222 	-0.032 	-0.004 	
742.306 	857.978 	1011.871 	0.174 	0.192 	0.244 	
512.567 	-709.148 	-783.177 	0.126 	-0.160 	-0.172 	
1612.267 	-1315.706 	-1129.217 	0.384 	-0.304 	-0.260 	
519.196 	422.640 	-1079.645 	0.122 	0.098 	-0.251 	
-1177.698 	-1247.234 	-34.414 	-0.265 	-0.294 	-0.006 	
993.644 	628.084 	795.973 	0.216 	0.140 	0.181 	
1364.950 	530.223 	186.848 	0.327 	0.111 	0.038 	
-134.009 	-1579.470 	1455.720 	-0.027 	-0.359 	0.345 	
111.957 	585.676 	1500.619 	0.038 	0.134 	0.335 	
1312.976 	-68.301 	1439.571 	0.313 	-0.014 	0.327 	
1534.137 	599.597 	-87.224 	0.348 	0.131 	-0.012 	
-1023.271 	-1924.534 	1903.387 	-0.231 	-0.446 	0.445 	
-1964.501 	-1617.363 	1769.766 	-0.458 	-0.368 	0.410 	
1841.053 	1517.051 	6.140 	0.435 	0.342 	0.001 	
1886.760 	396.683 	1597.087 	0.436 	0.080 	0.372 	
724.872 	211.161 	1229.280 	0.155 	0.032 	0.262 	
-1227.696 	-202.685 	-1530.008 	-0.283 	-0.045 	-0.349 	
1320.725 	675.706 	-566.185 	0.316 	0.156 	-0.132 	
-442.528 	935.275 	-1594.794 	-0.105 	0.208 	-0.359 	
723.457 	762.669 	-233.657 	0.164 	0.173 	-0.056 	
1089.481 	-686.029 	-959.323 	0.253 	-0.153 	-0.215 	
1460.611 	1362.296 	1699.419 	0.336 	0.322 	0.396 	
202.833 	1529.212 	-1106.245 	0.036 	0.347 	-0.250 	
-1575.706 	296.348 	649.651 	-0.355 	0.074 	0.152 	
457.496 	-1685.463 	1167.644 	0.113 	-0.385 	0.260 	
560.863 	-667.181 	-176.484 	0.123 	-0.159 	-0.040 	
1348.656 	84.508 	-131.628 	0.310 	0.028 	-0.035 	
-826.511 	763.470 	-1195.496 	-0.183 	0.180 	-0.279 	
862.554 	-1493.276 	851.666 	0.193 	-0.348 	0.198 	
1457.386 	1482.108 	65.089 	0.344 	0.340 	0.020 	
990.589 	-1619.267 	1476.614 	0.226 	-0.361 	0.338 	
1754.847 	-154.750 	369.687 	0.404 	-0.024 	0.091 	
1962.008 	1558.750 	1030.786 	0.448 	0.359 	0.239 	
508.021 	-1297.861 	720.189 	0.128 	-0.300 	0.166 	
-1002.110 	-1784.174 	1678.532 	-0.232 	-0.417 	0.386 	
746.538 	-379.409 	-383.688 	0.180 	-0.077 	-0.086 	
-123.520 	49.263 	293.785 	-0.034 	0.005 	0.061 	
-1557.279 	1959.011 	1605.794 	-0.367 	0.461 	0.368 	
70.460 	166.496 	1528.547 	0.029 	0.040 	0.343 	
-230.619 	1531.089 	1413.828 	-0.056 	0.359 	0.319 	
1288.192 	-1379.962 	1522.688 	0.306 	-0.325 	0.355 	
-1385.320 	-1482.919 	1494.968 	-0.320 	-0.330 	0.344 	
-1628.627 	-1057.422 	1229.270 	-0.376 	-0.237 	0.284 	
-1227.600 	1126.647 	545.917 	-0.275 	0.265 	0.131 	
-297.510 	-1883.487 	361.092 	-0.056 	-0.433 	0.081 	
215.614 	-900.183 	1279.925 	0.055 	-0.204 	0.294 	
-52.574 	192.641 	195.549 	-0.014 	0.036 	0.052 	
-1459.854 	-1669.261 	-1377.436 	-0.344 	-0.385 	-0.308 	
-867.020 	-42.128 	943.471 	-0.192 	-0.016 	0.214 	
1352.095 	492.932 	212.985 	0.301 	0.117 	0.055 	
661.256 	-942.802 	1235.845 	0.157 	-0.223 	0.290 	
-1386.374 	-817.249 	-1180.511 	-0.314 	-0.181 	-0.267 	
77.060 	-786.269 	-356.184 	0.009 	-0.221 	-0.078 	
1829.132 	146.759 	21.524 	0.405 	0.026 	-0.002 	
-870.288 	-1240.760 	-1166.256 	-0.196 	-0.288 	-0.260 	
1442.377 	-901.291 	91.438 	0.339 	-0.202 	0.024 	
-478.237 	1250.464 	1089.758 	-0.098 	0.283 	0.247 	
298.838 	-450.938 	1560.325 	0.069 	-0.101 	0.351 	
1541.340 	-215.741 	840.552 	0.358 	-0.053 	0.187 	
-487.306 	67.175 	-1852.383 	-0.106 	0.020 	-0.429 	
-842.562 	-285.763 	-43.692 	-0.192 	-0.076 	-0.003 	
379.622 	1442.317 	749.143 	0.082 	0.329 	0.175 	
-1628.414 	431.333 	-297.479 	-0.380 	0.093 	-0.072 	
928.973 	-922.593 	494.232 	0.208 	-0.204 	0.107 	
-314.272 	339.378 	-380.243 	-0.083 	0.072 	-0.088 	
1354.390 	-1440.297 	288.084 	0.312 	-0.332 	0.072 	
181.695 	-339.652 	514.716 	0.031 	-0.073 	0.115 	
1781.397 	-1472.333 	599.142 	0.420 	-0.334 	0.137 	
-844.894 	170.812 	-117.561 	-0.183 	0.037 	-0.026 	
-1396.794 	168.093 	1519.623 	-0.324 	0.050 	0.346 	
1857.322 	735.501 	-199.598 	0.428 	0.160 	-0.034 	
-1127.103 	1397.650 	-868.900 	-0.251 	0.327 	-0.194 	
-1124.176 	1361.347 	-500.795 	-0.246 	0.312 	-0.116 	
1345.540 	-453.467 	-187.618 	0.303 	-0.091 	-0.040 	
-1459.424 	319.497 	1373.776 	-0.329 	0.077 	0.315 	
1509.773 	-900.182 	-1801.115 	0.360 	-0.200 	-0.414 	
-1278.109 	-1739.198 	-953.549 	-0.293 	-0.396 	-0.219 	
-386.938 	-197.588 	1356.812 	-0.079 	-0.046 	0.304 	
-104.141 	-901.593 	-114.504 	-0.027 	-0.204 	-0.038 	
-156.211 	-244.317 	668.837 	-0.024 	-0.057 	0.161 	
1081.116 	477.710 	417.563 	0.257 	0.113 	0.102 	
671.502 	-1437.497 	-4.670 	0.163 	-0.320 	0.005 	
986.753 	-1606.108 	-1566.241 	0.218 	-0.370 	-0.361 	
-1053.726 	1591.941 	-450.815 	-0.240 	0.359 	-0.107 	
-1340.131 	1477.477 	408.680 	-0.298 	0.346 	0.092 	
-4.194 	-140.821 	-485.323 	0.002 	-0.035 	-0.115 	
-125.037 	-1416.872 	1060.396 	-0.015 	-0.322 	0.241 	
479.683 	-573.261 	1596.474 	0.108 	-0.125 	0.374 	
1571.218 	1256.236 	-1659.298 	0.370 	0.298 	-0.384 	
36.819 	-928.455 	-370.438 	0.006 	-0.213 	-0.074 	
1860.501 	1301.016 	-49.410 	0.441 	0.296 	-0.014 	
-718.691 	1089.281 	-1929.560 	-0.154 	0.245 	-0.443 	
-57.843 	146.594 	-348.743 	-0.015 	0.023 	-0.085 	
-1474.064 	-357.887 	623.446 	-0.326 	-0.085 	0.146 	
845.383 	-217.228 	9.895 	0.190 	-0.061 	0.000 	
-523.762 	-360.476 	1527.232 	-0.123 	-0.083 	0.336 	
-298.630 	84.668 	-1859.012 	-0.066 	0.026 	-0.427 	
1436.009 	587.300 	668.280 	0.318 	0.136 	0.149 	
-1521.075 	-955.574 	-2046.833 	-0.344 	-0.217 	-0.482 	
1695.086 	-358.999 	403.775 	0.384 	-0.075 	0.096 	
1056.855 	-1711.127 	243.576 	0.241 	-0.396 	0.065 	
866.017 	1630.662 	-1094.058 	0.211 	0.367 	-0.248 	
1389.378 	420.804 	-1176.473 	0.314 	0.104 	-0.265 	
54.889 	-1906.312 	1651.993 	0.020 	-0.446 	0.376 	
638.815 	-583.571 	572.395 	0.161 	-0.133 	0.128 	
47.279 	1814.631 	827.594 	0.024 	0.416 	0.192 	
1468.028 	-951.563 	-1133.451 	0.350 	-0.222 	-0.260 	
730.520 	1687.344 	-96.926 	0.174 	0.388 	-0.012 	
899.767 	492.701 	-545.505 	0.196 	0.114 	-0.123 	
1499.617 	1687.475 	-416.714 	0.338 	0.378 	-0.095 	
803.534 	896.865 	-561.099 	0.199 	0.205 	-0.127 	
596.032 	-468.525 	-239.239 	0.149 	-0.115 	-0.056 	
532.675 	-390.098 	621.323 	0.124 	-0.090 	0.127 	
-481.114 	-1231.726 	-783.138 	-0.117 	-0.283 	-0.171 	
-1793.882 	-603.399 	1330.350 	-0.404 	-0.133 	0.304 	
-1530.065 	-1309.258 	-155.023 	-0.346 	-0.306 	-0.044 	
429.005 	1546.971 	838.449 	0.095 	0.361 	0.191 	
-364.597 	-526.633 	717.557 	-0.093 	-0.119 	0.164 	
1007.057 	-1717.095 	224.827 	0.240 	-0.395 	0.056 	
-1706.642 	-720.723 	1109.427 	-0.423 	-0.164 	0.250 	
1332.917 	-1580.011 	-1682.601 	0.271 	-0.372 	-0.381 	
-1588.530 	-693.121 	-1423.130 	-0.405 	-0.151 	-0.328 	
-513.235 	-1579.116 	753.461 	-0.148 	-0.356 	0.183 	
1218.214 	899.195 	-229.254 	0.233 	0.198 	-0.056 	
-1031.878 	-1504.608 	902.897 	-0.284 	-0.347 	0.212 	
2017.547 	-1540.230 	-1587.916 	0.430 	-0.361 	-0.371 	
1432.228 	-1063.411 	932.436 	0.290 	-0.245 	0.224 	
-542.701 	-946.612 	-1578.559 	-0.174 	-0.210 	-0.361 	
822.610 	913.940 	-1240.835 	0.146 	0.209 	-0.291 	
1427.831 	557.507 	196.606 	0.293 	0.134 	0.037 	
344.716 	70.485 	421.557 	0.025 	0.008 	0.095 	
-1694.994 	1598.205 	1725.431 	-0.436 	0.366 	0.391 	
727.004 	-1293.240 	669.095 	0.114 	-0.297 	0.154 	
699.491 	1933.326 	1746.393 	0.124 	0.448 	0.393 	
-59.724 	1488.188 	1102.383 	-0.045 	0.343 	0.245 	
1271.890 	-540.688 	707.963 	0.261 	-0.119 	0.168 	
479.191 	-1811.816 	1707.948 	0.060 	-0.416 	0.393 	
-178.714 	1703.019 	594.288 	-0.077 	0.390 	0.146 	
1006.147 	-1705.222 	1552.451 	0.195 	-0.397 	0.352 	
361.411 	471.259 	858.375 	0.039 	0.107 	0.198 	
-690.811 	1745.803 	-1767.124 	-0.188 	0.398 	-0.404 	
515.590 	589.525 	35.133 	0.092 	0.138 	0.010 	
1368.818 	96.559 	-208.538 	0.266 	0.028 	-0.054 	
-1907.982 	680.769 	-1001.849 	-0.489 	0.157 	-0.229 	
240.278 	1329.802 	807.730 	0.009 	0.310 	0.192 	
225.677 	-603.252 	2.971 	0.015 	-0.145 	0.005 	
-127.177 	-1338.646 	-247.316 	-0.072 	-0.312 	-0.050 	
-1194.317 	-324.686 	-393.558 	-0.324 	-0.073 	-0.092 	
-507.939 	838.209 	-1759.100 	-0.147 	0.189 	-0.401 	
376.455 	645.063 	-312.454 	0.058 	0.145 	-0.064 	
-650.871 	1717.652 	525.741 	-0.180 	0.401 	0.127 	
-1143.720 	1240.149 	-1583.311 	-0.312 	0.283 	-0.370 	
103.422 	1596.231 	1319.143 	-0.019 	0.369 	0.295 	
579.846 	-1774.752 	1531.303 	0.092 	-0.401 	0.353 	
535.195 	-1475.839 	190.778 	0.089 	-0.332 	0.050 	
315.147 	-297.630 	-1389.674 	0.026 	-0.064 	-0.318 	
-1363.536 	505.962 	1607.948 	-0.359 	0.108 	0.375 	
-1839.802 	1120.504 	7.346 	-0.467 	0.244 	0.005 	
1592.044 	56.548 	-1111.229 	0.330 	0.013 	-0.245 	
-800.134 	-713.155 	-1008.702 	-0.220 	-0.155 	-0.237 	
-1263.160 	-943.148 	-555.962 	-0.319 	-0.206 	-0.128 	
1039.749 	-1649.853 	-1021.141 	0.190 	-0.376 	-0.235 	
-1260.626 	520.959 	-1131.320 	-0.326 	0.123 	-0.248 	
-686.466 	-307.496 	-466.057 	-0.206 	-0.062 	-0.112 	
1608.667 	1848.303 	-983.689 	0.334 	0.435 	-0.219 	
770.483 	-1190.063 	-1025.796 	0.138 	-0.267 	-0.243 	
-1187.960 	1480.825 	-1602.110 	-0.313 	0.330 	-0.373 	
-469.973 	-881.641 	-722.960 	-0.132 	-0.203 	-0.165 	
69.105 	-276.254 	521.458 	-0.035 	-0.067 	0.119 	
55.566 	25.198 	77.184 	-0.029 	0.009 	0.015 	
719.223 	1926.602 	-154.465 	0.139 	0.445 	-0.035 	
744.613 	-1123.870 	-549.395 	0.144 	-0.257 	-0.123 	
1194.285 	778.307 	631.391 	0.232 	0.180 	0.144 	
-1438.278 	-241.876 	1024.766 	-0.370 	-0.044 	0.228 	
-438.826 	1204.283 	1086.167 	-0.137 	0.284 	0.257 	
-1200.882 	778.286 	1358.577 	-0.327 	0.179 	0.309 	
-528.869 	-368.143 	-753.862 	-0.153 	-0.076 	-0.166 	
-1151.080 	-831.749 	-657.183 	-0.293 	-0.199 	-0.151 	
-1169.453 	2.156 	178.150 	-0.305 	0.009 	0.035 	
-399.270 	-1553.402 	509.592 	-0.121 	-0.348 	0.122 	
534.196 	-217.343 	-50.846 	0.085 	-0.049 	-0.015 	
1010.035 	552.262 	925.680 	0.204 	0.127 	0.203 	
38.394 	-196.202 	-1617.726 	-0.040 	-0.040 	-0.367 	
-8.657 	-865.887 	-754.981 	-0.036 	-0.190 	-0.175 	
871.942 	-122.140 	1574.304 	0.164 	-0.030 	0.360 	
263.039 	-485.774 	300.436 	0.012 	-0.113 	0.078 	
249.446 	-1538.464 	1671.112 	0.023 	-0.346 	0.387 	
618.506 	326.836 	783.931 	0.104 	0.078 	0.179 	
183.121 	-1430.717 	-172.138 	-0.008 	-0.328 	-0.040 	
128.647 	-1424.568 	-751.411 	-0.019 	-0.322 	-0.175 	
-1509.293 	-1400.717 	-117.245 	-0.386 	-0.313 	-0.024 	
-1520.371 	-1104.189 	-496.186 	-0.400 	-0.254 	-0.113 	
1598.158 	-1542.673 	-403.254 	0.338 	-0.358 	-0.101 	
-319.883 	-709.614 	-857.294 	-0.117 	-0.171 	-0.200 	
-352.874 	-261.716 	120.470 	-0.131 	-0.063 	0.029 	
-578.586 	1344.192 	-943.606 	-0.167 	0.314 	-0.221 	
-728.506 	629.806 	572.587 	-0.211 	0.151 	0.125 	
-297.496 	506.025 	-905.691 	-0.117 	0.122 	-0.207 	
-1406.974 	-1116.997 	744.721 	-0.354 	-0.251 	0.169 	
872.616 	-1241.821 	-306.962 	0.170 	-0.282 	-0.064 	
1337.200 	345.683 	1324.511 	0.259 	0.084 	0.303 	
-1470.122 	959.898 	1244.816 	-0.369 	0.220 	0.279 	
-706.047 	443.852 	523.210 	-0.213 	0.101 	0.118 	
-908.377 	-1356.475 	1909.440 	-0.243 	-0.300 	0.441 	
-982.849 	-996.866 	128.174 	-0.265 	-0.233 	0.039 	
-1088.051 	177.276 	-1326.389 	-0.285 	0.039 	-0.306 	
1512.499 	19.628 	-1409.718 	0.319 	0.001 	-0.320 	
320.281 	622.649 	1578.995 	0.041 	0.149 	0.358 	
-1008.218 	908.696 	818.101 	-0.264 	0.203 	0.181 	
-552.350 	925.977 	1224.682 	-0.153 	0.210 	0.281 	
-1566.862 	1376.151 	265.798 	-0.401 	0.328 	0.064 	
-430.911 	-607.678 	-758.022 	-0.132 	-0.149 	-0.164 	
-571.829 	-1392.210 	350.582 	-0.171 	-0.316 	0.091 	
1834.878 	1568.858 	-1176.023 	0.396 	0.364 	-0.271 	
144.437 	-1197.677 	-1149.050 	0.004 	-0.274 	-0.272 	
-939.818 	-1588.716 	-1382.369 	-0.255 	-0.376 	-0.313 	
635.619 	1995.538 	-787.744 	0.102 	0.463 	-0.188 	
513.581 	-1025.768 	1434.188 	0.072 	-0.239 	0.330 	
1936.761 	-156.921 	-1169.600 	0.416 	-0.040 	-0.271 	
600.195 	-255.354 	302.734 	0.090 	-0.059 	0.068 	
455.268 	1756.000 	-941.396 	0.059 	0.405 	-0.218 	
-1168.148 	-717.900 	-702.146 	-0.303 	-0.153 	-0.158 	
-656.654 	1614.602 	-409.220 	-0.191 	0.357 	-0.089 	
-609.820 	-340.299 	-1470.977 	-0.173 	-0.077 	-0.336 	
832.622 	-1696.002 	-782.986 	0.159 	-0.395 	-0.173 	
1201.206 	-463.307 	-31.249 	0.232 	-0.098 	0.001 	
1763.618 	22.808 	1058.866 	0.376 	0.006 	0.244 	
956.876 	1320.545 	-1795.706 	0.193 	0.302 	-0.416 	
-1393.739 	529.493 	1164.491 	-0.347 	0.123 	0.264 	
-173.727 	-0.972 	489.670 	-0.070 	0.002 	0.116 	
-534.667 	1400.300 	1211.730 	-0.166 	0.324 	0.280 	
1927.968 	1539.682 	-341.059 	0.408 	0.355 	-0.081 	
-1552.818 	210.628 	1191.577 	-0.398 	0.038 	0.270 	
-1813.480 	460.396 	-1324.709 	-0.447 	0.109 	-0.305 	
-1169.377 	-650.112 	-289.129 	-0.308 	-0.153 	-0.070 	
596.054 	559.715 	-780.604 	0.088 	0.128 	-0.186 	
1375.712 	1771.721 	-1149.426 	0.281 	0.416 	-0.271 	
-1198.157 	724.821 	-50.094 	-0.315 	0.157 	-0.016 	
319.723 	139.517 	357.139 	0.025 	0.027 	0.081 	
340.355 	-1407.676 	-718.009 	0.027 	-0.323 	-0.166 	
-1378.463 	-214.531 	-899.720 	-0.363 	-0.049 	-0.200 	
1945.497 	1200.630 	-1136.208 	0.420 	0.281 	-0.264 	
1298.558 	280.152 	987.871 	0.263 	0.071 	0.217 	
503.211 	1589.585 	333.226 	0.073 	0.356 	0.074 	
607.529 	-431.632 	-658.717 	0.093 	-0.104 	-0.142 	
1487.018 	1387.698 	-1215.548 	0.295 	0.321 	-0.280 	
1800.428 	425.679 	-529.085 	0.385 	0.099 	-0.121 	
-1058.222 	480.994 	-343.540 	-0.291 	0.100 	-0.073 	
-732.282 	-1548.257 	-450.012 	-0.204 	-0.344 	-0.106 	
950.812 	1876.812 	-1772.042 	0.177 	0.436 	-0.407 	
1680.500 	662.916 	-453.951 	0.348 	0.159 	-0.104 	
-1227.655 	-1095.302 	-1078.887 	-0.326 	-0.253 	-0.239 	
-1648.171 	105.668 	939.616 	-0.428 	0.027 	0.221 	
1845.764 	-990.867 	1487.296 	0.396 	-0.226 	0.334 	
1434.008 	110.525 	768.721 	0.279 	0.027 	0.178 	
461.617 	1361.720 	1081.459 	0.072 	0.320 	0.250 	
-1638.540 	1514.623 	-1198.603 	-0.423 	0.345 	-0.284 	
-1588.245 	148.083 	1713.849 	-0.391 	0.034 	0.395 	
1724.867 	-1224.407 	-790.751 	0.358 	-0.291 	-0.184 	
-741.508 	725.248 	745.017 	-0.222 	0.165 	0.175 	
967.427 	1175.749 	467.289 	0.181 	0.268 	0.112 	
1388.166 	-228.516 	668.313 	0.287 	-0.056 	0.155 	
1272.873 	585.332 	637.896 	0.246 	0.124 	0.138 	
-1285.123 	-370.335 	1596.462 	-0.327 	-0.086 	0.374 	
1822.245 	-1395.260 	849.703 	0.385 	-0.318 	0.198 	
-365.207 	1227.182 	-1659.510 	-0.132 	0.281 	-0.382 	
-1375.011 	-1423.505 	2310.402 	-0.414 	-0.367 	0.616 	
348.896 	974.496 	45.681 	0.048 	0.221 	0.008 	
488.340 	11.639 	234.245 	0.079 	0.007 	0.061 	
733.370 	1373.665 	1700.099 	0.139 	0.324 	0.390 	
-1294.853 	204.479 	-128.938 	-0.341 	0.057 	-0.027 	
-1704.007 	528.407 	-1615.771 	-0.429 	0.124 	-0.366 	
721.650 	883.350 	267.166 	0.136 	0.203 	0.061 	
-447.942 	-1246.381 	457.998 	-0.147 	-0.291 	0.102 	
993.465 	-326.879 	-709.886 	0.201 	-0.078 	-0.161 	
-378.498 	-228.569 	1245.272 	-0.126 	-0.059 	0.278 	
-1415.026 	1301.103 	1734.478 	-0.359 	0.305 	0.407 	
1164.538 	-902.251 	124.173 	0.232 	-0.205 	0.040 	
-1250.614 	-832.016 	-449.032 	-0.334 	-0.188 	-0.103 	
201.869 	1375.996 	757.584 	0.003 	0.314 	0.173 	
-571.950 	-455.959 	-1657.194 	-0.157 	-0.105 	-0.377 	
-1118.557 	77.075 	-1392.226 	-0.306 	0.024 	-0.318 	
145.331 	959.603 	115.792 	0.001 	0.225 	0.025 	
-961.573 	-881.925 	53.309 	-0.265 	-0.194 	0.022 	
-1466.343 	-1651.423 	1774.579 	-0.380 	-0.379 	0.418 	
472.669 	-7.597 	594.374 	0.074 	-0.004 	0.138 	
1828.899 	762.684 	-655.959 	0.377 	0.172 	-0.148 	
1864.760 	-1233.486 	1269.675 	0.395 	-0.287 	0.293 	
-1784.261 	-931.441 	-13.171 	-0.447 	-0.205 	-0.006 	
-643.905 	278.931 	-1349.180 	-0.195 	0.065 	-0.301 	
132.121 	-133.471 	833.119 	-0.017 	-0.025 	0.196 	
1414.613 	-573.690 	-307.690 	0.273 	-0.136 	-0.070 	
282.789 	-30.905 	-1126.485 	0.032 	-0.007 	-0.260 	
1972.297 	-1571.169 	-2008.932 	0.418 	-0.358 	-0.472 	
-102.006 	-1049.667 	-376.698 	-0.058 	-0.229 	-0.095 	
-836.922 	1444.851 	1562.062 	-0.225 	0.331 	0.356 	
1302.337 	210.889 	-1373.745 	0.251 	0.048 	-0.317 	
-517.853 	1419.207 	828.906 	-0.166 	0.326 	0.185 	
-1200.472 	-427.426 	-710.458 	-0.320 	-0.094 	-0.172 	
148.422 	52.640 	426.634 	-0.012 	0.008 	0.087 	
-570.028 	-794.475 	1017.315 	-0.176 	-0.178 	0.233 	
-63.655 	1026.775 	368.835 	-0.053 	0.223 	0.089 	
474.050 	-274.110 	-1087.810 	0.058 	-0.069 	-0.244 	
-623.984 	-598.762 	1390.683 	-0.180 	-0.125 	0.320 	
1799.146 	-579.055 	-1808.277 	0.378 	-0.141 	-0.413 	
1770.344 	-58.173 	-1513.219 	0.376 	-0.015 	-0.357 	
908.326 	44.787 	1682.397 	0.158 	0.014 	0.385 	
-334.228 	-982.366 	-785.783 	-0.113 	-0.223 	-0.167 	
692.074 	-1840.605 	1612.820 	0.122 	-0.410 	0.369 	
-1326.724 	-709.755 	1601.084 	-0.334 	-0.163 	0.363 	
-754.025 	-200.560 	-1475.700 	-0.212 	-0.041 	-0.334 	
-58.706 	1481.222 	102.932 	-0.061 	0.344 	0.031 	
731.753 	734.684 	-1533.392 	0.130 	0.164 	-0.350 	
1067.517 	1108.611 	-1473.815 	0.211 	0.261 	-0.340 	
-1775.079 	244.044 	1050.258 	-0.443 	0.058 	0.241 	
-1087.050 	-245.522 	1366.526 	-0.289 	-0.070 	0.310 	
31.239 	1117.048 	848.188 	-0.042 	0.256 	0.202 	
-163.811 	1730.601 	1576.161 	-0.065 	0.396 	0.362 	
-1080.994 	-558.675 	1666.627 	-0.295 	-0.130 	0.379 	
1084.968 	986.029 	-510.601 	0.203 	0.224 	-0.112 	
-4.251 	-449.711 	518.788 	-0.051 	-0.095 	0.118 	
-1109.558 	1595.461 	-1480.262 	-0.295 	0.374 	-0.335 	
1590.266 	1303.126 	183.325 	0.339 	0.300 	0.043 	
1356.236 	1571.410 	562.940 	0.285 	0.360 	0.132 	
-1535.463 	-1611.902 	-840.979 	-0.400 	-0.376 	-0.194 	
1741.499 	-1030.910 	1046.187 	0.351 	-0.245 	0.241 	
-508.683 	-276.983 	261.421 	-0.142 	-0.064 	0.057 	
-1330.063 	392.453 	728.844 	-0.355 	0.091 	0.163 	
-1521.119 	-591.722 	158.999 	-0.400 	-0.136 	0.037 	
1813.622 	969.322 	1498.997 	0.383 	0.219 	0.336 	
1892.977 	-602.656 	-119.297 	0.396 	-0.138 	-0.033 	
477.076 	-1485.875 	-509.111 	0.084 	-0.338 	-0.117 	
-927.810 	788.329 	-522.266 	-0.241 	0.176 	-0.123 	
-156.445 	-1398.664 	-1566.312 	-0.088 	-0.321 	-0.361 	
-1890.735 	-649.493 	1519.390 	-0.478 	-0.156 	0.340 	
-1289.131 	326.140 	973.259 	-0.346 	0.075 	0.219 	
469.228 	-1349.558 	801.515 	0.059 	-0.313 	0.189 	
-42.241 	-966.339 	151.967 	-0.047 	-0.211 	0.039 	
-158.760 	-187.128 	-582.896 	-0.063 	-0.041 	-0.131 	
291.846 	-743.917 	437.517 	0.017 	-0.162 	0.099 	
-1183.673 	-864.148 	51.321 	-0.306 	-0.200 	0.022 	
-1631.396 	753.737 	-280.720 	-0.427 	0.174 	-0.059 	
-1272.629 	-1277.727 	-1096.450 	-0.330 	-0.299 	-0.250 	
1848.078 	-1650.648 	461.525 	0.395 	-0.385 	0.107 	
-642.204 	1610.433 	527.017 	-0.190 	0.363 	0.130 	
-1255.039 	-510.276 	-73.332 	-0.316 	-0.128 	-0.014 	
1820.394 	-569.662 	1679.739 	0.381 	-0.135 	0.392 	
383.484 	214.377 	1233.044 	0.056 	0.043 	0.288 	
616.555 	-338.995 	-1229.174 	0.097 	-0.084 	-0.274 	
-337.161 	858.620 	46.461 	-0.121 	0.199 	0.007 	
2018.970 	1706.795 	1026.054 	0.421 	0.397 	0.230 	
-1197.551 	-678.185 	2274.761 	-0.324 	-0.162 	0.540 	
-1372.726 	377.803 	-1150.173 	-0.344 	0.084 	-0.264 	
-723.685 	-207.057 	605.474 	-0.214 	-0.039 	0.138 	
1866.142 	-824.421 	-1440.118 	0.383 	-0.188 	-0.329 	
-958.043 	707.957 	188.603 	-0.256 	0.160 	0.041 	
-421.553 	1098.672 	95.814 	-0.139 	0.241 	0.022 	
484.784 	240.150 	1567.385 	0.078 	0.066 	0.355 	
-457.729 	-859.464 	561.926 	-0.137 	-0.201 	0.131 	
-917.986 	1014.373 	768.712 	-0.241 	0.226 	0.182 	
833.412 	642.514 	464.156 	0.152 	0.143 	0.120 	
-138.772 	-106.063 	631.418 	-0.079 	-0.020 	0.149 	
1655.555 	-1120.594 	1272.578 	0.335 	-0.254 	0.299 	
530.687 	1519.557 	-74.778 	0.091 	0.351 	-0.012 	
-909.330 	738.121 	980.796 	-0.243 	0.177 	0.221 	
-1638.438 	-510.664 	-1462.086 	-0.410 	-0.110 	-0.337 	
1739.045 	815.728 	1116.040 	0.357 	0.199 	0.253 	
1073.719 	-1188.181 	-606.159 	0.218 	-0.270 	-0.140 	
-702.564 	-146.678 	1097.081 	-0.202 	-0.029 	0.239 	
-27.929 	-761.455 	1741.023 	-0.051 	-0.182 	0.388 	
-177.242 	-1410.570 	1553.009 	-0.079 	-0.333 	0.342 	
-1635.607 	1171.510 	-1216.827 	-0.409 	0.263 	-0.285 	
1351.160 	-340.568 	-245.307 	0.282 	-0.080 	-0.052 	
653.881 	795.687 	870.520 	0.113 	0.193 	0.206 	
-372.701 	-634.745 	-956.197 	-0.124 	-0.155 	-0.211 	
-601.832 	-359.422 	497.507 	-0.187 	-0.081 	0.115 	
-1283.973 	184.582 	260.872 	-0.319 	0.041 	0.062 	
1213.514 	-202.270 	-182.298 	0.235 	-0.051 	-0.040 	
969.354 	-785.953 	1015.981 	0.196 	-0.177 	0.237 	
-350.907 	-767.622 	1172.421 	-0.131 	-0.182 	0.266 	
-1742.482 	6.375 	1288.562 	-0.441 	0.002 	0.294 	
-920.808 	283.971 	405.177 	-0.261 	0.067 	0.093 	
1705.362 	-1186.721 	-39.268 	0.346 	-0.282 	-0.012 	
-240.423 	385.485 	-946.583 	-0.097 	0.079 	-0.209 	
-482.760 	657.567 	1634.130 	-0.140 	0.145 	0.376 	
1376.175 	-1126.240 	-375.475 	0.280 	-0.257 	-0.082 	
1844.654 	-211.520 	-848.976 	0.392 	-0.052 	-0.188 	
1614.413 	1504.172 	1937.546 	0.328 	0.344 	0.447 	
1430.939 	-1815.804 	-951.607 	0.290 	-0.414 	-0.210 	
1570.818 	529.186 	561.329 	0.331 	0.119 	0.124 	
1940.032 	-1027.858 	587.606 	0.419 	-0.235 	0.136 	
292.053 	-1383.377 	1046.163 	0.031 	-0.307 	0.242 	
578.076 	171.380 	-1313.288 	0.105 	0.040 	-0.302 	
1716.543 	1175.111 	846.691 	0.347 	0.272 	0.201 	
-442.691 	-343.748 	9.878 	-0.150 	-0.081 	0.006 	
-1153.554 	98.520 	-1249.519 	-0.307 	0.015 	-0.295 	
314.808 	847.056 	597.247 	0.026 	0.198 	0.147 	
-1131.637 	63.288 	1245.477 	-0.299 	0.027 	0.284 	
-573.135 	-594.531 	1613.871 	-0.175 	-0.150 	0.365 	
-1679.150 	862.850 	479.756 	-0.432 	0.203 	0.112 	
-1739.817 	866.249 	1468.915 	-0.427 	0.197 	0.341 	
-526.429 	-257.560 	1291.063 	-0.162 	-0.052 	0.289 	
1863.486 	-1222.358 	-1440.871 	0.383 	-0.280 	-0.341 	
297.652 	-1771.423 	1787.806 	0.019 	-0.410 	0.410 	
-862.085 	939.905 	335.302 	-0.231 	0.216 	0.075 	
-1585.806 	645.046 	1338.667 	-0.392 	0.146 	0.310 	
-1227.498 	-18.774 	1050.377 	-0.307 	-0.001 	0.240 	
156.646 	834.272 	1075.568 	-0.014 	0.184 	0.248 	
437.605 	-540.524 	-185.084 	0.071 	-0.123 	-0.041 	
479.523 	258.074 	261.652 	0.066 	0.047 	0.059 	
-492.579 	-1312.374 	626.057 	-0.142 	-0.308 	0.140 	
579.795 	-337.483 	569.389 	0.096 	-0.078 	0.122 	
1279.323 	479.100 	988.533 	0.264 	0.113 	0.218 	
819.409 	186.570 	-1027.059 	0.143 	0.044 	-0.235 	
433.621 	94.512 	-540.027 	0.059 	0.026 	-0.126 	
-1802.155 	-1332.042 	1817.716 	-0.460 	-0.308 	0.425 	
-1097.109 	1650.622 	1055.950 	-0.294 	0.374 	0.250 	
-602.974 	-1552.906 	1294.123 	-0.173 	-0.352 	0.295 	
-258.404 	-363.340 	1227.716 	-0.099 	-0.093 	0.272 	
-419.796 	-317.786 	-410.022 	-0.147 	-0.076 	-0.099 	
2031.777 	642.638 	1788.196 	0.435 	0.151 	0.410 	
-386.355 	-1584.062 	-1567.158 	-0.116 	-0.363 	-0.362 	
843.871 	1835.099 	-239.030 	0.156 	0.429 	-0.061 	
587.195 	1887.613 	-1771.415 	0.105 	0.437 	-0.402 	
-201.015 	1234.841 	702.449 	-0.082 	0.287 	0.163 	
-605.811 	1156.653 	-161.590 	-0.179 	0.263 	-0.047 	
309.454 	728.532 	-1996.439 	0.033 	0.163 	-0.469 	
-682.207 	222.992 	-526.982 	-0.187 	0.054 	-0.117 	
47.344 	144.444 	-1138.653 	-0.022 	0.033 	-0.268 	
1427.455 	1090.361 	-515.861 	0.301 	0.249 	-0.119 	
-1621.712 	1136.839 	-1133.194 	-0.415 	0.265 	-0.270 	
1714.757 	1647.780 	1023.883 	0.370 	0.377 	0.237 	
-1164.031 	1131.801 	1172.179 	-0.312 	0.256 	0.279 	
668.190 	619.583 	1297.806 	0.105 	0.133 	0.297 	
-1850.144 	1143.396 	-1014.061 	-0.470 	0.268 	-0.237 	
-987.980 	1633.450 	-593.620 	-0.259 	0.372 	-0.129 	
-1032.723 	739.335 	538.237 	-0.266 	0.165 	0.132 	
-102.494 	-602.019 	905.109 	-0.071 	-0.130 	0.193 	
59.456 	-734.393 	-1556.143 	-0.025 	-0.156 	-0.356 	
-1677.919 	-522.537 	-872.034 	-0.414 	-0.122 	-0.207 	
1247.101 	189.022 	-273.193 	0.252 	0.047 	-0.050 	
1386.529 	-14.892 	-195.016 	0.276 	-0.009 	-0.032 	
-670.587 	-327.784 	1559.735 	-0.199 	-0.079 	0.353 	
1625.687 	-1081.545 	-1020.724 	0.339 	-0.241 	-0.241 	
672.872 	-214.750 	873.903 	0.110 	-0.045 	0.199 	
1933.465 	-1675.505 	-1004.277 	0.415 	-0.378 	-0.238 	
640.720 	-1232.534 	187.294 	0.109 	-0.280 	0.035 	
-409.230 	-1570.129 	92.748 	-0.136 	-0.362 	0.021 	
559.804 	1527.604 	-216.617 	0.098 	0.339 	-0.049 	
1111.750 	-316.736 	-345.236 	0.213 	-0.062 	-0.075 	
-625.957 	-236.369 	70.447 	-0.177 	-0.061 	0.021 	
-162.664 	1141.925 	-287.152 	-0.087 	0.265 	-0.065 	
1087.444 	-1352.560 	-1743.380 	0.221 	-0.316 	-0.409 	
-1403.445 	1267.066 	437.427 	-0.366 	0.290 	0.113 	
-249.280 	-802.305 	1195.015 	-0.103 	-0.178 	0.263 	
857.333 	1001.474 	-50.917 	0.146 	0.231 	-0.015 	
1274.748 	1592.770 	-1433.442 	0.252 	0.372 	-0.326 	
-1519.063 	293.658 	22.635 	-0.390 	0.057 	0.011 	
1263.002 	939.416 	270.647 	0.250 	0.208 	0.070 	
-1802.939 	1762.082 	1797.641 	-0.460 	0.399 	0.418 	
346.009 	301.402 	680.228 	0.048 	0.068 	0.147 	
1056.858 	-449.093 	-191.067 	0.198 	-0.109 	-0.038 	
1633.730 	942.482 	1403.432 	0.328 	0.218 	0.321 	
-183.878 	-221.179 	-221.876 	-0.089 	-0.057 	-0.040 	
1657.983 	-1358.016 	-1351.692 	0.352 	-0.310 	-0.311 	
1365.611 	-47.349 	-677.673 	0.276 	-0.009 	-0.158 	
-1505.483 	-1542.353 	-250.723 	-0.385 	-0.353 	-0.046 	
-1329.058 	1584.998 	1637.790 	-0.348 	0.375 	0.370 	
1117.079 	-1914.598 	1211.597 	0.217 	-0.452 	0.277 	
1226.168 	-1210.906 	-211.022 	0.241 	-0.276 	-0.039 	
1921.735 	-1658.263 	1641.227 	0.415 	-0.381 	0.375 	
-700.934 	-322.569 	-696.270 	-0.198 	-0.070 	-0.156 	
2066.792 	1628.168 	1059.894 	0.449 	0.379 	0.238 	
1029.128 	818.559 	-760.093 	0.186 	0.187 	-0.177 	
79.977 	1407.835 	-523.855 	-0.016 	0.329 	-0.116 	
-1868.249 	363.757 	-717.088 	-0.476 	0.083 	-0.158 	
-2110.558 	1615.064 	2675.642 	-0.522 	0.378 	0.617 	
707.554 	-346.978 	1454.250 	0.136 	-0.078 	0.329 	
-839.675 	-388.809 	-513.093 	-0.243 	-0.086 	-0.114 	
-1700.953 	688.618 	1413.522 	-0.418 	0.160 	0.322 	
-763.068 	865.001 	-964.548 	-0.212 	0.199 	-0.233 	
8.460 	219.998 	-320.859 	-0.026 	0.045 	-0.075 	
-1545.901 	-251.623 	-836.197 	-0.401 	-0.054 	-0.191 	
108.952 	-500.452 	-274.946 	-0.015 	-0.122 	-0.066 	
1932.534 	-214.828 	-114.818 	0.408 	-0.049 	-0.036 	
-295.157 	485.246 	304.805 	-0.115 	0.108 	0.082 	
850.918 	-1378.140 	-161.480 	0.144 	-0.314 	-0.042 	
1284.520 	-1613.520 	-735.872 	0.260 	-0.367 	-0.178 	
-923.955 	-1076.330 	724.281 	-0.241 	-0.249 	0.164 	
-302.167 	1097.518 	1403.857 	-0.109 	0.245 	0.319 	
1013.205 	1774.742 	1195.841 	0.194 	0.419 	0.274 	
-1888.207 	906.305 	-205.665 	-0.474 	0.218 	-0.051 	
-118.392 	53.181 	-1251.125 	-0.069 	0.005 	-0.283 	
-816.345 	631.549 	-1667.622 	-0.222 	0.136 	-0.377 	
-1535.379 	-486.422 	235.634 	-0.398 	-0.119 	0.054 	
858.791 	648.428 	652.934 	0.160 	0.152 	0.140 	
459.684 	-362.775 	-1380.112 	0.058 	-0.088 	-0.314 	
386.081 	1310.689 	665.293 	0.054 	0.296 	0.150 	
115.875 	489.951 	947.651 	-0.015 	0.120 	0.213 	
-710.352 	-1152.850 	1196.505 	-0.201 	-0.261 	0.278 	
61.326 	-217.679 	-627.501 	-0.030 	-0.051 	-0.138 	
-399.295 	1731.009 	1059.091 	-0.139 	0.388 	0.249 	
-925.131 	407.503 	-135.979 	-0.245 	0.087 	-0.021 	
-1523.623 	-967.762 	159.632 	-0.400 	-0.219 	0.036 	
1290.324 	-677.681 	-1852.489 	0.264 	-0.155 	-0.430 	
-1464.174 	2046.853 	-903.325 	-0.381 	0.481 	-0.204 	
-680.039 	810.590 	-1701.221 	-0.183 	0.189 	-0.390 	
1346.490 	-822.419 	-290.502 	0.268 	-0.179 	-0.062 	
246.578 	351.921 	-309.064 	0.013 	0.087 	-0.071 	
-432.838 	1494.348 	-724.641 	-0.144 	0.343 	-0.165 	
-346.656 	198.359 	1220.371 	-0.123 	0.052 	0.273 	
-1280.889 	-1337.615 	1618.651 	-0.344 	-0.302 	0.372 	
908.269 	1253.682 	1146.258 	0.175 	0.276 	0.262 	
267.785 	1144.394 	1509.102 	0.030 	0.261 	0.351 	
697.850 	819.687 	-983.744 	0.115 	0.177 	-0.225 	
1175.801 	954.607 	-1616.402 	0.233 	0.218 	-0.377 	
199.836 	-687.939 	-1400.715 	0.005 	-0.168 	-0.320 	
-1281.813 	928.576 	-633.804 	-0.343 	0.206 	-0.142 	
938.882 	71.338 	-16.484 	0.181 	0.018 	0.001 	
-1406.389 	1469.514 	88.280 	-0.377 	0.333 	0.027 	
-656.387 	-1381.603 	-587.535 	-0.190 	-0.314 	-0.139 	
425.020 	-887.620 	-1406.731 	0.046 	-0.206 	-0.323 	
-294.314 	-468.785 	1116.172 	-0.117 	-0.106 	0.257 	
-67.073 	-1660.094 	747.897 	-0.051 	-0.384 	0.178 	
1215.280 	866.671 	-1235.000 	0.252 	0.196 	-0.284 	
208.147 	1018.200 	-957.999 	0.010 	0.240 	-0.228 	
77.338 	1274.228 	-1084.270 	-0.030 	0.290 	-0.244 	
-909.257 	1274.926 	-743.644 	-0.239 	0.295 	-0.171 	
-1819.612 	-683.603 	209.348 	-0.461 	-0.162 	0.056 	
-1104.390 	-521.923 	-969.393 	-0.279 	-0.123 	-0.221 	
2042.808 	-1149.654 	1696.956 	0.433 	-0.263 	0.384 	
-1727.809 	819.822 	-303.311 	-0.440 	0.195 	-0.067 	
-133.609 	-632.390 	870.991 	-0.086 	-0.134 	0.206 	
-452.442 	-619.285 	-1285.746 	-0.134 	-0.143 	-0.285 	
-722.928 	-1697.184 	1571.499 	-0.208 	-0.388 	0.358 	
-126.726 	-622.192 	897.836 	-0.074 	-0.147 	0.208 	
182.233 	-1665.198 	380.934 	0.009 	-0.387 	0.088 	
-478.428 	-243.406 	107.714 	-0.162 	-0.061 	0.027 	
-571.619 	-574.404 	-633.788 	-0.173 	-0.136 	-0.139 	
-452.462 	-768.941 	1013.536 	-0.093 	-0.138 	0.164 	
713.278 	-1510.798 	943.010 	0.131 	-0.355 	0.214 	
-1018.049 	-298.699 	951.531 	-0.262 	-0.075 	0.218 	
1731.966 	884.384 	-1415.683 	0.372 	0.205 	-0.328 	
-212.583 	966.917 	1675.892 	-0.090 	0.214 	0.377 	
629.512 	1420.016 	1126.800 	0.117 	0.323 	0.257 	
1160.223 	1207.725 	756.108 	0.238 	0.281 	0.175 	
964.562 	-1040.834 	344.014 	0.183 	-0.230 	0.082 	
-653.904 	-298.800 	-1208.069 	-0.195 	-0.061 	-0.267 	
-998.424 	1107.509 	635.841 	-0.257 	0.253 	0.152 	
268.084 	-651.465 	1092.912 	0.014 	-0.152 	0.251 	
618.528 	-1239.836 	906.413 	0.103 	-0.295 	0.211 	
-476.207 	-1247.059 	114.182 	-0.155 	-0.272 	0.026 	
292.952 	-1090.729 	-211.373 	0.020 	-0.252 	-0.057 	
-60.957 	-1110.947 	-503.142 	-0.065 	-0.249 	-0.112 	
1524.107 	-256.739 	-1454.561 	0.313 	-0.058 	-0.331 	
820.941 	380.048 	1718.287 	0.138 	0.090 	0.397 	
-1227.419 	816.630 	1109.916 	-0.318 	0.190 	0.262 	
1910.296 	-1023.601 	1698.140 	0.411 	-0.231 	0.399 	
-1160.975 	608.498 	279.205 	-0.297 	0.141 	0.058 	
177.758 	263.601 	1541.542 	0.002 	0.071 	0.348 	
-1834.185 	825.386 	1160.278 	-0.462 	0.201 	0.267 	
-605.202 	-1146.112 	340.145 	-0.182 	-0.272 	0.078 	
947.350 	-190.539 	-970.913 	0.186 	-0.037 	-0.226 	
-597.116 	-1637.331 	1867.273 	-0.176 	-0.378 	0.440 	
-1411.797 	1462.542 	121.847 	-0.369 	0.339 	0.020 	
413.453 	-1752.769 	-1604.352 	0.055 	-0.397 	-0.365 	
-1842.943 	-452.429 	-1714.677 	-0.452 	-0.106 	-0.393 	
-821.882 	5.254 	-1081.000 	-0.239 	-0.001 	-0.247 	
61.014 	103.329 	-165.893 	-0.019 	0.020 	-0.038 	
-1827.183 	-452.429 	1791.943 	-0.462 	-0.112 	0.415 	
-577.045 	-58.294 	-137.495 	-0.169 	-0.023 	-0.017 	
1709.803 	-903.508 	1049.209 	0.357 	-0.215 	0.250 	
-1634.449 	-1340.155 	-1397.718 	-0.420 	-0.305 	-0.316 	
-1570.810 	489.011 	-15.351 	-0.386 	0.108 	-0.003 	
368.569 	567.810 	-1702.793 	0.053 	0.137 	-0.394 	
-1137.184 	443.111 	802.599 	-0.291 	0.092 	0.188 	
1825.978 	-1681.257 	1225.612 	0.374 	-0.394 	0.283 	
-499.028 	1037.198 	-1186.109 	-0.143 	0.231 	-0.274 	
-1839.493 	151.074 	973.481 	-0.461 	0.033 	0.227 	
808.905 	-1360.592 	1508.869 	0.142 	-0.311 	0.352 	
-1802.978 	1266.176 	-161.144 	-0.452 	0.290 	-0.043 	
-1702.119 	765.058 	594.424 	-0.420 	0.170 	0.146 	
335.136 	-1297.289 	355.407 	0.048 	-0.303 	0.081 	
-602.770 	-1322.976 	810.368 	-0.176 	-0.313 	0.193 	
431.687 	-959.995 	-1611.061 	0.071 	-0.226 	-0.364 	
-1440.613 	-910.584 	802.287 	-0.366 	-0.203 	0.183 	
-1786.778 	-696.745 	-889.907 	-0.458 	-0.164 	-0.209 	
1061.803 	-1636.793 	-1553.762 	0.211 	-0.387 	-0.353 	
-1624.627 	-1123.659 	-1313.406 	-0.414 	-0.260 	-0.313 	
492.479 	-534.843 	-124.730 	0.074 	-0.120 	-0.025 	
940.386 	1605.003 	827.556 	0.173 	0.371 	0.184 	
1541.065 	417.844 	979.411 	0.307 	0.097 	0.230 	
832.678 	-921.823 	-1107.933 	0.158 	-0.222 	-0.247 	
1926.156 	-1630.872 	1392.610 	0.400 	-0.376 	0.327 	
-1660.129 	-804.595 	-302.005 	-0.424 	-0.184 	-0.072 	
-957.952 	1665.167 	786.369 	-0.267 	0.379 	0.190 	
-500.270 	1051.251 	1499.076 	-0.157 	0.232 	0.349 	
1077.828 	287.440 	1341.080 	0.210 	0.068 	0.309 	
-214.024 	-1419.952 	1509.003 	-0.094 	-0.317 	0.342 	
-1357.072 	938.122 	661.194 	-0.346 	0.222 	0.149 	
1181.456 	1418.105 	125.067 	0.236 	0.331 	0.033 	
-927.507 	-689.304 	-710.043 	-0.243 	-0.165 	-0.164 	
-145.835 	-1136.734 	1480.141 	-0.075 	-0.271 	0.333 	
1443.474 	238.493 	221.135 	0.291 	0.049 	0.062 	
-1686.421 	-1756.588 	1130.555 	-0.419 	-0.409 	0.258 	
-604.951 	-605.866 	-474.633 	-0.168 	-0.128 	-0.112 	
1377.413 	-1373.776 	373.308 	0.278 	-0.310 	0.093 	
-155.647 	925.184 	486.029 	-0.081 	0.201 	0.109 	
-346.648 	-754.322 	-173.942 	-0.124 	-0.163 	-0.044 	
950.980 	93.955 	-980.377 	0.176 	0.023 	-0.216 	
-1441.289 	1540.037 	1089.186 	-0.377 	0.359 	0.240 	
1802.883 	-1503.743 	192.740 	0.383 	-0.348 	0.052 	
1559.084 	-61.392 	1156.700 	0.328 	-0.015 	0.269 	
466.626 	1503.109 	-17.418 	0.060 	0.354 	-0.007 	
307.759 	430.757 	976.984 	0.043 	0.092 	0.218 	
-1839.324 	1207.963 	1567.416 	-0.470 	0.272 	0.362 	
-1381.562 	-469.646 	641.889 	-0.345 	-0.115 	0.149 	
1603.585 	303.990 	-399.713 	0.320 	0.067 	-0.096 	
-961.965 	-329.891 	-1426.991 	-0.248 	-0.075 	-0.323 	
