## Las primeras 500 lineas corresponden a la esfera 1 
##las siguienets 500 lineas a la esfera 2
## Las primeras tres columnas corresponden a la posición en 'x', 'y' y 'z', las siguientes tres a las velocidades
-32.379 	-57.135 	9.405 	-0.182 	-0.168 	-0.012 	
38.692 	-18.297 	15.902 	-0.065 	0.011 	0.054 	
37.441 	-8.885 	29.689 	0.079 	-0.070 	-0.036 	
-1439.340 	1721.890 	-268.296 	-0.337 	0.401 	-0.072 	
-44.313 	33.410 	73.698 	0.016 	-0.031 	-0.062 	
-6.592 	-35.194 	47.631 	-0.102 	0.016 	0.057 	
53.108 	-42.493 	59.721 	0.027 	-0.137 	0.177 	
-22.922 	0.138 	-12.661 	-0.080 	-0.051 	-0.036 	
43.643 	-39.936 	43.897 	0.189 	-0.053 	-0.079 	
11.160 	-64.990 	28.348 	-0.222 	-0.092 	-0.054 	
-283.843 	1534.596 	-826.198 	-0.072 	0.380 	-0.204 	
48.065 	-18.070 	19.511 	0.023 	-0.062 	-0.049 	
1090.576 	-1450.327 	1026.828 	0.266 	-0.351 	0.251 	
79.228 	-116.309 	31.759 	-0.024 	-0.093 	0.011 	
-52.640 	-16.417 	30.232 	-0.040 	0.065 	0.033 	
55.903 	-48.257 	49.167 	0.218 	0.167 	-0.105 	
-66.786 	-53.891 	15.493 	-0.026 	0.059 	-0.099 	
90.218 	-62.560 	120.289 	-0.121 	0.118 	0.118 	
39.780 	-29.002 	60.183 	0.111 	-0.042 	-0.026 	
-3.832 	30.939 	80.951 	0.050 	-0.004 	0.005 	
12.873 	40.301 	75.930 	0.078 	0.087 	-0.047 	
-69.012 	32.839 	101.086 	0.070 	0.064 	0.035 	
48.637 	-85.773 	66.453 	0.040 	-0.009 	0.035 	
-24.606 	1.244 	7.692 	0.037 	-0.134 	0.102 	
125.220 	-36.393 	0.446 	-0.065 	0.011 	-0.010 	
90.385 	-20.564 	21.601 	-0.106 	0.006 	-0.069 	
73.339 	1.462 	35.955 	-0.032 	-0.006 	-0.003 	
75.844 	26.967 	39.515 	0.051 	0.005 	0.031 	
-157.597 	-42.504 	-53.747 	-0.087 	-0.009 	0.057 	
8.285 	-64.794 	46.946 	0.170 	0.006 	0.211 	
-153.472 	134.086 	18.521 	-0.056 	-0.002 	0.016 	
28.432 	-29.459 	92.283 	0.011 	-0.032 	0.015 	
19.252 	-39.410 	52.704 	0.088 	-0.104 	0.059 	
78.602 	-39.171 	60.430 	0.020 	-0.041 	-0.039 	
93.281 	-14.175 	50.281 	0.067 	-0.116 	0.091 	
1.392 	-48.082 	30.790 	-0.003 	0.121 	0.012 	
46.052 	-200.472 	197.084 	-0.062 	-0.034 	-0.004 	
-110.166 	-57.744 	37.563 	0.011 	-0.029 	0.037 	
-192.254 	-66.264 	110.263 	-0.025 	-0.003 	0.007 	
63.878 	-45.614 	38.396 	-0.016 	0.064 	0.005 	
21.374 	-20.691 	24.047 	-0.021 	0.097 	-0.108 	
19.154 	-20.758 	30.015 	0.022 	-0.076 	0.064 	
73.868 	-2.587 	45.476 	-0.159 	-0.006 	-0.045 	
-19.083 	-62.313 	10.714 	-0.015 	-0.022 	-0.063 	
51.963 	-138.849 	76.265 	0.046 	-0.010 	-0.028 	
29.519 	-23.570 	78.751 	0.073 	0.004 	0.062 	
-123.419 	-96.138 	19.630 	-0.018 	-0.037 	0.066 	
23.101 	-52.506 	16.726 	-0.125 	0.035 	-0.007 	
37.379 	-154.705 	2.997 	0.095 	-0.014 	0.035 	
50.027 	-10.701 	-4.767 	-0.002 	-0.026 	-0.032 	
185.134 	170.707 	205.703 	-0.008 	0.025 	0.014 	
-4.623 	-73.548 	33.357 	0.152 	-0.006 	-0.099 	
72.094 	-5.965 	9.095 	0.131 	-0.065 	0.019 	
59.791 	24.191 	74.918 	0.066 	-0.077 	-0.038 	
48.023 	-29.106 	12.676 	0.012 	0.012 	0.000 	
13.592 	-8.194 	-6.525 	0.001 	-0.047 	0.026 	
11.270 	-136.338 	-36.131 	0.064 	-0.088 	-0.004 	
-46.306 	-163.532 	24.707 	-0.061 	-0.022 	0.039 	
144.212 	-199.311 	11.308 	0.042 	-0.076 	-0.024 	
56.625 	-47.478 	-23.690 	0.060 	0.012 	0.031 	
80.476 	-51.215 	57.891 	-0.225 	-0.095 	-0.075 	
101.208 	-72.779 	6.958 	0.043 	0.003 	0.111 	
32.595 	-29.767 	37.014 	-0.242 	-0.196 	-0.100 	
-14.453 	53.777 	40.875 	0.083 	-0.067 	0.019 	
10.476 	-198.502 	27.797 	0.019 	0.114 	0.008 	
53.892 	-51.318 	8.147 	-0.029 	-0.103 	0.046 	
-698.232 	-1240.357 	-1007.271 	-0.179 	-0.290 	-0.238 	
61.654 	-71.649 	54.395 	0.010 	-0.216 	0.186 	
91.418 	-23.199 	26.327 	0.013 	0.029 	-0.036 	
10.824 	-90.266 	-6.856 	-0.060 	-0.023 	-0.152 	
49.765 	-37.846 	18.493 	-0.009 	-0.173 	0.101 	
38.539 	-36.408 	26.594 	-0.116 	0.036 	0.029 	
115.337 	-178.540 	-41.970 	0.028 	-0.036 	-0.052 	
17.913 	-48.066 	59.785 	-0.024 	0.168 	-0.039 	
46.360 	-67.139 	49.539 	0.073 	0.025 	-0.015 	
-38.158 	-41.838 	87.120 	-0.109 	-0.055 	-0.175 	
-87.346 	29.978 	83.273 	-0.026 	-0.034 	0.044 	
592.964 	898.625 	1578.007 	0.135 	0.198 	0.352 	
-10.840 	-44.741 	54.639 	-0.032 	-0.191 	0.093 	
68.349 	-40.924 	25.555 	0.056 	0.009 	0.135 	
14.451 	-35.509 	12.617 	-0.242 	0.053 	0.166 	
-78.889 	-109.325 	-5.119 	-0.082 	-0.054 	0.036 	
-63.961 	58.630 	113.182 	0.018 	0.023 	0.051 	
-86.540 	-335.334 	503.328 	-0.003 	-0.034 	0.071 	
84.827 	-91.373 	80.255 	0.100 	-0.072 	0.023 	
238.407 	-44.457 	114.398 	0.071 	-0.005 	-0.008 	
12.077 	-56.293 	-86.254 	-0.002 	0.041 	0.099 	
-18.410 	-33.193 	22.513 	-0.185 	-0.080 	-0.081 	
21.391 	-13.044 	16.974 	-0.091 	0.047 	-0.015 	
-1.837 	-22.177 	20.176 	0.093 	-0.092 	-0.143 	
75.650 	-28.206 	-5.536 	0.115 	-0.105 	0.127 	
9.600 	-71.205 	-134.563 	-0.110 	0.014 	-0.031 	
16.381 	-40.082 	-16.025 	0.070 	-0.019 	0.065 	
-22.027 	78.053 	-60.513 	-0.110 	-0.065 	-0.030 	
26.487 	-53.992 	30.572 	-0.071 	-0.113 	0.137 	
112.974 	-163.492 	28.100 	-0.003 	-0.137 	-0.029 	
94.602 	-17.485 	26.017 	0.034 	-0.057 	-0.049 	
2577.518 	-2765.651 	-10.755 	0.613 	-0.667 	0.004 	
3753.581 	-3454.367 	-7186.419 	0.871 	-0.795 	-1.651 	
58.101 	-69.178 	21.941 	0.017 	0.028 	0.006 	
32.471 	-18.976 	51.810 	0.057 	-0.080 	0.167 	
-8.662 	-36.242 	28.810 	-0.150 	-0.069 	-0.193 	
25.325 	-29.058 	63.637 	-0.064 	-0.144 	-0.051 	
30.458 	-27.634 	38.287 	0.091 	0.121 	-0.085 	
3335.970 	-2350.153 	2005.153 	0.754 	-0.523 	0.450 	
-3223.830 	4244.510 	7647.854 	-0.730 	0.971 	1.752 	
1914.048 	-59.706 	160.735 	0.617 	-0.008 	0.048 	
-300.337 	248.636 	108.799 	-0.693 	0.602 	0.252 	
44.868 	-1.311 	34.449 	-0.024 	0.035 	-0.166 	
497.468 	-142.755 	214.141 	0.065 	0.028 	0.034 	
42.870 	-47.265 	48.464 	0.069 	0.030 	-0.053 	
-22.407 	-61.749 	68.445 	0.086 	0.029 	-0.033 	
-1086.030 	-399.312 	94.762 	-0.440 	-0.105 	0.022 	
219.536 	5.997 	-50.067 	0.066 	0.060 	-0.040 	
-27.239 	-56.756 	50.759 	0.136 	-0.083 	0.049 	
81.769 	-40.031 	49.780 	0.048 	0.006 	-0.056 	
10.696 	-62.885 	2.065 	0.136 	-0.050 	0.116 	
171.797 	-368.526 	48.718 	0.063 	0.006 	-0.020 	
-49.594 	-65.961 	-59.275 	-0.024 	-0.118 	0.094 	
-66.325 	-31.385 	34.144 	-0.115 	0.014 	0.067 	
-69.823 	-117.092 	-169.591 	-0.093 	-0.010 	0.013 	
-79.980 	-160.887 	4.824 	-0.001 	-0.051 	0.076 	
86.551 	-1.071 	96.045 	0.013 	-0.025 	0.118 	
11.908 	-81.189 	22.061 	-0.078 	-0.048 	-0.064 	
375.460 	91.964 	78.973 	0.046 	-0.012 	-0.001 	
99.487 	-76.867 	6.548 	-0.083 	0.057 	0.035 	
40.571 	-27.122 	44.173 	0.039 	0.088 	0.011 	
-7.894 	-38.033 	55.505 	-0.181 	0.073 	0.139 	
19.285 	-22.872 	46.020 	0.146 	0.002 	0.167 	
-38.832 	-68.577 	25.306 	0.041 	0.149 	0.069 	
36.101 	-52.836 	38.155 	0.088 	0.147 	-0.101 	
-31.867 	-54.328 	65.965 	-0.038 	-0.012 	-0.028 	
-41.183 	-32.236 	120.670 	-0.035 	-0.020 	0.025 	
-0.416 	-74.470 	76.324 	0.049 	0.041 	-0.094 	
16.135 	-56.155 	46.686 	0.007 	-0.045 	0.022 	
38.918 	-1.543 	-35.314 	0.058 	-0.053 	0.114 	
20.376 	-57.264 	20.037 	0.042 	0.099 	-0.089 	
-100.930 	-113.235 	98.150 	-0.111 	-0.175 	0.040 	
-18053.764 	-5351.422 	-10742.363 	-5.694 	-1.675 	-3.368 	
-2542.333 	2160.785 	-1299.119 	-0.556 	0.480 	-0.285 	
21.221 	-67.187 	63.738 	0.022 	0.095 	-0.173 	
-950.935 	-183.347 	613.685 	-0.292 	-0.060 	0.175 	
669.251 	63.732 	-78.755 	0.202 	0.018 	-0.066 	
-51.057 	-39.570 	-48.370 	-0.037 	-0.111 	0.018 	
103.492 	-70.038 	57.157 	0.089 	-0.008 	0.010 	
9.989 	-57.472 	38.406 	0.050 	0.185 	-0.142 	
-12.450 	29.196 	18.031 	-0.139 	0.042 	0.083 	
-17.636 	-68.293 	32.319 	-0.225 	-0.027 	0.109 	
86.920 	-1.627 	108.939 	-0.111 	0.054 	0.069 	
103.750 	-60.984 	53.560 	0.072 	-0.022 	0.019 	
39.645 	-85.780 	16.950 	0.016 	-0.042 	-0.148 	
53.888 	-8.746 	68.276 	-0.229 	-0.056 	-0.117 	
30.612 	-53.496 	38.307 	0.054 	0.005 	-0.187 	
46.253 	-34.546 	12.411 	0.051 	0.167 	-0.020 	
50.446 	-18.236 	37.001 	0.078 	0.171 	0.026 	
-53.050 	-26.786 	35.366 	-0.139 	-0.071 	-0.057 	
110.400 	-23.275 	24.555 	0.035 	-0.039 	-0.045 	
31.594 	-20.514 	37.103 	-0.002 	-0.104 	0.034 	
477.597 	289.939 	-443.434 	0.109 	0.098 	-0.123 	
-25.953 	2.089 	57.151 	0.014 	-0.099 	0.022 	
-30.331 	-141.810 	-1.521 	-0.047 	-0.002 	-0.043 	
-29.740 	-113.396 	155.077 	-0.152 	0.010 	0.024 	
-105.803 	140.710 	202.129 	-0.067 	0.017 	0.049 	
27.534 	-5.999 	26.095 	0.084 	0.044 	0.116 	
4.129 	20.203 	18.610 	-0.175 	0.018 	0.107 	
-70.400 	-49.277 	-0.341 	-0.060 	0.013 	-0.091 	
17.849 	-48.272 	24.306 	0.064 	0.176 	0.110 	
1.620 	-70.544 	69.432 	0.107 	0.123 	-0.087 	
-16.369 	-123.778 	69.268 	-0.143 	-0.001 	0.012 	
3.981 	-93.206 	47.631 	0.185 	0.014 	0.018 	
181.665 	83.508 	-7.329 	-0.058 	-0.027 	0.075 	
81.730 	-32.763 	24.721 	0.817 	-15.884 	-9.239 	
-72.192 	-88.633 	83.969 	-0.008 	-0.049 	0.014 	
-3.498 	-25.792 	88.648 	-0.093 	0.084 	-0.050 	
16.997 	-37.764 	92.719 	0.038 	0.077 	-0.056 	
194.732 	11.899 	43.567 	0.076 	-0.048 	-0.030 	
17.276 	-28.270 	25.156 	-0.017 	-0.057 	0.028 	
0.370 	-100.315 	-2.794 	0.070 	0.006 	0.153 	
218.825 	21.837 	-258.464 	0.004 	-0.023 	-0.010 	
92.314 	-25.885 	39.716 	0.152 	-0.160 	-0.086 	
-93.505 	-21.599 	110.137 	0.012 	-0.008 	0.043 	
-73.858 	-38.067 	148.531 	-0.028 	-0.015 	0.034 	
43.822 	-8.297 	50.653 	0.090 	-0.095 	0.010 	
4.522 	-121.735 	110.896 	-0.147 	-0.060 	0.029 	
-39.822 	-62.001 	168.395 	-0.065 	0.018 	-0.078 	
73.895 	-52.634 	29.943 	0.070 	-0.037 	-0.072 	
98.122 	71.986 	134.514 	0.070 	-0.044 	-0.114 	
-322.781 	255.610 	568.951 	-0.208 	0.106 	0.217 	
-66.336 	23.914 	-5.485 	-0.034 	-0.080 	0.014 	
303.597 	41.869 	56.218 	-0.000 	-0.025 	-0.042 	
-45.627 	-66.816 	48.871 	0.081 	0.015 	0.175 	
37.775 	-21.364 	49.080 	-0.030 	-0.066 	-0.077 	
104.133 	-23.150 	27.201 	-0.110 	0.031 	-0.055 	
45.628 	-5.715 	23.771 	-0.271 	-0.023 	0.045 	
-61.718 	-51.069 	30.929 	-0.197 	-0.046 	-0.024 	
82.627 	-31.206 	19.875 	-0.035 	0.036 	0.025 	
2937.594 	324.719 	581.610 	0.887 	0.117 	0.177 	
22.546 	-66.901 	32.480 	-0.034 	0.133 	0.114 	
-16.928 	1.282 	66.394 	0.049 	-0.123 	-0.070 	
57.443 	-40.061 	-20.806 	0.070 	0.017 	-0.040 	
18.744 	-24.092 	52.961 	0.118 	-0.055 	0.179 	
-118.830 	10.224 	88.155 	0.001 	-0.063 	-0.019 	
26.396 	48.866 	136.994 	0.074 	-0.017 	-0.034 	
68.255 	-20.231 	43.508 	0.098 	0.058 	-0.036 	
175.921 	-238.652 	492.697 	0.013 	-0.059 	0.111 	
97.128 	-51.637 	69.486 	-0.167 	-0.091 	-0.142 	
38.137 	-55.363 	139.090 	0.028 	0.064 	-0.093 	
505.643 	-572.384 	-166.823 	0.396 	-0.406 	-0.134 	
92.139 	-61.925 	63.011 	-0.070 	0.073 	-0.015 	
2.651 	-90.573 	18.605 	0.160 	0.015 	-0.026 	
7.684 	-8.355 	-14.103 	0.060 	-0.115 	0.094 	
542.500 	-218.206 	120.458 	0.064 	-0.033 	-0.001 	
2.900 	-24.588 	33.417 	0.190 	0.057 	-0.055 	
66.287 	-55.179 	37.694 	0.162 	0.076 	-0.097 	
-30.028 	0.964 	-55.718 	-0.042 	-0.038 	-0.073 	
332.627 	-86.452 	-37.094 	0.010 	0.001 	0.026 	
35.182 	-20.812 	122.104 	-0.184 	0.089 	0.038 	
174.277 	83.744 	83.518 	-0.077 	-0.023 	0.025 	
75.761 	53.864 	57.944 	-0.043 	-0.076 	-0.107 	
82.054 	-21.148 	16.739 	0.077 	0.072 	0.061 	
2.731 	-137.422 	6.376 	-0.103 	-0.086 	0.015 	
38.976 	-12.572 	51.907 	0.131 	0.141 	-0.149 	
269.124 	-0.331 	19.813 	-0.048 	-0.017 	-0.041 	
-79.448 	-87.409 	55.555 	-0.028 	-0.025 	0.075 	
-4.836 	-56.675 	110.536 	0.058 	0.006 	-0.001 	
-19.209 	-35.770 	48.034 	-0.144 	-0.154 	-0.021 	
63.644 	-36.151 	28.983 	0.037 	0.148 	0.036 	
94.527 	-44.757 	31.320 	-0.027 	-0.041 	0.121 	
33.269 	-26.689 	27.425 	0.179 	0.037 	0.034 	
5.202 	-74.743 	16.314 	-0.185 	-0.083 	-0.110 	
-5.579 	-52.443 	-4.129 	-0.182 	0.082 	-0.067 	
45.603 	-17.850 	34.574 	0.176 	0.016 	0.027 	
-60.111 	-47.119 	1.464 	0.075 	-0.015 	-0.057 	
-59.214 	-3.193 	55.688 	-0.125 	-0.111 	0.056 	
33.555 	52.498 	21.914 	-0.145 	0.080 	0.015 	
316.255 	-361.477 	-234.128 	0.043 	-0.129 	-0.089 	
121.498 	-38.040 	12.759 	0.038 	0.043 	-0.026 	
47.658 	-68.079 	16.582 	0.100 	0.130 	0.166 	
-162.307 	-116.269 	22.883 	-0.012 	-0.052 	-0.051 	
73.340 	-86.471 	69.080 	-0.231 	-0.081 	-0.070 	
100.187 	-41.499 	8.486 	-0.178 	0.183 	0.059 	
42.765 	-17.258 	57.346 	0.057 	0.052 	-0.041 	
18.020 	12.622 	-47.792 	0.119 	0.072 	0.045 	
176.024 	68.674 	87.475 	0.036 	-0.142 	-0.028 	
2365.295 	2663.009 	1028.177 	3.032 	3.585 	1.316 	
337.726 	-74.933 	-36.102 	0.192 	-0.038 	-0.039 	
67.088 	-55.491 	52.433 	0.129 	0.048 	-0.101 	
61.877 	-60.547 	68.693 	0.072 	-0.124 	-0.049 	
-22.894 	-159.975 	-6.769 	-0.012 	-0.101 	0.056 	
-56.379 	-49.259 	5.784 	-0.079 	0.011 	0.070 	
1408.331 	878.797 	316.308 	0.331 	0.215 	0.073 	
76.575 	-26.559 	19.243 	-0.196 	0.167 	0.040 	
-21.894 	-25.763 	65.623 	0.081 	0.073 	-0.039 	
217.431 	-32.249 	204.714 	0.043 	0.015 	-0.083 	
-0.632 	-1.190 	29.353 	0.037 	-0.141 	-0.095 	
17.349 	-81.509 	22.218 	-0.162 	0.079 	-0.082 	
84.570 	-24.519 	-21.902 	0.094 	-0.065 	0.096 	
-53.479 	-75.592 	110.213 	-0.105 	0.014 	-0.132 	
1487.969 	854.874 	-930.461 	0.346 	0.210 	-0.211 	
53.138 	-67.669 	26.436 	0.077 	-0.157 	-0.054 	
81.731 	-32.793 	24.703 	-0.911 	15.735 	9.161 	
60.710 	-42.153 	21.791 	-0.040 	-0.156 	0.144 	
88.872 	4.799 	79.055 	-0.129 	-0.150 	-0.032 	
37.373 	-38.784 	36.001 	-0.039 	0.021 	0.064 	
-129.409 	-162.586 	67.068 	-0.040 	-0.018 	-0.077 	
21.988 	28.682 	101.530 	0.070 	-0.091 	0.032 	
91.243 	1.641 	193.387 	-0.037 	-0.057 	0.030 	
-2422.169 	-275.788 	-95.695 	-0.715 	-0.066 	-0.025 	
51.459 	-42.603 	-35.508 	-0.204 	-0.106 	0.091 	
51.877 	-54.742 	91.039 	-0.084 	-0.017 	-0.197 	
95.372 	-43.102 	12.498 	0.021 	-0.170 	0.022 	
60.270 	-53.060 	91.512 	-0.019 	-0.016 	-0.034 	
33.344 	-74.707 	53.036 	0.122 	0.051 	0.048 	
21.145 	-2.663 	91.763 	-0.036 	0.034 	0.036 	
73.331 	-68.969 	78.954 	0.013 	-0.096 	0.006 	
148.354 	5.042 	17.757 	0.030 	0.024 	0.072 	
94.928 	-35.680 	33.324 	0.193 	0.002 	0.060 	
1400.039 	-256.052 	56.378 	0.409 	-0.081 	0.006 	
133.325 	-162.262 	-55.565 	-0.034 	0.024 	-0.017 	
28.814 	-61.379 	20.518 	-0.092 	-0.053 	-0.074 	
70.511 	-94.159 	-26.609 	-0.069 	-0.032 	-0.091 	
-59.594 	-19.511 	36.978 	-0.021 	-0.132 	0.081 	
-828.721 	-423.278 	-1834.831 	-0.190 	-0.102 	-0.422 	
3.383 	-46.323 	61.330 	0.163 	0.051 	0.171 	
218.692 	-77.572 	-63.545 	-0.039 	-0.005 	0.115 	
34.023 	-24.958 	40.458 	-0.170 	0.042 	0.095 	
17.402 	66.170 	-16.489 	-0.058 	-0.014 	0.088 	
40.038 	14.394 	16.583 	0.025 	-0.076 	0.053 	
7.247 	-7.532 	80.068 	0.099 	-0.054 	-0.090 	
84.457 	-50.770 	68.070 	-0.066 	-0.006 	0.258 	
36.556 	-69.940 	-35.515 	-0.008 	-0.032 	-0.094 	
42.804 	-2.311 	60.220 	-0.020 	-0.009 	-0.009 	
-74.189 	-71.338 	61.648 	-0.044 	0.066 	0.042 	
34.694 	-62.743 	10.186 	0.128 	-0.056 	-0.006 	
49.487 	-31.815 	45.263 	-0.067 	-0.032 	0.062 	
33.543 	-59.342 	41.761 	0.166 	0.084 	0.129 	
373.656 	-262.950 	33.391 	-0.008 	-0.067 	-0.001 	
122.361 	-29.349 	44.562 	-0.215 	-0.007 	-0.054 	
26.098 	-50.416 	37.389 	-0.071 	0.052 	0.061 	
62.020 	-10.640 	30.262 	-0.022 	-0.050 	-0.098 	
3.643 	-60.151 	43.258 	0.165 	-0.122 	-0.059 	
44.771 	-34.281 	89.138 	0.039 	-0.044 	-0.067 	
98.924 	-47.128 	56.205 	-0.003 	0.027 	-0.024 	
58.562 	-86.561 	30.266 	0.032 	0.073 	0.121 	
-35.893 	-69.592 	140.840 	-0.003 	-0.004 	0.020 	
-16.675 	-82.122 	84.592 	-0.065 	-0.056 	-0.001 	
-51.014 	-102.032 	10.796 	-0.216 	0.022 	0.003 	
30.401 	-13.780 	87.661 	0.020 	0.103 	-0.109 	
57.492 	-34.628 	58.973 	-0.115 	-0.006 	-0.030 	
40.115 	-63.053 	-18.962 	-0.042 	-0.036 	-0.153 	
61.764 	-27.635 	17.029 	-0.022 	0.089 	-0.016 	
63.527 	5.638 	28.270 	0.159 	0.055 	-0.035 	
153.756 	-50.363 	88.354 	-0.105 	0.072 	0.048 	
52.168 	-183.271 	-132.257 	-0.069 	-0.030 	0.021 	
-681.422 	-1212.731 	1170.604 	-0.183 	-0.288 	0.299 	
111.619 	-154.184 	26.849 	0.050 	-0.139 	-0.022 	
-33.574 	-89.090 	-16.090 	0.118 	-0.106 	-0.077 	
-33.458 	26.023 	225.021 	0.070 	-0.050 	-0.052 	
100.805 	-51.906 	47.205 	-0.128 	-0.001 	-0.022 	
109.681 	-58.706 	13.055 	-0.038 	0.033 	-0.036 	
43.519 	-62.020 	-56.600 	0.131 	0.039 	-0.011 	
-6.377 	-58.562 	-52.677 	0.070 	0.032 	0.113 	
-28.848 	-14.824 	-55.526 	-0.019 	-0.044 	0.015 	
56.377 	-44.603 	29.828 	0.181 	0.099 	0.061 	
-377.906 	-38.399 	-397.497 	-0.313 	0.050 	-0.440 	
-69.660 	-24.234 	21.079 	-0.018 	-0.045 	-0.027 	
-39.271 	-115.151 	63.662 	0.048 	0.003 	-0.070 	
-0.695 	-25.249 	66.121 	0.021 	-0.071 	-0.157 	
-20.099 	-56.862 	61.260 	0.045 	0.125 	0.117 	
-758.432 	2991.636 	321.271 	-0.192 	0.720 	0.084 	
51.611 	107.995 	-118.441 	-0.052 	0.065 	0.013 	
-21.456 	-42.709 	-49.005 	-0.115 	-0.021 	0.001 	
26.273 	-72.141 	42.882 	0.130 	0.034 	0.156 	
163.794 	-225.196 	-82.012 	0.046 	0.054 	0.048 	
47.434 	-53.922 	59.525 	0.019 	-0.153 	0.025 	
119.359 	31.937 	61.341 	-0.154 	-0.081 	-0.006 	
53.048 	-51.431 	48.769 	-0.146 	0.090 	0.017 	
17.609 	-49.819 	45.099 	-0.086 	0.003 	0.097 	
10.437 	-36.458 	104.295 	-0.072 	0.061 	0.063 	
-173.051 	-4.735 	66.022 	-0.146 	-0.028 	0.005 	
103.248 	-14.351 	85.505 	-0.167 	-0.116 	0.075 	
40.791 	-181.804 	61.100 	0.064 	-0.011 	0.030 	
-96.893 	-90.186 	72.295 	-0.055 	0.000 	-0.003 	
-24.316 	-67.333 	-10.620 	0.089 	0.057 	-0.050 	
-74.570 	-38.000 	41.195 	-0.045 	0.016 	-0.001 	
-128.355 	-52.704 	48.887 	-0.039 	0.002 	0.076 	
-19.263 	6.863 	94.130 	-0.118 	0.031 	0.082 	
-21.025 	-42.669 	56.380 	0.160 	0.041 	0.044 	
10.566 	-65.025 	29.005 	0.246 	0.053 	0.020 	
169.662 	63.877 	-91.438 	-0.042 	-0.062 	0.005 	
53.464 	-33.304 	49.164 	-0.105 	0.092 	-0.020 	
9.513 	-61.265 	21.525 	-0.224 	-0.017 	0.043 	
9.378 	-39.920 	33.494 	0.045 	-0.026 	0.061 	
123.086 	-61.034 	-22.480 	-0.140 	0.103 	0.087 	
174.328 	53.220 	-92.586 	0.064 	0.025 	-0.071 	
9.162 	-36.788 	9.744 	0.200 	-0.117 	0.029 	
129.458 	-10.761 	19.324 	0.115 	0.038 	0.009 	
130.794 	-115.493 	-66.004 	-0.114 	-0.014 	0.032 	
-20.798 	-55.933 	59.256 	0.007 	0.195 	-0.088 	
-524.165 	-301.674 	469.467 	-0.282 	-0.127 	0.153 	
34.705 	-52.211 	79.275 	0.131 	0.033 	0.053 	
11.533 	19.980 	41.165 	-0.050 	0.014 	0.009 	
86.075 	-14.234 	54.345 	-0.046 	-0.028 	0.011 	
-12.267 	-67.016 	12.733 	0.066 	-0.122 	0.109 	
150.383 	5.590 	3.072 	-0.118 	-0.141 	0.013 	
-156.173 	-91.405 	-37.945 	0.012 	-0.005 	-0.038 	
311.767 	-223.619 	-407.607 	0.053 	-0.040 	-0.032 	
-65.489 	-20.927 	48.309 	-0.041 	0.041 	-0.054 	
10.267 	-21.893 	130.231 	0.035 	-0.069 	0.081 	
12.092 	1.087 	96.597 	-0.024 	0.007 	-0.103 	
-31.256 	-51.653 	112.175 	-0.032 	0.034 	-0.073 	
249.345 	-44.548 	41.322 	-0.056 	0.091 	-0.045 	
-372.692 	-114.871 	183.723 	-0.154 	-0.048 	0.013 	
457.375 	-557.910 	-71.899 	0.083 	-0.101 	-0.005 	
65.864 	-55.896 	49.601 	0.305 	0.070 	0.073 	
36.784 	-47.791 	27.935 	0.158 	-0.161 	-0.004 	
78.414 	9.226 	67.570 	0.022 	0.052 	0.033 	
98.729 	-53.871 	4.939 	-0.111 	0.046 	0.025 	
31.141 	-66.135 	33.999 	-0.174 	0.070 	0.110 	
2.979 	-22.850 	67.723 	0.037 	0.055 	0.138 	
57.790 	-22.375 	47.332 	0.125 	-0.048 	0.095 	
37.002 	-39.631 	59.371 	-0.041 	-0.284 	-0.031 	
-131.576 	-76.597 	-30.193 	0.027 	-0.054 	0.042 	
-27.332 	-168.848 	5.361 	-0.003 	-0.126 	0.008 	
47.228 	-59.070 	7.200 	0.015 	-0.015 	0.020 	
211.682 	-239.642 	76.263 	0.044 	0.068 	0.000 	
-57.194 	-25.048 	79.956 	-0.037 	0.012 	0.034 	
57.351 	-29.728 	79.706 	0.139 	-0.024 	0.098 	
67.750 	-21.965 	-88.667 	-0.146 	-0.063 	-0.048 	
18.333 	-75.464 	55.665 	0.181 	0.050 	0.035 	
18.657 	-65.173 	13.509 	-0.231 	-0.026 	0.107 	
18.450 	-85.755 	72.459 	-0.055 	0.058 	-0.098 	
-21.663 	-96.725 	113.575 	0.080 	-0.023 	0.148 	
70.195 	-46.439 	31.229 	-0.018 	0.018 	0.073 	
-116.977 	-100.391 	-31.221 	0.066 	-0.069 	-0.037 	
-45.185 	-91.783 	103.820 	0.026 	-0.019 	-0.078 	
365.494 	313.094 	-12.579 	0.026 	0.110 	-0.010 	
-534.519 	555.328 	254.130 	-0.407 	0.457 	0.187 	
108.075 	-95.914 	205.848 	-0.104 	-0.003 	-0.034 	
61.354 	-35.646 	22.220 	0.153 	0.008 	0.107 	
153.336 	-75.260 	37.417 	0.075 	-0.042 	0.057 	
111.648 	-77.283 	29.337 	-0.049 	-0.030 	-0.007 	
241.413 	327.581 	528.424 	0.046 	0.049 	0.073 	
100.620 	-7.016 	-5.217 	-0.167 	0.010 	0.027 	
-15.764 	-146.429 	84.168 	-0.025 	0.041 	0.042 	
8.444 	-8.754 	29.510 	0.176 	-0.042 	0.132 	
1182.757 	-1348.718 	-5.045 	0.261 	-0.305 	0.004 	
38.996 	-99.399 	4.138 	0.046 	0.028 	-0.049 	
2.663 	-11.007 	-21.066 	0.123 	0.094 	-0.123 	
23.412 	-62.802 	31.242 	0.038 	-0.186 	-0.154 	
104.971 	-34.687 	24.956 	0.011 	-0.037 	-0.092 	
-23.740 	-113.253 	51.897 	0.087 	-0.122 	0.068 	
-4.416 	-2.889 	-51.924 	0.020 	-0.099 	-0.023 	
119.674 	-47.521 	44.177 	0.019 	0.074 	0.027 	
103.640 	-53.399 	44.640 	0.019 	-0.136 	-0.013 	
-13.028 	-58.829 	-47.105 	-0.019 	0.018 	0.084 	
34.462 	-21.734 	51.490 	-0.106 	-0.045 	0.029 	
480.762 	-1275.370 	-8.028 	0.119 	-0.289 	-0.015 	
205.213 	-15.096 	206.474 	0.052 	0.040 	0.070 	
-75.480 	-75.429 	-7.545 	0.066 	-0.073 	0.075 	
144.800 	-151.431 	134.643 	-0.042 	0.029 	-0.029 	
70.939 	45.665 	-16.281 	-0.201 	-0.035 	0.024 	
38.630 	8.757 	45.064 	-0.205 	-0.000 	-0.081 	
68.281 	-70.581 	40.748 	-0.080 	0.030 	0.039 	
4.492 	-113.271 	97.029 	-0.001 	-0.082 	-0.037 	
29.075 	98.086 	23.410 	-0.147 	-0.011 	0.045 	
40.311 	-39.167 	61.921 	-0.117 	0.015 	0.093 	
-162.384 	-69.727 	18.742 	-0.092 	0.051 	-0.024 	
185.319 	-19.489 	-39.435 	0.068 	-0.046 	-0.066 	
159.882 	9.083 	-79.335 	0.062 	0.054 	-0.012 	
40.239 	-17.394 	26.587 	-0.127 	-0.059 	-0.010 	
12.092 	-72.847 	25.162 	0.069 	0.023 	-0.010 	
442.600 	-106.817 	250.739 	0.083 	-0.044 	0.050 	
38.776 	-35.380 	26.843 	0.058 	0.087 	-0.114 	
98.898 	-71.654 	19.947 	-0.023 	0.009 	0.068 	
7.254 	-116.088 	24.384 	0.010 	0.079 	-0.006 	
66.660 	-72.914 	33.587 	0.215 	-0.004 	0.149 	
84.506 	-33.366 	42.086 	0.091 	-0.099 	-0.026 	
31.473 	-61.861 	45.692 	-0.132 	0.014 	0.048 	
86.803 	-44.886 	-16.112 	-0.037 	0.024 	-0.039 	
49.668 	-33.208 	55.930 	-0.115 	0.058 	-0.241 	
13.771 	-90.071 	21.350 	0.130 	-0.009 	0.081 	
1070.750 	2442.414 	-9020.690 	0.265 	0.621 	-2.368 	
-59.514 	-6.905 	66.169 	-0.081 	0.117 	-0.044 	
44.052 	-8.818 	31.521 	0.117 	0.027 	0.046 	
57.633 	-23.763 	57.411 	0.196 	0.198 	-0.008 	
77.177 	-81.854 	45.779 	0.043 	0.071 	0.104 	
105.368 	-47.682 	42.647 	-0.209 	-0.009 	-0.056 	
151.911 	-105.518 	45.056 	0.079 	0.040 	0.001 	
256.293 	33.051 	21.669 	-0.048 	-0.025 	-0.046 	
79.981 	-43.799 	-6.029 	0.065 	0.029 	-0.013 	
55.884 	28.125 	22.642 	0.057 	-0.145 	0.069 	
47.289 	-29.205 	18.791 	0.149 	0.062 	0.142 	
107.879 	29.956 	66.841 	0.163 	0.083 	0.046 	
31.923 	-68.196 	12.774 	0.093 	0.043 	0.035 	
103.952 	-23.512 	35.500 	0.126 	-0.060 	0.027 	
-35.667 	39.926 	48.262 	0.058 	-0.095 	0.062 	
52.550 	-12.889 	70.719 	0.016 	0.057 	0.039 	
62.142 	-4.506 	36.527 	-0.123 	-0.025 	-0.004 	
-19.205 	-1.887 	0.125 	-0.160 	0.023 	0.068 	
-75.628 	-45.454 	-42.439 	-0.081 	-0.066 	0.113 	
114.818 	20.621 	118.374 	-0.020 	0.094 	0.140 	
108.968 	-43.479 	11.109 	0.084 	0.060 	0.052 	
39.112 	-49.100 	44.797 	0.089 	0.101 	0.074 	
150.842 	100.225 	201.376 	0.019 	0.080 	0.059 	
26.946 	66.469 	-20.075 	0.047 	-0.008 	-0.044 	
158.625 	-30.888 	46.468 	-0.117 	0.041 	-0.105 	
579.821 	-240.816 	-273.742 	0.088 	-0.066 	-0.054 	
-1.655 	-55.395 	22.695 	-0.005 	-0.002 	0.089 	
24.080 	65.484 	-19.187 	0.123 	-0.003 	-0.017 	
-28.116 	2.330 	1.006 	0.026 	-0.101 	-0.034 	
116.564 	-21.319 	1.556 	0.021 	0.033 	0.009 	
-3.921 	-158.160 	6.150 	-0.002 	-0.038 	0.079 	
42.021 	-99.493 	21.048 	-0.117 	-0.037 	0.184 	
-57.313 	-60.344 	2.116 	0.104 	0.025 	0.074 	
-172.867 	-70.728 	106.759 	0.083 	-0.053 	-0.002 	
-29.491 	-119.468 	57.338 	0.004 	-0.000 	-0.055 	
48.372 	124.869 	9.333 	-0.060 	0.344 	-0.047 	
-134.673 	-40.027 	85.392 	-0.073 	-0.040 	-0.006 	
60.490 	-48.176 	99.181 	0.070 	0.004 	0.021 	
24.775 	-26.447 	22.098 	0.119 	0.030 	-0.123 	
26.010 	-57.614 	56.017 	0.065 	-0.123 	0.010 	
-9.355 	38.425 	-37.502 	-0.037 	0.083 	-0.084 	
1.975 	-55.486 	-25.067 	-0.006 	0.056 	0.059 	
83.407 	37.098 	20.421 	-0.198 	0.077 	0.054 	
52.965 	-2.341 	19.053 	-0.088 	-0.014 	0.069 	
18.859 	2.793 	140.800 	0.078 	0.011 	0.089 	
2339.527 	885.630 	1000.535 	0.570 	0.233 	0.255 	
64.174 	-68.533 	35.181 	0.033 	0.134 	-0.136 	
39.274 	-32.033 	50.629 	0.083 	-0.155 	-0.013 	
96.046 	-37.923 	-7.715 	-0.120 	-0.066 	-0.001 	
125.866 	3.922 	58.186 	-0.017 	-0.009 	0.069 	
54.211 	66.220 	116.619 	-0.147 	-0.061 	-0.044 	
59.170 	-33.836 	6.207 	-0.114 	0.112 	-0.035 	
-12.217 	-40.441 	-2.195 	0.005 	-0.019 	-0.042 	
1.632 	-36.963 	41.990 	0.137 	-0.213 	-0.064 	
39.366 	-32.490 	33.386 	0.116 	-0.140 	-0.086 	
24.627 	-30.782 	28.553 	-0.009 	-0.198 	0.207 	
-54.391 	-56.885 	33.328 	-0.054 	-0.039 	0.041 	
17.303 	-79.956 	1.163 	0.150 	-0.055 	0.052 	
68.134 	-46.991 	78.922 	-0.161 	-0.053 	-0.097 	
19.071 	-447.170 	791.976 	-0.040 	-0.082 	0.171 	
64.180 	-36.477 	-23.957 	-0.120 	-0.032 	0.095 	
54.866 	36.991 	66.372 	-0.116 	-0.032 	-0.074 	
193.071 	-54.820 	75.882 	-0.013 	0.058 	0.070 	
40.801 	-64.668 	44.283 	0.156 	-0.033 	0.112 	
132.378 	11.044 	49.970 	-0.009 	0.116 	0.084 	
-2.321 	-111.518 	-190.786 	0.031 	-0.019 	0.012 	
431.307 	-53.165 	196.423 	0.091 	-0.023 	0.063 	
-46.050 	7.900 	144.028 	0.059 	-0.031 	-0.072 	
-221.583 	40.054 	-94.226 	-0.166 	0.136 	-0.130 	
105.063 	-62.715 	-38.493 	-0.031 	0.034 	0.032 	
-17.110 	-58.716 	9.839 	-0.051 	-0.068 	-0.101 	
256.733 	-161.285 	50.105 	0.070 	-0.032 	0.003 	
172.337 	-110.230 	37.437 	0.044 	-0.014 	0.056 	
-0.033 	-50.695 	21.315 	0.066 	-0.047 	-0.119 	
174.638 	-117.117 	53.087 	-0.039 	0.034 	0.044 	
20.937 	-28.165 	49.170 	0.095 	-0.090 	0.029 	
96.376 	-123.541 	83.540 	0.045 	-0.024 	-0.048 	
106.247 	-4.313 	58.715 	0.049 	0.112 	0.107 	
-15.410 	-38.159 	44.248 	0.118 	0.004 	-0.028 	
69.112 	-49.497 	-4.823 	-0.064 	-0.111 	-0.038 	
-678.525 	240.843 	-981.873 	-0.248 	0.093 	-0.308 	
113.061 	-148.721 	209.548 	0.057 	0.018 	-0.008 	
-35.746 	-81.068 	48.389 	0.116 	-0.061 	-0.018 	
39.315 	-31.993 	86.668 	0.075 	0.015 	0.218 	
79.587 	-44.922 	16.934 	-0.181 	-0.105 	0.136 	
69.182 	-18.546 	100.162 	-0.054 	0.012 	-0.120 	
-0.755 	-33.482 	59.833 	0.114 	-0.071 	0.036 	
38.685 	-59.777 	44.462 	-0.207 	-0.115 	0.021 	
101.646 	11.125 	12.433 	0.099 	0.189 	-0.096 	
222.357 	-60.653 	42.896 	-0.022 	0.099 	0.023 	
-474.627 	-153.439 	-16.135 	-0.084 	-0.045 	0.044 	
141.872 	-83.363 	30.665 	0.067 	-0.009 	0.069 	
127.572 	-9.312 	-47.664 	0.023 	-0.043 	-0.036 	
124.224 	-36.247 	9.240 	0.040 	-0.061 	0.094 	
-4.712 	49.447 	4.578 	-0.022 	-0.067 	0.060 	
-4.895 	-84.032 	29.712 	-0.013 	-0.058 	-0.067 	
44.987 	-22.910 	65.747 	-0.201 	0.035 	-0.143 	
-113.500 	-47.184 	-149.864 	-0.038 	0.011 	-0.050 	
77.439 	-77.948 	78.567 	-0.095 	-0.099 	-0.070 	
30.623 	-16.586 	20.468 	-0.114 	0.065 	0.147 	
137.150 	-128.194 	118.541 	0.149 	-0.255 	0.206 	
19.829 	-59.203 	100.585 	-0.061 	-0.086 	-0.106 	
18.707 	-25.790 	30.381 	-0.126 	0.005 	0.148 	
-5.902 	-120.000 	-107.989 	0.023 	0.021 	-0.015 	
50.190 	-58.205 	25.492 	0.047 	0.264 	-0.076 	
141.857 	-47.790 	-23.753 	0.044 	-0.141 	0.098 	
76.670 	-16.331 	54.896 	-0.128 	-0.079 	-0.030 	
-13.413 	-44.066 	39.551 	-0.014 	0.094 	-0.048 	
-7.474 	-56.798 	49.348 	-0.074 	-0.021 	0.052 	
140.988 	-64.389 	10.607 	-0.083 	0.031 	0.038 	
291.785 	-526.576 	301.944 	0.001 	-0.088 	0.057 	
3.904 	-62.179 	48.068 	-0.114 	-0.082 	-0.002 	
14.515 	-58.966 	49.907 	0.065 	0.006 	0.004 	
66.590 	-77.617 	-46.583 	0.121 	0.015 	-0.068 	
-15.824 	-85.142 	43.046 	0.061 	-0.135 	-0.051 	
142.921 	-117.997 	-102.665 	-0.037 	-0.020 	0.000 	
48.599 	-42.317 	47.731 	-0.215 	-0.052 	0.087 	
17.326 	-48.463 	41.285 	0.024 	-0.251 	0.098 	
128.297 	-82.649 	28.345 	0.008 	0.007 	0.032 	
178.238 	-56.767 	88.508 	-0.036 	-0.064 	-0.032 	
-36.926 	-21.240 	77.306 	0.081 	-0.047 	-0.128 	
80.499 	-127.878 	107.084 	0.036 	0.044 	-0.109 	
130.687 	-11.354 	60.183 	-0.035 	-0.107 	-0.081 	
40.081 	-62.832 	27.964 	-0.108 	-0.134 	-0.171 	
22.441 	-59.804 	56.712 	-0.218 	-0.036 	0.146 	
72.771 	-19.714 	12.380 	0.209 	-0.001 	-0.100 	
17650.837 	4917.019 	10895.940 	5.490 	1.541 	3.410 	
135.997 	-0.104 	49.131 	-0.094 	0.069 	0.039 	
111.376 	-24.522 	105.024 	-0.153 	-0.003 	0.034 	
34.616 	-52.554 	37.268 	0.121 	-0.049 	0.100 	
31.390 	-41.925 	25.533 	0.097 	0.078 	0.103 	
-5.067 	-62.324 	24.097 	0.211 	-0.066 	-0.135 	
40.827 	-52.579 	28.759 	-0.215 	-0.116 	-0.063 	
-20.685 	-50.518 	25.055 	0.145 	0.041 	0.035 	
96.658 	-27.325 	45.146 	0.080 	-0.101 	0.040 	
45.509 	-77.177 	61.180 	-0.188 	0.067 	0.090 	
71.194 	-37.632 	59.952 	-0.120 	-0.141 	-0.156 	
3.317 	-18.552 	-17.630 	-0.166 	0.020 	0.159 	
-18.984 	-97.857 	24.843 	0.100 	0.072 	0.152 	
69.851 	72.478 	35.387 	-0.084 	0.067 	0.019 	
-292.978 	735.917 	-227.715 	-0.101 	0.223 	-0.080 	
329.408 	76.800 	-50.328 	-0.001 	0.003 	-0.006 	
89.989 	-23.873 	-62.241 	0.038 	-0.057 	-0.021 	
79.128 	40.795 	23.333 	-0.024 	-0.054 	-0.083 	
13.597 	-58.699 	-4.428 	0.076 	-0.043 	-0.040 	
-69.034 	-71.194 	49.113 	0.153 	-0.007 	0.099 	
112.702 	-12.046 	-1.087 	0.105 	-0.020 	0.068 	
42.168 	-37.477 	12.273 	-0.169 	-0.090 	-0.003 	
69.943 	-17.862 	-5.271 	-0.026 	0.014 	0.095 	
184.975 	47.029 	64.022 	-0.040 	0.129 	-0.004 	
111.942 	-25.136 	-31.980 	-0.102 	-0.056 	0.072 	
147.993 	-2.645 	-16.917 	-0.071 	-0.083 	-0.038 	
647.724 	52.761 	-81.323 	0.078 	0.002 	-0.010 	
6.038 	-10.692 	-5.176 	-0.001 	0.022 	0.104 	
68.660 	-41.916 	-19.729 	-0.102 	-0.130 	-0.030 	
113.029 	-29.453 	12.945 	-0.034 	-0.076 	0.141 	
-36.731 	-40.623 	56.525 	-0.090 	-0.010 	-0.061 	
312.548 	-13.134 	491.347 	0.394 	0.078 	0.456 	
-72.890 	-40.407 	-10.438 	-0.205 	0.007 	0.008 	
148.995 	-35.371 	48.196 	-0.051 	0.168 	-0.018 	
138.358 	-40.414 	39.928 	-0.015 	-0.120 	-0.012 	
77.763 	82.145 	-81.128 	-0.093 	0.019 	-0.028 	
17.119 	-53.586 	51.806 	0.027 	0.019 	0.059 	
-22.740 	36.746 	-135.982 	0.003 	-0.014 	-0.021 	
-57.215 	-115.554 	2.271 	0.097 	-0.053 	0.040 	
2.289 	-47.243 	9.546 	0.249 	-0.025 	0.089 	
94.697 	-47.543 	70.586 	0.079 	0.056 	-0.031 	
-121.218 	-165.970 	499.228 	-0.059 	-0.013 	0.115 	
73.483 	-95.817 	-41.852 	-0.050 	-0.069 	-0.027 	
9.285 	-34.397 	24.600 	0.046 	0.096 	0.093 	
-57.720 	-5.575 	-117.286 	-0.193 	0.000 	-0.080 	
8.517 	-53.720 	39.556 	-0.097 	-0.128 	-0.191 	
-7.949 	-84.922 	74.059 	-0.068 	-0.142 	0.111 	
58.213 	-43.639 	25.451 	-0.173 	0.017 	-0.177 	
157.171 	-42.123 	121.677 	0.087 	0.020 	-0.098 	
12.881 	-38.933 	-2.224 	-0.111 	0.035 	0.079 	
80.440 	-90.322 	55.293 	-0.094 	0.110 	-0.050 	
-3.089 	-58.911 	35.438 	0.030 	-0.133 	-0.028 	
1186.236 	751.311 	-426.456 	0.441 	0.275 	-0.164 	
-9.008 	-59.133 	78.928 	-0.001 	-0.049 	0.056 	
72.914 	-51.611 	31.403 	0.209 	0.053 	0.127 	
229.925 	18.532 	19.676 	0.261 	0.150 	-0.000 	
155.486 	-110.506 	1.227 	0.031 	0.020 	0.014 	
-18.536 	57.274 	-91.812 	0.048 	-0.071 	0.043 	
114.574 	-76.175 	39.668 	0.122 	-0.130 	0.003 	
151.530 	-78.779 	46.048 	-0.122 	0.029 	-0.006 	
39.966 	9.084 	80.337 	-0.133 	-0.027 	-0.089 	
-33.362 	-84.358 	-14.754 	-0.181 	-0.000 	0.007 	
96.535 	-23.953 	42.861 	0.214 	-0.081 	0.112 	
2.469 	2.262 	23.787 	0.218 	-0.079 	0.031 	
60.901 	-33.877 	18.453 	-0.190 	0.002 	0.186 	
38.564 	-70.262 	59.269 	-0.032 	-0.110 	0.181 	
-99.211 	-211.935 	165.219 	-0.043 	-0.050 	0.011 	
36.894 	-21.559 	33.877 	-0.258 	0.014 	0.033 	
-154.645 	-149.748 	90.993 	-0.062 	0.000 	0.027 	
30.563 	-121.039 	-32.911 	-0.141 	-0.020 	0.053 	
103.414 	-24.798 	63.542 	-0.112 	-0.053 	0.087 	
-4.723 	142.285 	19.279 	0.035 	-0.038 	-0.009 	
184.177 	-40.131 	-39.006 	-0.108 	-0.013 	-0.011 	
-35.702 	-59.275 	13.872 	-0.081 	-0.050 	-0.051 	
127.120 	-16.285 	98.198 	0.011 	-0.016 	0.089 	
111.205 	-43.410 	-19.388 	-0.086 	0.051 	0.119 	
87.237 	-13.080 	-39.956 	0.024 	-0.003 	-0.083 	
117.717 	-10.046 	3.827 	0.078 	-0.020 	0.012 	
18.184 	-33.045 	32.586 	0.157 	0.077 	-0.098 	
21.695 	-47.175 	59.479 	-0.088 	0.022 	0.156 	
101.577 	-38.421 	9.645 	-0.126 	-0.040 	-0.053 	
101.140 	-22.668 	38.913 	0.175 	-0.020 	-0.129 	
-39.224 	-41.103 	116.025 	0.048 	0.065 	-0.085 	
9.802 	-63.727 	-2.645 	-0.149 	0.043 	0.066 	
103.546 	-4.281 	-47.036 	-0.121 	-0.008 	0.019 	
181.112 	-35.088 	127.544 	-0.030 	0.014 	0.023 	
220.667 	644.045 	1108.549 	0.067 	0.437 	0.725 	
-91.791 	-13.547 	63.501 	0.126 	-0.003 	0.019 	
47.812 	-47.203 	19.513 	0.110 	-0.061 	0.036 	
77.816 	-83.428 	-31.861 	0.171 	-0.009 	-0.049 	
19.527 	-61.861 	55.583 	0.047 	0.237 	0.083 	
41.942 	-32.850 	29.401 	0.030 	0.107 	0.005 	
-6.656 	-39.864 	66.146 	-0.137 	-0.037 	0.130 	
1300.936 	234.283 	-2710.432 	0.276 	0.060 	-0.628 	
-4874.862 	-22573.788 	-35536.345 	-1.525 	-7.107 	-11.197 	
-112.603 	-69.421 	265.320 	-0.025 	-0.002 	0.013 	
-0.094 	-20.256 	-15.629 	0.067 	-0.005 	-0.071 	
29.131 	-91.855 	27.875 	-0.118 	-0.015 	0.063 	
-14.320 	-66.307 	13.120 	-0.099 	-0.085 	-0.121 	
125.374 	-25.131 	31.545 	-0.111 	-0.010 	-0.041 	
103.976 	44.132 	57.969 	0.018 	0.013 	0.081 	
0.556 	-30.871 	33.930 	0.104 	0.069 	0.081 	
0.216 	-17.434 	17.460 	-0.048 	0.105 	0.157 	
73.371 	64.287 	28.213 	-0.071 	0.020 	-0.014 	
-61.273 	-263.139 	-97.413 	-0.079 	0.028 	0.052 	
716.577 	-390.971 	-149.263 	0.300 	-0.133 	-0.059 	
151.188 	19.434 	75.400 	0.042 	-0.051 	0.060 	
-210.135 	-17.819 	-126.408 	-0.280 	-0.053 	-0.143 	
137.184 	-21.339 	2.837 	0.113 	0.086 	-0.053 	
24.617 	2.959 	18.272 	0.062 	0.175 	0.065 	
1428.081 	519.473 	-231.227 	0.559 	0.206 	-0.095 	
-16.631 	-41.999 	11.251 	-0.107 	0.039 	-0.070 	
314.170 	-295.305 	-132.402 	0.087 	-0.107 	-0.047 	
157.146 	-95.812 	472.967 	0.218 	-0.073 	0.656 	
30.899 	-42.672 	13.604 	-0.207 	-0.058 	-0.086 	
73.395 	-27.266 	62.433 	0.131 	0.088 	0.029 	
68.360 	-66.981 	32.456 	-0.196 	0.046 	-0.021 	
152.189 	-59.063 	2.718 	-0.023 	-0.056 	0.175 	
-113.314 	-88.358 	-36.951 	0.042 	-0.055 	-0.057 	
139.085 	-10.920 	-14.086 	0.041 	-0.028 	-0.077 	
108.445 	85.947 	-18.669 	-0.026 	-0.003 	-0.036 	
-16.336 	-266.657 	59.484 	0.029 	0.000 	0.007 	
77.603 	-42.031 	12.067 	-0.204 	0.000 	-0.064 	
23.050 	-52.950 	46.700 	0.050 	-0.111 	-0.080 	
86.648 	15.758 	159.922 	-0.064 	-0.021 	0.110 	
172.863 	-5.591 	-17.019 	0.019 	0.058 	-0.017 	
109.400 	-62.646 	118.011 	0.043 	0.004 	0.082 	
-48.639 	-29.574 	70.896 	0.007 	-0.013 	0.012 	
111.878 	28.242 	12.107 	-0.044 	-0.029 	0.113 	
227.496 	-49.394 	104.536 	-0.014 	0.005 	-0.026 	
11.294 	-27.934 	32.914 	-0.041 	-0.111 	0.115 	
45.555 	0.755 	51.758 	-0.022 	0.062 	-0.007 	
-13.718 	-26.760 	58.513 	0.060 	-0.124 	-0.051 	
309.833 	-58.070 	262.487 	0.279 	-0.092 	0.256 	
35.489 	-21.761 	-8.717 	-0.145 	-0.008 	0.101 	
70.085 	-33.504 	64.507 	0.143 	0.007 	0.098 	
-331.739 	88.128 	133.994 	-0.085 	0.039 	0.047 	
36.535 	-75.283 	57.375 	-0.121 	0.199 	-0.012 	
108.629 	-123.858 	-15.265 	-0.047 	-0.111 	-0.083 	
14.024 	-60.565 	14.730 	-0.192 	-0.095 	0.129 	
-3196.796 	1897.061 	1140.606 	-1.005 	0.616 	0.365 	
5.078 	-33.544 	33.925 	0.065 	0.134 	-0.101 	
-16.448 	-25.022 	6.125 	0.194 	-0.122 	0.041 	
-4.503 	-71.679 	20.958 	0.212 	0.111 	-0.045 	
131.482 	-43.305 	36.667 	0.196 	0.018 	-0.055 	
139.516 	78.944 	20.207 	0.045 	0.015 	-0.016 	
-37.182 	-70.887 	24.235 	-0.022 	0.042 	0.020 	
12.266 	-76.138 	40.452 	0.065 	0.011 	0.061 	
19.328 	-65.319 	17.839 	0.048 	-0.072 	0.021 	
38.674 	-98.594 	87.479 	0.100 	0.150 	-0.004 	
68.926 	-59.752 	62.534 	-0.133 	0.111 	-0.034 	
53.093 	-94.885 	-9.675 	-0.150 	-0.073 	-0.054 	
-682.844 	276.475 	-182.325 	-0.179 	0.043 	-0.033 	
137.556 	6.342 	11.673 	-0.089 	-0.102 	-0.028 	
54.600 	-42.034 	57.182 	0.166 	-0.069 	-0.016 	
30.130 	-42.742 	54.418 	-0.164 	0.071 	0.046 	
634.168 	92.514 	-25.239 	0.914 	0.298 	-0.150 	
-10.612 	-63.620 	52.920 	-0.109 	-0.103 	0.058 	
-5.057 	-40.323 	34.803 	-0.012 	0.169 	-0.043 	
19.475 	-85.144 	23.650 	-0.178 	-0.053 	-0.015 	
105.866 	-80.058 	80.387 	0.130 	0.031 	-0.003 	
-18.904 	-51.980 	2.857 	0.051 	0.103 	0.039 	
44.498 	-102.790 	46.073 	-0.107 	0.078 	0.065 	
139.087 	-85.724 	12.456 	-0.041 	0.011 	0.102 	
-3.837 	-68.122 	41.591 	-0.146 	0.074 	0.037 	
-8.265 	-51.661 	20.299 	-0.019 	0.010 	-0.129 	
7.289 	-77.307 	70.027 	-0.047 	0.073 	0.109 	
119.937 	-40.920 	48.882 	-0.129 	0.049 	-0.093 	
-37.142 	-41.659 	24.694 	0.040 	0.110 	0.044 	
194.215 	-53.253 	-146.888 	0.127 	-0.025 	-0.173 	
-21.914 	-223.094 	158.275 	-0.009 	0.000 	0.028 	
-17.082 	-32.942 	25.182 	-0.049 	-0.132 	0.120 	
53.790 	-13.384 	73.016 	-0.134 	0.011 	-0.067 	
-178.491 	162.745 	-584.605 	-0.048 	0.065 	-0.204 	
-13.398 	-8.526 	56.796 	0.000 	0.089 	0.045 	
-198.426 	76.055 	-294.847 	-0.320 	0.185 	-0.502 	
130.790 	-50.357 	11.834 	0.017 	0.075 	-0.065 	
110.308 	-88.167 	57.857 	-0.005 	0.000 	-0.013 	
41.196 	-54.808 	-16.868 	-0.099 	0.063 	0.039 	
71.998 	18.266 	-48.891 	-0.124 	0.011 	-0.109 	
583.087 	-3670.711 	2586.521 	0.104 	-1.019 	0.717 	
-11.047 	-124.256 	61.805 	0.041 	-0.161 	0.040 	
139.429 	10.765 	80.946 	0.074 	-0.164 	0.066 	
-286.072 	-116.683 	257.723 	-0.348 	-0.092 	0.191 	
6.674 	0.964 	42.456 	-0.060 	0.166 	-0.064 	
-157.468 	-62.201 	74.723 	0.035 	0.037 	-0.008 	
44.427 	-187.864 	-53.736 	0.045 	-0.069 	-0.021 	
79.464 	-183.438 	48.191 	0.046 	0.049 	-0.050 	
-365.169 	-363.392 	-43.886 	-0.113 	-0.113 	-0.015 	
78.691 	-65.668 	26.590 	-0.039 	0.027 	-0.095 	
-22.210 	-25.585 	25.753 	-0.029 	-0.027 	0.004 	
22.711 	-38.022 	36.864 	0.254 	-0.061 	0.130 	
9.805 	-34.978 	83.267 	-0.173 	-0.061 	-0.043 	
1132.190 	-1763.134 	-1523.464 	0.262 	-0.439 	-0.391 	
251.224 	-141.364 	23.268 	0.056 	-0.028 	0.009 	
186.500 	8.115 	69.110 	0.033 	-0.140 	-0.043 	
88.283 	29.908 	50.095 	-0.141 	-0.038 	0.035 	
64.661 	-34.495 	22.535 	-0.165 	-0.038 	-0.098 	
153.560 	-48.730 	45.582 	-0.059 	-0.009 	-0.028 	
34.735 	-194.998 	-65.517 	0.026 	-0.000 	0.061 	
107.801 	-46.882 	24.623 	0.181 	-0.086 	-0.060 	
-109.722 	-76.674 	-39.659 	0.071 	-0.009 	0.017 	
72.966 	-27.253 	61.437 	0.074 	0.048 	0.051 	
27.793 	-206.405 	148.574 	0.012 	-0.053 	0.025 	
50.332 	-9.537 	15.841 	0.147 	0.145 	-0.122 	
46.447 	-45.758 	41.852 	0.257 	0.024 	-0.027 	
32.285 	-43.940 	36.250 	-0.156 	-0.129 	0.197 	
74.453 	-47.030 	5.657 	-0.061 	-0.031 	-0.129 	
107.512 	-109.411 	-67.505 	-0.078 	-0.097 	-0.003 	
8.939 	-179.258 	-99.954 	0.108 	-0.034 	0.014 	
129.185 	-21.126 	-144.090 	0.026 	-0.046 	-0.079 	
176.055 	-56.758 	163.578 	-0.052 	-0.280 	0.236 	
-39.478 	-1.976 	63.995 	-0.072 	0.020 	0.062 	
-1044.635 	-2155.109 	9422.772 	-0.288 	-0.579 	2.449 	
332.973 	119.708 	-66.687 	0.083 	0.014 	-0.035 	
89.268 	52.011 	-63.689 	-0.065 	0.079 	-0.027 	
37.414 	92.852 	-47.919 	0.105 	0.052 	-0.005 	
58.434 	-76.569 	108.631 	-0.064 	0.025 	0.045 	
42.060 	-32.042 	62.784 	0.007 	-0.205 	-0.049 	
12.092 	-46.382 	-50.836 	-0.109 	0.021 	0.063 	
144.693 	-98.854 	-47.333 	0.093 	0.090 	0.056 	
101.162 	-47.149 	40.559 	-0.114 	-0.024 	0.069 	
54.337 	-28.260 	36.443 	-0.137 	-0.065 	0.143 	
80.744 	-60.742 	71.650 	-0.129 	-0.103 	-0.048 	
91.187 	-19.941 	29.678 	0.084 	-0.108 	0.083 	
62.101 	-73.758 	-23.939 	0.163 	-0.072 	-0.042 	
-56.993 	-61.140 	61.109 	-0.077 	-0.042 	0.095 	
-378.130 	-1269.836 	15.746 	-0.134 	-0.399 	-0.007 	
17.495 	-46.175 	77.229 	-0.165 	0.018 	0.128 	
43.597 	-55.510 	58.811 	-0.210 	-0.115 	-0.009 	
-52.229 	-77.493 	42.063 	-0.059 	0.068 	-0.001 	
71.517 	-30.058 	31.987 	-0.118 	-0.051 	0.023 	
136.001 	-55.592 	-118.668 	-0.046 	0.002 	-0.098 	
-62.644 	-58.313 	56.645 	0.071 	0.075 	-0.044 	
-26.579 	-45.583 	59.118 	-0.112 	0.042 	0.028 	
19.311 	-126.005 	88.336 	0.026 	0.123 	-0.050 	
142.517 	-53.016 	-30.487 	0.017 	-0.016 	-0.057 	
155.267 	-84.974 	58.168 	-0.069 	0.025 	-0.007 	
-19.937 	-62.808 	9.011 	0.098 	-0.154 	0.024 	
101.023 	98.804 	123.237 	0.061 	-0.019 	-0.029 	
111.244 	-89.209 	61.691 	-0.095 	-0.136 	-0.003 	
-160.130 	140.090 	-578.798 	-0.057 	0.015 	-0.083 	
111.724 	-9.125 	22.850 	0.006 	0.011 	-0.069 	
-698.051 	149.123 	-432.226 	-0.242 	0.064 	-0.170 	
460.738 	-364.653 	-50.677 	0.955 	-0.720 	-0.090 	
16.401 	-21.412 	9.147 	-0.056 	0.174 	0.081 	
68.095 	-17.170 	10.367 	-0.120 	-0.003 	0.181 	
55.681 	-54.622 	71.920 	-0.134 	0.039 	-0.145 	
12.203 	-58.131 	27.531 	0.033 	0.058 	-0.110 	
128.467 	29.789 	28.844 	-0.069 	-0.070 	0.061 	
26.337 	1.580 	23.403 	-0.130 	-0.099 	-0.062 	
-211.411 	139.140 	2.939 	-0.034 	-0.062 	0.023 	
16.971 	-76.569 	121.720 	-0.038 	0.012 	-0.145 	
15.653 	-24.549 	-15.983 	0.066 	-0.021 	0.210 	
-115.702 	17.436 	35.413 	0.081 	-0.044 	0.047 	
-1711.365 	2154.202 	1196.441 	-0.464 	0.559 	0.302 	
-31.776 	-181.266 	59.869 	-0.023 	-0.066 	-0.020 	
11.476 	-112.194 	26.917 	0.151 	0.115 	0.025 	
-68.960 	-65.853 	46.724 	0.139 	0.059 	-0.029 	
121.293 	4.019 	10.289 	0.047 	0.000 	0.087 	
55.301 	-33.292 	116.897 	-0.105 	-0.122 	0.002 	
-260.468 	196.675 	58.699 	-0.141 	0.086 	-0.018 	
103.381 	4.006 	118.514 	-0.026 	-0.062 	0.033 	
-7.600 	-28.300 	9.896 	-0.193 	-0.055 	0.048 	
-39.705 	-161.982 	93.840 	0.129 	-0.087 	0.014 	
-32.308 	-32.132 	99.018 	0.071 	-0.055 	-0.136 	
213.592 	63.710 	57.753 	0.067 	0.105 	-0.098 	
58.118 	-76.215 	108.950 	-0.087 	-0.025 	0.077 	
-139.078 	-48.920 	21.344 	-0.245 	-0.053 	0.041 	
96.550 	-23.102 	64.101 	0.019 	-0.132 	-0.045 	
57.550 	8.136 	27.337 	-0.038 	-0.139 	-0.111 	
105.762 	-3.492 	55.525 	0.110 	-0.208 	0.055 	
16.304 	-79.523 	74.752 	-0.012 	-0.111 	-0.008 	
-81.539 	-37.573 	12.144 	0.136 	-0.065 	-0.046 	
131.075 	-10.537 	146.115 	-0.021 	0.070 	0.041 	
39712.566 	3213.935 	31867.460 	23.366 	1.917 	18.839 	
4.491 	-55.304 	1.407 	-0.061 	-0.187 	0.084 	
-56.749 	-67.527 	46.736 	0.110 	0.107 	0.095 	
-81.452 	-105.591 	14.174 	0.081 	0.104 	-0.026 	
-24.112 	-45.602 	39.040 	-0.017 	-0.003 	0.040 	
133.977 	-38.973 	95.734 	0.054 	0.147 	-0.040 	
-67.848 	-291.660 	-2.766 	-0.077 	0.047 	-0.002 	
-79.321 	-89.854 	-119.703 	0.036 	-0.039 	0.046 	
36.339 	4.048 	16.292 	0.096 	0.168 	0.004 	
-52.146 	-25.452 	31.020 	0.044 	0.041 	0.035 	
68.737 	-66.035 	29.523 	0.144 	0.040 	0.189 	
193.720 	-31.429 	147.408 	-0.049 	-0.021 	0.059 	
112.663 	-86.739 	-2.912 	0.009 	0.053 	0.045 	
868.445 	1542.066 	1590.794 	0.153 	0.346 	0.363 	
156.762 	-0.491 	80.596 	-0.079 	0.063 	0.000 	
-53.902 	4076.178 	-2648.291 	-0.072 	1.122 	-0.729 	
5.436 	-29.254 	51.447 	0.063 	0.053 	-0.058 	
-2187.672 	-2867.061 	-1041.236 	-2.939 	-3.666 	-1.397 	
121.774 	-41.135 	72.144 	0.059 	0.112 	0.086 	
-49.247 	33.592 	-43.473 	-0.003 	0.027 	-0.014 	
4517.381 	22169.888 	36467.323 	1.431 	6.974 	11.464 	
131.957 	0.095 	58.315 	-0.124 	0.044 	-0.058 	
-9.797 	-164.129 	153.468 	0.031 	-0.021 	-0.046 	
139.183 	54.300 	120.570 	-0.046 	-0.038 	-0.019 	
91.605 	-14.869 	232.955 	0.067 	-0.027 	-0.019 	
23.581 	-16.958 	22.799 	0.219 	0.110 	0.091 	
120.375 	40.486 	65.248 	0.100 	-0.010 	0.036 	
91.329 	27.615 	25.570 	-0.155 	-0.012 	0.003 	
-288.600 	424.953 	-21.638 	-0.100 	0.038 	-0.015 	
211.435 	-43.087 	37.710 	0.004 	0.118 	-0.046 	
611.571 	-201.211 	228.288 	0.202 	-0.083 	0.085 	
44.944 	-3.034 	54.439 	-0.141 	-0.082 	-0.105 	
12.876 	-33.986 	-12.914 	0.082 	-0.052 	-0.029 	
63.838 	-51.468 	-41.217 	0.108 	-0.031 	-0.038 	
21.949 	102.446 	72.543 	0.122 	0.029 	-0.010 	
118.828 	-16.742 	54.719 	0.019 	0.075 	-0.031 	
33.340 	-46.615 	42.892 	-0.223 	0.088 	-0.141 	
-30.299 	-78.778 	11.768 	-0.109 	-0.041 	-0.041 	
8.962 	-62.993 	47.764 	-0.107 	0.083 	0.146 	
119.983 	-51.823 	-19.925 	-0.083 	0.057 	-0.034 	
-17.899 	-40.169 	43.233 	-0.002 	-0.126 	0.044 	
-19.030 	-19.650 	58.729 	0.044 	0.079 	0.118 	
461.719 	-651.944 	394.981 	0.146 	-0.205 	0.109 	
-452.004 	263.822 	133.443 	-0.098 	0.009 	0.043 	
125.767 	13.966 	42.537 	-0.104 	-0.079 	-0.010 	
80.495 	-47.326 	45.759 	-0.167 	0.056 	-0.002 	
9.110 	-137.548 	50.972 	0.120 	-0.151 	0.020 	
-17.007 	-54.031 	110.568 	-0.144 	-0.052 	-0.010 	
6.444 	-47.775 	0.646 	-0.133 	0.099 	0.046 	
-816.691 	5160.853 	338.443 	-0.247 	1.412 	0.093 	
98.878 	-77.917 	-85.395 	-0.044 	0.011 	-0.004 	
106.837 	17.508 	14.375 	-0.027 	-0.007 	0.053 	
-206.274 	-100.614 	99.099 	-0.098 	-0.006 	0.005 	
101.371 	-104.919 	17.004 	0.080 	0.023 	0.037 	
70.371 	-127.349 	96.341 	0.025 	-0.031 	0.043 	
-31.200 	-66.291 	4.940 	-0.068 	-0.078 	-0.155 	
77.342 	-49.666 	23.061 	0.117 	0.079 	-0.102 	
189.478 	-48.813 	51.609 	-0.046 	0.075 	-0.009 	
132.425 	54.295 	92.703 	-0.039 	-0.048 	-0.029 	
-39.646 	-51.954 	22.457 	-0.069 	0.052 	-0.018 	
16.800 	-81.546 	6.483 	-0.204 	-0.063 	0.037 	
99.024 	50.282 	-32.132 	-0.089 	-0.021 	0.005 	
-133.230 	78.970 	-60.619 	-0.034 	0.010 	-0.028 	
40.547 	-1.800 	-45.355 	-0.004 	0.059 	-0.146 	
402.884 	53.143 	-9.059 	0.093 	0.044 	-0.005 	
118.568 	-11.353 	8.107 	0.126 	-0.096 	0.045 	
-2117.626 	-2506.856 	-1182.579 	-0.522 	-0.568 	-0.262 	
134.492 	-52.862 	82.950 	-0.050 	-0.040 	-0.022 	
101.107 	62.176 	54.666 	0.053 	0.081 	0.096 	
-550.348 	-772.547 	349.340 	-0.185 	-0.264 	0.112 	
-6.237 	21.985 	5.833 	0.097 	-0.161 	0.078 	
-391.627 	136.461 	446.793 	-0.144 	0.067 	0.172 	
1.902 	-45.292 	32.675 	0.037 	0.031 	0.067 	
-18.388 	-48.087 	41.055 	0.021 	0.031 	-0.041 	
-115.934 	-0.206 	86.718 	0.000 	-0.083 	0.007 	
29.780 	-60.708 	41.006 	0.093 	-0.178 	-0.014 	
-20.014 	-87.602 	24.692 	0.058 	-0.087 	0.021 	
13.981 	-29.117 	52.495 	-0.169 	0.128 	0.068 	
-29.441 	35.071 	208.322 	0.003 	-0.016 	0.090 	
146.769 	-130.741 	49.368 	-0.080 	-0.003 	-0.036 	
134.610 	-206.675 	69.761 	-0.106 	0.048 	0.002 	
0.762 	-34.270 	99.152 	-0.034 	-0.008 	0.107 	
106.571 	-46.839 	42.558 	0.159 	0.006 	0.013 	
-267.939 	-48.984 	41.291 	-0.087 	0.014 	0.026 	
100.539 	-49.024 	20.279 	0.166 	-0.106 	-0.008 	
58.169 	24.502 	-105.441 	-0.064 	0.016 	0.016 	
102.080 	12.487 	-22.225 	-0.089 	0.022 	0.090 	
13.945 	-43.642 	55.824 	-0.057 	-0.057 	0.073 	
-23.187 	-46.756 	29.956 	-0.004 	0.275 	-0.020 	
-18.193 	-29.986 	28.234 	-0.068 	0.045 	-0.054 	
67.253 	-24.827 	179.047 	0.056 	-0.057 	-0.080 	
159.273 	48.728 	117.593 	-0.014 	0.012 	0.045 	
22.298 	614.822 	838.875 	-1.661 	6.957 	8.886 	
114.329 	34.873 	139.491 	-0.005 	0.025 	0.041 	
155.579 	-14.276 	49.873 	-0.092 	0.061 	0.140 	
55.827 	-0.299 	40.450 	0.147 	0.003 	-0.042 	
75.588 	-98.296 	66.780 	-0.111 	0.102 	0.000 	
-57.067 	-180.700 	41.993 	-0.053 	-0.098 	0.018 	
43.958 	-23.071 	40.061 	-0.032 	0.239 	-0.105 	
92.160 	-59.905 	9.420 	-0.170 	0.116 	0.036 	
-37.138 	-148.394 	71.607 	-0.046 	-0.142 	0.015 	
97.533 	24.942 	54.036 	0.003 	-0.050 	-0.065 	
145.592 	-28.699 	-18.532 	0.032 	-0.100 	0.031 	
-214.026 	-53.716 	22.041 	-0.040 	-0.036 	-0.031 	
-588.679 	-786.180 	2673.640 	-0.164 	-0.177 	0.622 	
78.799 	-36.700 	196.580 	-0.090 	-0.021 	0.012 	
62.279 	-36.513 	5.518 	-0.149 	-0.019 	0.069 	
5.535 	-46.398 	-37.947 	0.068 	-0.042 	-0.028 	
79.568 	-24.981 	146.666 	-0.072 	0.003 	-0.007 	
73.507 	-41.848 	-0.777 	0.125 	-0.025 	-0.183 	
26.682 	-57.301 	28.953 	-0.165 	0.088 	0.166 	
17.466 	-72.838 	44.022 	-0.128 	-0.135 	0.073 	
-168.761 	-62.189 	136.617 	-0.007 	-0.003 	-0.032 	
37.908 	-60.761 	48.120 	-0.162 	-0.030 	-0.087 	
-3.845 	-15.858 	65.506 	-0.139 	-0.180 	-0.017 	
71.345 	-1.206 	41.951 	-0.022 	-0.053 	-0.128 	
8.380 	-60.386 	47.957 	0.143 	-0.005 	-0.042 	
55.311 	-73.478 	18.026 	-0.200 	-0.035 	0.096 	
1.165 	-37.648 	31.019 	-0.037 	-0.077 	0.022 	
122.071 	-60.630 	-8.645 	-0.103 	-0.040 	0.096 	
83.164 	13.166 	40.842 	-0.029 	0.022 	-0.014 	
33.558 	-36.141 	29.672 	0.090 	-0.257 	0.138 	
112.410 	-54.584 	1.124 	0.024 	-0.038 	0.039 	
-10.584 	-24.760 	1.506 	-0.182 	-0.102 	0.020 	
-272.106 	-532.881 	-795.387 	-0.255 	-0.332 	-0.518 	
59.041 	-43.385 	76.395 	0.196 	0.108 	-0.034 	
179.882 	-21.199 	39.331 	0.028 	-0.036 	-0.137 	
39.235 	-37.110 	47.656 	0.309 	0.036 	-0.084 	
160.267 	-7.867 	11.729 	-0.081 	-0.031 	0.078 	
181.219 	-15.836 	-5.019 	-0.063 	-0.019 	-0.024 	
19.839 	-79.130 	-94.875 	0.050 	-0.112 	0.040 	
61.199 	9.945 	97.281 	-0.089 	-0.017 	0.079 	
7.477 	-83.429 	34.434 	-0.040 	-0.047 	0.099 	
160.080 	-5.153 	104.958 	-0.055 	-0.019 	0.158 	
13.325 	-1.679 	94.772 	-0.035 	-0.019 	0.151 	
46.179 	-14.938 	33.858 	-0.187 	-0.080 	0.150 	
-136.243 	-4753.361 	-814.257 	-0.060 	-1.309 	-0.223 	
74.151 	-126.695 	53.398 	-0.103 	0.045 	0.015 	
-40.552 	5.214 	85.520 	0.148 	-0.056 	0.025 	
-38977.475 	-3534.836 	-32003.860 	-23.128 	-2.071 	-18.899 	
45.158 	-38.043 	49.606 	-0.113 	-0.172 	-0.152 	
-53.370 	-7.342 	-26.154 	-0.036 	0.081 	-0.043 	
17.250 	-61.865 	87.474 	-0.011 	-0.121 	-0.048 	
6.906 	-57.410 	78.092 	-0.048 	-0.195 	0.037 	
61.782 	-14.240 	95.493 	0.003 	0.163 	0.100 	
18.189 	-44.337 	82.849 	-0.126 	-0.146 	0.093 	
-6.875 	-58.305 	14.034 	-0.132 	0.084 	-0.067 	
158.030 	-28.232 	64.990 	-0.017 	0.045 	0.062 	
115.145 	-69.818 	-12.103 	-0.093 	-0.012 	0.145 	
330.958 	-677.017 	-799.010 	1.676 	-7.008 	-8.818 	
-41.056 	-59.309 	99.193 	0.120 	0.006 	-0.090 	
184.692 	-69.682 	75.614 	-0.080 	-0.062 	0.029 	
-111.028 	3.305 	85.394 	-0.088 	0.021 	0.038 	
2793.532 	-2157.190 	-1714.059 	0.881 	-0.661 	-0.534 	
26.077 	-66.006 	36.543 	-0.199 	0.071 	-0.066 	
-184.596 	-197.956 	154.511 	-0.719 	-0.264 	0.192 	
37.387 	-17.459 	53.274 	-0.232 	-0.014 	-0.038 	
