## Las primeras 500 lineas corresponden a la esfera 1 
##las siguienets 500 lineas a la esfera 2
## Las primeras tres columnas corresponden a la posición en 'x', 'y' y 'z', las siguientes tres a las velocidades
-4.862 	-1181.955 	116.130 	-0.010 	-0.246 	0.028 	
375.105 	-360.925 	-4.589 	0.086 	-0.077 	-0.003 	
432.829 	1503.957 	1021.969 	0.099 	0.315 	0.207 	
-1400.666 	1554.812 	1024.162 	-0.304 	0.334 	0.221 	
-300.743 	-318.918 	1449.132 	-0.053 	-0.066 	0.315 	
1547.728 	1001.186 	1785.407 	0.342 	0.215 	0.375 	
1613.466 	-817.161 	-1573.744 	0.345 	-0.169 	-0.337 	
-1526.273 	-882.797 	549.109 	-0.322 	-0.178 	0.123 	
1322.683 	405.102 	877.504 	0.277 	0.096 	0.186 	
506.608 	480.872 	686.698 	0.105 	0.099 	0.152 	
1346.449 	-109.164 	80.246 	0.280 	-0.021 	0.014 	
-295.340 	-1221.032 	196.099 	-0.056 	-0.257 	0.045 	
253.217 	-868.940 	130.298 	0.067 	-0.182 	0.029 	
981.590 	1380.255 	1333.335 	0.199 	0.293 	0.280 	
-56.177 	1148.000 	-1863.338 	-0.020 	0.251 	-0.390 	
-658.416 	-129.160 	3.147 	-0.140 	-0.018 	0.003 	
-739.931 	1507.173 	-609.447 	-0.162 	0.314 	-0.131 	
162.246 	860.839 	-1669.121 	0.032 	0.172 	-0.359 	
-2185.729 	-1634.328 	-924.424 	-0.475 	-0.342 	-0.200 	
784.068 	-1897.783 	-1638.182 	0.158 	-0.406 	-0.349 	
181.435 	-1777.657 	2109.851 	0.042 	-0.368 	0.453 	
156.490 	657.930 	1844.945 	0.030 	0.137 	0.382 	
-474.042 	-848.743 	422.979 	-0.100 	-0.169 	0.085 	
-1549.642 	-1229.025 	564.043 	-0.322 	-0.254 	0.115 	
1067.344 	-761.493 	1243.253 	0.235 	-0.161 	0.257 	
-722.349 	-17.401 	1636.181 	-0.142 	-0.000 	0.343 	
115.926 	-1000.052 	-66.277 	0.032 	-0.205 	-0.010 	
433.574 	-1806.695 	1347.011 	0.088 	-0.393 	0.288 	
-1575.609 	1579.259 	409.899 	-0.327 	0.333 	0.088 	
-888.294 	-1365.707 	1082.253 	-0.181 	-0.285 	0.233 	
-562.536 	-952.441 	-1600.534 	-0.116 	-0.197 	-0.340 	
766.342 	1267.747 	1524.161 	0.158 	0.262 	0.325 	
1534.642 	-577.446 	1416.047 	0.326 	-0.122 	0.303 	
-1005.568 	1050.594 	131.629 	-0.200 	0.220 	0.029 	
165.229 	-536.164 	-1754.173 	0.034 	-0.121 	-0.362 	
268.035 	-238.108 	188.726 	0.069 	-0.043 	0.041 	
-738.538 	-1500.598 	-1692.670 	-0.158 	-0.314 	-0.370 	
-729.960 	-1837.896 	1380.269 	-0.144 	-0.388 	0.293 	
-698.124 	-167.387 	990.608 	-0.152 	-0.031 	0.213 	
1191.048 	-1880.533 	1358.849 	0.252 	-0.399 	0.292 	
2032.631 	761.989 	-79.016 	0.433 	0.150 	-0.019 	
356.815 	-477.817 	161.640 	0.080 	-0.092 	0.029 	
779.313 	226.377 	1325.476 	0.175 	0.038 	0.271 	
-72.815 	-1303.198 	-847.460 	-0.025 	-0.276 	-0.178 	
316.148 	-377.214 	1282.139 	0.076 	-0.081 	0.277 	
166.799 	328.664 	-622.569 	0.044 	0.073 	-0.125 	
1968.244 	144.935 	32.603 	0.417 	0.036 	0.019 	
-461.607 	1818.738 	-479.783 	-0.098 	0.388 	-0.104 	
431.423 	-524.619 	-703.100 	0.100 	-0.114 	-0.146 	
1688.626 	1087.403 	538.865 	0.361 	0.239 	0.114 	
-1554.014 	-571.311 	-1258.282 	-0.324 	-0.126 	-0.274 	
897.033 	-152.131 	890.789 	0.181 	-0.031 	0.181 	
1893.017 	-858.729 	-1870.118 	0.411 	-0.192 	-0.398 	
-156.707 	1194.592 	18.829 	-0.022 	0.250 	0.011 	
-1366.683 	1484.953 	1083.752 	-0.296 	0.310 	0.228 	
-308.069 	-1774.788 	904.990 	-0.060 	-0.383 	0.198 	
-753.656 	-24.475 	-1122.118 	-0.149 	-0.009 	-0.243 	
62.854 	-1579.946 	-546.264 	0.022 	-0.335 	-0.118 	
-1843.007 	1316.539 	1573.166 	-0.395 	0.285 	0.340 	
1070.169 	1663.088 	667.658 	0.230 	0.348 	0.133 	
-479.454 	1792.770 	476.010 	-0.112 	0.383 	0.099 	
696.327 	1061.951 	-627.009 	0.154 	0.220 	-0.130 	
-1417.463 	1925.198 	759.350 	-0.311 	0.413 	0.163 	
1279.919 	361.426 	-645.206 	0.272 	0.086 	-0.136 	
1526.139 	-1782.016 	-1808.092 	0.338 	-0.378 	-0.380 	
2189.258 	-737.844 	-1843.277 	0.479 	-0.156 	-0.393 	
1390.722 	-1029.114 	-1606.327 	0.310 	-0.219 	-0.343 	
-2021.279 	2203.876 	-635.947 	-0.435 	0.480 	-0.141 	
2179.189 	1020.477 	1325.971 	0.475 	0.219 	0.279 	
-315.862 	651.150 	790.944 	-0.067 	0.121 	0.169 	
1440.778 	539.496 	569.750 	0.314 	0.106 	0.115 	
592.838 	-101.110 	676.799 	0.137 	-0.016 	0.143 	
-35.492 	1144.991 	-1882.385 	-0.004 	0.237 	-0.400 	
-486.964 	-1420.823 	-575.815 	-0.106 	-0.301 	-0.118 	
-850.813 	735.835 	1149.728 	-0.191 	0.154 	0.240 	
847.593 	-251.105 	-473.132 	0.179 	-0.051 	-0.086 	
-48.637 	-441.811 	-1322.795 	-0.013 	-0.083 	-0.281 	
1645.182 	973.382 	-1547.272 	0.354 	0.208 	-0.338 	
216.096 	-364.218 	-726.081 	0.041 	-0.072 	-0.158 	
-27.257 	-464.139 	1589.747 	0.000 	-0.103 	0.335 	
-277.682 	1465.217 	456.112 	-0.067 	0.302 	0.098 	
433.738 	-766.791 	-525.728 	0.082 	-0.158 	-0.104 	
940.355 	1191.746 	1550.349 	0.196 	0.257 	0.328 	
-394.165 	-1250.301 	1577.581 	-0.088 	-0.260 	0.340 	
1224.973 	-661.274 	-292.912 	0.266 	-0.132 	-0.070 	
-1132.557 	-1581.791 	-1541.552 	-0.234 	-0.333 	-0.323 	
1172.466 	-367.785 	-728.665 	0.251 	-0.084 	-0.167 	
-1213.936 	-1310.045 	1406.417 	-0.268 	-0.278 	0.301 	
-1693.223 	-1657.748 	1088.509 	-0.352 	-0.353 	0.235 	
-1534.941 	-668.507 	-170.611 	-0.318 	-0.149 	-0.028 	
2002.900 	908.141 	1418.994 	0.426 	0.205 	0.300 	
53.896 	774.146 	1434.098 	0.009 	0.169 	0.305 	
136.071 	-339.195 	134.646 	0.035 	-0.078 	0.030 	
-243.194 	-1708.205 	-713.602 	-0.045 	-0.368 	-0.145 	
1649.333 	-1100.439 	1637.337 	0.349 	-0.227 	0.346 	
-637.237 	1065.109 	-1729.346 	-0.127 	0.235 	-0.362 	
1652.191 	418.883 	1065.691 	0.360 	0.084 	0.226 	
1774.727 	407.618 	-1185.607 	0.386 	0.087 	-0.251 	
2012.434 	1602.137 	250.124 	0.442 	0.338 	0.054 	
1108.151 	-857.108 	1105.258 	0.227 	-0.189 	0.230 	
-1283.616 	1699.479 	931.953 	-0.272 	0.353 	0.203 	
-2091.339 	-1508.794 	-653.994 	-0.453 	-0.319 	-0.132 	
564.835 	-1952.666 	1127.527 	0.122 	-0.420 	0.238 	
-854.160 	-201.768 	1480.995 	-0.179 	-0.034 	0.320 	
1056.151 	-456.527 	577.124 	0.235 	-0.097 	0.127 	
-1786.602 	895.891 	1639.385 	-0.371 	0.191 	0.344 	
-1752.219 	-1234.604 	1157.219 	-0.381 	-0.258 	0.250 	
-2045.757 	2141.776 	-873.183 	-0.441 	0.465 	-0.186 	
1294.101 	-829.882 	56.707 	0.269 	-0.181 	0.020 	
2160.882 	-192.481 	-700.402 	0.468 	-0.047 	-0.140 	
-532.845 	-183.627 	1060.521 	-0.109 	-0.042 	0.230 	
485.004 	-640.005 	961.306 	0.092 	-0.137 	0.204 	
863.086 	1.488 	315.766 	0.175 	-0.007 	0.062 	
-322.733 	1861.842 	-681.419 	-0.074 	0.389 	-0.137 	
-1249.745 	1704.272 	1709.054 	-0.268 	0.363 	0.368 	
-196.902 	1827.553 	1774.723 	-0.036 	0.392 	0.378 	
562.597 	-1911.734 	-340.752 	0.117 	-0.406 	-0.061 	
-2025.761 	-576.012 	1910.321 	-0.427 	-0.131 	0.403 	
1381.537 	-830.051 	-719.839 	0.292 	-0.185 	-0.144 	
-133.275 	1354.118 	248.693 	-0.038 	0.284 	0.057 	
-946.574 	208.044 	1170.212 	-0.195 	0.046 	0.257 	
1074.934 	-1503.924 	-678.962 	0.231 	-0.325 	-0.144 	
875.578 	-282.810 	-1427.479 	0.184 	-0.049 	-0.305 	
1768.974 	-797.987 	1807.857 	0.369 	-0.173 	0.386 	
-1926.161 	662.234 	963.656 	-0.417 	0.137 	0.202 	
561.092 	-241.860 	-698.324 	0.111 	-0.043 	-0.142 	
-2005.429 	-1283.185 	-766.655 	-0.424 	-0.271 	-0.155 	
-2114.019 	-1963.676 	803.699 	-0.460 	-0.418 	0.168 	
-1551.052 	801.131 	-1900.945 	-0.331 	0.173 	-0.395 	
-1661.640 	-1729.927 	663.150 	-0.345 	-0.371 	0.140 	
-173.119 	-1159.615 	907.078 	-0.044 	-0.243 	0.195 	
-448.818 	1475.375 	-835.694 	-0.099 	0.316 	-0.184 	
-1158.402 	964.602 	14.336 	-0.248 	0.199 	0.002 	
35.081 	552.310 	-1667.030 	0.000 	0.111 	-0.349 	
2060.990 	-1887.276 	189.180 	0.434 	-0.399 	0.034 	
-277.036 	-1471.990 	-753.815 	-0.052 	-0.311 	-0.170 	
227.477 	-1149.369 	526.561 	0.041 	-0.243 	0.103 	
-1366.928 	-1737.723 	1366.879 	-0.281 	-0.375 	0.293 	
1607.487 	-778.719 	-798.245 	0.342 	-0.160 	-0.169 	
689.847 	-1435.901 	429.618 	0.159 	-0.302 	0.096 	
-1392.946 	-859.892 	-1102.333 	-0.286 	-0.187 	-0.233 	
1806.945 	-529.266 	-478.146 	0.373 	-0.106 	-0.103 	
-1220.115 	1852.274 	439.539 	-0.262 	0.388 	0.099 	
-1476.523 	-1549.905 	240.160 	-0.315 	-0.328 	0.057 	
-467.094 	578.691 	685.742 	-0.105 	0.114 	0.144 	
1133.764 	-246.403 	1611.817 	0.239 	-0.051 	0.332 	
-845.811 	-118.516 	-670.231 	-0.174 	-0.015 	-0.142 	
-18.899 	960.524 	1451.130 	-0.009 	0.201 	0.297 	
1730.861 	-1599.757 	-1863.625 	0.360 	-0.342 	-0.399 	
-151.857 	1340.258 	-947.273 	-0.024 	0.277 	-0.203 	
1711.122 	-1858.395 	482.448 	0.366 	-0.393 	0.093 	
-1343.477 	-530.787 	1161.809 	-0.276 	-0.106 	0.245 	
461.624 	1033.539 	1981.917 	0.094 	0.211 	0.422 	
-2005.539 	-1967.505 	-736.806 	-0.426 	-0.417 	-0.162 	
-1690.146 	-108.041 	-1904.329 	-0.361 	-0.017 	-0.406 	
-154.544 	-801.086 	-682.991 	-0.043 	-0.170 	-0.144 	
1851.416 	-427.274 	1371.676 	0.415 	-0.090 	0.284 	
-1780.250 	-907.093 	1769.085 	-0.380 	-0.199 	0.374 	
-874.529 	-1391.683 	1967.141 	-0.180 	-0.298 	0.423 	
212.013 	-1379.218 	1153.717 	0.044 	-0.294 	0.248 	
1903.477 	-1587.752 	1455.591 	0.416 	-0.340 	0.313 	
-617.626 	349.360 	384.152 	-0.123 	0.077 	0.075 	
-637.634 	-83.017 	1073.357 	-0.155 	-0.001 	0.247 	
954.355 	134.778 	-81.326 	0.211 	0.034 	-0.010 	
105.608 	-713.218 	394.972 	0.019 	-0.150 	0.078 	
-724.452 	-20.301 	-260.249 	-0.158 	-0.003 	-0.048 	
-682.509 	1096.036 	-965.245 	-0.143 	0.233 	-0.206 	
2176.376 	-453.293 	-133.990 	0.466 	-0.107 	-0.027 	
630.409 	-33.449 	-233.140 	0.134 	-0.016 	-0.039 	
755.086 	-402.375 	-437.593 	0.150 	-0.090 	-0.083 	
-1237.251 	372.739 	2059.344 	-0.259 	0.078 	0.441 	
1175.031 	805.037 	74.984 	0.263 	0.164 	0.018 	
-1773.696 	354.315 	761.457 	-0.382 	0.071 	0.160 	
498.082 	-109.602 	-586.410 	0.101 	-0.031 	-0.125 	
-2043.413 	-913.313 	1736.390 	-0.442 	-0.194 	0.368 	
-1603.476 	-616.586 	-134.206 	-0.341 	-0.125 	-0.023 	
-806.981 	-443.593 	-438.898 	-0.169 	-0.094 	-0.096 	
1244.083 	1110.230 	1584.973 	0.267 	0.238 	0.326 	
381.131 	-382.343 	1586.095 	0.084 	-0.079 	0.339 	
1872.894 	1154.982 	2012.413 	0.397 	0.253 	0.433 	
1614.775 	1467.022 	1605.379 	0.343 	0.314 	0.352 	
1740.654 	-1470.974 	-1501.969 	0.366 	-0.317 	-0.322 	
1258.928 	1802.236 	101.101 	0.278 	0.381 	0.020 	
-890.511 	98.474 	491.105 	-0.194 	0.016 	0.112 	
-365.776 	136.115 	-1135.267 	-0.073 	0.033 	-0.249 	
-263.314 	830.778 	913.946 	-0.065 	0.175 	0.193 	
-2020.563 	-1806.143 	1090.486 	-0.432 	-0.378 	0.242 	
-793.859 	628.208 	-726.989 	-0.167 	0.137 	-0.149 	
-547.922 	-1698.368 	-1289.472 	-0.117 	-0.355 	-0.275 	
-942.287 	-1647.555 	-991.650 	-0.189 	-0.348 	-0.210 	
154.329 	-1812.235 	-1494.180 	0.031 	-0.382 	-0.314 	
1589.488 	645.901 	117.404 	0.349 	0.138 	0.030 	
1777.084 	-140.144 	-1251.088 	0.379 	-0.032 	-0.259 	
-786.905 	279.991 	89.193 	-0.155 	0.056 	0.026 	
-795.716 	881.818 	476.201 	-0.180 	0.184 	0.102 	
1828.793 	-820.099 	-1.958 	0.386 	-0.182 	-0.008 	
-1048.173 	698.872 	-1895.643 	-0.225 	0.145 	-0.406 	
1888.771 	-156.350 	1195.788 	0.398 	-0.025 	0.259 	
388.044 	633.515 	530.017 	0.094 	0.138 	0.118 	
1165.936 	-378.015 	-788.206 	0.254 	-0.072 	-0.157 	
-1144.793 	1453.486 	327.395 	-0.241 	0.299 	0.073 	
-13.146 	-1437.975 	868.081 	0.006 	-0.295 	0.180 	
-189.244 	-154.339 	-1537.165 	-0.031 	-0.031 	-0.322 	
-553.735 	81.521 	318.689 	-0.121 	0.019 	0.069 	
-211.442 	-1630.711 	-1626.954 	-0.041 	-0.341 	-0.352 	
-440.436 	-695.650 	1692.978 	-0.088 	-0.151 	0.346 	
2054.503 	-274.002 	-1486.209 	0.442 	-0.066 	-0.314 	
-443.632 	297.764 	-310.749 	-0.091 	0.059 	-0.060 	
1708.835 	-1795.483 	1647.159 	0.372 	-0.378 	0.351 	
-591.744 	-628.529 	564.492 	-0.123 	-0.124 	0.117 	
-542.374 	-63.064 	1689.454 	-0.107 	-0.006 	0.357 	
385.150 	888.230 	186.273 	0.094 	0.187 	0.041 	
-1863.308 	1940.927 	-1407.269 	-0.401 	0.414 	-0.299 	
99.761 	-497.692 	-1912.715 	0.034 	-0.102 	-0.407 	
-335.100 	-1007.216 	1192.965 	-0.067 	-0.201 	0.255 	
-1131.256 	-897.092 	-806.068 	-0.248 	-0.190 	-0.168 	
1026.964 	1858.657 	-1575.771 	0.221 	0.397 	-0.346 	
-1098.287 	142.565 	1196.069 	-0.243 	0.029 	0.252 	
-41.331 	257.728 	914.571 	-0.015 	0.055 	0.185 	
-327.756 	-344.467 	645.486 	-0.053 	-0.085 	0.105 	
1789.137 	-433.187 	-1132.542 	0.379 	-0.102 	-0.245 	
2091.524 	-1961.347 	18.583 	0.443 	-0.418 	0.013 	
-1520.084 	-1126.882 	-82.623 	-0.332 	-0.243 	-0.021 	
71.474 	-1593.394 	413.778 	0.009 	-0.331 	0.093 	
-740.839 	116.413 	1560.851 	-0.161 	0.018 	0.324 	
-1024.757 	1924.921 	74.522 	-0.208 	0.406 	0.022 	
-1411.190 	-1502.597 	646.384 	-0.297 	-0.313 	0.134 	
1727.072 	-708.896 	-1438.409 	0.371 	-0.148 	-0.313 	
-1233.977 	-1808.623 	1162.916 	-0.263 	-0.374 	0.248 	
-844.163 	-12.939 	700.424 	-0.178 	-0.013 	0.152 	
-894.722 	189.053 	1814.191 	-0.189 	0.040 	0.391 	
-1608.721 	1190.278 	-301.368 	-0.338 	0.251 	-0.052 	
-1532.242 	534.695 	54.581 	-0.334 	0.113 	0.012 	
-568.370 	504.014 	-943.855 	-0.119 	0.113 	-0.196 	
1692.898 	2127.428 	-1934.187 	0.358 	0.463 	-0.416 	
-1381.907 	772.072 	1077.965 	-0.300 	0.163 	0.237 	
-1570.261 	-170.494 	-1641.173 	-0.326 	-0.039 	-0.349 	
938.931 	-1319.451 	628.975 	0.203 	-0.285 	0.124 	
1416.588 	1535.167 	-135.552 	0.315 	0.326 	-0.023 	
1608.183 	830.006 	-1809.987 	0.337 	0.180 	-0.377 	
1060.945 	511.565 	-1223.589 	0.221 	0.105 	-0.248 	
-791.652 	-1537.300 	-446.570 	-0.163 	-0.317 	-0.097 	
1460.235 	-673.825 	173.935 	0.314 	-0.139 	0.025 	
-473.238 	1549.856 	374.011 	-0.044 	0.372 	0.096 	
425.380 	-1138.886 	1680.379 	0.092 	-0.237 	0.345 	
-961.982 	631.580 	-742.099 	-0.204 	0.131 	-0.163 	
-1410.087 	-54.784 	694.188 	-0.306 	-0.012 	0.153 	
1528.098 	-518.254 	1543.793 	0.332 	-0.113 	0.317 	
416.018 	-1133.303 	-1743.190 	0.096 	-0.244 	-0.359 	
2117.592 	358.259 	-1184.353 	0.460 	0.076 	-0.254 	
704.481 	-450.691 	1514.014 	0.159 	-0.095 	0.318 	
-1272.155 	1662.039 	-369.865 	-0.257 	0.354 	-0.077 	
-800.678 	-780.690 	666.652 	-0.172 	-0.165 	0.147 	
-684.633 	-875.825 	325.765 	-0.142 	-0.185 	0.082 	
1874.612 	12.988 	828.502 	0.402 	0.012 	0.181 	
-1277.957 	125.520 	1158.971 	-0.272 	0.026 	0.258 	
4.392 	749.549 	-1424.161 	-0.008 	0.160 	-0.308 	
-1368.319 	-1788.090 	-1766.074 	-0.282 	-0.377 	-0.383 	
975.182 	1535.688 	-702.798 	0.202 	0.321 	-0.147 	
-1883.778 	904.440 	1128.791 	-0.403 	0.193 	0.234 	
-1963.643 	112.486 	755.530 	-0.424 	0.030 	0.160 	
618.865 	-1574.748 	-1610.000 	0.127 	-0.338 	-0.333 	
-2536.534 	91.749 	-4.918 	-0.593 	-0.015 	-0.005 	
-1791.711 	-722.855 	941.551 	-0.376 	-0.155 	0.206 	
1088.949 	-417.435 	-1284.274 	0.228 	-0.089 	-0.281 	
535.838 	357.067 	223.160 	0.121 	0.077 	0.057 	
-51.525 	-688.232 	464.907 	-0.011 	-0.153 	0.088 	
-1914.417 	172.366 	-1102.650 	-0.411 	0.032 	-0.240 	
1559.230 	-167.103 	2118.427 	0.337 	-0.032 	0.458 	
-378.902 	-649.697 	1102.833 	-0.080 	-0.145 	0.224 	
718.712 	-1125.351 	-444.854 	0.146 	-0.237 	-0.090 	
266.572 	-275.726 	312.988 	0.062 	-0.066 	0.059 	
-1694.488 	-2003.988 	-1010.620 	-0.363 	-0.432 	-0.214 	
966.757 	-921.961 	-1648.810 	0.204 	-0.185 	-0.343 	
396.185 	529.450 	-421.667 	0.092 	0.147 	-0.088 	
-773.396 	-236.752 	629.377 	-0.160 	-0.040 	0.140 	
2145.289 	1081.361 	-168.912 	0.468 	0.227 	-0.038 	
492.243 	-237.818 	-1106.158 	0.100 	-0.049 	-0.237 	
-1570.647 	536.598 	-1954.894 	-0.331 	0.118 	-0.414 	
740.819 	604.442 	581.240 	0.164 	0.119 	0.130 	
1912.718 	143.845 	-1569.098 	0.398 	0.027 	-0.328 	
-776.343 	246.527 	-983.828 	-0.163 	0.058 	-0.214 	
-1910.071 	1740.176 	731.451 	-0.415 	0.371 	0.157 	
61.640 	-1518.026 	-1791.485 	0.020 	-0.321 	-0.388 	
1354.804 	1719.949 	-1056.237 	0.290 	0.365 	-0.237 	
984.116 	-780.420 	193.679 	0.206 	-0.164 	0.051 	
1005.091 	-1672.242 	-1341.015 	0.209 	-0.350 	-0.293 	
645.063 	-781.987 	1102.260 	0.131 	-0.166 	0.232 	
843.313 	-844.532 	1340.053 	0.179 	-0.174 	0.285 	
1714.204 	1879.323 	-1657.620 	0.361 	0.403 	-0.362 	
1587.540 	-300.192 	1149.339 	0.343 	-0.057 	0.252 	
685.699 	-465.185 	-390.655 	0.150 	-0.092 	-0.082 	
-777.736 	-734.930 	1437.885 	-0.172 	-0.153 	0.306 	
-908.477 	-404.342 	1578.335 	-0.191 	-0.094 	0.335 	
364.893 	-948.954 	-600.525 	0.079 	-0.198 	-0.130 	
-1282.592 	-199.104 	-31.527 	-0.271 	-0.046 	-0.009 	
-236.853 	1607.965 	-1987.103 	-0.040 	0.348 	-0.423 	
-1512.482 	-498.775 	1018.382 	-0.329 	-0.106 	0.214 	
-67.596 	-1558.503 	1645.857 	-0.015 	-0.323 	0.356 	
-761.737 	577.229 	1554.300 	-0.153 	0.127 	0.327 	
-207.626 	-65.082 	1096.645 	-0.049 	-0.017 	0.233 	
1379.151 	-1045.014 	19.836 	0.298 	-0.226 	-0.004 	
-116.652 	-706.248 	450.588 	-0.010 	-0.146 	0.103 	
-413.427 	-695.425 	1562.094 	-0.075 	-0.145 	0.334 	
-1944.368 	-548.384 	526.801 	-0.421 	-0.117 	0.113 	
-505.240 	-1296.825 	-279.702 	-0.116 	-0.270 	-0.059 	
559.707 	-1883.944 	1017.857 	0.114 	-0.409 	0.214 	
690.896 	-1423.180 	-385.923 	0.143 	-0.303 	-0.075 	
795.977 	-1745.894 	-216.647 	0.172 	-0.374 	-0.038 	
533.276 	86.455 	1586.479 	0.106 	0.013 	0.336 	
-1750.386 	856.761 	118.744 	-0.375 	0.180 	0.023 	
-421.708 	434.328 	816.761 	-0.079 	0.087 	0.169 	
-679.158 	-1024.610 	1654.482 	-0.149 	-0.217 	0.359 	
-1444.142 	-1732.108 	1495.840 	-0.307 	-0.364 	0.327 	
1041.300 	1183.479 	-1819.231 	0.218 	0.249 	-0.381 	
-621.758 	1076.253 	-1748.320 	-0.126 	0.222 	-0.364 	
-136.423 	-1470.788 	-1184.402 	-0.016 	-0.312 	-0.253 	
-46.343 	-99.424 	271.135 	0.002 	-0.029 	0.055 	
1279.776 	-598.608 	342.021 	0.274 	-0.127 	0.066 	
1005.108 	606.471 	-1122.156 	0.226 	0.129 	-0.236 	
-1269.081 	-1697.131 	999.501 	-0.264 	-0.370 	0.207 	
2110.035 	-422.478 	-1923.758 	0.458 	-0.090 	-0.413 	
-330.741 	1366.336 	472.728 	-0.061 	0.293 	0.096 	
-1106.504 	1551.710 	-1338.067 	-0.238 	0.329 	-0.287 	
-1516.115 	1022.327 	-530.341 	-0.311 	0.216 	-0.112 	
-13.489 	530.674 	-190.050 	-0.009 	0.101 	-0.040 	
-1667.639 	648.863 	145.206 	-0.344 	0.147 	0.028 	
-80.064 	-1450.785 	-1122.870 	-0.020 	-0.303 	-0.228 	
-1359.603 	-788.501 	90.819 	-0.291 	-0.164 	0.010 	
1042.396 	837.661 	-1082.748 	0.232 	0.178 	-0.226 	
-1321.155 	1889.934 	240.061 	-0.282 	0.396 	0.060 	
962.973 	-174.481 	-1402.541 	0.209 	-0.035 	-0.297 	
-195.579 	167.564 	-406.149 	-0.036 	0.025 	-0.077 	
-1830.849 	-941.824 	-1704.519 	-0.387 	-0.209 	-0.368 	
852.109 	-350.472 	269.749 	0.176 	-0.077 	0.062 	
-1505.308 	-374.785 	1659.658 	-0.320 	-0.077 	0.355 	
1487.333 	-152.800 	1396.936 	0.317 	-0.037 	0.289 	
548.211 	-144.116 	-1275.233 	0.110 	-0.038 	-0.269 	
1562.547 	622.914 	-113.311 	0.326 	0.135 	-0.029 	
688.675 	315.762 	1134.650 	0.141 	0.071 	0.238 	
-125.890 	864.167 	-1442.296 	-0.032 	0.184 	-0.301 	
1922.460 	-1419.167 	-613.339 	0.420 	-0.300 	-0.125 	
-1740.083 	-1753.486 	1837.605 	-0.374 	-0.376 	0.391 	
-1523.753 	-1061.697 	-41.220 	-0.319 	-0.223 	-0.010 	
1181.800 	276.066 	399.529 	0.239 	0.058 	0.085 	
1910.159 	-481.922 	519.003 	0.406 	-0.098 	0.104 	
-1592.036 	583.908 	850.777 	-0.334 	0.130 	0.191 	
75.021 	-111.168 	12.622 	0.007 	-0.022 	0.007 	
-550.904 	-1116.872 	1532.334 	-0.107 	-0.232 	0.329 	
-214.221 	-929.246 	-747.196 	-0.040 	-0.201 	-0.151 	
1843.472 	-724.449 	-1259.892 	0.392 	-0.163 	-0.265 	
226.756 	-1102.194 	-1042.518 	0.037 	-0.230 	-0.217 	
1424.418 	-1539.103 	1926.426 	0.310 	-0.320 	0.408 	
-1780.695 	-729.538 	-943.805 	-0.374 	-0.147 	-0.194 	
-1602.085 	-434.391 	-612.286 	-0.347 	-0.099 	-0.127 	
236.812 	-405.301 	1478.476 	0.063 	-0.087 	0.311 	
1101.941 	-1092.304 	830.867 	0.246 	-0.232 	0.171 	
-1006.551 	830.904 	864.933 	-0.222 	0.172 	0.187 	
-1753.399 	-986.554 	1462.337 	-0.370 	-0.199 	0.313 	
-1369.217 	-8.761 	456.327 	-0.293 	-0.004 	0.103 	
-1116.372 	-1308.445 	210.705 	-0.230 	-0.273 	0.040 	
1736.805 	1667.395 	1107.005 	0.374 	0.343 	0.232 	
1719.177 	951.703 	-328.916 	0.376 	0.207 	-0.072 	
-1659.087 	-1561.842 	408.197 	-0.351 	-0.329 	0.093 	
-1364.367 	424.774 	774.219 	-0.293 	0.083 	0.166 	
-1123.663 	166.075 	931.492 	-0.228 	0.041 	0.202 	
-1029.480 	-498.019 	-1962.329 	-0.220 	-0.111 	-0.425 	
-957.799 	-1043.737 	-1516.101 	-0.206 	-0.227 	-0.327 	
2071.723 	2107.795 	-999.525 	0.445 	0.456 	-0.209 	
1985.673 	720.100 	-1587.279 	0.425 	0.148 	-0.346 	
-504.145 	-830.562 	-553.381 	-0.106 	-0.181 	-0.114 	
-535.098 	-792.993 	1301.164 	-0.111 	-0.178 	0.274 	
509.102 	-111.407 	221.025 	0.116 	-0.027 	0.041 	
634.586 	211.275 	427.737 	0.139 	0.037 	0.087 	
-1135.928 	1209.225 	1157.762 	-0.248 	0.257 	0.246 	
-1291.997 	1550.759 	-1780.526 	-0.275 	0.323 	-0.379 	
-524.093 	-1199.956 	-1959.182 	-0.108 	-0.247 	-0.420 	
1590.850 	-786.554 	-1226.992 	0.329 	-0.164 	-0.257 	
-25.235 	11.877 	-1216.172 	-0.004 	0.004 	-0.258 	
612.695 	1521.503 	638.673 	0.133 	0.329 	0.141 	
999.509 	-158.294 	-13.020 	0.222 	-0.032 	-0.004 	
803.120 	925.152 	1097.411 	0.174 	0.192 	0.244 	
556.485 	-765.112 	-843.347 	0.125 	-0.160 	-0.172 	
1746.789 	-1422.048 	-1220.106 	0.384 	-0.304 	-0.260 	
561.927 	456.799 	-1167.290 	0.122 	0.098 	-0.250 	
-1270.403 	-1350.013 	-36.641 	-0.265 	-0.294 	-0.006 	
1069.222 	676.944 	859.390 	0.216 	0.140 	0.181 	
1479.516 	569.093 	200.178 	0.327 	0.111 	0.038 	
-143.354 	-1704.977 	1576.424 	-0.027 	-0.358 	0.345 	
125.142 	632.429 	1617.870 	0.038 	0.134 	0.335 	
1422.561 	-73.101 	1554.142 	0.313 	-0.014 	0.327 	
1656.040 	645.286 	-91.568 	0.348 	0.130 	-0.012 	
-1104.100 	-2080.691 	2059.225 	-0.231 	-0.446 	0.445 	
-2124.770 	-1746.259 	1913.321 	-0.458 	-0.368 	0.410 	
1993.397 	1636.705 	6.573 	0.435 	0.342 	0.001 	
2039.265 	424.738 	1727.390 	0.436 	0.080 	0.372 	
773.170 	224.623 	1322.907 	0.136 	0.053 	0.284 	
-1326.593 	-218.277 	-1652.196 	-0.283 	-0.045 	-0.349 	
1431.473 	730.186 	-612.530 	0.316 	0.156 	-0.132 	
-479.327 	1008.022 	-1720.419 	-0.105 	0.208 	-0.359 	
780.731 	823.332 	-253.201 	0.164 	0.173 	-0.056 	
1178.032 	-739.592 	-1034.601 	0.253 	-0.153 	-0.215 	
1578.269 	1474.806 	1837.954 	0.336 	0.321 	0.396 	
215.557 	1650.655 	-1193.896 	0.036 	0.347 	-0.250 	
-1699.869 	322.130 	703.041 	-0.355 	0.074 	0.153 	
497.174 	-1820.343 	1258.542 	0.113 	-0.385 	0.260 	
604.022 	-722.771 	-190.354 	0.123 	-0.159 	-0.040 	
1457.032 	94.427 	-144.024 	0.310 	0.028 	-0.036 	
-890.630 	826.457 	-1293.034 	-0.183 	0.180 	-0.279 	
930.227 	-1615.162 	921.031 	0.193 	-0.348 	0.198 	
1577.660 	1600.992 	72.076 	0.344 	0.340 	0.020 	
1069.815 	-1745.720 	1594.959 	0.226 	-0.361 	0.338 	
1896.222 	-163.292 	401.393 	0.404 	-0.024 	0.091 	
2118.751 	1684.349 	1114.379 	0.448 	0.359 	0.239 	
552.762 	-1402.688 	778.239 	0.128 	-0.299 	0.166 	
-1083.370 	-1930.022 	1813.728 	-0.232 	-0.417 	0.386 	
809.382 	-406.279 	-413.846 	0.179 	-0.077 	-0.086 	
-135.388 	51.161 	315.296 	-0.034 	0.005 	0.061 	
-1685.659 	2120.307 	1734.577 	-0.367 	0.461 	0.368 	
80.626 	180.632 	1648.699 	0.029 	0.040 	0.343 	
-250.363 	1656.617 	1525.365 	-0.056 	0.359 	0.319 	
1395.129 	-1493.788 	1646.832 	0.305 	-0.325 	0.355 	
-1497.460 	-1598.445 	1615.406 	-0.320 	-0.330 	0.344 	
-1760.302 	-1140.491 	1328.585 	-0.376 	-0.237 	0.284 	
-1323.790 	1219.252 	591.691 	-0.275 	0.265 	0.131 	
-316.938 	-2035.001 	389.604 	-0.055 	-0.433 	0.081 	
234.862 	-971.437 	1382.784 	0.055 	-0.204 	0.294 	
-57.602 	205.184 	213.646 	-0.014 	0.036 	0.052 	
-1580.232 	-1803.887 	-1485.110 	-0.344 	-0.385 	-0.308 	
-934.349 	-47.878 	1018.202 	-0.192 	-0.016 	0.213 	
1457.366 	533.811 	232.123 	0.301 	0.117 	0.054 	
716.209 	-1020.790 	1337.313 	0.157 	-0.223 	0.290 	
-1496.126 	-880.664 	-1273.846 	-0.313 	-0.181 	-0.267 	
80.276 	-863.456 	-383.607 	0.009 	-0.221 	-0.078 	
1970.563 	154.824 	21.378 	0.403 	0.020 	0.002 	
-938.795 	-1341.459 	-1257.244 	-0.196 	-0.288 	-0.260 	
1561.154 	-971.950 	99.876 	0.339 	-0.202 	0.024 	
-512.526 	1349.325 	1176.041 	-0.098 	0.282 	0.246 	
322.875 	-486.244 	1683.067 	0.069 	-0.101 	0.351 	
1666.498 	-234.220 	905.915 	0.357 	-0.053 	0.187 	
-524.533 	74.298 	-2002.501 	-0.106 	0.020 	-0.429 	
-909.683 	-312.326 	-44.880 	-0.192 	-0.076 	-0.003 	
408.329 	1557.476 	810.541 	0.082 	0.329 	0.175 	
-1761.332 	463.810 	-322.739 	-0.380 	0.093 	-0.072 	
1001.799 	-993.969 	531.548 	0.208 	-0.204 	0.107 	
-343.149 	364.713 	-411.076 	-0.082 	0.072 	-0.088 	
1463.629 	-1556.615 	313.444 	0.312 	-0.332 	0.072 	
192.493 	-365.278 	554.778 	0.031 	-0.073 	0.114 	
1928.214 	-1589.194 	647.005 	0.419 	-0.334 	0.137 	
-908.831 	183.846 	-126.579 	-0.183 	0.037 	-0.026 	
-1510.100 	185.430 	1640.552 	-0.324 	0.050 	0.345 	
2006.998 	791.425 	-211.436 	0.428 	0.160 	-0.034 	
-1215.080 	1511.993 	-936.835 	-0.251 	0.327 	-0.194 	
-1210.208 	1470.633 	-541.417 	-0.246 	0.312 	-0.116 	
1451.372 	-485.169 	-201.656 	0.302 	-0.091 	-0.040 	
-1574.451 	346.366 	1483.878 	-0.329 	0.077 	0.314 	
1635.772 	-970.304 	-1945.858 	0.360 	-0.200 	-0.413 	
-1380.624 	-1877.617 	-1030.161 	-0.293 	-0.395 	-0.219 	
-414.429 	-213.788 	1463.174 	-0.079 	-0.046 	0.304 	
-113.508 	-973.082 	-127.855 	-0.027 	-0.204 	-0.038 	
-164.772 	-264.143 	725.188 	-0.024 	-0.057 	0.161 	
1171.123 	517.356 	453.404 	0.257 	0.113 	0.102 	
728.600 	-1549.294 	-2.749 	0.163 	-0.319 	0.005 	
1062.951 	-1735.466 	-1692.504 	0.218 	-0.370 	-0.361 	
-1137.706 	1717.571 	-488.229 	-0.240 	0.359 	-0.107 	
-1444.410 	1598.513 	440.788 	-0.298 	0.346 	0.092 	
-3.474 	-152.976 	-525.682 	0.002 	-0.035 	-0.115 	
-130.138 	-1529.577 	1144.806 	-0.015 	-0.322 	0.241 	
517.591 	-616.932 	1727.379 	0.108 	-0.125 	0.374 	
1700.704 	1360.584 	-1793.810 	0.370 	0.298 	-0.384 	
39.069 	-1002.927 	-396.433 	0.006 	-0.213 	-0.074 	
2014.649 	1404.465 	-54.169 	0.440 	0.296 	-0.014 	
-772.629 	1175.105 	-2084.493 	-0.154 	0.245 	-0.443 	
-63.107 	154.719 	-378.304 	-0.015 	0.023 	-0.084 	
-1588.010 	-387.469 	674.496 	-0.325 	-0.085 	0.146 	
912.008 	-238.547 	9.974 	0.190 	-0.061 	0.000 	
-566.882 	-389.381 	1644.916 	-0.123 	-0.083 	0.336 	
-321.626 	93.780 	-2008.356 	-0.066 	0.026 	-0.427 	
1547.303 	635.046 	720.274 	0.318 	0.136 	0.148 	
-1641.501 	-1031.656 	-2215.353 	-0.344 	-0.217 	-0.481 	
1829.577 	-385.234 	437.497 	0.384 	-0.075 	0.096 	
1141.128 	-1849.540 	266.421 	0.240 	-0.395 	0.065 	
939.720 	1759.216 	-1180.726 	0.211 	0.367 	-0.248 	
1499.127 	457.279 	-1269.290 	0.314 	0.104 	-0.265 	
62.041 	-2062.452 	1783.675 	0.020 	-0.446 	0.376 	
695.033 	-629.956 	617.287 	0.161 	-0.132 	0.128 	
55.673 	1960.358 	894.851 	0.024 	0.416 	0.192 	
1590.425 	-1029.122 	-1224.525 	0.350 	-0.222 	-0.260 	
791.497 	1823.240 	-100.983 	0.174 	0.388 	-0.012 	
968.204 	532.705 	-588.384 	0.195 	0.114 	-0.122 	
1617.966 	1819.793 	-449.986 	0.338 	0.378 	-0.095 	
873.264 	968.434 	-605.393 	0.199 	0.204 	-0.127 	
648.143 	-508.899 	-258.685 	0.149 	-0.115 	-0.056 	
576.022 	-421.450 	665.880 	0.124 	-0.089 	0.127 	
-522.129 	-1330.722 	-843.055 	-0.117 	-0.283 	-0.171 	
-1935.279 	-649.972 	1436.627 	-0.404 	-0.133 	0.304 	
-1651.003 	-1416.451 	-170.371 	-0.345 	-0.306 	-0.044 	
462.259 	1673.326 	905.231 	0.095 	0.361 	0.191 	
-397.247 	-568.348 	774.903 	-0.093 	-0.119 	0.164 	
1091.005 	-1855.268 	244.299 	0.240 	-0.395 	0.056 	
-1854.571 	-778.026 	1197.071 	-0.423 	-0.164 	0.250 	
1427.720 	-1710.139 	-1815.995 	0.271 	-0.372 	-0.381 	
-1730.090 	-745.946 	-1537.776 	-0.404 	-0.151 	-0.327 	
-565.082 	-1703.590 	817.594 	-0.148 	-0.356 	0.183 	
1299.718 	968.616 	-248.799 	0.233 	0.198 	-0.056 	
-1131.241 	-1626.198 	977.047 	-0.284 	-0.347 	0.212 	
2167.897 	-1666.661 	-1717.753 	0.430 	-0.361 	-0.371 	
1533.655 	-1149.091 	1010.727 	0.290 	-0.245 	0.224 	
-603.440 	-1020.262 	-1704.789 	-0.174 	-0.210 	-0.361 	
873.628 	986.990 	-1342.572 	0.146 	0.209 	-0.291 	
1530.280 	604.390 	209.473 	0.292 	0.134 	0.037 	
353.328 	73.366 	454.781 	0.025 	0.008 	0.095 	
-1847.546 	1726.118 	1862.427 	-0.436 	0.365 	0.391 	
766.970 	-1397.307 	723.093 	0.114 	-0.297 	0.154 	
742.712 	2090.051 	1883.992 	0.123 	0.448 	0.393 	
-75.594 	1608.083 	1188.080 	-0.045 	0.342 	0.245 	
1363.243 	-582.277 	766.662 	0.261 	-0.119 	0.168 	
500.245 	-1957.211 	1845.437 	0.060 	-0.415 	0.393 	
-205.552 	1839.409 	645.536 	-0.077 	0.390 	0.146 	
1074.498 	-1844.160 	1675.753 	0.195 	-0.397 	0.352 	
375.017 	508.659 	927.716 	0.039 	0.107 	0.198 	
-756.536 	1885.117 	-1908.555 	-0.188 	0.398 	-0.404 	
547.619 	637.709 	38.529 	0.091 	0.138 	0.010 	
1461.782 	106.471 	-227.488 	0.265 	0.028 	-0.054 	
-2079.103 	735.803 	-1082.115 	-0.489 	0.157 	-0.229 	
243.538 	1438.459 	875.040 	0.009 	0.310 	0.192 	
230.758 	-653.954 	4.614 	0.015 	-0.145 	0.005 	
-152.534 	-1447.810 	-264.972 	-0.072 	-0.312 	-0.050 	
-1307.605 	-350.278 	-425.671 	-0.324 	-0.073 	-0.092 	
-559.516 	904.417 	-1899.474 	-0.147 	0.189 	-0.401 	
396.845 	695.773 	-334.768 	0.058 	0.145 	-0.064 	
-713.823 	1857.900 	570.289 	-0.180 	0.401 	0.127 	
-1252.901 	1339.163 	-1712.823 	-0.312 	0.283 	-0.370 	
96.675 	1725.185 	1422.380 	-0.019 	0.368 	0.295 	
612.103 	-1915.233 	1654.664 	0.092 	-0.401 	0.352 	
566.308 	-1592.016 	208.361 	0.089 	-0.332 	0.050 	
324.395 	-320.039 	-1500.798 	0.026 	-0.064 	-0.317 	
-1489.139 	543.602 	1739.241 	-0.359 	0.108 	0.375 	
-2003.278 	1206.053 	9.123 	-0.467 	0.244 	0.005 	
1707.551 	61.149 	-1197.126 	0.330 	0.013 	-0.245 	
-877.007 	-767.330 	-1091.446 	-0.220 	-0.155 	-0.236 	
-1374.772 	-1015.168 	-600.676 	-0.319 	-0.206 	-0.128 	
1106.175 	-1781.491 	-1103.520 	0.190 	-0.376 	-0.235 	
-1374.563 	563.997 	-1218.093 	-0.325 	0.123 	-0.248 	
-758.470 	-329.293 	-505.110 	-0.206 	-0.062 	-0.112 	
1725.569 	2000.356 	-1060.385 	0.334 	0.434 	-0.219 	
818.606 	-1283.404 	-1110.759 	0.137 	-0.267 	-0.243 	
-1297.430 	1596.173 	-1732.659 	-0.313 	0.329 	-0.373 	
-516.243 	-952.635 	-780.778 	-0.132 	-0.203 	-0.165 	
56.849 	-299.644 	562.961 	-0.035 	-0.067 	0.119 	
45.482 	28.485 	82.418 	-0.029 	0.009 	0.015 	
767.701 	2082.331 	-166.845 	0.138 	0.445 	-0.035 	
795.072 	-1213.722 	-592.461 	0.144 	-0.257 	-0.123 	
1275.442 	841.137 	681.747 	0.232 	0.179 	0.144 	
-1567.781 	-257.198 	1104.485 	-0.370 	-0.044 	0.228 	
-486.862 	1303.639 	1176.131 	-0.137 	0.284 	0.257 	
-1315.463 	840.951 	1466.692 	-0.327 	0.179 	0.309 	
-582.586 	-394.632 	-811.877 	-0.153 	-0.076 	-0.166 	
-1253.623 	-901.537 	-709.915 	-0.293 	-0.199 	-0.151 	
-1276.181 	5.294 	190.276 	-0.305 	0.009 	0.035 	
-441.679 	-1675.045 	552.460 	-0.121 	-0.347 	0.122 	
564.023 	-234.577 	-55.932 	0.085 	-0.049 	-0.015 	
1081.478 	596.542 	996.707 	0.204 	0.126 	0.203 	
24.273 	-210.072 	-1746.081 	-0.040 	-0.040 	-0.367 	
-21.159 	-932.275 	-816.129 	-0.036 	-0.190 	-0.175 	
929.162 	-132.678 	1700.163 	0.163 	-0.030 	0.359 	
267.372 	-525.350 	327.867 	0.012 	-0.113 	0.078 	
257.361 	-1659.555 	1806.661 	0.023 	-0.346 	0.387 	
654.755 	354.111 	846.490 	0.104 	0.078 	0.179 	
180.145 	-1545.484 	-186.276 	-0.009 	-0.328 	-0.040 	
122.044 	-1537.281 	-812.498 	-0.019 	-0.322 	-0.174 	
-1644.523 	-1510.107 	-125.802 	-0.386 	-0.312 	-0.024 	
-1660.185 	-1193.021 	-535.552 	-0.399 	-0.254 	-0.112 	
1716.296 	-1667.974 	-438.443 	0.337 	-0.358 	-0.101 	
-360.951 	-769.593 	-927.356 	-0.117 	-0.171 	-0.200 	
-398.584 	-283.918 	130.583 	-0.131 	-0.063 	0.029 	
-636.905 	1454.163 	-1020.906 	-0.167 	0.314 	-0.221 	
-802.363 	682.775 	616.284 	-0.211 	0.151 	0.125 	
-338.571 	548.527 	-977.996 	-0.117 	0.121 	-0.207 	
-1530.691 	-1204.737 	803.932 	-0.353 	-0.251 	0.169 	
931.984 	-1340.494 	-329.263 	0.170 	-0.282 	-0.064 	
1427.720 	374.906 	1430.366 	0.259 	0.083 	0.302 	
-1599.330 	1036.752 	1342.573 	-0.369 	0.220 	0.279 	
-780.668 	479.236 	564.378 	-0.213 	0.101 	0.118 	
-993.395 	-1461.562 	2063.753 	-0.243 	-0.300 	0.441 	
-1075.617 	-1078.430 	141.841 	-0.265 	-0.233 	0.039 	
-1187.655 	190.921 	-1433.627 	-0.285 	0.039 	-0.306 	
1624.285 	20.117 	-1521.824 	0.319 	0.001 	-0.320 	
334.736 	674.672 	1704.138 	0.041 	0.149 	0.357 	
-1100.679 	979.864 	881.528 	-0.264 	0.203 	0.181 	
-605.959 	999.469 	1322.851 	-0.153 	0.210 	0.280 	
-1707.113 	1490.946 	288.036 	-0.401 	0.328 	0.064 	
-477.240 	-659.859 	-815.251 	-0.132 	-0.149 	-0.163 	
-631.762 	-1502.878 	382.474 	-0.171 	-0.316 	0.091 	
1973.472 	1696.253 	-1270.810 	0.396 	0.364 	-0.271 	
145.996 	-1293.450 	-1244.167 	0.004 	-0.274 	-0.272 	
-1028.992 	-1720.122 	-1491.925 	-0.255 	-0.375 	-0.313 	
671.143 	2157.705 	-853.577 	0.101 	0.463 	-0.188 	
538.630 	-1109.478 	1549.629 	0.072 	-0.239 	0.330 	
2082.148 	-170.866 	-1264.266 	0.415 	-0.040 	-0.270 	
631.826 	-276.093 	326.595 	0.090 	-0.059 	0.068 	
476.016 	1897.797 	-1017.706 	0.059 	0.405 	-0.218 	
-1274.301 	-771.364 	-757.571 	-0.303 	-0.153 	-0.158 	
-723.521 	1739.514 	-440.322 	-0.191 	0.357 	-0.089 	
-670.277 	-367.157 	-1588.574 	-0.173 	-0.077 	-0.336 	
888.129 	-1834.349 	-843.536 	0.159 	-0.395 	-0.173 	
1282.284 	-497.448 	-31.077 	0.232 	-0.098 	0.000 	
1895.046 	24.728 	1144.173 	0.375 	0.005 	0.244 	
1024.419 	1426.339 	-1941.217 	0.193 	0.302 	-0.416 	
-1514.993 	572.462 	1256.780 	-0.346 	0.123 	0.264 	
-198.148 	-0.348 	530.364 	-0.070 	0.002 	0.116 	
-592.929 	1513.797 	1309.580 	-0.166 	0.324 	0.279 	
2070.677 	1664.016 	-369.399 	0.408 	0.355 	-0.081 	
-1692.017 	223.819 	1286.003 	-0.398 	0.038 	0.270 	
-1970.006 	498.678 	-1431.559 	-0.447 	0.109 	-0.305 	
-1277.212 	-703.706 	-313.638 	-0.308 	-0.153 	-0.070 	
626.998 	604.557 	-845.521 	0.088 	0.128 	-0.185 	
1473.929 	1917.141 	-1244.331 	0.281 	0.415 	-0.271 	
-1308.303 	779.805 	-55.654 	-0.315 	0.157 	-0.016 	
328.403 	148.794 	385.576 	0.025 	0.026 	0.081 	
349.928 	-1520.725 	-776.246 	0.027 	-0.323 	-0.166 	
-1505.611 	-231.577 	-969.524 	-0.363 	-0.049 	-0.199 	
2092.431 	1299.077 	-1228.521 	0.420 	0.281 	-0.264 	
1390.663 	305.102 	1063.755 	0.263 	0.071 	0.217 	
528.723 	1714.083 	359.253 	0.073 	0.356 	0.074 	
640.074 	-467.897 	-708.474 	0.093 	-0.104 	-0.142 	
1590.094 	1500.163 	-1313.381 	0.294 	0.321 	-0.279 	
1935.092 	460.419 	-571.288 	0.385 	0.099 	-0.121 	
-1160.131 	516.079 	-368.986 	-0.291 	0.100 	-0.073 	
-803.617 	-1668.566 	-487.197 	-0.204 	-0.344 	-0.106 	
1012.898 	2029.547 	-1914.375 	0.177 	0.436 	-0.407 	
1802.115 	718.594 	-490.233 	0.347 	0.159 	-0.104 	
-1341.655 	-1183.677 	-1162.595 	-0.326 	-0.252 	-0.239 	
-1798.012 	115.072 	1017.035 	-0.428 	0.027 	0.221 	
1984.194 	-1070.093 	1604.169 	0.395 	-0.226 	0.334 	
1531.632 	119.937 	830.858 	0.279 	0.027 	0.177 	
486.671 	1473.573 	1168.838 	0.072 	0.320 	0.250 	
-1786.725 	1635.505 	-1298.032 	-0.423 	0.345 	-0.284 	
-1724.891 	160.085 	1852.125 	-0.390 	0.034 	0.395 	
1850.244 	-1326.354 	-855.173 	0.358 	-0.291 	-0.184 	
-819.208 	782.948 	806.144 	-0.222 	0.165 	0.175 	
1030.905 	1269.445 	506.508 	0.181 	0.268 	0.112 	
1488.510 	-247.993 	722.521 	0.287 	-0.056 	0.155 	
1359.038 	628.869 	686.255 	0.246 	0.124 	0.138 	
-1399.387 	-400.261 	1727.209 	-0.326 	-0.085 	0.373 	
1956.883 	-1506.566 	918.896 	0.385 	-0.318 	0.198 	
-411.510 	1325.428 	-1793.018 	-0.132 	0.281 	-0.381 	
-1520.060 	-1551.840 	2525.841 	-0.414 	-0.367 	0.615 	
365.631 	1051.901 	48.547 	0.048 	0.221 	0.008 	
515.983 	14.081 	255.549 	0.079 	0.007 	0.061 	
781.881 	1487.201 	1836.478 	0.139 	0.324 	0.390 	
-1414.045 	224.386 	-138.404 	-0.340 	0.057 	-0.027 	
-1854.015 	571.798 	-1743.802 	-0.429 	0.124 	-0.366 	
769.160 	954.266 	288.511 	0.136 	0.203 	0.061 	
-499.234 	-1348.133 	493.617 	-0.147 	-0.291 	0.102 	
1063.688 	-354.182 	-766.100 	0.201 	-0.078 	-0.161 	
-422.614 	-249.210 	1342.392 	-0.126 	-0.059 	0.277 	
-1540.761 	1407.775 	1876.957 	-0.359 	0.305 	0.407 	
1245.834 	-973.810 	138.040 	0.232 	-0.204 	0.040 	
-1367.622 	-897.651 	-485.019 	-0.334 	-0.187 	-0.103 	
202.799 	1485.714 	818.145 	0.003 	0.313 	0.173 	
-626.986 	-492.721 	-1788.986 	-0.157 	-0.105 	-0.376 	
-1225.799 	85.386 	-1503.311 	-0.306 	0.024 	-0.317 	
145.706 	1038.403 	124.495 	0.001 	0.225 	0.025 	
-1054.353 	-949.672 	60.953 	-0.265 	-0.194 	0.022 	
-1599.162 	-1784.109 	1920.840 	-0.379 	-0.379 	0.418 	
498.545 	-8.999 	642.694 	0.074 	-0.004 	0.138 	
1960.794 	822.762 	-707.577 	0.377 	0.172 	-0.147 	
2003.105 	-1334.039 	1372.228 	0.395 	-0.287 	0.293 	
-1940.608 	-1003.295 	-15.197 	-0.447 	-0.205 	-0.006 	
-712.307 	301.682 	-1454.444 	-0.195 	0.065 	-0.301 	
126.206 	-142.157 	901.511 	-0.017 	-0.025 	0.195 	
1509.951 	-621.327 	-332.338 	0.272 	-0.136 	-0.070 	
293.974 	-33.218 	-1217.309 	0.032 	-0.007 	-0.259 	
2118.662 	-1696.495 	-2174.075 	0.418 	-0.358 	-0.472 	
-122.404 	-1129.895 	-409.979 	-0.058 	-0.229 	-0.095 	
-915.796 	1560.585 	1686.653 	-0.225 	0.331 	0.356 	
1390.191 	227.697 	-1484.502 	0.251 	0.048 	-0.316 	
-575.821 	1533.294 	893.781 	-0.166 	0.326 	0.185 	
-1312.611 	-460.482 	-770.675 	-0.320 	-0.094 	-0.172 	
144.328 	55.378 	456.905 	-0.012 	0.008 	0.086 	
-631.594 	-856.641 	1098.862 	-0.176 	-0.178 	0.233 	
-82.361 	1104.961 	399.884 	-0.053 	0.223 	0.089 	
494.499 	-298.267 	-1173.262 	0.058 	-0.069 	-0.244 	
-686.990 	-642.463 	1502.653 	-0.180 	-0.125 	0.320 	
1931.267 	-628.458 	-1952.829 	0.377 	-0.141 	-0.413 	
1901.980 	-63.416 	-1638.191 	0.376 	-0.015 	-0.357 	
963.643 	49.570 	1816.997 	0.158 	0.014 	0.384 	
-373.888 	-1060.320 	-844.249 	-0.113 	-0.223 	-0.167 	
734.593 	-1984.153 	1741.968 	0.121 	-0.410 	0.369 	
-1443.627 	-766.939 	1728.261 	-0.334 	-0.163 	0.363 	
-828.366 	-215.011 	-1592.611 	-0.212 	-0.041 	-0.334 	
-80.103 	1601.597 	113.738 	-0.061 	0.344 	0.031 	
777.294 	792.054 	-1655.915 	0.130 	0.164 	-0.350 	
1141.530 	1200.081 	-1592.690 	0.211 	0.261 	-0.340 	
-1930.107 	264.432 	1134.572 	-0.443 	0.058 	0.241 	
-1188.115 	-269.878 	1475.106 	-0.289 	-0.070 	0.310 	
16.379 	1206.504 	918.861 	-0.042 	0.256 	0.202 	
-186.692 	1869.164 	1702.944 	-0.065 	0.396 	0.362 	
-1184.180 	-604.254 	1799.301 	-0.295 	-0.130 	0.379 	
1155.882 	1064.534 	-549.726 	0.203 	0.224 	-0.112 	
-22.099 	-482.911 	559.989 	-0.051 	-0.095 	0.118 	
-1212.650 	1726.462 	-1597.545 	-0.295 	0.374 	-0.335 	
1708.757 	1408.255 	198.316 	0.338 	0.300 	0.043 	
1456.081 	1697.264 	609.101 	0.285 	0.359 	0.132 	
-1675.543 	-1743.316 	-908.721 	-0.400 	-0.375 	-0.194 	
1864.461 	-1116.634 	1130.502 	0.351 	-0.245 	0.241 	
-558.316 	-299.334 	281.458 	-0.142 	-0.064 	0.057 	
-1454.359 	424.297 	785.929 	-0.355 	0.091 	0.163 	
-1661.054 	-639.289 	172.120 	-0.400 	-0.136 	0.038 	
1947.529 	1045.994 	1616.728 	0.383 	0.219 	0.336 	
2031.568 	-650.848 	-130.854 	0.396 	-0.138 	-0.033 	
506.333 	-1604.237 	-549.891 	0.084 	-0.338 	-0.116 	
-1012.269 	850.043 	-565.462 	-0.241 	0.176 	-0.123 	
-187.072 	-1511.084 	-1692.584 	-0.088 	-0.321 	-0.361 	
-2058.096 	-704.234 	1638.463 	-0.478 	-0.156 	0.340 	
-1410.242 	352.267 	1049.869 	-0.346 	0.075 	0.219 	
489.817 	-1458.931 	867.746 	0.059 	-0.312 	0.189 	
-58.559 	-1040.318 	165.771 	-0.047 	-0.211 	0.039 	
-180.835 	-201.477 	-628.693 	-0.063 	-0.041 	-0.131 	
297.712 	-800.434 	472.294 	0.017 	-0.161 	0.099 	
-1290.774 	-934.278 	58.953 	-0.306 	-0.200 	0.022 	
-1780.817 	814.729 	-301.343 	-0.427 	0.174 	-0.059 	
-1388.221 	-1382.256 	-1184.015 	-0.330 	-0.299 	-0.250 	
1986.169 	-1785.208 	498.916 	0.394 	-0.384 	0.107 	
-708.733 	1737.361 	572.556 	-0.190 	0.363 	0.130 	
-1365.738 	-555.186 	-78.101 	-0.316 	-0.128 	-0.014 	
1953.581 	-616.974 	1816.814 	0.380 	-0.135 	0.392 	
402.935 	229.510 	1333.685 	0.056 	0.043 	0.287 	
650.568 	-368.254 	-1324.920 	0.097 	-0.084 	-0.273 	
-379.661 	928.128 	49.038 	-0.121 	0.199 	0.007 	
2166.332 	1845.647 	1106.399 	0.421 	0.397 	0.230 	
-1311.055 	-734.840 	2463.602 	-0.324 	-0.162 	0.539 	
-1493.250 	407.060 	-1242.628 	-0.344 	0.084 	-0.264 	
-798.295 	-220.716 	653.683 	-0.213 	-0.039 	0.137 	
2000.029 	-890.246 	-1555.075 	0.382 	-0.188 	-0.328 	
-1047.787 	763.786 	202.802 	-0.256 	0.159 	0.041 	
-470.300 	1182.999 	103.441 	-0.139 	0.241 	0.022 	
512.081 	263.259 	1691.683 	0.078 	0.066 	0.355 	
-505.533 	-929.705 	607.606 	-0.137 	-0.201 	0.130 	
-1002.417 	1093.383 	832.501 	-0.241 	0.226 	0.182 	
886.681 	692.530 	506.176 	0.152 	0.143 	0.120 	
-166.475 	-113.062 	683.555 	-0.079 	-0.020 	0.149 	
1772.632 	-1209.368 	1377.111 	0.334 	-0.254 	0.299 	
562.367 	1642.313 	-79.049 	0.090 	0.351 	-0.012 	
-994.382 	799.921 	1058.015 	-0.243 	0.177 	0.221 	
-1782.043 	-549.143 	-1579.896 	-0.410 	-0.110 	-0.337 	
1863.814 	885.409 	1204.413 	0.356 	0.199 	0.252 	
1150.159 	-1282.490 	-655.172 	0.218 	-0.269 	-0.140 	
-773.348 	-156.661 	1180.633 	-0.202 	-0.029 	0.239 	
-45.928 	-825.183 	1876.939 	-0.051 	-0.182 	0.388 	
-204.899 	-1527.173 	1672.613 	-0.079 	-0.333 	0.341 	
-1778.578 	1263.489 	-1316.488 	-0.408 	0.263 	-0.285 	
1449.663 	-368.708 	-263.435 	0.281 	-0.080 	-0.052 	
693.410 	863.210 	942.721 	0.113 	0.193 	0.206 	
-416.236 	-688.876 	-1030.075 	-0.124 	-0.155 	-0.211 	
-667.377 	-387.664 	537.613 	-0.187 	-0.081 	0.115 	
-1395.657 	199.019 	282.675 	-0.319 	0.041 	0.062 	
1295.855 	-220.270 	-196.319 	0.235 	-0.051 	-0.040 	
1037.842 	-847.918 	1099.009 	0.196 	-0.177 	0.237 	
-396.600 	-831.171 	1265.449 	-0.131 	-0.182 	0.266 	
-1896.831 	7.105 	1391.529 	-0.441 	0.002 	0.294 	
-1012.218 	307.551 	437.895 	-0.261 	0.067 	0.093 	
1826.394 	-1285.301 	-43.579 	0.346 	-0.282 	-0.012 	
-274.540 	413.111 	-1019.561 	-0.097 	0.079 	-0.208 	
-531.742 	708.203 	1765.748 	-0.140 	0.145 	0.376 	
1474.012 	-1216.235 	-404.219 	0.279 	-0.257 	-0.082 	
1981.940 	-229.767 	-914.647 	0.392 	-0.052 	-0.188 	
1729.359 	1624.447 	2093.895 	0.328 	0.344 	0.447 	
1532.434 	-1960.582 	-1025.037 	0.290 	-0.414 	-0.210 	
1686.622 	570.928 	604.651 	0.331 	0.119 	0.124 	
2086.649 	-1110.182 	635.144 	0.419 	-0.235 	0.136 	
303.053 	-1490.773 	1130.882 	0.031 	-0.307 	0.242 	
614.903 	185.300 	-1418.954 	0.105 	0.040 	-0.302 	
1838.026 	1270.455 	917.190 	0.347 	0.272 	0.201 	
-495.341 	-372.126 	11.984 	-0.150 	-0.081 	0.006 	
-1261.007 	103.695 	-1352.876 	-0.307 	0.015 	-0.295 	
323.817 	916.308 	648.617 	0.026 	0.198 	0.147 	
-1236.101 	72.621 	1344.986 	-0.298 	0.027 	0.284 	
-634.195 	-646.891 	1741.405 	-0.174 	-0.150 	0.364 	
-1830.304 	933.804 	519.023 	-0.432 	0.203 	0.112 	
-1889.337 	935.039 	1588.151 	-0.427 	0.196 	0.341 	
-582.943 	-275.611 	1392.251 	-0.161 	-0.052 	0.289 	
1997.557 	-1320.426 	-1560.195 	0.383 	-0.280 	-0.341 	
304.168 	-1914.882 	1931.233 	0.019 	-0.410 	0.410 	
-942.969 	1015.303 	361.484 	-0.231 	0.215 	0.075 	
-1722.852 	696.295 	1447.286 	-0.391 	0.146 	0.310 	
-1334.797 	-19.057 	1134.415 	-0.306 	-0.001 	0.240 	
151.796 	898.602 	1162.196 	-0.014 	0.184 	0.247 	
462.437 	-583.536 	-199.339 	0.071 	-0.123 	-0.041 	
502.541 	274.640 	282.352 	0.066 	0.047 	0.059 	
-542.320 	-1420.288 	675.129 	-0.142 	-0.308 	0.140 	
613.399 	-364.918 	612.175 	0.096 	-0.078 	0.122 	
1371.798 	518.583 	1064.670 	0.264 	0.113 	0.217 	
869.539 	201.872 	-1109.399 	0.143 	0.044 	-0.235 	
454.165 	103.523 	-584.145 	0.059 	0.026 	-0.126 	
-1963.151 	-1439.899 	1966.417 	-0.460 	-0.308 	0.425 	
-1199.852 	1781.609 	1143.283 	-0.294 	0.374 	0.249 	
-663.572 	-1676.091 	1397.329 	-0.173 	-0.352 	0.295 	
-293.065 	-396.039 	1322.964 	-0.099 	-0.093 	0.272 	
-471.180 	-344.477 	-444.666 	-0.147 	-0.076 	-0.099 	
2184.160 	695.484 	1931.700 	0.435 	0.151 	0.410 	
-427.028 	-1711.031 	-1693.724 	-0.116 	-0.363 	-0.362 	
898.469 	1985.176 	-260.211 	0.156 	0.429 	-0.060 	
624.069 	2040.623 	-1912.056 	0.105 	0.437 	-0.402 	
-229.830 	1335.220 	759.409 	-0.082 	0.287 	0.163 	
-668.304 	1248.505 	-178.123 	-0.179 	0.262 	-0.047 	
321.071 	785.450 	-2160.632 	0.033 	0.163 	-0.469 	
-747.504 	242.029 	-567.903 	-0.187 	0.054 	-0.117 	
39.793 	155.997 	-1232.357 	-0.022 	0.033 	-0.268 	
1532.886 	1177.339 	-557.448 	0.301 	0.248 	-0.119 	
-1766.790 	1229.671 	-1227.770 	-0.414 	0.265 	-0.270 	
1844.110 	1779.853 	1106.756 	0.370 	0.377 	0.237 	
-1273.246 	1221.526 	1269.662 	-0.312 	0.256 	0.278 	
705.042 	666.259 	1401.841 	0.105 	0.133 	0.297 	
-2014.764 	1237.162 	-1096.917 	-0.470 	0.268 	-0.237 	
-1078.444 	1763.714 	-638.684 	-0.258 	0.372 	-0.129 	
-1125.787 	797.128 	584.508 	-0.266 	0.165 	0.132 	
-127.414 	-647.545 	972.695 	-0.072 	-0.131 	0.193 	
50.563 	-788.978 	-1680.679 	-0.025 	-0.156 	-0.356 	
-1822.747 	-565.072 	-944.378 	-0.414 	-0.122 	-0.207 	
1335.239 	205.338 	-290.553 	0.252 	0.047 	-0.050 	
1483.081 	-18.155 	-206.341 	0.276 	-0.009 	-0.032 	
-740.061 	-355.495 	1683.141 	-0.198 	-0.079 	0.352 	
1744.289 	-1165.857 	-1105.126 	0.339 	-0.241 	-0.241 	
711.462 	-230.500 	943.659 	0.110 	-0.045 	0.199 	
2078.581 	-1807.901 	-1087.470 	0.415 	-0.378 	-0.238 	
679.017 	-1330.672 	199.502 	0.109 	-0.280 	0.035 	
-456.688 	-1696.684 	99.989 	-0.136 	-0.361 	0.021 	
594.022 	1646.117 	-233.814 	0.098 	0.339 	-0.049 	
1186.270 	-338.468 	-371.556 	0.213 	-0.062 	-0.075 	
-687.767 	-257.864 	77.917 	-0.176 	-0.061 	0.021 	
-193.123 	1234.802 	-310.011 	-0.087 	0.265 	-0.065 	
1164.650 	-1463.103 	-1886.430 	0.221 	-0.316 	-0.409 	
-1531.668 	1368.588 	476.972 	-0.366 	0.290 	0.113 	
-285.407 	-864.656 	1287.075 	-0.103 	-0.178 	0.263 	
908.348 	1082.213 	-56.166 	0.146 	0.231 	-0.015 	
1362.809 	1722.835 	-1547.523 	0.252 	0.372 	-0.326 	
-1655.535 	313.516 	26.611 	-0.390 	0.057 	0.011 	
1350.442 	1012.317 	295.275 	0.250 	0.208 	0.070 	
-1963.829 	1901.613 	1943.820 	-0.460 	0.399 	0.418 	
362.838 	325.224 	731.824 	0.048 	0.068 	0.147 	
1126.139 	-487.134 	-204.378 	0.198 	-0.109 	-0.038 	
1748.529 	1018.599 	1515.685 	0.328 	0.217 	0.321 	
-215.013 	-241.013 	-235.778 	-0.089 	-0.057 	-0.040 	
1781.237 	-1466.498 	-1460.502 	0.352 	-0.310 	-0.311 	
1462.140 	-50.509 	-732.997 	0.276 	-0.009 	-0.158 	
-1640.334 	-1665.949 	-266.928 	-0.385 	-0.353 	-0.046 	
-1450.893 	1716.308 	1767.315 	-0.348 	0.375 	0.370 	
1193.006 	-2072.855 	1308.545 	0.217 	-0.452 	0.277 	
1310.333 	-1307.486 	-224.701 	0.240 	-0.276 	-0.039 	
2066.822 	-1791.484 	1772.370 	0.414 	-0.381 	0.375 	
-770.112 	-347.211 	-750.748 	-0.198 	-0.070 	-0.156 	
2224.029 	1760.908 	1143.169 	0.449 	0.379 	0.238 	
1094.123 	884.025 	-822.189 	0.186 	0.187 	-0.177 	
74.285 	1522.839 	-564.338 	-0.016 	0.328 	-0.116 	
-2034.940 	392.843 	-772.210 	-0.476 	0.083 	-0.157 	
-2293.137 	1747.399 	2891.468 	-0.522 	0.378 	0.617 	
754.976 	-374.152 	1569.501 	0.135 	-0.078 	0.329 	
-924.521 	-418.998 	-552.803 	-0.242 	-0.086 	-0.113 	
-1847.381 	744.721 	1526.304 	-0.418 	0.160 	0.322 	
-837.213 	934.469 	-1046.025 	-0.212 	0.198 	-0.233 	
-0.664 	235.705 	-346.937 	-0.026 	0.045 	-0.074 	
-1686.142 	-270.495 	-903.177 	-0.401 	-0.054 	-0.191 	
103.837 	-543.111 	-298.140 	-0.015 	-0.122 	-0.066 	
2075.201 	-232.147 	-127.240 	0.407 	-0.049 	-0.035 	
-335.255 	522.976 	333.363 	-0.115 	0.108 	0.082 	
901.439 	-1488.013 	-176.299 	0.144 	-0.314 	-0.042 	
1375.638 	-1741.802 	-798.286 	0.260 	-0.366 	-0.178 	
-1008.446 	-1163.447 	781.628 	-0.241 	-0.249 	0.164 	
-340.407 	1183.150 	1515.564 	-0.109 	0.245 	0.319 	
1081.156 	1921.229 	1291.735 	0.194 	0.418 	0.274 	
-2054.033 	982.504 	-223.673 	-0.474 	0.218 	-0.051 	
-142.464 	55.030 	-1350.168 	-0.069 	0.005 	-0.283 	
-894.080 	679.286 	-1799.424 	-0.222 	0.136 	-0.376 	
-1674.532 	-528.154 	254.645 	-0.397 	-0.119 	0.054 	
914.778 	701.706 	701.803 	0.160 	0.152 	0.140 	
480.070 	-393.457 	-1489.799 	0.058 	-0.088 	-0.313 	
404.818 	1414.395 	717.639 	0.053 	0.296 	0.150 	
110.460 	531.878 	1022.037 	-0.015 	0.120 	0.212 	
-780.551 	-1244.171 	1293.945 	-0.201 	-0.261 	0.278 	
50.897 	-235.639 	-675.641 	-0.030 	-0.051 	-0.137 	
-447.953 	1866.814 	1146.086 	-0.139 	0.388 	0.249 	
-1010.900 	438.040 	-143.402 	-0.245 	0.087 	-0.021 	
-1663.753 	-1044.324 	172.373 	-0.400 	-0.219 	0.036 	
1382.626 	-731.787 	-2002.952 	0.264 	-0.155 	-0.430 	
-1597.638 	2215.340 	-974.681 	-0.381 	0.481 	-0.204 	
-744.222 	876.573 	-1837.813 	-0.183 	0.189 	-0.390 	
1440.342 	-885.202 	-312.163 	0.268 	-0.179 	-0.062 	
250.976 	382.230 	-333.951 	0.013 	0.087 	-0.071 	
-483.179 	1614.257 	-782.286 	-0.144 	0.342 	-0.165 	
-389.854 	216.565 	1315.965 	-0.123 	0.052 	0.273 	
-1401.225 	-1443.190 	1748.803 	-0.344 	-0.302 	0.372 	
969.566 	1350.358 	1237.881 	0.175 	0.276 	0.262 	
278.377 	1235.568 	1631.996 	0.030 	0.260 	0.351 	
738.107 	881.566 	-1062.548 	0.115 	0.177 	-0.225 	
1257.356 	1030.853 	-1748.442 	0.233 	0.218 	-0.377 	
201.700 	-746.741 	-1512.685 	0.005 	-0.168 	-0.320 	
-1401.907 	1000.768 	-683.570 	-0.343 	0.206 	-0.142 	
1002.112 	77.766 	-16.021 	0.181 	0.018 	0.001 	
-1538.500 	1586.081 	97.964 	-0.377 	0.333 	0.028 	
-722.854 	-1491.395 	-636.310 	-0.190 	-0.314 	-0.139 	
441.177 	-959.835 	-1519.821 	0.046 	-0.206 	-0.323 	
-335.330 	-505.771 	1206.181 	-0.117 	-0.106 	0.257 	
-84.919 	-1794.348 	810.060 	-0.051 	-0.383 	0.178 	
1303.456 	935.269 	-1334.205 	0.252 	0.196 	-0.283 	
211.804 	1102.064 	-1037.836 	0.010 	0.240 	-0.228 	
66.996 	1375.612 	-1169.774 	-0.030 	0.290 	-0.244 	
-992.811 	1378.257 	-803.311 	-0.239 	0.295 	-0.170 	
-1980.742 	-740.317 	228.787 	-0.460 	-0.162 	0.056 	
-1201.997 	-564.984 	-1046.589 	-0.279 	-0.123 	-0.220 	
2194.237 	-1241.856 	1831.368 	0.433 	-0.263 	0.384 	
-1881.738 	887.914 	-326.887 	-0.440 	0.194 	-0.067 	
-163.691 	-679.039 	943.349 	-0.086 	-0.133 	0.208 	
-499.335 	-669.429 	-1385.318 	-0.134 	-0.143 	-0.284 	
-795.754 	-1832.803 	1696.666 	-0.208 	-0.387 	0.358 	
-152.610 	-673.522 	970.249 	-0.074 	-0.146 	0.206 	
185.356 	-1800.742 	411.777 	0.009 	-0.387 	0.088 	
-535.037 	-264.925 	117.250 	-0.162 	-0.061 	0.027 	
-632.184 	-622.133 	-682.307 	-0.173 	-0.136 	-0.139 	
-484.979 	-817.052 	1070.794 	-0.093 	-0.137 	0.164 	
759.028 	-1635.069 	1018.060 	0.131 	-0.355 	0.214 	
-1109.607 	-325.107 	1027.675 	-0.262 	-0.075 	0.218 	
1862.185 	956.183 	-1530.330 	0.372 	0.205 	-0.328 	
-244.102 	1041.859 	1807.953 	-0.090 	0.214 	0.377 	
670.335 	1532.944 	1216.660 	0.117 	0.323 	0.257 	
1243.560 	1306.094 	817.257 	0.238 	0.281 	0.175 	
1028.643 	-1121.238 	372.721 	0.183 	-0.230 	0.082 	
-722.294 	-320.087 	-1301.559 	-0.195 	-0.061 	-0.267 	
-1088.359 	1196.166 	689.183 	-0.257 	0.253 	0.152 	
272.868 	-704.642 	1180.722 	0.014 	-0.152 	0.251 	
654.416 	-1343.173 	980.252 	0.102 	-0.295 	0.211 	
-530.440 	-1342.190 	123.138 	-0.155 	-0.272 	0.026 	
299.979 	-1178.885 	-231.164 	0.020 	-0.252 	-0.057 	
-83.741 	-1198.093 	-542.400 	-0.065 	-0.249 	-0.112 	
1633.499 	-276.921 	-1570.546 	0.313 	-0.058 	-0.331 	
869.358 	411.545 	1857.073 	0.138 	0.090 	0.396 	
-1338.828 	883.061 	1201.567 	-0.318 	0.190 	0.262 	
2053.961 	-1104.379 	1837.780 	0.410 	-0.231 	0.399 	
-1264.905 	657.925 	299.358 	-0.297 	0.141 	0.058 	
178.430 	288.361 	1663.459 	0.002 	0.071 	0.348 	
-1995.801 	895.860 	1253.545 	-0.462 	0.201 	0.266 	
-668.959 	-1241.282 	367.354 	-0.182 	-0.272 	0.078 	
1012.315 	-203.405 	-1050.148 	0.186 	-0.037 	-0.226 	
-658.638 	-1769.552 	2021.329 	-0.176 	-0.378 	0.440 	
-1540.910 	1581.102 	128.768 	-0.369 	0.339 	0.019 	
432.827 	-1891.670 	-1732.173 	0.055 	-0.397 	-0.365 	
-2001.092 	-489.510 	-1852.127 	-0.452 	-0.106 	-0.393 	
-905.372 	5.061 	-1167.398 	-0.238 	-0.001 	-0.247 	
54.432 	110.167 	-179.225 	-0.019 	0.019 	-0.038 	
-1988.699 	-491.730 	1937.239 	-0.461 	-0.112 	0.415 	
-636.054 	-66.260 	-143.603 	-0.169 	-0.023 	-0.017 	
1834.889 	-978.648 	1136.717 	0.357 	-0.215 	0.250 	
-1781.262 	-1446.898 	-1508.338 	-0.419 	-0.305 	-0.316 	
-1705.788 	526.754 	-16.417 	-0.386 	0.108 	-0.003 	
387.258 	615.846 	-1840.627 	0.053 	0.137 	-0.394 	
-1238.904 	475.268 	868.404 	-0.291 	0.092 	0.188 	
1956.819 	-1819.140 	1324.528 	0.374 	-0.394 	0.283 	
-549.177 	1117.864 	-1281.874 	-0.143 	0.230 	-0.274 	
-2000.836 	162.527 	1052.937 	-0.461 	0.033 	0.227 	
858.560 	-1469.475 	1632.199 	0.142 	-0.311 	0.352 	
-1961.163 	1367.749 	-176.331 	-0.452 	0.290 	-0.043 	
-1849.241 	824.457 	645.473 	-0.420 	0.170 	0.146 	
351.794 	-1403.422 	383.914 	0.048 	-0.303 	0.081 	
-664.228 	-1432.448 	877.737 	-0.176 	-0.313 	0.192 	
456.489 	-1038.965 	-1738.486 	0.071 	-0.226 	-0.364 	
-1568.560 	-981.474 	866.375 	-0.365 	-0.203 	0.183 	
-1947.093 	-754.032 	-963.060 	-0.458 	-0.164 	-0.209 	
1135.462 	-1772.104 	-1677.425 	0.210 	-0.386 	-0.353 	
-1769.370 	-1214.804 	-1422.840 	-0.413 	-0.260 	-0.313 	
518.259 	-576.911 	-133.539 	0.074 	-0.120 	-0.025 	
1000.942 	1734.848 	891.849 	0.173 	0.371 	0.184 	
1648.324 	451.503 	1060.021 	0.306 	0.095 	0.230 	
887.877 	-999.333 	-1194.277 	0.158 	-0.221 	-0.247 	
2065.990 	-1762.377 	1507.131 	0.399 	-0.376 	0.327 	
-1808.635 	-869.078 	-327.295 	-0.424 	-0.184 	-0.072 	
-1051.505 	1797.917 	852.718 	-0.267 	0.379 	0.190 	
-555.268 	1132.297 	1621.308 	-0.157 	0.232 	0.349 	
1151.310 	311.290 	1449.165 	0.210 	0.068 	0.309 	
-246.739 	-1530.962 	1628.769 	-0.093 	-0.317 	0.342 	
-1477.989 	1015.780 	713.452 	-0.345 	0.222 	0.149 	
1264.101 	1533.826 	136.594 	0.236 	0.331 	0.033 	
-1012.430 	-747.199 	-767.341 	-0.243 	-0.165 	-0.164 	
-172.144 	-1231.599 	1596.754 	-0.075 	-0.271 	0.333 	
1545.309 	255.665 	242.761 	0.291 	0.049 	0.062 	
-1832.931 	-1899.725 	1220.729 	-0.419 	-0.409 	0.258 	
-663.828 	-650.477 	-513.780 	-0.168 	-0.127 	-0.112 	
1474.681 	-1482.162 	405.992 	0.278 	-0.310 	0.093 	
-183.971 	995.462 	524.032 	-0.081 	0.201 	0.109 	
-390.058 	-811.433 	-189.413 	-0.124 	-0.163 	-0.044 	
1012.635 	101.932 	-1055.904 	0.176 	0.023 	-0.216 	
-1573.313 	1665.581 	1173.289 	-0.377 	0.359 	0.240 	
1936.815 	-1625.664 	210.919 	0.383 	-0.348 	0.052 	
1673.690 	-66.495 	1250.731 	0.327 	-0.015 	0.269 	
487.774 	1626.877 	-19.757 	0.060 	0.354 	-0.007 	
322.859 	462.771 	1053.198 	0.043 	0.091 	0.218 	
-2003.788 	1303.289 	1693.927 	-0.470 	0.272 	0.361 	
-1502.300 	-509.959 	694.181 	-0.345 	-0.115 	0.149 	
1715.571 	327.504 	-433.187 	0.320 	0.067 	-0.096 	
-1048.641 	-356.226 	-1540.178 	-0.248 	-0.075 	-0.323 	
