## Las primeras 500 lineas corresponden a la esfera 1 
##las siguienets 500 lineas a la esfera 2
## Las primeras tres columnas corresponden a la posición en 'x', 'y' y 'z', las siguientes tres a las velocidades
-5.344 	-1194.253 	117.514 	-0.010 	-0.246 	0.028 	
379.406 	-364.786 	-4.720 	0.086 	-0.077 	-0.003 	
437.764 	1519.693 	1032.296 	0.099 	0.315 	0.207 	
-1415.875 	1571.522 	1035.217 	-0.304 	0.334 	0.221 	
-303.401 	-322.217 	1464.890 	-0.053 	-0.066 	0.315 	
1564.838 	1011.937 	1804.173 	0.342 	0.215 	0.375 	
1630.718 	-825.619 	-1590.607 	0.345 	-0.169 	-0.337 	
-1542.360 	-891.697 	555.275 	-0.322 	-0.178 	0.123 	
1336.541 	409.879 	886.794 	0.277 	0.096 	0.186 	
511.869 	485.811 	694.283 	0.105 	0.099 	0.152 	
1360.431 	-110.226 	80.936 	0.280 	-0.021 	0.014 	
-298.140 	-1233.878 	198.359 	-0.056 	-0.257 	0.045 	
256.569 	-878.064 	131.730 	0.067 	-0.182 	0.029 	
991.547 	1394.912 	1347.354 	0.199 	0.293 	0.280 	
-57.152 	1160.535 	-1882.829 	-0.019 	0.251 	-0.390 	
-665.396 	-130.038 	3.308 	-0.140 	-0.018 	0.003 	
-748.046 	1522.890 	-616.020 	-0.162 	0.314 	-0.131 	
163.835 	869.422 	-1687.072 	0.032 	0.172 	-0.359 	
-2209.461 	-1651.438 	-934.429 	-0.475 	-0.342 	-0.200 	
791.967 	-1918.105 	-1655.656 	0.158 	-0.406 	-0.349 	
183.549 	-1796.047 	2132.507 	0.042 	-0.368 	0.453 	
157.965 	664.790 	1864.036 	0.030 	0.137 	0.382 	
-479.025 	-857.193 	427.210 	-0.100 	-0.169 	0.085 	
-1565.745 	-1241.724 	569.780 	-0.322 	-0.254 	0.115 	
1079.075 	-769.524 	1256.106 	0.235 	-0.161 	0.257 	
-729.434 	-17.418 	1653.308 	-0.142 	-0.000 	0.343 	
117.533 	-1010.280 	-66.795 	0.032 	-0.205 	-0.010 	
437.962 	-1826.338 	1361.389 	0.088 	-0.393 	0.288 	
-1591.945 	1595.917 	414.302 	-0.327 	0.333 	0.088 	
-897.326 	-1379.964 	1093.925 	-0.181 	-0.285 	0.233 	
-568.334 	-962.266 	-1617.554 	-0.116 	-0.197 	-0.340 	
774.265 	1280.829 	1540.388 	0.158 	0.262 	0.325 	
1550.934 	-583.547 	1431.183 	0.326 	-0.122 	0.303 	
-1015.562 	1061.616 	133.101 	-0.200 	0.220 	0.029 	
166.921 	-542.226 	-1772.264 	0.034 	-0.121 	-0.362 	
271.473 	-240.240 	190.757 	0.069 	-0.043 	0.041 	
-746.445 	-1516.308 	-1711.162 	-0.158 	-0.314 	-0.370 	
-737.149 	-1857.315 	1394.911 	-0.144 	-0.388 	0.293 	
-705.716 	-168.962 	1001.247 	-0.152 	-0.031 	0.213 	
1203.627 	-1900.498 	1373.451 	0.252 	-0.399 	0.292 	
2054.279 	769.481 	-79.958 	0.433 	0.150 	-0.019 	
360.823 	-482.431 	163.077 	0.080 	-0.092 	0.029 	
787.956 	228.269 	1338.974 	0.171 	0.038 	0.269 	
-74.063 	-1316.997 	-856.358 	-0.025 	-0.276 	-0.178 	
319.935 	-381.262 	1295.998 	0.076 	-0.081 	0.277 	
168.992 	332.304 	-628.803 	0.044 	0.073 	-0.125 	
1989.080 	146.751 	33.539 	0.417 	0.037 	0.018 	
-466.487 	1838.162 	-484.996 	-0.098 	0.388 	-0.104 	
436.407 	-530.330 	-710.420 	0.100 	-0.114 	-0.146 	
1706.652 	1099.347 	544.564 	0.360 	0.239 	0.114 	
-1570.238 	-577.612 	-1271.960 	-0.324 	-0.126 	-0.274 	
906.086 	-153.688 	899.845 	0.181 	-0.031 	0.181 	
1913.584 	-868.331 	-1890.039 	0.411 	-0.192 	-0.398 	
-157.820 	1207.080 	19.361 	-0.022 	0.250 	0.011 	
-1381.469 	1500.475 	1095.171 	-0.296 	0.310 	0.228 	
-311.063 	-1793.959 	914.870 	-0.060 	-0.383 	0.198 	
-761.089 	-24.920 	-1134.252 	-0.149 	-0.009 	-0.243 	
63.966 	-1596.707 	-552.184 	0.022 	-0.335 	-0.118 	
-1862.749 	1330.813 	1590.161 	-0.395 	0.285 	0.340 	
1081.684 	1680.476 	674.328 	0.230 	0.348 	0.133 	
-485.033 	1811.911 	480.970 	-0.112 	0.383 	0.099 	
704.036 	1072.949 	-633.528 	0.154 	0.220 	-0.130 	
-1433.022 	1945.861 	767.520 	-0.311 	0.413 	0.163 	
1293.516 	365.718 	-652.017 	0.272 	0.086 	-0.136 	
1543.052 	-1800.921 	-1827.107 	0.338 	-0.378 	-0.380 	
2213.191 	-745.630 	-1862.917 	0.479 	-0.156 	-0.393 	
1406.206 	-1040.082 	-1623.457 	0.310 	-0.219 	-0.343 	
-2043.044 	2227.852 	-642.976 	-0.435 	0.480 	-0.141 	
2202.954 	1031.415 	1339.896 	0.475 	0.219 	0.278 	
-319.188 	657.217 	799.411 	-0.067 	0.121 	0.169 	
1456.463 	544.802 	575.522 	0.314 	0.106 	0.115 	
599.689 	-101.885 	683.948 	0.137 	-0.016 	0.143 	
-35.685 	1156.852 	-1902.394 	-0.004 	0.237 	-0.400 	
-492.273 	-1435.867 	-581.731 	-0.106 	-0.301 	-0.118 	
-860.368 	743.543 	1161.751 	-0.191 	0.154 	0.240 	
856.529 	-253.657 	-477.432 	0.179 	-0.051 	-0.086 	
-49.265 	-445.950 	-1336.842 	-0.013 	-0.083 	-0.281 	
1662.887 	983.798 	-1564.161 	0.354 	0.208 	-0.338 	
218.136 	-367.818 	-734.004 	0.041 	-0.072 	-0.158 	
-27.247 	-469.293 	1606.512 	0.000 	-0.103 	0.335 	
-281.033 	1480.338 	461.034 	-0.067 	0.302 	0.098 	
437.848 	-774.699 	-530.942 	0.082 	-0.158 	-0.104 	
950.156 	1204.617 	1566.749 	0.196 	0.257 	0.328 	
-398.547 	-1263.323 	1594.565 	-0.088 	-0.260 	0.340 	
1238.266 	-667.851 	-296.409 	0.266 	-0.132 	-0.070 	
-1144.234 	-1598.423 	-1557.682 	-0.234 	-0.333 	-0.323 	
1184.998 	-371.984 	-737.016 	0.251 	-0.084 	-0.167 	
-1227.359 	-1323.929 	1421.444 	-0.268 	-0.278 	0.301 	
-1710.839 	-1675.407 	1100.263 	-0.352 	-0.353 	0.235 	
-1550.824 	-675.982 	-172.031 	-0.318 	-0.149 	-0.028 	
2024.221 	918.369 	1433.975 	0.426 	0.205 	0.300 	
54.341 	782.612 	1449.363 	0.009 	0.169 	0.305 	
137.807 	-343.078 	136.168 	0.035 	-0.078 	0.030 	
-245.451 	-1726.623 	-720.839 	-0.045 	-0.368 	-0.145 	
1666.798 	-1111.798 	1654.626 	0.349 	-0.227 	0.346 	
-643.583 	1076.848 	-1747.461 	-0.127 	0.235 	-0.362 	
1670.201 	423.095 	1077.013 	0.360 	0.084 	0.226 	
1794.045 	411.979 	-1198.140 	0.386 	0.087 	-0.251 	
2034.510 	1619.043 	252.828 	0.442 	0.338 	0.054 	
1119.493 	-866.560 	1116.743 	0.227 	-0.189 	0.230 	
-1297.201 	1717.114 	942.105 	-0.272 	0.353 	0.203 	
-2113.984 	-1524.747 	-660.578 	-0.453 	-0.319 	-0.132 	
570.942 	-1973.649 	1139.448 	0.122 	-0.420 	0.238 	
-863.103 	-203.472 	1497.004 	-0.179 	-0.034 	0.320 	
1067.919 	-461.371 	583.490 	0.235 	-0.097 	0.127 	
-1805.169 	905.462 	1656.568 	-0.371 	0.191 	0.344 	
-1771.254 	-1247.523 	1169.732 	-0.381 	-0.258 	0.250 	
-2067.831 	2165.033 	-882.489 	-0.441 	0.465 	-0.186 	
1307.565 	-838.915 	57.714 	0.269 	-0.181 	0.020 	
2184.263 	-194.840 	-707.399 	0.468 	-0.047 	-0.140 	
-538.282 	-185.730 	1072.025 	-0.109 	-0.042 	0.230 	
489.610 	-646.842 	971.520 	0.092 	-0.137 	0.204 	
871.845 	1.156 	318.859 	0.175 	-0.007 	0.062 	
-326.425 	1881.305 	-688.255 	-0.074 	0.389 	-0.137 	
-1263.130 	1722.426 	1727.435 	-0.268 	0.363 	0.368 	
-198.723 	1847.174 	1793.622 	-0.036 	0.392 	0.378 	
568.432 	-1932.052 	-343.796 	0.117 	-0.406 	-0.061 	
-2047.099 	-582.584 	1930.480 	-0.427 	-0.131 	0.403 	
1396.129 	-839.291 	-727.027 	0.292 	-0.185 	-0.144 	
-135.173 	1368.308 	251.557 	-0.038 	0.284 	0.057 	
-956.342 	210.344 	1183.047 	-0.195 	0.046 	0.257 	
1086.483 	-1520.177 	-686.172 	0.231 	-0.325 	-0.144 	
884.783 	-285.246 	-1442.719 	0.184 	-0.049 	-0.305 	
1787.428 	-806.616 	1827.170 	0.369 	-0.173 	0.386 	
-1947.017 	669.062 	973.775 	-0.417 	0.137 	0.202 	
566.637 	-244.032 	-705.427 	0.111 	-0.043 	-0.142 	
-2026.615 	-1296.716 	-774.402 	-0.424 	-0.271 	-0.155 	
-2136.995 	-1984.588 	812.106 	-0.460 	-0.418 	0.168 	
-1567.595 	809.794 	-1920.713 	-0.331 	0.173 	-0.395 	
-1678.907 	-1748.492 	670.164 	-0.345 	-0.371 	0.140 	
-175.296 	-1171.763 	916.838 	-0.044 	-0.243 	0.195 	
-453.783 	1491.163 	-844.895 	-0.099 	0.316 	-0.184 	
-1170.798 	974.564 	14.412 	-0.248 	0.199 	0.002 	
35.098 	557.844 	-1684.487 	0.000 	0.111 	-0.349 	
2082.695 	-1907.232 	190.903 	0.434 	-0.399 	0.034 	
-279.611 	-1487.552 	-762.301 	-0.052 	-0.311 	-0.170 	
229.524 	-1161.509 	531.697 	0.041 	-0.243 	0.103 	
-1380.976 	-1756.454 	1381.529 	-0.281 	-0.375 	0.293 	
1624.595 	-786.730 	-806.670 	0.342 	-0.160 	-0.168 	
697.792 	-1451.004 	434.415 	0.159 	-0.302 	0.096 	
-1407.263 	-869.226 	-1114.001 	-0.286 	-0.187 	-0.233 	
1825.597 	-534.566 	-483.279 	0.373 	-0.106 	-0.103 	
-1233.239 	1871.690 	444.475 	-0.262 	0.388 	0.099 	
-1492.293 	-1566.301 	243.024 	-0.315 	-0.328 	0.057 	
-472.346 	584.397 	692.963 	-0.105 	0.114 	0.144 	
1145.710 	-248.966 	1628.425 	0.239 	-0.051 	0.332 	
-854.494 	-119.268 	-677.348 	-0.174 	-0.015 	-0.142 	
-19.363 	970.572 	1465.976 	-0.009 	0.201 	0.297 	
1748.844 	-1616.838 	-1883.578 	0.360 	-0.342 	-0.399 	
-153.043 	1354.106 	-957.420 	-0.024 	0.277 	-0.203 	
1729.406 	-1878.056 	487.086 	0.366 	-0.393 	0.093 	
-1357.280 	-536.101 	1174.044 	-0.276 	-0.106 	0.245 	
466.341 	1044.088 	2003.031 	0.094 	0.211 	0.422 	
-2026.862 	-1988.354 	-744.888 	-0.426 	-0.417 	-0.162 	
-1708.193 	-108.892 	-1924.623 	-0.361 	-0.017 	-0.406 	
-156.677 	-809.562 	-690.188 	-0.043 	-0.170 	-0.144 	
1872.143 	-431.749 	1385.881 	0.415 	-0.089 	0.284 	
-1799.228 	-917.031 	1787.798 	-0.380 	-0.199 	0.374 	
-883.520 	-1406.604 	1988.280 	-0.180 	-0.298 	0.423 	
214.222 	-1393.932 	1166.122 	0.044 	-0.294 	0.248 	
1924.286 	-1604.738 	1471.250 	0.416 	-0.340 	0.313 	
-623.782 	353.219 	387.920 	-0.123 	0.077 	0.075 	
-645.398 	-83.043 	1085.725 	-0.155 	-0.001 	0.247 	
964.888 	136.493 	-81.826 	0.211 	0.034 	-0.010 	
106.574 	-720.724 	398.867 	0.019 	-0.150 	0.078 	
-732.346 	-20.442 	-262.631 	-0.158 	-0.003 	-0.048 	
-689.640 	1107.686 	-975.520 	-0.143 	0.233 	-0.205 	
2199.674 	-458.661 	-135.325 	0.466 	-0.107 	-0.027 	
637.114 	-34.227 	-235.107 	0.134 	-0.016 	-0.039 	
762.579 	-406.886 	-441.751 	0.150 	-0.090 	-0.083 	
-1250.216 	376.634 	2081.384 	-0.259 	0.078 	0.441 	
1188.161 	813.256 	75.899 	0.263 	0.164 	0.018 	
-1792.789 	357.854 	769.434 	-0.382 	0.071 	0.160 	
503.156 	-111.162 	-592.664 	0.101 	-0.031 	-0.125 	
-2065.521 	-923.027 	1754.788 	-0.442 	-0.194 	0.368 	
-1620.538 	-622.856 	-135.349 	-0.341 	-0.125 	-0.023 	
-815.440 	-448.305 	-443.680 	-0.169 	-0.094 	-0.096 	
1257.436 	1122.112 	1601.287 	0.267 	0.238 	0.326 	
385.348 	-386.280 	1603.060 	0.084 	-0.079 	0.339 	
1892.744 	1167.632 	2034.048 	0.397 	0.253 	0.433 	
1631.900 	1482.745 	1623.002 	0.342 	0.314 	0.352 	
1758.954 	-1486.812 	-1518.090 	0.366 	-0.317 	-0.322 	
1272.839 	1821.287 	102.111 	0.278 	0.381 	0.020 	
-900.188 	99.292 	496.716 	-0.194 	0.016 	0.112 	
-369.418 	137.755 	-1147.728 	-0.073 	0.033 	-0.249 	
-266.546 	839.512 	923.581 	-0.065 	0.175 	0.193 	
-2042.162 	-1825.042 	1102.578 	-0.432 	-0.378 	0.242 	
-802.224 	635.060 	-734.442 	-0.167 	0.137 	-0.149 	
-553.795 	-1716.093 	-1303.243 	-0.117 	-0.354 	-0.275 	
-951.756 	-1664.974 	-1002.167 	-0.189 	-0.348 	-0.210 	
155.864 	-1831.310 	-1509.888 	0.031 	-0.381 	-0.314 	
1606.960 	652.788 	118.884 	0.349 	0.138 	0.030 	
1796.009 	-141.754 	-1264.040 	0.378 	-0.032 	-0.259 	
-794.631 	282.803 	90.507 	-0.155 	0.056 	0.026 	
-804.695 	891.030 	481.278 	-0.180 	0.184 	0.102 	
1848.080 	-829.184 	-2.359 	0.386 	-0.182 	-0.008 	
-1059.445 	706.144 	-1915.919 	-0.225 	0.145 	-0.406 	
1908.676 	-157.582 	1208.735 	0.398 	-0.025 	0.259 	
392.749 	640.429 	535.934 	0.094 	0.138 	0.118 	
1178.638 	-381.595 	-796.053 	0.254 	-0.072 	-0.157 	
-1156.867 	1468.429 	331.040 	-0.241 	0.299 	0.073 	
-12.863 	-1452.748 	877.088 	0.006 	-0.295 	0.180 	
-190.778 	-155.882 	-1553.245 	-0.031 	-0.031 	-0.322 	
-559.778 	82.472 	322.116 	-0.121 	0.019 	0.069 	
-213.471 	-1647.756 	-1644.555 	-0.041 	-0.341 	-0.352 	
-444.820 	-703.202 	1710.301 	-0.088 	-0.151 	0.346 	
2076.623 	-277.284 	-1501.885 	0.442 	-0.066 	-0.314 	
-448.193 	300.718 	-313.759 	-0.091 	0.059 	-0.060 	
1727.456 	-1814.365 	1664.693 	0.372 	-0.378 	0.351 	
-597.907 	-634.726 	570.342 	-0.123 	-0.124 	0.117 	
-547.746 	-63.355 	1707.285 	-0.107 	-0.006 	0.357 	
389.859 	897.594 	188.302 	0.094 	0.187 	0.041 	
-1883.369 	1961.609 	-1422.220 	-0.401 	0.414 	-0.299 	
101.462 	-502.810 	-1933.041 	0.034 	-0.102 	-0.406 	
-338.427 	-1017.261 	1205.696 	-0.067 	-0.201 	0.255 	
-1143.631 	-906.610 	-814.474 	-0.248 	-0.190 	-0.168 	
1038.006 	1878.504 	-1593.092 	0.221 	0.397 	-0.346 	
-1110.424 	144.037 	1208.646 	-0.243 	0.029 	0.252 	
-42.078 	260.478 	923.797 	-0.015 	0.055 	0.185 	
-330.393 	-348.725 	650.747 	-0.053 	-0.085 	0.105 	
1808.075 	-438.305 	-1144.772 	0.379 	-0.102 	-0.245 	
2113.674 	-1982.263 	19.209 	0.443 	-0.418 	0.013 	
-1536.695 	-1139.044 	-83.653 	-0.332 	-0.243 	-0.021 	
71.916 	-1609.931 	418.432 	0.009 	-0.331 	0.093 	
-748.876 	117.296 	1577.072 	-0.161 	0.018 	0.324 	
-1035.152 	1945.238 	75.630 	-0.208 	0.406 	0.022 	
-1426.055 	-1518.241 	653.081 	-0.297 	-0.313 	0.134 	
1745.597 	-716.315 	-1454.066 	0.370 	-0.148 	-0.313 	
-1247.132 	-1827.345 	1175.299 	-0.263 	-0.374 	0.248 	
-853.055 	-13.594 	708.030 	-0.178 	-0.013 	0.152 	
-904.193 	191.043 	1833.734 	-0.189 	0.040 	0.391 	
-1625.634 	1202.832 	-303.987 	-0.338 	0.251 	-0.052 	
-1548.923 	540.343 	55.204 	-0.334 	0.113 	0.012 	
-574.307 	509.669 	-953.668 	-0.119 	0.113 	-0.196 	
1710.799 	2150.601 	-1954.999 	0.358 	0.463 	-0.416 	
-1396.890 	780.225 	1089.813 	-0.300 	0.163 	0.237 	
-1586.568 	-172.443 	-1658.604 	-0.326 	-0.039 	-0.349 	
949.104 	-1333.698 	635.200 	0.203 	-0.285 	0.124 	
1432.331 	1551.478 	-136.724 	0.315 	0.326 	-0.023 	
1625.034 	839.018 	-1828.850 	0.337 	0.180 	-0.377 	
1071.995 	516.819 	-1236.007 	0.221 	0.105 	-0.248 	
-799.795 	-1553.153 	-451.410 	-0.163 	-0.317 	-0.097 	
1475.959 	-680.764 	175.184 	0.314 	-0.139 	0.025 	
-475.440 	1568.475 	378.820 	-0.044 	0.372 	0.096 	
430.003 	-1150.748 	1697.612 	0.092 	-0.237 	0.345 	
-972.175 	638.108 	-750.228 	-0.204 	0.131 	-0.163 	
-1425.372 	-55.398 	701.851 	-0.306 	-0.012 	0.153 	
1544.709 	-523.927 	1559.645 	0.332 	-0.113 	0.317 	
420.810 	-1145.512 	-1761.140 	0.096 	-0.244 	-0.359 	
2140.589 	362.055 	-1197.037 	0.460 	0.076 	-0.254 	
712.450 	-455.438 	1529.924 	0.159 	-0.095 	0.318 	
-1285.013 	1679.740 	-373.697 	-0.257 	0.354 	-0.077 	
-809.288 	-788.929 	674.001 	-0.172 	-0.165 	0.147 	
-691.738 	-885.079 	329.865 	-0.142 	-0.185 	0.082 	
1894.719 	13.588 	837.565 	0.402 	0.012 	0.181 	
-1291.544 	126.842 	1171.848 	-0.272 	0.026 	0.258 	
3.998 	757.547 	-1439.566 	-0.008 	0.160 	-0.308 	
-1382.435 	-1806.950 	-1785.207 	-0.282 	-0.377 	-0.383 	
985.296 	1551.746 	-710.151 	0.202 	0.321 	-0.147 	
-1903.935 	914.067 	1140.511 	-0.403 	0.193 	0.234 	
-1984.846 	113.969 	763.519 	-0.424 	0.030 	0.160 	
625.220 	-1591.664 	-1626.640 	0.127 	-0.338 	-0.333 	
-2566.208 	90.995 	-5.168 	-0.593 	-0.015 	-0.005 	
-1810.502 	-730.629 	951.844 	-0.376 	-0.155 	0.206 	
1100.349 	-421.906 	-1298.338 	0.228 	-0.089 	-0.281 	
541.894 	360.900 	226.035 	0.121 	0.077 	0.058 	
-52.091 	-695.881 	469.285 	-0.011 	-0.153 	0.088 	
-1934.987 	173.973 	-1114.672 	-0.411 	0.032 	-0.240 	
1576.068 	-168.687 	2141.311 	0.337 	-0.032 	0.458 	
-382.911 	-656.925 	1114.015 	-0.080 	-0.145 	0.224 	
726.004 	-1137.176 	-449.357 	0.146 	-0.236 	-0.090 	
269.656 	-279.036 	315.958 	0.062 	-0.066 	0.059 	
-1712.620 	-2025.589 	-1021.309 	-0.363 	-0.432 	-0.214 	
976.963 	-931.211 	-1665.969 	0.204 	-0.185 	-0.343 	
400.809 	536.781 	-426.044 	0.092 	0.147 	-0.088 	
-781.409 	-238.734 	636.359 	-0.160 	-0.040 	0.140 	
2168.667 	1092.705 	-170.800 	0.468 	0.227 	-0.038 	
497.252 	-240.274 	-1118.005 	0.100 	-0.049 	-0.237 	
-1587.173 	542.522 	-1975.609 	-0.331 	0.118 	-0.414 	
749.027 	610.406 	587.738 	0.164 	0.119 	0.130 	
1932.635 	145.176 	-1585.515 	0.398 	0.027 	-0.328 	
-784.502 	249.449 	-994.516 	-0.163 	0.058 	-0.214 	
-1930.838 	1758.733 	739.318 	-0.415 	0.371 	0.157 	
62.649 	-1534.064 	-1810.893 	0.020 	-0.321 	-0.388 	
1369.314 	1738.193 	-1068.072 	0.290 	0.365 	-0.237 	
994.410 	-788.600 	196.246 	0.206 	-0.164 	0.051 	
1015.554 	-1689.765 	-1355.671 	0.209 	-0.350 	-0.293 	
651.636 	-790.290 	1113.882 	0.131 	-0.166 	0.232 	
852.276 	-853.250 	1354.292 	0.179 	-0.174 	0.285 	
1732.253 	1899.475 	-1675.705 	0.361 	0.403 	-0.362 	
1604.702 	-303.050 	1161.939 	0.343 	-0.057 	0.252 	
693.187 	-469.807 	-394.766 	0.150 	-0.092 	-0.082 	
-786.357 	-742.569 	1453.198 	-0.172 	-0.153 	0.306 	
-918.049 	-409.060 	1595.062 	-0.191 	-0.094 	0.335 	
368.865 	-958.864 	-607.050 	0.079 	-0.198 	-0.130 	
-1296.148 	-201.397 	-32.001 	-0.271 	-0.046 	-0.009 	
-238.845 	1625.349 	-2008.238 	-0.040 	0.348 	-0.423 	
-1528.917 	-504.056 	1029.083 	-0.329 	-0.106 	0.214 	
-68.364 	-1574.650 	1663.668 	-0.015 	-0.323 	0.356 	
-769.383 	583.600 	1570.675 	-0.153 	0.127 	0.327 	
-210.079 	-65.915 	1108.308 	-0.049 	-0.017 	0.233 	
1394.042 	-1056.321 	19.650 	0.298 	-0.226 	-0.004 	
-117.128 	-713.544 	455.716 	-0.009 	-0.146 	0.103 	
-417.198 	-702.693 	1578.779 	-0.075 	-0.145 	0.334 	
-1965.437 	-554.238 	532.473 	-0.421 	-0.117 	0.113 	
-511.028 	-1310.315 	-282.668 	-0.116 	-0.270 	-0.059 	
565.426 	-1904.396 	1028.579 	0.114 	-0.409 	0.214 	
698.066 	-1438.343 	-389.677 	0.143 	-0.303 	-0.075 	
804.600 	-1764.569 	-218.560 	0.172 	-0.373 	-0.038 	
538.561 	87.081 	1603.268 	0.106 	0.013 	0.336 	
-1769.113 	865.774 	119.896 	-0.375 	0.180 	0.023 	
-425.658 	438.660 	825.187 	-0.079 	0.087 	0.169 	
-686.602 	-1035.481 	1672.445 	-0.149 	-0.217 	0.359 	
-1459.490 	-1750.288 	1512.212 	-0.307 	-0.364 	0.327 	
1052.199 	1195.914 	-1838.258 	0.218 	0.249 	-0.381 	
-628.051 	1087.334 	-1766.490 	-0.126 	0.222 	-0.363 	
-137.243 	-1486.383 	-1197.045 	-0.016 	-0.312 	-0.253 	
-46.222 	-100.884 	273.881 	0.002 	-0.029 	0.055 	
1293.481 	-604.966 	345.297 	0.274 	-0.127 	0.066 	
1016.408 	612.899 	-1133.949 	0.226 	0.129 	-0.236 	
-1282.268 	-1715.608 	1009.868 	-0.264 	-0.370 	0.207 	
2132.937 	-426.984 	-1944.426 	0.458 	-0.090 	-0.413 	
-333.783 	1380.998 	477.537 	-0.061 	0.293 	0.096 	
-1118.379 	1568.173 	-1352.428 	-0.238 	0.329 	-0.287 	
-1531.655 	1033.127 	-535.962 	-0.311 	0.216 	-0.112 	
-13.936 	535.728 	-192.042 	-0.009 	0.101 	-0.040 	
-1684.835 	656.214 	146.620 	-0.344 	0.147 	0.028 	
-81.044 	-1465.923 	-1134.262 	-0.020 	-0.303 	-0.228 	
-1374.157 	-796.685 	91.324 	-0.291 	-0.164 	0.010 	
1054.010 	846.579 	-1094.036 	0.232 	0.178 	-0.226 	
-1335.258 	1909.755 	243.085 	-0.282 	0.396 	0.060 	
973.437 	-176.228 	-1417.379 	0.209 	-0.035 	-0.297 	
-197.399 	168.802 	-410.011 	-0.036 	0.025 	-0.077 	
-1850.219 	-952.274 	-1722.908 	-0.387 	-0.209 	-0.368 	
860.912 	-354.312 	272.842 	0.176 	-0.077 	0.062 	
-1521.317 	-378.646 	1677.389 	-0.320 	-0.077 	0.355 	
1503.159 	-154.642 	1411.377 	0.317 	-0.037 	0.289 	
553.694 	-146.019 	-1288.681 	0.110 	-0.038 	-0.269 	
1578.838 	629.640 	-114.782 	0.326 	0.135 	-0.029 	
695.720 	319.307 	1146.531 	0.141 	0.071 	0.238 	
-127.506 	873.348 	-1457.329 	-0.032 	0.184 	-0.301 	
1943.451 	-1434.174 	-619.592 	0.420 	-0.300 	-0.125 	
-1758.782 	-1772.309 	1857.145 	-0.374 	-0.376 	0.391 	
-1539.723 	-1072.850 	-41.696 	-0.319 	-0.223 	-0.010 	
1193.745 	278.964 	403.778 	0.239 	0.058 	0.085 	
1930.483 	-486.814 	524.189 	0.406 	-0.098 	0.104 	
-1608.746 	590.383 	860.339 	-0.334 	0.129 	0.191 	
75.368 	-112.263 	12.992 	0.007 	-0.022 	0.007 	
-556.245 	-1128.492 	1548.797 	-0.107 	-0.232 	0.329 	
-216.205 	-939.299 	-754.736 	-0.040 	-0.201 	-0.151 	
1863.052 	-732.586 	-1273.124 	0.392 	-0.163 	-0.265 	
228.627 	-1113.708 	-1053.351 	0.037 	-0.230 	-0.217 	
1439.936 	-1555.112 	1946.813 	0.310 	-0.320 	0.408 	
-1799.393 	-736.888 	-953.497 	-0.374 	-0.147 	-0.194 	
-1619.435 	-439.323 	-618.630 	-0.347 	-0.099 	-0.127 	
239.941 	-409.632 	1494.019 	0.063 	-0.087 	0.311 	
1114.264 	-1103.903 	839.393 	0.246 	-0.232 	0.171 	
-1017.673 	839.489 	874.265 	-0.222 	0.172 	0.187 	
-1771.893 	-996.511 	1477.990 	-0.370 	-0.199 	0.313 	
-1383.857 	-8.974 	461.483 	-0.293 	-0.004 	0.103 	
-1127.880 	-1322.080 	212.714 	-0.230 	-0.273 	0.040 	
1755.513 	1684.553 	1118.622 	0.374 	0.343 	0.232 	
1737.953 	962.054 	-332.532 	0.376 	0.207 	-0.072 	
-1676.645 	-1578.273 	412.866 	-0.351 	-0.329 	0.093 	
-1379.029 	428.903 	782.528 	-0.293 	0.083 	0.166 	
-1135.052 	168.128 	941.597 	-0.228 	0.041 	0.202 	
-1040.495 	-503.588 	-1983.597 	-0.220 	-0.111 	-0.425 	
-968.105 	-1055.094 	-1532.459 	-0.206 	-0.227 	-0.327 	
2093.995 	2130.610 	-1009.982 	0.445 	0.456 	-0.209 	
2006.905 	727.511 	-1604.563 	0.425 	0.148 	-0.346 	
-509.469 	-839.625 	-559.060 	-0.106 	-0.181 	-0.114 	
-540.671 	-801.913 	1314.853 	-0.111 	-0.178 	0.274 	
514.916 	-112.768 	223.085 	0.116 	-0.027 	0.041 	
641.551 	213.119 	432.100 	0.139 	0.037 	0.087 	
-1148.350 	1222.066 	1170.052 	-0.248 	0.257 	0.246 	
-1305.766 	1566.915 	-1799.461 	-0.275 	0.323 	-0.379 	
-529.512 	-1212.289 	-1980.185 	-0.108 	-0.247 	-0.420 	
1607.293 	-794.778 	-1239.863 	0.329 	-0.164 	-0.257 	
-25.455 	12.085 	-1229.082 	-0.004 	0.004 	-0.258 	
619.322 	1537.949 	645.731 	0.133 	0.329 	0.141 	
1010.595 	-159.891 	-13.202 	0.222 	-0.032 	-0.004 	
811.805 	934.744 	1109.626 	0.174 	0.192 	0.244 	
562.757 	-773.103 	-851.937 	0.125 	-0.160 	-0.172 	
1766.002 	-1437.235 	-1233.089 	0.384 	-0.304 	-0.260 	
568.031 	461.676 	-1179.806 	0.122 	0.098 	-0.250 	
-1283.644 	-1364.690 	-36.958 	-0.265 	-0.294 	-0.006 	
1080.016 	683.919 	868.446 	0.216 	0.140 	0.181 	
1495.882 	574.638 	202.093 	0.327 	0.111 	0.038 	
-144.689 	-1722.898 	1593.665 	-0.027 	-0.358 	0.345 	
127.026 	639.106 	1634.614 	0.038 	0.134 	0.335 	
1438.212 	-73.787 	1570.503 	0.313 	-0.014 	0.327 	
1673.445 	651.809 	-92.188 	0.348 	0.130 	-0.012 	
-1115.645 	-2102.994 	2081.484 	-0.231 	-0.446 	0.445 	
-2147.662 	-1764.670 	1933.826 	-0.458 	-0.368 	0.410 	
2015.156 	1653.794 	6.636 	0.435 	0.342 	0.001 	
2061.048 	428.746 	1746.000 	0.436 	0.080 	0.372 	
780.087 	227.293 	1337.130 	0.140 	0.054 	0.285 	
-1340.718 	-220.503 	-1669.645 	-0.282 	-0.045 	-0.349 	
1447.290 	737.966 	-619.148 	0.316 	0.156 	-0.132 	
-484.586 	1018.412 	-1738.362 	-0.105 	0.208 	-0.359 	
788.911 	831.994 	-255.991 	0.164 	0.173 	-0.056 	
1190.679 	-747.242 	-1045.350 	0.253 	-0.153 	-0.215 	
1595.075 	1490.876 	1857.741 	0.336 	0.321 	0.396 	
217.374 	1667.999 	-1206.414 	0.036 	0.347 	-0.250 	
-1717.602 	325.814 	710.671 	-0.355 	0.074 	0.153 	
502.839 	-1839.606 	1271.526 	0.113 	-0.385 	0.260 	
610.184 	-730.706 	-192.334 	0.123 	-0.159 	-0.040 	
1472.509 	95.842 	-145.802 	0.310 	0.028 	-0.036 	
-899.787 	835.453 	-1306.964 	-0.183 	0.180 	-0.279 	
939.890 	-1632.568 	930.938 	0.193 	-0.348 	0.198 	
1594.838 	1617.970 	73.074 	0.344 	0.340 	0.020 	
1081.131 	-1763.783 	1611.863 	0.226 	-0.361 	0.338 	
1916.411 	-164.513 	405.922 	0.404 	-0.024 	0.091 	
2141.141 	1702.291 	1126.319 	0.448 	0.359 	0.239 	
559.151 	-1417.659 	786.532 	0.128 	-0.299 	0.166 	
-1094.976 	-1950.853 	1833.038 	-0.232 	-0.417 	0.386 	
818.342 	-410.115 	-418.157 	0.179 	-0.077 	-0.086 	
-137.081 	51.429 	318.368 	-0.034 	0.005 	0.061 	
-1703.997 	2143.346 	1752.973 	-0.367 	0.461 	0.368 	
82.080 	182.652 	1665.856 	0.029 	0.040 	0.343 	
-253.183 	1674.546 	1541.295 	-0.056 	0.359 	0.319 	
1410.403 	-1510.046 	1664.563 	0.305 	-0.325 	0.355 	
-1513.476 	-1614.946 	1632.608 	-0.320 	-0.330 	0.344 	
-1779.107 	-1152.355 	1342.770 	-0.376 	-0.237 	0.284 	
-1337.528 	1232.477 	598.230 	-0.275 	0.264 	0.131 	
-319.712 	-2056.639 	393.678 	-0.055 	-0.433 	0.081 	
237.610 	-981.613 	1397.473 	0.055 	-0.204 	0.294 	
-58.320 	206.970 	216.232 	-0.014 	0.036 	0.052 	
-1597.426 	-1823.115 	-1500.489 	-0.344 	-0.385 	-0.308 	
-943.963 	-48.700 	1028.876 	-0.192 	-0.016 	0.213 	
1472.410 	539.664 	234.845 	0.301 	0.117 	0.054 	
724.057 	-1031.927 	1351.804 	0.157 	-0.223 	0.290 	
-1511.800 	-889.720 	-1287.174 	-0.313 	-0.181 	-0.267 	
80.734 	-874.481 	-387.522 	0.009 	-0.221 	-0.078 	
1990.714 	155.831 	21.478 	0.403 	0.020 	0.002 	
-948.580 	-1355.840 	-1270.239 	-0.196 	-0.288 	-0.260 	
1578.116 	-982.040 	101.081 	0.339 	-0.202 	0.024 	
-517.416 	1363.431 	1188.363 	-0.098 	0.282 	0.246 	
326.309 	-491.285 	1700.592 	0.069 	-0.101 	0.350 	
1684.371 	-236.859 	915.251 	0.357 	-0.053 	0.187 	
-529.849 	75.316 	-2023.940 	-0.106 	0.020 	-0.429 	
-919.266 	-316.120 	-45.048 	-0.192 	-0.076 	-0.003 	
412.428 	1573.920 	819.312 	0.082 	0.329 	0.175 	
-1780.314 	468.448 	-326.344 	-0.380 	0.093 	-0.072 	
1012.199 	-1004.163 	536.876 	0.208 	-0.204 	0.107 	
-347.273 	368.327 	-415.476 	-0.082 	0.072 	-0.088 	
1479.231 	-1573.226 	317.069 	0.312 	-0.332 	0.072 	
194.032 	-368.937 	560.497 	0.031 	-0.073 	0.114 	
1949.183 	-1605.885 	653.841 	0.419 	-0.334 	0.137 	
-917.960 	185.707 	-127.865 	-0.183 	0.037 	-0.026 	
-1526.283 	187.907 	1657.821 	-0.324 	0.050 	0.345 	
2028.374 	799.411 	-213.125 	0.428 	0.160 	-0.034 	
-1227.645 	1528.323 	-946.537 	-0.251 	0.327 	-0.194 	
-1222.495 	1486.242 	-547.219 	-0.246 	0.312 	-0.116 	
1466.483 	-489.695 	-203.662 	0.302 	-0.091 	-0.040 	
-1590.878 	350.203 	1499.602 	-0.329 	0.077 	0.314 	
1653.770 	-980.320 	-1966.530 	0.360 	-0.200 	-0.413 	
-1395.266 	-1897.386 	-1041.104 	-0.293 	-0.395 	-0.219 	
-418.357 	-216.106 	1478.358 	-0.079 	-0.046 	0.304 	
-114.844 	-983.291 	-129.761 	-0.027 	-0.204 	-0.038 	
-165.994 	-266.974 	733.233 	-0.024 	-0.057 	0.161 	
1183.978 	523.017 	458.523 	0.257 	0.113 	0.102 	
736.754 	-1565.259 	-2.474 	0.163 	-0.319 	0.005 	
1073.840 	-1753.945 	-1710.537 	0.218 	-0.370 	-0.361 	
-1149.701 	1735.513 	-493.573 	-0.240 	0.359 	-0.107 	
-1459.306 	1615.797 	445.374 	-0.298 	0.346 	0.092 	
-3.371 	-154.714 	-531.445 	0.002 	-0.035 	-0.115 	
-130.866 	-1545.672 	1156.861 	-0.015 	-0.322 	0.241 	
523.004 	-623.168 	1746.072 	0.108 	-0.125 	0.374 	
1719.199 	1375.489 	-1813.022 	0.370 	0.298 	-0.384 	
39.390 	-1013.561 	-400.144 	0.006 	-0.213 	-0.074 	
2036.665 	1419.240 	-54.848 	0.440 	0.296 	-0.014 	
-780.333 	1187.363 	-2106.620 	-0.154 	0.245 	-0.443 	
-63.858 	155.881 	-382.523 	-0.015 	0.023 	-0.084 	
-1604.281 	-391.695 	681.789 	-0.325 	-0.085 	0.146 	
921.524 	-241.590 	9.985 	0.190 	-0.061 	0.000 	
-573.041 	-393.510 	1661.719 	-0.123 	-0.083 	0.336 	
-324.911 	95.081 	-2029.684 	-0.066 	0.026 	-0.427 	
1563.195 	641.864 	727.699 	0.318 	0.136 	0.148 	
-1658.702 	-1042.523 	-2239.423 	-0.344 	-0.217 	-0.481 	
1848.785 	-388.982 	442.314 	0.384 	-0.075 	0.096 	
1153.151 	-1869.308 	269.679 	0.240 	-0.395 	0.065 	
950.248 	1777.576 	-1193.104 	0.211 	0.367 	-0.248 	
1514.802 	462.487 	-1282.546 	0.313 	0.104 	-0.265 	
63.063 	-2084.752 	1802.484 	0.020 	-0.446 	0.376 	
703.060 	-636.578 	623.698 	0.161 	-0.132 	0.128 	
56.872 	1981.169 	904.457 	0.024 	0.416 	0.192 	
1607.908 	-1040.198 	-1237.533 	0.350 	-0.222 	-0.260 	
800.206 	1842.648 	-101.562 	0.174 	0.388 	-0.012 	
977.978 	538.417 	-594.507 	0.195 	0.114 	-0.122 	
1634.870 	1838.691 	-454.738 	0.338 	0.378 	-0.095 	
883.223 	978.654 	-611.718 	0.199 	0.204 	-0.127 	
655.584 	-514.664 	-261.463 	0.149 	-0.115 	-0.056 	
582.215 	-425.923 	672.238 	0.124 	-0.089 	0.127 	
-527.985 	-1344.859 	-851.610 	-0.117 	-0.283 	-0.171 	
-1955.473 	-656.624 	1451.807 	-0.404 	-0.133 	0.304 	
-1668.274 	-1431.763 	-172.561 	-0.345 	-0.306 	-0.044 	
467.007 	1691.368 	914.768 	0.095 	0.361 	0.191 	
-401.909 	-574.305 	783.093 	-0.093 	-0.119 	0.164 	
1103.009 	-1874.999 	247.086 	0.240 	-0.395 	0.056 	
-1875.698 	-786.210 	1209.589 	-0.423 	-0.164 	0.250 	
1441.263 	-1728.727 	-1835.047 	0.271 	-0.372 	-0.381 	
-1750.309 	-753.491 	-1554.150 	-0.404 	-0.151 	-0.327 	
-572.486 	-1721.365 	826.754 	-0.148 	-0.355 	0.183 	
1311.358 	978.529 	-251.590 	0.233 	0.198 	-0.056 	
-1145.435 	-1643.564 	987.639 	-0.284 	-0.347 	0.212 	
2189.371 	-1684.720 	-1736.299 	0.429 	-0.361 	-0.371 	
1548.140 	-1161.328 	1021.909 	0.290 	-0.245 	0.224 	
-612.115 	-1030.780 	-1722.813 	-0.173 	-0.210 	-0.360 	
880.916 	997.422 	-1357.101 	0.146 	0.209 	-0.291 	
1544.899 	611.077 	211.308 	0.292 	0.134 	0.037 	
354.556 	73.778 	459.522 	0.025 	0.008 	0.095 	
-1869.337 	1744.389 	1881.994 	-0.436 	0.365 	0.391 	
772.676 	-1412.168 	730.805 	0.114 	-0.297 	0.154 	
748.885 	2112.436 	1903.645 	0.123 	0.448 	0.393 	
-77.861 	1625.206 	1200.319 	-0.045 	0.342 	0.245 	
1376.288 	-588.217 	775.045 	0.261 	-0.119 	0.168 	
503.252 	-1977.977 	1865.073 	0.060 	-0.415 	0.393 	
-209.386 	1858.886 	652.856 	-0.077 	0.390 	0.146 	
1084.260 	-1864.002 	1693.361 	0.195 	-0.397 	0.352 	
376.959 	513.997 	937.619 	0.039 	0.107 	0.198 	
-765.925 	1905.015 	-1928.756 	-0.188 	0.398 	-0.404 	
552.192 	644.588 	39.015 	0.091 	0.138 	0.010 	
1475.055 	107.883 	-230.187 	0.265 	0.028 	-0.054 	
-2103.543 	743.664 	-1093.579 	-0.489 	0.157 	-0.229 	
244.002 	1453.980 	884.649 	0.009 	0.310 	0.192 	
231.483 	-661.193 	4.850 	0.015 	-0.145 	0.005 	
-156.155 	-1463.398 	-267.493 	-0.072 	-0.312 	-0.050 	
-1323.784 	-353.935 	-430.256 	-0.324 	-0.073 	-0.092 	
-566.885 	913.874 	-1919.521 	-0.147 	0.189 	-0.401 	
399.757 	703.012 	-337.954 	0.058 	0.145 	-0.064 	
-722.814 	1877.926 	576.652 	-0.180 	0.400 	0.127 	
-1268.496 	1353.307 	-1731.321 	-0.312 	0.283 	-0.370 	
95.710 	1743.601 	1437.125 	-0.019 	0.368 	0.295 	
616.710 	-1935.298 	1672.284 	0.092 	-0.401 	0.352 	
570.752 	-1608.605 	210.873 	0.089 	-0.332 	0.050 	
325.716 	-323.241 	-1516.666 	0.026 	-0.064 	-0.317 	
-1507.079 	548.977 	1757.990 	-0.359 	0.107 	0.375 	
-2026.626 	1218.272 	9.377 	-0.467 	0.244 	0.005 	
1724.048 	61.805 	-1209.394 	0.330 	0.013 	-0.245 	
-887.987 	-775.067 	-1103.261 	-0.220 	-0.155 	-0.236 	
-1390.711 	-1025.450 	-607.061 	-0.319 	-0.206 	-0.128 	
1115.662 	-1800.292 	-1115.286 	0.190 	-0.376 	-0.235 	
-1390.836 	570.142 	-1230.486 	-0.325 	0.123 	-0.248 	
-768.754 	-332.409 	-510.686 	-0.206 	-0.062 	-0.112 	
1742.267 	2022.074 	-1071.341 	0.334 	0.434 	-0.219 	
825.479 	-1296.734 	-1122.893 	0.137 	-0.267 	-0.243 	
-1313.066 	1612.641 	-1751.312 	-0.313 	0.329 	-0.373 	
-522.850 	-962.773 	-789.034 	-0.132 	-0.203 	-0.165 	
55.099 	-302.986 	568.887 	-0.035 	-0.067 	0.119 	
44.042 	28.951 	83.168 	-0.029 	0.009 	0.015 	
774.626 	2104.571 	-168.613 	0.138 	0.445 	-0.035 	
802.278 	-1226.553 	-598.609 	0.144 	-0.257 	-0.123 	
1287.031 	850.107 	688.939 	0.232 	0.179 	0.144 	
-1586.275 	-259.385 	1115.871 	-0.370 	-0.044 	0.228 	
-493.731 	1317.841 	1188.980 	-0.137 	0.284 	0.257 	
-1331.830 	849.900 	1482.131 	-0.327 	0.179 	0.309 	
-590.259 	-398.417 	-820.159 	-0.153 	-0.076 	-0.166 	
-1268.267 	-911.501 	-717.446 	-0.293 	-0.199 	-0.151 	
-1291.423 	5.742 	192.010 	-0.305 	0.009 	0.035 	
-447.737 	-1692.415 	558.584 	-0.121 	-0.347 	0.122 	
568.281 	-237.039 	-56.657 	0.085 	-0.049 	-0.014 	
1091.681 	602.866 	1006.848 	0.204 	0.126 	0.203 	
22.256 	-212.055 	-1764.411 	-0.040 	-0.040 	-0.367 	
-22.947 	-941.756 	-824.859 	-0.036 	-0.190 	-0.175 	
937.334 	-134.184 	1718.137 	0.163 	-0.030 	0.359 	
267.989 	-531.000 	331.784 	0.012 	-0.113 	0.078 	
258.491 	-1676.850 	1826.021 	0.023 	-0.346 	0.387 	
659.930 	358.006 	855.423 	0.103 	0.078 	0.179 	
179.720 	-1561.872 	-188.295 	-0.009 	-0.328 	-0.040 	
121.100 	-1553.376 	-821.221 	-0.019 	-0.322 	-0.174 	
-1663.838 	-1525.726 	-127.026 	-0.386 	-0.312 	-0.024 	
-1680.153 	-1205.708 	-541.173 	-0.399 	-0.254 	-0.112 	
1733.169 	-1685.870 	-443.469 	0.337 	-0.358 	-0.101 	
-366.818 	-778.159 	-937.360 	-0.117 	-0.171 	-0.200 	
-405.116 	-287.089 	132.028 	-0.131 	-0.063 	0.029 	
-645.235 	1469.868 	-1031.945 	-0.167 	0.314 	-0.221 	
-812.912 	690.339 	622.526 	-0.211 	0.151 	0.125 	
-344.438 	554.594 	-988.322 	-0.117 	0.121 	-0.207 	
-1548.360 	-1217.267 	812.388 	-0.353 	-0.251 	0.169 	
940.461 	-1354.586 	-332.447 	0.170 	-0.282 	-0.064 	
1440.647 	379.079 	1445.483 	0.259 	0.083 	0.302 	
-1617.784 	1047.727 	1356.534 	-0.369 	0.219 	0.279 	
-791.326 	484.289 	570.258 	-0.213 	0.101 	0.118 	
-1005.537 	-1476.572 	2085.791 	-0.243 	-0.300 	0.441 	
-1088.867 	-1090.077 	143.793 	-0.265 	-0.233 	0.039 	
-1201.883 	192.866 	-1448.942 	-0.285 	0.039 	-0.306 	
1640.251 	20.186 	-1537.835 	0.319 	0.001 	-0.320 	
336.799 	682.101 	1722.009 	0.041 	0.149 	0.357 	
-1113.883 	990.026 	890.585 	-0.264 	0.203 	0.181 	
-613.617 	1009.965 	1336.871 	-0.153 	0.210 	0.280 	
-1727.142 	1507.342 	291.214 	-0.401 	0.328 	0.064 	
-483.857 	-667.313 	-823.423 	-0.132 	-0.149 	-0.163 	
-640.321 	-1518.680 	387.031 	-0.171 	-0.316 	0.091 	
1993.267 	1714.450 	-1284.349 	0.396 	0.364 	-0.271 	
146.218 	-1307.127 	-1257.750 	0.004 	-0.274 	-0.272 	
-1041.730 	-1738.888 	-1507.572 	-0.255 	-0.375 	-0.313 	
676.216 	2180.867 	-862.980 	0.101 	0.463 	-0.188 	
542.206 	-1121.433 	1566.115 	0.072 	-0.239 	0.330 	
2102.911 	-172.858 	-1277.788 	0.415 	-0.040 	-0.270 	
636.341 	-279.055 	330.002 	0.090 	-0.059 	0.068 	
478.980 	1918.048 	-1028.605 	0.059 	0.405 	-0.218 	
-1289.460 	-779.002 	-765.485 	-0.303 	-0.153 	-0.158 	
-733.072 	1757.352 	-444.765 	-0.191 	0.357 	-0.089 	
-678.913 	-370.993 	-1605.367 	-0.173 	-0.077 	-0.336 	
896.057 	-1854.107 	-852.184 	0.159 	-0.395 	-0.173 	
1293.861 	-502.323 	-31.054 	0.232 	-0.098 	0.000 	
1913.815 	25.001 	1156.357 	0.375 	0.005 	0.244 	
1034.067 	1441.449 	-1962.000 	0.193 	0.302 	-0.416 	
-1532.310 	578.599 	1269.960 	-0.346 	0.123 	0.264 	
-201.634 	-0.261 	536.176 	-0.070 	0.002 	0.116 	
-601.250 	1530.005 	1323.554 	-0.166 	0.324 	0.279 	
2091.060 	1681.774 	-373.446 	0.408 	0.355 	-0.081 	
-1711.896 	225.703 	1299.489 	-0.398 	0.038 	0.270 	
-1992.362 	504.146 	-1446.820 	-0.447 	0.109 	-0.305 	
-1292.613 	-711.360 	-317.138 	-0.308 	-0.153 	-0.070 	
631.418 	610.960 	-854.792 	0.088 	0.128 	-0.185 	
1487.958 	1937.911 	-1257.886 	0.281 	0.415 	-0.271 	
-1324.033 	787.657 	-56.446 	-0.315 	0.157 	-0.016 	
329.643 	150.113 	389.640 	0.025 	0.026 	0.081 	
351.293 	-1536.869 	-784.563 	0.027 	-0.323 	-0.166 	
-1523.770 	-234.014 	-979.492 	-0.363 	-0.049 	-0.199 	
2113.417 	1313.138 	-1241.706 	0.420 	0.281 	-0.264 	
1403.817 	308.666 	1074.591 	0.263 	0.071 	0.217 	
532.366 	1731.862 	362.971 	0.073 	0.356 	0.074 	
644.720 	-473.075 	-715.577 	0.093 	-0.104 	-0.142 	
1604.817 	1516.227 	-1327.355 	0.294 	0.321 	-0.279 	
1954.323 	465.381 	-577.315 	0.385 	0.099 	-0.121 	
-1174.685 	521.089 	-372.619 	-0.291 	0.100 	-0.073 	
-813.805 	-1685.744 	-492.508 	-0.204 	-0.344 	-0.106 	
1021.767 	2051.363 	-1934.704 	0.177 	0.436 	-0.407 	
1819.483 	726.545 	-495.414 	0.347 	0.159 	-0.104 	
-1357.938 	-1196.300 	-1174.550 	-0.326 	-0.252 	-0.239 	
-1819.413 	116.417 	1028.093 	-0.428 	0.027 	0.221 	
2003.965 	-1081.410 	1620.862 	0.395 	-0.226 	0.334 	
1545.573 	121.282 	839.733 	0.279 	0.027 	0.177 	
490.249 	1489.548 	1181.315 	0.072 	0.319 	0.250 	
-1807.891 	1652.771 	-1312.234 	-0.423 	0.345 	-0.284 	
-1744.407 	161.799 	1871.872 	-0.390 	0.034 	0.395 	
1868.150 	-1340.915 	-864.374 	0.358 	-0.291 	-0.184 	
-830.307 	791.188 	814.874 	-0.222 	0.165 	0.175 	
1039.970 	1282.826 	512.111 	0.181 	0.268 	0.112 	
1502.840 	-250.775 	730.263 	0.287 	-0.056 	0.155 	
1371.344 	635.085 	693.160 	0.246 	0.124 	0.138 	
-1415.709 	-404.535 	1745.879 	-0.326 	-0.085 	0.373 	
1976.112 	-1522.464 	928.779 	0.385 	-0.318 	0.198 	
-418.125 	1339.459 	-1812.086 	-0.132 	0.281 	-0.381 	
-1540.779 	-1570.172 	2556.614 	-0.414 	-0.367 	0.615 	
368.020 	1062.953 	48.958 	0.048 	0.221 	0.008 	
519.928 	14.426 	258.592 	0.079 	0.007 	0.061 	
788.809 	1503.416 	1855.955 	0.139 	0.324 	0.390 	
-1431.067 	227.230 	-139.753 	-0.340 	0.057 	-0.027 	
-1875.441 	577.996 	-1762.089 	-0.429 	0.124 	-0.366 	
775.945 	964.392 	291.560 	0.136 	0.203 	0.061 	
-506.561 	-1362.664 	498.705 	-0.147 	-0.291 	0.102 	
1073.723 	-358.083 	-774.126 	0.201 	-0.078 	-0.161 	
-428.916 	-252.161 	1356.264 	-0.126 	-0.059 	0.277 	
-1558.720 	1423.011 	1897.306 	-0.359 	0.305 	0.407 	
1257.444 	-984.028 	140.019 	0.232 	-0.204 	0.040 	
-1384.332 	-907.025 	-490.160 	-0.334 	-0.187 	-0.103 	
202.937 	1501.379 	826.799 	0.003 	0.313 	0.173 	
-634.847 	-497.971 	-1807.806 	-0.157 	-0.105 	-0.376 	
-1241.115 	86.574 	-1519.173 	-0.306 	0.024 	-0.317 	
145.759 	1049.655 	125.739 	0.001 	0.225 	0.025 	
-1067.605 	-959.348 	62.046 	-0.265 	-0.194 	0.022 	
-1618.134 	-1803.061 	1941.729 	-0.379 	-0.379 	0.418 	
502.240 	-9.202 	649.594 	0.074 	-0.004 	0.138 	
1979.631 	831.342 	-714.948 	0.377 	0.172 	-0.147 	
2022.864 	-1348.401 	1386.876 	0.395 	-0.287 	0.293 	
-1962.936 	-1013.557 	-15.486 	-0.447 	-0.205 	-0.006 	
-722.077 	304.931 	-1469.476 	-0.195 	0.065 	-0.301 	
125.359 	-143.399 	911.277 	-0.017 	-0.025 	0.195 	
1523.564 	-628.129 	-335.857 	0.272 	-0.136 	-0.070 	
295.572 	-33.550 	-1230.279 	0.032 	-0.007 	-0.259 	
2139.569 	-1714.397 	-2197.664 	0.418 	-0.358 	-0.472 	
-125.316 	-1141.351 	-414.734 	-0.058 	-0.229 	-0.095 	
-927.063 	1577.114 	1704.447 	-0.225 	0.331 	0.356 	
1402.739 	230.097 	-1500.319 	0.251 	0.048 	-0.316 	
-584.101 	1549.586 	903.047 	-0.166 	0.326 	0.185 	
-1328.626 	-465.204 	-779.275 	-0.320 	-0.094 	-0.172 	
143.744 	55.767 	461.227 	-0.012 	0.008 	0.086 	
-640.383 	-865.517 	1110.510 	-0.176 	-0.178 	0.233 	
-85.034 	1116.126 	404.320 	-0.053 	0.223 	0.089 	
497.419 	-301.713 	-1185.461 	0.058 	-0.069 	-0.244 	
-695.989 	-648.705 	1518.643 	-0.180 	-0.125 	0.320 	
1950.139 	-635.516 	-1973.474 	0.377 	-0.141 	-0.413 	
1920.781 	-64.165 	-1656.039 	0.376 	-0.015 	-0.357 	
971.543 	50.252 	1836.218 	0.158 	0.014 	0.384 	
-379.553 	-1071.451 	-852.596 	-0.113 	-0.223 	-0.167 	
740.664 	-2004.654 	1760.413 	0.121 	-0.410 	0.369 	
-1460.323 	-775.105 	1746.424 	-0.334 	-0.163 	0.363 	
-838.984 	-217.076 	-1609.307 	-0.212 	-0.041 	-0.334 	
-83.161 	1618.787 	115.283 	-0.061 	0.344 	0.031 	
783.798 	800.247 	-1673.413 	0.130 	0.164 	-0.350 	
1152.102 	1213.145 	-1609.669 	0.211 	0.261 	-0.340 	
-1952.247 	267.343 	1146.613 	-0.443 	0.058 	0.241 	
-1202.548 	-273.357 	1490.612 	-0.289 	-0.070 	0.310 	
14.256 	1219.280 	928.954 	-0.042 	0.255 	0.202 	
-189.961 	1888.950 	1721.057 	-0.065 	0.396 	0.362 	
-1198.918 	-610.763 	1818.247 	-0.295 	-0.130 	0.379 	
1166.009 	1075.745 	-555.313 	0.203 	0.224 	-0.112 	
-24.649 	-487.652 	565.872 	-0.051 	-0.095 	0.118 	
-1227.375 	1745.172 	-1614.297 	-0.295 	0.374 	-0.335 	
1725.680 	1423.270 	200.457 	0.338 	0.300 	0.043 	
1470.341 	1715.238 	615.694 	0.285 	0.359 	0.132 	
-1695.551 	-1762.086 	-918.397 	-0.400 	-0.375 	-0.194 	
1882.021 	-1128.877 	1142.545 	0.351 	-0.245 	0.241 	
-565.403 	-302.526 	284.318 	-0.142 	-0.064 	0.057 	
-1472.104 	428.845 	794.083 	-0.355 	0.091 	0.163 	
-1681.038 	-646.081 	173.995 	-0.400 	-0.136 	0.038 	
1966.654 	1056.945 	1633.542 	0.382 	0.219 	0.336 	
2051.360 	-657.731 	-132.505 	0.396 	-0.138 	-0.033 	
510.511 	-1621.140 	-555.715 	0.084 	-0.338 	-0.116 	
-1024.332 	858.855 	-571.630 	-0.241 	0.176 	-0.123 	
-191.447 	-1527.142 	-1710.617 	-0.088 	-0.321 	-0.361 	
-2081.999 	-712.054 	1655.470 	-0.478 	-0.156 	0.340 	
-1427.539 	355.998 	1060.809 	-0.346 	0.075 	0.219 	
492.759 	-1474.549 	877.204 	0.059 	-0.312 	0.189 	
-60.889 	-1050.883 	167.741 	-0.047 	-0.211 	0.039 	
-183.986 	-203.527 	-635.230 	-0.063 	-0.041 	-0.131 	
298.547 	-808.503 	477.259 	0.017 	-0.161 	0.099 	
-1306.071 	-944.292 	60.043 	-0.306 	-0.200 	0.022 	
-1802.159 	823.441 	-304.288 	-0.427 	0.174 	-0.059 	
-1404.730 	-1397.184 	-1196.521 	-0.330 	-0.299 	-0.250 	
2005.891 	-1804.426 	504.257 	0.394 	-0.384 	0.107 	
-718.236 	1755.491 	579.060 	-0.190 	0.363 	0.130 	
-1381.548 	-561.601 	-78.782 	-0.316 	-0.128 	-0.014 	
1972.603 	-623.733 	1836.392 	0.380 	-0.135 	0.392 	
405.712 	231.671 	1348.057 	0.056 	0.043 	0.287 	
655.424 	-372.432 	-1338.592 	0.097 	-0.084 	-0.273 	
-385.732 	938.054 	49.407 	-0.121 	0.199 	0.007 	
2187.381 	1865.475 	1117.877 	0.421 	0.397 	0.230 	
-1327.267 	-742.933 	2490.574 	-0.324 	-0.162 	0.539 	
-1510.463 	411.239 	-1255.833 	-0.344 	0.084 	-0.264 	
-808.930 	-222.682 	660.544 	-0.213 	-0.039 	0.137 	
2019.150 	-899.648 	-1571.494 	0.382 	-0.188 	-0.328 	
-1060.604 	771.759 	204.832 	-0.256 	0.159 	0.041 	
-477.263 	1195.041 	104.532 	-0.139 	0.241 	0.022 	
515.979 	266.558 	1709.432 	0.078 	0.066 	0.355 	
-512.360 	-939.735 	614.129 	-0.137 	-0.201 	0.130 	
-1014.478 	1104.664 	841.612 	-0.241 	0.226 	0.182 	
894.288 	699.671 	512.179 	0.152 	0.143 	0.120 	
-170.432 	-114.064 	691.000 	-0.079 	-0.020 	0.149 	
1789.354 	-1222.047 	1392.042 	0.334 	-0.254 	0.299 	
566.888 	1659.843 	-79.657 	0.090 	0.351 	-0.012 	
-1006.529 	808.747 	1069.041 	-0.243 	0.177 	0.221 	
-1802.553 	-554.641 	-1596.722 	-0.410 	-0.110 	-0.337 	
1881.634 	895.361 	1217.036 	0.356 	0.199 	0.252 	
1161.075 	-1295.959 	-662.171 	0.218 	-0.269 	-0.140 	
-783.456 	-158.087 	1192.563 	-0.202 	-0.029 	0.239 	
-48.500 	-834.285 	1896.348 	-0.051 	-0.182 	0.388 	
-208.856 	-1543.828 	1689.684 	-0.079 	-0.333 	0.341 	
-1798.998 	1276.625 	-1330.717 	-0.408 	0.263 	-0.285 	
1463.727 	-372.729 	-266.022 	0.281 	-0.080 	-0.052 	
699.056 	872.852 	953.033 	0.113 	0.193 	0.206 	
-422.453 	-696.608 	-1040.621 	-0.124 	-0.155 	-0.211 	
-676.737 	-391.697 	543.342 	-0.187 	-0.081 	0.115 	
-1411.606 	201.080 	285.791 	-0.319 	0.041 	0.062 	
1307.613 	-222.842 	-198.321 	0.235 	-0.051 	-0.040 	
1047.631 	-856.768 	1110.868 	0.196 	-0.177 	0.237 	
-403.126 	-840.246 	1278.734 	-0.131 	-0.181 	0.266 	
-1918.875 	7.210 	1406.234 	-0.441 	0.002 	0.294 	
-1025.272 	310.917 	442.570 	-0.261 	0.067 	0.093 	
1843.678 	-1299.380 	-44.195 	0.346 	-0.282 	-0.012 	
-279.415 	417.056 	-1029.982 	-0.097 	0.079 	-0.208 	
-538.738 	715.435 	1784.544 	-0.140 	0.145 	0.376 	
1487.983 	-1229.088 	-408.323 	0.279 	-0.257 	-0.082 	
2001.546 	-232.374 	-924.026 	0.392 	-0.052 	-0.188 	
1745.778 	1641.626 	2116.226 	0.328 	0.344 	0.447 	
1546.930 	-1981.260 	-1035.525 	0.290 	-0.414 	-0.210 	
1703.157 	576.889 	610.839 	0.331 	0.119 	0.124 	
2107.589 	-1121.940 	641.934 	0.419 	-0.235 	0.136 	
304.623 	-1506.109 	1142.982 	0.031 	-0.307 	0.242 	
620.162 	187.287 	-1434.042 	0.105 	0.040 	-0.302 	
1855.376 	1284.072 	927.260 	0.347 	0.272 	0.201 	
-502.861 	-376.175 	12.289 	-0.150 	-0.081 	0.006 	
-1276.352 	104.434 	-1367.640 	-0.307 	0.015 	-0.295 	
325.103 	926.196 	655.954 	0.026 	0.198 	0.147 	
-1251.020 	73.954 	1359.194 	-0.298 	0.027 	0.284 	
-642.916 	-654.369 	1759.615 	-0.174 	-0.150 	0.364 	
-1851.891 	943.936 	524.633 	-0.432 	0.203 	0.112 	
-1910.688 	944.862 	1605.181 	-0.427 	0.196 	0.341 	
-591.012 	-278.190 	1406.701 	-0.161 	-0.052 	0.289 	
2016.705 	-1334.434 	-1577.238 	0.383 	-0.280 	-0.341 	
305.099 	-1935.372 	1951.718 	0.019 	-0.410 	0.410 	
-954.522 	1026.069 	365.225 	-0.231 	0.215 	0.075 	
-1742.427 	703.615 	1462.799 	-0.391 	0.146 	0.310 	
-1350.119 	-19.095 	1146.418 	-0.306 	-0.001 	0.240 	
151.102 	907.788 	1174.567 	-0.014 	0.184 	0.247 	
465.988 	-589.677 	-201.369 	0.071 	-0.123 	-0.041 	
505.828 	277.005 	285.308 	0.066 	0.047 	0.059 	
-549.424 	-1435.699 	682.137 	-0.142 	-0.308 	0.140 	
618.193 	-368.839 	618.288 	0.096 	-0.078 	0.122 	
1385.004 	524.220 	1075.542 	0.264 	0.113 	0.217 	
876.699 	204.055 	-1121.157 	0.143 	0.044 	-0.235 	
457.099 	104.807 	-590.444 	0.059 	0.026 	-0.126 	
-1986.147 	-1455.305 	1987.657 	-0.460 	-0.308 	0.425 	
-1214.528 	1800.315 	1155.755 	-0.294 	0.374 	0.249 	
-672.228 	-1693.684 	1412.070 	-0.173 	-0.352 	0.295 	
-298.019 	-400.709 	1336.566 	-0.099 	-0.093 	0.272 	
-478.519 	-348.289 	-449.612 	-0.147 	-0.076 	-0.099 	
2205.925 	703.032 	1952.197 	0.435 	0.151 	0.410 	
-432.836 	-1729.165 	-1711.800 	-0.116 	-0.363 	-0.362 	
906.266 	2006.610 	-263.235 	0.156 	0.429 	-0.060 	
629.336 	2062.478 	-1932.145 	0.105 	0.437 	-0.402 	
-233.946 	1349.554 	767.544 	-0.082 	0.287 	0.163 	
-677.230 	1261.622 	-180.482 	-0.179 	0.262 	-0.047 	
322.730 	793.580 	-2184.083 	0.033 	0.163 	-0.469 	
-756.829 	244.747 	-573.746 	-0.186 	0.054 	-0.117 	
38.713 	157.644 	-1245.738 	-0.022 	0.033 	-0.268 	
1547.943 	1189.760 	-563.386 	0.301 	0.248 	-0.119 	
-1787.512 	1242.932 	-1241.282 	-0.414 	0.265 	-0.270 	
1862.586 	1798.716 	1118.594 	0.370 	0.377 	0.237 	
-1288.845 	1234.339 	1283.583 	-0.312 	0.256 	0.278 	
710.305 	672.924 	1416.698 	0.105 	0.133 	0.297 	
-2038.276 	1250.554 	-1108.752 	-0.470 	0.268 	-0.237 	
-1091.366 	1782.317 	-645.118 	-0.258 	0.372 	-0.129 	
-1139.078 	805.382 	591.118 	-0.266 	0.165 	0.132 	
-131.011 	-654.080 	982.335 	-0.072 	-0.131 	0.193 	
49.294 	-796.773 	-1698.463 	-0.025 	-0.156 	-0.356 	
-1843.430 	-571.149 	-954.710 	-0.414 	-0.122 	-0.207 	
1347.828 	207.665 	-293.029 	0.252 	0.047 	-0.050 	
1496.867 	-18.618 	-207.956 	0.276 	-0.009 	-0.032 	
-749.983 	-359.453 	1700.762 	-0.198 	-0.079 	0.352 	
1761.227 	-1177.898 	-1117.181 	0.339 	-0.241 	-0.241 	
716.972 	-232.749 	953.619 	0.110 	-0.045 	0.199 	
2099.307 	-1826.811 	-1099.354 	0.415 	-0.378 	-0.238 	
684.485 	-1344.687 	201.247 	0.109 	-0.280 	0.035 	
-463.466 	-1714.756 	101.024 	-0.136 	-0.361 	0.021 	
598.909 	1663.042 	-236.266 	0.098 	0.338 	-0.049 	
1196.912 	-341.572 	-375.312 	0.213 	-0.062 	-0.075 	
-696.591 	-260.933 	78.984 	-0.176 	-0.061 	0.021 	
-197.474 	1248.065 	-313.274 	-0.087 	0.265 	-0.065 	
1175.679 	-1478.893 	-1906.861 	0.221 	-0.316 	-0.409 	
-1549.981 	1383.088 	482.621 	-0.366 	0.290 	0.113 	
-290.573 	-873.558 	1300.220 	-0.103 	-0.178 	0.263 	
915.633 	1093.742 	-56.914 	0.146 	0.231 	-0.015 	
1375.387 	1741.412 	-1563.816 	0.252 	0.372 	-0.326 	
-1675.024 	316.354 	27.180 	-0.390 	0.057 	0.011 	
1362.930 	1022.727 	298.793 	0.250 	0.208 	0.070 	
-1986.810 	1921.543 	1964.700 	-0.460 	0.399 	0.418 	
365.242 	328.625 	739.191 	0.048 	0.068 	0.147 	
1136.034 	-492.566 	-206.279 	0.198 	-0.109 	-0.038 	
1764.926 	1029.470 	1531.717 	0.328 	0.217 	0.321 	
-219.459 	-243.846 	-237.762 	-0.089 	-0.057 	-0.040 	
1798.832 	-1481.992 	-1476.052 	0.352 	-0.310 	-0.311 	
1475.925 	-50.961 	-740.897 	0.276 	-0.009 	-0.158 	
-1659.595 	-1683.599 	-269.241 	-0.385 	-0.353 	-0.046 	
-1468.296 	1735.062 	1785.815 	-0.348 	0.375 	0.370 	
1203.850 	-2095.457 	1322.393 	0.217 	-0.452 	0.277 	
1322.352 	-1321.278 	-226.654 	0.240 	-0.276 	-0.039 	
2087.545 	-1810.513 	1791.101 	0.414 	-0.381 	0.375 	
-779.991 	-350.731 	-758.525 	-0.198 	-0.070 	-0.156 	
2246.483 	1779.870 	1155.063 	0.449 	0.379 	0.238 	
1103.404 	893.374 	-831.057 	0.186 	0.187 	-0.177 	
73.471 	1539.263 	-570.120 	-0.016 	0.328 	-0.116 	
-2058.748 	396.997 	-780.082 	-0.476 	0.083 	-0.157 	
-2319.218 	1766.303 	2922.298 	-0.522 	0.378 	0.617 	
761.746 	-378.035 	1585.957 	0.135 	-0.078 	0.329 	
-936.635 	-423.310 	-558.472 	-0.242 	-0.086 	-0.113 	
-1868.293 	752.735 	1542.411 	-0.418 	0.160 	0.322 	
-847.803 	944.390 	-1057.661 	-0.212 	0.198 	-0.233 	
-1.970 	237.943 	-350.660 	-0.026 	0.045 	-0.074 	
-1706.169 	-273.192 	-912.743 	-0.401 	-0.054 	-0.191 	
103.106 	-549.204 	-301.451 	-0.015 	-0.122 	-0.066 	
2095.575 	-234.621 	-129.014 	0.407 	-0.049 	-0.035 	
-340.982 	528.363 	337.443 	-0.115 	0.108 	0.082 	
908.653 	-1503.703 	-178.416 	0.144 	-0.314 	-0.042 	
1388.651 	-1760.123 	-807.201 	0.260 	-0.366 	-0.178 	
-1020.513 	-1175.888 	789.819 	-0.241 	-0.249 	0.164 	
-345.870 	1195.379 	1531.517 	-0.109 	0.245 	0.319 	
1090.861 	1942.150 	1305.432 	0.194 	0.418 	0.274 	
-2077.715 	993.387 	-226.244 	-0.474 	0.218 	-0.051 	
-145.901 	55.293 	-1364.310 	-0.069 	0.005 	-0.283 	
-905.183 	686.104 	-1818.249 	-0.222 	0.136 	-0.376 	
-1694.405 	-534.116 	257.360 	-0.397 	-0.119 	0.054 	
922.773 	709.313 	708.781 	0.160 	0.152 	0.140 	
482.980 	-397.839 	-1505.461 	0.058 	-0.088 	-0.313 	
407.492 	1429.207 	725.118 	0.053 	0.296 	0.150 	
109.687 	537.865 	1032.659 	-0.015 	0.120 	0.212 	
-790.577 	-1257.213 	1307.861 	-0.201 	-0.261 	0.278 	
49.408 	-238.205 	-682.513 	-0.030 	-0.051 	-0.137 	
-454.904 	1886.208 	1158.511 	-0.139 	0.388 	0.248 	
-1023.149 	442.399 	-144.460 	-0.245 	0.087 	-0.021 	
-1683.766 	-1055.258 	174.192 	-0.400 	-0.219 	0.036 	
1395.810 	-739.516 	-2024.442 	0.264 	-0.155 	-0.430 	
-1616.703 	2239.405 	-984.873 	-0.381 	0.481 	-0.204 	
-753.388 	885.999 	-1857.321 	-0.183 	0.189 	-0.390 	
1453.744 	-894.167 	-315.256 	0.268 	-0.179 	-0.062 	
251.604 	386.556 	-337.504 	0.013 	0.087 	-0.071 	
-490.369 	1631.380 	-790.519 	-0.144 	0.342 	-0.165 	
-396.025 	219.163 	1329.616 	-0.123 	0.052 	0.273 	
-1418.414 	-1458.270 	1767.391 	-0.344 	-0.302 	0.372 	
978.320 	1364.166 	1250.971 	0.175 	0.276 	0.262 	
279.889 	1248.589 	1649.547 	0.030 	0.260 	0.351 	
743.857 	890.402 	-1073.802 	0.115 	0.177 	-0.225 	
1269.004 	1041.744 	-1767.299 	0.233 	0.218 	-0.377 	
201.965 	-755.139 	-1528.675 	0.005 	-0.168 	-0.320 	
-1419.060 	1011.079 	-690.676 	-0.343 	0.206 	-0.142 	
1011.139 	78.684 	-15.957 	0.181 	0.018 	0.001 	
-1557.373 	1602.720 	99.392 	-0.377 	0.333 	0.029 	
-732.347 	-1507.074 	-643.275 	-0.190 	-0.314 	-0.139 	
443.484 	-970.150 	-1535.972 	0.046 	-0.206 	-0.323 	
-341.189 	-511.054 	1219.036 	-0.117 	-0.106 	0.257 	
-87.469 	-1813.520 	818.939 	-0.051 	-0.383 	0.178 	
1316.049 	945.066 	-1348.373 	0.252 	0.196 	-0.283 	
212.325 	1114.041 	-1049.239 	0.010 	0.240 	-0.228 	
65.518 	1390.091 	-1181.984 	-0.030 	0.290 	-0.244 	
-1004.745 	1393.015 	-811.832 	-0.239 	0.295 	-0.170 	
-2003.753 	-748.418 	231.564 	-0.460 	-0.162 	0.056 	
-1215.937 	-571.135 	-1057.612 	-0.279 	-0.123 	-0.220 	
2215.864 	-1255.026 	1850.566 	0.433 	-0.263 	0.384 	
-1903.720 	897.637 	-330.252 	-0.440 	0.194 	-0.067 	
-167.963 	-685.680 	953.738 	-0.085 	-0.133 	0.208 	
-506.032 	-676.591 	-1399.537 	-0.134 	-0.143 	-0.284 	
-806.156 	-1852.172 	1714.543 	-0.208 	-0.387 	0.358 	
-156.301 	-680.839 	980.548 	-0.074 	-0.146 	0.206 	
185.801 	-1820.097 	416.182 	0.009 	-0.387 	0.088 	
-543.121 	-267.999 	118.613 	-0.162 	-0.061 	0.027 	
-640.834 	-628.949 	-689.234 	-0.173 	-0.136 	-0.139 	
-489.622 	-823.921 	1078.973 	-0.093 	-0.137 	0.164 	
765.561 	-1652.817 	1028.778 	0.131 	-0.355 	0.214 	
-1122.682 	-328.878 	1038.551 	-0.261 	-0.075 	0.217 	
1880.784 	966.437 	-1546.705 	0.372 	0.205 	-0.327 	
-248.605 	1052.562 	1826.813 	-0.090 	0.214 	0.377 	
676.164 	1549.071 	1229.493 	0.117 	0.323 	0.257 	
1255.462 	1320.142 	825.991 	0.238 	0.281 	0.175 	
1037.794 	-1132.719 	376.822 	0.183 	-0.230 	0.082 	
-732.062 	-323.127 	-1314.909 	-0.195 	-0.061 	-0.267 	
-1101.205 	1208.825 	696.802 	-0.257 	0.253 	0.152 	
273.550 	-712.236 	1193.261 	0.014 	-0.152 	0.251 	
659.540 	-1357.932 	990.796 	0.102 	-0.295 	0.211 	
-538.185 	-1355.774 	124.419 	-0.155 	-0.272 	0.026 	
300.981 	-1191.473 	-233.990 	0.020 	-0.252 	-0.057 	
-86.996 	-1210.536 	-548.004 	-0.065 	-0.249 	-0.112 	
1649.124 	-279.803 	-1587.110 	0.312 	-0.058 	-0.331 	
876.272 	416.043 	1876.893 	0.138 	0.090 	0.396 	
-1354.741 	892.547 	1214.655 	-0.318 	0.190 	0.262 	
2074.481 	-1115.918 	1857.724 	0.410 	-0.231 	0.399 	
-1279.747 	664.984 	302.237 	-0.297 	0.141 	0.058 	
178.525 	291.896 	1680.869 	0.002 	0.071 	0.348 	
-2018.882 	905.925 	1266.866 	-0.462 	0.201 	0.266 	
-678.063 	-1254.873 	371.241 	-0.182 	-0.272 	0.078 	
1021.592 	-205.243 	-1061.462 	0.186 	-0.037 	-0.226 	
-667.426 	-1788.437 	2043.332 	-0.176 	-0.378 	0.440 	
-1559.347 	1598.041 	129.717 	-0.369 	0.339 	0.019 	
435.595 	-1911.508 	-1750.429 	0.055 	-0.397 	-0.365 	
-2023.680 	-494.807 	-1871.759 	-0.452 	-0.106 	-0.393 	
-917.294 	5.032 	-1179.736 	-0.238 	-0.001 	-0.247 	
53.491 	111.141 	-181.128 	-0.019 	0.019 	-0.038 	
-2011.771 	-497.349 	1957.989 	-0.461 	-0.112 	0.415 	
-644.482 	-67.400 	-144.473 	-0.169 	-0.023 	-0.017 	
1852.753 	-989.383 	1149.216 	0.357 	-0.215 	0.250 	
-1802.231 	-1462.143 	-1524.137 	-0.419 	-0.305 	-0.316 	
-1725.063 	532.144 	-16.567 	-0.385 	0.108 	-0.003 	
389.927 	622.707 	-1860.312 	0.053 	0.137 	-0.394 	
-1253.434 	479.859 	877.802 	-0.291 	0.092 	0.188 	
1975.507 	-1838.833 	1338.658 	0.374 	-0.394 	0.283 	
-556.340 	1129.384 	-1295.551 	-0.143 	0.230 	-0.274 	
-2023.876 	164.165 	1064.287 	-0.461 	0.033 	0.227 	
865.651 	-1485.027 	1649.813 	0.142 	-0.311 	0.352 	
-1983.755 	1382.255 	-178.499 	-0.452 	0.290 	-0.043 	
-1870.251 	832.941 	652.764 	-0.420 	0.170 	0.146 	
354.173 	-1418.577 	387.985 	0.048 	-0.303 	0.081 	
-673.005 	-1448.082 	887.359 	-0.176 	-0.313 	0.192 	
460.030 	-1050.247 	-1756.683 	0.071 	-0.226 	-0.364 	
-1586.834 	-991.599 	875.528 	-0.365 	-0.202 	0.183 	
-1969.987 	-762.214 	-973.508 	-0.458 	-0.164 	-0.209 	
1145.977 	-1791.427 	-1695.088 	0.210 	-0.386 	-0.353 	
-1790.043 	-1227.822 	-1438.469 	-0.413 	-0.260 	-0.313 	
521.937 	-582.918 	-134.802 	0.074 	-0.120 	-0.025 	
1009.591 	1753.391 	901.032 	0.173 	0.371 	0.184 	
1663.637 	456.268 	1071.541 	0.306 	0.095 	0.230 	
895.760 	-1010.403 	-1206.607 	0.158 	-0.221 	-0.247 	
2085.961 	-1781.160 	1523.489 	0.399 	-0.376 	0.327 	
-1829.844 	-878.287 	-330.905 	-0.424 	-0.184 	-0.072 	
-1064.868 	1816.875 	862.194 	-0.267 	0.379 	0.190 	
-563.123 	1143.872 	1638.763 	-0.157 	0.231 	0.349 	
1161.804 	314.696 	1464.600 	0.210 	0.068 	0.309 	
-251.402 	-1546.816 	1645.882 	-0.093 	-0.317 	0.342 	
-1495.257 	1026.871 	720.916 	-0.345 	0.222 	0.149 	
1275.905 	1550.353 	138.240 	0.236 	0.331 	0.033 	
-1024.560 	-755.468 	-775.524 	-0.243 	-0.165 	-0.164 	
-175.904 	-1245.149 	1613.408 	-0.075 	-0.271 	0.333 	
1559.851 	258.118 	245.850 	0.291 	0.049 	0.062 	
-1853.857 	-1920.168 	1233.609 	-0.419 	-0.409 	0.258 	
-672.235 	-656.846 	-519.372 	-0.168 	-0.127 	-0.112 	
1488.571 	-1497.643 	410.658 	0.278 	-0.310 	0.093 	
-188.016 	1005.498 	529.460 	-0.081 	0.201 	0.109 	
-396.257 	-819.589 	-191.622 	-0.124 	-0.163 	-0.044 	
1021.438 	103.071 	-1066.689 	0.176 	0.023 	-0.216 	
-1592.169 	1683.510 	1185.301 	-0.377 	0.359 	0.240 	
1955.943 	-1643.078 	213.517 	0.383 	-0.348 	0.052 	
1690.057 	-67.225 	1264.159 	0.327 	-0.015 	0.269 	
490.799 	1644.554 	-20.094 	0.060 	0.354 	-0.007 	
325.015 	467.342 	1064.079 	0.043 	0.091 	0.218 	
-2027.278 	1316.904 	1711.996 	-0.470 	0.272 	0.361 	
-1519.544 	-515.715 	701.651 	-0.345 	-0.115 	0.149 	
1731.563 	330.863 	-437.967 	0.320 	0.067 	-0.096 	
-1061.020 	-359.987 	-1556.343 	-0.248 	-0.075 	-0.323 	
