## Las primeras 500 lineas corresponden a la esfera 1 
##las siguienets 500 lineas a la esfera 2
## Las primeras tres columnas corresponden a la posición en 'x', 'y' y 'z', las siguientes tres a las velocidades
-6.308 	-1218.843 	120.283 	-0.010 	-0.246 	0.028 	
388.008 	-372.508 	-4.982 	0.086 	-0.077 	-0.003 	
447.633 	1551.164 	1052.950 	0.099 	0.315 	0.207 	
-1446.290 	1604.938 	1057.328 	-0.304 	0.334 	0.221 	
-308.721 	-328.816 	1496.398 	-0.053 	-0.066 	0.315 	
1599.057 	1033.438 	1841.700 	0.342 	0.215 	0.375 	
1665.220 	-842.533 	-1624.327 	0.345 	-0.169 	-0.337 	
-1574.529 	-909.496 	567.606 	-0.322 	-0.178 	0.123 	
1364.255 	419.433 	905.372 	0.277 	0.096 	0.186 	
522.391 	495.684 	709.451 	0.105 	0.099 	0.152 	
1388.392 	-112.350 	82.314 	0.280 	-0.021 	0.014 	
-303.740 	-1259.566 	202.878 	-0.056 	-0.257 	0.045 	
263.271 	-896.308 	134.593 	0.067 	-0.182 	0.029 	
1011.460 	1424.222 	1375.387 	0.199 	0.293 	0.280 	
-59.074 	1185.597 	-1921.831 	-0.019 	0.251 	-0.390 	
-679.354 	-131.796 	3.632 	-0.140 	-0.018 	0.003 	
-764.274 	1554.320 	-629.163 	-0.162 	0.314 	-0.131 	
167.012 	886.584 	-1722.969 	0.032 	0.172 	-0.359 	
-2256.920 	-1685.655 	-954.438 	-0.475 	-0.342 	-0.200 	
807.765 	-1958.744 	-1690.601 	0.158 	-0.406 	-0.349 	
187.779 	-1832.827 	2177.816 	0.042 	-0.368 	0.453 	
160.916 	678.509 	1902.211 	0.030 	0.137 	0.382 	
-488.990 	-874.088 	435.673 	-0.100 	-0.169 	0.085 	
-1597.948 	-1267.121 	581.253 	-0.322 	-0.254 	0.115 	
1102.533 	-785.587 	1281.809 	0.235 	-0.161 	0.257 	
-743.602 	-17.452 	1687.555 	-0.142 	-0.000 	0.342 	
120.746 	-1030.734 	-67.829 	0.032 	-0.205 	-0.010 	
446.740 	-1865.619 	1390.142 	0.088 	-0.393 	0.287 	
-1624.612 	1629.230 	423.108 	-0.327 	0.333 	0.088 	
-915.389 	-1408.475 	1117.267 	-0.181 	-0.285 	0.233 	
-579.928 	-981.916 	-1651.590 	-0.116 	-0.196 	-0.340 	
790.111 	1306.989 	1572.838 	0.158 	0.262 	0.324 	
1583.516 	-595.746 	1461.454 	0.326 	-0.122 	0.303 	
-1035.547 	1083.657 	136.045 	-0.200 	0.220 	0.029 	
170.304 	-554.349 	-1808.443 	0.034 	-0.121 	-0.362 	
278.348 	-244.506 	194.822 	0.069 	-0.043 	0.041 	
-762.258 	-1547.726 	-1748.144 	-0.158 	-0.314 	-0.370 	
-751.527 	-1896.148 	1424.195 	-0.144 	-0.388 	0.293 	
-720.898 	-172.110 	1022.525 	-0.152 	-0.031 	0.213 	
1228.783 	-1940.426 	1402.653 	0.252 	-0.399 	0.292 	
2097.569 	784.464 	-81.842 	0.433 	0.150 	-0.019 	
368.836 	-491.656 	165.950 	0.080 	-0.092 	0.029 	
804.786 	232.009 	1365.873 	0.166 	0.037 	0.269 	
-76.559 	-1344.591 	-874.153 	-0.025 	-0.276 	-0.178 	
327.507 	-389.357 	1323.712 	0.076 	-0.081 	0.277 	
173.378 	339.582 	-641.268 	0.044 	0.073 	-0.125 	
2030.760 	150.467 	35.291 	0.417 	0.038 	0.017 	
-476.247 	1877.006 	-495.423 	-0.098 	0.388 	-0.104 	
446.376 	-541.752 	-725.056 	0.100 	-0.114 	-0.146 	
1742.699 	1123.233 	555.959 	0.360 	0.239 	0.114 	
-1602.683 	-590.215 	-1299.314 	-0.324 	-0.126 	-0.274 	
924.187 	-156.803 	917.953 	0.181 	-0.031 	0.181 	
1954.717 	-887.535 	-1929.879 	0.411 	-0.192 	-0.398 	
-160.045 	1232.050 	20.425 	-0.022 	0.250 	0.011 	
-1411.041 	1531.520 	1118.005 	-0.296 	0.310 	0.228 	
-317.049 	-1832.297 	934.629 	-0.060 	-0.383 	0.198 	
-775.954 	-25.810 	-1158.516 	-0.149 	-0.009 	-0.243 	
66.188 	-1630.222 	-564.022 	0.022 	-0.335 	-0.118 	
-1902.230 	1359.360 	1624.149 	-0.395 	0.285 	0.340 	
1104.714 	1715.247 	687.667 	0.230 	0.348 	0.133 	
-496.192 	1850.187 	490.891 	-0.112 	0.383 	0.099 	
719.456 	1094.942 	-646.563 	0.154 	0.220 	-0.130 	
-1464.137 	1987.184 	783.860 	-0.311 	0.413 	0.163 	
1320.706 	374.299 	-665.635 	0.272 	0.086 	-0.136 	
1576.877 	-1838.727 	-1865.136 	0.338 	-0.378 	-0.380 	
2261.053 	-761.201 	-1902.195 	0.479 	-0.156 	-0.393 	
1437.173 	-1062.016 	-1657.715 	0.310 	-0.219 	-0.343 	
-2086.572 	2275.802 	-657.034 	-0.435 	0.479 	-0.141 	
2250.479 	1053.290 	1367.744 	0.475 	0.219 	0.278 	
-325.839 	669.348 	816.343 	-0.067 	0.121 	0.169 	
1487.830 	555.413 	587.065 	0.314 	0.106 	0.115 	
613.388 	-103.435 	698.243 	0.137 	-0.015 	0.143 	
-36.098 	1180.577 	-1942.382 	-0.004 	0.237 	-0.400 	
-502.888 	-1465.950 	-593.562 	-0.106 	-0.301 	-0.118 	
-879.479 	758.957 	1185.793 	-0.191 	0.154 	0.240 	
874.398 	-258.763 	-486.029 	0.179 	-0.051 	-0.086 	
-50.520 	-454.225 	-1364.930 	-0.013 	-0.083 	-0.281 	
1698.297 	1004.628 	-1597.937 	0.354 	0.208 	-0.338 	
222.216 	-375.016 	-749.847 	0.041 	-0.072 	-0.158 	
-27.226 	-479.601 	1640.036 	0.000 	-0.103 	0.335 	
-287.736 	1510.573 	470.877 	-0.067 	0.302 	0.098 	
446.067 	-790.512 	-541.368 	0.082 	-0.158 	-0.104 	
969.756 	1230.357 	1599.546 	0.196 	0.257 	0.328 	
-407.309 	-1289.364 	1628.529 	-0.088 	-0.260 	0.340 	
1264.850 	-681.002 	-303.403 	0.266 	-0.131 	-0.070 	
-1167.586 	-1631.685 	-1589.938 	-0.234 	-0.333 	-0.323 	
1210.057 	-380.382 	-753.726 	0.251 	-0.084 	-0.167 	
-1254.202 	-1351.693 	1451.495 	-0.268 	-0.278 	0.300 	
-1746.069 	-1710.720 	1123.770 	-0.352 	-0.353 	0.235 	
-1582.588 	-690.927 	-174.869 	-0.318 	-0.149 	-0.028 	
2066.860 	938.823 	1463.933 	0.426 	0.205 	0.300 	
55.231 	799.543 	1479.891 	0.009 	0.169 	0.305 	
141.281 	-350.842 	139.211 	0.035 	-0.078 	0.030 	
-249.963 	-1763.453 	-735.311 	-0.045 	-0.368 	-0.145 	
1701.726 	-1134.516 	1689.199 	0.349 	-0.227 	0.346 	
-656.245 	1100.342 	-1783.722 	-0.126 	0.235 	-0.363 	
1706.209 	431.544 	1099.652 	0.360 	0.085 	0.226 	
1832.678 	420.701 	-1223.204 	0.386 	0.087 	-0.251 	
2078.661 	1652.852 	258.234 	0.441 	0.338 	0.054 	
1142.168 	-885.463 	1139.712 	0.227 	-0.189 	0.230 	
-1324.369 	1752.379 	962.409 	-0.272 	0.353 	0.203 	
-2159.272 	-1556.649 	-673.746 	-0.453 	-0.319 	-0.132 	
583.153 	-2015.609 	1163.288 	0.122 	-0.420 	0.238 	
-880.988 	-206.879 	1529.020 	-0.179 	-0.034 	0.320 	
1091.451 	-471.057 	596.220 	0.235 	-0.097 	0.127 	
-1842.302 	924.601 	1690.930 	-0.371 	0.191 	0.344 	
-1809.320 	-1273.360 	1194.757 	-0.381 	-0.258 	0.250 	
-2111.976 	2211.543 	-901.099 	-0.441 	0.465 	-0.186 	
1334.491 	-856.978 	59.729 	0.269 	-0.181 	0.020 	
2231.021 	-199.559 	-721.391 	0.468 	-0.047 	-0.140 	
-549.156 	-189.935 	1095.030 	-0.109 	-0.042 	0.230 	
498.820 	-660.516 	991.945 	0.092 	-0.137 	0.204 	
889.361 	0.492 	325.045 	0.175 	-0.007 	0.062 	
-333.810 	1920.226 	-701.925 	-0.074 	0.389 	-0.137 	
-1289.899 	1758.733 	1764.195 	-0.268 	0.363 	0.368 	
-202.365 	1886.416 	1831.413 	-0.036 	0.392 	0.378 	
580.101 	-1972.682 	-349.884 	0.117 	-0.406 	-0.061 	
-2089.769 	-595.723 	1970.795 	-0.427 	-0.131 	0.403 	
1425.310 	-857.768 	-741.402 	0.292 	-0.185 	-0.144 	
-138.969 	1396.683 	257.284 	-0.038 	0.284 	0.057 	
-975.877 	214.942 	1208.713 	-0.195 	0.046 	0.257 	
1109.579 	-1552.677 	-700.592 	0.231 	-0.325 	-0.144 	
903.190 	-290.118 	-1473.195 	0.184 	-0.049 	-0.305 	
1824.335 	-823.873 	1865.794 	0.369 	-0.173 	0.386 	
-1988.724 	682.718 	994.011 	-0.417 	0.137 	0.202 	
577.724 	-248.377 	-719.628 	0.111 	-0.043 	-0.142 	
-2068.985 	-1323.776 	-789.894 	-0.424 	-0.271 	-0.155 	
-2182.943 	-2026.408 	828.921 	-0.459 	-0.418 	0.168 	
-1600.678 	827.118 	-1960.246 	-0.331 	0.173 	-0.395 	
-1713.440 	-1785.620 	684.191 	-0.345 	-0.371 	0.140 	
-179.651 	-1196.056 	936.358 	-0.044 	-0.243 	0.195 	
-463.713 	1522.738 	-863.296 	-0.099 	0.316 	-0.184 	
-1195.587 	994.485 	14.565 	-0.248 	0.199 	0.002 	
35.132 	568.913 	-1719.398 	0.000 	0.111 	-0.349 	
2126.101 	-1947.143 	194.348 	0.434 	-0.399 	0.034 	
-284.761 	-1518.670 	-779.271 	-0.051 	-0.311 	-0.170 	
233.617 	-1185.785 	541.968 	0.041 	-0.243 	0.103 	
-1409.072 	-1793.913 	1410.828 	-0.281 	-0.375 	0.293 	
1658.807 	-802.749 	-823.518 	0.342 	-0.160 	-0.168 	
713.680 	-1481.207 	444.008 	0.159 	-0.302 	0.096 	
-1435.893 	-887.891 	-1137.335 	-0.286 	-0.187 	-0.233 	
1862.896 	-545.164 	-493.543 	0.373 	-0.106 	-0.103 	
-1259.484 	1910.518 	454.348 	-0.262 	0.388 	0.099 	
-1523.832 	-1599.089 	248.752 	-0.315 	-0.328 	0.057 	
-482.849 	595.806 	707.404 	-0.105 	0.114 	0.144 	
1169.599 	-254.091 	1661.638 	0.239 	-0.051 	0.332 	
-871.855 	-120.776 	-691.579 	-0.174 	-0.015 	-0.142 	
-20.292 	990.665 	1495.665 	-0.009 	0.201 	0.297 	
1784.808 	-1651.000 	-1923.482 	0.360 	-0.342 	-0.399 	
-155.416 	1381.800 	-977.712 	-0.024 	0.277 	-0.203 	
1765.972 	-1917.374 	496.362 	0.366 	-0.393 	0.093 	
-1384.883 	-546.729 	1198.511 	-0.276 	-0.106 	0.245 	
475.774 	1065.184 	2045.254 	0.094 	0.211 	0.422 	
-2069.506 	-2030.047 	-761.051 	-0.426 	-0.417 	-0.162 	
-1744.283 	-110.594 	-1965.208 	-0.361 	-0.017 	-0.406 	
-160.944 	-826.513 	-704.579 	-0.043 	-0.170 	-0.144 	
1913.593 	-440.699 	1414.290 	0.414 	-0.089 	0.284 	
-1837.182 	-936.907 	1825.222 	-0.380 	-0.199 	0.374 	
-901.503 	-1436.444 	2030.554 	-0.180 	-0.298 	0.423 	
218.640 	-1423.359 	1190.929 	0.044 	-0.294 	0.248 	
1965.903 	-1638.709 	1502.566 	0.416 	-0.340 	0.313 	
-636.093 	360.934 	395.457 	-0.123 	0.077 	0.075 	
-660.924 	-83.099 	1110.458 	-0.155 	-0.001 	0.247 	
985.955 	139.919 	-82.823 	0.211 	0.034 	-0.010 	
108.503 	-735.733 	406.657 	0.019 	-0.150 	0.078 	
-748.131 	-20.726 	-267.392 	-0.158 	-0.003 	-0.048 	
-703.900 	1130.984 	-996.068 	-0.143 	0.233 	-0.205 	
2246.265 	-469.395 	-137.994 	0.466 	-0.107 	-0.027 	
650.525 	-35.785 	-239.040 	0.134 	-0.016 	-0.039 	
777.568 	-415.908 	-450.061 	0.150 	-0.090 	-0.083 	
-1276.144 	384.422 	2125.462 	-0.259 	0.078 	0.441 	
1214.420 	829.691 	77.731 	0.263 	0.164 	0.018 	
-1830.968 	364.931 	785.385 	-0.382 	0.071 	0.160 	
513.304 	-114.283 	-605.170 	0.101 	-0.031 	-0.125 	
-2109.735 	-942.452 	1791.581 	-0.442 	-0.194 	0.368 	
-1654.653 	-635.397 	-137.635 	-0.341 	-0.125 	-0.023 	
-832.355 	-457.726 	-453.246 	-0.169 	-0.094 	-0.096 	
1284.139 	1145.874 	1633.911 	0.267 	0.238 	0.326 	
393.782 	-394.155 	1636.985 	0.084 	-0.079 	0.339 	
1932.442 	1192.930 	2077.314 	0.397 	0.253 	0.433 	
1666.148 	1514.188 	1658.246 	0.342 	0.314 	0.352 	
1795.558 	-1518.485 	-1550.322 	0.366 	-0.317 	-0.322 	
1300.658 	1859.385 	104.130 	0.278 	0.381 	0.020 	
-919.539 	100.927 	507.938 	-0.193 	0.016 	0.112 	
-376.701 	141.033 	-1172.647 	-0.073 	0.033 	-0.249 	
-273.011 	856.976 	942.849 	-0.065 	0.175 	0.193 	
-2085.357 	-1862.838 	1126.760 	-0.432 	-0.378 	0.242 	
-818.954 	648.762 	-749.345 	-0.167 	0.137 	-0.149 	
-565.541 	-1751.540 	-1330.782 	-0.117 	-0.354 	-0.275 	
-970.693 	-1699.807 	-1023.199 	-0.189 	-0.348 	-0.210 	
158.934 	-1869.456 	-1541.303 	0.031 	-0.381 	-0.314 	
1641.898 	666.559 	121.848 	0.349 	0.138 	0.030 	
1833.857 	-144.974 	-1289.941 	0.378 	-0.032 	-0.259 	
-810.081 	288.426 	93.135 	-0.154 	0.056 	0.026 	
-822.652 	909.449 	491.433 	-0.180 	0.184 	0.102 	
1886.650 	-847.352 	-3.162 	0.386 	-0.182 	-0.008 	
-1081.985 	720.686 	-1956.467 	-0.225 	0.145 	-0.405 	
1948.479 	-160.045 	1234.626 	0.398 	-0.025 	0.259 	
402.157 	654.253 	547.768 	0.094 	0.138 	0.118 	
1204.037 	-388.752 	-811.737 	0.254 	-0.072 	-0.157 	
-1181.014 	1498.311 	338.331 	-0.241 	0.299 	0.073 	
-12.297 	-1482.291 	895.100 	0.006 	-0.295 	0.180 	
-193.846 	-158.968 	-1585.402 	-0.031 	-0.031 	-0.322 	
-571.862 	84.373 	328.970 	-0.121 	0.019 	0.069 	
-217.529 	-1681.843 	-1679.753 	-0.041 	-0.341 	-0.352 	
-453.589 	-718.304 	1744.939 	-0.088 	-0.151 	0.346 	
2120.860 	-283.846 	-1533.233 	0.442 	-0.066 	-0.313 	
-457.313 	306.623 	-319.778 	-0.091 	0.059 	-0.060 	
1764.697 	-1852.126 	1699.759 	0.372 	-0.378 	0.351 	
-610.231 	-647.119 	582.041 	-0.123 	-0.124 	0.117 	
-558.490 	-63.938 	1742.940 	-0.107 	-0.006 	0.357 	
399.276 	916.319 	192.361 	0.094 	0.187 	0.041 	
-1923.487 	2002.972 	-1452.122 	-0.401 	0.414 	-0.299 	
104.863 	-513.045 	-1973.687 	0.034 	-0.102 	-0.406 	
-345.083 	-1037.346 	1231.156 	-0.067 	-0.201 	0.255 	
-1168.382 	-925.642 	-831.283 	-0.247 	-0.190 	-0.168 	
1060.090 	1918.197 	-1627.732 	0.221 	0.397 	-0.346 	
-1134.697 	146.981 	1233.795 	-0.243 	0.029 	0.251 	
-43.572 	265.977 	942.246 	-0.015 	0.055 	0.184 	
-335.665 	-357.242 	661.266 	-0.053 	-0.085 	0.105 	
1845.946 	-448.541 	-1169.231 	0.379 	-0.102 	-0.245 	
2157.969 	-2024.091 	20.463 	0.443 	-0.418 	0.013 	
-1569.914 	-1163.360 	-85.709 	-0.332 	-0.243 	-0.021 	
72.800 	-1643.002 	427.740 	0.009 	-0.331 	0.093 	
-764.949 	119.059 	1609.510 	-0.161 	0.018 	0.324 	
-1055.941 	1985.868 	77.847 	-0.208 	0.406 	0.022 	
-1455.782 	-1549.526 	666.474 	-0.297 	-0.313 	0.134 	
1782.644 	-731.151 	-1485.375 	0.370 	-0.148 	-0.313 	
-1273.440 	-1864.783 	1200.065 	-0.263 	-0.374 	0.248 	
-870.838 	-14.904 	723.242 	-0.178 	-0.013 	0.152 	
-923.134 	195.023 	1872.814 	-0.189 	0.040 	0.391 	
-1659.456 	1227.938 	-309.222 	-0.338 	0.251 	-0.052 	
-1582.281 	551.639 	56.452 	-0.334 	0.113 	0.012 	
-586.180 	520.976 	-973.292 	-0.119 	0.113 	-0.196 	
1746.600 	2196.944 	-1996.621 	0.358 	0.463 	-0.416 	
-1426.854 	796.529 	1113.507 	-0.300 	0.163 	0.237 	
-1619.178 	-176.342 	-1693.462 	-0.326 	-0.039 	-0.349 	
969.447 	-1362.188 	647.647 	0.203 	-0.285 	0.124 	
1463.814 	1584.098 	-139.067 	0.315 	0.326 	-0.023 	
1658.734 	857.042 	-1866.572 	0.337 	0.180 	-0.377 	
1094.094 	527.326 	-1260.839 	0.221 	0.105 	-0.248 	
-816.079 	-1584.857 	-461.091 	-0.163 	-0.317 	-0.097 	
1507.401 	-694.642 	177.681 	0.314 	-0.139 	0.025 	
-479.843 	1605.710 	388.440 	-0.044 	0.372 	0.096 	
439.249 	-1174.470 	1732.072 	0.092 	-0.237 	0.345 	
-992.559 	651.164 	-766.484 	-0.204 	0.131 	-0.163 	
-1455.936 	-56.625 	717.175 	-0.306 	-0.012 	0.153 	
1577.929 	-535.273 	1591.345 	0.332 	-0.113 	0.317 	
430.395 	-1169.926 	-1797.037 	0.096 	-0.244 	-0.359 	
2186.578 	369.646 	-1222.403 	0.460 	0.076 	-0.254 	
728.386 	-464.930 	1561.741 	0.159 	-0.095 	0.318 	
-1310.727 	1715.139 	-381.361 	-0.257 	0.354 	-0.077 	
-826.503 	-805.403 	688.698 	-0.172 	-0.165 	0.147 	
-705.944 	-903.583 	338.065 	-0.142 	-0.185 	0.082 	
1934.928 	14.786 	855.690 	0.402 	0.012 	0.181 	
-1318.713 	129.485 	1197.599 	-0.272 	0.026 	0.257 	
3.209 	773.541 	-1470.375 	-0.008 	0.160 	-0.308 	
-1410.666 	-1844.669 	-1823.471 	-0.282 	-0.377 	-0.383 	
1005.522 	1583.859 	-724.855 	0.202 	0.321 	-0.147 	
-1944.244 	933.319 	1163.951 	-0.403 	0.193 	0.234 	
-2027.248 	116.936 	779.496 	-0.424 	0.030 	0.160 	
637.931 	-1625.493 	-1659.916 	0.127 	-0.338 	-0.333 	
-2625.552 	89.486 	-5.669 	-0.593 	-0.015 	-0.005 	
-1848.080 	-746.176 	972.429 	-0.376 	-0.155 	0.206 	
1123.147 	-430.846 	-1326.461 	0.228 	-0.089 	-0.281 	
554.004 	368.559 	231.788 	0.121 	0.077 	0.058 	
-53.228 	-711.179 	478.038 	-0.011 	-0.153 	0.088 	
-1976.122 	177.186 	-1138.714 	-0.411 	0.032 	-0.240 	
1609.742 	-171.854 	2187.077 	0.337 	-0.032 	0.458 	
-390.929 	-671.378 	1136.376 	-0.080 	-0.145 	0.224 	
740.588 	-1160.823 	-458.363 	0.146 	-0.236 	-0.090 	
275.824 	-285.657 	321.896 	0.062 	-0.066 	0.059 	
-1748.881 	-2068.788 	-1042.684 	-0.363 	-0.432 	-0.214 	
997.374 	-949.711 	-1700.282 	0.204 	-0.185 	-0.343 	
410.057 	551.441 	-434.794 	0.092 	0.147 	-0.087 	
-797.446 	-242.690 	650.332 	-0.160 	-0.040 	0.140 	
2215.419 	1115.391 	-174.576 	0.467 	0.227 	-0.038 	
507.268 	-245.187 	-1141.699 	0.100 	-0.049 	-0.237 	
-1620.223 	554.370 	-2017.034 	-0.330 	0.118 	-0.414 	
765.444 	622.332 	600.732 	0.164 	0.119 	0.130 	
1972.465 	147.835 	-1618.346 	0.398 	0.027 	-0.328 	
-800.816 	255.294 	-1015.888 	-0.163 	0.058 	-0.214 	
-1972.369 	1795.843 	755.050 	-0.415 	0.371 	0.157 	
64.665 	-1566.137 	-1849.705 	0.020 	-0.321 	-0.388 	
1398.334 	1774.681 	-1091.742 	0.290 	0.365 	-0.237 	
1014.998 	-804.959 	201.378 	0.206 	-0.164 	0.051 	
1036.478 	-1724.807 	-1384.981 	0.209 	-0.350 	-0.293 	
664.780 	-806.895 	1137.122 	0.131 	-0.166 	0.232 	
870.201 	-870.685 	1382.768 	0.179 	-0.174 	0.285 	
1768.350 	1939.777 	-1711.873 	0.361 	0.403 	-0.362 	
1639.024 	-308.765 	1187.135 	0.343 	-0.057 	0.252 	
708.164 	-479.049 	-402.986 	0.150 	-0.092 	-0.082 	
-803.596 	-757.844 	1483.820 	-0.172 	-0.153 	0.306 	
-937.190 	-418.496 	1628.513 	-0.191 	-0.094 	0.334 	
376.808 	-978.682 	-620.096 	0.079 	-0.198 	-0.130 	
-1323.255 	-205.983 	-32.948 	-0.271 	-0.046 	-0.009 	
-242.829 	1660.115 	-2050.504 	-0.040 	0.348 	-0.423 	
-1561.784 	-514.615 	1050.485 	-0.329 	-0.106 	0.214 	
-69.903 	-1606.942 	1699.287 	-0.015 	-0.323 	0.356 	
-784.673 	596.340 	1603.419 	-0.153 	0.127 	0.327 	
-214.984 	-67.582 	1131.629 	-0.049 	-0.017 	0.233 	
1423.819 	-1078.930 	19.278 	0.298 	-0.226 	-0.004 	
-118.070 	-728.130 	465.971 	-0.009 	-0.146 	0.103 	
-424.741 	-717.227 	1612.147 	-0.075 	-0.145 	0.334 	
-2007.570 	-565.946 	543.816 	-0.421 	-0.117 	0.113 	
-522.600 	-1337.291 	-288.600 	-0.116 	-0.270 	-0.059 	
576.862 	-1945.297 	1050.023 	0.114 	-0.409 	0.214 	
712.405 	-1468.664 	-397.185 	0.143 	-0.303 	-0.075 	
821.844 	-1801.914 	-222.386 	0.172 	-0.373 	-0.038 	
549.131 	88.334 	1636.842 	0.106 	0.013 	0.336 	
-1806.565 	883.797 	122.199 	-0.374 	0.180 	0.023 	
-433.555 	447.324 	842.037 	-0.079 	0.087 	0.168 	
-701.486 	-1057.221 	1708.365 	-0.149 	-0.217 	0.359 	
-1490.183 	-1786.645 	1544.954 	-0.307 	-0.364 	0.327 	
1073.995 	1220.784 	-1876.309 	0.218 	0.249 	-0.380 	
-640.663 	1109.473 	-1802.793 	-0.126 	0.221 	-0.363 	
-138.880 	-1517.569 	-1222.325 	-0.016 	-0.312 	-0.253 	
-45.978 	-103.804 	279.371 	0.002 	-0.029 	0.055 	
1320.889 	-617.680 	351.847 	0.274 	-0.127 	0.065 	
1039.006 	625.754 	-1157.532 	0.226 	0.129 	-0.236 	
-1308.638 	-1752.560 	1030.603 	-0.264 	-0.369 	0.207 	
2178.737 	-435.996 	-1985.757 	0.458 	-0.090 	-0.413 	
-339.865 	1410.319 	487.154 	-0.061 	0.293 	0.096 	
-1142.128 	1601.098 	-1381.148 	-0.237 	0.329 	-0.287 	
-1562.732 	1054.726 	-547.202 	-0.311 	0.216 	-0.112 	
-14.830 	545.833 	-196.027 	-0.009 	0.101 	-0.040 	
-1719.220 	670.915 	149.447 	-0.344 	0.147 	0.028 	
-83.006 	-1496.197 	-1157.044 	-0.020 	-0.303 	-0.228 	
-1403.263 	-813.051 	92.334 	-0.291 	-0.164 	0.010 	
1077.236 	864.413 	-1116.609 	0.232 	0.178 	-0.226 	
-1363.461 	1949.392 	249.133 	-0.282 	0.396 	0.060 	
994.361 	-179.725 	-1447.052 	0.209 	-0.035 	-0.297 	
-201.038 	171.278 	-417.731 	-0.036 	0.025 	-0.077 	
-1888.956 	-973.173 	-1759.684 	-0.387 	-0.209 	-0.368 	
878.514 	-361.990 	279.027 	0.176 	-0.077 	0.062 	
-1553.329 	-386.369 	1712.849 	-0.320 	-0.077 	0.355 	
1534.810 	-158.325 	1440.255 	0.316 	-0.037 	0.289 	
564.658 	-149.825 	-1315.574 	0.110 	-0.038 	-0.269 	
1611.420 	643.090 	-117.722 	0.326 	0.134 	-0.029 	
709.808 	326.396 	1170.290 	0.141 	0.071 	0.238 	
-130.735 	891.707 	-1487.393 	-0.032 	0.184 	-0.301 	
1985.431 	-1464.186 	-632.098 	0.420 	-0.300 	-0.125 	
-1796.178 	-1809.951 	1896.225 	-0.374 	-0.376 	0.391 	
-1571.658 	-1095.157 	-42.649 	-0.319 	-0.223 	-0.010 	
1217.631 	284.761 	412.277 	0.239 	0.058 	0.085 	
1971.124 	-496.597 	534.558 	0.406 	-0.098 	0.104 	
-1642.162 	603.330 	879.461 	-0.334 	0.129 	0.191 	
76.063 	-114.451 	13.735 	0.007 	-0.022 	0.007 	
-566.927 	-1151.729 	1581.720 	-0.107 	-0.232 	0.329 	
-220.173 	-959.401 	-769.813 	-0.040 	-0.201 	-0.151 	
1902.208 	-748.861 	-1299.586 	0.392 	-0.163 	-0.265 	
232.368 	-1136.735 	-1075.012 	0.037 	-0.230 	-0.217 	
1470.970 	-1587.126 	1987.583 	0.310 	-0.320 	0.408 	
-1836.787 	-751.585 	-972.880 	-0.374 	-0.147 	-0.194 	
-1654.132 	-449.188 	-631.318 	-0.347 	-0.099 	-0.127 	
246.200 	-418.294 	1525.100 	0.063 	-0.087 	0.311 	
1138.907 	-1127.098 	856.442 	0.246 	-0.232 	0.170 	
-1039.913 	856.655 	892.928 	-0.222 	0.172 	0.187 	
-1808.878 	-1016.423 	1509.295 	-0.370 	-0.199 	0.313 	
-1413.134 	-9.399 	471.793 	-0.293 	-0.004 	0.103 	
-1150.895 	-1349.347 	216.732 	-0.230 	-0.273 	0.040 	
1792.928 	1718.866 	1141.855 	0.374 	0.343 	0.232 	
1775.500 	982.752 	-339.761 	0.375 	0.207 	-0.072 	
-1711.759 	-1611.132 	422.203 	-0.351 	-0.329 	0.093 	
-1408.352 	437.160 	799.146 	-0.293 	0.083 	0.166 	
-1157.828 	172.233 	961.807 	-0.228 	0.041 	0.202 	
-1062.522 	-514.725 	-2026.129 	-0.220 	-0.111 	-0.425 	
-988.714 	-1077.806 	-1565.172 	-0.206 	-0.227 	-0.327 	
2138.535 	2176.238 	-1030.896 	0.445 	0.456 	-0.209 	
2049.366 	742.334 	-1639.129 	0.425 	0.148 	-0.346 	
-520.115 	-857.748 	-570.416 	-0.106 	-0.181 	-0.114 	
-551.812 	-819.751 	1342.225 	-0.111 	-0.178 	0.274 	
526.542 	-115.491 	227.206 	0.116 	-0.027 	0.041 	
655.479 	216.804 	440.826 	0.139 	0.037 	0.087 	
-1173.192 	1247.744 	1194.630 	-0.248 	0.257 	0.246 	
-1333.302 	1599.231 	-1837.321 	-0.275 	0.323 	-0.379 	
-540.350 	-1236.953 	-2022.187 	-0.108 	-0.247 	-0.420 	
1640.177 	-811.226 	-1265.603 	0.329 	-0.164 	-0.257 	
-25.896 	12.501 	-1254.898 	-0.004 	0.004 	-0.258 	
632.575 	1570.837 	659.847 	0.133 	0.329 	0.141 	
1032.762 	-163.088 	-13.567 	0.222 	-0.032 	-0.004 	
829.173 	953.924 	1134.054 	0.174 	0.192 	0.244 	
575.299 	-789.083 	-869.115 	0.125 	-0.160 	-0.172 	
1804.428 	-1467.608 	-1259.053 	0.384 	-0.304 	-0.260 	
580.238 	471.428 	-1204.834 	0.122 	0.098 	-0.250 	
-1310.122 	-1394.039 	-37.591 	-0.265 	-0.293 	-0.006 	
1101.601 	697.868 	886.558 	0.216 	0.139 	0.181 	
1528.611 	585.723 	205.931 	0.327 	0.111 	0.038 	
-147.358 	-1758.736 	1628.144 	-0.027 	-0.358 	0.345 	
130.794 	652.458 	1668.099 	0.038 	0.134 	0.335 	
1469.512 	-75.161 	1603.220 	0.313 	-0.014 	0.327 	
1708.246 	664.853 	-93.426 	0.348 	0.130 	-0.012 	
-1138.735 	-2147.599 	2125.998 	-0.231 	-0.446 	0.445 	
-2193.442 	-1801.490 	1974.834 	-0.458 	-0.368 	0.410 	
2058.671 	1687.967 	6.761 	0.435 	0.342 	0.001 	
2104.609 	436.760 	1783.220 	0.436 	0.080 	0.372 	
794.370 	232.677 	1365.664 	0.145 	0.054 	0.286 	
-1368.966 	-224.957 	-1704.541 	-0.282 	-0.045 	-0.349 	
1478.921 	753.524 	-632.381 	0.316 	0.156 	-0.132 	
-495.107 	1039.193 	-1774.245 	-0.105 	0.208 	-0.359 	
805.269 	849.316 	-261.570 	0.164 	0.173 	-0.056 	
1215.971 	-762.539 	-1066.847 	0.253 	-0.153 	-0.215 	
1628.686 	1523.013 	1897.311 	0.336 	0.321 	0.396 	
221.009 	1702.683 	-1231.448 	0.036 	0.347 	-0.250 	
-1753.067 	333.182 	725.934 	-0.355 	0.074 	0.153 	
514.168 	-1878.128 	1297.494 	0.113 	-0.385 	0.260 	
622.504 	-746.571 	-196.294 	0.123 	-0.159 	-0.040 	
1503.460 	98.670 	-149.362 	0.309 	0.028 	-0.036 	
-918.099 	853.443 	-1334.820 	-0.183 	0.180 	-0.279 	
959.212 	-1667.378 	950.752 	0.193 	-0.348 	0.198 	
1629.192 	1651.923 	75.071 	0.344 	0.340 	0.020 	
1103.761 	-1799.908 	1645.670 	0.226 	-0.361 	0.338 	
1956.784 	-166.955 	414.978 	0.404 	-0.024 	0.091 	
2185.920 	1738.176 	1150.200 	0.448 	0.359 	0.239 	
571.929 	-1447.599 	803.120 	0.128 	-0.299 	0.166 	
-1118.188 	-1992.511 	1871.657 	-0.232 	-0.417 	0.386 	
836.249 	-417.786 	-426.780 	0.179 	-0.077 	-0.086 	
-140.465 	51.963 	324.512 	-0.034 	0.005 	0.061 	
-1740.672 	2189.419 	1789.762 	-0.367 	0.461 	0.368 	
84.988 	186.691 	1700.167 	0.029 	0.040 	0.343 	
-258.822 	1710.399 	1573.152 	-0.056 	0.359 	0.319 	
1440.949 	-1542.561 	1700.023 	0.305 	-0.325 	0.355 	
-1545.506 	-1647.946 	1667.008 	-0.320 	-0.330 	0.344 	
-1816.715 	-1176.080 	1371.137 	-0.376 	-0.237 	0.284 	
-1365.000 	1258.923 	611.307 	-0.275 	0.264 	0.131 	
-325.260 	-2099.908 	401.824 	-0.055 	-0.433 	0.081 	
243.106 	-1001.962 	1426.848 	0.055 	-0.203 	0.294 	
-59.754 	210.540 	221.404 	-0.014 	0.036 	0.052 	
-1631.811 	-1861.569 	-1531.244 	-0.344 	-0.385 	-0.308 	
-963.190 	-50.344 	1050.220 	-0.192 	-0.016 	0.213 	
1502.502 	551.377 	240.282 	0.301 	0.117 	0.054 	
739.751 	-1054.198 	1380.783 	0.157 	-0.223 	0.290 	
-1543.146 	-907.832 	-1313.827 	-0.313 	-0.181 	-0.267 	
81.651 	-896.530 	-395.350 	0.009 	-0.220 	-0.078 	
2030.998 	157.762 	21.795 	0.403 	0.019 	0.004 	
-968.147 	-1384.601 	-1296.225 	-0.196 	-0.288 	-0.260 	
1612.033 	-1002.218 	103.489 	0.339 	-0.202 	0.024 	
-527.189 	1391.629 	1213.007 	-0.098 	0.282 	0.246 	
333.175 	-501.366 	1735.637 	0.069 	-0.101 	0.350 	
1720.115 	-242.136 	933.921 	0.357 	-0.053 	0.187 	
-540.480 	77.350 	-2066.814 	-0.106 	0.020 	-0.429 	
-938.429 	-323.705 	-45.385 	-0.192 	-0.076 	-0.003 	
420.625 	1606.804 	836.853 	0.082 	0.329 	0.175 	
-1818.274 	477.725 	-333.554 	-0.380 	0.093 	-0.072 	
1032.997 	-1024.548 	547.531 	0.208 	-0.204 	0.107 	
-355.521 	375.552 	-424.275 	-0.082 	0.072 	-0.088 	
1510.433 	-1606.441 	324.320 	0.312 	-0.332 	0.073 	
197.108 	-376.253 	571.933 	0.031 	-0.073 	0.114 	
1991.119 	-1639.266 	667.512 	0.419 	-0.334 	0.137 	
-936.216 	189.426 	-130.435 	-0.183 	0.037 	-0.026 	
-1558.646 	192.860 	1692.355 	-0.324 	0.050 	0.345 	
2071.122 	815.382 	-216.499 	0.427 	0.160 	-0.034 	
-1252.772 	1560.981 	-965.939 	-0.251 	0.327 	-0.194 	
-1247.067 	1517.458 	-558.819 	-0.246 	0.312 	-0.116 	
1496.702 	-498.745 	-207.675 	0.302 	-0.090 	-0.040 	
-1623.731 	357.876 	1531.045 	-0.329 	0.077 	0.314 	
1689.764 	-1000.349 	-2007.870 	0.360 	-0.200 	-0.413 	
-1424.550 	-1936.921 	-1062.987 	-0.293 	-0.395 	-0.219 	
-426.212 	-220.745 	1508.721 	-0.079 	-0.046 	0.304 	
-117.515 	-1003.706 	-133.573 	-0.027 	-0.204 	-0.038 	
-168.440 	-272.636 	749.322 	-0.024 	-0.057 	0.161 	
1209.685 	534.337 	468.762 	0.257 	0.113 	0.102 	
753.062 	-1597.183 	-1.924 	0.163 	-0.319 	0.005 	
1095.623 	-1790.902 	-1746.598 	0.218 	-0.370 	-0.361 	
-1173.689 	1771.392 	-504.261 	-0.240 	0.359 	-0.107 	
-1489.097 	1650.363 	454.544 	-0.298 	0.346 	0.092 	
-3.166 	-158.190 	-542.969 	0.002 	-0.035 	-0.115 	
-132.322 	-1577.857 	1180.970 	-0.015 	-0.322 	0.241 	
533.828 	-635.639 	1783.453 	0.108 	-0.125 	0.374 	
1756.187 	1405.296 	-1851.443 	0.370 	0.298 	-0.384 	
40.031 	-1034.824 	-407.565 	0.006 	-0.213 	-0.074 	
2080.694 	1448.790 	-56.206 	0.440 	0.295 	-0.014 	
-795.739 	1211.876 	-2150.871 	-0.154 	0.245 	-0.442 	
-65.360 	158.204 	-390.958 	-0.015 	0.023 	-0.084 	
-1636.817 	-400.148 	696.373 	-0.325 	-0.085 	0.146 	
940.554 	-247.675 	10.006 	0.190 	-0.061 	0.000 	
-585.361 	-401.767 	1695.320 	-0.123 	-0.083 	0.336 	
-331.482 	97.682 	-2072.337 	-0.066 	0.026 	-0.426 	
1594.974 	655.495 	742.545 	0.318 	0.136 	0.148 	
-1693.103 	-1064.256 	-2287.560 	-0.344 	-0.217 	-0.481 	
1887.196 	-396.476 	451.948 	0.384 	-0.075 	0.096 	
1177.184 	-1908.842 	276.189 	0.240 	-0.395 	0.065 	
971.304 	1814.294 	-1217.860 	0.211 	0.367 	-0.248 	
1546.150 	472.902 	-1309.055 	0.313 	0.104 	-0.265 	
65.108 	-2129.348 	1840.098 	0.020 	-0.446 	0.376 	
719.112 	-649.820 	636.517 	0.161 	-0.132 	0.128 	
59.269 	2022.787 	923.669 	0.024 	0.416 	0.192 	
1642.870 	-1062.350 	-1263.545 	0.350 	-0.221 	-0.260 	
817.623 	1881.460 	-102.720 	0.174 	0.388 	-0.012 	
997.524 	549.839 	-606.751 	0.195 	0.114 	-0.122 	
1668.676 	1876.483 	-464.240 	0.338 	0.378 	-0.095 	
903.140 	999.091 	-624.367 	0.199 	0.204 	-0.126 	
670.464 	-526.193 	-267.018 	0.149 	-0.115 	-0.056 	
594.599 	-434.865 	684.949 	0.124 	-0.089 	0.127 	
-539.697 	-1373.130 	-868.718 	-0.117 	-0.283 	-0.171 	
-1995.857 	-669.929 	1482.165 	-0.404 	-0.133 	0.304 	
-1702.813 	-1462.387 	-176.939 	-0.345 	-0.306 	-0.044 	
476.502 	1727.444 	933.842 	0.095 	0.361 	0.191 	
-411.231 	-586.217 	799.472 	-0.093 	-0.119 	0.164 	
1127.024 	-1914.456 	252.665 	0.240 	-0.395 	0.056 	
-1917.947 	-802.577 	1234.625 	-0.422 	-0.164 	0.250 	
1468.350 	-1765.901 	-1873.148 	0.271 	-0.372 	-0.381 	
-1790.743 	-768.579 	-1586.895 	-0.404 	-0.151 	-0.327 	
-587.293 	-1756.909 	845.073 	-0.148 	-0.355 	0.183 	
1334.636 	998.353 	-257.170 	0.233 	0.198 	-0.056 	
-1173.821 	-1678.292 	1008.822 	-0.284 	-0.347 	0.212 	
2232.318 	-1720.835 	-1773.388 	0.429 	-0.361 	-0.371 	
1577.109 	-1185.800 	1044.273 	0.290 	-0.245 	0.224 	
-629.463 	-1051.812 	-1758.858 	-0.173 	-0.210 	-0.360 	
895.489 	1018.284 	-1386.157 	0.146 	0.209 	-0.291 	
1574.127 	624.444 	214.974 	0.292 	0.134 	0.037 	
357.011 	74.603 	469.002 	0.025 	0.008 	0.095 	
-1912.915 	1780.929 	1921.128 	-0.436 	0.365 	0.391 	
784.086 	-1441.887 	746.228 	0.114 	-0.297 	0.154 	
761.231 	2157.204 	1942.951 	0.123 	0.448 	0.393 	
-82.395 	1659.447 	1224.795 	-0.045 	0.342 	0.245 	
1402.375 	-600.093 	791.809 	0.261 	-0.119 	0.168 	
509.264 	-2019.505 	1904.342 	0.060 	-0.415 	0.393 	
-217.054 	1897.835 	667.496 	-0.077 	0.389 	0.146 	
1103.782 	-1903.682 	1728.575 	0.195 	-0.397 	0.352 	
380.842 	524.672 	957.424 	0.039 	0.107 	0.198 	
-784.701 	1944.809 	-1969.156 	-0.188 	0.398 	-0.404 	
561.338 	658.344 	39.989 	0.091 	0.138 	0.010 	
1501.598 	110.703 	-235.580 	0.265 	0.028 	-0.054 	
-2152.422 	759.383 	-1116.505 	-0.489 	0.157 	-0.229 	
244.928 	1485.022 	903.862 	0.009 	0.310 	0.192 	
232.935 	-675.669 	5.323 	0.015 	-0.145 	0.005 	
-163.398 	-1494.568 	-272.536 	-0.072 	-0.312 	-0.050 	
-1356.138 	-361.248 	-439.425 	-0.324 	-0.073 	-0.092 	
-581.622 	932.789 	-1959.608 	-0.147 	0.189 	-0.401 	
405.580 	717.485 	-344.323 	0.058 	0.145 	-0.064 	
-740.796 	1917.969 	589.377 	-0.180 	0.400 	0.127 	
-1299.685 	1381.593 	-1768.314 	-0.312 	0.283 	-0.370 	
93.780 	1780.430 	1466.610 	-0.019 	0.368 	0.295 	
625.924 	-1975.424 	1707.523 	0.092 	-0.401 	0.352 	
579.638 	-1641.778 	215.897 	0.089 	-0.332 	0.050 	
328.360 	-329.645 	-1548.397 	0.026 	-0.064 	-0.317 	
-1542.958 	559.726 	1795.485 	-0.359 	0.107 	0.375 	
-2073.317 	1242.706 	9.885 	-0.467 	0.244 	0.005 	
1757.039 	63.115 	-1233.929 	0.330 	0.013 	-0.245 	
-909.943 	-790.538 	-1126.888 	-0.220 	-0.155 	-0.236 	
-1422.586 	-1046.011 	-619.829 	-0.319 	-0.206 	-0.128 	
1134.634 	-1837.888 	-1138.816 	0.190 	-0.376 	-0.235 	
-1423.381 	582.431 	-1255.269 	-0.325 	0.123 	-0.248 	
-789.321 	-338.643 	-521.837 	-0.206 	-0.062 	-0.111 	
1775.660 	2065.506 	-1093.251 	0.334 	0.434 	-0.219 	
839.223 	-1323.391 	-1147.157 	0.137 	-0.267 	-0.243 	
-1344.334 	1645.569 	-1788.620 	-0.313 	0.329 	-0.373 	
-536.059 	-983.045 	-805.544 	-0.132 	-0.203 	-0.165 	
51.599 	-309.671 	580.738 	-0.035 	-0.067 	0.118 	
41.161 	29.880 	84.667 	-0.029 	0.009 	0.015 	
788.475 	2149.045 	-172.149 	0.138 	0.445 	-0.035 	
816.687 	-1252.212 	-610.902 	0.144 	-0.257 	-0.123 	
1310.208 	868.044 	703.321 	0.232 	0.179 	0.144 	
-1623.259 	-263.761 	1138.639 	-0.370 	-0.044 	0.228 	
-507.476 	1346.254 	1214.676 	-0.137 	0.284 	0.257 	
-1364.561 	867.796 	1513.004 	-0.327 	0.179 	0.309 	
-605.604 	-405.987 	-836.720 	-0.153 	-0.076 	-0.166 	
-1297.552 	-931.426 	-732.508 	-0.293 	-0.199 	-0.151 	
-1321.904 	6.640 	195.477 	-0.305 	0.009 	0.035 	
-459.851 	-1727.150 	570.831 	-0.121 	-0.347 	0.122 	
576.796 	-241.965 	-58.105 	0.085 	-0.049 	-0.014 	
1112.085 	615.512 	1027.126 	0.204 	0.126 	0.203 	
18.221 	-216.019 	-1801.064 	-0.040 	-0.040 	-0.367 	
-26.523 	-960.715 	-842.315 	-0.036 	-0.190 	-0.175 	
953.675 	-137.194 	1754.079 	0.163 	-0.030 	0.359 	
269.223 	-542.297 	339.615 	0.012 	-0.113 	0.078 	
260.749 	-1711.439 	1864.736 	0.023 	-0.346 	0.387 	
670.278 	365.795 	873.287 	0.103 	0.078 	0.179 	
178.868 	-1594.643 	-192.333 	-0.009 	-0.328 	-0.040 	
119.212 	-1585.562 	-838.665 	-0.019 	-0.322 	-0.174 	
-1702.463 	-1556.958 	-129.475 	-0.386 	-0.312 	-0.024 	
-1720.086 	-1231.078 	-552.415 	-0.399 	-0.254 	-0.112 	
1766.912 	-1721.657 	-453.521 	0.337 	-0.358 	-0.101 	
-378.553 	-795.287 	-957.364 	-0.117 	-0.171 	-0.200 	
-418.181 	-293.430 	134.917 	-0.131 	-0.063 	0.029 	
-661.894 	1501.276 	-1054.019 	-0.167 	0.314 	-0.221 	
-834.010 	705.465 	635.009 	-0.211 	0.151 	0.125 	
-356.172 	566.724 	-1008.971 	-0.117 	0.121 	-0.206 	
-1583.696 	-1242.325 	829.300 	-0.353 	-0.251 	0.169 	
957.413 	-1382.766 	-338.814 	0.170 	-0.282 	-0.064 	
1466.498 	387.423 	1475.712 	0.258 	0.083 	0.302 	
-1654.689 	1069.674 	1384.455 	-0.369 	0.219 	0.279 	
-812.640 	494.393 	582.018 	-0.213 	0.101 	0.118 	
-1029.821 	-1506.588 	2129.864 	-0.243 	-0.300 	0.441 	
-1115.364 	-1113.367 	147.695 	-0.265 	-0.233 	0.039 	
-1230.337 	196.752 	-1479.568 	-0.285 	0.039 	-0.306 	
1672.183 	20.323 	-1569.851 	0.319 	0.001 	-0.320 	
340.922 	696.957 	1757.747 	0.041 	0.149 	0.357 	
-1140.288 	1010.348 	908.699 	-0.264 	0.203 	0.181 	
-628.930 	1030.954 	1364.906 	-0.153 	0.210 	0.280 	
-1767.195 	1540.131 	297.569 	-0.400 	0.328 	0.064 	
-497.089 	-682.219 	-839.762 	-0.132 	-0.149 	-0.163 	
-657.436 	-1550.279 	396.144 	-0.171 	-0.316 	0.091 	
2032.855 	1750.840 	-1311.425 	0.396 	0.364 	-0.271 	
146.661 	-1334.480 	-1284.912 	0.004 	-0.274 	-0.272 	
-1067.205 	-1776.418 	-1538.865 	-0.255 	-0.375 	-0.313 	
686.363 	2227.186 	-881.785 	0.101 	0.463 	-0.188 	
549.355 	-1145.342 	1599.085 	0.071 	-0.239 	0.330 	
2144.433 	-176.843 	-1304.829 	0.415 	-0.040 	-0.270 	
645.368 	-284.976 	336.815 	0.090 	-0.059 	0.068 	
484.906 	1958.548 	-1050.401 	0.059 	0.405 	-0.218 	
-1319.774 	-794.278 	-781.310 	-0.303 	-0.153 	-0.158 	
-752.172 	1793.025 	-453.649 	-0.191 	0.357 	-0.089 	
-696.183 	-378.665 	-1638.950 	-0.173 	-0.077 	-0.336 	
911.912 	-1893.618 	-869.479 	0.159 	-0.395 	-0.173 	
1317.013 	-512.073 	-31.010 	0.231 	-0.097 	0.000 	
1951.346 	25.545 	1180.723 	0.375 	0.005 	0.244 	
1053.362 	1471.667 	-2003.562 	0.193 	0.302 	-0.416 	
-1566.942 	590.870 	1296.317 	-0.346 	0.123 	0.264 	
-208.606 	-0.090 	547.798 	-0.070 	0.002 	0.116 	
-617.891 	1562.416 	1351.499 	-0.166 	0.324 	0.279 	
2131.822 	1717.288 	-381.539 	0.408 	0.355 	-0.081 	
-1751.652 	229.471 	1326.457 	-0.398 	0.038 	0.270 	
-2037.070 	515.080 	-1477.340 	-0.447 	0.109 	-0.305 	
-1323.413 	-726.668 	-324.136 	-0.308 	-0.153 	-0.070 	
640.256 	623.764 	-873.330 	0.088 	0.128 	-0.185 	
1516.014 	1979.448 	-1284.996 	0.281 	0.415 	-0.271 	
-1355.492 	803.358 	-58.028 	-0.315 	0.157 	-0.016 	
332.125 	152.746 	397.769 	0.025 	0.026 	0.081 	
354.023 	-1569.152 	-801.192 	0.027 	-0.323 	-0.166 	
-1560.087 	-238.888 	-999.426 	-0.363 	-0.049 	-0.199 	
2155.387 	1341.259 	-1268.075 	0.420 	0.281 	-0.264 	
1430.122 	315.796 	1096.259 	0.263 	0.071 	0.217 	
539.651 	1767.415 	370.407 	0.073 	0.356 	0.074 	
654.010 	-483.432 	-729.779 	0.093 	-0.104 	-0.142 	
1634.259 	1548.352 	-1355.301 	0.294 	0.321 	-0.279 	
1992.781 	475.304 	-589.366 	0.385 	0.099 	-0.121 	
-1203.790 	531.107 	-379.881 	-0.291 	0.100 	-0.073 	
-834.178 	-1720.092 	-503.128 	-0.204 	-0.343 	-0.106 	
1039.502 	2094.992 	-1975.362 	0.177 	0.436 	-0.407 	
1854.215 	742.447 	-505.774 	0.347 	0.159 	-0.104 	
-1390.500 	-1221.542 	-1198.456 	-0.326 	-0.252 	-0.239 	
-1862.209 	119.107 	1050.209 	-0.428 	0.027 	0.221 	
2043.504 	-1104.043 	1654.247 	0.395 	-0.226 	0.334 	
1573.451 	123.971 	857.481 	0.279 	0.027 	0.177 	
497.405 	1521.494 	1206.265 	0.072 	0.319 	0.249 	
-1850.221 	1687.300 	-1340.636 	-0.423 	0.345 	-0.284 	
-1783.436 	165.227 	1911.364 	-0.390 	0.034 	0.395 	
1903.958 	-1370.034 	-882.776 	0.358 	-0.291 	-0.184 	
-852.507 	807.664 	832.332 	-0.222 	0.165 	0.175 	
1058.100 	1309.582 	523.314 	0.181 	0.268 	0.112 	
1531.496 	-256.338 	745.747 	0.287 	-0.056 	0.155 	
1395.953 	647.515 	706.969 	0.246 	0.124 	0.138 	
-1448.350 	-413.083 	1783.216 	-0.326 	-0.085 	0.373 	
2014.567 	-1554.257 	948.544 	0.385 	-0.318 	0.198 	
-431.353 	1367.517 	-1850.220 	-0.132 	0.281 	-0.381 	
-1582.216 	-1606.834 	2618.157 	-0.414 	-0.367 	0.615 	
372.797 	1085.053 	49.782 	0.048 	0.221 	0.008 	
527.817 	15.114 	264.680 	0.079 	0.007 	0.061 	
802.666 	1535.845 	1894.907 	0.139 	0.324 	0.389 	
-1465.108 	232.916 	-142.451 	-0.340 	0.057 	-0.027 	
-1918.289 	590.390 	-1798.659 	-0.428 	0.124 	-0.366 	
789.513 	984.640 	297.659 	0.136 	0.202 	0.061 	
-521.214 	-1391.723 	508.881 	-0.147 	-0.291 	0.102 	
1093.795 	-365.886 	-790.175 	0.201 	-0.078 	-0.160 	
-441.520 	-258.063 	1384.007 	-0.126 	-0.059 	0.277 	
-1594.638 	1453.482 	1938.002 	-0.359 	0.305 	0.407 	
1280.663 	-1004.460 	143.976 	0.232 	-0.204 	0.040 	
-1417.750 	-925.772 	-500.440 	-0.334 	-0.187 	-0.103 	
203.214 	1532.702 	844.109 	0.003 	0.313 	0.173 	
-650.569 	-508.471 	-1845.441 	-0.157 	-0.105 	-0.376 	
-1271.746 	88.951 	-1550.890 	-0.306 	0.024 	-0.317 	
145.867 	1072.157 	128.228 	0.001 	0.225 	0.025 	
-1094.108 	-978.698 	64.234 	-0.265 	-0.193 	0.022 	
-1656.078 	-1840.960 	1983.505 	-0.379 	-0.379 	0.418 	
509.630 	-9.609 	663.389 	0.074 	-0.004 	0.138 	
2017.299 	848.499 	-729.689 	0.377 	0.172 	-0.147 	
2062.376 	-1377.124 	1416.171 	0.395 	-0.287 	0.293 	
-2007.586 	-1034.079 	-16.064 	-0.446 	-0.205 	-0.006 	
-741.616 	311.426 	-1499.537 	-0.195 	0.065 	-0.301 	
123.665 	-145.882 	930.804 	-0.017 	-0.025 	0.195 	
1550.784 	-641.731 	-342.892 	0.272 	-0.136 	-0.070 	
298.767 	-34.215 	-1256.214 	0.032 	-0.007 	-0.259 	
2181.381 	-1750.199 	-2244.839 	0.418 	-0.358 	-0.472 	
-131.139 	-1164.259 	-424.241 	-0.058 	-0.229 	-0.095 	
-949.595 	1610.170 	1740.032 	-0.225 	0.331 	0.356 	
1427.834 	234.895 	-1531.949 	0.251 	0.048 	-0.316 	
-600.660 	1582.166 	921.577 	-0.166 	0.326 	0.185 	
-1360.652 	-474.649 	-796.471 	-0.320 	-0.094 	-0.172 	
142.577 	56.542 	469.869 	-0.012 	0.008 	0.086 	
-657.957 	-883.266 	1133.803 	-0.176 	-0.177 	0.233 	
-90.381 	1138.452 	413.192 	-0.053 	0.223 	0.089 	
503.259 	-308.602 	-1209.853 	0.058 	-0.069 	-0.244 	
-713.983 	-661.187 	1550.617 	-0.180 	-0.125 	0.320 	
1987.879 	-649.631 	-2014.760 	0.377 	-0.141 	-0.413 	
1958.379 	-65.664 	-1691.731 	0.376 	-0.015 	-0.357 	
987.340 	51.615 	1874.655 	0.158 	0.014 	0.384 	
-390.880 	-1093.709 	-869.287 	-0.113 	-0.223 	-0.167 	
752.803 	-2045.652 	1797.300 	0.121 	-0.410 	0.369 	
-1493.715 	-791.437 	1782.746 	-0.334 	-0.163 	0.363 	
-860.218 	-221.207 	-1642.693 	-0.212 	-0.041 	-0.334 	
-89.276 	1653.161 	118.374 	-0.061 	0.344 	0.031 	
796.807 	816.633 	-1708.405 	0.130 	0.164 	-0.350 	
1173.243 	1239.270 	-1643.624 	0.211 	0.261 	-0.340 	
-1996.521 	273.162 	1170.692 	-0.443 	0.058 	0.241 	
-1231.412 	-280.313 	1521.621 	-0.289 	-0.070 	0.310 	
10.010 	1244.828 	949.139 	-0.042 	0.255 	0.202 	
-196.501 	1928.517 	1757.284 	-0.065 	0.396 	0.362 	
-1228.392 	-623.781 	1856.136 	-0.295 	-0.130 	0.379 	
1186.262 	1098.162 	-566.485 	0.203 	0.224 	-0.112 	
-29.747 	-497.131 	577.637 	-0.051 	-0.095 	0.118 	
-1256.826 	1782.587 	-1647.800 	-0.295 	0.374 	-0.335 	
1759.523 	1453.297 	204.738 	0.338 	0.300 	0.043 	
1498.858 	1751.182 	628.880 	0.285 	0.359 	0.132 	
-1735.565 	-1799.622 	-937.747 	-0.400 	-0.375 	-0.193 	
1917.138 	-1153.359 	1166.631 	0.351 	-0.245 	0.241 	
-579.575 	-308.908 	290.036 	-0.142 	-0.064 	0.057 	
-1507.588 	437.941 	810.390 	-0.355 	0.091 	0.163 	
-1721.002 	-659.664 	177.746 	-0.400 	-0.136 	0.038 	
2004.900 	1078.844 	1667.168 	0.382 	0.219 	0.336 	
2090.939 	-671.494 	-135.806 	0.396 	-0.138 	-0.033 	
518.866 	-1654.939 	-567.360 	0.084 	-0.338 	-0.116 	
-1048.455 	876.478 	-583.966 	-0.241 	0.176 	-0.123 	
-200.197 	-1559.258 	-1746.679 	-0.087 	-0.321 	-0.361 	
-2129.800 	-727.692 	1689.483 	-0.478 	-0.156 	0.340 	
-1462.129 	363.460 	1082.688 	-0.346 	0.075 	0.219 	
498.644 	-1505.780 	896.117 	0.059 	-0.312 	0.189 	
-65.548 	-1072.009 	171.682 	-0.047 	-0.211 	0.039 	
-190.288 	-207.628 	-648.302 	-0.063 	-0.041 	-0.131 	
300.215 	-824.637 	487.189 	0.017 	-0.161 	0.099 	
-1336.661 	-964.318 	62.225 	-0.306 	-0.200 	0.022 	
-1844.842 	840.866 	-310.175 	-0.427 	0.174 	-0.059 	
-1437.747 	-1427.037 	-1221.531 	-0.330 	-0.299 	-0.250 	
2045.333 	-1842.860 	514.937 	0.394 	-0.384 	0.107 	
-737.239 	1791.747 	592.069 	-0.190 	0.363 	0.130 	
-1413.165 	-574.433 	-80.143 	-0.316 	-0.128 	-0.014 	
2010.643 	-637.250 	1875.545 	0.380 	-0.135 	0.392 	
411.268 	235.991 	1376.798 	0.056 	0.043 	0.287 	
665.134 	-380.786 	-1365.932 	0.097 	-0.084 	-0.273 	
-397.872 	957.904 	50.148 	-0.121 	0.198 	0.007 	
2229.478 	1905.125 	1140.833 	0.421 	0.396 	0.230 	
-1359.692 	-759.118 	2544.514 	-0.324 	-0.162 	0.539 	
-1544.884 	419.596 	-1282.240 	-0.344 	0.084 	-0.264 	
-830.183 	-226.623 	674.252 	-0.212 	-0.039 	0.137 	
2057.390 	-918.450 	-1604.330 	0.382 	-0.188 	-0.328 	
-1086.238 	787.703 	208.892 	-0.256 	0.159 	0.041 	
-491.186 	1219.121 	106.714 	-0.139 	0.241 	0.022 	
523.773 	273.156 	1744.925 	0.078 	0.066 	0.355 	
-526.012 	-959.790 	627.174 	-0.137 	-0.201 	0.130 	
-1038.600 	1127.221 	859.831 	-0.241 	0.226 	0.182 	
909.499 	713.949 	524.187 	0.152 	0.143 	0.120 	
-178.345 	-116.071 	705.887 	-0.079 	-0.020 	0.149 	
1822.796 	-1247.405 	1421.900 	0.334 	-0.254 	0.299 	
575.928 	1694.900 	-80.871 	0.090 	0.351 	-0.012 	
-1030.823 	826.396 	1091.090 	-0.243 	0.176 	0.220 	
-1843.570 	-565.635 	-1630.370 	-0.410 	-0.110 	-0.336 	
1917.270 	915.265 	1242.281 	0.356 	0.199 	0.252 	
1182.904 	-1322.894 	-676.167 	0.218 	-0.269 	-0.140 	
-803.669 	-160.938 	1216.420 	-0.202 	-0.029 	0.239 	
-53.645 	-852.487 	1935.160 	-0.051 	-0.182 	0.388 	
-216.774 	-1577.136 	1723.815 	-0.079 	-0.333 	0.341 	
-1839.836 	1302.894 	-1359.171 	-0.408 	0.263 	-0.284 	
1491.851 	-380.773 	-271.194 	0.281 	-0.080 	-0.052 	
710.346 	892.133 	973.655 	0.113 	0.193 	0.206 	
-434.887 	-712.073 	-1061.708 	-0.124 	-0.155 	-0.211 	
-695.455 	-399.760 	554.799 	-0.187 	-0.081 	0.115 	
-1443.500 	205.201 	292.022 	-0.319 	0.041 	0.062 	
1331.126 	-227.987 	-202.325 	0.235 	-0.051 	-0.040 	
1067.213 	-874.466 	1134.587 	0.196 	-0.177 	0.237 	
-416.177 	-858.394 	1305.300 	-0.130 	-0.181 	0.266 	
-1962.957 	7.421 	1435.642 	-0.441 	0.002 	0.294 	
-1051.378 	317.649 	451.918 	-0.261 	0.067 	0.093 	
1878.243 	-1327.536 	-45.425 	0.346 	-0.282 	-0.012 	
-289.164 	424.946 	-1050.821 	-0.097 	0.079 	-0.208 	
-552.731 	729.896 	1822.131 	-0.140 	0.145 	0.376 	
1515.923 	-1254.789 	-416.530 	0.279 	-0.257 	-0.082 	
2040.755 	-237.587 	-942.784 	0.392 	-0.052 	-0.188 	
1778.613 	1675.983 	2160.887 	0.328 	0.344 	0.447 	
1575.921 	-2022.612 	-1056.500 	0.290 	-0.413 	-0.210 	
1736.221 	588.810 	623.213 	0.331 	0.119 	0.124 	
2149.464 	-1145.456 	655.514 	0.419 	-0.235 	0.136 	
307.760 	-1536.776 	1167.178 	0.031 	-0.307 	0.242 	
630.680 	191.259 	-1464.215 	0.105 	0.040 	-0.302 	
1890.073 	1311.304 	947.398 	0.347 	0.272 	0.201 	
-517.899 	-384.271 	12.900 	-0.150 	-0.081 	0.006 	
-1307.039 	105.913 	-1397.167 	-0.307 	0.015 	-0.295 	
327.674 	945.970 	670.626 	0.026 	0.198 	0.147 	
-1280.856 	76.620 	1387.605 	-0.298 	0.027 	0.284 	
-660.354 	-669.323 	1796.028 	-0.174 	-0.150 	0.364 	
-1895.061 	964.197 	535.855 	-0.432 	0.203 	0.112 	
-1953.387 	964.505 	1639.238 	-0.427 	0.196 	0.341 	
-607.148 	-283.346 	1435.597 	-0.161 	-0.052 	0.289 	
2054.997 	-1362.448 	-1611.322 	0.383 	-0.280 	-0.341 	
306.960 	-1976.347 	1992.684 	0.019 	-0.410 	0.410 	
-977.625 	1047.598 	372.707 	-0.231 	0.215 	0.075 	
-1781.573 	718.255 	1493.824 	-0.391 	0.146 	0.310 	
-1380.760 	-19.169 	1170.421 	-0.306 	-0.001 	0.240 	
149.714 	926.158 	1199.308 	-0.014 	0.184 	0.247 	
473.093 	-601.957 	-205.425 	0.071 	-0.123 	-0.041 	
512.402 	281.733 	291.220 	0.066 	0.047 	0.059 	
-563.631 	-1466.516 	696.152 	-0.142 	-0.308 	0.140 	
627.777 	-376.683 	630.513 	0.096 	-0.078 	0.122 	
1411.415 	535.491 	1097.282 	0.264 	0.113 	0.217 	
891.018 	208.421 	-1144.670 	0.143 	0.044 	-0.235 	
462.964 	107.373 	-603.039 	0.059 	0.026 	-0.126 	
-2032.136 	-1486.116 	2030.133 	-0.460 	-0.308 	0.425 	
-1243.879 	1837.723 	1180.697 	-0.294 	0.374 	0.249 	
-689.539 	-1728.868 	1441.548 	-0.173 	-0.352 	0.295 	
-307.928 	-410.048 	1363.767 	-0.099 	-0.093 	0.272 	
-493.197 	-355.914 	-459.503 	-0.147 	-0.076 	-0.099 	
2249.453 	718.128 	1993.188 	0.435 	0.151 	0.410 	
-444.453 	-1765.429 	-1747.949 	-0.116 	-0.363 	-0.361 	
921.858 	2049.474 	-269.281 	0.156 	0.429 	-0.060 	
639.871 	2106.186 	-1972.319 	0.105 	0.437 	-0.402 	
-242.178 	1378.220 	783.812 	-0.082 	0.287 	0.163 	
-695.080 	1287.853 	-185.201 	-0.178 	0.262 	-0.047 	
326.047 	809.837 	-2230.979 	0.033 	0.163 	-0.469 	
-775.478 	250.180 	-585.429 	-0.186 	0.054 	-0.117 	
36.553 	160.934 	-1272.497 	-0.022 	0.033 	-0.268 	
1578.056 	1214.599 	-575.262 	0.301 	0.248 	-0.119 	
-1828.956 	1269.454 	-1268.309 	-0.414 	0.265 	-0.270 	
1899.535 	1836.436 	1142.267 	0.369 	0.377 	0.237 	
-1320.039 	1259.963 	1311.421 	-0.312 	0.256 	0.278 	
720.828 	686.252 	1446.407 	0.105 	0.133 	0.297 	
-2085.297 	1277.338 	-1132.420 	-0.470 	0.268 	-0.237 	
-1117.209 	1819.518 	-657.983 	-0.258 	0.372 	-0.129 	
-1165.656 	821.886 	604.338 	-0.266 	0.165 	0.132 	
-138.228 	-667.170 	1001.607 	-0.072 	-0.131 	0.193 	
46.755 	-812.361 	-1734.027 	-0.025 	-0.156 	-0.356 	
-1884.792 	-583.305 	-975.373 	-0.414 	-0.122 	-0.207 	
1373.003 	212.317 	-297.980 	0.252 	0.047 	-0.049 	
1524.432 	-19.539 	-211.186 	0.276 	-0.009 	-0.032 	
-769.824 	-367.370 	1735.996 	-0.198 	-0.079 	0.352 	
1795.100 	-1201.980 	-1141.292 	0.339 	-0.241 	-0.241 	
727.990 	-237.247 	973.536 	0.110 	-0.045 	0.199 	
2140.758 	-1864.628 	-1123.120 	0.414 	-0.378 	-0.238 	
695.421 	-1372.715 	204.735 	0.109 	-0.280 	0.035 	
-477.022 	-1750.894 	103.095 	-0.136 	-0.361 	0.021 	
608.681 	1696.889 	-241.168 	0.098 	0.338 	-0.049 	
1218.191 	-347.781 	-382.822 	0.213 	-0.062 	-0.075 	
-714.234 	-267.069 	81.118 	-0.176 	-0.061 	0.021 	
-206.176 	1274.588 	-319.799 	-0.087 	0.265 	-0.065 	
1197.734 	-1510.471 	-1947.719 	0.221 	-0.316 	-0.409 	
-1586.603 	1412.086 	493.917 	-0.366 	0.290 	0.113 	
-300.907 	-891.361 	1326.505 	-0.103 	-0.178 	0.263 	
930.203 	1116.797 	-58.411 	0.146 	0.231 	-0.015 	
1400.542 	1778.565 	-1596.402 	0.252 	0.372 	-0.326 	
-1713.998 	322.030 	28.320 	-0.390 	0.057 	0.011 	
1387.902 	1043.542 	305.829 	0.250 	0.208 	0.070 	
-2032.769 	1961.399 	2006.457 	-0.460 	0.399 	0.418 	
370.049 	335.426 	753.925 	0.048 	0.068 	0.147 	
1155.820 	-503.429 	-210.080 	0.198 	-0.109 	-0.038 	
1797.718 	1051.211 	1563.781 	0.328 	0.217 	0.321 	
-228.352 	-249.512 	-241.727 	-0.089 	-0.057 	-0.040 	
1834.013 	-1512.980 	-1507.158 	0.352 	-0.310 	-0.311 	
1503.491 	-51.867 	-756.695 	0.276 	-0.009 	-0.158 	
-1698.113 	-1718.895 	-273.866 	-0.385 	-0.353 	-0.046 	
-1503.098 	1772.568 	1822.812 	-0.348 	0.375 	0.370 	
1225.536 	-2140.657 	1350.088 	0.217 	-0.452 	0.277 	
1346.388 	-1348.858 	-230.561 	0.240 	-0.276 	-0.039 	
2128.989 	-1848.568 	1828.561 	0.414 	-0.381 	0.375 	
-799.746 	-357.773 	-774.076 	-0.198 	-0.070 	-0.155 	
2291.386 	1817.792 	1178.846 	0.449 	0.379 	0.238 	
1121.966 	912.068 	-848.790 	0.186 	0.187 	-0.177 	
71.844 	1572.108 	-581.681 	-0.016 	0.328 	-0.116 	
-2106.359 	405.304 	-795.825 	-0.476 	0.083 	-0.157 	
-2371.380 	1804.110 	2983.957 	-0.522 	0.378 	0.617 	
775.282 	-385.804 	1618.864 	0.135 	-0.078 	0.329 	
-960.859 	-431.933 	-569.808 	-0.242 	-0.086 	-0.113 	
-1910.111 	768.763 	1574.622 	-0.418 	0.160 	0.322 	
-868.980 	964.230 	-1080.931 	-0.212 	0.198 	-0.233 	
-4.583 	242.413 	-358.105 	-0.026 	0.045 	-0.074 	
-1746.220 	-278.586 	-931.873 	-0.400 	-0.054 	-0.191 	
101.647 	-561.388 	-308.070 	-0.015 	-0.122 	-0.066 	
2136.318 	-239.570 	-132.562 	0.407 	-0.049 	-0.035 	
-352.437 	539.132 	345.604 	-0.115 	0.108 	0.082 	
923.077 	-1535.078 	-182.649 	0.144 	-0.314 	-0.042 	
1414.676 	-1796.762 	-825.030 	0.260 	-0.366 	-0.178 	
-1044.643 	-1200.768 	806.200 	-0.241 	-0.249 	0.164 	
-356.796 	1219.835 	1563.420 	-0.109 	0.245 	0.319 	
1110.270 	1983.989 	1332.823 	0.194 	0.418 	0.274 	
-2125.074 	1015.152 	-231.386 	-0.474 	0.218 	-0.051 	
-152.774 	55.817 	-1392.589 	-0.069 	0.005 	-0.283 	
-927.389 	699.742 	-1855.895 	-0.222 	0.136 	-0.376 	
-1734.145 	-546.043 	262.787 	-0.397 	-0.119 	0.054 	
938.761 	724.524 	722.737 	0.160 	0.152 	0.140 	
488.798 	-406.601 	-1536.781 	0.058 	-0.088 	-0.313 	
412.840 	1458.829 	740.076 	0.053 	0.296 	0.150 	
108.143 	549.835 	1053.901 	-0.015 	0.120 	0.212 	
-810.626 	-1283.293 	1335.691 	-0.200 	-0.261 	0.278 	
46.428 	-243.337 	-696.252 	-0.030 	-0.051 	-0.137 	
-468.804 	1924.992 	1183.360 	-0.139 	0.388 	0.248 	
-1047.645 	451.116 	-146.575 	-0.245 	0.087 	-0.021 	
-1723.785 	-1077.123 	177.829 	-0.400 	-0.219 	0.036 	
1422.178 	-754.973 	-2067.416 	0.264 	-0.155 	-0.430 	
-1654.830 	2287.533 	-1005.256 	-0.381 	0.481 	-0.204 	
-771.718 	904.848 	-1896.332 	-0.183 	0.188 	-0.390 	
1480.545 	-912.094 	-321.439 	0.268 	-0.179 	-0.062 	
252.857 	395.207 	-344.609 	0.013 	0.086 	-0.071 	
-504.750 	1665.622 	-806.984 	-0.144 	0.342 	-0.165 	
-408.366 	224.357 	1356.913 	-0.123 	0.052 	0.273 	
-1452.789 	-1488.429 	1804.564 	-0.344 	-0.302 	0.372 	
995.826 	1391.779 	1277.152 	0.175 	0.276 	0.262 	
282.914 	1274.627 	1684.645 	0.030 	0.260 	0.351 	
755.358 	908.072 	-1096.307 	0.115 	0.177 	-0.225 	
1292.298 	1063.525 	-1805.011 	0.233 	0.218 	-0.377 	
202.496 	-771.933 	-1560.653 	0.005 	-0.168 	-0.320 	
-1453.363 	1031.698 	-704.884 	-0.343 	0.206 	-0.142 	
1029.189 	80.520 	-15.830 	0.180 	0.018 	0.001 	
-1595.119 	1635.991 	102.285 	-0.377 	0.333 	0.029 	
-751.329 	-1538.428 	-657.202 	-0.190 	-0.314 	-0.139 	
448.096 	-990.776 	-1568.271 	0.046 	-0.206 	-0.323 	
-352.908 	-521.618 	1244.742 	-0.117 	-0.106 	0.257 	
-92.570 	-1851.859 	836.696 	-0.051 	-0.383 	0.178 	
1341.234 	964.658 	-1376.708 	0.252 	0.196 	-0.283 	
213.368 	1137.991 	-1072.041 	0.010 	0.239 	-0.228 	
62.562 	1419.046 	-1206.404 	-0.030 	0.290 	-0.244 	
-1028.612 	1422.528 	-828.872 	-0.239 	0.295 	-0.170 	
-2049.770 	-764.617 	237.117 	-0.460 	-0.162 	0.056 	
-1243.815 	-583.437 	-1079.654 	-0.279 	-0.123 	-0.220 	
2259.116 	-1281.362 	1888.960 	0.432 	-0.263 	0.384 	
-1947.680 	917.083 	-336.979 	-0.440 	0.194 	-0.067 	
-176.487 	-698.949 	974.552 	-0.085 	-0.133 	0.208 	
-519.427 	-690.913 	-1427.970 	-0.134 	-0.143 	-0.284 	
-826.960 	-1890.906 	1750.294 	-0.208 	-0.387 	0.357 	
-163.681 	-695.458 	1001.111 	-0.074 	-0.146 	0.205 	
186.692 	-1858.802 	424.994 	0.009 	-0.387 	0.088 	
-559.287 	-274.149 	121.338 	-0.162 	-0.061 	0.027 	
-658.130 	-642.581 	-703.085 	-0.173 	-0.136 	-0.138 	
-498.908 	-837.656 	1095.331 	-0.093 	-0.137 	0.164 	
778.626 	-1688.307 	1050.212 	0.131 	-0.355 	0.214 	
-1148.829 	-336.417 	1060.299 	-0.261 	-0.075 	0.217 	
1917.977 	986.945 	-1579.453 	0.372 	0.205 	-0.327 	
-257.610 	1073.965 	1864.526 	-0.090 	0.214 	0.377 	
687.820 	1581.320 	1255.157 	0.117 	0.322 	0.257 	
1279.263 	1348.235 	843.456 	0.238 	0.281 	0.175 	
1056.092 	-1155.679 	385.023 	0.183 	-0.230 	0.082 	
-751.596 	-329.208 	-1341.607 	-0.195 	-0.061 	-0.267 	
-1126.894 	1234.139 	712.042 	-0.257 	0.253 	0.152 	
274.913 	-727.422 	1218.338 	0.014 	-0.152 	0.251 	
669.786 	-1387.448 	1011.881 	0.102 	-0.295 	0.211 	
-553.674 	-1382.938 	126.982 	-0.155 	-0.272 	0.026 	
302.983 	-1216.644 	-239.641 	0.020 	-0.252 	-0.057 	
-93.506 	-1235.417 	-559.210 	-0.065 	-0.249 	-0.112 	
1680.372 	-285.568 	-1620.234 	0.312 	-0.058 	-0.331 	
890.099 	425.037 	1916.528 	0.138 	0.090 	0.396 	
-1386.563 	911.515 	1240.829 	-0.318 	0.190 	0.262 	
2115.518 	-1138.995 	1897.609 	0.410 	-0.231 	0.399 	
-1309.429 	679.100 	307.996 	-0.297 	0.141 	0.058 	
178.713 	298.963 	1715.683 	0.002 	0.071 	0.348 	
-2065.037 	926.053 	1293.505 	-0.462 	0.201 	0.266 	
-696.270 	-1282.053 	379.015 	-0.182 	-0.272 	0.078 	
1040.145 	-208.920 	-1084.088 	0.186 	-0.037 	-0.226 	
-685.002 	-1826.203 	2087.335 	-0.176 	-0.378 	0.440 	
-1596.215 	1631.922 	131.580 	-0.369 	0.339 	0.018 	
441.130 	-1951.182 	-1786.938 	0.055 	-0.397 	-0.365 	
-2068.853 	-505.401 	-1911.019 	-0.452 	-0.106 	-0.393 	
-941.135 	4.973 	-1204.408 	-0.238 	-0.001 	-0.247 	
51.609 	113.089 	-184.933 	-0.019 	0.019 	-0.038 	
-2057.912 	-508.589 	1999.486 	-0.461 	-0.112 	0.415 	
-661.338 	-69.680 	-146.211 	-0.169 	-0.023 	-0.017 	
1888.479 	-1010.853 	1174.212 	0.357 	-0.215 	0.250 	
-1844.167 	-1492.632 	-1555.732 	-0.419 	-0.305 	-0.316 	
-1763.607 	542.925 	-16.865 	-0.385 	0.108 	-0.003 	
395.263 	636.428 	-1899.678 	0.053 	0.137 	-0.394 	
-1282.492 	489.039 	896.596 	-0.291 	0.092 	0.188 	
2012.882 	-1878.217 	1366.918 	0.374 	-0.394 	0.283 	
-570.666 	1152.422 	-1322.902 	-0.143 	0.230 	-0.273 	
-2069.948 	167.440 	1086.984 	-0.461 	0.033 	0.227 	
879.832 	-1516.129 	1685.037 	0.142 	-0.311 	0.352 	
-2028.937 	1411.264 	-182.834 	-0.452 	0.290 	-0.043 	
-1912.267 	849.907 	667.346 	-0.420 	0.170 	0.146 	
358.930 	-1448.885 	396.128 	0.048 	-0.303 	0.081 	
-690.557 	-1479.345 	906.600 	-0.176 	-0.313 	0.192 	
467.108 	-1072.813 	-1793.073 	0.071 	-0.226 	-0.364 	
-1623.377 	-1011.847 	893.833 	-0.365 	-0.202 	0.183 	
-2015.770 	-778.576 	-994.401 	-0.458 	-0.164 	-0.209 	
1167.003 	-1830.068 	-1730.414 	0.210 	-0.386 	-0.353 	
-1831.387 	-1253.858 	-1469.727 	-0.413 	-0.260 	-0.313 	
529.289 	-594.931 	-137.331 	0.073 	-0.120 	-0.025 	
1026.886 	1790.474 	919.395 	0.173 	0.371 	0.184 	
1694.266 	465.769 	1094.583 	0.306 	0.095 	0.230 	
911.525 	-1032.541 	-1231.265 	0.158 	-0.221 	-0.247 	
2125.900 	-1818.723 	1556.203 	0.399 	-0.376 	0.327 	
-1872.255 	-896.706 	-338.126 	-0.424 	-0.184 	-0.072 	
-1091.595 	1854.786 	881.147 	-0.267 	0.379 	0.190 	
-578.831 	1167.019 	1673.670 	-0.157 	0.231 	0.349 	
1182.790 	321.506 	1495.466 	0.210 	0.068 	0.309 	
-260.721 	-1578.519 	1680.111 	-0.093 	-0.317 	0.342 	
-1529.790 	1049.049 	735.844 	-0.345 	0.222 	0.149 	
1299.511 	1583.404 	141.533 	0.236 	0.330 	0.033 	
-1048.817 	-772.005 	-791.886 	-0.243 	-0.165 	-0.164 	
-183.424 	-1272.245 	1646.710 	-0.075 	-0.271 	0.333 	
1588.930 	263.024 	252.027 	0.291 	0.049 	0.062 	
-1895.707 	-1961.051 	1259.367 	-0.418 	-0.409 	0.258 	
-689.048 	-669.584 	-530.556 	-0.168 	-0.127 	-0.112 	
1516.350 	-1528.604 	419.987 	0.278 	-0.310 	0.093 	
-196.107 	1025.568 	540.314 	-0.081 	0.201 	0.109 	
-408.653 	-835.897 	-196.040 	-0.124 	-0.163 	-0.044 	
1039.043 	105.347 	-1088.257 	0.176 	0.023 	-0.216 	
-1629.877 	1719.366 	1209.322 	-0.377 	0.359 	0.240 	
1994.197 	-1677.905 	218.711 	0.383 	-0.348 	0.052 	
1722.789 	-68.686 	1291.014 	0.327 	-0.015 	0.269 	
496.850 	1679.904 	-20.770 	0.061 	0.353 	-0.007 	
329.328 	476.483 	1085.837 	0.043 	0.091 	0.218 	
-2074.253 	1344.133 	1748.131 	-0.470 	0.272 	0.361 	
-1554.029 	-527.224 	716.588 	-0.345 	-0.115 	0.149 	
1763.543 	337.578 	-447.525 	0.320 	0.067 	-0.096 	
-1085.776 	-367.508 	-1588.667 	-0.248 	-0.075 	-0.323 	
