## Las primeras 500 lineas corresponden a la esfera 1 
##las siguienets 500 lineas a la esfera 2
## Las primeras tres columnas corresponden a la posición en 'x', 'y' y 'z', las siguientes tres a las velocidades
-7.368 	-1245.884 	123.329 	-0.010 	-0.246 	0.028 	
397.468 	-381.002 	-5.266 	0.086 	-0.077 	-0.003 	
458.487 	1585.776 	1075.665 	0.099 	0.315 	0.206 	
-1479.740 	1641.689 	1081.651 	-0.304 	0.334 	0.221 	
-314.576 	-336.074 	1531.048 	-0.053 	-0.066 	0.315 	
1636.695 	1057.087 	1882.975 	0.342 	0.215 	0.375 	
1703.170 	-861.137 	-1661.414 	0.345 	-0.169 	-0.337 	
-1609.909 	-929.072 	581.168 	-0.322 	-0.178 	0.123 	
1394.736 	429.942 	925.806 	0.277 	0.096 	0.186 	
533.962 	506.542 	726.133 	0.105 	0.099 	0.152 	
1419.143 	-114.686 	83.827 	0.280 	-0.021 	0.014 	
-309.898 	-1287.817 	207.849 	-0.056 	-0.257 	0.045 	
270.642 	-916.372 	137.742 	0.067 	-0.182 	0.029 	
1033.359 	1456.457 	1406.215 	0.199 	0.293 	0.280 	
-61.150 	1213.152 	-1964.763 	-0.019 	0.250 	-0.390 	
-694.704 	-133.732 	3.989 	-0.140 	-0.018 	0.003 	
-782.123 	1588.889 	-643.620 	-0.162 	0.314 	-0.131 	
170.506 	905.460 	-1762.451 	0.032 	0.172 	-0.359 	
-2309.121 	-1723.291 	-976.445 	-0.475 	-0.342 	-0.200 	
825.141 	-2003.442 	-1729.037 	0.158 	-0.406 	-0.349 	
192.430 	-1873.281 	2227.650 	0.042 	-0.368 	0.453 	
164.162 	693.598 	1944.196 	0.030 	0.137 	0.382 	
-499.951 	-892.670 	444.983 	-0.100 	-0.169 	0.085 	
-1633.365 	-1295.053 	593.874 	-0.322 	-0.254 	0.115 	
1128.332 	-803.256 	1310.075 	0.235 	-0.161 	0.257 	
-759.185 	-17.490 	1725.218 	-0.142 	-0.000 	0.342 	
124.280 	-1053.228 	-68.966 	0.032 	-0.204 	-0.010 	
456.396 	-1908.824 	1421.763 	0.088 	-0.393 	0.287 	
-1660.539 	1665.869 	432.795 	-0.327 	0.333 	0.088 	
-935.254 	-1439.833 	1142.940 	-0.181 	-0.285 	0.233 	
-592.681 	-1003.529 	-1689.026 	-0.116 	-0.196 	-0.340 	
807.541 	1335.761 	1608.528 	0.158 	0.262 	0.324 	
1619.351 	-609.163 	1494.749 	0.326 	-0.122 	0.303 	
-1057.529 	1107.896 	139.286 	-0.200 	0.220 	0.029 	
174.025 	-567.684 	-1848.232 	0.034 	-0.121 	-0.362 	
285.909 	-249.199 	199.295 	0.069 	-0.043 	0.041 	
-779.650 	-1582.281 	-1788.820 	-0.158 	-0.314 	-0.370 	
-767.341 	-1938.857 	1456.405 	-0.144 	-0.388 	0.293 	
-737.594 	-175.572 	1045.930 	-0.152 	-0.031 	0.213 	
1256.451 	-1984.343 	1434.774 	0.252 	-0.399 	0.292 	
2145.181 	800.944 	-83.917 	0.433 	0.150 	-0.019 	
377.647 	-501.800 	169.111 	0.080 	-0.092 	0.029 	
822.820 	236.148 	1395.443 	0.162 	0.038 	0.269 	
-79.306 	-1374.939 	-893.722 	-0.025 	-0.276 	-0.178 	
335.834 	-398.261 	1354.193 	0.076 	-0.081 	0.277 	
178.202 	347.583 	-654.975 	0.044 	0.073 	-0.125 	
2076.602 	154.657 	37.025 	0.417 	0.038 	0.015 	
-486.982 	1919.728 	-506.892 	-0.098 	0.388 	-0.104 	
457.341 	-554.313 	-741.152 	0.100 	-0.114 	-0.146 	
1782.345 	1149.503 	568.493 	0.360 	0.239 	0.114 	
-1638.368 	-604.078 	-1329.398 	-0.324 	-0.126 	-0.273 	
944.094 	-160.229 	937.868 	0.181 	-0.031 	0.181 	
1999.958 	-908.658 	-1973.697 	0.411 	-0.192 	-0.398 	
-162.493 	1259.513 	21.599 	-0.022 	0.250 	0.011 	
-1443.568 	1565.668 	1143.117 	-0.296 	0.310 	0.228 	
-323.632 	-1874.461 	956.361 	-0.060 	-0.383 	0.198 	
-792.304 	-26.789 	-1185.203 	-0.149 	-0.009 	-0.243 	
68.633 	-1667.081 	-577.042 	0.022 	-0.335 	-0.118 	
-1945.654 	1390.757 	1661.533 	-0.395 	0.285 	0.340 	
1130.044 	1753.490 	702.340 	0.230 	0.348 	0.133 	
-508.465 	1892.283 	501.804 	-0.112 	0.383 	0.099 	
736.416 	1119.128 	-660.898 	0.154 	0.220 	-0.130 	
-1498.361 	2032.631 	801.831 	-0.311 	0.413 	0.163 	
1350.611 	383.736 	-680.613 	0.272 	0.086 	-0.136 	
1614.080 	-1880.308 	-1906.963 	0.338 	-0.378 	-0.380 	
2313.696 	-778.329 	-1945.396 	0.479 	-0.156 	-0.393 	
1471.234 	-1086.141 	-1695.394 	0.310 	-0.219 	-0.343 	
-2134.450 	2328.542 	-672.497 	-0.435 	0.479 	-0.141 	
2302.751 	1077.351 	1398.376 	0.475 	0.219 	0.278 	
-333.157 	682.688 	834.966 	-0.067 	0.121 	0.169 	
1522.327 	567.084 	599.761 	0.314 	0.106 	0.115 	
628.452 	-105.139 	713.963 	0.137 	-0.015 	0.143 	
-36.593 	1206.681 	-1986.330 	-0.005 	0.237 	-0.399 	
-514.563 	-1499.035 	-606.574 	-0.106 	-0.301 	-0.118 	
-900.501 	775.911 	1212.234 	-0.191 	0.154 	0.240 	
894.049 	-264.384 	-495.482 	0.179 	-0.051 	-0.086 	
-51.900 	-463.327 	-1395.822 	-0.013 	-0.083 	-0.281 	
1737.245 	1027.539 	-1635.087 	0.354 	0.208 	-0.338 	
226.703 	-382.933 	-767.269 	0.041 	-0.072 	-0.158 	
-27.204 	-490.939 	1676.906 	0.000 	-0.103 	0.335 	
-295.112 	1543.823 	481.705 	-0.067 	0.302 	0.098 	
455.106 	-807.904 	-552.833 	0.082 	-0.158 	-0.104 	
991.312 	1258.669 	1635.616 	0.196 	0.257 	0.328 	
-416.946 	-1318.004 	1665.884 	-0.088 	-0.260 	0.340 	
1294.089 	-695.464 	-311.093 	0.266 	-0.131 	-0.070 	
-1193.269 	-1668.271 	-1625.415 	-0.233 	-0.333 	-0.322 	
1237.612 	-389.621 	-772.119 	0.250 	-0.084 	-0.167 	
-1283.726 	-1382.231 	1484.547 	-0.268 	-0.278 	0.300 	
-1784.816 	-1749.561 	1149.626 	-0.352 	-0.353 	0.235 	
-1617.526 	-707.363 	-177.987 	-0.318 	-0.149 	-0.028 	
2113.758 	961.322 	1496.885 	0.426 	0.205 	0.300 	
56.210 	818.164 	1513.467 	0.009 	0.169 	0.305 	
145.105 	-359.380 	142.561 	0.035 	-0.078 	0.030 	
-254.927 	-1803.958 	-751.228 	-0.045 	-0.368 	-0.145 	
1740.144 	-1159.503 	1727.226 	0.349 	-0.227 	0.346 	
-670.125 	1126.206 	-1823.661 	-0.126 	0.235 	-0.363 	
1745.799 	440.873 	1124.546 	0.360 	0.085 	0.226 	
1875.169 	430.292 	-1250.771 	0.386 	0.087 	-0.251 	
2127.221 	1690.038 	264.179 	0.441 	0.338 	0.054 	
1167.097 	-906.250 	1164.975 	0.227 	-0.189 	0.230 	
-1354.251 	1791.165 	984.742 	-0.272 	0.353 	0.203 	
-2209.083 	-1591.737 	-688.229 	-0.453 	-0.319 	-0.132 	
596.583 	-2061.756 	1189.508 	0.122 	-0.419 	0.238 	
-900.658 	-210.628 	1564.231 	-0.179 	-0.034 	0.320 	
1117.332 	-481.710 	610.219 	0.235 	-0.097 	0.127 	
-1883.146 	945.652 	1728.721 	-0.371 	0.191 	0.344 	
-1851.188 	-1301.777 	1222.284 	-0.381 	-0.258 	0.250 	
-2160.533 	2262.702 	-921.568 	-0.441 	0.465 	-0.186 	
1364.105 	-876.846 	61.945 	0.269 	-0.181 	0.020 	
2282.447 	-204.751 	-736.782 	0.467 	-0.047 	-0.140 	
-561.118 	-194.560 	1120.333 	-0.109 	-0.042 	0.230 	
508.949 	-675.555 	1014.409 	0.092 	-0.137 	0.204 	
908.623 	-0.240 	331.848 	0.175 	-0.007 	0.062 	
-341.934 	1963.032 	-716.960 	-0.074 	0.389 	-0.137 	
-1319.344 	1798.665 	1804.627 	-0.268 	0.363 	0.368 	
-206.369 	1929.580 	1872.972 	-0.036 	0.392 	0.378 	
592.935 	-2017.367 	-356.580 	0.117 	-0.406 	-0.061 	
-2136.700 	-610.172 	2015.139 	-0.427 	-0.131 	0.403 	
1457.405 	-878.090 	-757.211 	0.292 	-0.185 	-0.144 	
-143.145 	1427.890 	263.586 	-0.038 	0.284 	0.057 	
-997.366 	219.997 	1236.941 	-0.195 	0.046 	0.257 	
1134.982 	-1588.420 	-716.450 	0.231 	-0.325 	-0.144 	
923.436 	-295.475 	-1506.710 	0.184 	-0.049 	-0.305 	
1864.928 	-842.855 	1908.276 	0.369 	-0.173 	0.386 	
-2034.594 	697.737 	1016.269 	-0.417 	0.137 	0.202 	
589.918 	-253.157 	-735.243 	0.111 	-0.043 	-0.142 	
-2115.586 	-1353.540 	-806.933 	-0.424 	-0.271 	-0.155 	
-2233.482 	-2072.406 	847.417 	-0.459 	-0.418 	0.168 	
-1637.066 	846.172 	-2003.728 	-0.331 	0.173 	-0.395 	
-1751.421 	-1826.455 	699.620 	-0.345 	-0.371 	0.140 	
-184.441 	-1222.773 	957.826 	-0.044 	-0.243 	0.195 	
-474.636 	1557.467 	-883.533 	-0.099 	0.316 	-0.184 	
-1222.851 	1016.394 	14.736 	-0.248 	0.199 	0.002 	
35.169 	581.087 	-1757.794 	0.000 	0.111 	-0.349 	
2173.844 	-1991.040 	198.137 	0.434 	-0.399 	0.034 	
-290.424 	-1552.893 	-797.935 	-0.051 	-0.311 	-0.170 	
238.119 	-1212.483 	553.265 	0.041 	-0.243 	0.103 	
-1439.975 	-1835.112 	1443.056 	-0.281 	-0.375 	0.293 	
1696.434 	-820.367 	-842.048 	0.342 	-0.160 	-0.168 	
731.155 	-1514.423 	454.559 	0.159 	-0.302 	0.096 	
-1467.382 	-908.420 	-1162.998 	-0.286 	-0.187 	-0.233 	
1903.918 	-556.820 	-504.832 	0.373 	-0.106 	-0.103 	
-1288.353 	1953.223 	465.207 	-0.262 	0.388 	0.099 	
-1558.520 	-1635.151 	255.053 	-0.315 	-0.328 	0.057 	
-494.400 	608.352 	723.288 	-0.105 	0.114 	0.144 	
1195.874 	-259.728 	1698.166 	0.239 	-0.051 	0.332 	
-890.949 	-122.436 	-707.229 	-0.174 	-0.015 	-0.142 	
-21.312 	1012.762 	1528.317 	-0.009 	0.201 	0.297 	
1824.364 	-1688.575 	-1967.371 	0.360 	-0.342 	-0.399 	
-158.025 	1412.259 	-1000.030 	-0.024 	0.277 	-0.203 	
1806.192 	-1960.618 	506.563 	0.366 	-0.393 	0.093 	
-1415.242 	-558.417 	1225.420 	-0.276 	-0.106 	0.245 	
486.149 	1088.387 	2091.693 	0.094 	0.211 	0.422 	
-2116.410 	-2075.906 	-778.829 	-0.426 	-0.417 	-0.162 	
-1783.978 	-112.467 	-2009.847 	-0.361 	-0.017 	-0.406 	
-165.638 	-845.159 	-720.406 	-0.043 	-0.170 	-0.144 	
1959.182 	-450.542 	1445.536 	0.414 	-0.089 	0.284 	
-1878.927 	-958.768 	1866.383 	-0.379 	-0.199 	0.374 	
-921.284 	-1469.267 	2077.051 	-0.180 	-0.298 	0.423 	
223.499 	-1455.726 	1218.212 	0.044 	-0.294 	0.248 	
2011.679 	-1676.074 	1537.012 	0.416 	-0.340 	0.313 	
-649.634 	369.418 	403.747 	-0.123 	0.077 	0.075 	
-678.002 	-83.164 	1137.659 	-0.155 	-0.001 	0.247 	
1009.126 	143.681 	-83.915 	0.211 	0.034 	-0.010 	
110.624 	-752.239 	415.225 	0.019 	-0.150 	0.078 	
-765.490 	-21.040 	-272.624 	-0.158 	-0.003 	-0.048 	
-719.585 	1156.608 	-1018.668 	-0.143 	0.233 	-0.205 	
2297.507 	-481.201 	-140.930 	0.466 	-0.107 	-0.027 	
665.273 	-37.501 	-243.364 	0.134 	-0.016 	-0.039 	
794.062 	-425.834 	-459.192 	0.150 	-0.090 	-0.083 	
-1304.663 	392.988 	2173.940 	-0.259 	0.078 	0.441 	
1243.301 	847.765 	79.746 	0.263 	0.164 	0.018 	
-1872.954 	372.712 	802.929 	-0.382 	0.071 	0.159 	
524.466 	-117.719 	-618.924 	0.101 	-0.031 	-0.125 	
-2158.363 	-963.817 	1832.050 	-0.442 	-0.194 	0.368 	
-1692.168 	-649.195 	-140.150 	-0.341 	-0.125 	-0.023 	
-850.958 	-468.087 	-463.768 	-0.169 	-0.094 	-0.096 	
1313.510 	1172.010 	1669.792 	0.267 	0.238 	0.326 	
403.056 	-402.819 	1674.297 	0.084 	-0.079 	0.339 	
1976.106 	1220.756 	2124.902 	0.397 	0.253 	0.433 	
1703.818 	1548.771 	1697.012 	0.342 	0.314 	0.352 	
1835.829 	-1553.320 	-1585.763 	0.366 	-0.317 	-0.322 	
1331.257 	1901.285 	106.351 	0.278 	0.381 	0.020 	
-940.822 	102.725 	520.283 	-0.193 	0.016 	0.112 	
-384.710 	144.638 	-1200.052 	-0.073 	0.033 	-0.249 	
-280.122 	876.183 	964.040 	-0.065 	0.175 	0.193 	
-2132.866 	-1904.410 	1153.359 	-0.432 	-0.378 	0.242 	
-837.355 	663.831 	-765.735 	-0.167 	0.137 	-0.149 	
-578.460 	-1790.525 	-1361.072 	-0.117 	-0.354 	-0.275 	
-991.521 	-1738.118 	-1046.331 	-0.189 	-0.348 	-0.210 	
162.311 	-1911.412 	-1575.856 	0.031 	-0.381 	-0.314 	
1680.319 	681.701 	125.111 	0.349 	0.138 	0.030 	
1875.484 	-148.516 	-1318.430 	0.378 	-0.032 	-0.259 	
-827.074 	294.609 	96.027 	-0.154 	0.056 	0.026 	
-842.404 	929.706 	502.603 	-0.180 	0.184 	0.102 	
1929.069 	-867.334 	-4.046 	0.386 	-0.182 	-0.008 	
-1106.776 	736.682 	-2001.064 	-0.225 	0.145 	-0.405 	
1992.255 	-162.753 	1263.102 	0.398 	-0.025 	0.259 	
412.506 	669.455 	560.784 	0.094 	0.138 	0.118 	
1231.970 	-396.622 	-828.969 	0.254 	-0.072 	-0.157 	
-1207.573 	1531.176 	346.352 	-0.241 	0.299 	0.073 	
-11.674 	-1514.783 	914.912 	0.006 	-0.295 	0.180 	
-197.219 	-162.363 	-1620.767 	-0.031 	-0.031 	-0.321 	
-585.153 	86.462 	336.509 	-0.121 	0.019 	0.069 	
-221.993 	-1719.331 	-1718.469 	-0.041 	-0.341 	-0.352 	
-463.235 	-734.913 	1783.030 	-0.088 	-0.151 	0.346 	
2169.514 	-291.064 	-1567.712 	0.442 	-0.066 	-0.313 	
-467.342 	313.116 	-326.397 	-0.091 	0.059 	-0.060 	
1805.659 	-1893.660 	1738.329 	0.372 	-0.378 	0.351 	
-623.784 	-660.749 	594.909 	-0.123 	-0.124 	0.117 	
-570.310 	-64.582 	1782.152 	-0.107 	-0.006 	0.356 	
409.634 	936.913 	196.826 	0.094 	0.187 	0.041 	
-1967.615 	2048.468 	-1485.011 	-0.401 	0.414 	-0.299 	
108.605 	-524.303 	-2018.389 	0.034 	-0.102 	-0.406 	
-352.404 	-1059.432 	1259.159 	-0.067 	-0.201 	0.255 	
-1195.605 	-946.571 	-849.768 	-0.247 	-0.190 	-0.168 	
1084.381 	1961.854 	-1665.832 	0.221 	0.397 	-0.346 	
-1161.394 	150.218 	1261.455 	-0.243 	0.029 	0.251 	
-45.215 	272.023 	962.536 	-0.015 	0.055 	0.184 	
-341.462 	-366.608 	672.837 	-0.053 	-0.085 	0.105 	
1887.599 	-459.800 	-1196.134 	0.379 	-0.102 	-0.245 	
2206.691 	-2070.096 	21.843 	0.443 	-0.418 	0.013 	
-1606.449 	-1190.097 	-87.965 	-0.332 	-0.243 	-0.020 	
73.773 	-1679.372 	437.979 	0.009 	-0.331 	0.093 	
-782.626 	120.995 	1645.187 	-0.161 	0.018 	0.324 	
-1078.807 	2030.554 	80.287 	-0.208 	0.406 	0.022 	
-1488.477 	-1583.934 	681.206 	-0.297 	-0.313 	0.134 	
1823.392 	-747.471 	-1519.812 	0.370 	-0.148 	-0.313 	
-1302.377 	-1905.959 	1227.304 	-0.263 	-0.374 	0.248 	
-890.395 	-16.347 	739.972 	-0.178 	-0.013 	0.152 	
-943.967 	199.400 	1915.794 	-0.189 	0.040 	0.391 	
-1696.655 	1255.549 	-314.980 	-0.338 	0.251 	-0.052 	
-1618.971 	564.062 	57.826 	-0.334 	0.113 	0.012 	
-599.238 	533.411 	-994.874 	-0.119 	0.113 	-0.196 	
1785.978 	2247.918 	-2042.402 	0.358 	0.463 	-0.416 	
-1459.810 	814.462 	1139.569 	-0.300 	0.163 	0.237 	
-1655.044 	-180.631 	-1731.802 	-0.326 	-0.039 	-0.349 	
991.820 	-1393.521 	661.339 	0.203 	-0.285 	0.124 	
1498.442 	1619.975 	-141.642 	0.315 	0.326 	-0.023 	
1695.800 	876.867 	-1908.061 	0.337 	0.180 	-0.377 	
1118.399 	538.884 	-1288.147 	0.221 	0.105 	-0.248 	
-833.988 	-1619.727 	-471.739 	-0.163 	-0.317 	-0.097 	
1541.981 	-709.906 	180.426 	0.314 	-0.139 	0.025 	
-484.684 	1646.662 	399.022 	-0.044 	0.372 	0.096 	
449.418 	-1200.560 	1769.971 	0.092 	-0.237 	0.344 	
-1014.976 	665.523 	-784.361 	-0.204 	0.131 	-0.163 	
-1489.551 	-57.974 	734.031 	-0.306 	-0.012 	0.153 	
1614.467 	-547.753 	1626.207 	0.332 	-0.113 	0.317 	
440.940 	-1196.773 	-1836.516 	0.096 	-0.244 	-0.359 	
2237.160 	377.994 	-1250.302 	0.460 	0.076 	-0.254 	
745.915 	-475.366 	1596.736 	0.159 	-0.095 	0.318 	
-1339.008 	1754.073 	-389.792 	-0.257 	0.354 	-0.077 	
-845.436 	-823.522 	704.862 	-0.172 	-0.165 	0.147 	
-721.567 	-923.933 	347.085 	-0.142 	-0.185 	0.082 	
1979.151 	16.103 	875.625 	0.402 	0.012 	0.181 	
-1348.594 	132.390 	1225.921 	-0.272 	0.026 	0.257 	
2.340 	791.133 	-1504.260 	-0.008 	0.160 	-0.308 	
-1441.716 	-1886.155 	-1865.557 	-0.282 	-0.377 	-0.383 	
1027.769 	1619.178 	-741.026 	0.202 	0.321 	-0.147 	
-1988.578 	954.493 	1189.733 	-0.403 	0.192 	0.234 	
-2073.881 	120.200 	797.072 	-0.424 	0.030 	0.160 	
651.912 	-1662.701 	-1696.516 	0.127 	-0.338 	-0.333 	
-2690.825 	87.827 	-6.219 	-0.593 	-0.015 	-0.005 	
-1889.409 	-763.275 	995.072 	-0.376 	-0.155 	0.206 	
1148.221 	-440.679 	-1357.392 	0.228 	-0.089 	-0.281 	
567.321 	376.978 	238.119 	0.121 	0.076 	0.058 	
-54.487 	-728.005 	487.663 	-0.011 	-0.153 	0.087 	
-2021.366 	180.719 	-1165.158 	-0.411 	0.032 	-0.240 	
1646.780 	-175.338 	2237.415 	0.337 	-0.032 	0.458 	
-399.746 	-687.275 	1160.971 	-0.080 	-0.145 	0.224 	
756.628 	-1186.831 	-468.267 	0.146 	-0.236 	-0.090 	
282.607 	-292.940 	328.423 	0.062 	-0.066 	0.059 	
-1788.764 	-2116.301 	-1066.196 	-0.363 	-0.432 	-0.214 	
1019.825 	-970.058 	-1738.020 	0.204 	-0.185 	-0.343 	
420.227 	567.564 	-444.416 	0.092 	0.147 	-0.087 	
-815.103 	-247.030 	665.716 	-0.161 	-0.039 	0.140 	
2266.840 	1140.342 	-178.730 	0.467 	0.227 	-0.038 	
518.285 	-250.596 	-1167.762 	0.100 	-0.049 	-0.237 	
-1656.574 	567.403 	-2062.597 	-0.330 	0.118 	-0.414 	
783.500 	635.448 	615.025 	0.164 	0.119 	0.130 	
2016.274 	150.758 	-1654.456 	0.398 	0.027 	-0.328 	
-818.760 	261.720 	-1039.393 	-0.163 	0.058 	-0.214 	
-2018.048 	1836.660 	772.355 	-0.415 	0.371 	0.157 	
66.883 	-1601.414 	-1892.392 	0.020 	-0.321 	-0.388 	
1430.253 	1814.813 	-1117.777 	0.290 	0.365 	-0.237 	
1037.641 	-822.949 	207.022 	0.206 	-0.164 	0.051 	
1059.493 	-1763.349 	-1417.219 	0.209 	-0.350 	-0.293 	
679.235 	-825.157 	1162.681 	0.131 	-0.166 	0.232 	
889.915 	-889.861 	1414.085 	0.179 	-0.174 	0.285 	
1808.053 	1984.105 	-1751.655 	0.361 	0.403 	-0.362 	
1676.772 	-315.049 	1214.848 	0.343 	-0.057 	0.252 	
724.640 	-489.210 	-412.026 	0.150 	-0.092 	-0.082 	
-822.551 	-774.641 	1517.500 	-0.172 	-0.153 	0.306 	
-958.240 	-428.873 	1665.302 	-0.191 	-0.094 	0.334 	
385.544 	-1000.476 	-634.442 	0.079 	-0.198 	-0.130 	
-1353.067 	-211.027 	-33.988 	-0.271 	-0.046 	-0.009 	
-247.212 	1698.353 	-2096.993 	-0.040 	0.348 	-0.423 	
-1597.931 	-526.228 	1074.025 	-0.329 	-0.106 	0.214 	
-71.600 	-1642.458 	1738.462 	-0.015 	-0.323 	0.356 	
-801.491 	610.352 	1639.431 	-0.153 	0.127 	0.327 	
-220.381 	-69.417 	1157.277 	-0.049 	-0.017 	0.233 	
1456.568 	-1103.794 	18.871 	0.298 	-0.226 	-0.004 	
-119.095 	-744.168 	477.252 	-0.009 	-0.146 	0.103 	
-433.040 	-733.212 	1648.845 	-0.075 	-0.145 	0.334 	
-2053.908 	-578.823 	556.293 	-0.421 	-0.117 	0.113 	
-535.327 	-1366.960 	-295.125 	-0.116 	-0.270 	-0.059 	
589.441 	-1990.283 	1073.613 	0.114 	-0.409 	0.214 	
728.176 	-1502.010 	-405.441 	0.143 	-0.303 	-0.075 	
840.811 	-1842.985 	-226.594 	0.172 	-0.373 	-0.038 	
560.755 	89.713 	1673.766 	0.106 	0.013 	0.336 	
-1847.755 	903.618 	124.733 	-0.374 	0.180 	0.023 	
-442.242 	456.853 	860.568 	-0.079 	0.087 	0.168 	
-717.857 	-1081.131 	1747.870 	-0.149 	-0.217 	0.359 	
-1523.941 	-1826.633 	1580.966 	-0.307 	-0.363 	0.327 	
1097.971 	1248.138 	-1918.159 	0.218 	0.249 	-0.380 	
-654.579 	1133.796 	-1842.668 	-0.127 	0.221 	-0.362 	
-140.675 	-1551.867 	-1250.122 	-0.016 	-0.312 	-0.253 	
-45.709 	-107.016 	285.410 	0.002 	-0.029 	0.055 	
1351.031 	-631.665 	359.050 	0.274 	-0.127 	0.065 	
1063.863 	639.891 	-1183.471 	0.226 	0.129 	-0.236 	
-1337.640 	-1793.200 	1053.410 	-0.264 	-0.369 	0.207 	
2229.114 	-445.911 	-2031.217 	0.458 	-0.090 	-0.413 	
-346.553 	1442.571 	497.732 	-0.061 	0.293 	0.096 	
-1168.251 	1637.310 	-1412.738 	-0.237 	0.329 	-0.287 	
-1596.911 	1078.481 	-559.563 	-0.311 	0.216 	-0.112 	
-15.812 	556.942 	-200.408 	-0.009 	0.101 	-0.040 	
-1757.038 	687.084 	152.555 	-0.344 	0.147 	0.028 	
-85.168 	-1529.494 	-1182.105 	-0.020 	-0.303 	-0.228 	
-1435.273 	-831.053 	93.444 	-0.291 	-0.164 	0.010 	
1102.782 	884.026 	-1141.436 	0.232 	0.178 	-0.226 	
-1394.481 	1992.986 	255.788 	-0.282 	0.396 	0.061 	
1017.374 	-183.574 	-1479.685 	0.209 	-0.035 	-0.297 	
-205.036 	173.998 	-426.219 	-0.036 	0.025 	-0.077 	
-1931.562 	-996.159 	-1800.133 	-0.387 	-0.209 	-0.368 	
897.872 	-370.434 	285.829 	0.176 	-0.077 	0.062 	
-1588.536 	-394.864 	1751.852 	-0.320 	-0.077 	0.355 	
1569.621 	-162.376 	1472.017 	0.316 	-0.037 	0.289 	
576.717 	-154.015 	-1345.149 	0.110 	-0.038 	-0.269 	
1647.260 	657.884 	-120.952 	0.326 	0.134 	-0.029 	
725.302 	334.192 	1196.421 	0.141 	0.071 	0.238 	
-134.286 	911.899 	-1520.459 	-0.032 	0.184 	-0.301 	
2031.602 	-1497.195 	-645.854 	0.420 	-0.300 	-0.125 	
-1837.308 	-1851.354 	1939.210 	-0.374 	-0.376 	0.391 	
-1606.782 	-1119.698 	-43.701 	-0.319 	-0.223 	-0.010 	
1243.902 	291.137 	421.624 	0.239 	0.058 	0.085 	
2015.822 	-507.355 	545.962 	0.406 	-0.098 	0.104 	
-1678.913 	617.568 	900.494 	-0.334 	0.129 	0.191 	
76.827 	-116.859 	14.555 	0.007 	-0.022 	0.007 	
-578.675 	-1177.285 	1617.930 	-0.107 	-0.232 	0.329 	
-224.536 	-981.509 	-786.394 	-0.040 	-0.201 	-0.151 	
1945.273 	-766.762 	-1328.693 	0.391 	-0.163 	-0.265 	
236.481 	-1162.060 	-1098.834 	0.037 	-0.230 	-0.217 	
1505.105 	-1622.340 	2032.425 	0.310 	-0.320 	0.408 	
-1877.916 	-767.750 	-994.199 	-0.374 	-0.147 	-0.194 	
-1692.291 	-460.039 	-645.272 	-0.347 	-0.099 	-0.127 	
253.084 	-427.822 	1559.284 	0.063 	-0.087 	0.311 	
1166.009 	-1152.609 	875.193 	0.246 	-0.232 	0.170 	
-1064.375 	875.536 	913.454 	-0.222 	0.172 	0.187 	
-1849.557 	-1038.324 	1543.727 	-0.370 	-0.199 	0.313 	
-1445.332 	-9.866 	483.135 	-0.293 	-0.004 	0.103 	
-1176.207 	-1379.334 	221.151 	-0.230 	-0.273 	0.040 	
1834.083 	1756.608 	1167.410 	0.374 	0.343 	0.232 	
1816.798 	1005.516 	-347.712 	0.375 	0.207 	-0.072 	
-1750.378 	-1647.272 	432.474 	-0.351 	-0.329 	0.093 	
-1440.607 	446.241 	817.426 	-0.293 	0.083 	0.166 	
-1182.878 	176.747 	984.037 	-0.228 	0.041 	0.202 	
-1086.750 	-526.975 	-2072.907 	-0.220 	-0.111 	-0.425 	
-1011.381 	-1102.787 	-1601.151 	-0.206 	-0.227 	-0.327 	
2187.526 	2226.425 	-1053.900 	0.445 	0.456 	-0.209 	
2096.068 	758.637 	-1677.148 	0.425 	0.148 	-0.346 	
-531.823 	-877.679 	-582.907 	-0.106 	-0.181 	-0.114 	
-564.062 	-839.371 	1372.329 	-0.111 	-0.178 	0.274 	
539.328 	-118.484 	231.741 	0.116 	-0.027 	0.041 	
670.794 	220.856 	450.422 	0.139 	0.037 	0.087 	
-1200.518 	1275.986 	1221.662 	-0.248 	0.257 	0.246 	
-1363.592 	1634.781 	-1878.955 	-0.275 	0.323 	-0.378 	
-552.271 	-1264.080 	-2068.382 	-0.108 	-0.247 	-0.420 	
1676.347 	-829.316 	-1293.915 	0.329 	-0.164 	-0.257 	
-26.381 	12.959 	-1283.292 	-0.004 	0.004 	-0.258 	
647.150 	1607.008 	675.374 	0.132 	0.329 	0.141 	
1057.139 	-166.606 	-13.966 	0.222 	-0.032 	-0.004 	
848.274 	975.019 	1160.919 	0.174 	0.192 	0.244 	
589.093 	-806.658 	-888.004 	0.125 	-0.160 	-0.172 	
1846.691 	-1501.015 	-1287.612 	0.384 	-0.304 	-0.260 	
593.664 	482.153 	-1232.360 	0.122 	0.097 	-0.250 	
-1339.245 	-1426.317 	-38.286 	-0.265 	-0.293 	-0.006 	
1125.340 	713.207 	906.478 	0.216 	0.139 	0.181 	
1564.612 	597.914 	210.164 	0.327 	0.111 	0.039 	
-150.295 	-1798.148 	1666.068 	-0.027 	-0.358 	0.345 	
134.939 	667.144 	1704.926 	0.038 	0.133 	0.335 	
1503.939 	-76.673 	1639.202 	0.313 	-0.014 	0.327 	
1746.517 	679.197 	-94.788 	0.348 	0.130 	-0.012 	
-1164.133 	-2196.660 	2174.960 	-0.231 	-0.446 	0.445 	
-2243.797 	-1841.989 	2019.941 	-0.458 	-0.368 	0.410 	
2106.533 	1725.553 	6.900 	0.435 	0.342 	0.001 	
2152.522 	445.576 	1824.157 	0.436 	0.080 	0.372 	
810.554 	238.571 	1397.059 	0.149 	0.053 	0.285 	
-1400.036 	-229.856 	-1742.920 	-0.282 	-0.045 	-0.349 	
1513.711 	770.635 	-646.935 	0.316 	0.156 	-0.132 	
-506.683 	1062.049 	-1813.713 	-0.105 	0.208 	-0.359 	
823.261 	868.365 	-267.706 	0.164 	0.173 	-0.056 	
1243.788 	-779.363 	-1090.488 	0.253 	-0.153 	-0.215 	
1665.656 	1558.360 	1940.834 	0.336 	0.321 	0.396 	
225.006 	1740.831 	-1258.982 	0.036 	0.347 	-0.250 	
-1792.075 	341.289 	742.725 	-0.355 	0.074 	0.153 	
526.626 	-1920.496 	1326.058 	0.113 	-0.385 	0.260 	
636.051 	-764.015 	-200.648 	0.123 	-0.159 	-0.040 	
1537.499 	101.778 	-153.285 	0.309 	0.028 	-0.036 	
-938.240 	873.229 	-1365.457 	-0.183 	0.180 	-0.278 	
980.463 	-1705.662 	972.546 	0.193 	-0.348 	0.198 	
1666.977 	1689.265 	77.267 	0.343 	0.339 	0.020 	
1128.651 	-1839.643 	1682.855 	0.226 	-0.361 	0.338 	
2001.188 	-169.642 	424.939 	0.404 	-0.024 	0.091 	
2235.174 	1777.650 	1176.467 	0.448 	0.359 	0.239 	
585.982 	-1480.529 	821.366 	0.128 	-0.299 	0.166 	
-1143.719 	-2038.331 	1914.133 	-0.232 	-0.417 	0.386 	
855.930 	-426.221 	-436.267 	0.179 	-0.077 	-0.086 	
-144.184 	52.547 	331.270 	-0.034 	0.005 	0.061 	
-1781.011 	2240.096 	1830.227 	-0.367 	0.461 	0.368 	
88.188 	191.136 	1737.902 	0.029 	0.040 	0.343 	
-265.025 	1749.832 	1608.190 	-0.056 	0.358 	0.319 	
1474.547 	-1578.324 	1739.025 	0.305 	-0.325 	0.355 	
-1580.734 	-1684.242 	1704.845 	-0.320 	-0.330 	0.344 	
-1858.079 	-1202.175 	1402.339 	-0.376 	-0.237 	0.284 	
-1395.215 	1288.010 	625.692 	-0.275 	0.264 	0.131 	
-331.363 	-2147.497 	410.784 	-0.055 	-0.433 	0.081 	
249.151 	-1024.343 	1459.154 	0.055 	-0.203 	0.294 	
-61.331 	214.460 	227.094 	-0.014 	0.036 	0.052 	
-1669.631 	-1903.864 	-1565.073 	-0.344 	-0.384 	-0.308 	
-984.334 	-52.152 	1073.697 	-0.192 	-0.016 	0.213 	
1535.609 	564.274 	246.249 	0.301 	0.117 	0.054 	
757.012 	-1078.693 	1412.654 	0.157 	-0.223 	0.290 	
-1577.621 	-927.752 	-1343.140 	-0.313 	-0.181 	-0.266 	
82.659 	-920.784 	-403.959 	0.009 	-0.220 	-0.078 	
2075.301 	159.781 	22.337 	0.403 	0.018 	0.006 	
-989.669 	-1416.234 	-1324.805 	-0.196 	-0.288 	-0.260 	
1649.334 	-1024.410 	106.136 	0.339 	-0.202 	0.024 	
-537.930 	1422.622 	1240.112 	-0.098 	0.282 	0.246 	
340.727 	-512.454 	1774.177 	0.069 	-0.101 	0.350 	
1759.426 	-247.939 	954.455 	0.357 	-0.053 	0.187 	
-552.172 	79.586 	-2113.969 	-0.106 	0.020 	-0.429 	
-959.502 	-332.048 	-45.753 	-0.192 	-0.076 	-0.003 	
429.641 	1642.969 	856.148 	0.082 	0.329 	0.175 	
-1860.024 	487.929 	-341.481 	-0.380 	0.093 	-0.072 	
1055.870 	-1046.969 	559.249 	0.208 	-0.204 	0.107 	
-364.593 	383.495 	-433.948 	-0.082 	0.072 	-0.088 	
1544.750 	-1642.971 	332.298 	0.312 	-0.332 	0.073 	
200.489 	-384.299 	584.509 	0.031 	-0.073 	0.114 	
2037.243 	-1675.981 	682.550 	0.419 	-0.334 	0.137 	
-956.294 	193.515 	-133.260 	-0.183 	0.037 	-0.026 	
-1594.242 	198.309 	1730.336 	-0.324 	0.050 	0.345 	
2118.138 	832.947 	-220.208 	0.427 	0.160 	-0.034 	
-1280.409 	1596.900 	-987.277 	-0.251 	0.327 	-0.194 	
-1274.092 	1551.792 	-571.578 	-0.246 	0.312 	-0.116 	
1529.934 	-508.696 	-212.089 	0.302 	-0.090 	-0.040 	
-1659.863 	366.315 	1565.627 	-0.328 	0.077 	0.314 	
1729.354 	-1022.380 	-2053.339 	0.360 	-0.200 	-0.413 	
-1456.761 	-1980.404 	-1087.057 	-0.293 	-0.395 	-0.219 	
-434.852 	-225.852 	1542.109 	-0.079 	-0.046 	0.303 	
-120.451 	-1026.157 	-137.766 	-0.027 	-0.204 	-0.038 	
-171.129 	-278.863 	767.016 	-0.024 	-0.057 	0.161 	
1237.960 	546.787 	480.024 	0.257 	0.113 	0.102 	
770.999 	-1632.294 	-1.320 	0.163 	-0.319 	0.005 	
1119.589 	-1831.554 	-1786.260 	0.218 	-0.370 	-0.361 	
-1200.074 	1810.852 	-516.016 	-0.240 	0.359 	-0.107 	
-1521.865 	1688.378 	464.630 	-0.298 	0.346 	0.092 	
-2.939 	-162.015 	-555.643 	0.002 	-0.035 	-0.115 	
-133.923 	-1613.256 	1207.486 	-0.015 	-0.322 	0.241 	
545.732 	-649.354 	1824.563 	0.108 	-0.125 	0.374 	
1796.871 	1438.081 	-1893.703 	0.370 	0.298 	-0.384 	
40.736 	-1058.208 	-415.725 	0.006 	-0.213 	-0.074 	
2129.120 	1481.291 	-57.699 	0.440 	0.295 	-0.014 	
-812.684 	1238.837 	-2199.541 	-0.154 	0.245 	-0.442 	
-67.011 	160.760 	-400.232 	-0.015 	0.023 	-0.084 	
-1672.600 	-409.446 	712.415 	-0.325 	-0.085 	0.146 	
961.486 	-254.365 	10.030 	0.190 	-0.061 	0.000 	
-598.913 	-410.849 	1732.272 	-0.123 	-0.083 	0.336 	
-338.711 	100.542 	-2119.248 	-0.066 	0.026 	-0.426 	
1629.924 	670.486 	758.872 	0.318 	0.136 	0.148 	
-1730.942 	-1088.162 	-2340.506 	-0.344 	-0.217 	-0.481 	
1929.443 	-404.719 	462.546 	0.384 	-0.075 	0.096 	
1203.602 	-1952.324 	283.343 	0.240 	-0.395 	0.065 	
994.463 	1854.680 	-1245.088 	0.211 	0.367 	-0.248 	
1580.628 	484.357 	-1338.210 	0.313 	0.104 	-0.265 	
67.358 	-2178.397 	1881.469 	0.020 	-0.446 	0.376 	
736.765 	-664.382 	650.616 	0.160 	-0.132 	0.128 	
61.906 	2068.559 	944.800 	0.024 	0.416 	0.192 	
1681.326 	-1086.713 	-1292.156 	0.350 	-0.221 	-0.260 	
836.779 	1924.148 	-103.994 	0.174 	0.388 	-0.012 	
1019.023 	562.401 	-620.216 	0.195 	0.114 	-0.122 	
1705.860 	1918.050 	-474.692 	0.338 	0.378 	-0.095 	
925.045 	1021.568 	-638.279 	0.199 	0.204 	-0.126 	
686.829 	-538.873 	-273.128 	0.149 	-0.115 	-0.056 	
608.221 	-444.695 	698.923 	0.124 	-0.089 	0.127 	
-552.576 	-1404.222 	-887.532 	-0.117 	-0.283 	-0.171 	
-2040.274 	-684.565 	1515.556 	-0.404 	-0.133 	0.304 	
-1740.800 	-1496.073 	-181.751 	-0.345 	-0.306 	-0.044 	
486.944 	1767.119 	954.819 	0.095 	0.361 	0.191 	
-421.483 	-599.318 	817.487 	-0.093 	-0.119 	0.164 	
1153.452 	-1957.850 	258.808 	0.240 	-0.394 	0.056 	
-1964.415 	-820.579 	1262.161 	-0.422 	-0.164 	0.250 	
1498.146 	-1806.791 	-1915.055 	0.271 	-0.372 	-0.381 	
-1835.217 	-785.173 	-1622.910 	-0.404 	-0.151 	-0.327 	
-603.579 	-1796.000 	865.221 	-0.148 	-0.355 	0.183 	
1360.238 	1020.154 	-263.307 	0.233 	0.198 	-0.056 	
-1205.045 	-1716.488 	1032.122 	-0.284 	-0.347 	0.212 	
2279.555 	-1760.559 	-1814.184 	0.429 	-0.361 	-0.371 	
1608.970 	-1212.715 	1068.870 	0.290 	-0.245 	0.224 	
-648.544 	-1074.945 	-1798.499 	-0.173 	-0.210 	-0.360 	
911.518 	1041.228 	-1418.113 	0.146 	0.209 	-0.290 	
1606.259 	639.132 	219.003 	0.292 	0.133 	0.037 	
359.708 	75.510 	479.424 	0.025 	0.008 	0.095 	
-1960.849 	1821.120 	1964.172 	-0.436 	0.365 	0.391 	
796.634 	-1474.573 	763.192 	0.114 	-0.297 	0.154 	
774.810 	2206.445 	1986.183 	0.123 	0.448 	0.393 	
-87.383 	1697.106 	1251.716 	-0.045 	0.342 	0.245 	
1431.065 	-613.156 	810.247 	0.261 	-0.119 	0.168 	
515.876 	-2065.181 	1947.534 	0.060 	-0.415 	0.393 	
-225.490 	1940.672 	683.598 	-0.077 	0.389 	0.146 	
1125.254 	-1947.323 	1767.303 	0.195 	-0.397 	0.352 	
385.111 	536.409 	979.206 	0.039 	0.107 	0.198 	
-805.354 	1988.578 	-2013.592 	-0.188 	0.398 	-0.404 	
571.397 	673.471 	41.062 	0.091 	0.138 	0.010 	
1530.789 	113.802 	-241.503 	0.265 	0.028 	-0.054 	
-2206.183 	776.673 	-1141.722 	-0.489 	0.157 	-0.229 	
245.944 	1519.168 	924.989 	0.009 	0.310 	0.192 	
234.532 	-691.590 	5.845 	0.015 	-0.145 	0.005 	
-171.363 	-1528.848 	-278.082 	-0.072 	-0.312 	-0.050 	
-1391.721 	-369.294 	-449.510 	-0.323 	-0.073 	-0.092 	
-597.833 	953.595 	-2003.696 	-0.147 	0.189 	-0.401 	
411.984 	733.400 	-351.328 	0.058 	0.145 	-0.064 	
-760.573 	1962.007 	603.375 	-0.180 	0.400 	0.127 	
-1333.989 	1412.707 	-1809.004 	-0.312 	0.283 	-0.370 	
91.656 	1820.937 	1499.040 	-0.019 	0.368 	0.295 	
636.059 	-2019.558 	1746.284 	0.092 	-0.401 	0.352 	
589.412 	-1678.261 	221.423 	0.089 	-0.332 	0.050 	
331.269 	-336.689 	-1583.294 	0.026 	-0.064 	-0.317 	
-1582.421 	571.547 	1836.723 	-0.359 	0.107 	0.375 	
-2124.671 	1269.581 	10.444 	-0.467 	0.244 	0.005 	
1793.324 	64.555 	-1260.914 	0.330 	0.013 	-0.245 	
-934.093 	-807.555 	-1152.872 	-0.220 	-0.155 	-0.236 	
-1457.643 	-1068.623 	-633.872 	-0.319 	-0.206 	-0.128 	
1155.502 	-1879.240 	-1164.696 	0.190 	-0.376 	-0.235 	
-1459.176 	595.945 	-1282.527 	-0.325 	0.123 	-0.248 	
-811.943 	-345.503 	-534.100 	-0.206 	-0.062 	-0.111 	
1812.390 	2113.278 	-1117.350 	0.334 	0.434 	-0.219 	
854.340 	-1352.709 	-1173.844 	0.137 	-0.267 	-0.243 	
-1378.725 	1681.780 	-1829.663 	-0.313 	0.329 	-0.373 	
-550.586 	-1005.340 	-823.701 	-0.132 	-0.203 	-0.165 	
47.750 	-317.025 	593.770 	-0.035 	-0.067 	0.118 	
37.993 	30.899 	86.317 	-0.029 	0.009 	0.015 	
803.709 	2197.960 	-176.038 	0.138 	0.445 	-0.035 	
832.534 	-1280.432 	-624.420 	0.144 	-0.257 	-0.123 	
1335.699 	887.768 	719.140 	0.232 	0.179 	0.144 	
-1663.935 	-268.572 	1163.681 	-0.370 	-0.044 	0.228 	
-522.603 	1377.523 	1242.937 	-0.138 	0.284 	0.257 	
-1400.563 	887.479 	1546.958 	-0.327 	0.179 	0.309 	
-622.483 	-414.314 	-854.932 	-0.153 	-0.076 	-0.166 	
-1329.762 	-953.339 	-749.073 	-0.293 	-0.199 	-0.151 	
-1355.427 	7.627 	199.293 	-0.305 	0.009 	0.035 	
-473.176 	-1765.350 	584.303 	-0.121 	-0.347 	0.122 	
586.159 	-247.384 	-59.697 	0.085 	-0.049 	-0.014 	
1134.525 	629.420 	1049.426 	0.204 	0.126 	0.203 	
13.783 	-220.381 	-1841.376 	-0.040 	-0.040 	-0.366 	
-30.460 	-981.567 	-861.511 	-0.036 	-0.190 	-0.174 	
971.649 	-140.504 	1793.609 	0.163 	-0.030 	0.359 	
270.578 	-554.720 	348.229 	0.012 	-0.113 	0.078 	
263.233 	-1749.483 	1907.318 	0.023 	-0.346 	0.387 	
681.657 	374.360 	892.934 	0.103 	0.078 	0.179 	
177.931 	-1630.684 	-196.773 	-0.009 	-0.328 	-0.040 	
117.135 	-1620.959 	-857.849 	-0.019 	-0.322 	-0.174 	
-1744.946 	-1591.304 	-132.170 	-0.386 	-0.312 	-0.025 	
-1764.006 	-1258.980 	-564.779 	-0.399 	-0.254 	-0.112 	
1804.025 	-1761.018 	-464.577 	0.337 	-0.358 	-0.101 	
-391.462 	-814.124 	-979.363 	-0.117 	-0.171 	-0.200 	
-432.555 	-300.405 	138.096 	-0.131 	-0.063 	0.029 	
-680.216 	1535.820 	-1078.298 	-0.167 	0.314 	-0.221 	
-857.216 	722.100 	648.740 	-0.211 	0.151 	0.125 	
-369.078 	580.062 	-1031.681 	-0.117 	0.121 	-0.206 	
-1622.560 	-1269.884 	847.901 	-0.353 	-0.251 	0.169 	
976.056 	-1413.759 	-345.817 	0.169 	-0.282 	-0.064 	
1494.929 	396.601 	1508.958 	0.258 	0.083 	0.302 	
-1695.281 	1093.812 	1415.164 	-0.369 	0.219 	0.279 	
-836.083 	505.506 	594.952 	-0.213 	0.101 	0.118 	
-1056.529 	-1539.602 	2178.338 	-0.243 	-0.300 	0.441 	
-1144.507 	-1138.979 	151.987 	-0.265 	-0.233 	0.039 	
-1261.636 	201.021 	-1513.253 	-0.285 	0.039 	-0.306 	
1707.304 	20.473 	-1605.064 	0.319 	0.001 	-0.320 	
345.455 	713.295 	1797.053 	0.041 	0.149 	0.357 	
-1169.328 	1032.698 	928.621 	-0.264 	0.203 	0.181 	
-645.774 	1054.039 	1395.741 	-0.153 	0.210 	0.280 	
-1811.245 	1576.195 	304.560 	-0.400 	0.328 	0.064 	
-511.643 	-698.615 	-857.732 	-0.132 	-0.149 	-0.163 	
-676.259 	-1585.031 	406.169 	-0.171 	-0.316 	0.091 	
2076.399 	1790.867 	-1341.207 	0.396 	0.364 	-0.271 	
147.147 	-1364.563 	-1314.784 	0.004 	-0.273 	-0.272 	
-1095.226 	-1817.694 	-1573.283 	-0.255 	-0.375 	-0.313 	
697.524 	2278.132 	-902.468 	0.101 	0.463 	-0.188 	
557.217 	-1171.638 	1635.346 	0.071 	-0.239 	0.330 	
2190.101 	-181.227 	-1334.573 	0.415 	-0.040 	-0.270 	
655.293 	-291.488 	344.308 	0.090 	-0.059 	0.068 	
491.425 	2003.093 	-1074.375 	0.059 	0.405 	-0.218 	
-1353.113 	-811.083 	-798.715 	-0.303 	-0.153 	-0.158 	
-773.182 	1832.259 	-463.420 	-0.191 	0.357 	-0.089 	
-715.180 	-387.103 	-1675.886 	-0.173 	-0.077 	-0.336 	
929.351 	-1937.074 	-888.500 	0.159 	-0.395 	-0.173 	
1342.474 	-522.796 	-30.962 	0.231 	-0.097 	0.000 	
1992.624 	26.141 	1207.522 	0.375 	0.005 	0.244 	
1074.586 	1504.904 	-2049.275 	0.193 	0.302 	-0.416 	
-1605.032 	604.367 	1325.305 	-0.346 	0.123 	0.264 	
-216.274 	0.095 	560.580 	-0.070 	0.002 	0.116 	
-636.195 	1598.063 	1382.233 	-0.166 	0.324 	0.279 	
2176.657 	1756.349 	-390.440 	0.408 	0.355 	-0.081 	
-1795.377 	233.615 	1356.117 	-0.397 	0.038 	0.270 	
-2086.245 	527.107 	-1510.909 	-0.447 	0.109 	-0.305 	
-1357.289 	-743.504 	-331.832 	-0.308 	-0.153 	-0.070 	
649.977 	637.845 	-893.719 	0.088 	0.128 	-0.185 	
1546.874 	2025.133 	-1314.814 	0.281 	0.415 	-0.271 	
-1390.092 	820.627 	-59.766 	-0.315 	0.157 	-0.016 	
334.854 	155.637 	406.712 	0.025 	0.026 	0.081 	
357.024 	-1604.658 	-819.481 	0.027 	-0.323 	-0.166 	
-1600.031 	-244.250 	-1021.350 	-0.363 	-0.049 	-0.199 	
2201.549 	1372.190 	-1297.079 	0.420 	0.281 	-0.264 	
1459.053 	323.639 	1120.090 	0.263 	0.071 	0.217 	
547.664 	1806.517 	378.587 	0.073 	0.355 	0.074 	
664.226 	-494.821 	-745.395 	0.093 	-0.104 	-0.142 	
1666.642 	1583.687 	-1386.039 	0.294 	0.321 	-0.279 	
2035.077 	486.217 	-602.620 	0.384 	0.099 	-0.120 	
-1235.802 	542.125 	-387.866 	-0.291 	0.100 	-0.073 	
-856.585 	-1757.867 	-514.808 	-0.204 	-0.343 	-0.106 	
1059.011 	2142.981 	-2020.082 	0.177 	0.436 	-0.407 	
1892.416 	759.936 	-517.167 	0.347 	0.159 	-0.104 	
-1426.316 	-1249.305 	-1224.750 	-0.326 	-0.252 	-0.239 	
-1909.280 	122.068 	1074.533 	-0.428 	0.027 	0.221 	
2086.992 	-1128.938 	1690.967 	0.395 	-0.226 	0.334 	
1604.112 	126.929 	877.002 	0.279 	0.027 	0.177 	
505.274 	1556.631 	1233.705 	0.072 	0.319 	0.249 	
-1896.781 	1725.278 	-1371.875 	-0.423 	0.345 	-0.284 	
-1826.363 	168.997 	1954.798 	-0.390 	0.034 	0.395 	
1943.343 	-1402.062 	-903.017 	0.358 	-0.291 	-0.184 	
-876.926 	825.785 	851.533 	-0.222 	0.165 	0.175 	
1078.039 	1339.010 	535.637 	0.181 	0.267 	0.112 	
1563.014 	-262.456 	762.777 	0.286 	-0.056 	0.155 	
1423.020 	661.184 	722.157 	0.246 	0.124 	0.138 	
-1484.254 	-422.484 	1824.278 	-0.326 	-0.085 	0.373 	
2056.863 	-1589.226 	970.283 	0.384 	-0.318 	0.198 	
-445.905 	1398.376 	-1892.162 	-0.132 	0.281 	-0.381 	
-1627.795 	-1647.160 	2685.850 	-0.414 	-0.367 	0.615 	
378.050 	1109.357 	50.691 	0.048 	0.221 	0.008 	
536.492 	15.867 	271.376 	0.079 	0.007 	0.061 	
817.906 	1571.512 	1937.749 	0.139 	0.324 	0.389 	
-1502.547 	239.171 	-145.415 	-0.340 	0.057 	-0.027 	
-1965.418 	604.022 	-1838.882 	-0.428 	0.124 	-0.366 	
804.435 	1006.908 	304.367 	0.136 	0.202 	0.061 	
-537.331 	-1423.681 	520.073 	-0.147 	-0.291 	0.102 	
1115.877 	-374.469 	-807.825 	0.201 	-0.078 	-0.160 	
-455.383 	-264.556 	1414.522 	-0.126 	-0.059 	0.277 	
-1634.145 	1486.998 	1982.762 	-0.359 	0.305 	0.407 	
1306.201 	-1026.929 	148.327 	0.232 	-0.204 	0.040 	
-1454.504 	-946.390 	-511.749 	-0.334 	-0.187 	-0.103 	
203.524 	1567.148 	863.154 	0.003 	0.313 	0.173 	
-667.861 	-520.019 	-1886.832 	-0.157 	-0.105 	-0.376 	
-1305.436 	91.568 	-1585.770 	-0.306 	0.024 	-0.317 	
145.985 	1096.903 	130.968 	0.001 	0.225 	0.025 	
-1123.259 	-999.982 	66.642 	-0.265 	-0.193 	0.022 	
-1697.815 	-1882.646 	2029.454 	-0.379 	-0.379 	0.418 	
517.757 	-10.058 	678.561 	0.074 	-0.004 	0.138 	
2058.729 	867.370 	-745.900 	0.377 	0.172 	-0.147 	
2105.835 	-1408.716 	1448.394 	0.395 	-0.287 	0.293 	
-2056.694 	-1056.651 	-16.698 	-0.446 	-0.205 	-0.006 	
-763.107 	318.570 	-1532.598 	-0.195 	0.065 	-0.301 	
121.800 	-148.615 	952.279 	-0.017 	-0.025 	0.195 	
1580.719 	-656.691 	-350.627 	0.272 	-0.136 	-0.070 	
302.281 	-34.949 	-1284.738 	0.032 	-0.007 	-0.259 	
2227.371 	-1789.579 	-2296.728 	0.418 	-0.358 	-0.472 	
-137.542 	-1189.454 	-434.699 	-0.058 	-0.229 	-0.095 	
-974.380 	1646.527 	1779.171 	-0.225 	0.330 	0.356 	
1455.435 	240.172 	-1566.737 	0.251 	0.048 	-0.316 	
-618.874 	1617.999 	941.958 	-0.166 	0.326 	0.185 	
-1395.876 	-485.039 	-815.384 	-0.320 	-0.094 	-0.172 	
141.294 	57.393 	479.372 	-0.012 	0.008 	0.086 	
-677.282 	-902.785 	1159.423 	-0.176 	-0.177 	0.233 	
-96.264 	1163.006 	422.951 	-0.053 	0.223 	0.089 	
509.683 	-316.174 	-1236.677 	0.058 	-0.069 	-0.244 	
-733.775 	-674.916 	1585.783 	-0.180 	-0.125 	0.320 	
2029.391 	-665.157 	-2060.170 	0.377 	-0.141 	-0.413 	
1999.733 	-67.312 	-1730.986 	0.376 	-0.015 	-0.357 	
1004.713 	53.113 	1916.929 	0.158 	0.014 	0.384 	
-403.339 	-1118.187 	-887.642 	-0.113 	-0.223 	-0.167 	
766.153 	-2090.745 	1837.871 	0.121 	-0.410 	0.369 	
-1530.442 	-809.400 	1822.696 	-0.334 	-0.163 	0.363 	
-883.574 	-225.753 	-1679.411 	-0.212 	-0.041 	-0.334 	
-96.002 	1690.965 	121.777 	-0.061 	0.344 	0.031 	
811.114 	834.655 	-1746.891 	0.130 	0.164 	-0.350 	
1196.497 	1268.004 	-1680.972 	0.211 	0.261 	-0.340 	
-2045.216 	279.560 	1197.174 	-0.443 	0.058 	0.241 	
-1263.158 	-287.965 	1555.725 	-0.289 	-0.070 	0.310 	
5.339 	1272.926 	971.338 	-0.042 	0.255 	0.202 	
-203.695 	1972.031 	1797.136 	-0.065 	0.396 	0.362 	
-1260.811 	-638.098 	1897.807 	-0.295 	-0.130 	0.379 	
1208.537 	1122.816 	-578.773 	0.202 	0.224 	-0.112 	
-35.354 	-507.555 	590.575 	-0.051 	-0.095 	0.118 	
-1289.221 	1823.738 	-1684.651 	-0.294 	0.374 	-0.335 	
1796.746 	1486.323 	209.447 	0.338 	0.300 	0.043 	
1530.224 	1790.715 	643.383 	0.285 	0.359 	0.132 	
-1779.576 	-1840.909 	-959.030 	-0.400 	-0.375 	-0.193 	
1955.761 	-1180.284 	1193.125 	0.351 	-0.245 	0.241 	
-595.161 	-315.926 	296.323 	-0.142 	-0.064 	0.057 	
-1546.611 	447.944 	828.327 	-0.355 	0.091 	0.163 	
-1764.956 	-674.603 	181.873 	-0.400 	-0.136 	0.038 	
2046.967 	1102.931 	1704.152 	0.382 	0.219 	0.336 	
2134.469 	-686.631 	-139.436 	0.396 	-0.138 	-0.033 	
528.056 	-1692.112 	-580.167 	0.084 	-0.338 	-0.116 	
-1074.987 	895.858 	-597.532 	-0.241 	0.176 	-0.123 	
-209.821 	-1594.584 	-1786.341 	-0.087 	-0.321 	-0.361 	
-2182.375 	-744.894 	1726.893 	-0.478 	-0.156 	0.340 	
-1500.173 	371.667 	1106.750 	-0.346 	0.075 	0.219 	
505.117 	-1540.127 	916.917 	0.059 	-0.312 	0.189 	
-70.672 	-1095.245 	176.016 	-0.047 	-0.211 	0.039 	
-197.217 	-212.139 	-662.676 	-0.063 	-0.041 	-0.131 	
302.048 	-842.379 	498.109 	0.017 	-0.161 	0.099 	
-1370.306 	-986.343 	64.624 	-0.306 	-0.200 	0.022 	
-1891.789 	860.032 	-316.650 	-0.427 	0.174 	-0.059 	
-1474.061 	-1459.870 	-1249.039 	-0.330 	-0.298 	-0.250 	
2088.713 	-1885.132 	526.685 	0.394 	-0.384 	0.107 	
-758.141 	1831.626 	606.377 	-0.190 	0.363 	0.130 	
-1447.940 	-588.548 	-81.641 	-0.316 	-0.128 	-0.014 	
2052.483 	-652.120 	1918.608 	0.380 	-0.135 	0.391 	
417.377 	240.743 	1408.406 	0.056 	0.043 	0.287 	
675.813 	-389.974 	-1395.999 	0.097 	-0.084 	-0.273 	
-411.225 	979.736 	50.964 	-0.121 	0.198 	0.007 	
2275.782 	1948.732 	1166.085 	0.421 	0.396 	0.230 	
-1395.356 	-776.921 	2603.843 	-0.324 	-0.162 	0.539 	
-1582.743 	428.787 	-1311.283 	-0.344 	0.084 	-0.264 	
-853.537 	-230.966 	689.315 	-0.212 	-0.040 	0.137 	
2099.447 	-939.131 	-1640.447 	0.382 	-0.188 	-0.328 	
-1114.433 	805.239 	213.360 	-0.256 	0.159 	0.041 	
-506.500 	1245.603 	109.116 	-0.139 	0.241 	0.022 	
532.345 	280.410 	1783.959 	0.078 	0.066 	0.355 	
-541.028 	-981.845 	641.522 	-0.136 	-0.200 	0.130 	
-1065.133 	1152.028 	879.871 	-0.241 	0.225 	0.182 	
926.227 	729.651 	537.396 	0.152 	0.143 	0.120 	
-187.048 	-118.281 	722.259 	-0.079 	-0.020 	0.149 	
1859.579 	-1275.295 	1454.741 	0.334 	-0.254 	0.299 	
585.867 	1733.455 	-82.203 	0.090 	0.350 	-0.012 	
-1057.543 	845.807 	1115.339 	-0.243 	0.176 	0.220 	
-1888.684 	-577.730 	-1667.379 	-0.410 	-0.110 	-0.336 	
1956.465 	937.156 	1270.048 	0.356 	0.199 	0.252 	
1206.912 	-1352.519 	-691.559 	0.218 	-0.269 	-0.140 	
-825.899 	-164.075 	1242.656 	-0.202 	-0.029 	0.238 	
-59.305 	-872.508 	1977.846 	-0.051 	-0.182 	0.388 	
-225.491 	-1613.772 	1761.344 	-0.079 	-0.333 	0.341 	
-1884.753 	1331.785 	-1390.462 	-0.408 	0.263 	-0.284 	
1522.780 	-389.623 	-276.879 	0.281 	-0.080 	-0.052 	
722.763 	913.338 	996.336 	0.113 	0.193 	0.206 	
-448.562 	-729.084 	-1084.895 	-0.124 	-0.155 	-0.211 	
-716.042 	-408.627 	567.402 	-0.187 	-0.081 	0.115 	
-1478.578 	209.734 	298.876 	-0.319 	0.041 	0.062 	
1356.985 	-233.647 	-206.727 	0.235 	-0.051 	-0.040 	
1088.759 	-893.933 	1160.675 	0.196 	-0.177 	0.237 	
-430.530 	-878.353 	1334.518 	-0.130 	-0.181 	0.266 	
-2011.440 	7.653 	1467.986 	-0.441 	0.002 	0.294 	
-1080.090 	325.052 	462.202 	-0.261 	0.067 	0.093 	
1916.259 	-1358.503 	-46.779 	0.346 	-0.282 	-0.012 	
-299.888 	433.623 	-1073.738 	-0.097 	0.079 	-0.208 	
-568.121 	745.801 	1863.470 	-0.140 	0.145 	0.376 	
1546.651 	-1283.057 	-425.556 	0.279 	-0.257 	-0.082 	
2083.878 	-243.321 	-963.415 	0.392 	-0.052 	-0.188 	
1814.729 	1713.772 	2210.010 	0.328 	0.344 	0.447 	
1607.808 	-2068.093 	-1079.570 	0.290 	-0.413 	-0.210 	
1772.583 	601.921 	636.824 	0.331 	0.119 	0.124 	
2195.520 	-1171.321 	670.451 	0.419 	-0.235 	0.136 	
311.210 	-1570.504 	1193.791 	0.031 	-0.307 	0.242 	
642.248 	195.626 	-1497.399 	0.105 	0.040 	-0.302 	
1928.235 	1341.257 	969.549 	0.347 	0.272 	0.201 	
-534.439 	-393.172 	13.577 	-0.150 	-0.081 	0.006 	
-1340.788 	107.540 	-1429.646 	-0.307 	0.015 	-0.295 	
330.502 	967.716 	686.764 	0.026 	0.198 	0.147 	
-1313.670 	79.552 	1418.850 	-0.298 	0.027 	0.284 	
-679.533 	-685.770 	1836.073 	-0.174 	-0.150 	0.364 	
-1942.541 	986.481 	548.199 	-0.432 	0.203 	0.112 	
-2000.347 	986.108 	1676.698 	-0.427 	0.196 	0.341 	
-624.894 	-289.018 	1467.377 	-0.161 	-0.052 	0.289 	
2097.113 	-1393.261 	-1648.811 	0.383 	-0.280 	-0.341 	
309.006 	-2021.416 	2037.741 	0.019 	-0.410 	0.410 	
-1003.037 	1071.274 	380.938 	-0.231 	0.215 	0.075 	
-1824.630 	734.358 	1527.947 	-0.391 	0.146 	0.310 	
-1414.458 	-19.248 	1196.822 	-0.306 	-0.001 	0.240 	
148.186 	946.360 	1226.518 	-0.014 	0.184 	0.247 	
480.912 	-615.462 	-209.879 	0.071 	-0.123 	-0.040 	
519.633 	286.933 	297.722 	0.066 	0.047 	0.059 	
-579.257 	-1500.409 	711.566 	-0.142 	-0.308 	0.140 	
638.314 	-385.314 	643.962 	0.096 	-0.078 	0.122 	
1440.462 	547.886 	1121.191 	0.264 	0.113 	0.217 	
906.767 	213.220 	-1170.529 	0.143 	0.044 	-0.235 	
469.415 	110.192 	-616.889 	0.059 	0.026 	-0.126 	
-2082.720 	-1520.007 	2076.853 	-0.460 	-0.308 	0.425 	
-1276.164 	1878.865 	1208.130 	-0.293 	0.374 	0.249 	
-708.580 	-1767.566 	1473.971 	-0.173 	-0.352 	0.295 	
-318.830 	-420.320 	1393.683 	-0.099 	-0.093 	0.272 	
-509.341 	-364.301 	-470.381 	-0.147 	-0.076 	-0.099 	
2297.329 	734.732 	2038.275 	0.435 	0.151 	0.410 	
-457.229 	-1805.313 	-1787.707 	-0.116 	-0.363 	-0.361 	
939.006 	2096.619 	-275.930 	0.156 	0.429 	-0.060 	
651.460 	2154.262 	-2016.508 	0.105 	0.437 	-0.402 	
-251.232 	1409.748 	801.705 	-0.082 	0.287 	0.163 	
-714.714 	1316.701 	-190.388 	-0.178 	0.262 	-0.047 	
329.695 	827.719 	-2282.559 	0.033 	0.163 	-0.469 	
-795.987 	256.153 	-598.276 	-0.186 	0.054 	-0.117 	
34.175 	164.550 	-1301.926 	-0.022 	0.033 	-0.268 	
1611.175 	1241.917 	-588.323 	0.301 	0.248 	-0.119 	
-1874.541 	1298.627 	-1298.039 	-0.414 	0.265 	-0.270 	
1940.174 	1877.923 	1168.306 	0.369 	0.377 	0.237 	
-1354.350 	1288.144 	1342.037 	-0.312 	0.256 	0.278 	
732.400 	700.909 	1479.082 	0.105 	0.133 	0.297 	
-2137.014 	1306.798 	-1158.453 	-0.470 	0.268 	-0.237 	
-1145.634 	1860.433 	-672.132 	-0.258 	0.372 	-0.129 	
-1194.888 	840.037 	618.880 	-0.266 	0.165 	0.132 	
-146.204 	-681.602 	1022.795 	-0.073 	-0.131 	0.193 	
43.964 	-829.506 	-1773.140 	-0.025 	-0.156 	-0.356 	
-1930.284 	-596.678 	-998.099 	-0.414 	-0.122 	-0.207 	
1400.692 	217.431 	-303.423 	0.252 	0.046 	-0.049 	
1554.746 	-20.550 	-214.736 	0.276 	-0.009 	-0.032 	
-791.646 	-376.078 	1774.744 	-0.198 	-0.079 	0.352 	
1832.356 	-1228.466 	-1167.811 	0.339 	-0.241 	-0.241 	
740.107 	-242.193 	995.439 	0.110 	-0.045 	0.199 	
2186.349 	-1906.224 	-1149.260 	0.414 	-0.378 	-0.238 	
707.447 	-1403.540 	208.573 	0.109 	-0.280 	0.035 	
-491.931 	-1790.639 	105.374 	-0.136 	-0.361 	0.021 	
619.430 	1734.115 	-246.557 	0.098 	0.338 	-0.049 	
1241.595 	-354.610 	-391.080 	0.213 	-0.062 	-0.075 	
-733.634 	-273.816 	83.467 	-0.176 	-0.061 	0.021 	
-215.748 	1303.759 	-326.973 	-0.087 	0.265 	-0.065 	
1221.993 	-1545.204 	-1992.658 	0.221 	-0.316 	-0.409 	
-1626.882 	1443.981 	506.343 	-0.366 	0.290 	0.113 	
-312.280 	-910.939 	1355.412 	-0.103 	-0.178 	0.263 	
946.226 	1142.151 	-60.057 	0.146 	0.230 	-0.015 	
1428.211 	1819.429 	-1632.243 	0.252 	0.371 	-0.326 	
-1756.861 	328.274 	29.574 	-0.390 	0.057 	0.011 	
1415.367 	1066.434 	313.568 	0.250 	0.208 	0.070 	
-2083.322 	2005.238 	2052.387 	-0.460 	0.399 	0.418 	
375.337 	342.905 	770.128 	0.048 	0.068 	0.147 	
1177.582 	-515.376 	-214.260 	0.198 	-0.109 	-0.038 	
1833.787 	1075.124 	1599.047 	0.328 	0.217 	0.321 	
-238.132 	-255.744 	-246.087 	-0.089 	-0.057 	-0.040 	
1872.698 	-1547.064 	-1541.382 	0.352 	-0.310 	-0.311 	
1533.807 	-52.863 	-774.069 	0.276 	-0.009 	-0.158 	
-1740.479 	-1757.714 	-278.952 	-0.385 	-0.353 	-0.046 	
-1541.379 	1813.821 	1863.505 	-0.348 	0.375 	0.370 	
1249.388 	-2190.370 	1380.551 	0.217 	-0.452 	0.277 	
1372.824 	-1379.190 	-234.857 	0.240 	-0.276 	-0.039 	
2174.573 	-1890.425 	1869.762 	0.414 	-0.381 	0.375 	
-821.472 	-365.519 	-791.176 	-0.197 	-0.070 	-0.155 	
2340.770 	1859.504 	1205.005 	0.449 	0.379 	0.238 	
1142.380 	932.628 	-868.295 	0.186 	0.187 	-0.177 	
70.053 	1608.231 	-594.396 	-0.016 	0.328 	-0.116 	
-2158.725 	414.442 	-813.141 	-0.476 	0.083 	-0.157 	
-2428.755 	1845.695 	3051.779 	-0.522 	0.378 	0.617 	
790.167 	-394.352 	1655.054 	0.135 	-0.078 	0.329 	
-987.498 	-441.418 	-582.274 	-0.242 	-0.086 	-0.113 	
-1956.103 	786.393 	1610.049 	-0.418 	0.160 	0.322 	
-892.271 	986.051 	-1106.524 	-0.212 	0.198 	-0.233 	
-7.460 	247.324 	-366.293 	-0.026 	0.045 	-0.074 	
-1790.268 	-284.521 	-952.914 	-0.400 	-0.054 	-0.191 	
100.041 	-574.789 	-315.349 	-0.015 	-0.122 	-0.066 	
2181.128 	-245.013 	-136.463 	0.407 	-0.049 	-0.035 	
-365.037 	550.975 	354.581 	-0.115 	0.108 	0.082 	
938.941 	-1569.585 	-187.306 	0.144 	-0.314 	-0.042 	
1443.300 	-1837.059 	-844.639 	0.260 	-0.366 	-0.178 	
-1071.182 	-1228.131 	824.217 	-0.241 	-0.249 	0.164 	
-368.815 	1246.731 	1598.507 	-0.109 	0.244 	0.319 	
1131.618 	2030.007 	1362.950 	0.194 	0.418 	0.274 	
-2177.162 	1039.090 	-237.041 	-0.473 	0.218 	-0.051 	
-160.333 	56.392 	-1423.690 	-0.069 	0.005 	-0.283 	
-951.813 	714.742 	-1897.301 	-0.222 	0.136 	-0.376 	
-1777.852 	-559.163 	268.756 	-0.397 	-0.119 	0.054 	
956.346 	741.252 	738.084 	0.160 	0.152 	0.140 	
495.197 	-416.237 	-1571.224 	0.058 	-0.088 	-0.313 	
418.721 	1491.409 	756.531 	0.053 	0.296 	0.150 	
106.444 	562.998 	1077.263 	-0.015 	0.120 	0.212 	
-832.677 	-1311.976 	1366.299 	-0.200 	-0.261 	0.278 	
43.150 	-248.981 	-711.360 	-0.030 	-0.051 	-0.137 	
-484.094 	1967.647 	1210.691 	-0.139 	0.388 	0.248 	
-1074.587 	460.702 	-148.899 	-0.245 	0.087 	-0.021 	
-1767.800 	-1101.172 	181.828 	-0.400 	-0.219 	0.036 	
1451.181 	-771.975 	-2114.682 	0.264 	-0.155 	-0.430 	
-1696.768 	2340.470 	-1027.675 	-0.381 	0.481 	-0.204 	
-791.878 	925.582 	-1939.239 	-0.183 	0.188 	-0.390 	
1510.020 	-931.810 	-328.239 	0.268 	-0.179 	-0.062 	
254.236 	404.718 	-352.422 	0.013 	0.086 	-0.071 	
-520.568 	1703.280 	-825.092 	-0.144 	0.342 	-0.165 	
-421.942 	230.066 	1386.935 	-0.123 	0.052 	0.273 	
-1490.598 	-1521.601 	1845.450 	-0.344 	-0.302 	0.372 	
1015.081 	1422.151 	1305.953 	0.175 	0.276 	0.262 	
286.239 	1303.266 	1723.247 	0.030 	0.260 	0.351 	
768.008 	927.503 	-1121.059 	0.115 	0.177 	-0.225 	
1317.919 	1087.482 	-1846.489 	0.233 	0.218 	-0.377 	
203.079 	-790.405 	-1595.824 	0.005 	-0.168 	-0.320 	
-1491.094 	1054.375 	-720.510 	-0.343 	0.206 	-0.142 	
1049.037 	82.538 	-15.693 	0.180 	0.018 	0.001 	
-1636.638 	1672.576 	105.529 	-0.377 	0.333 	0.030 	
-772.207 	-1572.912 	-672.517 	-0.190 	-0.313 	-0.139 	
453.168 	-1013.463 	-1603.796 	0.046 	-0.206 	-0.323 	
-365.798 	-533.238 	1273.015 	-0.117 	-0.106 	0.257 	
-98.181 	-1894.024 	856.227 	-0.051 	-0.383 	0.178 	
1368.934 	986.206 	-1407.872 	0.252 	0.196 	-0.283 	
214.514 	1164.334 	-1097.120 	0.010 	0.239 	-0.228 	
59.310 	1450.892 	-1233.261 	-0.030 	0.289 	-0.244 	
-1054.863 	1454.988 	-847.613 	-0.239 	0.295 	-0.170 	
-2100.380 	-782.435 	243.226 	-0.460 	-0.162 	0.056 	
-1274.478 	-596.969 	-1103.896 	-0.279 	-0.123 	-0.220 	
2306.687 	-1310.330 	1931.189 	0.432 	-0.263 	0.384 	
-1996.027 	938.469 	-344.376 	-0.439 	0.194 	-0.067 	
-185.829 	-713.524 	997.506 	-0.085 	-0.132 	0.209 	
-534.160 	-706.666 	-1459.241 	-0.134 	-0.143 	-0.284 	
-849.843 	-1933.509 	1789.616 	-0.208 	-0.387 	0.357 	
-171.803 	-711.515 	1023.674 	-0.074 	-0.146 	0.205 	
187.670 	-1901.369 	434.686 	0.009 	-0.387 	0.088 	
-577.067 	-280.913 	124.336 	-0.162 	-0.061 	0.027 	
-677.152 	-657.573 	-718.317 	-0.173 	-0.136 	-0.138 	
-509.119 	-852.760 	1113.323 	-0.093 	-0.137 	0.164 	
792.994 	-1727.341 	1073.787 	0.131 	-0.355 	0.214 	
-1177.586 	-344.708 	1084.220 	-0.261 	-0.075 	0.217 	
1958.884 	1009.500 	-1615.473 	0.372 	0.205 	-0.327 	
-267.515 	1097.506 	1906.005 	-0.090 	0.214 	0.377 	
700.639 	1616.788 	1283.382 	0.117 	0.322 	0.257 	
1305.440 	1379.133 	862.666 	0.238 	0.281 	0.175 	
1076.216 	-1180.929 	394.043 	0.183 	-0.230 	0.082 	
-773.082 	-335.896 	-1370.970 	-0.195 	-0.061 	-0.267 	
-1155.149 	1261.979 	728.805 	-0.257 	0.253 	0.152 	
276.410 	-744.124 	1245.916 	0.014 	-0.152 	0.251 	
681.053 	-1419.912 	1035.070 	0.102 	-0.295 	0.211 	
-570.709 	-1412.812 	129.802 	-0.155 	-0.272 	0.026 	
305.184 	-1244.327 	-245.856 	0.020 	-0.252 	-0.056 	
-100.667 	-1262.779 	-571.533 	-0.065 	-0.249 	-0.112 	
1714.741 	-291.909 	-1656.665 	0.312 	-0.058 	-0.331 	
905.305 	434.928 	1960.119 	0.138 	0.090 	0.396 	
-1421.565 	932.377 	1269.615 	-0.318 	0.190 	0.262 	
2160.656 	-1164.379 	1941.477 	0.410 	-0.231 	0.399 	
-1342.073 	694.625 	314.331 	-0.297 	0.141 	0.058 	
178.918 	306.735 	1753.972 	0.002 	0.071 	0.348 	
-2115.800 	948.191 	1322.805 	-0.461 	0.201 	0.266 	
-716.293 	-1311.945 	387.566 	-0.182 	-0.272 	0.078 	
1060.550 	-212.965 	-1108.972 	0.185 	-0.037 	-0.226 	
-704.335 	-1867.742 	2135.732 	-0.176 	-0.378 	0.440 	
-1636.764 	1669.194 	133.573 	-0.369 	0.339 	0.018 	
447.217 	-1994.818 	-1827.093 	0.055 	-0.397 	-0.365 	
-2118.540 	-517.053 	-1954.201 	-0.452 	-0.106 	-0.393 	
-967.357 	4.907 	-1231.542 	-0.238 	-0.001 	-0.247 	
49.537 	115.229 	-189.116 	-0.019 	0.019 	-0.038 	
-2108.664 	-520.958 	2045.125 	-0.461 	-0.112 	0.415 	
-679.877 	-72.190 	-148.121 	-0.169 	-0.023 	-0.017 	
1927.773 	-1034.471 	1201.707 	0.357 	-0.215 	0.250 	
-1890.292 	-1526.166 	-1590.484 	-0.419 	-0.305 	-0.316 	
-1805.998 	554.782 	-17.191 	-0.385 	0.108 	-0.003 	
401.132 	651.520 	-1942.974 	0.053 	0.137 	-0.394 	
-1314.455 	499.135 	917.267 	-0.291 	0.092 	0.188 	
2053.990 	-1921.533 	1398.004 	0.374 	-0.394 	0.283 	
-586.423 	1177.759 	-1352.984 	-0.143 	0.230 	-0.273 	
-2120.618 	171.044 	1111.951 	-0.461 	0.033 	0.227 	
895.429 	-1550.338 	1723.778 	0.142 	-0.311 	0.352 	
-2078.631 	1443.170 	-187.600 	-0.452 	0.290 	-0.043 	
-1958.478 	868.568 	683.384 	-0.420 	0.170 	0.146 	
364.162 	-1482.217 	405.085 	0.048 	-0.303 	0.081 	
-709.862 	-1513.729 	927.763 	-0.175 	-0.313 	0.192 	
474.892 	-1097.636 	-1833.095 	0.071 	-0.226 	-0.364 	
-1663.569 	-1034.118 	913.967 	-0.365 	-0.202 	0.183 	
-2066.122 	-796.572 	-1017.381 	-0.458 	-0.164 	-0.209 	
1190.123 	-1872.566 	-1769.270 	0.210 	-0.386 	-0.353 	
-1876.860 	-1282.494 	-1504.107 	-0.413 	-0.260 	-0.313 	
537.370 	-608.143 	-140.117 	0.073 	-0.120 	-0.025 	
1045.909 	1831.258 	939.592 	0.173 	0.371 	0.184 	
1727.964 	476.183 	1119.931 	0.306 	0.095 	0.230 	
928.865 	-1056.890 	-1258.383 	0.158 	-0.221 	-0.247 	
2169.829 	-1860.039 	1592.185 	0.399 	-0.376 	0.327 	
-1918.900 	-916.964 	-346.066 	-0.424 	-0.184 	-0.072 	
-1120.993 	1896.482 	901.994 	-0.267 	0.379 	0.190 	
-596.109 	1192.477 	1712.061 	-0.157 	0.231 	0.349 	
1205.871 	328.996 	1529.413 	0.210 	0.068 	0.309 	
-270.960 	-1613.388 	1717.768 	-0.093 	-0.317 	0.342 	
-1567.771 	1073.442 	752.263 	-0.345 	0.222 	0.149 	
1325.475 	1619.755 	145.155 	0.236 	0.330 	0.033 	
-1075.499 	-790.194 	-809.881 	-0.243 	-0.165 	-0.164 	
-191.698 	-1302.048 	1683.337 	-0.075 	-0.271 	0.333 	
1620.910 	268.422 	258.820 	0.291 	0.049 	0.062 	
-1941.738 	-2006.018 	1287.699 	-0.418 	-0.409 	0.258 	
-707.540 	-683.592 	-542.857 	-0.168 	-0.127 	-0.112 	
1546.902 	-1562.659 	430.245 	0.278 	-0.310 	0.093 	
-205.006 	1047.642 	552.252 	-0.081 	0.201 	0.109 	
-422.286 	-853.834 	-200.898 	-0.124 	-0.163 	-0.044 	
1058.404 	107.850 	-1111.978 	0.176 	0.023 	-0.216 	
-1671.351 	1758.801 	1235.741 	-0.377 	0.358 	0.240 	
2036.271 	-1716.210 	224.426 	0.382 	-0.348 	0.052 	
1758.788 	-70.293 	1320.549 	0.327 	-0.015 	0.268 	
503.511 	1718.784 	-21.516 	0.061 	0.353 	-0.007 	
334.071 	486.537 	1109.764 	0.043 	0.091 	0.217 	
-2125.921 	1374.081 	1787.875 	-0.470 	0.272 	0.361 	
-1591.958 	-539.881 	733.018 	-0.345 	-0.115 	0.149 	
1798.715 	344.963 	-458.036 	0.320 	0.067 	-0.096 	
-1113.003 	-375.781 	-1624.219 	-0.248 	-0.075 	-0.323 	
