## Las primeras 500 lineas corresponden a la esfera 1 
##las siguienets 500 lineas a la esfera 2
## Las primeras tres columnas corresponden a la posición en 'x', 'y' y 'z', las siguientes tres a las velocidades
-7.127 	-1239.739 	122.637 	-0.010 	-0.246 	0.028 	
395.318 	-379.071 	-5.202 	0.086 	-0.077 	-0.003 	
456.020 	1577.910 	1070.503 	0.099 	0.315 	0.206 	
-1472.138 	1633.337 	1076.123 	-0.304 	0.334 	0.221 	
-313.245 	-334.424 	1523.174 	-0.053 	-0.066 	0.315 	
1628.141 	1051.712 	1873.594 	0.342 	0.215 	0.375 	
1694.545 	-856.909 	-1652.986 	0.345 	-0.169 	-0.337 	
-1601.869 	-924.623 	578.086 	-0.322 	-0.178 	0.123 	
1387.809 	427.553 	921.162 	0.277 	0.096 	0.186 	
531.332 	504.075 	722.342 	0.105 	0.099 	0.152 	
1412.155 	-114.155 	83.483 	0.280 	-0.021 	0.014 	
-308.499 	-1281.397 	206.720 	-0.056 	-0.257 	0.045 	
268.967 	-911.812 	137.026 	0.067 	-0.182 	0.029 	
1028.383 	1449.131 	1399.210 	0.199 	0.293 	0.280 	
-60.682 	1206.891 	-1955.004 	-0.019 	0.250 	-0.390 	
-691.216 	-133.292 	3.907 	-0.140 	-0.018 	0.003 	
-778.067 	1581.033 	-640.334 	-0.162 	0.314 	-0.131 	
169.712 	901.170 	-1753.478 	0.032 	0.172 	-0.359 	
-2297.258 	-1714.738 	-971.444 	-0.475 	-0.342 	-0.200 	
821.192 	-1993.283 	-1720.302 	0.158 	-0.406 	-0.349 	
191.373 	-1864.087 	2216.324 	0.042 	-0.368 	0.453 	
163.424 	690.169 	1934.655 	0.030 	0.137 	0.382 	
-497.460 	-888.447 	442.867 	-0.100 	-0.169 	0.085 	
-1625.316 	-1288.705 	591.005 	-0.322 	-0.254 	0.115 	
1122.469 	-799.240 	1303.651 	0.235 	-0.161 	0.257 	
-755.644 	-17.482 	1716.659 	-0.142 	-0.000 	0.342 	
123.477 	-1048.116 	-68.708 	0.032 	-0.204 	-0.010 	
454.201 	-1899.005 	1414.577 	0.088 	-0.393 	0.287 	
-1652.374 	1657.543 	430.593 	-0.327 	0.333 	0.088 	
-930.740 	-1432.707 	1137.105 	-0.181 	-0.285 	0.233 	
-589.782 	-998.617 	-1680.519 	-0.116 	-0.196 	-0.340 	
803.579 	1329.223 	1600.417 	0.158 	0.262 	0.324 	
1611.207 	-606.114 	1487.182 	0.326 	-0.122 	0.303 	
-1052.533 	1102.387 	138.549 	-0.200 	0.220 	0.029 	
173.179 	-564.653 	-1839.190 	0.034 	-0.121 	-0.362 	
284.191 	-248.132 	198.278 	0.069 	-0.043 	0.041 	
-775.698 	-1574.428 	-1779.576 	-0.158 	-0.314 	-0.370 	
-763.747 	-1929.151 	1449.085 	-0.144 	-0.388 	0.293 	
-733.799 	-174.785 	1040.610 	-0.152 	-0.031 	0.213 	
1250.163 	-1974.362 	1427.474 	0.252 	-0.399 	0.292 	
2134.361 	797.199 	-83.445 	0.433 	0.150 	-0.019 	
375.645 	-499.495 	168.393 	0.080 	-0.092 	0.029 	
818.756 	235.203 	1388.721 	0.163 	0.038 	0.269 	
-78.682 	-1368.042 	-889.275 	-0.025 	-0.276 	-0.178 	
333.942 	-396.237 	1347.266 	0.076 	-0.081 	0.277 	
177.105 	345.765 	-651.860 	0.044 	0.073 	-0.125 	
2066.185 	153.697 	36.649 	0.417 	0.038 	0.015 	
-484.543 	1910.019 	-504.286 	-0.098 	0.388 	-0.104 	
454.849 	-551.458 	-737.494 	0.100 	-0.114 	-0.146 	
1773.335 	1143.533 	565.644 	0.360 	0.239 	0.114 	
-1630.258 	-600.928 	-1322.561 	-0.324 	-0.126 	-0.273 	
939.570 	-159.450 	933.342 	0.181 	-0.031 	0.181 	
1989.676 	-903.858 	-1963.739 	0.411 	-0.192 	-0.398 	
-161.937 	1253.272 	21.332 	-0.022 	0.250 	0.011 	
-1436.176 	1557.907 	1137.410 	-0.296 	0.310 	0.228 	
-322.136 	-1864.879 	951.422 	-0.060 	-0.383 	0.198 	
-788.588 	-26.566 	-1179.138 	-0.149 	-0.009 	-0.243 	
68.078 	-1658.705 	-574.083 	0.022 	-0.335 	-0.118 	
-1935.786 	1383.621 	1653.037 	-0.395 	0.285 	0.340 	
1124.288 	1744.799 	699.005 	0.230 	0.348 	0.133 	
-505.676 	1882.716 	499.324 	-0.112 	0.383 	0.099 	
732.562 	1113.632 	-657.641 	0.154 	0.220 	-0.130 	
-1490.583 	2022.303 	797.747 	-0.311 	0.413 	0.163 	
1343.815 	381.592 	-677.209 	0.272 	0.086 	-0.136 	
1605.625 	-1870.858 	-1897.457 	0.338 	-0.378 	-0.380 	
2301.732 	-774.437 	-1935.578 	0.479 	-0.156 	-0.393 	
1463.493 	-1080.659 	-1686.831 	0.310 	-0.219 	-0.343 	
-2123.569 	2316.556 	-668.983 	-0.435 	0.479 	-0.141 	
2290.872 	1071.883 	1391.414 	0.475 	0.219 	0.278 	
-331.494 	679.656 	830.734 	-0.067 	0.121 	0.169 	
1514.487 	564.432 	596.876 	0.314 	0.106 	0.115 	
625.029 	-104.751 	710.391 	0.137 	-0.015 	0.143 	
-36.477 	1200.748 	-1976.345 	-0.005 	0.237 	-0.399 	
-511.910 	-1491.516 	-603.617 	-0.106 	-0.301 	-0.118 	
-895.723 	772.058 	1206.225 	-0.191 	0.154 	0.240 	
889.584 	-263.106 	-493.334 	0.179 	-0.051 	-0.086 	
-51.586 	-461.259 	-1388.802 	-0.013 	-0.083 	-0.281 	
1728.393 	1022.332 	-1626.644 	0.354 	0.208 	-0.338 	
225.684 	-381.133 	-763.310 	0.041 	-0.072 	-0.158 	
-27.209 	-488.362 	1668.527 	0.000 	-0.103 	0.335 	
-293.435 	1536.267 	479.244 	-0.067 	0.302 	0.098 	
453.052 	-803.951 	-550.228 	0.082 	-0.158 	-0.104 	
986.413 	1252.235 	1627.419 	0.196 	0.257 	0.328 	
-414.756 	-1311.495 	1657.395 	-0.088 	-0.260 	0.340 	
1287.444 	-692.178 	-309.345 	0.266 	-0.131 	-0.070 	
-1187.432 	-1659.956 	-1617.352 	-0.233 	-0.333 	-0.323 	
1231.350 	-387.522 	-767.937 	0.250 	-0.084 	-0.167 	
-1277.016 	-1375.291 	1477.035 	-0.268 	-0.278 	0.300 	
-1776.010 	-1740.734 	1143.750 	-0.352 	-0.353 	0.235 	
-1609.586 	-703.628 	-177.279 	-0.318 	-0.149 	-0.028 	
2103.100 	956.209 	1489.396 	0.426 	0.205 	0.300 	
55.987 	813.932 	1505.836 	0.009 	0.169 	0.305 	
144.236 	-357.440 	141.799 	0.035 	-0.078 	0.030 	
-253.799 	-1794.753 	-747.611 	-0.045 	-0.368 	-0.145 	
1731.413 	-1153.825 	1718.584 	0.349 	-0.227 	0.346 	
-666.975 	1120.326 	-1814.579 	-0.126 	0.235 	-0.363 	
1736.803 	438.750 	1118.889 	0.360 	0.085 	0.226 	
1865.512 	428.112 	-1244.506 	0.386 	0.087 	-0.251 	
2116.185 	1681.587 	262.828 	0.441 	0.338 	0.054 	
1161.432 	-901.526 	1159.233 	0.227 	-0.189 	0.230 	
-1347.460 	1782.350 	979.666 	-0.272 	0.353 	0.203 	
-2197.763 	-1583.763 	-684.938 	-0.453 	-0.319 	-0.132 	
593.531 	-2051.269 	1183.549 	0.122 	-0.419 	0.238 	
-896.188 	-209.776 	1556.229 	-0.179 	-0.034 	0.320 	
1111.451 	-479.289 	607.038 	0.235 	-0.097 	0.127 	
-1873.863 	940.868 	1720.133 	-0.371 	0.191 	0.344 	
-1841.673 	-1295.319 	1216.028 	-0.381 	-0.258 	0.250 	
-2149.497 	2251.075 	-916.916 	-0.441 	0.465 	-0.186 	
1357.375 	-872.331 	61.442 	0.269 	-0.181 	0.020 	
2270.760 	-203.571 	-733.284 	0.467 	-0.047 	-0.140 	
-558.399 	-193.509 	1114.583 	-0.109 	-0.042 	0.230 	
506.647 	-672.137 	1009.304 	0.092 	-0.137 	0.204 	
904.246 	-0.074 	330.302 	0.175 	-0.007 	0.062 	
-340.087 	1953.304 	-713.543 	-0.074 	0.389 	-0.137 	
-1312.652 	1789.590 	1795.438 	-0.268 	0.363 	0.368 	
-205.459 	1919.770 	1863.527 	-0.036 	0.392 	0.378 	
590.019 	-2007.212 	-355.059 	0.117 	-0.406 	-0.061 	
-2126.035 	-606.889 	2005.061 	-0.427 	-0.131 	0.403 	
1450.111 	-873.471 	-753.618 	0.292 	-0.185 	-0.144 	
-142.196 	1420.798 	262.154 	-0.038 	0.284 	0.057 	
-992.482 	218.848 	1230.526 	-0.195 	0.046 	0.257 	
1129.208 	-1580.297 	-712.846 	0.231 	-0.325 	-0.144 	
918.835 	-294.258 	-1499.094 	0.184 	-0.049 	-0.305 	
1855.703 	-838.541 	1898.621 	0.369 	-0.173 	0.386 	
-2024.169 	694.324 	1011.210 	-0.417 	0.137 	0.202 	
587.147 	-252.071 	-731.694 	0.111 	-0.043 	-0.142 	
-2104.995 	-1346.776 	-803.061 	-0.424 	-0.271 	-0.155 	
-2221.996 	-2061.952 	843.213 	-0.459 	-0.418 	0.168 	
-1628.796 	841.842 	-1993.846 	-0.331 	0.173 	-0.395 	
-1742.789 	-1817.175 	696.114 	-0.345 	-0.371 	0.140 	
-183.352 	-1216.701 	952.947 	-0.044 	-0.243 	0.195 	
-472.154 	1549.575 	-878.934 	-0.099 	0.316 	-0.184 	
-1216.655 	1011.415 	14.697 	-0.248 	0.199 	0.002 	
35.160 	578.320 	-1749.068 	0.000 	0.111 	-0.349 	
2162.994 	-1981.064 	197.276 	0.434 	-0.399 	0.034 	
-289.137 	-1545.116 	-793.693 	-0.051 	-0.311 	-0.170 	
237.096 	-1206.415 	550.698 	0.041 	-0.243 	0.103 	
-1432.952 	-1825.749 	1435.732 	-0.281 	-0.375 	0.293 	
1687.883 	-816.363 	-837.837 	0.342 	-0.160 	-0.168 	
727.183 	-1506.875 	452.161 	0.159 	-0.302 	0.096 	
-1460.226 	-903.754 	-1157.165 	-0.286 	-0.187 	-0.233 	
1894.595 	-554.171 	-502.266 	0.373 	-0.106 	-0.103 	
-1281.792 	1943.518 	462.739 	-0.262 	0.388 	0.099 	
-1550.637 	-1626.955 	253.621 	-0.315 	-0.328 	0.057 	
-491.775 	605.501 	719.678 	-0.105 	0.114 	0.144 	
1189.903 	-258.447 	1689.864 	0.239 	-0.051 	0.332 	
-886.609 	-122.058 	-703.673 	-0.174 	-0.015 	-0.142 	
-21.081 	1007.740 	1520.896 	-0.009 	0.201 	0.297 	
1815.374 	-1680.036 	-1957.396 	0.360 	-0.342 	-0.399 	
-157.432 	1405.337 	-994.958 	-0.024 	0.277 	-0.203 	
1797.052 	-1950.790 	504.245 	0.366 	-0.393 	0.093 	
-1408.342 	-555.761 	1219.305 	-0.276 	-0.106 	0.245 	
483.791 	1083.114 	2081.139 	0.094 	0.211 	0.422 	
-2105.750 	-2065.484 	-774.789 	-0.426 	-0.417 	-0.162 	
-1774.957 	-112.041 	-1999.702 	-0.361 	-0.017 	-0.406 	
-164.571 	-840.922 	-716.809 	-0.043 	-0.170 	-0.144 	
1948.822 	-448.305 	1438.435 	0.414 	-0.089 	0.284 	
-1869.440 	-953.800 	1857.029 	-0.379 	-0.199 	0.374 	
-916.789 	-1461.807 	2066.484 	-0.180 	-0.298 	0.423 	
222.395 	-1448.370 	1212.012 	0.044 	-0.294 	0.248 	
2001.276 	-1667.582 	1529.184 	0.416 	-0.340 	0.313 	
-646.557 	367.490 	401.863 	-0.123 	0.077 	0.075 	
-674.121 	-83.149 	1131.477 	-0.155 	-0.001 	0.247 	
1003.860 	142.827 	-83.668 	0.211 	0.034 	-0.010 	
110.142 	-748.488 	413.277 	0.019 	-0.150 	0.078 	
-761.545 	-20.968 	-271.435 	-0.158 	-0.003 	-0.048 	
-716.021 	1150.784 	-1013.532 	-0.143 	0.233 	-0.205 	
2285.862 	-478.518 	-140.263 	0.466 	-0.107 	-0.027 	
661.922 	-37.111 	-242.382 	0.134 	-0.016 	-0.039 	
790.313 	-423.578 	-457.118 	0.150 	-0.090 	-0.083 	
-1298.181 	391.041 	2162.922 	-0.259 	0.078 	0.441 	
1236.737 	843.657 	79.288 	0.263 	0.164 	0.018 	
-1863.412 	370.944 	798.942 	-0.382 	0.071 	0.159 	
521.929 	-116.938 	-615.798 	0.101 	-0.031 	-0.125 	
-2147.312 	-958.962 	1822.853 	-0.442 	-0.194 	0.368 	
-1683.643 	-646.059 	-139.579 	-0.341 	-0.125 	-0.023 	
-846.730 	-465.733 	-461.377 	-0.169 	-0.094 	-0.096 	
1306.835 	1166.070 	1661.638 	0.267 	0.238 	0.326 	
400.948 	-400.849 	1665.818 	0.084 	-0.079 	0.339 	
1966.183 	1214.432 	2114.087 	0.397 	0.253 	0.433 	
1695.257 	1540.911 	1688.202 	0.342 	0.314 	0.352 	
1826.676 	-1545.403 	-1577.710 	0.366 	-0.317 	-0.322 	
1324.303 	1891.763 	105.846 	0.278 	0.381 	0.020 	
-935.985 	102.316 	517.477 	-0.193 	0.016 	0.112 	
-382.890 	143.819 	-1193.824 	-0.073 	0.033 	-0.249 	
-278.505 	871.818 	959.224 	-0.065 	0.175 	0.193 	
-2122.069 	-1894.962 	1147.314 	-0.432 	-0.378 	0.242 	
-833.173 	660.406 	-762.011 	-0.167 	0.137 	-0.149 	
-575.524 	-1781.665 	-1354.188 	-0.117 	-0.354 	-0.275 	
-986.787 	-1729.411 	-1041.074 	-0.189 	-0.348 	-0.210 	
161.544 	-1901.877 	-1568.003 	0.031 	-0.381 	-0.314 	
1671.588 	678.260 	124.369 	0.349 	0.138 	0.030 	
1866.024 	-147.711 	-1311.956 	0.378 	-0.032 	-0.259 	
-823.212 	293.204 	95.369 	-0.154 	0.056 	0.026 	
-837.915 	925.103 	500.064 	-0.180 	0.184 	0.102 	
1919.429 	-862.793 	-3.845 	0.386 	-0.182 	-0.008 	
-1101.142 	733.047 	-1990.929 	-0.225 	0.145 	-0.405 	
1982.307 	-162.138 	1256.631 	0.398 	-0.025 	0.259 	
410.154 	666.001 	557.826 	0.094 	0.138 	0.118 	
1225.622 	-394.833 	-825.054 	0.254 	-0.072 	-0.157 	
-1201.537 	1523.707 	344.529 	-0.241 	0.299 	0.073 	
-11.815 	-1507.399 	910.410 	0.006 	-0.295 	0.180 	
-196.453 	-161.592 	-1612.730 	-0.031 	-0.031 	-0.321 	
-582.133 	85.987 	334.795 	-0.121 	0.019 	0.069 	
-220.978 	-1710.812 	-1709.670 	-0.041 	-0.341 	-0.352 	
-461.043 	-731.138 	1774.374 	-0.088 	-0.151 	0.346 	
2158.456 	-289.424 	-1559.877 	0.442 	-0.066 	-0.313 	
-465.063 	311.640 	-324.893 	-0.091 	0.059 	-0.060 	
1796.350 	-1884.221 	1729.564 	0.372 	-0.378 	0.351 	
-620.704 	-657.651 	591.984 	-0.123 	-0.124 	0.117 	
-567.623 	-64.436 	1773.241 	-0.107 	-0.006 	0.356 	
407.280 	932.233 	195.811 	0.094 	0.187 	0.041 	
-1957.586 	2038.128 	-1477.537 	-0.401 	0.414 	-0.299 	
107.755 	-521.744 	-2008.230 	0.034 	-0.102 	-0.406 	
-350.741 	-1054.413 	1252.795 	-0.067 	-0.201 	0.255 	
-1189.418 	-941.815 	-845.567 	-0.247 	-0.190 	-0.168 	
1078.860 	1951.933 	-1657.173 	0.221 	0.397 	-0.346 	
-1155.326 	149.483 	1255.169 	-0.243 	0.029 	0.251 	
-44.841 	270.649 	957.925 	-0.015 	0.055 	0.184 	
-340.145 	-364.480 	670.207 	-0.053 	-0.085 	0.105 	
1878.133 	-457.241 	-1190.020 	0.379 	-0.102 	-0.245 	
2195.618 	-2059.641 	21.529 	0.443 	-0.418 	0.013 	
-1598.146 	-1184.021 	-87.453 	-0.332 	-0.243 	-0.020 	
73.552 	-1671.107 	435.652 	0.009 	-0.331 	0.093 	
-778.609 	120.555 	1637.079 	-0.161 	0.018 	0.324 	
-1073.610 	2020.399 	79.732 	-0.208 	0.406 	0.022 	
-1481.047 	-1576.114 	677.858 	-0.297 	-0.313 	0.134 	
1814.132 	-743.762 	-1511.986 	0.370 	-0.148 	-0.313 	
-1295.800 	-1896.602 	1221.113 	-0.263 	-0.374 	0.248 	
-885.950 	-16.019 	736.170 	-0.178 	-0.013 	0.152 	
-939.232 	198.405 	1906.026 	-0.189 	0.040 	0.391 	
-1688.201 	1249.274 	-313.671 	-0.338 	0.251 	-0.052 	
-1610.632 	561.239 	57.514 	-0.334 	0.113 	0.012 	
-596.271 	530.585 	-989.969 	-0.119 	0.113 	-0.196 	
1777.029 	2236.333 	-2031.997 	0.358 	0.463 	-0.416 	
-1452.320 	810.387 	1133.646 	-0.300 	0.163 	0.237 	
-1646.893 	-179.656 	-1723.089 	-0.326 	-0.039 	-0.349 	
986.736 	-1386.400 	658.227 	0.203 	-0.285 	0.124 	
1490.573 	1611.821 	-141.057 	0.315 	0.326 	-0.023 	
1687.376 	872.361 	-1898.632 	0.337 	0.180 	-0.377 	
1112.876 	536.258 	-1281.941 	0.221 	0.105 	-0.248 	
-829.918 	-1611.802 	-469.319 	-0.163 	-0.317 	-0.097 	
1534.122 	-706.437 	179.802 	0.314 	-0.139 	0.025 	
-483.584 	1637.355 	396.617 	-0.044 	0.372 	0.096 	
447.107 	-1194.631 	1761.358 	0.092 	-0.237 	0.345 	
-1009.882 	662.260 	-780.299 	-0.204 	0.131 	-0.163 	
-1481.912 	-57.667 	730.200 	-0.306 	-0.012 	0.153 	
1606.163 	-544.917 	1618.284 	0.332 	-0.113 	0.317 	
438.543 	-1190.672 	-1827.544 	0.096 	-0.244 	-0.359 	
2225.664 	376.097 	-1243.962 	0.460 	0.076 	-0.254 	
741.931 	-472.995 	1588.783 	0.159 	-0.095 	0.318 	
-1332.581 	1745.225 	-387.876 	-0.257 	0.354 	-0.077 	
-841.133 	-819.405 	701.189 	-0.172 	-0.165 	0.147 	
-718.017 	-919.308 	345.035 	-0.142 	-0.185 	0.082 	
1969.101 	15.804 	871.095 	0.402 	0.012 	0.181 	
-1341.803 	131.730 	1219.484 	-0.272 	0.026 	0.257 	
2.538 	787.135 	-1496.559 	-0.008 	0.160 	-0.308 	
-1434.660 	-1876.727 	-1855.993 	-0.282 	-0.377 	-0.383 	
1022.713 	1611.152 	-737.351 	0.202 	0.321 	-0.147 	
-1978.502 	949.682 	1183.874 	-0.403 	0.192 	0.234 	
-2063.284 	119.458 	793.077 	-0.424 	0.030 	0.160 	
648.735 	-1654.245 	-1688.198 	0.127 	-0.338 	-0.333 	
-2675.991 	88.204 	-6.094 	-0.593 	-0.015 	-0.005 	
-1880.016 	-759.389 	989.926 	-0.376 	-0.155 	0.206 	
1142.522 	-438.444 	-1350.363 	0.228 	-0.089 	-0.281 	
564.295 	375.065 	236.680 	0.121 	0.077 	0.058 	
-54.200 	-724.181 	485.476 	-0.011 	-0.153 	0.087 	
-2011.084 	179.916 	-1159.148 	-0.411 	0.032 	-0.240 	
1638.362 	-174.546 	2225.975 	0.337 	-0.032 	0.458 	
-397.742 	-683.662 	1155.382 	-0.080 	-0.145 	0.224 	
752.983 	-1180.920 	-466.016 	0.146 	-0.236 	-0.090 	
281.065 	-291.285 	326.940 	0.062 	-0.066 	0.059 	
-1779.700 	-2105.503 	-1060.853 	-0.363 	-0.432 	-0.214 	
1014.723 	-965.434 	-1729.444 	0.204 	-0.185 	-0.343 	
417.916 	563.900 	-442.229 	0.092 	0.147 	-0.087 	
-811.089 	-246.045 	662.219 	-0.161 	-0.039 	0.140 	
2255.154 	1134.671 	-177.786 	0.467 	0.227 	-0.038 	
515.781 	-249.366 	-1161.839 	0.100 	-0.049 	-0.237 	
-1648.313 	564.441 	-2052.242 	-0.330 	0.118 	-0.414 	
779.396 	632.467 	611.777 	0.164 	0.119 	0.130 	
2006.318 	150.094 	-1646.250 	0.398 	0.027 	-0.328 	
-814.682 	260.260 	-1034.051 	-0.163 	0.058 	-0.214 	
-2007.667 	1827.384 	768.422 	-0.415 	0.371 	0.157 	
66.379 	-1593.397 	-1882.691 	0.020 	-0.321 	-0.388 	
1422.999 	1805.692 	-1111.860 	0.290 	0.365 	-0.237 	
1032.495 	-818.861 	205.740 	0.206 	-0.164 	0.051 	
1054.263 	-1754.590 	-1409.892 	0.209 	-0.350 	-0.293 	
675.950 	-821.007 	1156.873 	0.131 	-0.166 	0.232 	
885.434 	-885.503 	1406.968 	0.179 	-0.174 	0.285 	
1799.030 	1974.031 	-1742.614 	0.361 	0.403 	-0.362 	
1668.193 	-313.621 	1208.550 	0.343 	-0.057 	0.252 	
720.896 	-486.901 	-409.972 	0.150 	-0.092 	-0.082 	
-818.244 	-770.824 	1509.845 	-0.172 	-0.153 	0.306 	
-953.457 	-426.515 	1656.941 	-0.191 	-0.094 	0.334 	
383.559 	-995.523 	-631.182 	0.079 	-0.198 	-0.130 	
-1346.292 	-209.881 	-33.752 	-0.271 	-0.046 	-0.009 	
-246.216 	1689.663 	-2086.428 	-0.040 	0.348 	-0.423 	
-1589.716 	-523.589 	1068.675 	-0.329 	-0.106 	0.214 	
-71.214 	-1634.387 	1729.559 	-0.015 	-0.323 	0.356 	
-797.669 	607.168 	1631.247 	-0.153 	0.127 	0.327 	
-219.155 	-69.000 	1151.448 	-0.049 	-0.017 	0.233 	
1449.126 	-1098.143 	18.963 	0.298 	-0.226 	-0.004 	
-118.863 	-740.524 	474.688 	-0.009 	-0.146 	0.103 	
-431.154 	-729.580 	1640.505 	-0.075 	-0.145 	0.334 	
-2043.377 	-575.897 	553.458 	-0.421 	-0.117 	0.113 	
-532.435 	-1360.217 	-293.642 	-0.116 	-0.270 	-0.059 	
586.583 	-1980.059 	1068.252 	0.114 	-0.409 	0.214 	
724.592 	-1494.432 	-403.565 	0.143 	-0.303 	-0.075 	
836.500 	-1833.652 	-225.638 	0.172 	-0.373 	-0.038 	
558.113 	89.399 	1665.374 	0.106 	0.013 	0.336 	
-1838.394 	899.113 	124.157 	-0.374 	0.180 	0.023 	
-440.268 	454.687 	856.357 	-0.079 	0.087 	0.168 	
-714.136 	-1075.697 	1738.892 	-0.149 	-0.217 	0.359 	
-1516.269 	-1817.545 	1572.782 	-0.307 	-0.364 	0.327 	
1092.522 	1241.921 	-1908.648 	0.218 	0.249 	-0.380 	
-651.412 	1128.271 	-1833.611 	-0.127 	0.221 	-0.362 	
-140.268 	-1544.073 	-1243.806 	-0.016 	-0.312 	-0.253 	
-45.770 	-106.286 	284.038 	0.002 	-0.029 	0.055 	
1344.181 	-628.487 	357.413 	0.274 	-0.127 	0.065 	
1058.214 	636.678 	-1177.576 	0.226 	0.129 	-0.236 	
-1331.049 	-1783.964 	1048.227 	-0.264 	-0.369 	0.207 	
2217.665 	-443.657 	-2020.886 	0.458 	-0.090 	-0.413 	
-345.033 	1435.241 	495.328 	-0.061 	0.293 	0.096 	
-1162.314 	1629.080 	-1405.559 	-0.237 	0.329 	-0.287 	
-1589.143 	1073.083 	-556.754 	-0.311 	0.216 	-0.112 	
-15.589 	554.418 	-199.412 	-0.009 	0.101 	-0.040 	
-1748.444 	683.409 	151.849 	-0.344 	0.147 	0.028 	
-84.677 	-1521.927 	-1176.410 	-0.020 	-0.303 	-0.228 	
-1427.999 	-826.961 	93.192 	-0.291 	-0.164 	0.010 	
1096.976 	879.568 	-1135.794 	0.232 	0.178 	-0.226 	
-1387.431 	1983.079 	254.275 	-0.282 	0.396 	0.060 	
1012.144 	-182.699 	-1472.269 	0.209 	-0.035 	-0.297 	
-204.128 	173.380 	-424.290 	-0.036 	0.025 	-0.077 	
-1921.879 	-990.935 	-1790.940 	-0.387 	-0.209 	-0.368 	
893.473 	-368.515 	284.284 	0.176 	-0.077 	0.062 	
-1580.535 	-392.933 	1742.988 	-0.320 	-0.077 	0.355 	
1561.709 	-161.456 	1464.799 	0.316 	-0.037 	0.289 	
573.976 	-153.063 	-1338.428 	0.110 	-0.038 	-0.269 	
1639.115 	654.522 	-120.218 	0.326 	0.134 	-0.029 	
721.781 	332.420 	1190.483 	0.141 	0.071 	0.238 	
-133.479 	907.310 	-1512.945 	-0.032 	0.184 	-0.301 	
2021.109 	-1489.694 	-642.728 	0.420 	-0.300 	-0.125 	
-1827.961 	-1841.945 	1929.441 	-0.374 	-0.376 	0.391 	
-1598.800 	-1114.120 	-43.462 	-0.319 	-0.223 	-0.010 	
1237.932 	289.688 	419.500 	0.239 	0.058 	0.085 	
2005.664 	-504.910 	543.370 	0.406 	-0.098 	0.104 	
-1670.561 	614.333 	895.714 	-0.334 	0.129 	0.191 	
76.653 	-116.312 	14.369 	0.007 	-0.022 	0.007 	
-576.005 	-1171.477 	1609.701 	-0.107 	-0.232 	0.329 	
-223.545 	-976.485 	-782.626 	-0.040 	-0.201 	-0.151 	
1935.486 	-762.693 	-1322.078 	0.391 	-0.163 	-0.265 	
235.546 	-1156.305 	-1093.421 	0.037 	-0.230 	-0.217 	
1497.347 	-1614.337 	2022.234 	0.310 	-0.320 	0.408 	
-1868.569 	-764.076 	-989.354 	-0.374 	-0.147 	-0.194 	
-1683.619 	-457.573 	-642.101 	-0.347 	-0.099 	-0.127 	
251.520 	-425.656 	1551.516 	0.063 	-0.087 	0.311 	
1159.850 	-1146.811 	870.932 	0.246 	-0.232 	0.170 	
-1058.816 	871.245 	908.789 	-0.222 	0.172 	0.187 	
-1840.312 	-1033.347 	1535.902 	-0.370 	-0.199 	0.313 	
-1438.015 	-9.760 	480.557 	-0.293 	-0.004 	0.103 	
-1170.455 	-1372.519 	220.147 	-0.230 	-0.273 	0.040 	
1824.730 	1748.031 	1161.602 	0.374 	0.343 	0.232 	
1807.413 	1000.343 	-345.905 	0.375 	0.207 	-0.072 	
-1741.601 	-1639.059 	430.140 	-0.351 	-0.329 	0.093 	
-1433.276 	444.178 	813.272 	-0.293 	0.083 	0.166 	
-1177.185 	175.722 	978.985 	-0.228 	0.041 	0.202 	
-1081.244 	-524.191 	-2062.276 	-0.220 	-0.111 	-0.425 	
-1006.230 	-1097.110 	-1592.974 	-0.206 	-0.227 	-0.327 	
2176.392 	2215.019 	-1048.672 	0.445 	0.456 	-0.209 	
2085.454 	754.932 	-1668.507 	0.425 	0.148 	-0.346 	
-529.163 	-873.150 	-580.069 	-0.106 	-0.181 	-0.114 	
-561.278 	-834.912 	1365.488 	-0.111 	-0.178 	0.274 	
536.422 	-117.804 	230.710 	0.116 	-0.027 	0.041 	
667.314 	219.935 	448.241 	0.139 	0.037 	0.087 	
-1194.307 	1269.568 	1215.518 	-0.248 	0.257 	0.246 	
-1356.708 	1626.701 	-1869.494 	-0.275 	0.323 	-0.378 	
-549.562 	-1257.915 	-2057.884 	-0.108 	-0.247 	-0.420 	
1668.127 	-825.205 	-1287.481 	0.329 	-0.164 	-0.257 	
-26.271 	12.854 	-1276.839 	-0.004 	0.004 	-0.258 	
643.838 	1598.788 	671.845 	0.132 	0.329 	0.141 	
1051.599 	-165.806 	-13.876 	0.222 	-0.032 	-0.004 	
843.933 	970.225 	1154.814 	0.174 	0.192 	0.244 	
585.958 	-802.664 	-883.711 	0.125 	-0.160 	-0.172 	
1837.086 	-1493.423 	-1281.121 	0.384 	-0.304 	-0.260 	
590.613 	479.716 	-1226.105 	0.122 	0.097 	-0.250 	
-1332.627 	-1418.982 	-38.128 	-0.265 	-0.293 	-0.006 	
1119.945 	709.721 	901.951 	0.216 	0.139 	0.181 	
1556.430 	595.144 	209.201 	0.327 	0.111 	0.039 	
-149.627 	-1789.192 	1657.449 	-0.027 	-0.358 	0.345 	
133.997 	663.807 	1696.557 	0.038 	0.134 	0.335 	
1496.115 	-76.329 	1631.025 	0.313 	-0.014 	0.327 	
1737.820 	675.938 	-94.478 	0.348 	0.130 	-0.012 	
-1158.361 	-2185.510 	2163.832 	-0.231 	-0.446 	0.445 	
-2232.353 	-1832.785 	2009.689 	-0.458 	-0.368 	0.410 	
2095.656 	1717.012 	6.868 	0.435 	0.342 	0.001 	
2141.633 	443.572 	1814.853 	0.436 	0.080 	0.372 	
806.842 	237.236 	1389.927 	0.148 	0.053 	0.285 	
-1392.975 	-228.742 	-1734.198 	-0.282 	-0.045 	-0.349 	
1505.805 	766.746 	-643.628 	0.316 	0.156 	-0.132 	
-504.052 	1056.855 	-1804.744 	-0.105 	0.208 	-0.359 	
819.172 	864.036 	-266.311 	0.164 	0.173 	-0.056 	
1237.466 	-775.540 	-1085.116 	0.253 	-0.153 	-0.215 	
1657.254 	1550.327 	1930.942 	0.336 	0.321 	0.396 	
224.097 	1732.162 	-1252.725 	0.036 	0.347 	-0.250 	
-1783.210 	339.446 	738.909 	-0.355 	0.074 	0.153 	
523.795 	-1910.868 	1319.566 	0.113 	-0.385 	0.260 	
632.973 	-760.051 	-199.659 	0.123 	-0.159 	-0.040 	
1529.764 	101.072 	-152.393 	0.309 	0.028 	-0.036 	
-933.663 	868.732 	-1358.495 	-0.183 	0.180 	-0.279 	
975.633 	-1696.962 	967.593 	0.193 	-0.348 	0.198 	
1658.390 	1680.779 	76.768 	0.343 	0.339 	0.020 	
1122.994 	-1830.613 	1674.404 	0.226 	-0.361 	0.338 	
1991.097 	-169.031 	422.676 	0.404 	-0.024 	0.091 	
2223.980 	1768.679 	1170.498 	0.448 	0.359 	0.239 	
582.788 	-1473.046 	817.219 	0.128 	-0.299 	0.166 	
-1137.917 	-2027.918 	1904.480 	-0.232 	-0.417 	0.386 	
851.459 	-424.304 	-434.111 	0.179 	-0.077 	-0.086 	
-143.339 	52.415 	329.734 	-0.034 	0.005 	0.061 	
-1771.843 	2228.579 	1821.031 	-0.367 	0.461 	0.368 	
87.461 	190.126 	1729.327 	0.029 	0.040 	0.343 	
-263.616 	1740.871 	1600.227 	-0.056 	0.358 	0.319 	
1466.912 	-1570.196 	1730.161 	0.305 	-0.325 	0.355 	
-1572.728 	-1675.993 	1696.246 	-0.320 	-0.330 	0.344 	
-1848.679 	-1196.245 	1395.248 	-0.376 	-0.237 	0.284 	
-1388.348 	1281.400 	622.423 	-0.275 	0.264 	0.131 	
-329.976 	-2136.682 	408.748 	-0.055 	-0.433 	0.081 	
247.777 	-1019.256 	1451.812 	0.055 	-0.203 	0.294 	
-60.973 	213.570 	225.801 	-0.014 	0.036 	0.052 	
-1661.036 	-1894.252 	-1557.385 	-0.344 	-0.384 	-0.308 	
-979.529 	-51.741 	1068.361 	-0.192 	-0.016 	0.213 	
1528.084 	561.342 	244.894 	0.301 	0.117 	0.054 	
753.089 	-1073.126 	1405.411 	0.157 	-0.223 	0.290 	
-1569.786 	-923.225 	-1336.478 	-0.313 	-0.181 	-0.266 	
82.430 	-915.272 	-402.003 	0.009 	-0.220 	-0.078 	
2065.232 	159.330 	22.196 	0.403 	0.018 	0.005 	
-984.778 	-1409.045 	-1318.310 	-0.196 	-0.288 	-0.260 	
1640.857 	-1019.367 	105.535 	0.339 	-0.202 	0.024 	
-535.490 	1415.580 	1233.952 	-0.098 	0.282 	0.246 	
339.011 	-509.934 	1765.419 	0.069 	-0.101 	0.350 	
1750.492 	-246.620 	949.788 	0.357 	-0.053 	0.187 	
-549.515 	79.078 	-2103.252 	-0.106 	0.020 	-0.429 	
-954.713 	-330.152 	-45.670 	-0.192 	-0.076 	-0.003 	
427.592 	1634.751 	851.763 	0.082 	0.329 	0.175 	
-1850.536 	485.610 	-339.680 	-0.380 	0.093 	-0.072 	
1050.672 	-1041.873 	556.586 	0.208 	-0.204 	0.107 	
-362.531 	381.690 	-431.750 	-0.082 	0.072 	-0.088 	
1536.951 	-1634.670 	330.485 	0.312 	-0.332 	0.073 	
199.721 	-382.471 	581.652 	0.031 	-0.073 	0.114 	
2026.761 	-1667.637 	679.132 	0.419 	-0.334 	0.137 	
-951.731 	192.586 	-132.618 	-0.183 	0.037 	-0.026 	
-1586.152 	197.071 	1721.705 	-0.324 	0.050 	0.345 	
2107.453 	828.955 	-219.365 	0.427 	0.160 	-0.034 	
-1274.128 	1588.737 	-982.428 	-0.251 	0.327 	-0.194 	
-1267.950 	1543.989 	-568.678 	-0.246 	0.312 	-0.116 	
1522.382 	-506.435 	-211.086 	0.302 	-0.090 	-0.040 	
-1651.652 	364.397 	1557.768 	-0.328 	0.077 	0.314 	
1720.357 	-1017.373 	-2043.006 	0.360 	-0.200 	-0.413 	
-1449.440 	-1970.522 	-1081.587 	-0.293 	-0.395 	-0.219 	
-432.888 	-224.691 	1534.522 	-0.079 	-0.046 	0.304 	
-119.784 	-1021.055 	-136.813 	-0.027 	-0.204 	-0.038 	
-170.518 	-277.448 	762.995 	-0.024 	-0.057 	0.161 	
1231.535 	543.958 	477.464 	0.257 	0.113 	0.102 	
766.923 	-1624.315 	-1.457 	0.163 	-0.319 	0.005 	
1114.142 	-1822.315 	-1777.246 	0.218 	-0.370 	-0.361 	
-1194.078 	1801.884 	-513.344 	-0.240 	0.359 	-0.107 	
-1514.418 	1679.739 	462.338 	-0.298 	0.346 	0.092 	
-2.991 	-161.146 	-552.763 	0.002 	-0.035 	-0.115 	
-133.559 	-1605.211 	1201.459 	-0.015 	-0.322 	0.241 	
543.027 	-646.237 	1815.221 	0.108 	-0.125 	0.374 	
1787.625 	1430.630 	-1884.099 	0.370 	0.298 	-0.384 	
40.576 	-1052.894 	-413.871 	0.006 	-0.213 	-0.074 	
2118.114 	1473.904 	-57.359 	0.440 	0.295 	-0.014 	
-808.833 	1232.710 	-2188.480 	-0.154 	0.245 	-0.442 	
-66.635 	160.179 	-398.124 	-0.015 	0.023 	-0.084 	
-1664.468 	-407.333 	708.769 	-0.325 	-0.085 	0.146 	
956.729 	-252.845 	10.024 	0.190 	-0.061 	0.000 	
-595.833 	-408.785 	1723.875 	-0.123 	-0.083 	0.336 	
-337.068 	99.892 	-2108.587 	-0.066 	0.026 	-0.426 	
1621.981 	667.079 	755.162 	0.318 	0.136 	0.148 	
-1722.342 	-1082.729 	-2328.473 	-0.344 	-0.217 	-0.481 	
1919.842 	-402.846 	460.137 	0.384 	-0.075 	0.096 	
1197.600 	-1942.442 	281.717 	0.240 	-0.395 	0.065 	
989.200 	1845.502 	-1238.900 	0.211 	0.367 	-0.248 	
1572.792 	481.754 	-1331.584 	0.313 	0.104 	-0.265 	
66.847 	-2167.250 	1872.067 	0.020 	-0.446 	0.376 	
732.753 	-661.073 	647.412 	0.160 	-0.132 	0.128 	
61.307 	2058.157 	939.998 	0.024 	0.416 	0.192 	
1672.586 	-1081.176 	-1285.654 	0.350 	-0.221 	-0.260 	
832.425 	1914.447 	-103.705 	0.174 	0.388 	-0.012 	
1014.137 	559.546 	-617.156 	0.195 	0.114 	-0.122 	
1697.409 	1908.603 	-472.317 	0.338 	0.378 	-0.095 	
920.067 	1016.460 	-635.117 	0.199 	0.204 	-0.126 	
683.110 	-535.991 	-271.739 	0.149 	-0.115 	-0.056 	
605.125 	-442.461 	695.748 	0.124 	-0.089 	0.127 	
-549.649 	-1397.156 	-883.256 	-0.117 	-0.283 	-0.171 	
-2030.180 	-681.238 	1507.967 	-0.404 	-0.133 	0.304 	
-1732.167 	-1488.417 	-180.658 	-0.345 	-0.306 	-0.044 	
484.571 	1758.103 	950.052 	0.095 	0.361 	0.191 	
-419.153 	-596.341 	813.393 	-0.093 	-0.119 	0.164 	
1147.445 	-1947.988 	257.411 	0.240 	-0.394 	0.056 	
-1953.854 	-816.488 	1255.903 	-0.422 	-0.164 	0.250 	
1491.374 	-1797.498 	-1905.531 	0.271 	-0.372 	-0.381 	
-1825.110 	-781.402 	-1614.725 	-0.404 	-0.151 	-0.327 	
-599.878 	-1787.117 	860.642 	-0.148 	-0.355 	0.183 	
1354.420 	1015.199 	-261.913 	0.233 	0.198 	-0.056 	
-1197.949 	-1707.808 	1026.827 	-0.284 	-0.347 	0.212 	
2268.820 	-1751.531 	-1804.912 	0.429 	-0.361 	-0.371 	
1601.729 	-1206.598 	1063.280 	0.290 	-0.245 	0.224 	
-644.208 	-1069.688 	-1789.490 	-0.173 	-0.210 	-0.360 	
907.875 	1036.014 	-1410.851 	0.146 	0.209 	-0.291 	
1598.958 	635.795 	218.088 	0.292 	0.133 	0.037 	
359.096 	75.304 	477.056 	0.025 	0.008 	0.095 	
-1949.956 	1811.986 	1954.389 	-0.436 	0.365 	0.391 	
793.782 	-1467.145 	759.337 	0.114 	-0.297 	0.154 	
771.724 	2195.254 	1976.358 	0.123 	0.448 	0.393 	
-86.249 	1688.547 	1245.598 	-0.045 	0.342 	0.245 	
1424.545 	-610.187 	806.057 	0.261 	-0.119 	0.168 	
514.374 	-2054.801 	1937.718 	0.060 	-0.415 	0.393 	
-223.573 	1930.937 	679.938 	-0.077 	0.389 	0.146 	
1120.374 	-1937.405 	1758.502 	0.195 	-0.397 	0.352 	
384.141 	533.742 	974.256 	0.039 	0.107 	0.198 	
-800.661 	1978.631 	-2003.493 	-0.188 	0.398 	-0.404 	
569.111 	670.034 	40.818 	0.091 	0.138 	0.010 	
1524.155 	113.098 	-240.158 	0.265 	0.028 	-0.054 	
-2193.965 	772.744 	-1135.991 	-0.489 	0.157 	-0.229 	
245.713 	1511.408 	920.188 	0.009 	0.310 	0.192 	
234.169 	-687.972 	5.727 	0.015 	-0.145 	0.005 	
-169.553 	-1521.058 	-276.822 	-0.072 	-0.312 	-0.050 	
-1383.635 	-367.465 	-447.218 	-0.323 	-0.073 	-0.092 	
-594.149 	948.866 	-1993.677 	-0.147 	0.189 	-0.401 	
410.529 	729.783 	-349.736 	0.058 	0.145 	-0.064 	
-756.078 	1952.000 	600.194 	-0.180 	0.400 	0.127 	
-1326.193 	1405.636 	-1799.756 	-0.312 	0.283 	-0.370 	
92.139 	1811.731 	1491.670 	-0.019 	0.368 	0.295 	
633.756 	-2009.528 	1737.475 	0.092 	-0.401 	0.352 	
587.190 	-1669.970 	220.167 	0.089 	-0.332 	0.050 	
330.608 	-335.088 	-1575.364 	0.026 	-0.064 	-0.317 	
-1573.452 	568.861 	1827.351 	-0.359 	0.107 	0.375 	
-2113.000 	1263.473 	10.317 	-0.467 	0.244 	0.005 	
1785.078 	64.228 	-1254.782 	0.330 	0.013 	-0.245 	
-928.605 	-803.688 	-1146.967 	-0.220 	-0.155 	-0.236 	
-1449.676 	-1063.484 	-630.681 	-0.319 	-0.206 	-0.128 	
1150.759 	-1869.842 	-1158.814 	0.190 	-0.376 	-0.235 	
-1451.041 	592.874 	-1276.333 	-0.325 	0.123 	-0.248 	
-806.802 	-343.943 	-531.313 	-0.206 	-0.062 	-0.111 	
1804.042 	2102.421 	-1111.873 	0.334 	0.434 	-0.219 	
850.904 	-1346.046 	-1167.779 	0.137 	-0.267 	-0.243 	
-1370.909 	1673.551 	-1820.335 	-0.313 	0.329 	-0.373 	
-547.285 	-1000.274 	-819.575 	-0.132 	-0.203 	-0.165 	
48.625 	-315.353 	590.809 	-0.035 	-0.067 	0.118 	
38.713 	30.668 	85.942 	-0.029 	0.009 	0.015 	
800.247 	2186.844 	-175.155 	0.138 	0.445 	-0.035 	
828.933 	-1274.019 	-621.348 	0.144 	-0.257 	-0.123 	
1329.906 	883.286 	715.545 	0.232 	0.179 	0.144 	
-1654.691 	-267.479 	1157.990 	-0.370 	-0.044 	0.228 	
-519.164 	1370.415 	1236.514 	-0.138 	0.284 	0.257 	
-1392.381 	883.006 	1539.242 	-0.327 	0.179 	0.309 	
-618.647 	-412.421 	-850.793 	-0.153 	-0.076 	-0.166 	
-1322.442 	-948.359 	-745.309 	-0.293 	-0.199 	-0.151 	
-1347.808 	7.402 	198.426 	-0.305 	0.009 	0.035 	
-470.147 	-1756.669 	581.241 	-0.121 	-0.347 	0.122 	
584.031 	-246.152 	-59.335 	0.085 	-0.049 	-0.014 	
1129.426 	626.259 	1044.359 	0.204 	0.126 	0.203 	
14.792 	-219.390 	-1832.215 	-0.040 	-0.040 	-0.366 	
-29.565 	-976.828 	-857.148 	-0.036 	-0.190 	-0.174 	
967.564 	-139.752 	1784.626 	0.163 	-0.030 	0.359 	
270.270 	-551.897 	346.271 	0.012 	-0.113 	0.078 	
262.669 	-1740.837 	1897.641 	0.023 	-0.346 	0.387 	
679.071 	372.414 	888.469 	0.103 	0.078 	0.179 	
178.144 	-1622.494 	-195.764 	-0.009 	-0.328 	-0.040 	
117.607 	-1612.915 	-853.490 	-0.019 	-0.322 	-0.174 	
-1735.291 	-1583.499 	-131.557 	-0.386 	-0.312 	-0.025 	
-1754.025 	-1252.639 	-561.969 	-0.399 	-0.254 	-0.112 	
1795.590 	-1752.073 	-462.064 	0.337 	-0.358 	-0.101 	
-388.528 	-809.843 	-974.364 	-0.117 	-0.171 	-0.200 	
-429.288 	-298.819 	137.374 	-0.131 	-0.063 	0.029 	
-676.052 	1527.969 	-1072.780 	-0.167 	0.314 	-0.221 	
-851.942 	718.319 	645.619 	-0.211 	0.151 	0.125 	
-366.145 	577.031 	-1026.520 	-0.117 	0.121 	-0.206 	
-1613.728 	-1263.621 	843.674 	-0.353 	-0.251 	0.169 	
971.819 	-1406.716 	-344.225 	0.169 	-0.282 	-0.064 	
1488.468 	394.515 	1501.403 	0.258 	0.083 	0.302 	
-1686.056 	1088.327 	1408.185 	-0.369 	0.219 	0.279 	
-830.755 	502.981 	592.013 	-0.213 	0.101 	0.118 	
-1050.459 	-1532.099 	2167.321 	-0.243 	-0.300 	0.441 	
-1137.884 	-1133.159 	151.011 	-0.265 	-0.233 	0.039 	
-1254.522 	200.051 	-1505.598 	-0.285 	0.039 	-0.306 	
1699.322 	20.439 	-1597.061 	0.319 	0.001 	-0.320 	
344.425 	709.582 	1788.120 	0.041 	0.149 	0.357 	
-1162.729 	1027.619 	924.094 	-0.264 	0.203 	0.181 	
-641.946 	1048.793 	1388.733 	-0.153 	0.210 	0.280 	
-1801.235 	1567.999 	302.971 	-0.400 	0.328 	0.064 	
-508.336 	-694.889 	-853.648 	-0.132 	-0.149 	-0.163 	
-671.981 	-1577.134 	403.891 	-0.171 	-0.316 	0.091 	
2066.503 	1781.770 	-1334.439 	0.396 	0.364 	-0.271 	
147.036 	-1357.727 	-1307.996 	0.004 	-0.273 	-0.272 	
-1088.858 	-1808.314 	-1565.461 	-0.255 	-0.375 	-0.313 	
694.987 	2266.554 	-897.768 	0.101 	0.463 	-0.188 	
555.430 	-1165.662 	1627.105 	0.071 	-0.239 	0.330 	
2179.722 	-180.231 	-1327.813 	0.415 	-0.040 	-0.270 	
653.037 	-290.008 	342.605 	0.090 	-0.059 	0.068 	
489.944 	1992.970 	-1068.926 	0.059 	0.405 	-0.218 	
-1345.537 	-807.264 	-794.760 	-0.303 	-0.153 	-0.158 	
-768.407 	1823.343 	-461.199 	-0.191 	0.357 	-0.089 	
-710.863 	-385.185 	-1667.492 	-0.173 	-0.077 	-0.336 	
925.387 	-1927.198 	-884.177 	0.159 	-0.395 	-0.173 	
1336.688 	-520.359 	-30.972 	0.231 	-0.097 	0.000 	
1983.243 	26.006 	1201.431 	0.375 	0.005 	0.244 	
1069.762 	1497.350 	-2038.886 	0.193 	0.302 	-0.416 	
-1596.376 	601.300 	1318.718 	-0.346 	0.123 	0.264 	
-214.531 	0.053 	557.675 	-0.070 	0.002 	0.116 	
-632.035 	1589.962 	1375.248 	-0.166 	0.324 	0.279 	
2166.467 	1747.472 	-388.417 	0.408 	0.355 	-0.081 	
-1785.440 	232.673 	1349.376 	-0.397 	0.038 	0.270 	
-2075.069 	524.374 	-1503.280 	-0.447 	0.109 	-0.305 	
-1349.590 	-739.678 	-330.083 	-0.308 	-0.153 	-0.070 	
647.768 	634.645 	-889.085 	0.088 	0.128 	-0.185 	
1539.861 	2014.751 	-1308.038 	0.281 	0.415 	-0.271 	
-1382.229 	816.703 	-59.371 	-0.315 	0.157 	-0.016 	
334.234 	154.980 	404.679 	0.025 	0.026 	0.081 	
356.342 	-1596.589 	-815.325 	0.027 	-0.323 	-0.166 	
-1590.953 	-243.031 	-1016.368 	-0.363 	-0.049 	-0.199 	
2191.058 	1365.161 	-1290.488 	0.420 	0.281 	-0.264 	
1452.478 	321.857 	1114.675 	0.263 	0.071 	0.217 	
545.843 	1797.631 	376.728 	0.073 	0.355 	0.074 	
661.905 	-492.233 	-741.847 	0.093 	-0.104 	-0.142 	
1659.283 	1575.656 	-1379.053 	0.294 	0.321 	-0.279 	
2025.465 	483.737 	-599.608 	0.384 	0.099 	-0.120 	
-1228.527 	539.621 	-386.051 	-0.291 	0.100 	-0.073 	
-851.493 	-1749.283 	-512.153 	-0.204 	-0.343 	-0.106 	
1054.577 	2132.074 	-2009.918 	0.177 	0.436 	-0.407 	
1883.734 	755.961 	-514.578 	0.347 	0.159 	-0.104 	
-1418.176 	-1242.995 	-1218.775 	-0.326 	-0.252 	-0.239 	
-1898.582 	121.395 	1069.005 	-0.428 	0.027 	0.221 	
2077.109 	-1123.280 	1682.622 	0.395 	-0.226 	0.334 	
1597.144 	126.256 	872.565 	0.279 	0.027 	0.177 	
503.486 	1548.645 	1227.469 	0.072 	0.319 	0.249 	
-1886.200 	1716.647 	-1364.776 	-0.423 	0.345 	-0.284 	
-1816.607 	168.140 	1944.927 	-0.390 	0.034 	0.395 	
1934.392 	-1394.783 	-898.417 	0.358 	-0.291 	-0.184 	
-871.376 	821.667 	847.169 	-0.222 	0.165 	0.175 	
1073.508 	1332.322 	532.837 	0.181 	0.268 	0.112 	
1555.851 	-261.066 	758.907 	0.287 	-0.056 	0.155 	
1416.869 	658.078 	718.705 	0.246 	0.124 	0.138 	
-1476.094 	-420.348 	1814.947 	-0.326 	-0.085 	0.373 	
2047.251 	-1581.279 	965.343 	0.384 	-0.318 	0.198 	
-442.598 	1391.363 	-1882.630 	-0.132 	0.281 	-0.381 	
-1617.436 	-1637.995 	2670.466 	-0.414 	-0.367 	0.615 	
376.856 	1103.834 	50.484 	0.048 	0.221 	0.008 	
534.521 	15.696 	269.854 	0.079 	0.007 	0.061 	
814.443 	1563.406 	1928.012 	0.139 	0.324 	0.389 	
-1494.039 	237.749 	-144.742 	-0.340 	0.057 	-0.027 	
-1954.707 	600.924 	-1829.740 	-0.428 	0.124 	-0.366 	
801.044 	1001.847 	302.843 	0.136 	0.202 	0.061 	
-533.668 	-1416.419 	517.529 	-0.147 	-0.291 	0.102 	
1110.858 	-372.518 	-803.814 	0.201 	-0.078 	-0.160 	
-452.232 	-263.080 	1407.587 	-0.126 	-0.059 	0.277 	
-1625.166 	1479.381 	1972.589 	-0.359 	0.305 	0.407 	
1300.397 	-1021.823 	147.339 	0.232 	-0.204 	0.040 	
-1446.151 	-941.704 	-509.179 	-0.334 	-0.187 	-0.103 	
203.453 	1559.320 	858.825 	0.003 	0.313 	0.173 	
-663.931 	-517.395 	-1877.426 	-0.157 	-0.105 	-0.376 	
-1297.779 	90.973 	-1577.844 	-0.306 	0.024 	-0.317 	
145.958 	1091.280 	130.345 	0.001 	0.225 	0.025 	
-1116.634 	-995.145 	66.094 	-0.265 	-0.193 	0.022 	
-1688.330 	-1873.172 	2019.012 	-0.379 	-0.379 	0.418 	
515.910 	-9.956 	675.113 	0.074 	-0.004 	0.138 	
2049.314 	863.081 	-742.216 	0.377 	0.172 	-0.147 	
2095.958 	-1401.536 	1441.070 	0.395 	-0.287 	0.293 	
-2045.534 	-1051.521 	-16.554 	-0.446 	-0.205 	-0.006 	
-758.223 	316.946 	-1525.085 	-0.195 	0.065 	-0.301 	
122.224 	-147.994 	947.399 	-0.017 	-0.025 	0.195 	
1573.916 	-653.291 	-348.869 	0.272 	-0.136 	-0.070 	
301.483 	-34.782 	-1278.255 	0.032 	-0.007 	-0.259 	
2216.919 	-1780.629 	-2284.936 	0.418 	-0.358 	-0.472 	
-136.087 	-1183.728 	-432.323 	-0.058 	-0.229 	-0.095 	
-968.747 	1638.264 	1770.276 	-0.225 	0.331 	0.356 	
1449.162 	238.973 	-1558.831 	0.251 	0.048 	-0.316 	
-614.734 	1609.856 	937.326 	-0.166 	0.326 	0.185 	
-1387.871 	-482.678 	-811.086 	-0.320 	-0.094 	-0.172 	
141.586 	57.200 	477.212 	-0.012 	0.008 	0.086 	
-672.890 	-898.350 	1153.600 	-0.176 	-0.177 	0.233 	
-94.927 	1157.426 	420.733 	-0.053 	0.223 	0.089 	
508.223 	-314.453 	-1230.581 	0.058 	-0.069 	-0.244 	
-729.277 	-671.796 	1577.791 	-0.180 	-0.125 	0.320 	
2019.957 	-661.629 	-2049.850 	0.377 	-0.141 	-0.413 	
1990.335 	-66.938 	-1722.065 	0.376 	-0.015 	-0.357 	
1000.765 	52.773 	1907.322 	0.158 	0.014 	0.384 	
-400.508 	-1112.625 	-883.471 	-0.113 	-0.223 	-0.167 	
763.120 	-2080.497 	1828.651 	0.121 	-0.410 	0.369 	
-1522.095 	-805.318 	1813.617 	-0.334 	-0.163 	0.363 	
-878.266 	-224.720 	-1671.067 	-0.212 	-0.041 	-0.334 	
-94.473 	1682.374 	121.003 	-0.061 	0.344 	0.031 	
807.863 	830.560 	-1738.145 	0.130 	0.164 	-0.350 	
1191.213 	1261.474 	-1672.484 	0.211 	0.261 	-0.340 	
-2034.150 	278.106 	1191.156 	-0.443 	0.058 	0.241 	
-1255.944 	-286.226 	1547.974 	-0.289 	-0.070 	0.310 	
6.400 	1266.541 	966.293 	-0.042 	0.255 	0.202 	
-202.060 	1962.142 	1788.078 	-0.065 	0.396 	0.362 	
-1253.444 	-634.844 	1888.337 	-0.295 	-0.130 	0.379 	
1203.475 	1117.213 	-575.980 	0.202 	0.224 	-0.112 	
-34.080 	-505.186 	587.635 	-0.051 	-0.095 	0.118 	
-1281.859 	1814.386 	-1676.276 	-0.294 	0.374 	-0.335 	
1788.287 	1478.817 	208.377 	0.338 	0.300 	0.043 	
1523.096 	1781.730 	640.087 	0.285 	0.359 	0.132 	
-1769.574 	-1831.526 	-954.193 	-0.400 	-0.375 	-0.193 	
1946.984 	-1174.165 	1187.104 	0.351 	-0.245 	0.241 	
-591.619 	-314.331 	294.895 	-0.142 	-0.064 	0.057 	
-1537.743 	445.671 	824.250 	-0.355 	0.091 	0.163 	
-1754.967 	-671.208 	180.935 	-0.400 	-0.136 	0.038 	
2037.407 	1097.457 	1695.747 	0.382 	0.219 	0.336 	
2124.576 	-683.191 	-138.611 	0.396 	-0.138 	-0.033 	
525.968 	-1683.664 	-577.257 	0.084 	-0.338 	-0.116 	
-1068.958 	891.454 	-594.449 	-0.241 	0.176 	-0.123 	
-207.634 	-1586.556 	-1777.327 	-0.087 	-0.321 	-0.361 	
-2170.427 	-740.984 	1718.391 	-0.478 	-0.156 	0.340 	
-1491.527 	369.802 	1101.282 	-0.346 	0.075 	0.219 	
503.646 	-1532.322 	912.190 	0.059 	-0.312 	0.189 	
-69.508 	-1089.964 	175.031 	-0.047 	-0.211 	0.039 	
-195.642 	-211.113 	-659.410 	-0.063 	-0.041 	-0.131 	
301.632 	-838.348 	495.627 	0.017 	-0.161 	0.099 	
-1362.660 	-981.338 	64.079 	-0.306 	-0.200 	0.022 	
-1881.120 	855.676 	-315.178 	-0.427 	0.174 	-0.059 	
-1465.808 	-1452.408 	-1242.787 	-0.330 	-0.298 	-0.250 	
2078.854 	-1875.525 	524.015 	0.394 	-0.384 	0.107 	
-753.391 	1822.563 	603.125 	-0.190 	0.363 	0.130 	
-1440.037 	-585.340 	-81.300 	-0.316 	-0.128 	-0.014 	
2042.975 	-648.740 	1908.821 	0.380 	-0.135 	0.391 	
415.989 	239.663 	1401.223 	0.056 	0.043 	0.287 	
673.386 	-387.886 	-1389.166 	0.097 	-0.084 	-0.273 	
-408.190 	974.775 	50.779 	-0.121 	0.198 	0.007 	
2265.259 	1938.822 	1160.346 	0.421 	0.396 	0.230 	
-1387.251 	-772.875 	2590.360 	-0.324 	-0.162 	0.539 	
-1574.140 	426.698 	-1304.683 	-0.344 	0.084 	-0.264 	
-848.232 	-229.978 	685.893 	-0.212 	-0.040 	0.137 	
2089.889 	-934.431 	-1632.239 	0.382 	-0.188 	-0.328 	
-1108.026 	801.254 	212.345 	-0.256 	0.159 	0.041 	
-503.020 	1239.585 	108.570 	-0.139 	0.241 	0.022 	
530.397 	278.762 	1775.089 	0.078 	0.066 	0.355 	
-537.615 	-976.833 	638.261 	-0.136 	-0.200 	0.130 	
-1059.103 	1146.391 	875.317 	-0.241 	0.225 	0.182 	
922.425 	726.083 	534.394 	0.152 	0.143 	0.120 	
-185.070 	-117.779 	718.539 	-0.079 	-0.020 	0.149 	
1851.219 	-1268.956 	1447.278 	0.334 	-0.254 	0.299 	
583.609 	1724.693 	-81.900 	0.090 	0.350 	-0.012 	
-1051.471 	841.396 	1109.828 	-0.243 	0.176 	0.220 	
-1878.431 	-574.981 	-1658.968 	-0.410 	-0.110 	-0.336 	
1947.557 	932.181 	1263.738 	0.356 	0.199 	0.252 	
1201.456 	-1345.786 	-688.061 	0.218 	-0.269 	-0.140 	
-820.847 	-163.362 	1236.694 	-0.202 	-0.029 	0.239 	
-58.019 	-867.958 	1968.146 	-0.051 	-0.182 	0.388 	
-223.509 	-1605.446 	1752.816 	-0.079 	-0.333 	0.341 	
-1874.545 	1325.220 	-1383.351 	-0.408 	0.263 	-0.284 	
1515.752 	-387.611 	-275.587 	0.281 	-0.080 	-0.052 	
719.941 	908.519 	991.182 	0.113 	0.193 	0.206 	
-445.455 	-725.218 	-1079.626 	-0.124 	-0.155 	-0.211 	
-711.364 	-406.612 	564.538 	-0.187 	-0.081 	0.115 	
-1470.606 	208.704 	297.318 	-0.319 	0.041 	0.062 	
1351.108 	-232.361 	-205.727 	0.235 	-0.051 	-0.040 	
1083.862 	-889.509 	1154.746 	0.196 	-0.177 	0.237 	
-427.268 	-873.817 	1327.878 	-0.130 	-0.181 	0.266 	
-2000.422 	7.600 	1460.635 	-0.441 	0.002 	0.294 	
-1073.565 	323.370 	459.865 	-0.261 	0.067 	0.093 	
1907.619 	-1351.466 	-46.471 	0.346 	-0.282 	-0.012 	
-297.450 	431.651 	-1068.530 	-0.097 	0.079 	-0.208 	
-564.623 	742.186 	1854.075 	-0.140 	0.145 	0.376 	
1539.668 	-1276.633 	-423.505 	0.279 	-0.257 	-0.082 	
2074.078 	-242.018 	-958.727 	0.392 	-0.052 	-0.188 	
1806.521 	1705.183 	2198.846 	0.328 	0.344 	0.447 	
1600.561 	-2057.757 	-1074.327 	0.290 	-0.413 	-0.210 	
1764.319 	598.941 	633.731 	0.331 	0.119 	0.124 	
2185.054 	-1165.443 	667.057 	0.419 	-0.235 	0.136 	
310.426 	-1562.839 	1187.743 	0.031 	-0.307 	0.242 	
639.619 	194.633 	-1489.858 	0.105 	0.040 	-0.302 	
1919.563 	1334.450 	964.515 	0.347 	0.272 	0.201 	
-530.680 	-391.150 	13.423 	-0.150 	-0.081 	0.006 	
-1333.118 	107.170 	-1422.265 	-0.307 	0.015 	-0.295 	
329.859 	962.774 	683.097 	0.026 	0.198 	0.147 	
-1306.213 	78.885 	1411.750 	-0.298 	0.027 	0.284 	
-675.175 	-682.033 	1826.972 	-0.174 	-0.150 	0.364 	
-1931.751 	981.417 	545.393 	-0.432 	0.203 	0.112 	
-1989.675 	981.199 	1668.185 	-0.427 	0.196 	0.341 	
-620.861 	-287.729 	1460.155 	-0.161 	-0.052 	0.289 	
2087.542 	-1386.258 	-1640.291 	0.383 	-0.280 	-0.341 	
308.541 	-2011.173 	2027.501 	0.019 	-0.410 	0.410 	
-997.262 	1065.893 	379.067 	-0.231 	0.215 	0.075 	
-1814.845 	730.699 	1520.192 	-0.391 	0.146 	0.310 	
-1406.800 	-19.230 	1190.822 	-0.306 	-0.001 	0.240 	
148.534 	941.769 	1220.334 	-0.014 	0.184 	0.247 	
479.135 	-612.393 	-208.867 	0.071 	-0.123 	-0.040 	
517.990 	285.751 	296.244 	0.066 	0.047 	0.059 	
-575.706 	-1492.707 	708.063 	-0.142 	-0.308 	0.140 	
635.920 	-383.352 	640.905 	0.096 	-0.078 	0.122 	
1433.861 	545.069 	1115.757 	0.264 	0.113 	0.217 	
903.188 	212.130 	-1164.652 	0.143 	0.044 	-0.235 	
467.949 	109.551 	-613.742 	0.059 	0.026 	-0.126 	
-2071.224 	-1512.305 	2066.235 	-0.460 	-0.308 	0.425 	
-1268.827 	1869.515 	1201.895 	-0.293 	0.374 	0.249 	
-704.253 	-1758.771 	1466.603 	-0.173 	-0.352 	0.295 	
-316.352 	-417.985 	1386.884 	-0.099 	-0.093 	0.272 	
-505.672 	-362.395 	-467.909 	-0.147 	-0.076 	-0.099 	
2286.448 	730.959 	2028.028 	0.435 	0.151 	0.410 	
-454.325 	-1796.249 	-1778.672 	-0.116 	-0.363 	-0.361 	
935.109 	2085.905 	-274.419 	0.156 	0.429 	-0.060 	
648.826 	2143.336 	-2006.465 	0.105 	0.437 	-0.402 	
-249.174 	1402.583 	797.639 	-0.082 	0.287 	0.163 	
-710.252 	1310.145 	-189.210 	-0.178 	0.262 	-0.047 	
328.866 	823.655 	-2270.837 	0.033 	0.163 	-0.469 	
-791.326 	254.796 	-595.357 	-0.186 	0.054 	-0.117 	
34.715 	163.728 	-1295.238 	-0.022 	0.033 	-0.268 	
1603.649 	1235.709 	-585.354 	0.301 	0.248 	-0.119 	
-1864.181 	1291.997 	-1291.282 	-0.414 	0.265 	-0.270 	
1930.938 	1868.495 	1162.388 	0.369 	0.377 	0.237 	
-1346.552 	1281.740 	1335.080 	-0.312 	0.256 	0.278 	
729.770 	697.578 	1471.656 	0.105 	0.133 	0.297 	
-2125.261 	1300.103 	-1152.537 	-0.470 	0.268 	-0.237 	
-1139.174 	1851.134 	-668.916 	-0.258 	0.372 	-0.129 	
-1188.245 	835.912 	615.575 	-0.266 	0.165 	0.132 	
-144.388 	-678.319 	1017.980 	-0.073 	-0.131 	0.193 	
44.598 	-825.610 	-1764.251 	-0.025 	-0.156 	-0.356 	
-1919.946 	-593.639 	-992.934 	-0.414 	-0.122 	-0.207 	
1394.399 	216.269 	-302.186 	0.252 	0.046 	-0.049 	
1547.857 	-20.320 	-213.930 	0.276 	-0.009 	-0.032 	
-786.687 	-374.099 	1765.939 	-0.198 	-0.079 	0.352 	
1823.889 	-1222.447 	-1161.784 	0.339 	-0.241 	-0.241 	
737.353 	-241.069 	990.461 	0.110 	-0.045 	0.199 	
2175.988 	-1896.770 	-1143.320 	0.414 	-0.378 	-0.238 	
704.714 	-1396.535 	207.701 	0.109 	-0.280 	0.035 	
-488.543 	-1781.606 	104.856 	-0.136 	-0.361 	0.021 	
616.987 	1725.655 	-245.333 	0.098 	0.338 	-0.049 	
1236.276 	-353.058 	-389.203 	0.213 	-0.062 	-0.075 	
-729.225 	-272.283 	82.933 	-0.176 	-0.061 	0.021 	
-213.573 	1297.130 	-325.342 	-0.087 	0.265 	-0.065 	
1216.480 	-1537.311 	-1982.445 	0.221 	-0.316 	-0.409 	
-1617.728 	1436.732 	503.519 	-0.366 	0.290 	0.113 	
-309.695 	-906.490 	1348.843 	-0.103 	-0.178 	0.263 	
942.585 	1136.389 	-59.683 	0.146 	0.230 	-0.015 	
1421.922 	1810.142 	-1624.097 	0.252 	0.371 	-0.326 	
-1747.120 	326.855 	29.289 	-0.390 	0.057 	0.011 	
1409.126 	1061.232 	311.809 	0.250 	0.208 	0.070 	
-2071.833 	1995.275 	2041.949 	-0.460 	0.399 	0.418 	
374.135 	341.206 	766.446 	0.048 	0.068 	0.147 	
1172.636 	-512.661 	-213.310 	0.198 	-0.109 	-0.038 	
1825.589 	1069.690 	1591.033 	0.328 	0.217 	0.321 	
-235.910 	-254.328 	-245.096 	-0.089 	-0.057 	-0.040 	
1863.907 	-1539.318 	-1533.603 	0.352 	-0.310 	-0.311 	
1526.918 	-52.637 	-770.121 	0.276 	-0.009 	-0.158 	
-1730.851 	-1748.892 	-277.797 	-0.385 	-0.353 	-0.046 	
-1532.679 	1804.446 	1854.257 	-0.348 	0.375 	0.370 	
1243.967 	-2179.072 	1373.628 	0.217 	-0.452 	0.277 	
1366.816 	-1372.297 	-233.881 	0.240 	-0.276 	-0.039 	
2164.213 	-1880.912 	1860.399 	0.414 	-0.381 	0.375 	
-816.535 	-363.759 	-787.290 	-0.198 	-0.070 	-0.155 	
2329.547 	1850.024 	1199.060 	0.449 	0.379 	0.238 	
1137.741 	927.956 	-863.862 	0.186 	0.187 	-0.177 	
70.460 	1600.021 	-591.506 	-0.016 	0.328 	-0.116 	
-2146.824 	412.365 	-809.206 	-0.476 	0.083 	-0.157 	
-2415.715 	1836.244 	3036.365 	-0.522 	0.378 	0.617 	
786.785 	-392.409 	1646.829 	0.135 	-0.078 	0.329 	
-981.445 	-439.262 	-579.441 	-0.242 	-0.086 	-0.113 	
-1945.651 	782.386 	1601.998 	-0.418 	0.160 	0.322 	
-886.978 	981.092 	-1100.708 	-0.212 	0.198 	-0.233 	
-6.806 	246.208 	-364.432 	-0.026 	0.045 	-0.074 	
-1780.258 	-283.172 	-948.132 	-0.400 	-0.054 	-0.191 	
100.406 	-571.743 	-313.695 	-0.015 	-0.122 	-0.066 	
2170.945 	-243.776 	-135.577 	0.407 	-0.049 	-0.035 	
-362.173 	548.284 	352.541 	-0.115 	0.108 	0.082 	
935.336 	-1561.743 	-186.247 	0.144 	-0.314 	-0.042 	
1436.795 	-1827.901 	-840.183 	0.260 	-0.366 	-0.178 	
-1065.151 	-1221.913 	820.122 	-0.241 	-0.249 	0.164 	
-366.083 	1240.619 	1590.533 	-0.109 	0.245 	0.319 	
1126.766 	2019.549 	1356.103 	0.194 	0.418 	0.274 	
-2165.325 	1033.649 	-235.755 	-0.474 	0.218 	-0.051 	
-158.615 	56.262 	-1416.622 	-0.069 	0.005 	-0.283 	
-946.262 	711.333 	-1887.891 	-0.222 	0.136 	-0.376 	
-1767.919 	-556.181 	267.400 	-0.397 	-0.119 	0.054 	
952.350 	737.450 	734.596 	0.160 	0.152 	0.140 	
493.743 	-414.047 	-1563.397 	0.058 	-0.088 	-0.313 	
417.385 	1484.005 	752.791 	0.053 	0.296 	0.150 	
106.830 	560.007 	1071.954 	-0.015 	0.120 	0.212 	
-827.666 	-1305.458 	1359.343 	-0.200 	-0.261 	0.278 	
43.895 	-247.698 	-707.927 	-0.030 	-0.051 	-0.137 	
-480.619 	1957.954 	1204.479 	-0.139 	0.388 	0.248 	
-1068.464 	458.524 	-148.371 	-0.245 	0.087 	-0.021 	
-1757.797 	-1095.707 	180.919 	-0.400 	-0.219 	0.036 	
1444.589 	-768.111 	-2103.940 	0.264 	-0.155 	-0.430 	
-1687.237 	2328.439 	-1022.580 	-0.381 	0.481 	-0.204 	
-787.297 	920.870 	-1929.488 	-0.183 	0.188 	-0.390 	
1503.321 	-927.330 	-326.694 	0.268 	-0.179 	-0.062 	
253.923 	402.557 	-350.646 	0.013 	0.086 	-0.071 	
-516.974 	1694.722 	-820.977 	-0.144 	0.342 	-0.165 	
-418.856 	228.769 	1380.113 	-0.123 	0.052 	0.273 	
-1482.006 	-1514.062 	1836.158 	-0.344 	-0.302 	0.372 	
1010.705 	1415.248 	1299.407 	0.175 	0.276 	0.262 	
285.483 	1296.758 	1714.475 	0.030 	0.260 	0.351 	
765.133 	923.087 	-1115.434 	0.115 	0.177 	-0.225 	
1312.097 	1082.037 	-1837.063 	0.233 	0.218 	-0.377 	
202.947 	-786.207 	-1587.831 	0.005 	-0.168 	-0.320 	
-1482.519 	1049.222 	-716.959 	-0.343 	0.206 	-0.142 	
1044.526 	82.080 	-15.724 	0.180 	0.018 	0.001 	
-1627.202 	1664.263 	104.785 	-0.377 	0.333 	0.030 	
-767.463 	-1565.075 	-669.037 	-0.190 	-0.313 	-0.139 	
452.016 	-1008.307 	-1595.723 	0.046 	-0.206 	-0.323 	
-362.868 	-530.597 	1266.590 	-0.117 	-0.106 	0.257 	
-96.905 	-1884.441 	851.789 	-0.051 	-0.383 	0.178 	
1362.639 	981.309 	-1400.790 	0.252 	0.196 	-0.283 	
214.253 	1158.347 	-1091.420 	0.010 	0.239 	-0.228 	
60.049 	1443.655 	-1227.158 	-0.030 	0.289 	-0.244 	
-1048.897 	1447.611 	-843.354 	-0.239 	0.295 	-0.170 	
-2088.878 	-778.386 	241.838 	-0.460 	-0.162 	0.056 	
-1267.509 	-593.894 	-1098.387 	-0.279 	-0.123 	-0.220 	
2295.876 	-1303.747 	1921.592 	0.432 	-0.263 	0.384 	
-1985.040 	933.609 	-342.695 	-0.440 	0.194 	-0.067 	
-183.709 	-710.213 	992.284 	-0.085 	-0.132 	0.209 	
-530.812 	-703.086 	-1452.134 	-0.134 	-0.143 	-0.284 	
-844.642 	-1923.827 	1780.680 	-0.208 	-0.387 	0.357 	
-169.957 	-707.868 	1018.551 	-0.074 	-0.146 	0.205 	
187.448 	-1891.695 	432.483 	0.009 	-0.387 	0.088 	
-573.026 	-279.376 	123.655 	-0.162 	-0.061 	0.027 	
-672.829 	-654.166 	-714.855 	-0.173 	-0.136 	-0.138 	
-506.799 	-849.328 	1109.234 	-0.093 	-0.137 	0.164 	
789.729 	-1718.470 	1068.429 	0.131 	-0.355 	0.214 	
-1171.051 	-342.824 	1078.784 	-0.261 	-0.075 	0.217 	
1949.587 	1004.374 	-1607.287 	0.372 	0.205 	-0.327 	
-265.264 	1092.156 	1896.579 	-0.090 	0.214 	0.377 	
697.726 	1608.728 	1276.968 	0.117 	0.322 	0.257 	
1299.491 	1372.111 	858.300 	0.238 	0.281 	0.175 	
1071.643 	-1175.191 	391.993 	0.183 	-0.230 	0.082 	
-768.199 	-334.376 	-1364.297 	-0.195 	-0.061 	-0.267 	
-1148.728 	1255.652 	724.995 	-0.257 	0.253 	0.152 	
276.070 	-740.329 	1239.649 	0.014 	-0.152 	0.251 	
678.493 	-1412.534 	1029.800 	0.102 	-0.295 	0.211 	
-566.837 	-1406.023 	129.160 	-0.155 	-0.272 	0.026 	
304.684 	-1238.036 	-244.443 	0.020 	-0.252 	-0.056 	
-99.040 	-1256.561 	-568.733 	-0.065 	-0.249 	-0.112 	
1706.930 	-290.468 	-1648.386 	0.312 	-0.058 	-0.331 	
901.849 	432.680 	1950.213 	0.138 	0.090 	0.396 	
-1413.610 	927.636 	1263.073 	-0.318 	0.190 	0.262 	
2150.397 	-1158.610 	1931.507 	0.410 	-0.231 	0.399 	
-1334.654 	691.097 	312.892 	-0.297 	0.141 	0.058 	
178.872 	304.969 	1745.270 	0.002 	0.071 	0.348 	
-2104.263 	943.160 	1316.146 	-0.461 	0.201 	0.266 	
-711.743 	-1305.152 	385.623 	-0.182 	-0.272 	0.078 	
1055.912 	-212.045 	-1103.317 	0.185 	-0.037 	-0.226 	
-699.941 	-1858.302 	2124.733 	-0.176 	-0.378 	0.440 	
-1627.549 	1660.723 	133.125 	-0.369 	0.339 	0.018 	
445.834 	-1984.901 	-1817.967 	0.055 	-0.397 	-0.365 	
-2107.248 	-514.405 	-1944.387 	-0.452 	-0.106 	-0.393 	
-961.398 	4.922 	-1225.376 	-0.238 	-0.001 	-0.247 	
50.008 	114.743 	-188.166 	-0.019 	0.019 	-0.038 	
-2097.130 	-518.146 	2034.753 	-0.461 	-0.112 	0.415 	
-675.664 	-71.620 	-147.687 	-0.169 	-0.023 	-0.017 	
1918.843 	-1029.103 	1195.458 	0.357 	-0.215 	0.250 	
-1879.809 	-1518.545 	-1582.586 	-0.419 	-0.305 	-0.316 	
-1796.364 	552.087 	-17.117 	-0.385 	0.108 	-0.003 	
399.798 	648.090 	-1933.135 	0.053 	0.137 	-0.394 	
-1307.191 	496.841 	912.569 	-0.291 	0.092 	0.188 	
2044.647 	-1911.689 	1390.939 	0.374 	-0.394 	0.283 	
-582.842 	1172.001 	-1346.147 	-0.143 	0.230 	-0.273 	
-2109.103 	170.225 	1106.277 	-0.461 	0.033 	0.227 	
891.884 	-1542.564 	1714.974 	0.142 	-0.311 	0.352 	
-2067.337 	1435.919 	-186.517 	-0.452 	0.290 	-0.043 	
-1947.976 	864.327 	679.739 	-0.420 	0.170 	0.146 	
362.973 	-1474.642 	403.049 	0.048 	-0.303 	0.081 	
-705.474 	-1505.915 	922.953 	-0.175 	-0.313 	0.192 	
473.123 	-1091.994 	-1824.000 	0.071 	-0.226 	-0.364 	
-1654.435 	-1029.057 	909.391 	-0.365 	-0.202 	0.183 	
-2054.679 	-792.482 	-1012.159 	-0.458 	-0.164 	-0.209 	
1184.869 	-1862.908 	-1760.440 	0.210 	-0.386 	-0.353 	
-1866.526 	-1275.986 	-1496.293 	-0.413 	-0.260 	-0.313 	
535.534 	-605.141 	-139.483 	0.073 	-0.120 	-0.025 	
1041.586 	1821.990 	935.002 	0.173 	0.371 	0.184 	
1720.305 	473.820 	1114.170 	0.306 	0.095 	0.230 	
924.924 	-1051.357 	-1252.220 	0.158 	-0.221 	-0.247 	
2159.845 	-1850.649 	1584.008 	0.399 	-0.376 	0.327 	
-1908.299 	-912.360 	-344.262 	-0.424 	-0.184 	-0.072 	
-1114.311 	1887.006 	897.256 	-0.267 	0.379 	0.190 	
-592.182 	1186.691 	1703.336 	-0.157 	0.231 	0.349 	
1200.625 	327.294 	1521.698 	0.210 	0.068 	0.309 	
-268.634 	-1605.463 	1709.209 	-0.093 	-0.317 	0.342 	
-1559.139 	1067.898 	748.532 	-0.345 	0.222 	0.149 	
1319.575 	1611.494 	144.332 	0.236 	0.330 	0.033 	
-1069.435 	-786.060 	-805.792 	-0.243 	-0.165 	-0.164 	
-189.817 	-1295.275 	1675.013 	-0.075 	-0.271 	0.333 	
1613.642 	267.195 	257.276 	0.291 	0.049 	0.062 	
-1931.277 	-1995.798 	1281.260 	-0.418 	-0.409 	0.258 	
-703.337 	-680.408 	-540.062 	-0.168 	-0.127 	-0.112 	
1539.959 	-1554.919 	427.914 	0.278 	-0.310 	0.093 	
-202.983 	1042.626 	549.539 	-0.081 	0.201 	0.109 	
-419.188 	-849.758 	-199.794 	-0.124 	-0.163 	-0.044 	
1054.004 	107.281 	-1106.588 	0.176 	0.023 	-0.216 	
-1661.926 	1749.839 	1229.737 	-0.377 	0.358 	0.240 	
2026.709 	-1707.505 	223.127 	0.382 	-0.348 	0.052 	
1750.607 	-69.928 	1313.837 	0.327 	-0.015 	0.268 	
501.997 	1709.948 	-21.346 	0.061 	0.353 	-0.007 	
332.993 	484.252 	1104.326 	0.043 	0.091 	0.217 	
-2114.179 	1367.275 	1778.843 	-0.470 	0.272 	0.361 	
-1583.338 	-537.005 	729.284 	-0.345 	-0.115 	0.149 	
1790.722 	343.285 	-455.647 	0.320 	0.067 	-0.096 	
-1106.815 	-373.901 	-1616.140 	-0.248 	-0.075 	-0.323 	
