## Las primeras 500 lineas corresponden a la esfera 1 
##las siguienets 500 lineas a la esfera 2
## Las primeras tres columnas corresponden a la posición en 'x', 'y' y 'z', las siguientes tres a las velocidades
-94.258 	-122.907 	16.435 	-0.080 	-0.098 	0.022 	
26.890 	-62.078 	62.436 	0.037 	-0.121 	0.010 	
58.121 	-67.810 	35.263 	-0.003 	-0.100 	0.052 	
-1610.915 	1926.163 	-305.129 	-0.336 	0.400 	-0.072 	
-16.002 	-9.409 	34.207 	0.103 	-0.157 	-0.081 	
-11.904 	-49.038 	52.772 	0.084 	-0.067 	-0.026 	
52.086 	-87.179 	94.709 	-0.024 	-0.034 	-0.014 	
-40.979 	-43.992 	-3.538 	0.013 	-0.111 	0.078 	
108.748 	-51.714 	24.484 	0.060 	-0.017 	-0.006 	
-52.807 	-75.196 	14.873 	-0.048 	0.030 	-0.000 	
-320.709 	1728.332 	-930.038 	-0.072 	0.380 	-0.203 	
45.527 	-53.490 	40.889 	-0.018 	-0.009 	0.128 	
1226.215 	-1629.052 	1154.650 	0.266 	-0.350 	0.251 	
56.424 	-132.414 	40.028 	-0.060 	0.031 	0.021 	
-42.405 	-8.125 	50.055 	0.082 	-0.033 	0.040 	
125.117 	3.233 	-4.589 	0.076 	0.038 	-0.070 	
-44.407 	-23.236 	-15.781 	0.100 	0.046 	-0.012 	
22.204 	0.028 	151.436 	-0.134 	0.114 	0.008 	
59.401 	-55.185 	18.839 	-0.047 	0.004 	-0.019 	
31.507 	-3.630 	64.684 	0.082 	-0.152 	-0.079 	
56.259 	54.725 	42.326 	0.086 	-0.032 	-0.077 	
-22.419 	51.863 	108.991 	0.109 	0.007 	-0.005 	
54.546 	-43.868 	44.622 	-0.032 	0.158 	-0.119 	
28.095 	-78.208 	81.341 	0.155 	-0.102 	0.123 	
58.825 	-35.758 	31.365 	-0.189 	-0.010 	0.118 	
-7.013 	-60.318 	53.242 	-0.205 	-0.140 	0.148 	
26.849 	-57.983 	39.082 	-0.123 	-0.107 	0.019 	
87.523 	-15.452 	49.851 	-0.024 	-0.180 	0.002 	
-192.638 	-47.866 	-20.003 	-0.051 	-0.012 	0.074 	
96.481 	-26.656 	86.982 	0.132 	0.088 	-0.049 	
-177.454 	128.341 	27.268 	-0.038 	-0.020 	0.018 	
37.835 	-52.253 	40.258 	0.028 	-0.039 	-0.198 	
68.866 	-64.239 	31.086 	0.087 	0.168 	-0.055 	
39.321 	-55.197 	23.835 	-0.132 	0.035 	-0.041 	
95.462 	-82.107 	61.599 	-0.063 	-0.107 	-0.049 	
35.484 	-23.486 	47.024 	0.107 	-0.054 	-0.008 	
14.027 	-211.587 	188.525 	-0.062 	-0.009 	-0.030 	
-80.671 	-68.907 	55.408 	0.112 	-0.011 	0.030 	
-195.779 	-67.216 	110.676 	0.011 	-0.001 	-0.006 	
32.287 	-35.106 	29.720 	-0.047 	-0.017 	-0.022 	
26.332 	-17.218 	15.435 	0.041 	-0.088 	0.078 	
41.425 	-60.875 	55.105 	0.038 	0.002 	-0.025 	
-15.653 	-57.973 	21.148 	-0.155 	-0.154 	0.036 	
1.936 	-68.597 	8.572 	0.098 	0.148 	0.058 	
69.793 	-115.581 	51.898 	0.017 	0.109 	-0.068 	
63.910 	-46.011 	53.590 	0.045 	-0.072 	-0.158 	
-116.791 	-107.865 	53.829 	0.045 	-0.007 	0.065 	
-4.352 	-34.859 	52.368 	0.039 	0.008 	0.081 	
81.979 	-138.507 	27.156 	0.076 	0.080 	0.059 	
44.789 	-46.090 	38.458 	-0.030 	-0.072 	0.200 	
178.915 	179.355 	209.871 	-0.017 	0.009 	0.003 	
83.395 	-28.911 	18.167 	0.136 	0.124 	0.091 	
100.425 	-66.599 	49.343 	-0.042 	-0.121 	0.108 	
76.929 	-51.206 	31.105 	-0.040 	-0.191 	-0.108 	
43.510 	-34.606 	49.791 	-0.047 	-0.104 	0.108 	
26.168 	-63.389 	52.593 	0.044 	-0.090 	0.172 	
45.313 	-163.376 	-25.386 	0.067 	-0.020 	0.041 	
-67.679 	-159.835 	45.222 	-0.024 	0.034 	0.039 	
160.043 	-228.232 	0.535 	0.020 	-0.040 	-0.018 	
77.428 	-36.201 	41.721 	-0.014 	0.037 	0.214 	
-37.085 	-57.997 	19.996 	-0.178 	0.051 	-0.044 	
88.061 	-44.455 	73.329 	-0.099 	0.079 	0.111 	
-64.385 	-116.843 	6.042 	-0.138 	-0.120 	-0.034 	
38.004 	-20.190 	46.054 	0.106 	-0.278 	0.004 	
21.011 	-118.748 	33.633 	0.018 	0.214 	0.017 	
21.714 	-49.203 	62.834 	-0.048 	0.120 	0.102 	
-789.517 	-1388.139 	-1128.474 	-0.179 	-0.290 	-0.237 	
56.649 	-147.366 	124.967 	-0.020 	-0.105 	0.102 	
73.137 	-45.735 	19.400 	-0.121 	-0.071 	0.060 	
-11.210 	-80.306 	-52.694 	-0.027 	0.046 	-0.034 	
16.901 	-67.037 	73.517 	-0.061 	0.068 	0.027 	
7.769 	-35.804 	54.866 	0.009 	-0.049 	-0.000 	
124.609 	-186.227 	-62.333 	0.008 	0.004 	-0.028 	
47.695 	-17.201 	19.823 	0.093 	-0.079 	-0.035 	
35.363 	-23.962 	34.587 	-0.067 	0.048 	0.031 	
-55.359 	-67.550 	-13.749 	0.036 	-0.048 	-0.176 	
-85.556 	1.183 	98.391 	0.035 	-0.078 	0.012 	
661.680 	999.676 	1757.365 	0.135 	0.198 	0.351 	
2.363 	-110.730 	70.552 	0.062 	-0.060 	-0.017 	
52.824 	-40.325 	65.263 	-0.067 	0.019 	-0.031 	
-65.962 	-32.922 	102.831 	-0.090 	-0.018 	0.142 	
-104.124 	-123.927 	19.584 	-0.017 	-0.004 	0.056 	
-46.104 	58.690 	130.127 	0.051 	-0.023 	0.015 	
-87.786 	-351.694 	538.336 	-0.002 	-0.031 	0.066 	
117.801 	-104.087 	72.490 	0.030 	0.020 	-0.047 	
263.812 	-46.617 	105.406 	0.031 	-0.003 	-0.025 	
15.578 	-34.915 	-6.194 	0.019 	0.030 	0.234 	
-63.540 	-76.425 	4.344 	-0.004 	-0.073 	0.002 	
19.108 	-42.774 	46.078 	0.071 	-0.106 	0.086 	
64.197 	-73.512 	3.398 	0.117 	-0.054 	0.086 	
105.093 	-73.116 	79.947 	-0.015 	-0.047 	0.144 	
-43.499 	-62.794 	-137.654 	-0.097 	0.019 	0.017 	
57.343 	-36.549 	66.125 	0.099 	0.034 	0.180 	
-71.422 	34.326 	-66.313 	-0.082 	-0.104 	0.008 	
-9.662 	-73.300 	95.372 	-0.045 	0.019 	0.062 	
107.174 	-214.907 	14.605 	-0.017 	-0.073 	-0.023 	
61.774 	-46.116 	32.242 	-0.135 	-0.051 	0.059 	
2889.917 	-3105.693 	-8.639 	0.612 	-0.667 	0.004 	
4197.639 	-3859.838 	-8028.243 	0.871 	-0.795 	-1.651 	
36.890 	-14.411 	54.990 	-0.071 	0.096 	0.070 	
59.733 	-69.373 	73.922 	0.032 	-0.061 	-0.064 	
-51.316 	-71.514 	-37.344 	-0.040 	-0.061 	-0.069 	
12.426 	-84.120 	14.290 	0.006 	-0.010 	-0.064 	
68.885 	-21.480 	23.019 	0.026 	-0.105 	0.036 	
3720.618 	-2617.107 	2234.830 	0.754 	-0.523 	0.450 	
-3596.131 	4739.661 	8541.221 	-0.730 	0.971 	1.752 	
2228.670 	-63.823 	185.391 	0.617 	-0.008 	0.048 	
-652.885 	554.637 	236.906 	-0.690 	0.599 	0.251 	
36.761 	-38.734 	-10.060 	0.002 	-0.137 	0.016 	
528.584 	-127.786 	230.707 	0.057 	0.030 	0.031 	
41.658 	-28.319 	35.244 	-0.085 	-0.023 	0.001 	
57.600 	-33.128 	22.526 	0.177 	0.084 	-0.055 	
-1310.262 	-452.571 	106.045 	-0.439 	-0.104 	0.022 	
243.929 	33.564 	-64.895 	0.032 	0.048 	-0.020 	
68.210 	-59.827 	50.841 	0.171 	0.090 	-0.062 	
69.552 	-33.804 	16.286 	-0.082 	0.023 	-0.007 	
58.848 	-46.276 	87.500 	0.046 	0.100 	0.105 	
202.147 	-361.590 	38.560 	0.056 	0.021 	-0.020 	
-46.931 	-115.101 	7.652 	0.038 	-0.061 	0.164 	
-90.403 	-35.565 	65.103 	0.012 	-0.025 	0.053 	
-113.751 	-119.638 	-156.374 	-0.079 	-0.000 	0.038 	
-69.918 	-174.127 	46.252 	0.041 	0.002 	0.084 	
82.623 	-27.853 	129.227 	-0.025 	-0.074 	0.007 	
-9.347 	-57.932 	26.025 	0.013 	0.119 	0.071 	
395.222 	84.211 	77.821 	0.032 	-0.018 	-0.003 	
33.006 	-19.681 	49.623 	-0.198 	0.081 	0.074 	
44.851 	-39.610 	33.359 	-0.043 	-0.103 	0.002 	
-63.846 	-17.637 	94.134 	-0.055 	0.009 	0.026 	
93.348 	-55.575 	72.611 	0.095 	-0.069 	-0.058 	
29.762 	-6.597 	57.293 	0.204 	0.034 	0.025 	
62.401 	2.936 	24.750 	0.034 	0.008 	0.036 	
-5.030 	-47.462 	33.445 	0.143 	0.045 	-0.068 	
-41.422 	-46.347 	108.401 	0.033 	-0.031 	-0.077 	
70.952 	39.240 	-9.255 	0.314 	0.686 	-0.284 	
39.690 	-27.828 	35.559 	0.004 	0.080 	-0.015 	
59.537 	-50.370 	69.390 	-0.001 	-0.094 	0.248 	
48.997 	-20.678 	38.892 	0.066 	-0.032 	0.140 	
-147.983 	-195.082 	113.294 	-0.078 	-0.148 	0.022 	
-20957.658 	-6205.797 	-12460.040 	-5.694 	-1.675 	-3.368 	
-2825.806 	2405.719 	-1444.591 	-0.556 	0.480 	-0.285 	
27.750 	-14.105 	-19.085 	0.030 	0.070 	-0.073 	
-1099.414 	-213.975 	702.846 	-0.291 	-0.060 	0.174 	
770.802 	72.771 	-112.179 	0.197 	0.017 	-0.065 	
-52.395 	-93.170 	-17.539 	0.033 	-0.086 	0.103 	
101.661 	-50.884 	42.984 	-0.116 	0.028 	-0.044 	
61.278 	10.177 	15.789 	0.122 	0.029 	0.040 	
-63.881 	22.785 	63.060 	-0.064 	-0.059 	0.086 	
-96.836 	-60.513 	80.094 	-0.112 	0.030 	0.062 	
23.772 	9.740 	115.623 	-0.127 	-0.013 	-0.040 	
105.345 	-52.390 	43.234 	-0.096 	0.068 	-0.057 	
41.574 	-71.191 	-23.193 	-0.005 	0.080 	-0.002 	
-41.065 	-76.598 	0.470 	-0.125 	-0.129 	-0.073 	
44.356 	-35.087 	-3.060 	0.017 	0.059 	0.044 	
60.906 	-17.207 	55.190 	-0.016 	-0.089 	0.078 	
66.634 	0.052 	34.222 	0.002 	-0.093 	-0.013 	
-88.465 	-66.217 	11.326 	-0.007 	-0.080 	-0.033 	
86.550 	-51.701 	22.919 	-0.139 	-0.042 	0.059 	
35.286 	-62.946 	49.047 	0.002 	0.029 	-0.005 	
532.444 	339.568 	-505.739 	0.107 	0.097 	-0.121 	
22.883 	-68.965 	44.967 	0.167 	-0.095 	-0.086 	
-42.991 	-124.146 	-13.456 	-0.002 	0.073 	-0.000 	
-99.637 	-101.483 	154.580 	-0.121 	0.035 	-0.023 	
-137.028 	145.557 	223.996 	-0.056 	0.003 	0.037 	
70.141 	-50.026 	61.332 	0.040 	-0.142 	-0.017 	
-62.366 	-2.830 	75.201 	-0.081 	-0.096 	0.100 	
-75.070 	-43.782 	-29.794 	0.036 	0.005 	-0.024 	
52.440 	1.776 	74.672 	0.063 	0.000 	0.034 	
76.230 	-6.951 	5.219 	0.144 	0.043 	-0.075 	
-72.458 	-101.147 	64.275 	-0.071 	0.086 	-0.025 	
85.108 	-27.330 	41.864 	0.079 	0.188 	-0.039 	
141.522 	59.109 	34.195 	-0.101 	-0.072 	0.085 	
500.328 	-8172.653 	-4709.573 	0.817 	-15.883 	-9.238 	
-56.728 	-99.279 	77.852 	0.068 	0.013 	-0.039 	
-23.761 	-9.129 	30.977 	0.024 	-0.031 	-0.134 	
49.985 	-30.987 	14.497 	0.087 	-0.080 	-0.149 	
216.506 	-18.691 	27.393 	0.011 	-0.067 	-0.035 	
29.374 	-53.135 	55.559 	0.041 	-0.004 	0.020 	
38.582 	-47.455 	84.486 	0.065 	0.183 	0.114 	
219.051 	9.319 	-259.972 	-0.003 	-0.026 	0.004 	
139.800 	-93.588 	4.134 	0.043 	-0.095 	-0.044 	
-71.230 	-29.113 	118.597 	0.076 	-0.023 	-0.014 	
-76.678 	-46.456 	151.928 	0.016 	-0.017 	-0.022 	
54.915 	-70.313 	32.471 	-0.027 	-0.018 	-0.037 	
-62.491 	-135.749 	109.229 	-0.112 	0.001 	-0.029 	
-62.182 	-50.553 	110.213 	-0.014 	0.027 	-0.154 	
72.559 	-38.824 	25.189 	-0.071 	0.081 	0.066 	
126.866 	33.715 	65.627 	0.032 	-0.113 	-0.152 	
-428.195 	309.046 	679.105 	-0.206 	0.104 	0.215 	
-62.561 	-31.626 	11.467 	0.062 	-0.135 	0.055 	
296.461 	26.710 	34.290 	-0.028 	-0.034 	-0.044 	
26.792 	-42.806 	104.659 	0.177 	0.065 	0.019 	
20.352 	-67.515 	25.759 	-0.027 	-0.034 	0.024 	
4.204 	-94.147 	49.476 	-0.338 	-0.587 	0.283 	
-55.561 	-68.815 	57.158 	-0.091 	-0.149 	0.035 	
-131.852 	-71.185 	21.725 	-0.094 	-0.036 	-0.014 	
27.161 	-35.717 	47.169 	-0.171 	-0.070 	0.039 	
3390.152 	384.321 	671.937 	0.887 	0.117 	0.177 	
25.271 	-25.558 	73.605 	0.028 	0.059 	-0.023 	
41.014 	-82.065 	19.839 	0.144 	-0.126 	-0.074 	
82.048 	-37.172 	16.376 	-0.002 	-0.004 	0.186 	
80.742 	-62.873 	73.743 	0.090 	-0.042 	-0.082 	
-99.714 	-33.070 	87.239 	0.074 	-0.106 	-0.015 	
65.395 	23.833 	102.818 	0.078 	-0.086 	-0.101 	
78.782 	-28.974 	21.897 	-0.089 	-0.107 	-0.027 	
182.051 	-267.872 	547.655 	0.011 	-0.056 	0.105 	
-11.155 	-66.332 	2.219 	-0.212 	0.041 	-0.074 	
51.180 	-25.048 	49.728 	0.016 	0.011 	-0.279 	
707.158 	-778.673 	-235.090 	0.394 	-0.404 	-0.133 	
20.106 	-18.319 	19.776 	-0.147 	-0.003 	-0.062 	
82.944 	-29.424 	37.583 	0.103 	0.148 	0.080 	
52.808 	-74.344 	75.441 	0.099 	-0.076 	0.170 	
573.525 	-234.488 	119.700 	0.058 	-0.031 	-0.002 	
104.367 	-36.156 	23.474 	0.115 	-0.062 	0.019 	
108.238 	-11.505 	5.813 	-0.004 	0.054 	-0.048 	
-40.479 	-26.509 	-73.378 	-0.001 	-0.065 	0.002 	
332.868 	-84.650 	-22.560 	-0.010 	0.005 	0.031 	
-51.331 	11.671 	111.529 	-0.148 	0.035 	-0.066 	
125.641 	59.116 	91.624 	-0.116 	-0.076 	0.004 	
46.568 	-26.277 	5.818 	-0.073 	-0.253 	-0.043 	
90.602 	-34.187 	52.200 	-0.064 	-0.104 	0.044 	
-42.507 	-159.624 	20.902 	-0.072 	-0.005 	0.038 	
97.482 	-1.297 	-12.633 	0.082 	-0.052 	-0.074 	
233.327 	-10.568 	0.854 	-0.094 	-0.023 	-0.032 	
-70.132 	-86.664 	86.584 	0.064 	0.029 	0.039 	
34.394 	-46.408 	63.375 	0.088 	0.038 	-0.206 	
-40.520 	-100.570 	28.673 	0.035 	-0.069 	-0.037 	
56.573 	-8.545 	50.528 	-0.046 	-0.073 	0.017 	
15.287 	-49.263 	67.772 	-0.184 	0.028 	-0.031 	
88.749 	-40.384 	50.774 	0.018 	-0.044 	0.015 	
-60.482 	-80.070 	-7.034 	-0.078 	0.037 	0.003 	
-67.946 	-16.791 	0.504 	-0.064 	0.043 	0.055 	
92.246 	-43.232 	41.128 	-0.032 	-0.109 	0.004 	
8.508 	-55.621 	5.496 	0.183 	-0.009 	0.097 	
-94.385 	-67.116 	77.570 	-0.003 	-0.123 	0.034 	
-33.835 	66.589 	32.612 	-0.115 	-0.017 	0.026 	
337.469 	-426.235 	-278.448 	0.040 	-0.125 	-0.085 	
107.367 	-21.862 	20.561 	-0.110 	0.015 	0.059 	
72.431 	-0.472 	91.361 	0.011 	0.075 	0.072 	
-158.167 	-137.881 	-1.806 	0.028 	-0.032 	-0.044 	
-44.204 	-73.638 	20.322 	-0.199 	0.118 	-0.094 	
-6.191 	9.946 	59.144 	-0.201 	-0.011 	0.107 	
51.439 	-45.092 	15.541 	-0.034 	-0.121 	-0.017 	
79.238 	29.790 	-2.697 	0.110 	-0.010 	0.125 	
180.394 	-12.765 	68.035 	-0.026 	-0.176 	-0.049 	
3911.378 	4491.439 	1699.579 	3.032 	3.585 	1.316 	
430.661 	-94.406 	-54.775 	0.175 	-0.037 	-0.035 	
110.374 	-6.314 	2.897 	0.020 	0.087 	-0.036 	
71.067 	-76.194 	23.738 	-0.036 	0.070 	-0.090 	
-23.480 	-195.668 	28.353 	0.008 	-0.041 	0.075 	
-63.038 	-43.402 	47.399 	0.064 	0.006 	0.087 	
1576.970 	988.531 	353.456 	0.330 	0.215 	0.073 	
-35.127 	-2.996 	57.264 	-0.180 	-0.054 	0.070 	
50.763 	-30.475 	24.301 	0.157 	-0.132 	-0.060 	
232.555 	-24.419 	156.327 	0.015 	0.014 	-0.106 	
52.313 	-84.419 	19.747 	0.124 	-0.098 	0.084 	
-36.244 	-23.042 	13.684 	-0.022 	0.087 	0.030 	
83.647 	-72.212 	69.395 	-0.103 	-0.085 	0.208 	
-79.655 	-58.815 	28.539 	0.013 	0.047 	-0.169 	
1664.406 	962.141 	-1038.062 	0.346 	0.210 	-0.211 	
72.079 	-96.098 	18.554 	0.002 	0.031 	0.031 	
-384.987 	8030.592 	4719.309 	-0.911 	15.733 	9.160 	
17.920 	-67.149 	74.786 	-0.115 	0.023 	0.009 	
7.823 	-85.491 	25.052 	-0.156 	-0.133 	-0.149 	
28.169 	-60.292 	42.423 	0.027 	-0.127 	-0.056 	
-140.972 	-164.328 	26.949 	-0.005 	0.011 	-0.079 	
58.705 	-41.555 	90.397 	0.062 	-0.174 	-0.102 	
68.880 	-30.205 	194.126 	-0.050 	-0.066 	-0.029 	
-2786.656 	-309.270 	-108.409 	-0.715 	-0.066 	-0.025 	
-42.350 	-81.465 	52.959 	-0.137 	-0.023 	0.213 	
11.757 	-36.349 	-21.754 	-0.053 	0.073 	-0.143 	
80.293 	-92.250 	40.241 	-0.079 	0.004 	0.082 	
38.273 	-40.578 	21.500 	-0.038 	0.066 	-0.179 	
69.123 	-12.872 	29.415 	0.014 	0.072 	-0.092 	
8.291 	-16.131 	74.418 	-0.008 	-0.099 	-0.107 	
57.182 	-85.168 	47.721 	-0.072 	0.056 	-0.110 	
135.515 	-1.392 	55.699 	-0.080 	-0.049 	0.071 	
142.525 	-34.936 	57.618 	0.011 	-0.008 	0.025 	
1608.297 	-297.541 	59.554 	0.408 	-0.081 	0.006 	
109.078 	-140.283 	-55.666 	-0.062 	0.063 	0.018 	
-1.931 	-61.119 	29.827 	0.006 	0.046 	0.090 	
31.269 	-92.722 	-50.335 	-0.081 	0.031 	0.002 	
-30.750 	-89.370 	66.449 	0.134 	-0.102 	0.025 	
-925.323 	-475.156 	-2049.991 	-0.189 	-0.102 	-0.422 	
94.465 	-29.764 	82.110 	0.160 	0.006 	-0.067 	
187.013 	-76.427 	1.807 	-0.092 	0.012 	0.141 	
-22.651 	-50.371 	55.522 	-0.025 	-0.068 	-0.006 	
-3.708 	34.107 	36.116 	-0.019 	-0.120 	0.111 	
52.422 	-73.030 	54.087 	0.015 	-0.154 	0.058 	
58.377 	-64.059 	5.516 	0.057 	-0.099 	-0.105 	
32.861 	-44.856 	159.328 	-0.113 	0.021 	0.117 	
30.720 	-71.335 	-49.028 	-0.018 	0.020 	0.034 	
32.620 	-63.221 	26.152 	0.000 	-0.144 	-0.058 	
-65.419 	-34.066 	71.372 	0.078 	0.067 	-0.005 	
73.650 	-43.391 	48.761 	0.009 	0.116 	0.096 	
6.658 	-58.711 	31.047 	-0.023 	-0.047 	-0.054 	
83.614 	-8.150 	59.458 	0.027 	0.049 	-0.052 	
367.029 	-295.174 	33.114 	-0.018 	-0.059 	-0.000 	
-15.329 	-50.815 	30.641 	-0.260 	-0.041 	0.058 	
18.345 	-32.436 	40.337 	0.064 	0.020 	-0.062 	
24.178 	-50.706 	18.578 	-0.076 	-0.082 	0.097 	
88.098 	-58.184 	29.671 	0.111 	0.107 	0.027 	
50.309 	-53.134 	10.781 	-0.017 	-0.003 	-0.146 	
56.908 	-31.393 	25.752 	-0.143 	0.020 	-0.021 	
50.878 	-9.059 	64.772 	-0.046 	0.126 	-0.030 	
-27.384 	-66.205 	130.027 	0.038 	0.018 	-0.066 	
-27.817 	-84.938 	53.530 	0.027 	0.061 	-0.117 	
-140.480 	-75.269 	17.627 	-0.136 	0.069 	0.022 	
43.325 	-10.990 	3.057 	0.031 	-0.109 	-0.151 	
-17.888 	-57.014 	20.985 	-0.079 	-0.050 	-0.050 	
20.587 	-70.786 	-61.449 	-0.029 	-0.004 	-0.021 	
32.449 	-33.235 	47.455 	-0.052 	-0.144 	0.061 	
120.434 	-7.863 	29.169 	0.054 	-0.087 	0.037 	
78.146 	-13.384 	90.294 	-0.189 	0.052 	-0.058 	
16.983 	-192.114 	-114.021 	-0.068 	-0.005 	0.051 	
-774.499 	-1359.487 	1323.138 	-0.182 	-0.288 	0.299 	
127.361 	-214.408 	17.516 	0.014 	-0.096 	-0.016 	
37.564 	-120.743 	-31.858 	0.149 	-0.019 	0.010 	
4.887 	-1.663 	187.405 	0.081 	-0.062 	-0.099 	
24.991 	-28.472 	37.830 	-0.100 	0.000 	0.015 	
63.801 	-26.042 	28.232 	-0.131 	0.034 	0.129 	
105.902 	-38.643 	-30.575 	0.107 	0.045 	0.108 	
39.166 	-36.301 	49.481 	0.109 	0.058 	0.285 	
-25.033 	-43.814 	-22.906 	0.037 	-0.069 	0.122 	
111.427 	-23.234 	46.364 	0.018 	0.001 	-0.004 	
-536.648 	-12.969 	-620.966 	-0.310 	0.050 	-0.437 	
-43.784 	-59.479 	20.427 	0.129 	-0.088 	0.030 	
0.066 	-90.729 	22.638 	0.099 	0.125 	-0.067 	
61.325 	-69.650 	-0.211 	0.158 	-0.034 	-0.036 	
30.288 	-5.776 	76.911 	0.122 	0.039 	-0.048 	
-856.458 	3358.719 	364.110 	-0.192 	0.720 	0.084 	
25.054 	134.018 	-105.194 	-0.051 	0.037 	0.038 	
-63.659 	-54.409 	-22.424 	-0.045 	-0.025 	0.100 	
72.724 	-21.507 	70.693 	0.047 	0.082 	-0.072 	
183.074 	-191.822 	-53.600 	0.028 	0.077 	0.063 	
40.255 	-74.847 	24.550 	-0.032 	0.079 	-0.105 	
28.302 	-48.035 	34.087 	-0.154 	-0.242 	-0.149 	
-1.206 	-17.555 	28.690 	-0.023 	-0.031 	-0.035 	
21.301 	-53.443 	48.685 	0.068 	0.017 	-0.086 	
-16.328 	-17.280 	96.501 	-0.019 	0.012 	-0.091 	
-238.090 	-21.144 	67.434 	-0.112 	-0.036 	0.001 	
4.302 	-76.237 	77.810 	-0.194 	-0.094 	-0.118 	
70.935 	-168.648 	71.768 	0.054 	0.062 	0.009 	
-104.744 	-81.753 	64.414 	0.025 	0.033 	-0.026 	
41.221 	-29.312 	13.529 	0.159 	0.065 	0.165 	
-61.787 	-31.350 	39.728 	0.094 	-0.006 	-0.001 	
-133.478 	-50.736 	84.821 	0.017 	0.008 	0.058 	
-63.647 	5.820 	116.281 	-0.056 	-0.029 	0.010 	
83.961 	-39.933 	26.605 	0.178 	-0.012 	-0.105 	
107.756 	-16.203 	48.936 	0.102 	0.085 	0.016 	
143.478 	25.205 	-81.364 	-0.063 	-0.088 	0.038 	
-11.188 	-36.808 	30.360 	-0.090 	-0.098 	0.020 	
-50.578 	-53.845 	60.222 	-0.023 	0.039 	0.093 	
49.866 	-54.796 	50.409 	0.068 	-0.005 	-0.030 	
25.065 	-10.179 	53.998 	-0.218 	0.028 	0.167 	
199.987 	61.938 	-121.416 	0.040 	0.009 	-0.045 	
101.434 	-71.561 	61.734 	0.128 	0.017 	0.097 	
156.105 	-8.027 	29.053 	-0.005 	-0.022 	0.031 	
63.363 	-111.744 	-35.763 	-0.149 	0.034 	0.091 	
28.735 	12.721 	11.276 	0.151 	0.038 	-0.062 	
-667.459 	-366.090 	546.844 	-0.280 	-0.126 	0.151 	
80.317 	-32.179 	48.302 	0.013 	0.011 	-0.144 	
4.866 	-22.343 	40.690 	0.046 	-0.189 	-0.008 	
26.975 	-54.780 	35.902 	-0.191 	-0.074 	-0.056 	
43.853 	-76.807 	71.990 	0.119 	0.085 	0.077 	
53.805 	-70.579 	39.510 	-0.255 	-0.096 	0.135 	
-139.192 	-91.220 	-51.632 	0.054 	0.006 	-0.015 	
338.199 	-243.565 	-422.348 	0.050 	-0.038 	-0.026 	
-53.812 	-16.063 	20.549 	0.085 	-0.023 	-0.043 	
32.841 	-59.107 	141.360 	0.050 	-0.069 	-0.034 	
18.149 	-38.968 	17.708 	0.057 	-0.159 	-0.151 	
-17.383 	-36.758 	42.628 	0.113 	0.003 	-0.197 	
205.930 	1.481 	19.194 	-0.117 	0.085 	-0.038 	
-449.028 	-138.933 	189.321 	-0.146 	-0.046 	0.010 	
499.047 	-608.783 	-74.507 	0.080 	-0.098 	-0.005 	
168.030 	-8.150 	65.722 	0.136 	0.085 	-0.001 	
89.783 	-76.487 	46.640 	0.043 	0.045 	0.043 	
74.772 	1.076 	59.741 	-0.038 	-0.094 	-0.066 	
14.773 	-22.532 	53.963 	-0.184 	0.003 	0.133 	
-11.063 	-16.121 	87.564 	-0.032 	0.053 	0.018 	
34.540 	-20.897 	92.662 	0.068 	-0.040 	-0.043 	
85.361 	-60.982 	63.025 	-0.011 	-0.064 	-0.008 	
12.189 	-143.615 	27.499 	-0.043 	-0.122 	-0.061 	
-102.911 	-100.467 	-2.647 	0.088 	-0.035 	0.068 	
-22.838 	-214.954 	12.870 	0.017 	-0.059 	0.022 	
38.400 	-36.806 	66.990 	-0.056 	0.086 	0.090 	
229.625 	-199.724 	75.225 	0.025 	0.089 	-0.005 	
-45.973 	-28.724 	77.888 	0.083 	-0.032 	-0.041 	
106.717 	-46.109 	85.772 	0.045 	-0.027 	-0.067 	
-7.126 	-55.561 	-92.082 	-0.143 	-0.067 	0.033 	
91.402 	-15.776 	37.906 	0.049 	0.098 	-0.093 	
-74.753 	-48.518 	78.540 	-0.111 	0.051 	0.104 	
13.347 	-11.053 	5.306 	0.034 	0.155 	-0.078 	
25.681 	-96.582 	167.705 	0.099 	0.019 	0.068 	
30.104 	-33.904 	49.796 	-0.076 	-0.019 	-0.067 	
-71.181 	-125.618 	-42.850 	0.112 	-0.029 	-0.005 	
-7.878 	-79.368 	48.921 	0.118 	0.084 	-0.131 	
377.315 	367.386 	-17.459 	0.021 	0.103 	-0.009 	
-741.783 	787.996 	349.147 	-0.406 	0.456 	0.186 	
51.615 	-92.812 	175.813 	-0.116 	0.017 	-0.087 	
92.596 	-33.417 	72.475 	-0.022 	-0.014 	0.040 	
162.915 	-86.567 	63.444 	-0.033 	-0.000 	0.041 	
59.203 	-53.503 	33.305 	-0.159 	0.117 	0.035 	
264.398 	351.992 	564.510 	0.044 	0.047 	0.069 	
5.300 	-41.350 	51.137 	-0.151 	-0.146 	0.193 	
-19.736 	-103.959 	92.928 	0.012 	0.129 	-0.014 	
106.709 	-66.085 	61.887 	0.149 	-0.101 	-0.031 	
1315.761 	-1503.932 	-3.006 	0.261 	-0.304 	0.004 	
46.816 	-43.006 	12.774 	-0.015 	0.167 	0.122 	
70.674 	17.880 	-52.338 	0.132 	0.027 	-0.013 	
36.919 	-102.667 	-14.508 	0.022 	-0.004 	-0.034 	
90.749 	-35.464 	4.764 	-0.082 	0.031 	0.045 	
28.273 	-147.418 	80.053 	0.109 	-0.014 	0.038 	
14.772 	-61.594 	-33.799 	0.054 	-0.119 	0.103 	
84.062 	-19.678 	40.406 	-0.139 	-0.031 	-0.005 	
78.387 	-83.625 	33.929 	-0.107 	0.026 	-0.015 	
-2.128 	-43.715 	33.475 	0.067 	0.027 	0.244 	
8.058 	-65.915 	36.084 	0.000 	-0.034 	-0.048 	
541.415 	-1422.364 	-15.811 	0.119 	-0.288 	-0.015 	
226.800 	3.796 	235.865 	0.033 	0.035 	0.047 	
-18.684 	-90.509 	44.385 	0.157 	0.037 	0.117 	
116.691 	-126.106 	111.293 	-0.072 	0.073 	-0.066 	
-28.580 	0.924 	14.002 	-0.169 	-0.146 	0.098 	
-41.652 	-44.680 	7.870 	-0.092 	-0.161 	-0.054 	
0.749 	-21.370 	38.041 	-0.117 	0.069 	-0.017 	
9.377 	-129.025 	60.722 	0.018 	0.027 	-0.098 	
-41.119 	73.070 	46.977 	-0.123 	-0.087 	0.044 	
-10.033 	-43.843 	40.224 	-0.046 	-0.023 	-0.137 	
-197.690 	-42.584 	8.885 	-0.049 	0.053 	-0.015 	
206.509 	-44.383 	-63.872 	0.019 	-0.049 	-0.031 	
182.727 	31.940 	-75.543 	0.029 	0.036 	0.024 	
9.242 	-65.388 	54.316 	0.048 	-0.052 	0.060 	
50.206 	-14.613 	38.691 	0.015 	0.145 	0.022 	
482.874 	-128.852 	275.026 	0.075 	-0.042 	0.045 	
67.464 	-35.827 	28.023 	0.005 	-0.077 	0.106 	
58.228 	-34.493 	55.076 	-0.141 	0.105 	0.051 	
26.433 	-24.531 	41.819 	0.084 	0.231 	0.081 	
156.507 	-48.237 	103.825 	0.152 	0.055 	0.116 	
89.527 	-67.015 	37.022 	-0.066 	0.013 	0.018 	
-3.358 	-35.564 	47.113 	-0.007 	0.052 	-0.021 	
53.834 	-32.441 	15.765 	-0.098 	0.014 	0.174 	
-1.435 	-33.203 	-40.696 	-0.080 	-0.034 	-0.102 	
72.291 	-29.998 	58.550 	0.085 	0.179 	0.013 	
1205.828 	2759.288 	-10228.448 	0.265 	0.621 	-2.368 	
-78.038 	34.330 	37.548 	0.002 	0.047 	-0.059 	
77.244 	-38.557 	46.635 	0.005 	-0.131 	-0.011 	
133.789 	37.841 	31.773 	0.109 	0.059 	-0.059 	
62.881 	-16.343 	64.502 	-0.095 	0.113 	-0.059 	
-24.553 	-38.912 	43.431 	-0.213 	0.017 	0.037 	
170.739 	-70.302 	45.322 	-0.011 	0.090 	0.003 	
220.641 	16.283 	4.993 	-0.092 	-0.043 	-0.026 	
92.045 	-31.015 	29.660 	-0.019 	0.033 	0.123 	
50.468 	-86.103 	57.266 	-0.086 	-0.202 	0.030 	
92.525 	-26.478 	78.607 	0.023 	-0.051 	0.050 	
179.635 	49.896 	77.904 	0.113 	0.008 	0.009 	
47.765 	-26.969 	55.575 	-0.058 	0.068 	0.060 	
112.386 	-60.390 	47.237 	-0.094 	-0.069 	0.017 	
15.618 	-39.989 	68.456 	0.148 	-0.220 	-0.016 	
41.727 	-35.222 	46.215 	-0.017 	-0.133 	-0.148 	
4.571 	-66.929 	40.074 	-0.079 	-0.142 	0.032 	
-74.669 	-16.305 	44.912 	-0.050 	-0.071 	0.100 	
-95.641 	-77.680 	28.317 	0.009 	-0.055 	0.153 	
104.707 	57.468 	176.019 	-0.020 	0.051 	0.087 	
109.848 	-15.542 	50.366 	-0.094 	0.016 	0.080 	
52.810 	-21.154 	42.746 	-0.045 	-0.045 	-0.054 	
157.917 	136.316 	226.499 	0.009 	0.063 	0.040 	
-586.650 	117.676 	-512.745 	-2.459 	0.225 	-1.895 	
62.919 	-23.357 	-0.008 	-0.242 	-0.037 	-0.029 	
623.813 	-274.243 	-300.691 	0.084 	-0.065 	-0.052 	
38.773 	-37.877 	60.003 	0.121 	0.049 	-0.006 	
723.808 	-25.577 	461.859 	2.625 	-0.332 	1.887 	
15.955 	-69.759 	21.937 	0.140 	-0.137 	0.125 	
97.608 	-28.601 	42.610 	-0.127 	-0.073 	0.120 	
-0.690 	-155.148 	49.478 	0.016 	0.052 	0.086 	
-11.734 	-64.214 	102.257 	-0.078 	0.139 	0.087 	
36.874 	-33.910 	55.580 	0.262 	0.073 	0.081 	
-120.199 	-95.018 	101.035 	0.127 	-0.039 	-0.023 	
-0.187 	-79.202 	28.578 	0.118 	0.164 	-0.060 	
17.875 	290.512 	-13.141 	-0.059 	0.313 	-0.042 	
-157.539 	-61.398 	76.287 	-0.015 	-0.042 	-0.027 	
77.433 	-40.308 	61.697 	-0.023 	0.031 	-0.177 	
77.752 	-31.751 	33.618 	0.045 	-0.065 	0.125 	
66.133 	-48.151 	30.625 	0.031 	0.102 	-0.080 	
-21.719 	66.823 	-67.989 	-0.014 	0.032 	-0.039 	
20.214 	-32.161 	53.561 	0.077 	0.002 	0.206 	
-8.816 	48.019 	32.256 	-0.171 	-0.043 	0.025 	
19.240 	-70.092 	59.529 	-0.014 	-0.161 	0.029 	
59.986 	-1.186 	163.898 	0.080 	-0.024 	0.005 	
2630.108 	1004.561 	1130.668 	0.570 	0.233 	0.255 	
38.563 	2.978 	4.480 	-0.068 	0.089 	0.049 	
58.119 	-92.653 	34.891 	-0.014 	-0.011 	-0.025 	
12.261 	-51.786 	37.953 	-0.237 	0.128 	0.198 	
93.238 	-20.991 	70.346 	-0.123 	-0.095 	-0.024 	
-17.856 	14.588 	80.380 	-0.125 	-0.151 	-0.103 	
2.140 	-14.724 	46.218 	-0.088 	-0.077 	0.125 	
14.498 	-58.790 	21.455 	0.078 	-0.028 	0.139 	
88.773 	-104.401 	21.620 	0.153 	-0.032 	-0.006 	
70.428 	-83.046 	29.740 	0.017 	-0.008 	0.068 	
19.741 	-110.314 	100.259 	-0.010 	-0.093 	0.072 	
-32.281 	-51.281 	57.726 	0.129 	0.050 	0.021 	
80.202 	-53.456 	59.876 	0.085 	0.160 	0.126 	
-26.163 	-58.525 	-2.415 	-0.152 	0.013 	-0.129 	
-1.187 	-488.910 	878.414 	-0.040 	-0.081 	0.168 	
-1.096 	-57.605 	69.392 	-0.113 	-0.025 	0.206 	
1.041 	-24.733 	22.137 	-0.071 	-0.224 	-0.057 	
166.100 	-24.163 	103.023 	-0.093 	0.059 	0.031 	
92.167 	-37.472 	56.069 	0.018 	0.078 	-0.071 	
107.769 	46.783 	87.220 	-0.074 	0.024 	0.062 	
14.365 	-118.962 	-176.670 	0.034 	-0.010 	0.044 	
475.458 	-65.130 	227.710 	0.082 	-0.024 	0.059 	
-3.636 	-19.247 	86.445 	0.111 	-0.093 	-0.172 	
-302.353 	107.859 	-158.647 	-0.153 	0.130 	-0.123 	
71.203 	-33.887 	13.794 	-0.109 	0.074 	0.211 	
-11.388 	-77.293 	-1.843 	0.023 	-0.005 	0.024 	
285.791 	-173.311 	51.025 	0.045 	-0.016 	0.000 	
176.418 	-105.030 	65.733 	-0.028 	0.034 	0.050 	
55.916 	-57.138 	17.801 	0.129 	0.041 	0.115 	
137.304 	-84.789 	68.892 	-0.112 	0.100 	0.012 	
67.952 	-68.820 	30.348 	0.028 	-0.129 	-0.102 	
105.394 	-111.975 	49.290 	-0.014 	0.074 	-0.081 	
113.560 	29.672 	91.286 	-0.019 	0.029 	0.029 	
66.739 	-38.107 	38.274 	0.126 	0.085 	0.004 	
26.150 	-75.684 	21.433 	-0.087 	0.026 	0.146 	
-804.744 	288.310 	-1138.679 	-0.247 	0.093 	-0.307 	
138.509 	-134.750 	197.584 	0.042 	0.037 	-0.039 	
52.729 	-66.039 	34.076 	0.201 	0.137 	-0.029 	
72.922 	-30.687 	158.317 	0.054 	-0.002 	0.085 	
-31.374 	-62.103 	83.642 	-0.196 	0.023 	0.061 	
39.169 	-39.867 	0.113 	-0.029 	-0.087 	-0.188 	
65.726 	-61.119 	25.687 	0.101 	0.032 	-0.081 	
-28.521 	-40.856 	49.759 	-0.031 	0.081 	0.003 	
138.901 	85.723 	-22.707 	0.054 	0.116 	-0.053 	
194.021 	-8.554 	52.963 	-0.091 	0.099 	0.016 	
-515.693 	-175.777 	6.693 	-0.077 	-0.043 	0.045 	
149.796 	-72.075 	65.760 	-0.037 	0.043 	0.064 	
125.023 	-37.222 	-45.089 	-0.034 	-0.065 	0.047 	
91.234 	-58.228 	63.809 	-0.161 	-0.023 	0.105 	
-0.839 	-17.691 	44.696 	0.064 	-0.222 	0.091 	
8.971 	-52.707 	31.030 	0.065 	0.146 	0.071 	
-33.418 	-60.162 	-13.174 	-0.085 	-0.112 	-0.090 	
-128.223 	-41.835 	-168.639 	-0.020 	0.010 	-0.025 	
9.659 	-79.039 	21.478 	-0.139 	0.105 	-0.103 	
-4.800 	-35.870 	89.676 	-0.040 	-0.103 	0.049 	
205.922 	-251.947 	217.355 	0.127 	-0.234 	0.186 	
1.516 	-69.633 	7.550 	0.016 	-0.025 	-0.143 	
-8.766 	-49.307 	74.575 	0.003 	-0.055 	0.010 	
8.555 	-102.664 	-102.551 	0.033 	0.046 	0.038 	
53.388 	55.050 	18.661 	-0.007 	0.147 	0.029 	
140.129 	-107.487 	39.883 	-0.046 	-0.084 	0.140 	
-7.631 	-67.355 	27.708 	-0.134 	-0.026 	-0.038 	
24.682 	-27.710 	32.005 	0.158 	-0.070 	0.051 	
-1.070 	-50.342 	49.442 	0.093 	0.047 	-0.051 	
63.556 	-33.720 	45.134 	-0.217 	0.070 	0.080 	
291.834 	-570.191 	330.309 	-0.001 	-0.083 	0.054 	
-8.222 	-62.472 	32.236 	0.057 	0.073 	-0.048 	
54.835 	-13.423 	31.014 	0.081 	0.117 	-0.006 	
119.386 	-59.916 	-54.435 	0.082 	0.052 	0.032 	
32.351 	-99.273 	15.888 	0.107 	0.074 	-0.026 	
117.791 	-122.604 	-92.136 	-0.061 	0.003 	0.042 	
-42.710 	-60.763 	44.043 	-0.100 	0.003 	-0.049 	
39.928 	-114.441 	67.664 	0.045 	-0.034 	0.008 	
98.248 	-61.919 	53.030 	-0.147 	0.095 	0.047 	
139.382 	-84.223 	61.033 	-0.124 	-0.036 	-0.072 	
44.343 	-59.695 	4.619 	0.207 	-0.063 	-0.072 	
85.682 	-81.101 	35.778 	-0.030 	0.163 	-0.164 	
73.468 	-73.257 	13.768 	-0.187 	-0.091 	-0.049 	
-17.572 	-88.794 	-18.118 	-0.097 	0.004 	-0.020 	
-55.845 	-57.719 	73.851 	-0.086 	0.029 	-0.028 	
151.592 	-38.032 	0.383 	0.100 	-0.048 	0.029 	
20450.530 	5702.972 	12634.812 	5.490 	1.541 	3.410 	
57.818 	6.210 	58.832 	-0.189 	-0.072 	-0.011 	
19.320 	-32.941 	86.166 	-0.190 	-0.034 	-0.129 	
70.023 	-35.095 	65.911 	0.007 	0.079 	-0.033 	
69.557 	-30.634 	72.096 	0.047 	-0.040 	-0.010 	
111.004 	-56.286 	26.745 	0.169 	0.087 	0.097 	
-52.085 	-78.584 	25.836 	-0.119 	0.008 	0.020 	
79.325 	-33.655 	55.755 	0.169 	-0.003 	0.016 	
97.204 	-63.775 	29.086 	-0.078 	-0.002 	-0.099 	
-42.005 	-18.588 	60.715 	-0.106 	0.101 	-0.079 	
-7.337 	-85.882 	-9.295 	-0.148 	-0.029 	-0.065 	
-45.672 	-40.847 	83.870 	-0.013 	-0.091 	0.190 	
55.976 	-23.914 	76.743 	0.161 	0.165 	-0.014 	
25.800 	81.427 	43.949 	-0.086 	-0.029 	0.015 	
-344.334 	849.061 	-268.534 	-0.100 	0.221 	-0.080 	
324.441 	76.257 	-51.962 	-0.018 	-0.005 	-0.000 	
99.570 	-54.842 	-45.867 	0.001 	-0.060 	0.086 	
45.097 	-35.724 	23.056 	-0.102 	-0.232 	0.074 	
51.838 	-52.400 	31.532 	0.062 	0.083 	0.171 	
43.184 	-52.892 	73.261 	0.261 	0.077 	-0.053 	
127.798 	-40.268 	34.924 	-0.065 	-0.086 	0.091 	
-35.512 	-68.218 	45.342 	-0.097 	-0.014 	0.088 	
32.256 	-45.941 	65.847 	-0.096 	-0.131 	0.067 	
152.974 	101.613 	60.303 	-0.081 	0.084 	-0.010 	
36.420 	-54.206 	45.745 	-0.196 	-0.044 	0.213 	
94.209 	-59.037 	-14.860 	-0.144 	-0.110 	0.057 	
686.772 	53.938 	-86.180 	0.074 	0.002 	-0.009 	
20.728 	-49.492 	74.328 	0.053 	-0.152 	0.111 	
7.964 	-85.853 	11.056 	-0.115 	-0.025 	0.148 	
56.129 	-58.843 	81.889 	-0.172 	-0.010 	0.063 	
-36.205 	-55.979 	24.209 	0.085 	-0.046 	-0.055 	
512.952 	26.388 	722.905 	0.392 	0.077 	0.452 	
-155.516 	-40.194 	3.374 	-0.129 	-0.004 	0.038 	
92.101 	33.673 	33.065 	-0.159 	0.082 	-0.029 	
92.833 	-85.083 	32.919 	-0.162 	-0.030 	0.008 	
29.149 	81.851 	-85.338 	-0.095 	-0.020 	0.011 	
48.371 	-25.749 	26.951 	0.095 	0.100 	-0.050 	
-18.338 	25.514 	-136.572 	0.014 	-0.030 	0.019 	
7.477 	-118.363 	30.819 	0.152 	0.056 	0.071 	
117.104 	-55.998 	72.537 	0.149 	0.002 	0.083 	
94.409 	-22.883 	23.428 	-0.089 	0.019 	-0.098 	
-150.888 	-172.144 	556.112 	-0.057 	-0.011 	0.108 	
40.999 	-110.938 	-32.713 	-0.074 	0.008 	0.059 	
60.169 	-39.046 	66.441 	0.104 	-0.084 	-0.032 	
-150.433 	-7.763 	-149.331 	-0.172 	-0.008 	-0.050 	
-18.304 	-97.466 	-33.888 	-0.026 	-0.041 	-0.082 	
-28.098 	-131.471 	108.373 	-0.017 	-0.052 	0.030 	
-28.112 	-46.264 	2.931 	-0.135 	-0.040 	0.070 	
185.080 	-31.446 	60.097 	0.016 	0.020 	-0.135 	
-5.914 	-37.421 	68.659 	0.047 	-0.028 	0.126 	
15.744 	-0.549 	25.539 	-0.104 	0.134 	-0.030 	
35.409 	-81.454 	25.150 	0.086 	0.065 	0.008 	
1411.007 	891.629 	-509.955 	0.440 	0.275 	-0.164 	
15.807 	-62.445 	58.300 	0.092 	0.057 	-0.142 	
139.574 	-24.673 	78.586 	0.063 	0.045 	0.053 	
355.512 	90.534 	15.062 	0.235 	0.135 	-0.010 	
152.917 	-86.298 	15.787 	-0.047 	0.077 	0.044 	
10.371 	11.566 	-56.394 	0.066 	-0.110 	0.100 	
153.280 	-117.029 	38.148 	0.036 	-0.039 	-0.003 	
59.138 	-42.865 	36.732 	-0.247 	0.124 	-0.021 	
-8.519 	-53.113 	13.882 	-0.032 	-0.192 	-0.112 	
-101.547 	-71.652 	7.268 	-0.087 	0.042 	0.070 	
162.990 	-72.393 	77.955 	0.065 	-0.089 	0.039 	
111.707 	-77.059 	51.626 	0.152 	-0.146 	0.061 	
-43.919 	-45.977 	83.859 	-0.166 	-0.037 	0.042 	
20.503 	-85.957 	96.227 	-0.038 	0.028 	-0.007 	
-117.244 	-232.285 	167.028 	-0.028 	-0.030 	-0.004 	
-53.292 	-57.441 	52.027 	-0.099 	-0.098 	0.028 	
-178.002 	-144.696 	101.813 	-0.030 	0.019 	0.016 	
-35.811 	-107.140 	11.557 	-0.109 	0.080 	0.117 	
18.505 	-58.476 	62.313 	-0.184 	-0.047 	-0.123 	
16.156 	110.042 	15.915 	0.046 	-0.091 	-0.003 	
111.734 	-45.767 	-30.235 	-0.178 	-0.011 	0.053 	
-43.116 	-75.019 	5.279 	0.045 	-0.002 	0.034 	
115.744 	-29.534 	121.197 	-0.055 	-0.033 	0.000 	
47.956 	-28.961 	70.567 	-0.166 	-0.027 	0.156 	
90.055 	-22.442 	-54.189 	-0.012 	-0.034 	0.023 	
123.242 	-43.187 	40.882 	-0.063 	-0.072 	0.086 	
90.794 	-32.627 	22.695 	0.073 	-0.081 	0.073 	
-7.522 	-35.034 	69.909 	-0.012 	0.014 	-0.092 	
12.125 	-51.508 	38.063 	-0.086 	-0.088 	0.154 	
165.541 	-62.966 	-27.329 	0.076 	-0.080 	-0.106 	
10.403 	-22.801 	41.720 	0.158 	-0.033 	-0.201 	
-30.456 	-32.814 	66.871 	0.011 	0.043 	0.142 	
32.581 	-24.079 	-7.077 	-0.148 	-0.077 	0.160 	
152.259 	-28.147 	127.253 	-0.084 	0.011 	-0.027 	
254.910 	866.599 	1478.098 	0.067 	0.436 	0.724 	
3.190 	-32.469 	59.439 	0.256 	-0.090 	-0.057 	
68.916 	-35.798 	60.100 	-0.046 	0.086 	0.027 	
149.639 	-73.542 	-35.053 	0.110 	0.041 	0.029 	
48.973 	29.781 	43.882 	0.060 	0.084 	-0.074 	
45.004 	-27.264 	39.097 	-0.022 	-0.155 	0.016 	
-42.769 	-56.366 	90.491 	-0.014 	-0.019 	-0.019 	
1441.799 	264.804 	-3030.589 	0.276 	0.060 	-0.628 	
-5652.420 	-26198.588 	-41246.672 	-1.525 	-7.107 	-11.197 	
-122.157 	-69.976 	266.574 	-0.012 	-0.000 	-0.008 	
45.932 	-34.146 	-2.109 	0.078 	-0.070 	0.137 	
-15.132 	-42.343 	55.204 	-0.008 	0.183 	0.014 	
-27.026 	-68.947 	-10.774 	0.026 	0.032 	0.025 	
14.543 	-36.614 	29.365 	-0.255 	-0.040 	0.066 	
104.348 	24.827 	89.743 	-0.011 	-0.086 	0.039 	
53.764 	-35.213 	53.140 	0.073 	-0.082 	-0.054 	
9.041 	-11.659 	91.188 	0.061 	-0.072 	0.088 	
33.187 	45.776 	25.344 	-0.081 	-0.096 	0.003 	
-99.027 	-243.789 	-67.873 	-0.068 	0.049 	0.064 	
869.035 	-458.615 	-179.269 	0.298 	-0.132 	-0.059 	
150.171 	-19.443 	94.620 	-0.045 	-0.094 	0.011 	
-349.437 	-45.280 	-196.936 	-0.268 	-0.054 	-0.135 	
168.874 	13.401 	-11.579 	0.022 	0.054 	-0.017 	
62.556 	41.580 	58.632 	0.072 	-0.002 	0.072 	
1712.849 	624.385 	-279.841 	0.558 	0.206 	-0.095 	
-30.488 	-30.663 	16.565 	0.040 	0.004 	0.099 	
356.753 	-347.930 	-155.055 	0.080 	-0.100 	-0.042 	
268.048 	-132.824 	806.131 	0.217 	-0.072 	0.651 	
-52.891 	-64.690 	22.595 	-0.089 	-0.025 	0.071 	
75.278 	-41.208 	76.106 	-0.052 	-0.054 	-0.071 	
9.931 	-28.668 	48.317 	-0.068 	0.035 	0.032 	
104.578 	-75.338 	92.320 	-0.157 	-0.002 	0.143 	
-79.762 	-111.307 	-54.813 	0.090 	-0.034 	-0.012 	
135.327 	-27.008 	-31.467 	-0.048 	-0.044 	0.004 	
89.312 	69.422 	-29.575 	-0.048 	-0.062 	-0.005 	
0.127 	-257.436 	61.884 	0.035 	0.037 	0.003 	
-26.588 	-38.480 	38.702 	-0.120 	0.004 	0.150 	
38.483 	-65.335 	13.758 	0.038 	0.072 	-0.012 	
51.342 	-1.610 	199.965 	-0.073 	-0.045 	0.048 	
164.163 	14.884 	-14.403 	-0.046 	0.016 	0.034 	
117.858 	-54.343 	138.691 	-0.008 	0.026 	0.000 	
-6.670 	-47.065 	51.357 	0.148 	-0.058 	-0.114 	
67.499 	-27.949 	68.729 	-0.132 	-0.202 	0.072 	
207.932 	-45.454 	86.392 	-0.067 	0.010 	-0.046 	
23.531 	-87.147 	63.261 	0.057 	-0.055 	-0.009 	
35.956 	-38.318 	32.609 	0.016 	-0.196 	0.003 	
49.748 	-77.150 	23.667 	0.134 	-0.008 	-0.039 	
449.850 	-104.599 	391.079 	0.271 	-0.091 	0.249 	
-24.246 	-51.474 	75.382 	-0.062 	-0.068 	0.139 	
107.148 	-34.429 	64.258 	-0.007 	-0.017 	-0.071 	
-372.263 	107.124 	157.025 	-0.075 	0.035 	0.044 	
-13.486 	4.671 	22.924 	-0.029 	0.077 	-0.051 	
76.714 	-164.190 	-47.639 	-0.074 	-0.051 	-0.045 	
-45.004 	-73.896 	75.094 	-0.047 	0.026 	0.085 	
-3709.509 	2211.228 	1326.748 	-1.005 	0.616 	0.365 	
62.588 	-16.032 	16.021 	0.107 	-0.069 	0.047 	
95.168 	-79.745 	57.827 	0.188 	-0.029 	0.108 	
105.123 	-0.986 	31.288 	0.167 	0.096 	0.067 	
199.352 	-32.932 	13.943 	0.086 	0.021 	-0.037 	
153.638 	71.599 	14.680 	0.010 	-0.043 	-0.003 	
-1.743 	-29.814 	45.593 	0.177 	0.068 	0.054 	
54.215 	-16.487 	43.669 	0.066 	0.102 	-0.091 	
46.527 	-49.263 	58.054 	0.040 	0.126 	0.094 	
73.897 	-1.112 	44.427 	0.007 	0.126 	-0.195 	
-14.099 	-20.944 	13.619 	-0.138 	-0.011 	-0.064 	
-23.591 	-102.174 	-11.449 	-0.136 	0.041 	0.043 	
-773.602 	297.862 	-199.129 	-0.177 	0.041 	-0.033 	
64.800 	-60.331 	14.192 	-0.206 	-0.114 	0.085 	
107.475 	-48.053 	19.755 	0.026 	0.068 	-0.057 	
-12.351 	-40.345 	35.169 	0.014 	-0.082 	-0.053 	
1099.407 	244.118 	-101.708 	0.911 	0.297 	-0.150 	
-27.483 	-79.555 	60.688 	0.028 	0.023 	-0.024 	
28.939 	-3.911 	29.105 	0.108 	-0.049 	0.034 	
-43.474 	-66.022 	11.809 	-0.067 	0.096 	0.008 	
145.843 	-48.429 	57.781 	0.019 	0.080 	-0.075 	
39.650 	-20.707 	62.450 	0.160 	-0.021 	0.100 	
-6.895 	-5.069 	57.819 	-0.043 	0.223 	-0.047 	
91.625 	-42.892 	58.321 	-0.153 	0.134 	0.031 	
-19.775 	-18.538 	47.495 	0.079 	0.058 	-0.008 	
12.165 	-36.571 	4.561 	0.080 	0.035 	0.085 	
-1.049 	-20.700 	77.913 	0.021 	0.117 	-0.080 	
19.797 	-27.472 	17.350 	-0.206 	-0.032 	0.046 	
36.507 	-20.918 	47.251 	0.236 	-0.086 	0.031 	
254.884 	-65.462 	-229.559 	0.113 	-0.023 	-0.154 	
-23.987 	-215.680 	167.428 	0.001 	0.029 	0.007 	
2.218 	-84.946 	86.025 	0.099 	-0.043 	0.073 	
-2.072 	-51.835 	7.164 	-0.081 	-0.160 	-0.074 	
-202.763 	195.175 	-687.725 	-0.047 	0.063 	-0.200 	
9.926 	-9.692 	63.956 	0.088 	-0.098 	-0.032 	
-360.408 	169.964 	-549.119 	-0.316 	0.183 	-0.496 	
100.617 	-9.817 	5.062 	-0.119 	0.057 	0.057 	
82.011 	-55.558 	40.423 	-0.109 	0.147 	-0.054 	
10.912 	-26.606 	53.009 	0.034 	-0.026 	0.172 	
7.438 	10.624 	-85.165 	-0.122 	-0.035 	-0.037 	
635.945 	-4190.473 	2952.377 	0.104 	-1.019 	0.717 	
14.810 	-180.504 	75.575 	0.057 	-0.068 	0.016 	
155.776 	-77.226 	97.458 	-0.010 	-0.167 	0.000 	
-461.679 	-162.972 	353.601 	-0.341 	-0.090 	0.186 	
-4.258 	44.125 	13.572 	0.011 	0.019 	-0.034 	
-123.278 	-43.125 	69.343 	0.104 	0.033 	-0.010 	
64.154 	-211.845 	-58.376 	0.035 	-0.025 	0.003 	
96.741 	-140.107 	22.444 	0.016 	0.126 	-0.046 	
-421.471 	-419.627 	-51.301 	-0.108 	-0.108 	-0.014 	
29.049 	-22.462 	18.931 	-0.127 	0.081 	0.108 	
22.306 	-52.011 	36.038 	0.166 	-0.053 	0.046 	
131.066 	-66.301 	70.356 	0.144 	-0.036 	-0.002 	
-43.723 	-63.633 	23.533 	-0.025 	-0.047 	-0.147 	
1265.939 	-1987.108 	-1722.775 	0.262 	-0.439 	-0.391 	
272.307 	-151.691 	28.746 	0.028 	-0.013 	0.012 	
182.722 	-66.965 	42.801 	-0.051 	-0.146 	-0.056 	
9.840 	-35.358 	48.328 	-0.146 	-0.220 	-0.069 	
-12.982 	-38.114 	31.065 	-0.058 	-0.001 	0.111 	
77.715 	-45.667 	30.419 	-0.260 	0.023 	-0.005 	
49.785 	-183.384 	-27.120 	0.030 	0.049 	0.088 	
157.345 	-80.439 	4.480 	0.035 	-0.047 	-0.014 	
-57.980 	-77.943 	-18.793 	0.141 	0.010 	0.075 	
116.573 	3.755 	22.769 	0.028 	-0.005 	-0.075 	
33.819 	-224.649 	155.625 	0.011 	-0.019 	0.003 	
112.347 	27.766 	-12.789 	0.095 	0.021 	-0.012 	
137.014 	-22.759 	26.130 	0.099 	0.030 	-0.019 	
-24.806 	-81.370 	94.217 	-0.062 	-0.024 	0.033 	
31.052 	-49.636 	-12.371 	-0.095 	0.012 	0.069 	
62.765 	-147.235 	-54.351 	-0.096 	-0.050 	0.053 	
64.746 	-188.492 	-84.540 	0.108 	-0.001 	0.046 	
138.541 	-45.581 	-174.622 	0.011 	-0.049 	-0.043 	
144.063 	-196.482 	275.666 	-0.069 	-0.268 	0.208 	
-50.122 	-13.768 	81.381 	0.028 	-0.065 	0.002 	
-1191.309 	-2450.618 	10671.782 	-0.288 	-0.579 	2.449 	
371.951 	124.459 	-83.266 	0.070 	0.006 	-0.030 	
52.148 	80.595 	-65.267 	-0.078 	0.034 	0.017 	
90.270 	105.906 	-42.882 	0.100 	0.001 	0.023 	
-14.588 	-70.276 	148.235 	-0.135 	0.029 	0.026 	
42.305 	-94.464 	15.812 	-0.012 	-0.010 	-0.066 	
-28.577 	-41.546 	21.622 	-0.029 	-0.010 	0.218 	
175.982 	-45.184 	-6.450 	0.024 	0.115 	0.101 	
31.029 	-30.401 	29.253 	-0.134 	0.015 	-0.114 	
-12.431 	-68.413 	61.898 	-0.092 	-0.045 	-0.056 	
-5.304 	-73.055 	22.318 	-0.157 	0.073 	-0.095 	
94.609 	-81.390 	69.006 	-0.066 	-0.065 	0.072 	
133.015 	-91.707 	-21.147 	0.111 	-0.004 	0.042 	
-69.168 	-74.202 	90.966 	0.026 	-0.008 	0.020 	
-446.289 	-1473.118 	12.225 	-0.133 	-0.398 	-0.007 	
-46.743 	-39.643 	97.750 	-0.084 	0.005 	-0.031 	
-45.342 	-65.726 	24.788 	-0.102 	0.059 	-0.063 	
-49.458 	-41.234 	36.559 	0.085 	0.056 	-0.013 	
0.601 	-55.149 	47.593 	-0.093 	0.011 	0.018 	
107.879 	-53.430 	-157.620 	-0.062 	0.006 	-0.057 	
19.087 	-26.652 	27.349 	0.252 	0.020 	-0.040 	
-36.092 	-33.019 	53.483 	0.077 	0.002 	-0.035 	
34.577 	-26.955 	34.657 	0.053 	0.245 	-0.171 	
132.949 	-55.674 	-39.062 	-0.054 	0.005 	0.020 	
89.704 	-52.139 	42.039 	-0.214 	0.115 	-0.055 	
51.556 	-89.980 	52.312 	0.145 	0.065 	0.105 	
127.342 	75.648 	100.774 	0.038 	-0.072 	-0.061 	
46.383 	-126.104 	49.418 	-0.145 	-0.008 	-0.035 	
-189.233 	147.527 	-620.086 	-0.057 	0.014 	-0.079 	
87.459 	-34.733 	10.931 	-0.114 	-0.097 	0.058 	
-820.908 	181.597 	-518.630 	-0.240 	0.063 	-0.169 	
946.970 	-730.939 	-96.576 	0.952 	-0.717 	-0.090 	
17.038 	8.941 	69.300 	0.032 	-0.047 	0.100 	
-4.441 	-48.415 	87.386 	-0.130 	-0.089 	0.052 	
-17.138 	-35.182 	-12.480 	-0.118 	0.001 	-0.091 	
47.905 	-25.125 	29.989 	0.116 	-0.000 	0.138 	
64.797 	-38.814 	56.703 	-0.182 	-0.212 	0.027 	
-22.856 	-74.290 	21.608 	-0.043 	-0.143 	0.060 	
-224.383 	104.329 	15.307 	-0.016 	-0.074 	0.025 	
9.732 	-44.812 	10.900 	0.039 	0.120 	-0.223 	
48.052 	-52.788 	103.640 	0.048 	-0.070 	0.151 	
-54.153 	-16.444 	59.158 	0.174 	-0.096 	0.040 	
-1947.778 	2439.356 	1350.479 	-0.463 	0.559 	0.302 	
-38.214 	-199.501 	47.663 	-0.003 	-0.007 	-0.027 	
73.653 	-1.529 	43.834 	0.077 	0.249 	0.058 	
44.061 	-29.934 	32.329 	0.278 	0.088 	-0.025 	
114.676 	-22.422 	58.738 	-0.091 	-0.094 	0.087 	
0.639 	-87.294 	77.073 	-0.100 	-0.062 	-0.153 	
-330.059 	238.634 	49.541 	-0.132 	0.079 	-0.018 	
75.332 	-35.148 	109.797 	-0.083 	-0.086 	-0.075 	
-64.933 	-67.626 	48.611 	-0.029 	-0.070 	0.086 	
30.862 	-190.306 	93.358 	0.142 	-0.024 	-0.015 	
38.638 	-60.790 	5.933 	0.203 	-0.014 	-0.146 	
239.177 	110.300 	7.623 	0.036 	0.080 	-0.097 	
45.352 	-48.871 	57.624 	-0.023 	0.098 	-0.213 	
-252.352 	-76.135 	42.301 	-0.205 	-0.052 	0.040 	
74.753 	-76.139 	18.335 	-0.108 	-0.027 	-0.078 	
28.695 	-87.030 	22.439 	-0.067 	-0.122 	0.076 	
130.893 	-109.462 	60.515 	-0.003 	-0.171 	-0.022 	
15.055 	-86.564 	36.797 	0.012 	0.097 	-0.111 	
19.795 	-71.174 	11.050 	0.239 	-0.037 	0.081 	
111.218 	20.371 	150.583 	-0.056 	0.048 	-0.022 	
51629.098 	4191.443 	41475.466 	23.366 	1.917 	18.839 	
-4.681 	-118.068 	63.481 	0.019 	-0.049 	0.118 	
37.753 	-17.366 	71.266 	0.232 	0.048 	-0.028 	
-7.054 	-44.460 	11.409 	0.217 	0.123 	0.050 	
24.618 	-48.029 	50.860 	0.183 	-0.004 	-0.018 	
139.016 	28.947 	59.068 	-0.033 	0.106 	-0.089 	
-104.379 	-261.620 	-2.701 	-0.065 	0.071 	0.002 	
-54.384 	-106.380 	-85.672 	0.062 	-0.023 	0.090 	
84.140 	41.523 	40.621 	0.079 	-0.003 	0.060 	
7.883 	-32.225 	49.432 	0.205 	-0.086 	0.018 	
103.605 	-21.473 	102.646 	0.009 	0.091 	0.074 	
158.451 	-42.239 	166.908 	-0.088 	-0.021 	0.016 	
88.323 	-31.711 	47.747 	-0.112 	0.150 	0.152 	
946.294 	1718.322 	1775.882 	0.153 	0.345 	0.363 	
96.289 	18.589 	68.318 	-0.132 	0.003 	-0.053 	
-90.607 	4648.128 	-3020.089 	-0.072 	1.121 	-0.729 	
66.994 	-35.670 	26.612 	0.126 	-0.098 	0.002 	
-3686.370 	-4736.812 	-1753.724 	-2.939 	-3.666 	-1.397 	
127.754 	11.718 	93.954 	-0.029 	0.083 	0.004 	
-40.133 	35.046 	-39.035 	0.037 	-0.022 	0.032 	
5247.306 	25726.587 	42313.808 	1.431 	6.974 	11.464 	
46.441 	-6.222 	22.733 	-0.202 	-0.109 	-0.059 	
8.828 	-164.124 	120.124 	0.041 	0.024 	-0.086 	
105.830 	22.395 	98.044 	-0.087 	-0.091 	-0.078 	
122.747 	-29.732 	212.275 	0.053 	-0.031 	-0.063 	
120.143 	-21.005 	61.458 	0.122 	-0.082 	0.031 	
148.898 	18.330 	78.469 	0.015 	-0.073 	0.012 	
5.726 	-25.076 	36.335 	-0.155 	-0.216 	0.054 	
-338.940 	442.856 	-29.094 	-0.097 	0.033 	-0.014 	
196.690 	14.733 	16.669 	-0.058 	0.102 	-0.035 	
713.372 	-243.203 	271.026 	0.198 	-0.082 	0.083 	
-14.204 	-85.536 	18.631 	-0.092 	-0.123 	0.003 	
57.071 	-59.485 	38.089 	0.060 	-0.000 	0.203 	
108.438 	-60.501 	-28.248 	0.062 	0.001 	0.078 	
84.329 	99.796 	63.163 	0.119 	-0.039 	-0.025 	
94.679 	-0.878 	27.257 	-0.106 	-0.037 	-0.066 	
-59.816 	-23.344 	-8.077 	-0.134 	0.009 	-0.037 	
-55.795 	-72.592 	7.771 	0.014 	0.054 	0.025 	
3.477 	-17.665 	76.299 	0.055 	0.049 	-0.016 	
53.683 	-25.405 	2.819 	-0.169 	0.028 	0.146 	
21.246 	-80.272 	47.919 	0.130 	0.013 	-0.025 	
27.433 	-14.752 	85.658 	0.115 	-0.052 	-0.031 	
535.699 	-755.701 	450.007 	0.144 	-0.202 	0.107 	
-500.926 	267.522 	154.978 	-0.094 	0.006 	0.042 	
45.254 	-62.031 	41.505 	-0.203 	-0.266 	0.051 	
-21.457 	-29.641 	26.623 	-0.144 	-0.023 	-0.033 	
70.728 	-190.335 	58.052 	0.118 	-0.063 	0.011 	
-71.041 	-72.153 	77.283 	-0.063 	-0.020 	-0.105 	
-20.605 	-24.446 	61.109 	0.030 	-0.029 	0.132 	
-942.711 	5880.889 	385.806 	-0.247 	1.412 	0.093 	
70.526 	-66.800 	-67.320 	-0.066 	0.032 	0.078 	
69.225 	-23.281 	50.706 	-0.131 	-0.176 	0.075 	
-249.228 	-101.887 	99.544 	-0.071 	0.001 	-0.003 	
119.503 	-61.626 	43.844 	-0.034 	0.143 	0.067 	
77.429 	-122.203 	102.301 	-0.002 	0.049 	-0.020 	
-42.231 	-90.152 	-45.055 	0.009 	-0.022 	-0.049 	
96.865 	-15.980 	-2.188 	-0.018 	0.034 	0.030 	
141.595 	-11.135 	44.186 	-0.150 	0.061 	-0.019 	
99.049 	9.802 	67.070 	-0.119 	-0.138 	-0.065 	
-28.496 	-33.191 	25.216 	0.111 	0.007 	0.029 	
-56.836 	-70.652 	50.568 	-0.074 	0.078 	0.094 	
46.566 	19.347 	-13.444 	-0.111 	-0.109 	0.079 	
-144.579 	79.057 	-70.912 	-0.011 	-0.009 	-0.013 	
37.979 	19.740 	-95.134 	-0.009 	0.031 	-0.058 	
446.948 	74.432 	-10.963 	0.080 	0.040 	-0.003 	
139.646 	-64.280 	37.591 	-0.036 	-0.095 	0.071 	
-2383.759 	-2796.442 	-1316.214 	-0.522 	-0.568 	-0.262 	
68.211 	-51.781 	36.603 	-0.221 	0.067 	-0.156 	
120.845 	82.421 	98.891 	0.028 	0.004 	0.079 	
-644.267 	-906.631 	406.102 	-0.184 	-0.262 	0.111 	
54.615 	-94.094 	63.993 	0.101 	-0.195 	0.110 	
-464.075 	170.467 	533.746 	-0.141 	0.066 	0.169 	
50.162 	-37.626 	51.618 	0.112 	0.005 	-0.017 	
33.429 	-30.327 	33.021 	0.172 	-0.004 	0.041 	
-98.863 	-39.955 	83.672 	0.070 	-0.076 	-0.020 	
56.967 	-77.402 	38.802 	0.024 	0.098 	-0.006 	
36.161 	-82.823 	43.758 	0.132 	0.123 	0.039 	
-37.896 	-9.995 	59.286 	-0.030 	-0.034 	-0.021 	
-24.739 	21.640 	245.372 	0.015 	-0.034 	0.055 	
91.623 	-112.171 	30.290 	-0.140 	0.087 	-0.033 	
74.950 	-169.356 	67.714 	-0.132 	0.104 	-0.010 	
-0.298 	-39.959 	114.326 	0.021 	-0.013 	-0.046 	
138.983 	-32.066 	42.506 	-0.022 	0.032 	-0.005 	
-306.579 	-41.713 	54.498 	-0.066 	0.014 	0.026 	
152.839 	-80.150 	24.159 	0.044 	-0.030 	0.019 	
25.004 	24.583 	-81.401 	-0.064 	-0.019 	0.079 	
40.215 	-11.140 	45.786 	-0.145 	-0.164 	0.159 	
18.543 	-49.461 	31.808 	0.027 	0.031 	-0.101 	
11.939 	62.268 	21.613 	0.097 	0.155 	-0.000 	
-9.980 	-43.250 	38.004 	0.123 	-0.052 	0.066 	
90.533 	-53.496 	116.647 	0.027 	-0.050 	-0.174 	
141.579 	45.589 	131.007 	-0.055 	-0.025 	0.006 	
-824.611 	4162.629 	5370.517 	-1.661 	6.956 	8.886 	
97.604 	37.912 	145.184 	-0.054 	-0.012 	-0.015 	
84.283 	4.445 	107.173 	-0.173 	0.005 	0.069 	
90.958 	-39.605 	25.123 	-0.052 	-0.153 	0.037 	
-3.502 	0.452 	28.664 	-0.184 	0.241 	-0.138 	
-76.614 	-217.829 	50.482 	-0.025 	-0.050 	0.015 	
26.558 	43.615 	-3.964 	-0.025 	0.055 	-0.054 	
-5.842 	-6.293 	57.600 	-0.177 	0.023 	0.112 	
-51.800 	-205.314 	74.112 	-0.016 	-0.086 	-0.004 	
80.033 	-34.700 	21.539 	-0.051 	-0.185 	-0.029 	
135.452 	-75.994 	15.029 	-0.069 	-0.078 	0.097 	
-225.633 	-71.758 	7.629 	-0.006 	-0.034 	-0.025 	
-672.077 	-876.331 	2990.781 	-0.163 	-0.177 	0.622 	
31.636 	-46.884 	186.304 	-0.093 	-0.018 	-0.054 	
-17.868 	-54.342 	75.416 	-0.112 	-0.022 	0.114 	
43.546 	-63.137 	-12.725 	0.075 	-0.014 	0.136 	
37.780 	-29.446 	116.456 	-0.088 	-0.024 	-0.121 	
121.930 	-48.980 	-55.748 	0.064 	-0.011 	-0.052 	
-8.625 	-24.501 	89.916 	0.007 	0.035 	0.008 	
-21.406 	-83.282 	55.190 	-0.029 	0.070 	-0.004 	
-163.373 	-63.272 	114.259 	0.029 	-0.001 	-0.055 	
-35.999 	-48.853 	12.816 	-0.064 	0.053 	-0.028 	
-36.763 	-107.835 	31.954 	-0.000 	-0.125 	-0.088 	
56.041 	-44.018 	-7.290 	-0.025 	-0.086 	-0.012 	
74.716 	-29.177 	45.431 	0.070 	0.050 	0.036 	
-37.959 	-34.428 	70.517 	-0.118 	0.130 	0.051 	
32.899 	-61.082 	65.502 	0.096 	0.046 	0.049 	
36.907 	-53.169 	65.663 	-0.223 	0.094 	0.134 	
47.763 	-22.409 	32.585 	-0.109 	-0.194 	-0.004 	
68.996 	-116.857 	92.933 	0.046 	-0.079 	0.083 	
86.435 	-52.352 	43.457 	-0.131 	0.062 	0.114 	
-58.985 	-86.481 	39.477 	-0.018 	-0.097 	0.093 	
-402.137 	-702.098 	-1059.306 	-0.255 	-0.331 	-0.517 	
132.183 	-3.916 	25.913 	0.076 	0.032 	-0.120 	
170.446 	-41.811 	-25.716 	-0.060 	-0.044 	-0.109 	
165.986 	-27.040 	12.648 	0.179 	0.017 	-0.042 	
78.835 	-35.011 	50.745 	-0.259 	-0.071 	0.060 	
124.847 	-29.756 	-6.142 	-0.160 	-0.039 	0.030 	
46.147 	-127.687 	-55.925 	0.051 	-0.073 	0.112 	
14.691 	-20.217 	104.335 	-0.085 	-0.096 	-0.061 	
8.885 	-49.659 	69.687 	0.054 	0.143 	0.001 	
118.681 	-19.194 	170.418 	-0.102 	-0.034 	0.098 	
3.286 	-24.602 	137.750 	-0.006 	-0.065 	0.026 	
-31.760 	-75.703 	73.444 	-0.099 	-0.094 	-0.001 	
-166.938 	-5420.775 	-928.070 	-0.060 	-1.309 	-0.223 	
13.041 	-61.761 	51.634 	-0.120 	0.231 	-0.033 	
51.563 	-46.666 	62.587 	0.191 	-0.135 	-0.152 	
-50772.643 	-4590.974 	-41642.210 	-23.128 	-2.071 	-18.899 	
-7.684 	-101.031 	-5.344 	-0.086 	-0.050 	-0.051 	
-54.905 	22.481 	-32.867 	0.025 	0.036 	0.013 	
18.850 	-82.242 	23.272 	0.022 	0.066 	-0.161 	
0.427 	-120.352 	55.722 	0.007 	-0.046 	-0.083 	
56.319 	48.141 	119.450 	-0.022 	0.082 	0.007 	
-30.681 	-100.557 	79.663 	-0.059 	-0.062 	-0.072 	
-41.060 	-18.864 	5.764 	-0.006 	0.032 	0.022 	
121.755 	-9.351 	84.444 	-0.122 	0.021 	0.008 	
43.274 	-42.880 	74.630 	-0.191 	0.116 	0.109 	
1185.723 	-4250.962 	-5296.304 	1.676 	-7.008 	-8.818 	
48.324 	-43.730 	20.368 	0.214 	0.067 	-0.171 	
124.570 	-89.608 	79.835 	-0.157 	-0.010 	-0.022 	
-143.791 	5.443 	84.084 	-0.036 	-0.010 	-0.016 	
3243.034 	-2494.094 	-1986.365 	0.881 	-0.661 	-0.534 	
-43.548 	10.465 	-1.411 	-0.075 	0.108 	-0.030 	
-548.741 	-330.771 	251.353 	-0.711 	-0.259 	0.189 	
-24.730 	-70.858 	0.999 	-0.025 	-0.106 	-0.101 	
