## Las primeras 500 lineas corresponden a la esfera 1 
##las siguienets 500 lineas a la esfera 2
## Las primeras tres columnas corresponden a la posición en 'x', 'y' y 'z', las siguientes tres a las velocidades
-8.912 	-1285.202 	127.760 	-0.010 	-0.246 	0.028 	
411.227 	-393.355 	-5.676 	0.086 	-0.077 	-0.003 	
474.272 	1636.112 	1108.699 	0.099 	0.315 	0.206 	
-1528.385 	1695.130 	1117.030 	-0.304 	0.334 	0.221 	
-323.098 	-346.631 	1581.431 	-0.053 	-0.066 	0.315 	
1691.436 	1091.482 	1943.002 	0.342 	0.215 	0.375 	
1758.366 	-888.195 	-1715.350 	0.345 	-0.169 	-0.337 	
-1661.363 	-957.542 	600.894 	-0.322 	-0.178 	0.123 	
1439.066 	445.225 	955.523 	0.277 	0.096 	0.186 	
550.790 	522.327 	750.395 	0.105 	0.099 	0.152 	
1463.862 	-118.084 	86.026 	0.279 	-0.021 	0.014 	
-318.853 	-1328.899 	215.080 	-0.056 	-0.257 	0.045 	
281.360 	-945.545 	142.322 	0.067 	-0.182 	0.029 	
1065.207 	1503.333 	1451.043 	0.199 	0.293 	0.280 	
-64.108 	1253.211 	-2027.257 	-0.018 	0.250 	-0.391 	
-717.025 	-136.553 	4.509 	-0.139 	-0.018 	0.003 	
-808.083 	1639.163 	-664.644 	-0.162 	0.314 	-0.131 	
175.585 	932.910 	-1819.869 	0.032 	0.172 	-0.359 	
-2385.041 	-1778.030 	-1008.451 	-0.474 	-0.342 	-0.200 	
850.415 	-2068.448 	-1784.938 	0.158 	-0.406 	-0.349 	
199.197 	-1932.117 	2300.123 	0.042 	-0.368 	0.453 	
168.883 	715.540 	2005.249 	0.030 	0.137 	0.382 	
-515.890 	-919.690 	458.525 	-0.100 	-0.169 	0.085 	
-1684.872 	-1335.674 	612.230 	-0.322 	-0.254 	0.115 	
1165.850 	-828.955 	1351.177 	0.234 	-0.161 	0.257 	
-781.846 	-17.548 	1779.986 	-0.142 	-0.000 	0.342 	
129.418 	-1085.937 	-70.618 	0.032 	-0.204 	-0.010 	
470.445 	-1971.658 	1467.745 	0.088 	-0.393 	0.287 	
-1712.785 	1719.151 	446.883 	-0.326 	0.333 	0.088 	
-964.144 	-1485.435 	1180.278 	-0.181 	-0.285 	0.233 	
-611.230 	-1034.964 	-1743.472 	-0.116 	-0.196 	-0.340 	
832.892 	1377.605 	1660.431 	0.158 	0.261 	0.324 	
1671.467 	-628.674 	1543.175 	0.326 	-0.122 	0.303 	
-1089.499 	1143.143 	144.003 	-0.200 	0.220 	0.029 	
179.435 	-587.078 	-1906.097 	0.034 	-0.121 	-0.362 	
296.905 	-256.030 	205.806 	0.069 	-0.043 	0.041 	
-804.945 	-1632.537 	-1847.974 	-0.158 	-0.314 	-0.370 	
-790.339 	-2000.965 	1503.252 	-0.144 	-0.388 	0.293 	
-761.871 	-180.604 	1079.972 	-0.152 	-0.031 	0.213 	
1296.689 	-2048.214 	1481.491 	0.251 	-0.399 	0.292 	
2214.421 	824.912 	-86.940 	0.433 	0.150 	-0.019 	
390.458 	-516.549 	173.709 	0.080 	-0.092 	0.029 	
848.473 	242.285 	1438.523 	0.159 	0.039 	0.270 	
-83.301 	-1419.074 	-922.179 	-0.025 	-0.276 	-0.178 	
347.942 	-411.212 	1398.521 	0.076 	-0.081 	0.277 	
185.217 	359.216 	-674.903 	0.044 	0.073 	-0.125 	
2143.229 	160.869 	39.174 	0.416 	0.039 	0.012 	
-502.597 	1981.857 	-523.573 	-0.098 	0.388 	-0.104 	
473.290 	-572.579 	-764.554 	0.100 	-0.114 	-0.146 	
1840.003 	1187.706 	586.721 	0.360 	0.239 	0.114 	
-1690.265 	-624.242 	-1373.149 	-0.324 	-0.126 	-0.273 	
973.039 	-165.213 	966.829 	0.181 	-0.031 	0.181 	
2065.758 	-939.378 	-2037.424 	0.411 	-0.192 	-0.398 	
-166.054 	1299.450 	23.309 	-0.022 	0.250 	0.011 	
-1490.877 	1615.336 	1179.633 	-0.296 	0.310 	0.228 	
-333.206 	-1935.777 	987.966 	-0.060 	-0.383 	0.198 	
-816.084 	-28.215 	-1224.011 	-0.149 	-0.009 	-0.243 	
72.189 	-1720.681 	-595.978 	0.022 	-0.335 	-0.118 	
-2008.812 	1436.418 	1715.905 	-0.395 	0.285 	0.340 	
1166.883 	1809.106 	723.681 	0.230 	0.348 	0.133 	
-526.318 	1953.500 	517.678 	-0.112 	0.383 	0.099 	
761.086 	1154.299 	-681.745 	0.154 	0.220 	-0.130 	
-1548.134 	2098.725 	827.970 	-0.311 	0.413 	0.163 	
1394.102 	397.460 	-702.391 	0.272 	0.086 	-0.136 	
1668.185 	-1940.779 	-1967.798 	0.338 	-0.378 	-0.380 	
2390.257 	-803.240 	-2008.229 	0.478 	-0.156 	-0.393 	
1520.775 	-1121.228 	-1750.191 	0.310 	-0.219 	-0.342 	
-2204.086 	2405.250 	-694.989 	-0.435 	0.479 	-0.141 	
2378.772 	1112.343 	1442.928 	0.475 	0.219 	0.278 	
-343.801 	702.084 	862.048 	-0.067 	0.121 	0.169 	
1572.495 	584.059 	618.229 	0.314 	0.106 	0.115 	
650.354 	-107.616 	736.821 	0.137 	-0.015 	0.143 	
-37.376 	1244.660 	-2050.188 	-0.005 	0.237 	-0.399 	
-531.542 	-1547.147 	-625.498 	-0.106 	-0.301 	-0.118 	
-931.077 	800.567 	1250.682 	-0.191 	0.154 	0.240 	
922.624 	-272.566 	-509.223 	0.179 	-0.051 	-0.086 	
-53.906 	-476.564 	-1440.746 	-0.013 	-0.083 	-0.281 	
1793.891 	1060.859 	-1689.117 	0.354 	0.208 	-0.338 	
233.231 	-394.447 	-792.601 	0.041 	-0.072 	-0.158 	
-27.175 	-507.428 	1730.520 	0.000 	-0.103 	0.335 	
-305.843 	1592.170 	497.455 	-0.067 	0.302 	0.098 	
468.250 	-833.195 	-569.504 	0.082 	-0.158 	-0.104 	
1022.661 	1299.845 	1688.072 	0.196 	0.257 	0.328 	
-430.962 	-1359.654 	1720.209 	-0.088 	-0.260 	0.339 	
1336.611 	-716.492 	-322.274 	0.266 	-0.131 	-0.070 	
-1230.621 	-1721.482 	-1677.009 	-0.233 	-0.333 	-0.322 	
1277.675 	-403.061 	-798.894 	0.250 	-0.084 	-0.167 	
-1326.664 	-1426.644 	1532.616 	-0.268 	-0.278 	0.300 	
-1841.169 	-1806.050 	1187.233 	-0.352 	-0.353 	0.235 	
-1668.338 	-731.262 	-182.515 	-0.318 	-0.149 	-0.028 	
2181.963 	994.045 	1544.809 	0.426 	0.205 	0.300 	
57.633 	845.245 	1562.295 	0.009 	0.169 	0.305 	
150.672 	-371.795 	147.437 	0.035 	-0.078 	0.030 	
-262.144 	-1862.859 	-774.377 	-0.045 	-0.368 	-0.145 	
1796.020 	-1195.845 	1782.528 	0.349 	-0.227 	0.346 	
-690.220 	1163.862 	-1881.856 	-0.125 	0.235 	-0.364 	
1803.344 	454.490 	1160.742 	0.360 	0.085 	0.226 	
1936.964 	444.239 	-1290.863 	0.386 	0.087 	-0.251 	
2197.845 	1744.118 	272.824 	0.441 	0.338 	0.054 	
1203.333 	-936.479 	1201.715 	0.226 	-0.189 	0.230 	
-1397.712 	1847.569 	1017.224 	-0.272 	0.352 	0.203 	
-2281.526 	-1642.769 	-709.294 	-0.453 	-0.319 	-0.132 	
616.115 	-2128.863 	1227.640 	0.122 	-0.419 	0.238 	
-929.260 	-216.083 	1615.436 	-0.179 	-0.034 	0.320 	
1154.968 	-497.203 	630.578 	0.235 	-0.097 	0.127 	
-1942.553 	976.267 	1783.677 	-0.371 	0.191 	0.343 	
-1912.077 	-1343.104 	1262.321 	-0.381 	-0.258 	0.250 	
-2231.155 	2337.109 	-951.338 	-0.441 	0.465 	-0.186 	
1407.171 	-905.740 	65.170 	0.269 	-0.181 	0.020 	
2357.238 	-212.301 	-759.166 	0.467 	-0.047 	-0.140 	
-578.520 	-201.287 	1157.132 	-0.109 	-0.042 	0.230 	
523.679 	-697.425 	1047.077 	0.092 	-0.137 	0.204 	
936.631 	-1.308 	341.740 	0.175 	-0.007 	0.062 	
-353.751 	2025.284 	-738.824 	-0.074 	0.389 	-0.137 	
-1362.172 	1856.741 	1863.430 	-0.268 	0.363 	0.367 	
-212.194 	1992.361 	1933.401 	-0.036 	0.392 	0.378 	
611.603 	-2082.350 	-366.317 	0.117 	-0.406 	-0.061 	
-2204.952 	-631.179 	2079.633 	-0.427 	-0.131 	0.403 	
1504.081 	-907.642 	-780.201 	0.292 	-0.185 	-0.144 	
-149.221 	1473.271 	272.754 	-0.038 	0.284 	0.057 	
-1028.621 	227.343 	1277.992 	-0.195 	0.046 	0.257 	
1171.925 	-1640.401 	-739.513 	0.231 	-0.325 	-0.144 	
952.883 	-303.264 	-1555.447 	0.184 	-0.049 	-0.305 	
1923.968 	-870.462 	1970.058 	0.369 	-0.173 	0.386 	
-2101.300 	719.579 	1048.641 	-0.417 	0.137 	0.202 	
607.651 	-260.111 	-757.946 	0.111 	-0.043 	-0.142 	
-2183.359 	-1396.829 	-831.714 	-0.424 	-0.271 	-0.155 	
-2306.985 	-2139.305 	874.320 	-0.459 	-0.418 	0.168 	
-1689.988 	873.882 	-2066.968 	-0.331 	0.173 	-0.395 	
-1806.659 	-1885.842 	722.062 	-0.345 	-0.371 	0.140 	
-191.408 	-1261.625 	989.049 	-0.044 	-0.243 	0.195 	
-490.526 	1607.976 	-912.963 	-0.099 	0.316 	-0.184 	
-1262.502 	1048.254 	14.989 	-0.248 	0.199 	0.002 	
35.223 	598.792 	-1813.632 	0.000 	0.111 	-0.349 	
2243.280 	-2054.884 	203.647 	0.434 	-0.399 	0.034 	
-298.659 	-1602.661 	-825.076 	-0.051 	-0.311 	-0.170 	
244.666 	-1251.307 	569.693 	0.041 	-0.243 	0.103 	
-1484.921 	-1895.030 	1489.931 	-0.281 	-0.374 	0.293 	
1751.154 	-845.991 	-868.996 	0.342 	-0.160 	-0.168 	
756.567 	-1562.727 	469.904 	0.159 	-0.302 	0.096 	
-1513.177 	-938.275 	-1200.319 	-0.286 	-0.187 	-0.233 	
1963.573 	-573.773 	-521.247 	0.373 	-0.106 	-0.103 	
-1330.340 	2015.326 	481.000 	-0.262 	0.388 	0.099 	
-1608.970 	-1687.593 	264.219 	-0.315 	-0.328 	0.057 	
-511.200 	626.595 	746.390 	-0.105 	0.114 	0.144 	
1234.085 	-267.926 	1751.287 	0.239 	-0.051 	0.332 	
-918.714 	-124.855 	-729.986 	-0.174 	-0.015 	-0.142 	
-22.797 	1044.894 	1575.800 	-0.009 	0.201 	0.297 	
1881.895 	-1743.226 	-2031.201 	0.360 	-0.342 	-0.399 	
-161.821 	1456.555 	-1032.488 	-0.024 	0.277 	-0.203 	
1864.688 	-2023.508 	521.401 	0.366 	-0.393 	0.093 	
-1459.392 	-575.412 	1264.555 	-0.276 	-0.106 	0.245 	
501.237 	1122.131 	2159.229 	0.094 	0.211 	0.422 	
-2184.628 	-2142.602 	-804.687 	-0.426 	-0.417 	-0.162 	
-1841.710 	-115.192 	-2074.766 	-0.361 	-0.017 	-0.406 	
-172.465 	-872.281 	-743.423 	-0.043 	-0.170 	-0.144 	
2025.482 	-464.857 	1490.977 	0.414 	-0.089 	0.284 	
-1939.641 	-990.562 	1926.245 	-0.379 	-0.199 	0.374 	
-950.055 	-1517.004 	2144.675 	-0.180 	-0.298 	0.423 	
230.569 	-1502.800 	1257.889 	0.044 	-0.294 	0.248 	
2078.255 	-1730.417 	1587.110 	0.416 	-0.340 	0.313 	
-669.326 	381.753 	415.807 	-0.123 	0.077 	0.075 	
-702.840 	-83.268 	1177.216 	-0.155 	-0.001 	0.247 	
1042.828 	149.143 	-85.494 	0.211 	0.034 	-0.010 	
113.707 	-776.238 	427.686 	0.019 	-0.150 	0.078 	
-790.732 	-21.501 	-280.227 	-0.158 	-0.003 	-0.047 	
-742.398 	1193.872 	-1051.536 	-0.143 	0.233 	-0.205 	
2372.026 	-498.372 	-145.200 	0.466 	-0.107 	-0.027 	
686.722 	-40.003 	-249.648 	0.134 	-0.016 	-0.039 	
818.063 	-440.274 	-472.457 	0.150 	-0.090 	-0.083 	
-1346.140 	405.444 	2244.441 	-0.259 	0.078 	0.441 	
1285.305 	874.047 	82.680 	0.263 	0.164 	0.018 	
-1934.004 	384.027 	828.442 	-0.381 	0.071 	0.159 	
540.698 	-122.720 	-638.923 	0.101 	-0.031 	-0.125 	
-2229.086 	-994.889 	1890.906 	-0.442 	-0.194 	0.368 	
-1746.717 	-669.269 	-143.809 	-0.341 	-0.125 	-0.023 	
-878.009 	-483.152 	-479.074 	-0.169 	-0.094 	-0.096 	
1356.225 	1210.021 	1721.975 	0.267 	0.238 	0.326 	
416.539 	-415.422 	1728.556 	0.084 	-0.079 	0.339 	
2039.611 	1261.226 	2194.114 	0.397 	0.253 	0.433 	
1758.605 	1599.067 	1753.394 	0.342 	0.314 	0.352 	
1894.419 	-1603.979 	-1637.285 	0.366 	-0.317 	-0.322 	
1375.760 	1962.221 	109.582 	0.278 	0.381 	0.020 	
-971.772 	105.338 	538.238 	-0.193 	0.016 	0.112 	
-396.358 	149.878 	-1239.906 	-0.073 	0.033 	-0.249 	
-290.464 	904.111 	994.856 	-0.065 	0.175 	0.193 	
-2201.960 	-1964.872 	1192.047 	-0.432 	-0.378 	0.242 	
-864.119 	685.744 	-789.571 	-0.167 	0.137 	-0.149 	
-597.248 	-1847.221 	-1405.124 	-0.117 	-0.354 	-0.275 	
-1021.811 	-1793.833 	-1079.973 	-0.189 	-0.348 	-0.210 	
167.222 	-1972.429 	-1626.108 	0.031 	-0.381 	-0.314 	
1736.189 	703.716 	129.861 	0.349 	0.138 	0.030 	
1936.025 	-153.668 	-1359.862 	0.378 	-0.032 	-0.259 	
-851.785 	303.596 	100.235 	-0.154 	0.056 	0.026 	
-871.133 	959.163 	518.851 	-0.180 	0.184 	0.102 	
1990.757 	-896.394 	-5.331 	0.386 	-0.182 	-0.008 	
-1142.829 	759.945 	-2065.921 	-0.225 	0.145 	-0.405 	
2055.916 	-166.690 	1304.516 	0.398 	-0.025 	0.259 	
427.559 	691.559 	579.716 	0.094 	0.138 	0.118 	
1272.587 	-408.062 	-853.996 	0.254 	-0.071 	-0.156 	
-1246.201 	1578.970 	358.020 	-0.241 	0.299 	0.073 	
-10.769 	-1562.033 	943.727 	0.006 	-0.295 	0.180 	
-202.124 	-167.302 	-1672.196 	-0.031 	-0.031 	-0.321 	
-604.482 	89.496 	347.474 	-0.121 	0.019 	0.069 	
-228.484 	-1773.848 	-1774.776 	-0.041 	-0.341 	-0.352 	
-477.266 	-759.067 	1838.415 	-0.088 	-0.151 	0.346 	
2240.273 	-301.562 	-1617.857 	0.442 	-0.066 	-0.313 	
-481.923 	322.554 	-336.024 	-0.091 	0.059 	-0.060 	
1865.237 	-1954.065 	1794.424 	0.372 	-0.378 	0.351 	
-643.492 	-680.568 	613.625 	-0.123 	-0.124 	0.117 	
-587.503 	-65.522 	1839.170 	-0.107 	-0.006 	0.356 	
424.698 	966.859 	203.320 	0.094 	0.187 	0.041 	
-2031.795 	2114.637 	-1532.846 	-0.401 	0.414 	-0.299 	
114.048 	-540.677 	-2083.394 	0.034 	-0.102 	-0.406 	
-363.054 	-1091.543 	1299.885 	-0.067 	-0.201 	0.255 	
-1235.199 	-977.006 	-876.647 	-0.247 	-0.190 	-0.168 	
1119.712 	2025.349 	-1721.245 	0.221 	0.397 	-0.346 	
-1200.221 	154.924 	1301.678 	-0.243 	0.029 	0.251 	
-47.604 	280.813 	992.041 	-0.015 	0.055 	0.184 	
-349.890 	-380.231 	689.664 	-0.053 	-0.085 	0.105 	
1948.177 	-476.174 	-1235.260 	0.379 	-0.102 	-0.245 	
2277.550 	-2137.005 	23.853 	0.443 	-0.418 	0.013 	
-1659.581 	-1228.968 	-91.237 	-0.332 	-0.243 	-0.020 	
75.188 	-1732.263 	452.870 	0.009 	-0.331 	0.093 	
-808.335 	123.802 	1697.070 	-0.161 	0.018 	0.324 	
-1112.064 	2095.541 	83.838 	-0.208 	0.406 	0.022 	
-1536.029 	-1633.973 	702.633 	-0.297 	-0.313 	0.134 	
1882.654 	-771.208 	-1569.893 	0.370 	-0.148 	-0.313 	
-1344.462 	-1965.838 	1266.920 	-0.263 	-0.374 	0.248 	
-918.835 	-18.449 	764.303 	-0.178 	-0.013 	0.152 	
-974.264 	205.762 	1978.296 	-0.189 	0.040 	0.391 	
-1750.756 	1295.704 	-323.351 	-0.338 	0.251 	-0.052 	
-1672.331 	582.130 	59.827 	-0.333 	0.113 	0.013 	
-618.227 	551.493 	-1026.259 	-0.119 	0.113 	-0.196 	
1843.253 	2322.057 	-2108.988 	0.358 	0.463 	-0.416 	
-1507.737 	840.541 	1177.473 	-0.300 	0.163 	0.237 	
-1707.205 	-186.870 	-1787.561 	-0.326 	-0.039 	-0.348 	
1024.355 	-1439.089 	681.250 	0.203 	-0.285 	0.124 	
1548.806 	1672.151 	-145.384 	0.315 	0.326 	-0.023 	
1749.711 	905.700 	-1968.399 	0.337 	0.180 	-0.377 	
1153.746 	555.694 	-1327.857 	0.221 	0.105 	-0.248 	
-860.032 	-1670.439 	-487.228 	-0.163 	-0.317 	-0.097 	
1592.265 	-732.105 	184.416 	0.314 	-0.139 	0.025 	
-491.722 	1706.216 	414.417 	-0.044 	0.372 	0.096 	
464.209 	-1238.504 	1825.082 	0.092 	-0.237 	0.344 	
-1047.574 	686.404 	-810.359 	-0.204 	0.130 	-0.162 	
-1538.435 	-59.934 	758.546 	-0.305 	-0.012 	0.153 	
1667.606 	-565.906 	1676.902 	0.332 	-0.113 	0.317 	
456.278 	-1235.809 	-1893.929 	0.096 	-0.244 	-0.359 	
2310.723 	390.134 	-1290.879 	0.460 	0.076 	-0.254 	
771.408 	-490.539 	1647.632 	0.159 	-0.095 	0.318 	
-1380.135 	1810.694 	-402.054 	-0.257 	0.354 	-0.077 	
-872.965 	-849.870 	728.371 	-0.172 	-0.165 	0.147 	
-744.284 	-953.527 	360.207 	-0.142 	-0.185 	0.082 	
2043.462 	18.019 	904.620 	0.402 	0.012 	0.181 	
-1392.048 	136.612 	1267.111 	-0.272 	0.026 	0.257 	
1.075 	816.719 	-1553.540 	-0.008 	0.160 	-0.308 	
-1486.877 	-1946.493 	-1926.766 	-0.282 	-0.377 	-0.383 	
1060.124 	1670.543 	-764.545 	0.202 	0.321 	-0.147 	
-2053.054 	985.286 	1227.234 	-0.403 	0.192 	0.234 	
-2141.697 	124.949 	822.636 	-0.424 	0.030 	0.160 	
672.247 	-1716.816 	-1749.744 	0.127 	-0.338 	-0.333 	
-2785.757 	85.413 	-7.017 	-0.593 	-0.015 	-0.005 	
-1949.511 	-788.144 	1028.003 	-0.376 	-0.155 	0.206 	
1184.685 	-454.979 	-1402.372 	0.228 	-0.089 	-0.281 	
586.685 	389.210 	247.333 	0.121 	0.076 	0.058 	
-56.336 	-752.477 	501.656 	-0.012 	-0.153 	0.087 	
-2087.165 	185.858 	-1203.616 	-0.411 	0.032 	-0.240 	
1700.648 	-180.405 	2310.622 	0.337 	-0.032 	0.458 	
-412.568 	-710.395 	1196.739 	-0.080 	-0.144 	0.224 	
779.955 	-1224.654 	-482.671 	0.146 	-0.236 	-0.090 	
292.470 	-303.531 	337.910 	0.062 	-0.066 	0.059 	
-1846.771 	-2185.403 	-1100.390 	-0.363 	-0.432 	-0.214 	
1052.477 	-999.650 	-1792.902 	0.204 	-0.185 	-0.343 	
435.017 	591.010 	-458.404 	0.092 	0.147 	-0.087 	
-840.811 	-253.329 	688.111 	-0.161 	-0.039 	0.140 	
2341.623 	1176.629 	-184.769 	0.467 	0.227 	-0.038 	
534.306 	-258.469 	-1205.673 	0.100 	-0.049 	-0.237 	
-1709.444 	586.358 	-2128.861 	-0.330 	0.118 	-0.414 	
809.761 	654.520 	635.812 	0.164 	0.119 	0.130 	
2079.986 	155.006 	-1706.972 	0.398 	0.027 	-0.328 	
-844.854 	271.064 	-1073.575 	-0.163 	0.058 	-0.214 	
-2084.481 	1896.022 	797.523 	-0.415 	0.371 	0.157 	
70.108 	-1652.720 	-1954.473 	0.020 	-0.321 	-0.388 	
1476.677 	1873.180 	-1155.644 	0.290 	0.365 	-0.237 	
1070.571 	-849.111 	215.231 	0.206 	-0.163 	0.051 	
1092.967 	-1819.403 	-1464.104 	0.209 	-0.350 	-0.293 	
700.256 	-851.716 	1199.852 	0.131 	-0.166 	0.232 	
918.584 	-917.749 	1459.627 	0.179 	-0.174 	0.285 	
1865.799 	2048.577 	-1809.515 	0.361 	0.403 	-0.362 	
1731.671 	-324.187 	1255.152 	0.343 	-0.057 	0.252 	
748.609 	-503.980 	-425.171 	0.150 	-0.092 	-0.082 	
-850.113 	-799.066 	1566.481 	-0.172 	-0.153 	0.306 	
-988.849 	-443.964 	1718.802 	-0.191 	-0.094 	0.334 	
398.248 	-1032.167 	-655.303 	0.079 	-0.198 	-0.130 	
-1396.420 	-218.364 	-35.498 	-0.271 	-0.046 	-0.009 	
-253.586 	1753.964 	-2164.605 	-0.040 	0.348 	-0.423 	
-1650.498 	-543.116 	1108.260 	-0.329 	-0.106 	0.214 	
-74.075 	-1694.112 	1795.435 	-0.015 	-0.323 	0.356 	
-825.951 	630.728 	1691.801 	-0.153 	0.127 	0.327 	
-228.233 	-72.090 	1194.575 	-0.049 	-0.017 	0.233 	
1504.194 	-1139.949 	18.279 	0.298 	-0.226 	-0.004 	
-120.562 	-767.484 	493.664 	-0.009 	-0.146 	0.103 	
-445.112 	-756.458 	1702.215 	-0.075 	-0.145 	0.334 	
-2121.296 	-597.552 	574.440 	-0.421 	-0.117 	0.113 	
-553.835 	-1410.103 	-304.614 	-0.116 	-0.270 	-0.059 	
607.736 	-2055.705 	1107.929 	0.114 	-0.409 	0.214 	
751.114 	-1550.503 	-417.447 	0.143 	-0.303 	-0.075 	
868.394 	-1902.712 	-232.712 	0.172 	-0.373 	-0.038 	
577.660 	91.718 	1727.461 	0.106 	0.013 	0.336 	
-1907.656 	932.442 	128.420 	-0.374 	0.180 	0.023 	
-454.876 	470.710 	887.516 	-0.079 	0.087 	0.168 	
-741.662 	-1115.903 	1805.318 	-0.149 	-0.217 	0.359 	
-1573.038 	-1884.787 	1633.341 	-0.307 	-0.363 	0.327 	
1132.842 	1287.921 	-1979.022 	0.218 	0.249 	-0.380 	
-674.904 	1169.124 	-1900.549 	-0.127 	0.221 	-0.361 	
-143.279 	-1601.742 	-1290.538 	-0.016 	-0.312 	-0.253 	
-45.315 	-111.687 	294.195 	0.002 	-0.029 	0.055 	
1394.866 	-652.002 	369.523 	0.274 	-0.127 	0.065 	
1100.014 	660.448 	-1221.195 	0.226 	0.128 	-0.236 	
-1379.816 	-1852.303 	1086.583 	-0.264 	-0.369 	0.207 	
2302.380 	-460.332 	-2097.333 	0.458 	-0.090 	-0.413 	
-356.276 	1489.480 	513.115 	-0.061 	0.293 	0.096 	
-1206.244 	1689.976 	-1458.680 	-0.237 	0.329 	-0.287 	
-1646.618 	1113.029 	-577.541 	-0.311 	0.216 	-0.112 	
-17.240 	573.093 	-206.777 	-0.009 	0.101 	-0.040 	
-1812.034 	710.596 	157.076 	-0.344 	0.147 	0.028 	
-88.319 	-1577.918 	-1218.557 	-0.020 	-0.303 	-0.228 	
-1481.825 	-857.235 	95.057 	-0.291 	-0.164 	0.010 	
1139.934 	912.546 	-1177.540 	0.232 	0.178 	-0.226 	
-1439.596 	2056.383 	265.469 	-0.282 	0.396 	0.061 	
1050.839 	-189.176 	-1527.141 	0.209 	-0.035 	-0.297 	
-210.844 	177.952 	-438.557 	-0.036 	0.025 	-0.077 	
-1993.527 	-1029.590 	-1858.959 	-0.387 	-0.209 	-0.368 	
926.019 	-382.713 	295.721 	0.176 	-0.077 	0.062 	
-1639.732 	-407.220 	1808.576 	-0.320 	-0.077 	0.355 	
1620.247 	-168.268 	1518.208 	0.316 	-0.037 	0.289 	
594.253 	-160.114 	-1388.154 	0.110 	-0.038 	-0.269 	
1699.389 	679.398 	-125.644 	0.326 	0.134 	-0.029 	
747.835 	345.528 	1234.424 	0.141 	0.071 	0.237 	
-139.450 	941.261 	-1568.548 	-0.032 	0.183 	-0.301 	
2098.751 	-1545.203 	-665.861 	0.420 	-0.300 	-0.125 	
-1897.125 	-1911.571 	2001.729 	-0.374 	-0.376 	0.391 	
-1657.860 	-1155.397 	-45.237 	-0.319 	-0.223 	-0.010 	
1282.107 	300.410 	435.218 	0.239 	0.058 	0.085 	
2080.822 	-522.997 	562.545 	0.406 	-0.098 	0.104 	
-1732.356 	638.272 	931.084 	-0.334 	0.129 	0.191 	
77.939 	-120.360 	15.755 	0.007 	-0.022 	0.008 	
-595.759 	-1214.449 	1670.590 	-0.107 	-0.232 	0.329 	
-230.881 	-1013.658 	-810.504 	-0.040 	-0.201 	-0.151 	
2007.901 	-792.796 	-1371.026 	0.391 	-0.163 	-0.265 	
242.462 	-1198.892 	-1133.477 	0.037 	-0.230 	-0.216 	
1554.751 	-1673.555 	2097.639 	0.310 	-0.320 	0.408 	
-1937.731 	-791.257 	-1025.203 	-0.374 	-0.147 	-0.194 	
-1747.783 	-475.822 	-665.567 	-0.347 	-0.099 	-0.127 	
263.098 	-441.679 	1608.996 	0.063 	-0.087 	0.311 	
1205.422 	-1189.708 	902.463 	0.246 	-0.232 	0.170 	
-1099.952 	902.994 	943.308 	-0.222 	0.172 	0.187 	
-1908.718 	-1070.177 	1593.802 	-0.370 	-0.199 	0.313 	
-1492.156 	-10.545 	499.631 	-0.293 	-0.004 	0.103 	
-1213.020 	-1422.940 	227.578 	-0.230 	-0.272 	0.040 	
1893.941 	1811.501 	1204.577 	0.374 	0.343 	0.232 	
1876.859 	1038.619 	-359.274 	0.375 	0.207 	-0.072 	
-1806.541 	-1699.831 	447.413 	-0.351 	-0.328 	0.093 	
-1487.521 	459.449 	844.018 	-0.293 	0.083 	0.166 	
-1219.307 	183.312 	1016.369 	-0.228 	0.041 	0.202 	
-1121.987 	-544.791 	-2140.937 	-0.220 	-0.111 	-0.425 	
-1044.347 	-1139.118 	-1653.474 	-0.206 	-0.227 	-0.327 	
2258.780 	2299.418 	-1087.358 	0.445 	0.456 	-0.209 	
2163.990 	782.349 	-1732.440 	0.424 	0.148 	-0.346 	
-548.850 	-906.663 	-601.074 	-0.106 	-0.181 	-0.114 	
-581.871 	-867.902 	1416.106 	-0.111 	-0.178 	0.274 	
557.919 	-122.837 	238.338 	0.116 	-0.027 	0.041 	
693.062 	226.744 	464.375 	0.139 	0.037 	0.087 	
-1240.261 	1317.055 	1260.974 	-0.248 	0.257 	0.246 	
-1407.650 	1686.498 	-1939.492 	-0.275 	0.323 	-0.378 	
-569.608 	-1303.534 	-2135.564 	-0.108 	-0.247 	-0.420 	
1728.951 	-855.627 	-1335.090 	0.329 	-0.164 	-0.257 	
-27.086 	13.626 	-1324.584 	-0.004 	0.004 	-0.258 	
668.344 	1659.610 	697.959 	0.132 	0.329 	0.141 	
1092.585 	-171.726 	-14.547 	0.221 	-0.032 	-0.004 	
876.052 	1005.694 	1199.988 	0.174 	0.192 	0.244 	
609.153 	-832.214 	-915.470 	0.125 	-0.160 	-0.172 	
1908.159 	-1549.599 	-1329.150 	0.384 	-0.304 	-0.260 	
613.193 	497.748 	-1272.390 	0.122 	0.097 	-0.250 	
-1381.601 	-1473.256 	-39.295 	-0.265 	-0.293 	-0.006 	
1159.864 	735.511 	935.449 	0.216 	0.139 	0.181 	
1616.974 	615.645 	216.343 	0.327 	0.111 	0.039 	
-154.566 	-1855.461 	1721.224 	-0.027 	-0.358 	0.345 	
140.968 	688.501 	1758.483 	0.038 	0.133 	0.335 	
1554.006 	-78.874 	1691.527 	0.313 	-0.014 	0.327 	
1802.165 	700.055 	-96.767 	0.348 	0.130 	-0.012 	
-1201.071 	-2268.013 	2246.169 	-0.231 	-0.446 	0.445 	
-2317.033 	-1900.892 	2085.545 	-0.458 	-0.368 	0.410 	
2176.142 	1780.215 	7.102 	0.435 	0.342 	0.001 	
2222.206 	458.398 	1883.695 	0.435 	0.080 	0.372 	
834.660 	247.025 	1442.634 	0.152 	0.052 	0.284 	
-1445.222 	-236.980 	-1798.735 	-0.282 	-0.045 	-0.349 	
1564.308 	795.517 	-668.099 	0.316 	0.155 	-0.132 	
-523.525 	1095.292 	-1871.115 	-0.105 	0.208 	-0.359 	
849.427 	896.067 	-276.626 	0.164 	0.173 	-0.056 	
1284.245 	-803.830 	-1124.869 	0.253 	-0.153 	-0.215 	
1719.425 	1609.769 	2004.131 	0.336 	0.321 	0.396 	
230.818 	1796.310 	-1299.026 	0.036 	0.347 	-0.250 	
-1848.806 	353.082 	767.155 	-0.355 	0.074 	0.153 	
544.743 	-1982.113 	1367.603 	0.113 	-0.385 	0.260 	
655.750 	-789.376 	-206.980 	0.123 	-0.158 	-0.040 	
1586.999 	106.294 	-159.005 	0.309 	0.028 	-0.036 	
-967.531 	902.005 	-1410.013 	-0.183 	0.180 	-0.278 	
1011.364 	-1761.338 	1004.242 	0.193 	-0.348 	0.198 	
1721.930 	1743.572 	80.462 	0.343 	0.339 	0.020 	
1164.850 	-1897.437 	1736.939 	0.226 	-0.361 	0.338 	
2065.762 	-173.551 	439.427 	0.404 	-0.024 	0.091 	
2306.812 	1835.066 	1214.673 	0.448 	0.359 	0.239 	
606.419 	-1528.420 	847.907 	0.128 	-0.299 	0.166 	
-1180.851 	-2104.969 	1975.911 	-0.232 	-0.416 	0.386 	
884.526 	-438.490 	-450.068 	0.179 	-0.077 	-0.086 	
-149.590 	53.391 	341.099 	-0.034 	0.005 	0.061 	
-1839.683 	2313.800 	1889.083 	-0.367 	0.461 	0.368 	
92.845 	197.602 	1792.777 	0.029 	0.040 	0.343 	
-274.047 	1807.182 	1659.147 	-0.056 	0.358 	0.318 	
1523.412 	-1630.338 	1795.750 	0.305 	-0.325 	0.355 	
-1631.968 	-1737.032 	1759.874 	-0.320 	-0.330 	0.344 	
-1918.236 	-1240.125 	1447.717 	-0.376 	-0.237 	0.284 	
-1439.156 	1330.309 	646.614 	-0.275 	0.264 	0.131 	
-340.237 	-2216.704 	423.818 	-0.055 	-0.432 	0.081 	
257.941 	-1056.890 	1506.136 	0.055 	-0.203 	0.294 	
-63.623 	220.154 	235.372 	-0.014 	0.036 	0.052 	
-1724.637 	-1965.378 	-1614.271 	-0.344 	-0.384 	-0.307 	
-1015.083 	-54.783 	1107.840 	-0.192 	-0.016 	0.213 	
1583.778 	583.051 	254.909 	0.301 	0.117 	0.054 	
782.114 	-1114.314 	1459.003 	0.157 	-0.223 	0.290 	
-1627.759 	-956.722 	-1385.767 	-0.313 	-0.181 	-0.266 	
84.122 	-956.060 	-416.477 	0.009 	-0.220 	-0.078 	
2139.766 	162.598 	23.499 	0.403 	0.017 	0.009 	
-1020.970 	-1462.237 	-1366.370 	-0.196 	-0.287 	-0.260 	
1703.578 	-1056.683 	109.985 	0.339 	-0.202 	0.024 	
-553.540 	1467.655 	1279.534 	-0.098 	0.281 	0.246 	
351.712 	-528.576 	1830.218 	0.069 	-0.101 	0.350 	
1816.596 	-256.378 	984.320 	0.357 	-0.053 	0.187 	
-569.174 	82.839 	-2182.546 	-0.106 	0.020 	-0.429 	
-990.144 	-344.181 	-46.288 	-0.191 	-0.076 	-0.003 	
442.750 	1695.561 	884.212 	0.082 	0.329 	0.175 	
-1920.739 	502.771 	-353.007 	-0.379 	0.093 	-0.072 	
1089.134 	-1079.575 	576.289 	0.208 	-0.204 	0.106 	
-377.785 	395.038 	-448.012 	-0.082 	0.072 	-0.088 	
1594.659 	-1696.094 	343.906 	0.312 	-0.332 	0.073 	
205.402 	-395.999 	602.795 	0.031 	-0.073 	0.114 	
2104.325 	-1729.379 	704.420 	0.419 	-0.334 	0.137 	
-985.489 	199.460 	-137.365 	-0.182 	0.037 	-0.026 	
-1646.010 	206.235 	1785.570 	-0.324 	0.050 	0.345 	
2186.513 	858.491 	-225.597 	0.427 	0.160 	-0.034 	
-1320.602 	1649.138 	-1018.309 	-0.251 	0.326 	-0.194 	
-1313.395 	1601.726 	-590.132 	-0.246 	0.312 	-0.116 	
1578.259 	-523.165 	-218.511 	0.302 	-0.090 	-0.040 	
-1712.412 	378.587 	1615.919 	-0.328 	0.077 	0.314 	
1786.937 	-1054.420 	-2119.466 	0.360 	-0.200 	-0.413 	
-1503.608 	-2043.643 	-1122.063 	-0.293 	-0.395 	-0.219 	
-447.421 	-233.286 	1590.656 	-0.079 	-0.046 	0.303 	
-124.718 	-1058.807 	-143.862 	-0.027 	-0.204 	-0.038 	
-175.041 	-287.918 	792.743 	-0.024 	-0.057 	0.161 	
1279.082 	564.891 	496.403 	0.257 	0.113 	0.102 	
797.085 	-1683.352 	-0.441 	0.163 	-0.319 	0.005 	
1154.457 	-1890.684 	-1843.940 	0.218 	-0.370 	-0.360 	
-1238.448 	1868.239 	-533.113 	-0.240 	0.359 	-0.107 	
-1569.526 	1743.662 	479.299 	-0.298 	0.345 	0.092 	
-2.610 	-167.581 	-574.073 	0.002 	-0.035 	-0.115 	
-136.251 	-1664.733 	1246.048 	-0.015 	-0.322 	0.241 	
563.042 	-669.299 	1884.347 	0.108 	-0.125 	0.374 	
1856.041 	1485.764 	-1955.164 	0.370 	0.298 	-0.384 	
41.762 	-1092.210 	-427.590 	0.006 	-0.212 	-0.074 	
2199.548 	1528.560 	-59.869 	0.440 	0.295 	-0.014 	
-837.328 	1278.048 	-2270.323 	-0.154 	0.245 	-0.442 	
-69.411 	164.479 	-413.712 	-0.015 	0.023 	-0.084 	
-1724.635 	-422.972 	735.748 	-0.325 	-0.085 	0.146 	
991.927 	-264.093 	10.063 	0.190 	-0.061 	0.000 	
-618.624 	-424.058 	1786.004 	-0.123 	-0.083 	0.336 	
-349.227 	104.702 	-2187.470 	-0.066 	0.026 	-0.426 	
1680.747 	692.283 	782.614 	0.318 	0.136 	0.148 	
-1785.975 	-1122.930 	-2417.511 	-0.344 	-0.217 	-0.481 	
1990.884 	-416.708 	477.959 	0.384 	-0.075 	0.096 	
1241.996 	-2015.562 	293.734 	0.240 	-0.395 	0.065 	
1028.148 	1913.414 	-1284.689 	0.211 	0.367 	-0.247 	
1630.773 	501.015 	-1380.611 	0.313 	0.104 	-0.265 	
70.631 	-2249.732 	1941.640 	0.020 	-0.446 	0.376 	
762.435 	-685.556 	671.118 	0.160 	-0.132 	0.128 	
65.740 	2135.124 	975.533 	0.024 	0.416 	0.192 	
1737.256 	-1122.145 	-1333.766 	0.350 	-0.221 	-0.260 	
864.638 	1986.230 	-105.847 	0.174 	0.388 	-0.012 	
1050.288 	580.668 	-639.798 	0.195 	0.114 	-0.122 	
1759.939 	1978.501 	-489.892 	0.338 	0.378 	-0.095 	
956.904 	1054.255 	-658.510 	0.199 	0.204 	-0.126 	
710.627 	-557.311 	-282.015 	0.149 	-0.115 	-0.056 	
628.034 	-458.980 	719.234 	0.124 	-0.089 	0.127 	
-571.305 	-1449.438 	-914.889 	-0.117 	-0.283 	-0.171 	
-2104.870 	-705.851 	1564.120 	-0.404 	-0.133 	0.304 	
-1796.045 	-1545.069 	-188.745 	-0.345 	-0.306 	-0.044 	
502.127 	1824.811 	985.328 	0.095 	0.361 	0.191 	
-436.391 	-618.370 	843.687 	-0.093 	-0.119 	0.164 	
1191.916 	-2020.953 	267.757 	0.240 	-0.394 	0.056 	
-2031.993 	-846.760 	1302.210 	-0.422 	-0.164 	0.250 	
1541.486 	-1866.264 	-1976.003 	0.271 	-0.372 	-0.381 	
-1899.899 	-809.307 	-1675.288 	-0.404 	-0.151 	-0.327 	
-627.263 	-1852.847 	894.525 	-0.148 	-0.355 	0.183 	
1397.471 	1051.856 	-272.231 	0.233 	0.198 	-0.056 	
-1250.460 	-1772.039 	1066.012 	-0.284 	-0.347 	0.212 	
2348.257 	-1818.334 	-1873.518 	0.429 	-0.361 	-0.371 	
1655.306 	-1251.859 	1104.644 	0.290 	-0.245 	0.224 	
-676.293 	-1108.586 	-1856.145 	-0.173 	-0.210 	-0.360 	
934.832 	1074.594 	-1464.587 	0.146 	0.209 	-0.290 	
1652.966 	660.469 	224.856 	0.292 	0.133 	0.037 	
363.629 	76.830 	494.575 	0.024 	0.008 	0.095 	
-2030.566 	1879.575 	2026.775 	-0.436 	0.365 	0.391 	
814.879 	-1522.107 	787.864 	0.114 	-0.297 	0.154 	
794.560 	2278.060 	2049.061 	0.123 	0.448 	0.393 	
-94.638 	1751.873 	1290.868 	-0.045 	0.342 	0.245 	
1472.787 	-632.151 	837.060 	0.261 	-0.119 	0.168 	
525.492 	-2131.610 	2010.348 	0.060 	-0.415 	0.393 	
-237.760 	2002.968 	707.018 	-0.077 	0.389 	0.146 	
1156.481 	-2010.790 	1823.625 	0.195 	-0.397 	0.352 	
391.318 	553.473 	1010.885 	0.039 	0.107 	0.198 	
-835.394 	2052.235 	-2078.220 	-0.188 	0.398 	-0.404 	
586.024 	695.467 	42.625 	0.091 	0.137 	0.010 	
1573.237 	118.301 	-250.105 	0.265 	0.028 	-0.054 	
-2284.371 	801.819 	-1178.397 	-0.489 	0.157 	-0.229 	
247.418 	1568.831 	955.706 	0.009 	0.310 	0.192 	
236.854 	-714.740 	6.607 	0.015 	-0.145 	0.005 	
-182.948 	-1578.696 	-286.148 	-0.072 	-0.312 	-0.050 	
-1443.470 	-380.998 	-464.174 	-0.323 	-0.073 	-0.092 	
-621.414 	983.856 	-2067.811 	-0.147 	0.189 	-0.401 	
421.298 	756.538 	-361.513 	0.058 	0.145 	-0.064 	
-789.337 	2026.045 	623.734 	-0.180 	0.400 	0.127 	
-1383.883 	1457.961 	-1868.181 	-0.312 	0.283 	-0.370 	
88.564 	1879.844 	1546.203 	-0.019 	0.368 	0.295 	
650.799 	-2083.746 	1802.658 	0.092 	-0.401 	0.352 	
603.626 	-1731.312 	229.460 	0.089 	-0.332 	0.050 	
335.501 	-346.935 	-1634.041 	0.026 	-0.064 	-0.317 	
-1639.815 	588.739 	1896.692 	-0.359 	0.107 	0.375 	
-2199.357 	1308.665 	11.256 	-0.467 	0.244 	0.005 	
1846.097 	66.646 	-1300.161 	0.330 	0.013 	-0.245 	
-969.215 	-832.302 	-1190.656 	-0.219 	-0.155 	-0.236 	
-1508.624 	-1101.501 	-654.292 	-0.319 	-0.205 	-0.128 	
1185.851 	-1939.377 	-1202.336 	0.190 	-0.376 	-0.235 	
-1511.236 	615.596 	-1322.170 	-0.325 	0.123 	-0.248 	
-844.843 	-355.485 	-551.931 	-0.206 	-0.062 	-0.111 	
1865.810 	2182.757 	-1152.402 	0.334 	0.434 	-0.219 	
876.324 	-1395.346 	-1212.654 	0.137 	-0.266 	-0.243 	
-1428.737 	1734.430 	-1889.367 	-0.313 	0.329 	-0.373 	
-571.708 	-1037.762 	-850.105 	-0.132 	-0.203 	-0.165 	
42.152 	-327.723 	612.722 	-0.035 	-0.067 	0.118 	
33.386 	32.373 	88.721 	-0.029 	0.009 	0.015 	
825.867 	2269.095 	-181.695 	0.138 	0.445 	-0.035 	
855.579 	-1321.471 	-644.074 	0.144 	-0.256 	-0.123 	
1372.768 	916.448 	742.144 	0.232 	0.179 	0.144 	
-1723.088 	-275.569 	1200.101 	-0.370 	-0.044 	0.228 	
-544.617 	1423.038 	1284.034 	-0.138 	0.285 	0.257 	
-1452.926 	916.104 	1596.334 	-0.327 	0.179 	0.309 	
-647.032 	-426.427 	-881.411 	-0.153 	-0.076 	-0.165 	
-1376.604 	-985.202 	-773.165 	-0.293 	-0.199 	-0.151 	
-1404.179 	9.063 	204.845 	-0.305 	0.009 	0.035 	
-492.555 	-1820.900 	603.897 	-0.121 	-0.347 	0.122 	
599.772 	-255.268 	-62.008 	0.085 	-0.049 	-0.014 	
1167.161 	649.647 	1081.851 	0.204 	0.126 	0.203 	
7.327 	-226.726 	-1899.998 	-0.040 	-0.040 	-0.366 	
-36.189 	-1011.891 	-889.422 	-0.036 	-0.190 	-0.174 	
997.787 	-145.319 	1851.096 	0.163 	-0.030 	0.359 	
272.546 	-572.782 	360.754 	0.012 	-0.113 	0.078 	
266.844 	-1804.815 	1969.247 	0.023 	-0.346 	0.387 	
698.201 	386.816 	921.503 	0.103 	0.078 	0.179 	
176.566 	-1683.093 	-203.232 	-0.009 	-0.328 	-0.040 	
114.112 	-1672.434 	-885.747 	-0.019 	-0.322 	-0.174 	
-1806.729 	-1641.246 	-136.094 	-0.386 	-0.312 	-0.025 	
-1827.880 	-1299.559 	-582.758 	-0.399 	-0.254 	-0.112 	
1857.999 	-1818.262 	-480.656 	0.337 	-0.358 	-0.100 	
-410.238 	-841.517 	-1011.352 	-0.117 	-0.171 	-0.200 	
-453.466 	-310.548 	142.720 	-0.131 	-0.063 	0.029 	
-706.865 	1586.056 	-1113.604 	-0.167 	0.314 	-0.221 	
-890.966 	746.290 	668.710 	-0.211 	0.151 	0.125 	
-387.850 	599.453 	-1064.708 	-0.117 	0.121 	-0.206 	
-1679.081 	-1309.963 	874.953 	-0.353 	-0.250 	0.169 	
1003.166 	-1458.832 	-355.999 	0.169 	-0.282 	-0.064 	
1536.275 	409.947 	1557.306 	0.258 	0.083 	0.302 	
-1754.315 	1128.914 	1459.824 	-0.369 	0.219 	0.279 	
-870.179 	521.667 	613.765 	-0.213 	0.101 	0.118 	
-1095.373 	-1587.617 	2248.833 	-0.243 	-0.300 	0.441 	
-1186.893 	-1176.225 	158.227 	-0.265 	-0.233 	0.039 	
-1307.158 	207.222 	-1562.239 	-0.285 	0.039 	-0.306 	
1758.385 	20.689 	-1656.273 	0.319 	0.001 	-0.320 	
352.044 	737.055 	1854.213 	0.041 	0.148 	0.357 	
-1211.560 	1065.200 	957.594 	-0.264 	0.203 	0.181 	
-670.272 	1087.611 	1440.582 	-0.153 	0.210 	0.280 	
-1875.307 	1628.646 	314.730 	-0.400 	0.328 	0.064 	
-532.810 	-722.462 	-883.861 	-0.132 	-0.149 	-0.163 	
-703.632 	-1635.565 	420.752 	-0.171 	-0.316 	0.091 	
2139.727 	1849.082 	-1384.523 	0.396 	0.364 	-0.271 	
147.852 	-1408.314 	-1358.225 	0.004 	-0.273 	-0.271 	
-1135.982 	-1877.723 	-1623.340 	-0.255 	-0.375 	-0.313 	
713.756 	2352.225 	-932.550 	0.101 	0.463 	-0.188 	
568.646 	-1209.881 	1688.081 	0.071 	-0.239 	0.330 	
2256.514 	-187.605 	-1377.831 	0.415 	-0.040 	-0.270 	
669.722 	-300.957 	355.203 	0.090 	-0.059 	0.068 	
500.906 	2067.877 	-1109.241 	0.059 	0.405 	-0.218 	
-1401.597 	-835.526 	-824.024 	-0.303 	-0.153 	-0.158 	
-803.738 	1889.316 	-477.631 	-0.191 	0.357 	-0.089 	
-742.810 	-399.375 	-1729.598 	-0.173 	-0.077 	-0.336 	
954.714 	-2000.272 	-916.163 	0.159 	-0.395 	-0.173 	
1379.499 	-538.390 	-30.895 	0.231 	-0.097 	0.000 	
2052.651 	27.006 	1246.497 	0.375 	0.005 	0.244 	
1105.455 	1553.242 	-2115.758 	0.193 	0.302 	-0.415 	
-1660.428 	623.995 	1367.462 	-0.346 	0.123 	0.263 	
-227.423 	0.358 	579.169 	-0.070 	0.002 	0.116 	
-662.815 	1649.901 	1426.929 	-0.166 	0.324 	0.279 	
2241.862 	1813.158 	-403.384 	0.408 	0.355 	-0.081 	
-1858.967 	239.643 	1399.251 	-0.397 	0.038 	0.270 	
-2157.763 	544.599 	-1559.731 	-0.447 	0.109 	-0.305 	
-1406.556 	-767.989 	-343.024 	-0.308 	-0.153 	-0.070 	
664.116 	658.320 	-923.369 	0.088 	0.128 	-0.185 	
1591.757 	2091.577 	-1358.182 	0.281 	0.415 	-0.271 	
-1440.411 	845.740 	-62.290 	-0.314 	0.157 	-0.016 	
338.825 	159.829 	419.723 	0.025 	0.026 	0.081 	
361.385 	-1656.292 	-846.077 	0.027 	-0.323 	-0.166 	
-1658.123 	-252.053 	-1053.232 	-0.363 	-0.049 	-0.199 	
2268.686 	1417.177 	-1339.263 	0.420 	0.281 	-0.264 	
1501.128 	335.048 	1154.745 	0.263 	0.071 	0.217 	
559.317 	1863.381 	390.484 	0.073 	0.355 	0.074 	
679.081 	-511.384 	-768.100 	0.093 	-0.104 	-0.142 	
1713.740 	1635.077 	-1430.744 	0.294 	0.321 	-0.279 	
2096.587 	502.089 	-621.894 	0.384 	0.099 	-0.120 	
-1282.356 	558.146 	-399.475 	-0.291 	0.100 	-0.073 	
-889.171 	-1812.794 	-531.794 	-0.204 	-0.343 	-0.106 	
1087.384 	2212.776 	-2085.122 	0.177 	0.436 	-0.406 	
1947.970 	785.369 	-533.735 	0.347 	0.159 	-0.104 	
-1478.406 	-1289.682 	-1262.989 	-0.326 	-0.252 	-0.239 	
-1977.735 	126.377 	1109.912 	-0.428 	0.027 	0.221 	
2150.239 	-1165.147 	1744.373 	0.395 	-0.226 	0.334 	
1648.699 	131.231 	905.392 	0.279 	0.027 	0.177 	
516.719 	1607.731 	1273.607 	0.072 	0.319 	0.249 	
-1964.498 	1780.514 	-1417.310 	-0.423 	0.345 	-0.284 	
-1888.793 	174.481 	2017.964 	-0.390 	0.034 	0.395 	
2000.620 	-1448.641 	-932.455 	0.358 	-0.291 	-0.184 	
-912.445 	852.135 	879.457 	-0.222 	0.165 	0.175 	
1107.037 	1381.804 	553.561 	0.181 	0.267 	0.112 	
1608.848 	-271.354 	787.545 	0.286 	-0.056 	0.155 	
1462.384 	681.060 	744.242 	0.246 	0.124 	0.138 	
-1536.474 	-436.156 	1883.992 	-0.326 	-0.085 	0.373 	
2118.376 	-1640.084 	1001.901 	0.384 	-0.318 	0.198 	
-467.070 	1443.254 	-1953.161 	-0.132 	0.280 	-0.381 	
-1694.088 	-1705.812 	2784.305 	-0.414 	-0.367 	0.615 	
385.688 	1144.698 	52.016 	0.048 	0.221 	0.008 	
549.104 	16.955 	281.116 	0.079 	0.007 	0.061 	
840.071 	1623.383 	2000.054 	0.139 	0.324 	0.389 	
-1556.995 	248.267 	-149.723 	-0.340 	0.057 	-0.027 	
-2033.962 	623.849 	-1897.381 	-0.428 	0.124 	-0.366 	
826.137 	1039.287 	314.126 	0.136 	0.202 	0.061 	
-560.773 	-1470.158 	536.351 	-0.147 	-0.290 	0.102 	
1148.000 	-386.954 	-833.488 	0.201 	-0.078 	-0.160 	
-475.547 	-274.003 	1458.903 	-0.126 	-0.059 	0.277 	
-1691.606 	1535.742 	2047.858 	-0.359 	0.305 	0.407 	
1343.340 	-1059.603 	154.653 	0.232 	-0.204 	0.040 	
-1507.955 	-976.376 	-528.196 	-0.334 	-0.187 	-0.103 	
203.981 	1617.234 	890.859 	0.003 	0.313 	0.173 	
-693.012 	-536.814 	-1947.025 	-0.157 	-0.105 	-0.376 	
-1354.432 	95.375 	-1636.490 	-0.306 	0.024 	-0.317 	
146.157 	1132.890 	134.954 	0.001 	0.225 	0.025 	
-1165.656 	-1030.937 	70.147 	-0.265 	-0.193 	0.022 	
-1758.520 	-1943.272 	2096.280 	-0.379 	-0.379 	0.418 	
529.577 	-10.716 	700.621 	0.074 	-0.004 	0.138 	
2118.980 	894.812 	-769.474 	0.377 	0.171 	-0.147 	
2169.037 	-1454.663 	1495.259 	0.395 	-0.287 	0.293 	
-2128.110 	-1089.477 	-17.620 	-0.446 	-0.205 	-0.006 	
-794.363 	328.957 	-1580.676 	-0.195 	0.065 	-0.300 	
119.085 	-152.591 	983.506 	-0.017 	-0.025 	0.195 	
1624.248 	-678.445 	-361.873 	0.272 	-0.136 	-0.070 	
307.392 	-36.020 	-1326.216 	0.032 	-0.007 	-0.259 	
2294.260 	-1846.854 	-2372.198 	0.418 	-0.358 	-0.472 	
-146.851 	-1226.091 	-449.910 	-0.058 	-0.229 	-0.095 	
-1010.427 	1699.403 	1836.091 	-0.225 	0.330 	0.356 	
1495.578 	247.845 	-1617.328 	0.251 	0.048 	-0.316 	
-645.364 	1670.109 	971.599 	-0.166 	0.326 	0.185 	
-1447.103 	-500.153 	-842.888 	-0.320 	-0.094 	-0.172 	
139.430 	58.626 	493.190 	-0.012 	0.008 	0.086 	
-705.380 	-931.169 	1196.684 	-0.176 	-0.177 	0.233 	
-104.822 	1198.713 	437.146 	-0.053 	0.223 	0.089 	
519.026 	-327.179 	-1275.678 	0.058 	-0.069 	-0.244 	
-762.558 	-694.884 	1636.921 	-0.180 	-0.125 	0.320 	
2089.767 	-687.742 	-2126.211 	0.377 	-0.141 	-0.413 	
2059.876 	-69.711 	-1788.075 	0.376 	-0.015 	-0.357 	
1029.979 	55.291 	1978.404 	0.158 	0.014 	0.384 	
-421.458 	-1153.782 	-914.330 	-0.113 	-0.222 	-0.167 	
785.566 	-2156.324 	1896.875 	0.121 	-0.410 	0.369 	
-1583.856 	-835.523 	1880.795 	-0.334 	-0.163 	0.363 	
-917.540 	-232.366 	-1732.808 	-0.212 	-0.041 	-0.334 	
-105.787 	1745.940 	126.728 	-0.061 	0.344 	0.031 	
831.923 	860.865 	-1802.860 	0.130 	0.164 	-0.350 	
1230.318 	1309.792 	-1735.290 	0.211 	0.261 	-0.339 	
-2116.032 	288.862 	1235.687 	-0.443 	0.058 	0.241 	
-1309.326 	-299.093 	1605.320 	-0.289 	-0.070 	0.310 	
-1.455 	1313.789 	1003.623 	-0.042 	0.255 	0.202 	
-214.159 	2035.309 	1855.104 	-0.065 	0.395 	0.362 	
-1307.960 	-658.920 	1958.408 	-0.295 	-0.130 	0.379 	
1240.931 	1158.668 	-596.641 	0.202 	0.224 	-0.112 	
-43.509 	-522.713 	609.390 	-0.051 	-0.095 	0.118 	
-1336.337 	1883.585 	-1738.249 	-0.294 	0.374 	-0.335 	
1850.880 	1534.354 	216.295 	0.338 	0.300 	0.043 	
1575.841 	1848.208 	664.476 	0.285 	0.359 	0.132 	
-1843.586 	-1900.955 	-989.985 	-0.400 	-0.375 	-0.193 	
2011.930 	-1219.442 	1231.658 	0.351 	-0.245 	0.241 	
-617.825 	-326.133 	305.464 	-0.142 	-0.064 	0.057 	
-1603.353 	462.493 	854.416 	-0.355 	0.091 	0.163 	
-1828.878 	-696.327 	187.877 	-0.399 	-0.136 	0.038 	
2108.146 	1137.961 	1757.939 	0.382 	0.219 	0.336 	
2197.772 	-708.645 	-144.716 	0.396 	-0.138 	-0.033 	
541.420 	-1746.168 	-598.792 	0.084 	-0.338 	-0.116 	
-1113.575 	924.041 	-617.261 	-0.241 	0.176 	-0.123 	
-223.820 	-1645.965 	-1844.019 	-0.087 	-0.321 	-0.360 	
-2258.836 	-769.913 	1781.304 	-0.478 	-0.156 	0.340 	
-1555.500 	383.601 	1141.743 	-0.346 	0.075 	0.219 	
514.535 	-1590.074 	947.166 	0.059 	-0.312 	0.189 	
-78.123 	-1129.035 	182.317 	-0.047 	-0.211 	0.039 	
-207.291 	-218.701 	-683.575 	-0.063 	-0.041 	-0.131 	
304.708 	-868.177 	513.987 	0.017 	-0.161 	0.099 	
-1419.238 	-1018.371 	68.115 	-0.306 	-0.200 	0.022 	
-1960.071 	887.909 	-326.064 	-0.427 	0.174 	-0.059 	
-1526.875 	-1507.618 	-1289.043 	-0.330 	-0.298 	-0.250 	
2151.802 	-1946.612 	543.771 	0.394 	-0.384 	0.107 	
-788.540 	1889.626 	627.188 	-0.190 	0.362 	0.130 	
-1498.514 	-609.079 	-83.818 	-0.316 	-0.128 	-0.014 	
2113.332 	-673.748 	1981.238 	0.380 	-0.135 	0.391 	
426.262 	247.651 	1454.373 	0.056 	0.043 	0.287 	
691.340 	-403.333 	-1439.723 	0.097 	-0.083 	-0.273 	
-430.645 	1011.485 	52.155 	-0.121 	0.198 	0.007 	
2343.129 	2012.146 	1202.814 	0.421 	0.396 	0.230 	
-1447.228 	-802.813 	2690.131 	-0.324 	-0.162 	0.539 	
-1637.802 	442.154 	-1353.522 	-0.344 	0.084 	-0.264 	
-887.466 	-237.294 	711.202 	-0.212 	-0.040 	0.137 	
2160.612 	-969.208 	-1692.975 	0.382 	-0.188 	-0.328 	
-1155.439 	830.740 	219.862 	-0.256 	0.159 	0.041 	
-528.772 	1284.114 	112.612 	-0.139 	0.241 	0.022 	
544.811 	290.959 	1840.723 	0.078 	0.066 	0.355 	
-562.864 	-1013.916 	662.387 	-0.136 	-0.200 	0.130 	
-1103.727 	1188.099 	909.015 	-0.241 	0.225 	0.182 	
950.553 	752.481 	556.610 	0.152 	0.143 	0.120 	
-199.707 	-121.501 	746.067 	-0.079 	-0.020 	0.149 	
1913.075 	-1315.858 	1502.505 	0.334 	-0.254 	0.299 	
600.317 	1789.526 	-84.137 	0.090 	0.350 	-0.012 	
-1096.404 	874.035 	1150.600 	-0.243 	0.176 	0.220 	
-1954.296 	-595.322 	-1721.202 	-0.410 	-0.110 	-0.336 	
2013.467 	968.995 	1310.433 	0.356 	0.199 	0.252 	
1241.827 	-1395.603 	-713.943 	0.218 	-0.269 	-0.140 	
-858.225 	-168.635 	1280.809 	-0.202 	-0.029 	0.238 	
-67.539 	-901.625 	2039.921 	-0.051 	-0.182 	0.388 	
-238.183 	-1667.052 	1815.904 	-0.079 	-0.333 	0.341 	
-1950.080 	1373.802 	-1435.960 	-0.408 	0.263 	-0.284 	
1567.754 	-402.498 	-285.143 	0.281 	-0.080 	-0.052 	
740.823 	944.173 	1029.321 	0.113 	0.193 	0.206 	
-468.450 	-753.825 	-1118.606 	-0.124 	-0.155 	-0.211 	
-745.980 	-421.520 	585.733 	-0.187 	-0.081 	0.115 	
-1529.588 	216.324 	308.848 	-0.319 	0.041 	0.062 	
1394.589 	-241.882 	-213.129 	0.235 	-0.051 	-0.040 	
1120.105 	-922.244 	1198.618 	0.196 	-0.177 	0.237 	
-451.405 	-907.378 	1377.007 	-0.130 	-0.181 	0.266 	
-2081.949 	7.993 	1515.024 	-0.441 	0.002 	0.294 	
-1121.845 	335.816 	477.160 	-0.261 	0.067 	0.093 	
1971.543 	-1403.540 	-48.747 	0.345 	-0.281 	-0.012 	
-315.488 	446.241 	-1107.065 	-0.098 	0.079 	-0.208 	
-590.506 	768.931 	1923.587 	-0.140 	0.145 	0.376 	
1591.337 	-1324.165 	-438.681 	0.279 	-0.257 	-0.082 	
2146.592 	-251.661 	-993.421 	0.392 	-0.052 	-0.188 	
1867.258 	1768.732 	2281.455 	0.328 	0.343 	0.447 	
1654.182 	-2134.239 	-1113.124 	0.290 	-0.413 	-0.210 	
1825.456 	620.988 	656.620 	0.330 	0.119 	0.124 	
2262.501 	-1208.939 	692.176 	0.419 	-0.235 	0.136 	
316.223 	-1619.549 	1232.496 	0.031 	-0.306 	0.242 	
659.072 	201.974 	-1545.654 	0.105 	0.040 	-0.302 	
1983.736 	1384.818 	1001.765 	0.347 	0.272 	0.201 	
-558.494 	-406.111 	14.568 	-0.150 	-0.081 	0.006 	
-1389.868 	109.906 	-1476.886 	-0.307 	0.015 	-0.295 	
334.614 	999.337 	710.235 	0.026 	0.198 	0.147 	
-1361.393 	83.816 	1464.283 	-0.298 	0.027 	0.284 	
-707.426 	-709.689 	1894.302 	-0.174 	-0.149 	0.364 	
-2011.591 	1018.886 	566.155 	-0.432 	0.203 	0.112 	
-2068.638 	1017.523 	1731.177 	-0.427 	0.196 	0.340 	
-650.698 	-297.268 	1513.593 	-0.161 	-0.052 	0.289 	
2158.364 	-1438.077 	-1703.335 	0.383 	-0.280 	-0.341 	
311.983 	-2086.961 	2103.269 	0.019 	-0.410 	0.410 	
-1039.996 	1105.702 	392.910 	-0.231 	0.215 	0.075 	
-1887.252 	757.779 	1577.575 	-0.391 	0.146 	0.310 	
-1463.462 	-19.359 	1235.217 	-0.306 	-0.001 	0.240 	
145.963 	975.737 	1266.090 	-0.014 	0.184 	0.247 	
492.292 	-635.100 	-216.346 	0.071 	-0.123 	-0.040 	
530.150 	294.492 	307.178 	0.066 	0.047 	0.059 	
-601.982 	-1549.698 	733.983 	-0.142 	-0.308 	0.140 	
653.630 	-397.872 	663.525 	0.096 	-0.079 	0.122 	
1482.705 	565.908 	1155.958 	0.264 	0.113 	0.217 	
929.672 	220.197 	-1208.133 	0.143 	0.044 	-0.235 	
478.794 	114.286 	-637.028 	0.059 	0.026 	-0.126 	
-2156.289 	-1569.299 	2144.802 	-0.460 	-0.308 	0.425 	
-1323.120 	1938.696 	1248.024 	-0.293 	0.374 	0.249 	
-736.274 	-1823.846 	1521.126 	-0.173 	-0.352 	0.295 	
-334.692 	-435.258 	1437.189 	-0.099 	-0.093 	0.272 	
-532.822 	-376.499 	-486.198 	-0.147 	-0.076 	-0.099 	
2366.959 	758.882 	2103.848 	0.435 	0.151 	0.410 	
-475.809 	-1863.319 	-1845.529 	-0.116 	-0.362 	-0.361 	
963.943 	2165.183 	-285.596 	0.156 	0.428 	-0.060 	
668.315 	2224.183 	-2080.777 	0.105 	0.437 	-0.402 	
-264.402 	1455.596 	827.726 	-0.082 	0.287 	0.163 	
-743.269 	1358.654 	-197.931 	-0.178 	0.262 	-0.047 	
335.000 	853.725 	-2357.574 	0.033 	0.163 	-0.469 	
-825.814 	264.838 	-616.958 	-0.186 	0.054 	-0.117 	
30.714 	169.801 	-1344.723 	-0.022 	0.033 	-0.267 	
1659.342 	1281.645 	-607.315 	0.301 	0.248 	-0.119 	
-1940.841 	1341.060 	-1341.288 	-0.414 	0.265 	-0.270 	
1999.280 	1938.257 	1206.178 	0.369 	0.377 	0.237 	
-1404.249 	1329.127 	1386.561 	-0.312 	0.256 	0.278 	
749.229 	722.223 	1526.598 	0.105 	0.133 	0.297 	
-2212.231 	1349.644 	-1196.317 	-0.470 	0.268 	-0.237 	
-1186.976 	1919.933 	-692.704 	-0.258 	0.372 	-0.129 	
-1237.400 	866.433 	640.032 	-0.266 	0.165 	0.132 	
-157.869 	-702.652 	1053.595 	-0.073 	-0.132 	0.192 	
39.906 	-854.438 	-1830.019 	-0.025 	-0.156 	-0.355 	
-1996.441 	-616.131 	-1031.150 	-0.413 	-0.122 	-0.207 	
1440.962 	224.862 	-311.333 	0.252 	0.046 	-0.049 	
1598.826 	-22.012 	-219.897 	0.275 	-0.009 	-0.032 	
-823.382 	-388.744 	1831.088 	-0.198 	-0.079 	0.352 	
1886.538 	-1266.987 	-1206.381 	0.339 	-0.241 	-0.241 	
757.726 	-249.387 	1027.287 	0.110 	-0.045 	0.199 	
2252.657 	-1966.719 	-1187.281 	0.414 	-0.378 	-0.238 	
724.935 	-1448.368 	214.156 	0.109 	-0.280 	0.035 	
-513.615 	-1848.435 	108.691 	-0.136 	-0.361 	0.021 	
635.062 	1788.253 	-254.387 	0.098 	0.338 	-0.049 	
1275.628 	-364.544 	-403.084 	0.213 	-0.062 	-0.075 	
-761.840 	-283.627 	86.883 	-0.176 	-0.061 	0.021 	
-229.671 	1346.181 	-337.403 	-0.087 	0.265 	-0.065 	
1257.277 	-1595.722 	-2058.013 	0.221 	-0.316 	-0.408 	
-1685.461 	1490.368 	524.414 	-0.366 	0.290 	0.113 	
-328.830 	-939.408 	1397.445 	-0.103 	-0.178 	0.263 	
969.530 	1179.021 	-62.448 	0.146 	0.230 	-0.015 	
1468.452 	1878.861 	-1684.369 	0.251 	0.371 	-0.326 	
-1819.196 	337.358 	31.400 	-0.390 	0.057 	0.011 	
1455.310 	1099.722 	324.824 	0.250 	0.208 	0.070 	
-2156.846 	2068.997 	2119.188 	-0.460 	0.398 	0.417 	
383.029 	353.781 	793.691 	0.048 	0.068 	0.147 	
1209.230 	-532.750 	-220.339 	0.198 	-0.109 	-0.038 	
1886.245 	1109.902 	1650.338 	0.328 	0.217 	0.321 	
-252.356 	-264.808 	-252.424 	-0.089 	-0.057 	-0.040 	
1928.944 	-1596.638 	-1591.178 	0.351 	-0.310 	-0.311 	
1577.894 	-54.315 	-799.334 	0.276 	-0.009 	-0.158 	
-1802.094 	-1814.166 	-286.347 	-0.385 	-0.353 	-0.046 	
-1597.054 	1873.818 	1922.687 	-0.348 	0.375 	0.370 	
1284.077 	-2262.668 	1424.858 	0.217 	-0.452 	0.277 	
1411.268 	-1423.300 	-241.105 	0.240 	-0.276 	-0.039 	
2240.871 	-1951.302 	1929.685 	0.414 	-0.380 	0.374 	
-853.068 	-376.787 	-816.040 	-0.197 	-0.070 	-0.155 	
2412.587 	1920.173 	1243.047 	0.449 	0.379 	0.238 	
1172.067 	962.527 	-896.659 	0.186 	0.187 	-0.177 	
67.446 	1660.764 	-612.886 	-0.016 	0.328 	-0.116 	
-2234.883 	427.731 	-838.324 	-0.476 	0.083 	-0.157 	
-2512.208 	1906.181 	3150.425 	-0.522 	0.378 	0.617 	
811.809 	-406.789 	1707.677 	0.135 	-0.078 	0.329 	
-1026.235 	-455.212 	-600.401 	-0.242 	-0.086 	-0.113 	
-2022.988 	812.036 	1661.570 	-0.418 	0.160 	0.322 	
-926.145 	1017.786 	-1143.745 	-0.212 	0.198 	-0.233 	
-11.650 	254.453 	-378.198 	-0.026 	0.045 	-0.074 	
-1854.326 	-293.154 	-983.513 	-0.400 	-0.054 	-0.191 	
97.708 	-594.278 	-325.931 	-0.015 	-0.122 	-0.066 	
2246.294 	-252.932 	-142.138 	0.407 	-0.049 	-0.035 	
-383.363 	568.194 	367.640 	-0.115 	0.108 	0.082 	
962.009 	-1619.766 	-194.078 	0.144 	-0.314 	-0.042 	
1484.929 	-1895.663 	-873.160 	0.260 	-0.366 	-0.178 	
-1109.778 	-1267.925 	850.421 	-0.241 	-0.249 	0.164 	
-386.297 	1285.847 	1649.534 	-0.109 	0.244 	0.319 	
1162.665 	2096.932 	1406.767 	0.194 	0.418 	0.274 	
-2252.914 	1073.904 	-245.263 	-0.473 	0.218 	-0.051 	
-171.324 	57.226 	-1468.914 	-0.069 	0.005 	-0.283 	
-987.337 	736.560 	-1957.520 	-0.222 	0.136 	-0.376 	
-1841.414 	-578.250 	277.436 	-0.397 	-0.119 	0.054 	
981.917 	765.574 	760.403 	0.160 	0.152 	0.139 	
504.499 	-430.249 	-1621.311 	0.058 	-0.088 	-0.313 	
427.272 	1538.793 	780.467 	0.053 	0.296 	0.150 	
103.975 	582.139 	1111.236 	-0.015 	0.120 	0.212 	
-864.746 	-1353.690 	1410.813 	-0.200 	-0.261 	0.278 	
38.382 	-257.192 	-733.325 	-0.030 	-0.051 	-0.137 	
-506.331 	2029.680 	1250.439 	-0.139 	0.388 	0.248 	
-1113.769 	474.640 	-152.277 	-0.245 	0.087 	-0.021 	
-1831.810 	-1136.145 	187.644 	-0.400 	-0.219 	0.036 	
1493.364 	-796.704 	-2183.422 	0.264 	-0.155 	-0.430 	
-1757.765 	2417.461 	-1060.282 	-0.381 	0.481 	-0.204 	
-821.196 	955.737 	-2001.640 	-0.183 	0.188 	-0.390 	
1552.882 	-960.480 	-338.127 	0.268 	-0.179 	-0.062 	
256.238 	418.547 	-363.782 	0.013 	0.086 	-0.071 	
-543.575 	1758.043 	-851.428 	-0.144 	0.342 	-0.165 	
-441.688 	238.366 	1430.593 	-0.123 	0.052 	0.273 	
-1545.590 	-1569.848 	1904.910 	-0.344 	-0.302 	0.372 	
1043.083 	1466.322 	1347.846 	0.175 	0.276 	0.262 	
291.075 	1344.915 	1779.386 	0.030 	0.260 	0.351 	
786.406 	955.761 	-1157.055 	0.115 	0.177 	-0.225 	
1355.182 	1122.325 	-1906.812 	0.233 	0.218 	-0.377 	
203.927 	-817.269 	-1646.972 	0.005 	-0.168 	-0.320 	
-1545.968 	1087.356 	-743.230 	-0.343 	0.206 	-0.142 	
1077.896 	85.475 	-15.499 	0.180 	0.018 	0.001 	
-1697.021 	1725.767 	110.373 	-0.377 	0.332 	0.031 	
-802.570 	-1623.060 	-694.788 	-0.190 	-0.313 	-0.139 	
460.543 	-1046.457 	-1655.460 	0.046 	-0.206 	-0.323 	
-384.546 	-550.137 	1314.131 	-0.117 	-0.106 	0.257 	
-106.343 	-1955.341 	884.635 	-0.051 	-0.383 	0.178 	
1409.219 	1017.543 	-1453.195 	0.252 	0.196 	-0.283 	
216.179 	1202.643 	-1133.592 	0.010 	0.239 	-0.228 	
54.579 	1497.206 	-1272.319 	-0.030 	0.289 	-0.244 	
-1093.041 	1502.197 	-874.868 	-0.239 	0.295 	-0.170 	
-2173.981 	-808.349 	252.112 	-0.460 	-0.162 	0.056 	
-1319.070 	-616.650 	-1139.148 	-0.279 	-0.123 	-0.220 	
2375.872 	-1352.461 	1992.608 	0.432 	-0.263 	0.384 	
-2066.337 	969.570 	-355.130 	-0.439 	0.194 	-0.067 	
-199.346 	-734.697 	1030.997 	-0.084 	-0.132 	0.210 	
-555.587 	-729.576 	-1504.715 	-0.134 	-0.143 	-0.284 	
-883.125 	-1995.468 	1846.806 	-0.208 	-0.387 	0.357 	
-183.633 	-734.826 	1056.391 	-0.074 	-0.146 	0.204 	
189.092 	-1963.270 	448.783 	0.009 	-0.387 	0.088 	
-602.923 	-290.753 	128.697 	-0.162 	-0.061 	0.027 	
-704.816 	-679.377 	-740.465 	-0.173 	-0.136 	-0.138 	
-523.968 	-874.722 	1139.492 	-0.093 	-0.137 	0.164 	
813.890 	-1784.107 	1108.071 	0.131 	-0.355 	0.214 	
-1219.407 	-356.763 	1119.010 	-0.261 	-0.075 	0.217 	
2018.377 	1042.304 	-1667.859 	0.372 	0.205 	-0.327 	
-281.922 	1131.742 	1966.325 	-0.090 	0.214 	0.377 	
719.279 	1668.368 	1324.430 	0.116 	0.322 	0.257 	
1343.509 	1424.067 	890.603 	0.238 	0.281 	0.175 	
1105.481 	-1217.647 	407.164 	0.183 	-0.229 	0.082 	
-804.331 	-345.623 	-1413.670 	-0.195 	-0.061 	-0.267 	
-1196.244 	1302.462 	753.187 	-0.257 	0.253 	0.152 	
278.585 	-768.413 	1286.023 	0.014 	-0.152 	0.251 	
697.437 	-1467.126 	1068.792 	0.102 	-0.295 	0.211 	
-595.482 	-1456.255 	133.906 	-0.155 	-0.271 	0.026 	
308.382 	-1284.581 	-254.893 	0.020 	-0.252 	-0.056 	
-111.083 	-1302.568 	-589.449 	-0.065 	-0.249 	-0.112 	
1764.728 	-301.132 	-1709.647 	0.312 	-0.058 	-0.331 	
927.420 	449.312 	2023.513 	0.138 	0.090 	0.396 	
-1472.471 	962.713 	1311.476 	-0.318 	0.190 	0.262 	
2226.304 	-1201.300 	2005.277 	0.410 	-0.231 	0.399 	
-1389.548 	717.203 	323.547 	-0.297 	0.141 	0.058 	
179.214 	318.033 	1809.651 	0.002 	0.071 	0.348 	
-2189.623 	980.387 	1365.417 	-0.461 	0.201 	0.266 	
-745.411 	-1355.417 	400.005 	-0.182 	-0.272 	0.078 	
1090.223 	-218.849 	-1145.158 	0.185 	-0.037 	-0.226 	
-732.455 	-1928.156 	2206.119 	-0.176 	-0.378 	0.440 	
-1695.738 	1723.412 	136.353 	-0.369 	0.339 	0.017 	
456.072 	-2058.281 	-1885.494 	0.055 	-0.397 	-0.365 	
-2190.802 	-534.001 	-2017.003 	-0.452 	-0.106 	-0.392 	
-1005.488 	4.810 	-1271.002 	-0.238 	-0.001 	-0.247 	
46.524 	118.339 	-195.199 	-0.019 	0.019 	-0.038 	
-2182.480 	-538.958 	2111.499 	-0.461 	-0.113 	0.415 	
-706.840 	-75.845 	-150.893 	-0.169 	-0.023 	-0.017 	
1984.919 	-1068.826 	1241.694 	0.357 	-0.215 	0.250 	
-1957.376 	-1574.937 	-1641.024 	-0.419 	-0.305 	-0.316 	
-1867.643 	572.026 	-17.660 	-0.385 	0.108 	-0.003 	
409.666 	673.469 	-2005.940 	0.053 	0.137 	-0.393 	
-1360.942 	513.814 	947.328 	-0.291 	0.092 	0.188 	
2113.777 	-1984.531 	1443.218 	0.374 	-0.394 	0.283 	
-609.342 	1214.607 	-1396.733 	-0.143 	0.230 	-0.273 	
-2194.303 	176.288 	1148.263 	-0.460 	0.033 	0.227 	
918.111 	-1600.092 	1780.121 	0.142 	-0.311 	0.352 	
-2150.903 	1489.570 	-194.529 	-0.452 	0.290 	-0.043 	
-2025.680 	895.707 	706.710 	-0.420 	0.170 	0.146 	
371.770 	-1530.689 	418.112 	0.048 	-0.303 	0.081 	
-737.937 	-1563.732 	958.540 	-0.175 	-0.312 	0.192 	
486.208 	-1133.746 	-1891.297 	0.071 	-0.226 	-0.364 	
-1722.021 	-1066.507 	943.248 	-0.365 	-0.202 	0.183 	
-2139.347 	-822.743 	-1050.802 	-0.458 	-0.164 	-0.209 	
1223.739 	-1934.366 	-1825.784 	0.210 	-0.386 	-0.353 	
-1942.995 	-1324.144 	-1554.108 	-0.413 	-0.260 	-0.312 	
549.116 	-627.357 	-144.178 	0.073 	-0.120 	-0.025 	
1073.573 	1890.570 	968.966 	0.173 	0.371 	0.184 	
1776.993 	491.275 	1156.800 	0.306 	0.094 	0.230 	
954.081 	-1092.301 	-1297.820 	0.158 	-0.221 	-0.246 	
2233.715 	-1920.128 	1644.519 	0.399 	-0.376 	0.327 	
-1986.734 	-946.427 	-357.613 	-0.424 	-0.184 	-0.072 	
-1163.751 	1957.118 	932.313 	-0.267 	0.379 	0.189 	
-621.237 	1229.500 	1767.890 	-0.157 	0.231 	0.349 	
1239.437 	339.888 	1578.780 	0.210 	0.068 	0.309 	
-285.831 	-1664.099 	1772.549 	-0.093 	-0.317 	0.342 	
-1623.005 	1108.915 	776.144 	-0.345 	0.222 	0.149 	
1363.237 	1672.621 	150.423 	0.236 	0.330 	0.033 	
-1114.304 	-816.647 	-836.050 	-0.243 	-0.165 	-0.164 	
-203.734 	-1345.393 	1736.602 	-0.075 	-0.271 	0.333 	
1667.415 	276.272 	268.699 	0.291 	0.049 	0.062 	
-2008.686 	-2071.414 	1328.905 	-0.418 	-0.409 	0.258 	
-734.430 	-703.961 	-560.750 	-0.168 	-0.127 	-0.112 	
1591.333 	-1612.188 	445.160 	0.278 	-0.310 	0.093 	
-217.948 	1079.743 	569.613 	-0.081 	0.201 	0.108 	
-442.111 	-879.917 	-207.963 	-0.124 	-0.163 	-0.044 	
1086.557 	111.488 	-1146.475 	0.176 	0.023 	-0.216 	
-1731.668 	1816.153 	1274.165 	-0.377 	0.358 	0.240 	
2097.461 	-1771.921 	232.739 	0.382 	-0.348 	0.052 	
1811.142 	-72.632 	1363.502 	0.327 	-0.015 	0.268 	
513.204 	1775.327 	-22.605 	0.061 	0.353 	-0.007 	
340.969 	501.156 	1144.554 	0.043 	0.091 	0.217 	
-2201.064 	1417.637 	1845.679 	-0.470 	0.272 	0.361 	
-1647.120 	-558.285 	756.915 	-0.345 	-0.115 	0.149 	
1849.864 	355.704 	-473.321 	0.320 	0.067 	-0.096 	
-1152.601 	-387.811 	-1675.921 	-0.247 	-0.075 	-0.323 	
