## Las primeras 500 lineas corresponden a la esfera 1 
##las siguienets 500 lineas a la esfera 2
## Las primeras tres columnas corresponden a la posición en 'x', 'y' y 'z', las siguientes tres a las velocidades
-9.684 	-1304.855 	129.975 	-0.010 	-0.246 	0.028 	
418.105 	-399.531 	-5.879 	0.086 	-0.077 	-0.003 	
482.164 	1661.276 	1125.214 	0.099 	0.315 	0.206 	
-1552.703 	1721.844 	1134.719 	-0.304 	0.334 	0.221 	
-327.362 	-351.910 	1606.616 	-0.053 	-0.066 	0.315 	
1718.804 	1108.679 	1973.012 	0.342 	0.215 	0.375 	
1785.962 	-901.722 	-1742.313 	0.345 	-0.169 	-0.337 	
-1687.086 	-971.774 	610.756 	-0.322 	-0.178 	0.123 	
1461.227 	452.867 	970.381 	0.277 	0.096 	0.186 	
559.202 	530.217 	762.524 	0.105 	0.099 	0.152 	
1486.216 	-119.783 	87.124 	0.279 	-0.021 	0.014 	
-323.329 	-1349.436 	218.696 	-0.056 	-0.257 	0.045 	
286.717 	-960.128 	144.611 	0.067 	-0.182 	0.029 	
1081.127 	1526.766 	1473.451 	0.199 	0.293 	0.280 	
-65.563 	1273.230 	-2058.521 	-0.018 	0.250 	-0.391 	
-728.183 	-137.965 	4.770 	-0.139 	-0.018 	0.003 	
-821.062 	1664.297 	-675.154 	-0.162 	0.314 	-0.131 	
178.124 	946.632 	-1848.575 	0.032 	0.172 	-0.359 	
-2422.998 	-1805.396 	-1024.453 	-0.474 	-0.342 	-0.200 	
863.052 	-2100.947 	-1812.886 	0.158 	-0.406 	-0.349 	
202.580 	-1961.533 	2336.355 	0.042 	-0.368 	0.453 	
171.244 	726.510 	2035.769 	0.030 	0.137 	0.381 	
-523.859 	-933.197 	465.297 	-0.100 	-0.169 	0.085 	
-1710.622 	-1355.982 	621.408 	-0.322 	-0.254 	0.115 	
1184.606 	-841.805 	1371.723 	0.234 	-0.161 	0.257 	
-793.175 	-17.577 	1807.363 	-0.142 	-0.000 	0.342 	
131.986 	-1102.288 	-71.444 	0.032 	-0.204 	-0.010 	
477.471 	-2003.071 	1490.732 	0.088 	-0.393 	0.287 	
-1738.903 	1745.788 	453.926 	-0.326 	0.333 	0.088 	
-978.586 	-1508.232 	1198.946 	-0.181 	-0.285 	0.233 	
-620.505 	-1050.681 	-1770.691 	-0.116 	-0.196 	-0.340 	
845.567 	1398.523 	1686.379 	0.158 	0.261 	0.324 	
1697.523 	-638.427 	1567.386 	0.326 	-0.122 	0.303 	
-1105.483 	1160.763 	146.362 	-0.200 	0.220 	0.030 	
182.140 	-596.774 	-1935.024 	0.034 	-0.121 	-0.362 	
302.402 	-259.446 	209.063 	0.069 	-0.043 	0.041 	
-817.591 	-1657.663 	-1877.548 	-0.158 	-0.314 	-0.370 	
-801.837 	-2032.014 	1526.673 	-0.144 	-0.388 	0.293 	
-774.007 	-183.119 	1096.994 	-0.152 	-0.031 	0.213 	
1316.806 	-2080.147 	1504.847 	0.251 	-0.399 	0.292 	
2249.035 	836.895 	-88.453 	0.433 	0.150 	-0.019 	
396.862 	-523.920 	176.007 	0.080 	-0.092 	0.029 	
861.113 	245.411 	1460.108 	0.157 	0.039 	0.270 	
-85.298 	-1441.137 	-936.405 	-0.025 	-0.276 	-0.178 	
353.995 	-417.688 	1420.683 	0.076 	-0.081 	0.277 	
188.725 	365.030 	-684.863 	0.044 	0.073 	-0.124 	
2176.505 	163.998 	40.087 	0.416 	0.039 	0.011 	
-510.405 	2012.917 	-531.913 	-0.098 	0.388 	-0.104 	
481.265 	-581.711 	-776.251 	0.100 	-0.114 	-0.146 	
1868.827 	1206.805 	595.834 	0.360 	0.239 	0.114 	
-1716.210 	-634.323 	-1395.021 	-0.324 	-0.126 	-0.273 	
987.508 	-167.705 	981.306 	0.181 	-0.031 	0.181 	
2098.655 	-954.737 	-2069.284 	0.411 	-0.192 	-0.398 	
-167.834 	1319.415 	24.166 	-0.022 	0.250 	0.011 	
-1514.529 	1640.169 	1197.886 	-0.296 	0.310 	0.228 	
-337.992 	-1966.430 	1003.767 	-0.060 	-0.383 	0.198 	
-827.974 	-28.928 	-1243.412 	-0.149 	-0.009 	-0.242 	
73.966 	-1747.475 	-605.445 	0.022 	-0.335 	-0.118 	
-2040.387 	1459.246 	1743.089 	-0.395 	0.285 	0.340 	
1185.300 	1836.909 	734.351 	0.230 	0.348 	0.133 	
-535.244 	1984.102 	525.615 	-0.112 	0.383 	0.099 	
773.421 	1171.880 	-692.167 	0.154 	0.220 	-0.130 	
-1573.018 	2131.767 	841.039 	-0.311 	0.413 	0.163 	
1415.845 	404.320 	-713.278 	0.272 	0.086 	-0.136 	
1695.234 	-1971.010 	-1998.212 	0.338 	-0.378 	-0.380 	
2428.534 	-815.694 	-2039.642 	0.478 	-0.156 	-0.393 	
1545.544 	-1138.769 	-1777.586 	0.310 	-0.219 	-0.342 	
-2238.902 	2443.600 	-706.235 	-0.435 	0.479 	-0.141 	
2416.778 	1129.838 	1465.202 	0.475 	0.219 	0.278 	
-349.123 	711.780 	875.587 	-0.067 	0.121 	0.169 	
1597.574 	592.545 	627.462 	0.313 	0.106 	0.115 	
661.301 	-108.855 	748.246 	0.137 	-0.015 	0.143 	
-37.793 	1263.655 	-2082.092 	-0.005 	0.237 	-0.399 	
-540.029 	-1571.198 	-634.959 	-0.106 	-0.301 	-0.118 	
-946.365 	812.892 	1269.902 	-0.191 	0.154 	0.240 	
936.908 	-276.659 	-516.090 	0.179 	-0.051 	-0.086 	
-54.909 	-483.182 	-1463.204 	-0.013 	-0.083 	-0.281 	
1822.212 	1077.518 	-1716.129 	0.354 	0.208 	-0.338 	
236.494 	-400.203 	-805.263 	0.041 	-0.072 	-0.158 	
-27.161 	-515.672 	1757.321 	0.000 	-0.103 	0.335 	
-311.210 	1616.336 	505.329 	-0.067 	0.302 	0.098 	
474.821 	-845.837 	-577.837 	0.082 	-0.158 	-0.104 	
1038.334 	1320.431 	1714.296 	0.196 	0.257 	0.328 	
-437.969 	-1380.476 	1747.366 	-0.088 	-0.260 	0.339 	
1357.868 	-727.003 	-327.862 	0.266 	-0.131 	-0.070 	
-1249.295 	-1748.085 	-1702.802 	-0.233 	-0.333 	-0.322 	
1297.699 	-409.782 	-812.293 	0.250 	-0.084 	-0.168 	
-1348.130 	-1448.848 	1556.648 	-0.268 	-0.278 	0.300 	
-1869.342 	-1834.291 	1206.035 	-0.352 	-0.353 	0.235 	
-1693.741 	-743.209 	-184.777 	-0.318 	-0.149 	-0.028 	
2216.062 	1010.406 	1568.769 	0.426 	0.205 	0.299 	
58.344 	858.783 	1586.706 	0.009 	0.169 	0.305 	
153.457 	-378.001 	149.876 	0.035 	-0.078 	0.030 	
-265.752 	-1892.303 	-785.949 	-0.045 	-0.368 	-0.145 	
1823.956 	-1214.014 	1810.176 	0.349 	-0.227 	0.346 	
-700.222 	1182.702 	-1911.003 	-0.125 	0.236 	-0.365 	
1832.100 	461.315 	1178.834 	0.359 	0.085 	0.226 	
1967.859 	451.211 	-1310.907 	0.386 	0.087 	-0.251 	
2233.153 	1771.156 	277.145 	0.441 	0.338 	0.054 	
1221.442 	-951.589 	1220.082 	0.226 	-0.189 	0.230 	
-1419.440 	1875.766 	1033.465 	-0.272 	0.352 	0.203 	
-2317.744 	-1668.283 	-719.826 	-0.453 	-0.319 	-0.132 	
625.879 	-2162.409 	1246.703 	0.122 	-0.419 	0.238 	
-943.558 	-218.810 	1641.035 	-0.179 	-0.034 	0.320 	
1173.783 	-504.948 	640.755 	0.235 	-0.097 	0.127 	
-1972.255 	991.573 	1811.149 	-0.371 	0.191 	0.343 	
-1942.518 	-1363.764 	1282.338 	-0.380 	-0.258 	0.250 	
-2266.463 	2374.310 	-966.221 	-0.441 	0.465 	-0.186 	
1428.701 	-920.186 	66.783 	0.269 	-0.181 	0.020 	
2394.627 	-216.076 	-770.357 	0.467 	-0.047 	-0.140 	
-587.222 	-204.650 	1175.528 	-0.109 	-0.042 	0.230 	
531.042 	-708.358 	1063.408 	0.092 	-0.137 	0.204 	
950.632 	-1.843 	346.685 	0.175 	-0.007 	0.062 	
-359.660 	2056.405 	-749.754 	-0.074 	0.389 	-0.137 	
-1383.585 	1885.776 	1892.829 	-0.268 	0.363 	0.367 	
-215.107 	2023.751 	1963.607 	-0.036 	0.392 	0.378 	
620.935 	-2114.836 	-371.185 	0.117 	-0.406 	-0.061 	
-2239.074 	-641.678 	2111.877 	-0.427 	-0.131 	0.403 	
1527.416 	-922.416 	-791.694 	0.292 	-0.185 	-0.144 	
-152.260 	1495.957 	277.338 	-0.038 	0.284 	0.057 	
-1044.247 	231.013 	1298.514 	-0.195 	0.046 	0.257 	
1190.395 	-1666.387 	-751.042 	0.231 	-0.325 	-0.144 	
967.606 	-307.157 	-1579.809 	0.184 	-0.049 	-0.305 	
1953.485 	-884.265 	2000.945 	0.369 	-0.173 	0.386 	
-2134.647 	730.499 	1064.826 	-0.417 	0.136 	0.202 	
616.516 	-263.589 	-769.293 	0.111 	-0.043 	-0.142 	
-2217.242 	-1418.471 	-844.102 	-0.424 	-0.271 	-0.155 	
-2343.734 	-2172.752 	887.771 	-0.459 	-0.418 	0.168 	
-1716.447 	887.736 	-2098.584 	-0.331 	0.173 	-0.395 	
-1834.274 	-1915.531 	733.282 	-0.345 	-0.371 	0.140 	
-194.892 	-1281.047 	1004.658 	-0.044 	-0.243 	0.195 	
-498.470 	1633.228 	-927.675 	-0.099 	0.316 	-0.184 	
-1282.324 	1064.180 	15.117 	-0.248 	0.199 	0.002 	
35.250 	607.644 	-1841.546 	0.000 	0.111 	-0.349 	
2277.994 	-2086.803 	206.401 	0.434 	-0.399 	0.034 	
-302.776 	-1627.540 	-838.644 	-0.051 	-0.311 	-0.170 	
247.938 	-1270.715 	577.905 	0.041 	-0.243 	0.103 	
-1507.392 	-1924.984 	1513.367 	-0.281 	-0.374 	0.293 	
1778.509 	-858.801 	-882.469 	0.342 	-0.160 	-0.168 	
769.272 	-1586.875 	477.576 	0.159 	-0.302 	0.096 	
-1536.072 	-953.201 	-1218.977 	-0.286 	-0.187 	-0.233 	
1993.396 	-582.248 	-529.453 	0.373 	-0.106 	-0.103 	
-1351.332 	2046.373 	488.896 	-0.262 	0.388 	0.099 	
-1634.192 	-1713.809 	268.802 	-0.315 	-0.328 	0.057 	
-519.599 	635.714 	757.940 	-0.105 	0.114 	0.144 	
1253.187 	-272.024 	1777.843 	0.239 	-0.051 	0.332 	
-932.593 	-126.067 	-741.362 	-0.173 	-0.015 	-0.142 	
-23.539 	1060.957 	1599.538 	-0.009 	0.201 	0.297 	
1910.658 	-1770.549 	-2063.113 	0.360 	-0.342 	-0.399 	
-163.718 	1478.700 	-1048.715 	-0.024 	0.277 	-0.203 	
1893.934 	-2054.950 	528.819 	0.366 	-0.393 	0.093 	
-1481.464 	-583.908 	1284.119 	-0.276 	-0.106 	0.245 	
508.781 	1139.001 	2192.993 	0.094 	0.211 	0.422 	
-2218.733 	-2175.947 	-817.615 	-0.426 	-0.417 	-0.162 	
-1870.573 	-116.554 	-2107.221 	-0.361 	-0.017 	-0.406 	
-175.880 	-885.841 	-754.930 	-0.043 	-0.170 	-0.144 	
2058.627 	-472.013 	1513.695 	0.414 	-0.089 	0.284 	
-1969.995 	-1006.457 	1956.172 	-0.379 	-0.199 	0.374 	
-964.440 	-1540.871 	2178.483 	-0.180 	-0.298 	0.423 	
234.104 	-1526.335 	1277.724 	0.044 	-0.294 	0.248 	
2111.541 	-1757.587 	1612.157 	0.416 	-0.340 	0.313 	
-679.171 	387.918 	421.836 	-0.123 	0.077 	0.075 	
-715.259 	-83.324 	1196.991 	-0.155 	-0.001 	0.247 	
1059.677 	151.868 	-86.280 	0.211 	0.034 	-0.010 	
115.247 	-788.235 	433.917 	0.019 	-0.150 	0.078 	
-803.349 	-21.733 	-284.024 	-0.158 	-0.003 	-0.047 	
-753.804 	1212.500 	-1067.968 	-0.143 	0.233 	-0.205 	
2409.280 	-506.957 	-147.335 	0.466 	-0.107 	-0.027 	
697.445 	-41.257 	-252.788 	0.134 	-0.016 	-0.039 	
830.067 	-447.495 	-479.082 	0.150 	-0.090 	-0.083 	
-1366.877 	411.672 	2279.686 	-0.259 	0.078 	0.441 	
1306.304 	887.185 	84.148 	0.262 	0.164 	0.018 	
-1964.520 	389.683 	841.196 	-0.381 	0.071 	0.159 	
548.814 	-125.223 	-648.920 	0.101 	-0.031 	-0.125 	
-2264.443 	-1010.422 	1920.331 	-0.442 	-0.194 	0.368 	
-1773.982 	-679.307 	-145.638 	-0.341 	-0.125 	-0.023 	
-891.532 	-490.682 	-486.728 	-0.169 	-0.094 	-0.096 	
1377.581 	1229.024 	1748.063 	0.267 	0.238 	0.326 	
423.279 	-421.725 	1755.681 	0.084 	-0.079 	0.339 	
2071.361 	1281.459 	2228.717 	0.397 	0.253 	0.433 	
1785.996 	1624.213 	1781.583 	0.342 	0.314 	0.352 	
1923.719 	-1629.305 	-1663.034 	0.366 	-0.317 	-0.322 	
1398.009 	1992.683 	111.198 	0.278 	0.381 	0.020 	
-987.244 	106.644 	547.216 	-0.193 	0.016 	0.112 	
-402.181 	152.498 	-1259.829 	-0.073 	0.033 	-0.249 	
-295.636 	918.072 	1010.261 	-0.065 	0.174 	0.193 	
-2236.504 	-1995.101 	1211.389 	-0.432 	-0.378 	0.242 	
-877.501 	696.698 	-801.487 	-0.167 	0.137 	-0.149 	
-606.641 	-1875.565 	-1427.147 	-0.117 	-0.354 	-0.275 	
-1036.955 	-1821.686 	-1096.792 	-0.189 	-0.348 	-0.210 	
169.678 	-2002.933 	-1651.232 	0.031 	-0.381 	-0.314 	
1764.116 	714.720 	132.238 	0.349 	0.138 	0.030 	
1966.292 	-156.243 	-1380.575 	0.378 	-0.032 	-0.259 	
-864.138 	308.087 	102.340 	-0.154 	0.056 	0.026 	
-885.497 	973.888 	526.976 	-0.180 	0.184 	0.102 	
2021.595 	-910.922 	-5.974 	0.385 	-0.182 	-0.008 	
-1160.852 	771.576 	-2098.345 	-0.225 	0.145 	-0.405 	
2087.741 	-168.657 	1325.220 	0.398 	-0.025 	0.259 	
435.084 	702.607 	589.181 	0.094 	0.138 	0.118 	
1292.891 	-413.780 	-866.492 	0.254 	-0.071 	-0.156 	
-1265.514 	1602.863 	363.855 	-0.241 	0.299 	0.073 	
-10.316 	-1585.653 	958.132 	0.006 	-0.295 	0.180 	
-204.575 	-169.771 	-1697.905 	-0.031 	-0.031 	-0.321 	
-614.144 	91.012 	352.956 	-0.121 	0.019 	0.069 	
-231.729 	-1801.102 	-1802.926 	-0.041 	-0.341 	-0.352 	
-484.281 	-771.142 	1866.099 	-0.088 	-0.151 	0.346 	
2275.648 	-306.810 	-1642.926 	0.442 	-0.066 	-0.313 	
-489.211 	327.271 	-340.836 	-0.091 	0.059 	-0.060 	
1895.023 	-1984.265 	1822.469 	0.372 	-0.377 	0.351 	
-653.343 	-690.476 	622.982 	-0.123 	-0.124 	0.117 	
-596.100 	-65.993 	1867.672 	-0.107 	-0.006 	0.356 	
432.228 	981.829 	206.568 	0.094 	0.187 	0.041 	
-2063.883 	2147.719 	-1556.761 	-0.401 	0.414 	-0.299 	
116.770 	-548.864 	-2115.890 	0.034 	-0.102 	-0.406 	
-368.379 	-1107.593 	1320.246 	-0.067 	-0.201 	0.254 	
-1254.995 	-992.219 	-890.082 	-0.247 	-0.190 	-0.168 	
1137.377 	2057.093 	-1748.950 	0.221 	0.397 	-0.346 	
-1219.632 	157.276 	1321.785 	-0.243 	0.029 	0.251 	
-48.799 	285.206 	1006.791 	-0.015 	0.055 	0.184 	
-354.102 	-387.041 	698.076 	-0.053 	-0.085 	0.105 	
1978.462 	-484.361 	-1254.822 	0.379 	-0.102 	-0.245 	
2312.976 	-2170.456 	24.860 	0.443 	-0.418 	0.013 	
-1686.143 	-1248.396 	-92.869 	-0.332 	-0.243 	-0.020 	
75.896 	-1758.704 	460.315 	0.009 	-0.330 	0.093 	
-821.188 	125.202 	1723.007 	-0.161 	0.017 	0.324 	
-1128.692 	2128.029 	85.614 	-0.208 	0.406 	0.022 	
-1559.802 	-1658.988 	713.346 	-0.297 	-0.313 	0.134 	
1912.282 	-783.077 	-1594.931 	0.370 	-0.148 	-0.313 	
-1365.503 	-1995.773 	1286.727 	-0.263 	-0.374 	0.248 	
-933.052 	-19.501 	776.467 	-0.178 	-0.013 	0.152 	
-989.411 	208.941 	2009.541 	-0.189 	0.040 	0.391 	
-1777.803 	1315.778 	-327.535 	-0.338 	0.251 	-0.052 	
-1699.008 	591.163 	60.828 	-0.333 	0.113 	0.013 	
-627.720 	560.532 	-1041.949 	-0.119 	0.113 	-0.196 	
1871.888 	2359.124 	-2142.278 	0.358 	0.463 	-0.416 	
-1531.697 	853.579 	1196.423 	-0.299 	0.163 	0.237 	
-1733.282 	-189.990 	-1815.437 	-0.326 	-0.039 	-0.348 	
1040.619 	-1461.869 	691.205 	0.203 	-0.285 	0.124 	
1573.985 	1698.235 	-147.253 	0.315 	0.326 	-0.023 	
1776.663 	920.116 	-1998.564 	0.337 	0.180 	-0.377 	
1171.416 	564.099 	-1347.708 	0.221 	0.105 	-0.248 	
-873.052 	-1695.791 	-494.973 	-0.163 	-0.317 	-0.097 	
1617.402 	-743.202 	186.409 	0.314 	-0.139 	0.025 	
-495.240 	1735.989 	422.116 	-0.044 	0.372 	0.096 	
471.604 	-1257.474 	1852.632 	0.092 	-0.237 	0.344 	
-1063.869 	696.842 	-823.355 	-0.204 	0.130 	-0.162 	
-1562.873 	-60.914 	770.803 	-0.305 	-0.012 	0.153 	
1694.173 	-574.981 	1702.244 	0.332 	-0.113 	0.317 	
463.948 	-1255.321 	-1922.630 	0.096 	-0.244 	-0.359 	
2347.499 	396.203 	-1311.165 	0.460 	0.076 	-0.254 	
784.153 	-498.121 	1673.077 	0.159 	-0.095 	0.318 	
-1400.696 	1839.001 	-408.184 	-0.257 	0.354 	-0.077 	
-886.726 	-863.042 	740.124 	-0.172 	-0.165 	0.147 	
-755.639 	-968.321 	366.768 	-0.142 	-0.185 	0.082 	
2075.612 	18.976 	919.117 	0.402 	0.012 	0.181 	
-1413.771 	138.722 	1287.703 	-0.272 	0.026 	0.257 	
0.441 	829.510 	-1578.178 	-0.008 	0.160 	-0.308 	
-1509.455 	-1976.659 	-1957.367 	-0.282 	-0.377 	-0.382 	
1076.300 	1696.221 	-776.303 	0.202 	0.321 	-0.147 	
-2085.288 	1000.679 	1245.983 	-0.403 	0.192 	0.234 	
-2175.599 	127.323 	835.419 	-0.424 	0.030 	0.160 	
682.413 	-1743.870 	-1776.355 	0.127 	-0.338 	-0.333 	
-2833.219 	84.205 	-7.416 	-0.593 	-0.015 	-0.005 	
-1979.557 	-800.577 	1044.468 	-0.376 	-0.155 	0.206 	
1202.914 	-462.127 	-1424.858 	0.228 	-0.089 	-0.281 	
596.364 	395.321 	251.942 	0.121 	0.076 	0.058 	
-57.269 	-764.711 	508.651 	-0.012 	-0.153 	0.087 	
-2120.060 	188.427 	-1222.843 	-0.411 	0.032 	-0.240 	
1727.579 	-182.939 	2347.222 	0.337 	-0.032 	0.457 	
-418.977 	-721.953 	1214.621 	-0.080 	-0.144 	0.224 	
791.617 	-1243.562 	-489.872 	0.146 	-0.236 	-0.090 	
297.401 	-308.825 	342.650 	0.062 	-0.066 	0.059 	
-1875.772 	-2219.950 	-1117.486 	-0.363 	-0.432 	-0.214 	
1068.802 	-1014.445 	-1820.339 	0.204 	-0.185 	-0.343 	
442.411 	602.730 	-465.395 	0.092 	0.146 	-0.087 	
-853.675 	-256.474 	699.313 	-0.161 	-0.039 	0.140 	
2379.010 	1194.770 	-187.789 	0.467 	0.227 	-0.038 	
542.315 	-262.409 	-1224.629 	0.100 	-0.049 	-0.237 	
-1735.876 	595.835 	-2161.989 	-0.330 	0.118 	-0.414 	
822.890 	664.054 	646.204 	0.164 	0.119 	0.130 	
2111.839 	157.128 	-1733.226 	0.398 	0.027 	-0.328 	
-857.898 	275.734 	-1090.663 	-0.163 	0.058 	-0.214 	
-2117.694 	1925.700 	810.107 	-0.415 	0.371 	0.157 	
71.719 	-1678.370 	-1985.508 	0.020 	-0.321 	-0.388 	
1499.887 	1902.360 	-1174.576 	0.290 	0.365 	-0.237 	
1087.033 	-862.190 	219.334 	0.206 	-0.163 	0.051 	
1109.702 	-1847.427 	-1487.545 	0.209 	-0.350 	-0.293 	
710.764 	-864.993 	1218.435 	0.131 	-0.166 	0.232 	
932.916 	-931.692 	1482.393 	0.179 	-0.174 	0.285 	
1894.669 	2080.811 	-1838.442 	0.361 	0.403 	-0.362 	
1759.117 	-328.754 	1275.301 	0.343 	-0.057 	0.252 	
760.595 	-511.361 	-431.742 	0.150 	-0.092 	-0.082 	
-863.889 	-811.275 	1590.968 	-0.172 	-0.153 	0.306 	
-1004.150 	-451.508 	1745.547 	-0.191 	-0.094 	0.334 	
404.599 	-1048.009 	-665.730 	0.079 	-0.198 	-0.130 	
-1418.092 	-222.032 	-36.252 	-0.271 	-0.046 	-0.009 	
-256.774 	1781.767 	-2198.408 	-0.040 	0.348 	-0.423 	
-1676.777 	-551.558 	1125.375 	-0.328 	-0.106 	0.214 	
-75.316 	-1719.935 	1823.917 	-0.016 	-0.323 	0.356 	
-838.180 	640.914 	1717.981 	-0.153 	0.127 	0.327 	
-232.159 	-73.428 	1213.221 	-0.049 	-0.017 	0.233 	
1528.003 	-1158.023 	17.983 	0.298 	-0.226 	-0.004 	
-121.286 	-779.136 	501.870 	-0.009 	-0.146 	0.103 	
-451.149 	-768.080 	1728.895 	-0.075 	-0.145 	0.333 	
-2154.984 	-606.916 	583.513 	-0.421 	-0.117 	0.113 	
-563.086 	-1431.671 	-309.357 	-0.116 	-0.270 	-0.059 	
616.882 	-2088.412 	1125.088 	0.114 	-0.409 	0.214 	
762.582 	-1574.745 	-423.449 	0.143 	-0.303 	-0.075 	
882.183 	-1932.569 	-235.770 	0.172 	-0.373 	-0.038 	
586.110 	92.721 	1754.304 	0.106 	0.013 	0.336 	
-1937.602 	946.851 	130.264 	-0.374 	0.180 	0.023 	
-461.192 	477.637 	900.987 	-0.079 	0.087 	0.168 	
-753.562 	-1133.286 	1834.037 	-0.149 	-0.217 	0.359 	
-1597.584 	-1913.859 	1659.526 	-0.307 	-0.363 	0.327 	
1150.278 	1307.811 	-2009.449 	0.218 	0.249 	-0.380 	
-685.108 	1186.769 	-1929.434 	-0.128 	0.220 	-0.361 	
-144.578 	-1626.674 	-1310.739 	-0.016 	-0.312 	-0.252 	
-45.117 	-114.022 	298.587 	0.002 	-0.029 	0.055 	
1416.779 	-662.169 	374.757 	0.274 	-0.127 	0.065 	
1118.088 	670.724 	-1240.055 	0.226 	0.128 	-0.236 	
-1400.900 	-1881.850 	1103.169 	-0.264 	-0.369 	0.207 	
2339.010 	-467.544 	-2130.388 	0.458 	-0.090 	-0.413 	
-361.135 	1512.933 	520.806 	-0.061 	0.293 	0.096 	
-1225.239 	1716.306 	-1481.649 	-0.237 	0.329 	-0.287 	
-1671.467 	1130.301 	-586.528 	-0.311 	0.216 	-0.112 	
-17.953 	581.164 	-209.961 	-0.009 	0.101 	-0.040 	
-1839.528 	722.351 	159.336 	-0.344 	0.147 	0.028 	
-89.898 	-1602.128 	-1236.784 	-0.020 	-0.303 	-0.228 	
-1505.097 	-870.326 	95.863 	-0.291 	-0.164 	0.010 	
1158.507 	926.803 	-1195.590 	0.232 	0.178 	-0.226 	
-1462.151 	2088.077 	270.311 	-0.282 	0.396 	0.061 	
1067.568 	-191.979 	-1550.864 	0.209 	-0.035 	-0.297 	
-213.745 	179.927 	-444.723 	-0.036 	0.025 	-0.077 	
-2024.506 	-1046.304 	-1888.368 	-0.387 	-0.209 	-0.368 	
940.089 	-388.851 	300.665 	0.176 	-0.077 	0.062 	
-1665.325 	-413.398 	1836.935 	-0.320 	-0.077 	0.354 	
1645.558 	-171.213 	1541.300 	0.316 	-0.037 	0.289 	
603.019 	-163.166 	-1409.651 	0.110 	-0.038 	-0.269 	
1725.453 	690.154 	-127.988 	0.326 	0.134 	-0.029 	
759.099 	351.194 	1253.422 	0.141 	0.071 	0.237 	
-142.030 	955.939 	-1592.589 	-0.032 	0.183 	-0.300 	
2132.321 	-1569.203 	-675.864 	0.420 	-0.300 	-0.125 	
-1927.030 	-1941.677 	2032.987 	-0.374 	-0.376 	0.391 	
-1683.395 	-1173.249 	-46.007 	-0.319 	-0.223 	-0.010 	
1301.206 	305.046 	442.014 	0.239 	0.058 	0.085 	
2113.316 	-530.815 	570.834 	0.406 	-0.098 	0.104 	
-1759.073 	648.621 	946.378 	-0.334 	0.129 	0.191 	
78.495 	-122.110 	16.357 	0.007 	-0.022 	0.008 	
-604.300 	-1233.028 	1696.916 	-0.107 	-0.232 	0.329 	
-234.052 	-1029.729 	-822.555 	-0.040 	-0.201 	-0.151 	
2039.211 	-805.812 	-1392.191 	0.391 	-0.163 	-0.265 	
245.451 	-1217.304 	-1150.794 	0.037 	-0.230 	-0.216 	
1579.572 	-1699.160 	2130.243 	0.310 	-0.320 	0.408 	
-1967.635 	-803.008 	-1040.703 	-0.374 	-0.147 	-0.194 	
-1775.524 	-483.714 	-675.712 	-0.347 	-0.099 	-0.127 	
268.105 	-448.607 	1633.848 	0.063 	-0.087 	0.311 	
1225.126 	-1208.255 	916.096 	0.246 	-0.232 	0.170 	
-1117.738 	916.721 	958.233 	-0.222 	0.172 	0.187 	
-1938.295 	-1086.102 	1618.837 	-0.370 	-0.199 	0.313 	
-1515.564 	-10.883 	507.880 	-0.293 	-0.004 	0.103 	
-1231.424 	-1444.738 	230.791 	-0.230 	-0.272 	0.040 	
1923.869 	1838.946 	1223.158 	0.374 	0.343 	0.232 	
1906.885 	1055.168 	-365.054 	0.375 	0.207 	-0.072 	
-1834.618 	-1726.106 	454.883 	-0.351 	-0.328 	0.093 	
-1510.977 	466.052 	857.314 	-0.293 	0.083 	0.166 	
-1237.519 	186.593 	1032.534 	-0.228 	0.041 	0.202 	
-1139.603 	-553.699 	-2174.947 	-0.220 	-0.111 	-0.425 	
-1060.827 	-1157.281 	-1679.631 	-0.206 	-0.227 	-0.327 	
2294.405 	2335.912 	-1104.087 	0.445 	0.456 	-0.209 	
2197.947 	794.204 	-1760.084 	0.424 	0.148 	-0.346 	
-557.362 	-921.152 	-610.156 	-0.106 	-0.181 	-0.114 	
-590.772 	-882.166 	1437.990 	-0.111 	-0.178 	0.274 	
567.212 	-125.013 	241.637 	0.116 	-0.027 	0.041 	
704.193 	229.686 	471.350 	0.139 	0.037 	0.087 	
-1260.132 	1337.587 	1280.628 	-0.248 	0.257 	0.246 	
-1429.679 	1712.359 	-1969.751 	-0.275 	0.323 	-0.378 	
-578.276 	-1323.258 	-2169.150 	-0.108 	-0.247 	-0.420 	
1755.251 	-868.782 	-1355.676 	0.329 	-0.164 	-0.257 	
-27.438 	13.960 	-1345.227 	-0.004 	0.004 	-0.258 	
678.938 	1685.906 	709.252 	0.132 	0.329 	0.141 	
1110.303 	-174.287 	-14.837 	0.221 	-0.032 	-0.004 	
889.939 	1021.028 	1219.518 	0.174 	0.192 	0.244 	
619.181 	-844.990 	-929.198 	0.125 	-0.160 	-0.172 	
1938.890 	-1573.888 	-1349.918 	0.384 	-0.304 	-0.260 	
622.956 	505.543 	-1292.400 	0.122 	0.097 	-0.250 	
-1402.776 	-1496.721 	-39.798 	-0.265 	-0.293 	-0.006 	
1177.124 	746.659 	949.932 	0.216 	0.139 	0.181 	
1643.153 	624.512 	219.441 	0.327 	0.111 	0.039 	
-156.701 	-1884.112 	1748.800 	-0.027 	-0.358 	0.345 	
143.983 	699.178 	1785.257 	0.038 	0.133 	0.335 	
1579.037 	-79.975 	1717.685 	0.313 	-0.014 	0.327 	
1829.981 	710.481 	-97.755 	0.348 	0.130 	-0.012 	
-1219.540 	-2303.686 	2281.771 	-0.231 	-0.446 	0.445 	
-2353.648 	-1930.341 	2118.345 	-0.458 	-0.368 	0.410 	
2210.943 	1807.542 	7.204 	0.435 	0.342 	0.001 	
2257.045 	464.808 	1913.461 	0.435 	0.080 	0.372 	
846.894 	251.194 	1465.368 	0.154 	0.052 	0.284 	
-1467.813 	-240.542 	-1826.637 	-0.282 	-0.045 	-0.349 	
1589.603 	807.957 	-678.679 	0.316 	0.155 	-0.132 	
-531.949 	1111.912 	-1899.813 	-0.105 	0.208 	-0.359 	
862.508 	909.914 	-281.085 	0.164 	0.173 	-0.056 	
1304.470 	-816.061 	-1142.055 	0.253 	-0.153 	-0.215 	
1746.308 	1635.470 	2035.777 	0.336 	0.321 	0.396 	
233.724 	1824.046 	-1319.045 	0.036 	0.347 	-0.250 	
-1877.169 	358.979 	779.372 	-0.355 	0.074 	0.153 	
553.799 	-2012.918 	1388.375 	0.113 	-0.385 	0.260 	
665.596 	-802.052 	-210.145 	0.123 	-0.158 	-0.040 	
1611.744 	108.550 	-161.869 	0.309 	0.028 	-0.036 	
-982.174 	916.391 	-1432.287 	-0.183 	0.180 	-0.278 	
1026.811 	-1789.172 	1020.088 	0.193 	-0.348 	0.198 	
1749.403 	1770.721 	82.060 	0.343 	0.339 	0.020 	
1182.947 	-1926.333 	1763.979 	0.226 	-0.361 	0.338 	
2098.043 	-175.506 	446.669 	0.403 	-0.024 	0.091 	
2342.630 	1863.774 	1233.774 	0.448 	0.359 	0.239 	
616.636 	-1552.362 	861.177 	0.128 	-0.299 	0.166 	
-1199.416 	-2138.285 	2006.798 	-0.232 	-0.416 	0.386 	
898.812 	-444.623 	-456.969 	0.179 	-0.077 	-0.086 	
-152.291 	53.811 	346.012 	-0.034 	0.005 	0.061 	
-1869.017 	2350.648 	1918.508 	-0.367 	0.461 	0.368 	
95.175 	200.835 	1820.209 	0.029 	0.040 	0.343 	
-278.557 	1835.854 	1684.622 	-0.056 	0.358 	0.318 	
1547.843 	-1656.343 	1824.109 	0.305 	-0.325 	0.354 	
-1657.582 	-1763.424 	1787.385 	-0.320 	-0.330 	0.344 	
-1948.310 	-1259.097 	1470.403 	-0.376 	-0.237 	0.284 	
-1461.124 	1351.455 	657.075 	-0.275 	0.264 	0.131 	
-344.674 	-2251.301 	430.335 	-0.055 	-0.432 	0.081 	
262.334 	-1073.161 	1529.622 	0.055 	-0.203 	0.294 	
-64.769 	222.996 	239.511 	-0.014 	0.036 	0.052 	
-1752.138 	-1996.131 	-1638.868 	-0.344 	-0.384 	-0.307 	
-1030.454 	-56.099 	1124.909 	-0.192 	-0.016 	0.213 	
1607.867 	592.447 	259.229 	0.301 	0.117 	0.054 	
794.664 	-1132.121 	1482.174 	0.157 	-0.223 	0.290 	
-1652.825 	-971.205 	-1407.076 	-0.313 	-0.181 	-0.266 	
84.853 	-973.697 	-422.734 	0.009 	-0.220 	-0.078 	
2172.025 	163.982 	24.242 	0.403 	0.017 	0.010 	
-1036.619 	-1485.236 	-1387.149 	-0.196 	-0.287 	-0.260 	
1730.694 	-1072.817 	111.909 	0.339 	-0.202 	0.024 	
-561.339 	1490.148 	1299.245 	-0.097 	0.281 	0.246 	
357.203 	-536.636 	1858.231 	0.069 	-0.101 	0.350 	
1845.176 	-260.597 	999.250 	0.357 	-0.053 	0.187 	
-577.673 	84.465 	-2216.829 	-0.106 	0.020 	-0.429 	
-1005.461 	-350.246 	-46.554 	-0.191 	-0.076 	-0.003 	
449.304 	1721.851 	898.244 	0.082 	0.329 	0.175 	
-1951.093 	510.190 	-358.767 	-0.379 	0.093 	-0.072 	
1105.763 	-1095.876 	584.807 	0.208 	-0.204 	0.106 	
-384.381 	400.805 	-455.040 	-0.082 	0.072 	-0.088 	
1619.611 	-1722.650 	349.711 	0.312 	-0.332 	0.073 	
207.855 	-401.847 	611.935 	0.031 	-0.073 	0.114 	
2137.862 	-1756.076 	715.354 	0.419 	-0.334 	0.137 	
-1000.084 	202.431 	-139.415 	-0.182 	0.037 	-0.026 	
-1671.891 	210.198 	1813.181 	-0.324 	0.050 	0.345 	
2220.696 	871.260 	-228.289 	0.427 	0.160 	-0.034 	
-1340.695 	1675.254 	-1033.822 	-0.251 	0.326 	-0.194 	
-1333.044 	1626.690 	-599.407 	-0.246 	0.312 	-0.116 	
1602.416 	-530.397 	-221.722 	0.302 	-0.090 	-0.040 	
-1738.682 	384.722 	1641.061 	-0.328 	0.077 	0.314 	
1815.727 	-1070.439 	-2152.525 	0.360 	-0.200 	-0.413 	
-1527.030 	-2075.259 	-1139.565 	-0.293 	-0.395 	-0.219 	
-453.705 	-237.007 	1614.922 	-0.079 	-0.047 	0.303 	
-126.850 	-1075.129 	-146.910 	-0.027 	-0.204 	-0.038 	
-176.998 	-292.445 	805.604 	-0.024 	-0.057 	0.161 	
1299.640 	573.941 	504.592 	0.257 	0.113 	0.102 	
810.127 	-1708.876 	-0.001 	0.163 	-0.319 	0.005 	
1171.895 	-1920.249 	-1872.776 	0.218 	-0.370 	-0.360 	
-1257.633 	1896.928 	-541.661 	-0.240 	0.359 	-0.107 	
-1593.356 	1771.300 	486.632 	-0.298 	0.345 	0.092 	
-2.446 	-170.365 	-583.287 	0.002 	-0.035 	-0.115 	
-137.415 	-1690.467 	1265.327 	-0.015 	-0.322 	0.241 	
571.694 	-679.269 	1914.233 	0.108 	-0.125 	0.374 	
1885.624 	1509.603 	-1985.892 	0.370 	0.298 	-0.384 	
42.274 	-1109.206 	-433.521 	0.006 	-0.212 	-0.074 	
2234.759 	1552.192 	-60.954 	0.440 	0.295 	-0.014 	
-849.648 	1297.652 	-2305.710 	-0.154 	0.245 	-0.442 	
-70.611 	166.340 	-420.449 	-0.015 	0.023 	-0.084 	
-1750.646 	-429.736 	747.415 	-0.325 	-0.085 	0.146 	
1007.146 	-268.956 	10.080 	0.190 	-0.061 	0.000 	
-628.479 	-430.662 	1812.864 	-0.123 	-0.083 	0.336 	
-354.485 	106.781 	-2221.576 	-0.066 	0.026 	-0.426 	
1706.154 	703.179 	794.482 	0.318 	0.136 	0.148 	
-1813.490 	-1140.313 	-2456.010 	-0.344 	-0.217 	-0.481 	
2021.599 	-422.703 	485.666 	0.384 	-0.075 	0.096 	
1261.179 	-2047.177 	298.923 	0.240 	-0.395 	0.065 	
1044.990 	1942.778 	-1304.487 	0.211 	0.367 	-0.247 	
1655.842 	509.342 	-1401.808 	0.313 	0.104 	-0.265 	
72.268 	-2285.395 	1971.723 	0.020 	-0.446 	0.376 	
775.267 	-696.139 	681.367 	0.160 	-0.132 	0.128 	
67.657 	2168.401 	990.898 	0.024 	0.416 	0.192 	
1765.219 	-1139.859 	-1354.568 	0.350 	-0.221 	-0.260 	
878.566 	2017.267 	-106.773 	0.174 	0.388 	-0.012 	
1065.919 	589.799 	-649.587 	0.195 	0.114 	-0.122 	
1786.977 	2008.724 	-497.491 	0.338 	0.378 	-0.095 	
972.832 	1070.595 	-668.623 	0.199 	0.204 	-0.126 	
722.523 	-566.528 	-286.459 	0.149 	-0.115 	-0.056 	
637.940 	-466.117 	729.383 	0.124 	-0.089 	0.127 	
-580.667 	-1472.042 	-928.565 	-0.117 	-0.283 	-0.171 	
-2137.163 	-716.494 	1588.401 	-0.404 	-0.133 	0.303 	
-1823.664 	-1569.566 	-192.240 	-0.345 	-0.306 	-0.044 	
509.717 	1853.649 	1000.580 	0.095 	0.360 	0.191 	
-443.843 	-627.894 	856.786 	-0.093 	-0.119 	0.164 	
1211.158 	-2052.499 	272.237 	0.241 	-0.394 	0.056 	
-2065.778 	-859.850 	1322.233 	-0.422 	-0.164 	0.250 	
1563.155 	-1895.998 	-2006.473 	0.271 	-0.372 	-0.381 	
-1932.237 	-821.372 	-1701.474 	-0.404 	-0.151 	-0.327 	
-639.103 	-1881.264 	909.175 	-0.148 	-0.355 	0.183 	
1416.085 	1067.704 	-276.692 	0.233 	0.198 	-0.056 	
-1273.166 	-1799.811 	1082.956 	-0.284 	-0.347 	0.212 	
2382.605 	-1847.219 	-1903.184 	0.429 	-0.361 	-0.371 	
1678.471 	-1271.428 	1122.529 	0.290 	-0.245 	0.224 	
-690.166 	-1125.403 	-1884.962 	-0.173 	-0.210 	-0.360 	
946.487 	1091.274 	-1487.821 	0.146 	0.208 	-0.290 	
1676.306 	671.124 	227.780 	0.292 	0.133 	0.037 	
365.587 	77.491 	502.147 	0.024 	0.008 	0.095 	
-2065.423 	1908.800 	2058.075 	-0.436 	0.365 	0.391 	
823.999 	-1545.870 	800.199 	0.114 	-0.297 	0.154 	
804.435 	2313.865 	2080.497 	0.123 	0.448 	0.393 	
-98.265 	1779.252 	1310.441 	-0.045 	0.342 	0.245 	
1493.644 	-641.648 	850.465 	0.261 	-0.119 	0.168 	
530.299 	-2164.821 	2041.752 	0.060 	-0.415 	0.393 	
-243.896 	2034.110 	718.727 	-0.077 	0.389 	0.146 	
1172.092 	-2042.518 	1851.781 	0.195 	-0.397 	0.352 	
394.420 	562.002 	1026.723 	0.039 	0.107 	0.198 	
-850.413 	2084.061 	-2110.531 	-0.188 	0.398 	-0.404 	
593.336 	706.462 	43.408 	0.091 	0.137 	0.010 	
1594.457 	120.548 	-254.399 	0.265 	0.028 	-0.054 	
-2323.462 	814.391 	-1196.732 	-0.489 	0.157 	-0.229 	
248.153 	1593.662 	971.060 	0.009 	0.310 	0.192 	
238.016 	-726.312 	6.988 	0.015 	-0.145 	0.005 	
-188.740 	-1603.614 	-290.180 	-0.072 	-0.311 	-0.050 	
-1469.339 	-386.851 	-471.505 	-0.323 	-0.073 	-0.092 	
-633.205 	998.987 	-2099.863 	-0.147 	0.189 	-0.401 	
425.954 	768.103 	-366.603 	0.058 	0.145 	-0.064 	
-803.718 	2058.056 	633.913 	-0.180 	0.400 	0.127 	
-1408.828 	1480.587 	-1897.767 	-0.312 	0.283 	-0.370 	
87.017 	1909.294 	1569.782 	-0.019 	0.368 	0.295 	
658.168 	-2115.837 	1830.843 	0.092 	-0.401 	0.352 	
610.732 	-1757.832 	233.478 	0.089 	-0.331 	0.050 	
337.618 	-352.059 	-1659.409 	0.026 	-0.064 	-0.317 	
-1668.510 	597.334 	1926.672 	-0.359 	0.107 	0.375 	
-2236.695 	1328.205 	11.663 	-0.467 	0.244 	0.005 	
1872.479 	67.690 	-1319.782 	0.330 	0.013 	-0.245 	
-986.774 	-844.673 	-1209.545 	-0.219 	-0.155 	-0.236 	
-1534.111 	-1117.935 	-664.500 	-0.319 	-0.205 	-0.128 	
1201.023 	-1969.442 	-1221.154 	0.190 	-0.376 	-0.235 	
-1537.263 	625.419 	-1341.988 	-0.325 	0.123 	-0.248 	
-861.291 	-360.477 	-560.845 	-0.206 	-0.062 	-0.111 	
1892.518 	2217.493 	-1169.927 	0.334 	0.434 	-0.219 	
887.315 	-1416.662 	-1232.056 	0.137 	-0.266 	-0.243 	
-1453.739 	1760.748 	-1919.222 	-0.313 	0.329 	-0.373 	
-582.266 	-1053.970 	-863.304 	-0.132 	-0.203 	-0.165 	
39.353 	-333.072 	622.195 	-0.035 	-0.067 	0.118 	
31.082 	33.108 	89.924 	-0.029 	0.009 	0.015 	
836.946 	2304.656 	-184.524 	0.138 	0.444 	-0.035 	
867.099 	-1341.987 	-653.898 	0.144 	-0.256 	-0.123 	
1391.300 	930.783 	753.645 	0.232 	0.179 	0.144 	
-1752.660 	-279.067 	1218.308 	-0.370 	-0.044 	0.228 	
-555.628 	1445.812 	1304.579 	-0.138 	0.285 	0.257 	
-1479.105 	930.414 	1621.018 	-0.327 	0.179 	0.309 	
-659.306 	-432.484 	-894.647 	-0.153 	-0.076 	-0.165 	
-1400.021 	-1001.129 	-785.210 	-0.293 	-0.199 	-0.151 	
-1428.551 	9.781 	207.622 	-0.305 	0.009 	0.035 	
-502.244 	-1848.669 	613.694 	-0.121 	-0.347 	0.122 	
606.577 	-259.211 	-63.163 	0.085 	-0.049 	-0.014 	
1183.476 	659.758 	1098.060 	0.204 	0.126 	0.203 	
4.100 	-229.899 	-1929.303 	-0.040 	-0.040 	-0.366 	
-39.055 	-1027.050 	-903.373 	-0.036 	-0.189 	-0.174 	
1010.854 	-147.726 	1879.834 	0.163 	-0.030 	0.359 	
273.529 	-581.811 	367.015 	0.012 	-0.113 	0.078 	
268.649 	-1832.478 	2000.207 	0.023 	-0.346 	0.387 	
706.471 	393.043 	935.785 	0.103 	0.078 	0.179 	
175.884 	-1709.292 	-206.460 	-0.009 	-0.327 	-0.040 	
112.600 	-1698.166 	-899.693 	-0.019 	-0.322 	-0.174 	
-1837.617 	-1666.210 	-138.057 	-0.386 	-0.312 	-0.025 	
-1859.813 	-1319.845 	-591.746 	-0.399 	-0.254 	-0.112 	
1884.983 	-1846.880 	-488.696 	0.337 	-0.358 	-0.100 	
-419.627 	-855.211 	-1027.343 	-0.117 	-0.171 	-0.200 	
-463.924 	-315.619 	145.032 	-0.131 	-0.063 	0.029 	
-720.188 	1611.170 	-1131.254 	-0.167 	0.314 	-0.221 	
-907.841 	758.383 	678.695 	-0.211 	0.151 	0.125 	
-397.235 	609.145 	-1081.219 	-0.117 	0.121 	-0.206 	
-1707.338 	-1330.000 	888.478 	-0.353 	-0.250 	0.169 	
1016.718 	-1481.365 	-361.089 	0.169 	-0.282 	-0.064 	
1556.944 	416.618 	1581.476 	0.258 	0.083 	0.302 	
-1783.829 	1146.461 	1482.152 	-0.369 	0.219 	0.279 	
-887.225 	529.746 	623.171 	-0.213 	0.101 	0.118 	
-1114.793 	-1611.622 	2284.076 	-0.243 	-0.300 	0.441 	
-1208.083 	-1194.843 	161.347 	-0.265 	-0.233 	0.039 	
-1329.919 	210.318 	-1586.729 	-0.285 	0.039 	-0.306 	
1783.923 	20.796 	-1681.873 	0.319 	0.001 	-0.320 	
355.336 	748.933 	1882.788 	0.041 	0.148 	0.357 	
-1232.672 	1081.447 	972.077 	-0.264 	0.203 	0.181 	
-682.520 	1104.395 	1462.999 	-0.153 	0.210 	0.280 	
-1907.332 	1654.868 	319.816 	-0.400 	0.328 	0.064 	
-543.392 	-734.385 	-896.923 	-0.132 	-0.149 	-0.163 	
-717.316 	-1660.826 	428.043 	-0.171 	-0.316 	0.091 	
2171.389 	1878.187 	-1406.179 	0.396 	0.364 	-0.271 	
148.204 	-1430.186 	-1379.942 	0.004 	-0.273 	-0.271 	
-1156.359 	-1907.732 	-1648.366 	-0.255 	-0.375 	-0.313 	
721.871 	2389.268 	-947.590 	0.101 	0.463 	-0.188 	
574.359 	-1229.001 	1714.444 	0.071 	-0.239 	0.330 	
2289.716 	-190.794 	-1399.459 	0.415 	-0.040 	-0.270 	
676.933 	-305.690 	360.650 	0.090 	-0.059 	0.068 	
505.646 	2100.265 	-1126.672 	0.059 	0.405 	-0.218 	
-1425.834 	-847.748 	-836.675 	-0.303 	-0.153 	-0.158 	
-819.015 	1917.840 	-484.736 	-0.191 	0.357 	-0.089 	
-756.624 	-405.510 	-1756.450 	-0.173 	-0.077 	-0.336 	
967.394 	-2031.866 	-929.993 	0.158 	-0.395 	-0.173 	
1398.008 	-546.186 	-30.863 	0.231 	-0.097 	0.000 	
2082.659 	27.436 	1265.982 	0.375 	0.005 	0.244 	
1120.888 	1577.408 	-2148.996 	0.193 	0.302 	-0.415 	
-1688.123 	633.807 	1388.537 	-0.346 	0.123 	0.263 	
-232.996 	0.488 	588.462 	-0.070 	0.002 	0.116 	
-676.123 	1675.815 	1449.274 	-0.166 	0.324 	0.279 	
2274.461 	1841.560 	-409.856 	0.407 	0.355 	-0.081 	
-1890.758 	242.657 	1420.816 	-0.397 	0.038 	0.270 	
-2193.519 	553.344 	-1584.140 	-0.447 	0.109 	-0.305 	
-1431.187 	-780.231 	-348.618 	-0.308 	-0.153 	-0.070 	
671.184 	668.555 	-938.191 	0.088 	0.128 	-0.185 	
1614.197 	2124.795 	-1379.865 	0.280 	0.415 	-0.271 	
-1465.567 	858.294 	-63.550 	-0.314 	0.157 	-0.016 	
340.811 	161.921 	426.230 	0.025 	0.026 	0.081 	
363.564 	-1682.104 	-859.373 	0.027 	-0.323 	-0.166 	
-1687.166 	-255.955 	-1069.170 	-0.363 	-0.049 	-0.199 	
2302.252 	1439.668 	-1360.353 	0.420 	0.281 	-0.264 	
1522.162 	340.753 	1172.068 	0.263 	0.071 	0.217 	
565.142 	1891.808 	396.433 	0.073 	0.355 	0.074 	
686.505 	-519.664 	-779.448 	0.093 	-0.103 	-0.142 	
1737.286 	1660.770 	-1453.095 	0.294 	0.321 	-0.279 	
2127.337 	510.025 	-631.529 	0.384 	0.099 	-0.120 	
-1305.630 	566.155 	-405.277 	-0.291 	0.100 	-0.073 	
-905.462 	-1840.251 	-540.285 	-0.204 	-0.343 	-0.106 	
1101.570 	2247.670 	-2117.640 	0.177 	0.436 	-0.406 	
1975.743 	798.084 	-542.017 	0.347 	0.159 	-0.104 	
-1504.448 	-1309.868 	-1282.106 	-0.326 	-0.252 	-0.239 	
-2011.958 	128.532 	1127.600 	-0.428 	0.027 	0.221 	
2181.859 	-1183.251 	1771.073 	0.395 	-0.226 	0.334 	
1670.989 	133.383 	919.585 	0.279 	0.027 	0.177 	
522.440 	1633.277 	1293.553 	0.072 	0.319 	0.249 	
-1998.354 	1808.129 	-1440.026 	-0.423 	0.345 	-0.284 	
-1920.005 	177.222 	2049.542 	-0.390 	0.034 	0.395 	
2029.255 	-1471.928 	-947.172 	0.358 	-0.291 	-0.184 	
-930.205 	865.308 	893.416 	-0.222 	0.165 	0.174 	
1121.533 	1403.197 	562.522 	0.181 	0.267 	0.112 	
1631.761 	-275.803 	799.928 	0.286 	-0.056 	0.155 	
1482.063 	690.995 	755.282 	0.246 	0.124 	0.138 	
-1562.582 	-442.992 	1913.842 	-0.326 	-0.085 	0.373 	
2149.129 	-1665.510 	1017.709 	0.384 	-0.318 	0.198 	
-477.653 	1465.689 	-1983.657 	-0.132 	0.280 	-0.381 	
-1727.233 	-1735.137 	2833.530 	-0.414 	-0.367 	0.615 	
389.506 	1162.364 	52.680 	0.048 	0.221 	0.008 	
555.407 	17.496 	285.986 	0.079 	0.007 	0.061 	
851.153 	1649.316 	2031.203 	0.139 	0.324 	0.389 	
-1584.214 	252.815 	-151.874 	-0.340 	0.057 	-0.027 	
-2068.230 	633.761 	-1926.627 	-0.428 	0.124 	-0.366 	
836.985 	1055.473 	319.005 	0.136 	0.202 	0.061 	
-572.494 	-1493.392 	544.490 	-0.147 	-0.290 	0.102 	
1164.063 	-393.197 	-846.317 	0.201 	-0.078 	-0.160 	
-485.628 	-278.728 	1481.092 	-0.126 	-0.059 	0.277 	
-1720.334 	1560.113 	2080.403 	-0.359 	0.305 	0.407 	
1361.907 	-1075.936 	157.814 	0.232 	-0.204 	0.040 	
-1534.676 	-991.367 	-536.420 	-0.334 	-0.187 	-0.103 	
204.213 	1642.271 	904.715 	0.003 	0.313 	0.173 	
-705.586 	-545.210 	-1977.115 	-0.157 	-0.105 	-0.376 	
-1378.927 	97.279 	-1661.844 	-0.306 	0.024 	-0.317 	
146.243 	1150.879 	136.948 	0.001 	0.225 	0.025 	
-1186.853 	-1046.412 	71.900 	-0.265 	-0.193 	0.022 	
-1788.872 	-1973.582 	2129.689 	-0.379 	-0.379 	0.418 	
535.485 	-11.047 	711.648 	0.074 	-0.004 	0.138 	
2149.101 	908.531 	-781.259 	0.376 	0.171 	-0.147 	
2200.634 	-1477.635 	1518.689 	0.395 	-0.287 	0.293 	
-2163.813 	-1105.888 	-18.081 	-0.446 	-0.205 	-0.006 	
-809.990 	334.149 	-1604.711 	-0.195 	0.065 	-0.300 	
117.726 	-154.579 	999.116 	-0.017 	-0.025 	0.195 	
1646.007 	-689.319 	-367.494 	0.272 	-0.136 	-0.070 	
309.947 	-36.557 	-1346.952 	0.032 	-0.007 	-0.259 	
2327.703 	-1875.491 	-2409.930 	0.418 	-0.358 	-0.472 	
-151.505 	-1244.406 	-457.516 	-0.058 	-0.229 	-0.095 	
-1028.450 	1725.837 	1864.548 	-0.225 	0.330 	0.356 	
1515.647 	251.681 	-1642.619 	0.251 	0.048 	-0.316 	
-658.607 	1696.159 	986.418 	-0.166 	0.326 	0.185 	
-1472.713 	-507.710 	-856.638 	-0.320 	-0.094 	-0.172 	
138.499 	59.241 	500.097 	-0.012 	0.008 	0.086 	
-719.425 	-945.357 	1215.312 	-0.176 	-0.177 	0.233 	
-109.102 	1216.563 	444.243 	-0.054 	0.223 	0.089 	
523.699 	-332.677 	-1295.173 	0.058 	-0.069 	-0.244 	
-776.947 	-704.867 	1662.485 	-0.180 	-0.125 	0.320 	
2119.952 	-699.034 	-2159.227 	0.377 	-0.141 	-0.413 	
2089.944 	-70.910 	-1816.615 	0.376 	-0.015 	-0.357 	
1042.610 	56.378 	2009.136 	0.158 	0.014 	0.384 	
-430.517 	-1171.575 	-927.670 	-0.113 	-0.222 	-0.167 	
795.270 	-2189.110 	1926.373 	0.121 	-0.410 	0.369 	
-1610.560 	-848.583 	1909.841 	-0.334 	-0.163 	0.363 	
-934.522 	-235.674 	-1759.501 	-0.212 	-0.041 	-0.334 	
-110.680 	1773.422 	129.204 	-0.061 	0.344 	0.031 	
842.326 	873.969 	-1830.840 	0.130 	0.164 	-0.350 	
1247.227 	1330.683 	-1762.447 	0.211 	0.261 	-0.339 	
-2151.435 	293.511 	1254.940 	-0.443 	0.058 	0.241 	
-1332.406 	-304.656 	1630.114 	-0.288 	-0.070 	0.310 	
-4.853 	1334.217 	1019.763 	-0.042 	0.255 	0.202 	
-219.391 	2066.941 	1884.089 	-0.065 	0.395 	0.362 	
-1331.533 	-669.329 	1988.703 	-0.295 	-0.130 	0.379 	
1257.125 	1176.590 	-605.574 	0.202 	0.224 	-0.112 	
-47.586 	-530.290 	618.796 	-0.051 	-0.095 	0.118 	
-1359.894 	1913.505 	-1765.045 	-0.294 	0.374 	-0.335 	
1877.943 	1558.367 	219.718 	0.338 	0.300 	0.043 	
1598.646 	1876.950 	675.022 	0.285 	0.359 	0.132 	
-1875.588 	-1930.976 	-1005.461 	-0.400 	-0.375 	-0.193 	
2040.010 	-1239.017 	1250.924 	0.351 	-0.245 	0.241 	
-629.155 	-331.235 	310.032 	-0.142 	-0.064 	0.057 	
-1631.718 	469.766 	867.460 	-0.355 	0.091 	0.163 	
-1860.833 	-707.187 	190.880 	-0.399 	-0.136 	0.038 	
2138.732 	1155.474 	1784.829 	0.382 	0.219 	0.336 	
2229.418 	-719.650 	-147.355 	0.396 	-0.138 	-0.033 	
548.101 	-1773.191 	-608.102 	0.084 	-0.338 	-0.116 	
-1132.866 	938.130 	-627.124 	-0.241 	0.176 	-0.123 	
-230.819 	-1671.654 	-1872.853 	-0.087 	-0.321 	-0.360 	
-2297.062 	-782.422 	1808.506 	-0.478 	-0.156 	0.340 	
-1583.159 	389.568 	1159.237 	-0.346 	0.075 	0.219 	
519.244 	-1615.042 	962.288 	0.059 	-0.312 	0.189 	
-81.847 	-1145.927 	185.467 	-0.047 	-0.211 	0.039 	
-212.327 	-221.982 	-694.021 	-0.063 	-0.041 	-0.131 	
306.035 	-881.072 	521.924 	0.017 	-0.161 	0.099 	
-1443.701 	-1034.381 	69.860 	-0.306 	-0.200 	0.022 	
-1994.208 	901.848 	-330.769 	-0.427 	0.174 	-0.059 	
-1553.279 	-1531.489 	-1309.043 	-0.330 	-0.298 	-0.250 	
2183.343 	-1977.348 	552.313 	0.394 	-0.384 	0.107 	
-803.738 	1918.622 	637.592 	-0.190 	0.362 	0.130 	
-1523.797 	-619.345 	-84.907 	-0.316 	-0.128 	-0.014 	
2143.753 	-684.562 	2012.549 	0.380 	-0.135 	0.391 	
430.704 	251.105 	1477.352 	0.056 	0.043 	0.287 	
699.102 	-410.012 	-1461.580 	0.097 	-0.083 	-0.273 	
-440.354 	1027.357 	52.752 	-0.121 	0.198 	0.007 	
2376.801 	2043.846 	1221.178 	0.421 	0.396 	0.230 	
-1473.163 	-815.759 	2733.270 	-0.324 	-0.162 	0.539 	
-1665.327 	448.837 	-1374.639 	-0.344 	0.084 	-0.264 	
-904.414 	-240.462 	722.138 	-0.212 	-0.040 	0.137 	
2191.191 	-984.245 	-1719.237 	0.382 	-0.188 	-0.328 	
-1175.940 	843.488 	223.114 	-0.256 	0.159 	0.041 	
-539.906 	1303.366 	114.362 	-0.139 	0.241 	0.022 	
551.042 	296.232 	1869.099 	0.078 	0.066 	0.355 	
-573.781 	-1029.947 	672.818 	-0.136 	-0.200 	0.130 	
-1123.023 	1206.129 	923.585 	-0.241 	0.225 	0.182 	
962.713 	763.892 	566.218 	0.152 	0.143 	0.120 	
-206.035 	-123.113 	757.968 	-0.079 	-0.020 	0.149 	
1939.821 	-1336.137 	1526.384 	0.334 	-0.253 	0.298 	
607.539 	1817.556 	-85.103 	0.090 	0.350 	-0.012 	
-1115.832 	888.147 	1168.227 	-0.243 	0.176 	0.220 	
-1987.098 	-604.119 	-1748.110 	-0.410 	-0.110 	-0.336 	
2041.965 	984.912 	1330.624 	0.356 	0.199 	0.252 	
1259.281 	-1417.142 	-725.133 	0.218 	-0.269 	-0.140 	
-874.385 	-170.916 	1299.880 	-0.202 	-0.029 	0.238 	
-71.657 	-916.181 	2070.952 	-0.051 	-0.182 	0.388 	
-244.534 	-1693.689 	1843.173 	-0.079 	-0.333 	0.341 	
-1982.740 	1394.807 	-1458.703 	-0.408 	0.263 	-0.284 	
1590.235 	-408.937 	-289.273 	0.281 	-0.080 	-0.052 	
749.851 	959.588 	1045.812 	0.113 	0.193 	0.206 	
-478.393 	-766.196 	-1135.455 	-0.124 	-0.155 	-0.211 	
-760.946 	-427.964 	594.898 	-0.187 	-0.081 	0.115 	
-1555.089 	219.618 	313.834 	-0.319 	0.041 	0.062 	
1413.387 	-246.000 	-216.329 	0.235 	-0.051 	-0.040 	
1135.781 	-936.398 	1217.588 	0.196 	-0.177 	0.237 	
-461.841 	-921.887 	1398.248 	-0.130 	-0.181 	0.265 	
-2117.199 	8.163 	1538.540 	-0.441 	0.002 	0.294 	
-1142.719 	341.197 	484.640 	-0.261 	0.067 	0.093 	
1999.181 	-1426.056 	-49.730 	0.345 	-0.281 	-0.012 	
-323.288 	452.548 	-1123.724 	-0.098 	0.079 	-0.208 	
-601.698 	780.494 	1953.640 	-0.140 	0.145 	0.376 	
1613.675 	-1344.715 	-445.242 	0.279 	-0.257 	-0.082 	
2177.945 	-255.831 	-1008.423 	0.392 	-0.052 	-0.188 	
1893.520 	1796.210 	2317.175 	0.328 	0.343 	0.446 	
1677.368 	-2167.308 	-1129.899 	0.290 	-0.413 	-0.210 	
1851.887 	630.520 	666.517 	0.330 	0.119 	0.124 	
2295.987 	-1227.746 	703.037 	0.419 	-0.235 	0.136 	
318.728 	-1644.066 	1251.845 	0.031 	-0.306 	0.242 	
667.483 	205.147 	-1569.776 	0.105 	0.040 	-0.302 	
2011.482 	1406.596 	1017.872 	0.347 	0.272 	0.201 	
-570.520 	-412.577 	15.066 	-0.150 	-0.081 	0.006 	
-1414.404 	111.090 	-1500.505 	-0.307 	0.015 	-0.295 	
336.669 	1015.144 	721.969 	0.026 	0.198 	0.147 	
-1385.251 	85.948 	1486.993 	-0.298 	0.027 	0.284 	
-721.370 	-721.647 	1923.409 	-0.174 	-0.149 	0.364 	
-2046.111 	1035.086 	575.134 	-0.431 	0.202 	0.112 	
-2102.778 	1033.228 	1758.414 	-0.427 	0.196 	0.340 	
-663.598 	-301.393 	1536.696 	-0.161 	-0.052 	0.289 	
2188.986 	-1460.483 	-1730.594 	0.383 	-0.280 	-0.341 	
313.471 	-2119.731 	2136.030 	0.019 	-0.410 	0.409 	
-1058.474 	1122.913 	398.897 	-0.231 	0.215 	0.075 	
-1918.560 	769.489 	1602.386 	-0.391 	0.146 	0.310 	
-1487.959 	-19.413 	1254.413 	-0.306 	-0.001 	0.240 	
144.850 	990.423 	1285.873 	-0.014 	0.184 	0.247 	
497.984 	-644.916 	-219.574 	0.071 	-0.123 	-0.040 	
535.407 	298.270 	311.906 	0.066 	0.047 	0.059 	
-613.343 	-1574.338 	745.189 	-0.142 	-0.308 	0.140 	
661.283 	-404.154 	673.308 	0.096 	-0.079 	0.122 	
1503.823 	574.916 	1173.337 	0.264 	0.113 	0.217 	
941.123 	223.683 	-1226.931 	0.143 	0.044 	-0.235 	
483.483 	116.331 	-647.094 	0.059 	0.026 	-0.126 	
-2193.071 	-1593.944 	2178.774 	-0.460 	-0.308 	0.425 	
-1346.597 	1968.607 	1267.968 	-0.293 	0.374 	0.249 	
-750.121 	-1851.983 	1544.700 	-0.173 	-0.352 	0.295 	
-342.625 	-442.727 	1458.937 	-0.099 	-0.093 	0.272 	
-544.561 	-382.598 	-494.104 	-0.147 	-0.076 	-0.099 	
2401.771 	770.956 	2136.632 	0.435 	0.151 	0.410 	
-485.098 	-1892.317 	-1874.436 	-0.116 	-0.362 	-0.361 	
976.409 	2199.461 	-290.427 	0.156 	0.428 	-0.060 	
676.743 	2259.141 	-2112.909 	0.105 	0.437 	-0.402 	
-270.986 	1478.517 	840.735 	-0.082 	0.286 	0.163 	
-757.546 	1379.627 	-201.700 	-0.178 	0.262 	-0.047 	
337.652 	866.727 	-2395.077 	0.033 	0.163 	-0.469 	
-840.725 	269.178 	-626.296 	-0.186 	0.054 	-0.117 	
28.983 	172.423 	-1366.118 	-0.022 	0.033 	-0.267 	
1683.422 	1301.505 	-616.810 	0.301 	0.248 	-0.119 	
-1973.988 	1362.276 	-1362.913 	-0.414 	0.265 	-0.270 	
2028.830 	1968.420 	1225.112 	0.369 	0.377 	0.237 	
-1429.196 	1349.615 	1408.819 	-0.312 	0.256 	0.278 	
757.642 	732.877 	1550.351 	0.105 	0.133 	0.297 	
-2249.835 	1371.065 	-1215.247 	-0.470 	0.268 	-0.237 	
-1207.646 	1949.678 	-702.987 	-0.258 	0.372 	-0.129 	
-1258.653 	879.629 	650.607 	-0.266 	0.165 	0.132 	
-163.728 	-713.202 	1068.990 	-0.073 	-0.132 	0.192 	
37.878 	-866.903 	-1858.454 	-0.025 	-0.156 	-0.355 	
-2029.515 	-625.859 	-1047.674 	-0.413 	-0.122 	-0.207 	
1461.095 	228.574 	-315.286 	0.252 	0.046 	-0.049 	
1620.860 	-22.740 	-222.476 	0.275 	-0.009 	-0.032 	
-839.247 	-395.077 	1859.253 	-0.198 	-0.079 	0.352 	
1913.625 	-1286.245 	-1225.665 	0.339 	-0.241 	-0.241 	
766.533 	-252.983 	1043.208 	0.110 	-0.045 	0.199 	
2285.808 	-1996.964 	-1206.290 	0.414 	-0.378 	-0.238 	
733.678 	-1470.779 	216.947 	0.109 	-0.280 	0.035 	
-524.456 	-1877.327 	110.350 	-0.136 	-0.361 	0.021 	
642.876 	1815.317 	-258.299 	0.098 	0.338 	-0.049 	
1292.640 	-369.511 	-409.083 	0.213 	-0.062 	-0.075 	
-775.937 	-288.531 	88.591 	-0.176 	-0.061 	0.021 	
-236.632 	1367.388 	-342.616 	-0.087 	0.265 	-0.065 	
1274.918 	-1620.980 	-2090.687 	0.221 	-0.316 	-0.408 	
-1714.746 	1513.559 	533.449 	-0.366 	0.290 	0.113 	
-337.109 	-953.639 	1418.457 	-0.103 	-0.178 	0.263 	
981.179 	1197.452 	-63.642 	0.146 	0.230 	-0.015 	
1488.572 	1908.575 	-1710.429 	0.251 	0.371 	-0.326 	
-1850.357 	341.901 	32.314 	-0.389 	0.057 	0.011 	
1475.278 	1116.362 	330.452 	0.250 	0.208 	0.070 	
-2193.606 	2100.873 	2152.586 	-0.459 	0.398 	0.417 	
386.874 	359.217 	805.471 	0.048 	0.068 	0.147 	
1225.051 	-541.434 	-223.377 	0.198 	-0.109 	-0.038 	
1912.471 	1127.289 	1675.981 	0.328 	0.217 	0.321 	
-259.468 	-269.339 	-255.590 	-0.089 	-0.057 	-0.040 	
1957.057 	-1621.423 	-1616.084 	0.351 	-0.310 	-0.311 	
1599.934 	-55.041 	-811.964 	0.275 	-0.009 	-0.158 	
-1832.899 	-1842.387 	-290.042 	-0.385 	-0.353 	-0.046 	
-1624.890 	1903.813 	1952.275 	-0.348 	0.375 	0.370 	
1301.420 	-2298.812 	1447.010 	0.217 	-0.452 	0.277 	
1430.487 	-1445.351 	-244.228 	0.240 	-0.276 	-0.039 	
2274.017 	-1981.738 	1959.643 	0.414 	-0.380 	0.374 	
-868.862 	-382.422 	-828.468 	-0.197 	-0.070 	-0.155 	
2448.489 	1950.506 	1262.066 	0.449 	0.379 	0.238 	
1186.909 	977.474 	-910.839 	0.186 	0.187 	-0.177 	
66.142 	1687.026 	-622.130 	-0.016 	0.328 	-0.116 	
-2272.958 	434.374 	-850.914 	-0.476 	0.083 	-0.157 	
-2553.933 	1936.423 	3199.746 	-0.522 	0.378 	0.617 	
822.627 	-413.009 	1733.983 	0.135 	-0.078 	0.329 	
-1045.598 	-462.108 	-609.462 	-0.242 	-0.086 	-0.113 	
-2056.425 	824.856 	1687.327 	-0.418 	0.160 	0.322 	
-943.080 	1033.650 	-1162.352 	-0.212 	0.198 	-0.233 	
-13.746 	258.013 	-384.149 	-0.026 	0.044 	-0.074 	
-1886.349 	-297.471 	-998.811 	-0.400 	-0.054 	-0.191 	
96.542 	-604.022 	-331.219 	-0.015 	-0.122 	-0.066 	
2278.871 	-256.891 	-144.974 	0.407 	-0.049 	-0.035 	
-392.525 	576.800 	374.169 	-0.115 	0.108 	0.082 	
973.540 	-1644.852 	-197.464 	0.144 	-0.314 	-0.042 	
1505.741 	-1924.961 	-887.418 	0.260 	-0.366 	-0.178 	
-1129.072 	-1287.819 	863.521 	-0.241 	-0.249 	0.164 	
-395.038 	1305.401 	1675.044 	-0.109 	0.244 	0.319 	
1178.187 	2130.390 	1428.673 	0.194 	0.418 	0.274 	
-2290.784 	1091.309 	-249.374 	-0.473 	0.218 	-0.051 	
-176.819 	57.641 	-1491.521 	-0.069 	0.005 	-0.283 	
-1005.097 	747.468 	-1987.626 	-0.222 	0.136 	-0.376 	
-1873.190 	-587.795 	281.774 	-0.397 	-0.119 	0.054 	
994.701 	777.732 	771.560 	0.160 	0.152 	0.139 	
509.149 	-437.254 	-1646.349 	0.058 	-0.088 	-0.313 	
431.546 	1562.482 	792.436 	0.053 	0.296 	0.150 	
102.742 	591.707 	1128.219 	-0.015 	0.120 	0.212 	
-880.779 	-1374.543 	1433.067 	-0.200 	-0.261 	0.278 	
35.998 	-261.296 	-744.302 	-0.030 	-0.051 	-0.137 	
-517.450 	2060.691 	1270.312 	-0.139 	0.388 	0.248 	
-1133.358 	481.607 	-153.964 	-0.245 	0.087 	-0.021 	
-1863.809 	-1153.629 	190.551 	-0.400 	-0.219 	0.036 	
1514.454 	-809.068 	-2217.787 	0.264 	-0.155 	-0.430 	
-1788.262 	2455.953 	-1076.585 	-0.381 	0.481 	-0.204 	
-835.852 	970.814 	-2032.836 	-0.183 	0.188 	-0.390 	
1574.309 	-974.811 	-343.069 	0.268 	-0.179 	-0.062 	
257.239 	425.459 	-369.460 	0.013 	0.086 	-0.071 	
-555.078 	1785.420 	-864.594 	-0.144 	0.342 	-0.165 	
-451.560 	242.514 	1452.418 	-0.123 	0.052 	0.273 	
-1573.083 	-1593.970 	1934.637 	-0.344 	-0.302 	0.372 	
1057.082 	1488.405 	1368.794 	0.175 	0.276 	0.262 	
293.492 	1365.736 	1807.452 	0.030 	0.260 	0.351 	
795.605 	969.886 	-1175.050 	0.115 	0.177 	-0.225 	
1373.811 	1139.746 	-1936.969 	0.233 	0.218 	-0.377 	
204.350 	-830.700 	-1672.542 	0.005 	-0.168 	-0.320 	
-1573.402 	1103.845 	-754.587 	-0.343 	0.206 	-0.142 	
1092.321 	86.944 	-15.404 	0.180 	0.018 	0.001 	
-1727.207 	1752.352 	112.859 	-0.377 	0.332 	0.031 	
-817.748 	-1648.130 	-705.921 	-0.190 	-0.313 	-0.139 	
464.229 	-1062.952 	-1681.288 	0.046 	-0.206 	-0.323 	
-393.920 	-558.586 	1334.686 	-0.117 	-0.106 	0.257 	
-110.424 	-1985.993 	898.837 	-0.051 	-0.383 	0.178 	
1429.359 	1033.210 	-1475.854 	0.252 	0.196 	-0.283 	
217.012 	1221.794 	-1151.826 	0.010 	0.239 	-0.228 	
52.213 	1520.359 	-1291.846 	-0.030 	0.289 	-0.244 	
-1112.129 	1525.799 	-888.493 	-0.239 	0.295 	-0.170 	
-2210.776 	-821.305 	256.554 	-0.460 	-0.162 	0.056 	
-1341.364 	-626.491 	-1156.770 	-0.279 	-0.123 	-0.220 	
2410.461 	-1373.524 	2023.314 	0.432 	-0.263 	0.384 	
-2101.486 	985.117 	-360.504 	-0.439 	0.194 	-0.067 	
-206.071 	-745.273 	1047.787 	-0.084 	-0.132 	0.210 	
-566.300 	-741.029 	-1527.447 	-0.134 	-0.143 	-0.284 	
-899.765 	-2026.443 	1875.397 	-0.208 	-0.387 	0.357 	
-189.558 	-746.459 	1072.704 	-0.074 	-0.145 	0.204 	
189.802 	-1994.214 	455.832 	0.009 	-0.387 	0.088 	
-615.848 	-295.673 	130.877 	-0.162 	-0.062 	0.027 	
-718.646 	-690.277 	-751.535 	-0.173 	-0.136 	-0.138 	
-531.390 	-885.699 	1152.576 	-0.093 	-0.137 	0.164 	
824.335 	-1812.486 	1125.211 	0.131 	-0.355 	0.214 	
-1240.314 	-362.789 	1136.402 	-0.261 	-0.075 	0.217 	
2048.119 	1058.704 	-1694.050 	0.372 	0.205 	-0.327 	
-289.126 	1148.857 	1996.480 	-0.090 	0.214 	0.377 	
728.597 	1694.154 	1344.951 	0.116 	0.322 	0.256 	
1362.541 	1446.530 	904.570 	0.238 	0.281 	0.175 	
1120.110 	-1236.002 	413.724 	0.183 	-0.229 	0.082 	
-819.954 	-350.486 	-1435.017 	-0.195 	-0.061 	-0.267 	
-1216.789 	1322.698 	765.378 	-0.257 	0.253 	0.152 	
279.671 	-780.555 	1306.072 	0.014 	-0.152 	0.251 	
705.626 	-1490.730 	1085.650 	0.102 	-0.295 	0.211 	
-607.867 	-1477.971 	135.959 	-0.155 	-0.271 	0.026 	
309.979 	-1304.704 	-259.411 	0.020 	-0.252 	-0.056 	
-116.291 	-1322.457 	-598.404 	-0.065 	-0.249 	-0.112 	
1789.719 	-305.743 	-1736.133 	0.312 	-0.058 	-0.331 	
938.475 	456.503 	2055.204 	0.138 	0.090 	0.396 	
-1497.921 	977.877 	1332.403 	-0.318 	0.190 	0.262 	
2259.125 	-1219.760 	2037.173 	0.410 	-0.231 	0.399 	
-1413.281 	728.490 	328.155 	-0.297 	0.141 	0.058 	
179.361 	323.680 	1837.485 	0.002 	0.071 	0.348 	
-2226.528 	996.483 	1386.721 	-0.461 	0.201 	0.266 	
-759.967 	-1377.149 	406.224 	-0.182 	-0.272 	0.078 	
1105.057 	-221.791 	-1163.247 	0.185 	-0.037 	-0.226 	
-746.514 	-1958.359 	2241.308 	-0.176 	-0.378 	0.440 	
-1725.225 	1750.523 	137.683 	-0.369 	0.339 	0.016 	
460.499 	-2090.008 	-1914.690 	0.055 	-0.397 	-0.365 	
-2226.931 	-542.475 	-2048.401 	-0.452 	-0.106 	-0.392 	
-1024.550 	4.760 	-1290.728 	-0.238 	-0.001 	-0.247 	
45.016 	119.892 	-198.239 	-0.019 	0.019 	-0.038 	
-2219.386 	-547.961 	2144.681 	-0.461 	-0.113 	0.415 	
-720.320 	-77.673 	-152.277 	-0.168 	-0.023 	-0.017 	
2013.488 	-1086.004 	1261.686 	0.357 	-0.215 	0.250 	
-1990.915 	-1599.320 	-1666.291 	-0.419 	-0.305 	-0.316 	
-1898.459 	580.647 	-17.893 	-0.385 	0.108 	-0.003 	
413.932 	684.442 	-2037.419 	0.053 	0.137 	-0.393 	
-1384.185 	521.151 	962.356 	-0.291 	0.092 	0.188 	
2143.668 	-2016.026 	1465.824 	0.374 	-0.394 	0.283 	
-620.801 	1233.028 	-1418.604 	-0.143 	0.230 	-0.273 	
-2231.138 	178.912 	1166.418 	-0.460 	0.033 	0.227 	
929.450 	-1624.966 	1808.288 	0.142 	-0.311 	0.352 	
-2187.036 	1512.767 	-197.993 	-0.452 	0.290 	-0.043 	
-2059.276 	909.275 	718.372 	-0.420 	0.170 	0.146 	
375.573 	-1554.921 	424.625 	0.048 	-0.303 	0.081 	
-751.972 	-1588.729 	973.927 	-0.175 	-0.312 	0.192 	
491.864 	-1151.803 	-1920.392 	0.071 	-0.226 	-0.364 	
-1751.243 	-1082.699 	957.886 	-0.365 	-0.202 	0.183 	
-2175.954 	-835.827 	-1067.510 	-0.458 	-0.164 	-0.209 	
1240.540 	-1965.260 	-1854.040 	0.210 	-0.386 	-0.353 	
-1976.059 	-1344.967 	-1579.105 	-0.413 	-0.260 	-0.312 	
554.985 	-636.961 	-146.212 	0.073 	-0.120 	-0.025 	
1087.404 	1920.221 	983.651 	0.173 	0.371 	0.184 	
1801.515 	498.802 	1175.234 	0.307 	0.094 	0.230 	
966.688 	-1110.005 	-1317.534 	0.158 	-0.221 	-0.246 	
2265.655 	-1950.169 	1670.684 	0.399 	-0.376 	0.327 	
-2020.645 	-961.156 	-363.384 	-0.424 	-0.184 	-0.072 	
-1185.130 	1987.432 	947.471 	-0.267 	0.379 	0.189 	
-633.799 	1248.009 	1795.800 	-0.157 	0.231 	0.349 	
1256.217 	345.333 	1603.459 	0.210 	0.068 	0.308 	
-293.258 	-1689.451 	1799.942 	-0.093 	-0.317 	0.342 	
-1650.618 	1126.649 	788.083 	-0.345 	0.222 	0.149 	
1382.117 	1699.050 	153.057 	0.236 	0.330 	0.033 	
-1133.705 	-829.872 	-849.132 	-0.243 	-0.165 	-0.164 	
-209.754 	-1367.063 	1763.230 	-0.075 	-0.271 	0.333 	
1690.663 	280.198 	273.638 	0.291 	0.049 	0.062 	
-2042.158 	-2104.109 	1349.506 	-0.418 	-0.409 	0.258 	
-747.873 	-714.143 	-569.695 	-0.168 	-0.127 	-0.112 	
1613.546 	-1636.950 	452.615 	0.278 	-0.310 	0.093 	
-224.419 	1095.791 	578.293 	-0.081 	0.201 	0.108 	
-452.022 	-892.956 	-211.494 	-0.124 	-0.163 	-0.044 	
1100.631 	113.306 	-1163.720 	0.176 	0.023 	-0.216 	
-1761.823 	1844.824 	1293.374 	-0.377 	0.358 	0.240 	
2128.053 	-1799.775 	236.895 	0.382 	-0.348 	0.052 	
1837.315 	-73.803 	1384.975 	0.327 	-0.015 	0.268 	
518.054 	1803.595 	-23.151 	0.061 	0.353 	-0.007 	
344.418 	508.465 	1161.944 	0.043 	0.091 	0.217 	
-2238.632 	1439.413 	1874.577 	-0.470 	0.272 	0.361 	
-1674.697 	-567.484 	768.862 	-0.345 	-0.115 	0.149 	
1875.433 	361.073 	-480.961 	0.320 	0.067 	-0.095 	
-1172.397 	-393.826 	-1701.767 	-0.247 	-0.075 	-0.323 	
