## Las primeras 500 lineas corresponden a la esfera 1 
##las siguienets 500 lineas a la esfera 2
## Las primeras tres columnas corresponden a la posición en 'x', 'y' y 'z', las siguientes tres a las velocidades
-112.246 	-144.995 	23.602 	-0.054 	-0.070 	0.031 	
31.826 	-68.403 	46.458 	0.024 	0.037 	-0.087 	
54.001 	-75.559 	51.328 	-0.024 	0.031 	0.041 	
-1700.023 	2032.254 	-324.258 	-0.336 	0.400 	-0.072 	
21.391 	-60.119 	19.697 	0.179 	-0.195 	-0.012 	
21.942 	-59.473 	35.499 	0.163 	-0.013 	-0.073 	
43.641 	-87.486 	82.724 	-0.040 	0.035 	-0.074 	
-29.246 	-73.795 	26.398 	0.084 	-0.089 	0.131 	
113.081 	-51.521 	28.911 	-0.023 	0.016 	0.038 	
-54.012 	-59.076 	16.814 	0.035 	0.081 	0.020 	
-339.846 	1828.906 	-983.943 	-0.072 	0.379 	-0.203 	
38.066 	-44.922 	68.211 	-0.029 	0.046 	0.051 	
1296.648 	-1721.857 	1221.023 	0.266 	-0.350 	0.250 	
38.685 	-114.188 	45.921 	-0.072 	0.111 	0.024 	
-13.440 	-26.252 	61.813 	0.140 	-0.102 	0.038 	
139.938 	9.614 	-18.474 	0.039 	0.012 	-0.036 	
-12.848 	-15.445 	-11.628 	0.136 	0.011 	0.045 	
-12.302 	27.411 	148.229 	-0.125 	0.092 	-0.030 	
41.745 	-50.979 	31.528 	-0.075 	0.036 	0.100 	
55.686 	-56.765 	34.693 	0.098 	-0.218 	-0.115 	
77.339 	36.885 	22.284 	0.069 	-0.103 	-0.070 	
8.277 	48.947 	104.707 	0.122 	-0.031 	-0.028 	
38.380 	-9.462 	18.577 	-0.067 	0.073 	-0.059 	
69.513 	-97.215 	103.181 	0.152 	-0.044 	0.047 	
6.491 	-45.961 	58.735 	-0.178 	-0.046 	0.065 	
-53.909 	-92.729 	85.261 	-0.155 	-0.101 	0.098 	
4.448 	-74.017 	43.763 	-0.040 	-0.012 	0.022 	
62.621 	-68.129 	48.583 	-0.149 	-0.166 	-0.026 	
-203.573 	-50.940 	0.732 	-0.032 	-0.011 	0.082 	
122.391 	-8.602 	64.257 	0.062 	0.048 	-0.112 	
-186.282 	121.721 	32.043 	-0.029 	-0.029 	0.018 	
47.334 	-54.129 	-0.067 	0.040 	0.005 	-0.091 	
79.211 	-16.662 	26.105 	-0.016 	0.157 	0.031 	
9.140 	-40.359 	26.415 	-0.078 	0.066 	0.063 	
72.586 	-97.986 	45.168 	-0.110 	-0.010 	-0.072 	
71.713 	-49.181 	39.176 	0.136 	-0.127 	-0.043 	
-2.333 	-212.222 	178.827 	-0.061 	0.005 	-0.044 	
-40.822 	-70.127 	60.842 	0.181 	0.010 	0.015 	
-190.351 	-67.195 	108.244 	0.030 	0.001 	-0.013 	
26.831 	-40.670 	35.730 	-0.003 	-0.017 	0.056 	
39.937 	-51.626 	48.523 	0.057 	-0.137 	0.120 	
48.617 	-46.253 	38.582 	0.019 	0.078 	-0.088 	
-48.796 	-88.054 	31.510 	-0.093 	-0.085 	0.044 	
35.861 	-29.295 	37.800 	0.163 	0.121 	0.168 	
69.220 	-74.050 	32.028 	-0.039 	0.215 	-0.076 	
67.052 	-56.013 	11.548 	-0.035 	-0.019 	-0.131 	
-99.937 	-106.912 	70.356 	0.084 	0.016 	0.059 	
17.240 	-39.061 	62.928 	0.111 	-0.034 	-0.008 	
98.782 	-109.156 	43.422 	0.046 	0.144 	0.063 	
37.735 	-57.982 	78.079 	-0.020 	-0.019 	0.082 	
173.960 	180.778 	209.866 	-0.021 	0.001 	-0.003 	
108.409 	-5.580 	47.719 	0.050 	0.057 	0.119 	
81.018 	-88.798 	72.654 	-0.088 	-0.034 	0.032 	
55.326 	-90.165 	12.085 	-0.105 	-0.101 	-0.031 	
33.907 	-61.573 	65.120 	-0.019 	-0.089 	-0.007 	
45.751 	-86.977 	96.482 	0.078 	-0.066 	0.130 	
62.474 	-164.497 	-11.918 	0.060 	0.012 	0.062 	
-70.788 	-147.125 	55.212 	0.001 	0.064 	0.036 	
164.049 	-236.653 	-3.703 	0.010 	-0.024 	-0.014 	
63.711 	-32.256 	85.563 	-0.076 	-0.000 	0.097 	
-72.333 	-50.183 	11.641 	-0.085 	0.015 	-0.022 	
50.707 	-26.802 	92.242 	-0.169 	0.044 	0.037 	
-96.726 	-144.244 	-0.862 	-0.108 	-0.089 	-0.019 	
59.784 	-88.053 	45.019 	0.061 	-0.205 	-0.011 	
28.319 	-49.190 	38.670 	0.055 	0.306 	0.027 	
16.428 	-19.730 	75.690 	0.015 	0.086 	-0.006 	
-836.900 	-1464.846 	-1191.381 	-0.179 	-0.289 	-0.237 	
50.786 	-171.586 	148.810 	-0.024 	-0.079 	0.079 	
36.913 	-57.712 	48.020 	-0.130 	-0.003 	0.121 	
-16.566 	-66.673 	-54.760 	-0.013 	0.056 	0.018 	
-10.495 	-78.114 	88.571 	-0.097 	-0.027 	0.029 	
13.754 	-52.673 	45.284 	0.038 	-0.060 	-0.060 	
125.368 	-182.971 	-67.941 	-0.003 	0.021 	-0.014 	
69.342 	-48.886 	31.751 	0.056 	-0.127 	0.123 	
26.479 	-34.476 	41.896 	-0.007 	-0.112 	0.026 	
-40.337 	-79.692 	-53.197 	0.071 	-0.044 	-0.124 	
-69.714 	-23.016 	96.926 	0.085 	-0.096 	-0.041 	
697.355 	1052.132 	1850.477 	0.135 	0.198 	0.351 	
20.143 	-117.666 	61.647 	0.073 	0.010 	-0.048 	
36.924 	-40.109 	43.282 	-0.041 	-0.034 	-0.122 	
-83.873 	-38.636 	135.350 	-0.049 	-0.025 	0.104 	
-103.467 	-122.528 	34.351 	0.020 	0.015 	0.056 	
-30.731 	49.311 	131.344 	0.065 	-0.048 	-0.006 	
-88.192 	-359.582 	555.549 	-0.001 	-0.029 	0.064 	
120.324 	-91.503 	56.897 	-0.013 	0.076 	-0.069 	
269.451 	-47.432 	98.046 	0.012 	-0.003 	-0.030 	
31.328 	-36.975 	65.252 	0.090 	-0.023 	0.260 	
-55.456 	-90.665 	8.189 	0.062 	-0.030 	0.022 	
45.008 	-64.617 	59.381 	0.108 	-0.051 	-0.001 	
84.197 	-76.678 	37.394 	0.027 	0.033 	0.155 	
94.840 	-80.881 	110.320 	-0.060 	-0.014 	0.086 	
-68.116 	-57.719 	-130.231 	-0.088 	0.020 	0.039 	
84.461 	-28.867 	88.784 	0.090 	0.031 	0.007 	
-90.563 	4.944 	-61.546 	-0.062 	-0.117 	0.028 	
-18.481 	-63.050 	101.723 	-0.022 	0.060 	-0.014 	
101.733 	-231.178 	9.037 	-0.024 	-0.050 	-0.019 	
23.450 	-51.338 	52.321 	-0.117 	0.003 	0.076 	
3052.223 	-3282.361 	-7.539 	0.612 	-0.667 	0.004 	
4428.373 	-4070.522 	-8465.657 	0.871 	-0.795 	-1.651 	
23.215 	-5.828 	67.195 	-0.034 	-0.031 	0.017 	
63.368 	-74.407 	47.395 	-0.007 	0.032 	-0.133 	
-57.161 	-86.222 	-49.004 	-0.004 	-0.049 	-0.021 	
16.141 	-74.902 	8.314 	0.028 	0.072 	0.016 	
63.641 	-58.153 	42.192 	-0.074 	-0.126 	0.116 	
3920.470 	-2755.808 	2354.163 	0.754 	-0.523 	0.450 	
-3789.580 	4996.944 	9005.418 	-0.730 	0.971 	1.752 	
2392.052 	-65.962 	198.196 	0.616 	-0.008 	0.048 	
-835.606 	713.213 	303.340 	-0.689 	0.598 	0.251 	
41.712 	-69.298 	11.376 	0.025 	-0.099 	0.138 	
543.261 	-119.711 	238.814 	0.054 	0.031 	0.030 	
27.259 	-38.103 	35.941 	-0.032 	-0.078 	-0.007 	
94.022 	-21.049 	24.785 	0.092 	0.012 	0.057 	
-1426.550 	-480.176 	111.897 	-0.439 	-0.104 	0.022 	
250.641 	45.511 	-69.029 	0.019 	0.042 	-0.012 	
100.133 	-27.011 	31.729 	0.060 	0.133 	-0.061 	
47.013 	-32.476 	34.832 	-0.102 	-0.043 	0.127 	
70.112 	-8.019 	92.168 	0.029 	0.123 	-0.034 	
216.583 	-355.138 	33.266 	0.053 	0.028 	-0.020 	
-31.588 	-123.299 	52.197 	0.075 	-0.000 	0.167 	
-79.378 	-44.278 	78.245 	0.075 	-0.041 	0.042 	
-133.482 	-119.163 	-144.635 	-0.070 	0.004 	0.050 	
-56.670 	-169.512 	67.776 	0.059 	0.033 	0.078 	
73.377 	-48.181 	122.624 	-0.046 	-0.078 	-0.058 	
2.771 	-26.425 	51.442 	0.087 	0.087 	0.111 	
402.730 	79.086 	76.780 	0.025 	-0.021 	-0.004 	
-12.565 	-13.826 	64.821 	-0.148 	-0.028 	0.041 	
32.067 	-54.810 	39.325 	-0.040 	-0.014 	0.037 	
-73.463 	-19.194 	96.627 	-0.019 	-0.034 	0.007 	
106.829 	-68.814 	49.323 	0.004 	-0.025 	-0.103 	
83.453 	-16.198 	57.562 	0.188 	-0.098 	-0.023 	
65.134 	-16.066 	40.701 	-0.015 	-0.152 	0.077 	
39.639 	-37.170 	26.774 	0.182 	0.019 	0.027 	
-27.798 	-55.380 	78.650 	0.074 	-0.038 	-0.142 	
152.990 	217.140 	-83.103 	0.306 	0.663 	-0.276 	
46.781 	-33.991 	36.412 	0.039 	-0.085 	0.011 	
57.500 	-70.200 	121.336 	-0.004 	-0.076 	0.154 	
64.788 	-47.789 	63.397 	0.037 	-0.119 	0.033 	
-167.165 	-232.950 	118.461 	-0.067 	-0.138 	0.017 	
-22466.543 	-6649.737 	-13352.558 	-5.694 	-1.675 	-3.368 	
-2973.080 	2532.972 	-1520.169 	-0.556 	0.480 	-0.285 	
36.432 	-1.172 	-28.682 	0.033 	0.028 	-0.004 	
-1176.341 	-229.858 	749.042 	-0.290 	-0.060 	0.174 	
822.715 	77.311 	-129.360 	0.195 	0.017 	-0.065 	
-38.045 	-109.598 	14.346 	0.076 	-0.035 	0.134 	
58.263 	-37.296 	33.395 	-0.234 	0.072 	-0.006 	
89.311 	5.800 	32.933 	0.090 	-0.061 	0.084 	
-75.560 	1.875 	84.385 	-0.023 	-0.098 	0.074 	
-120.071 	-51.984 	93.879 	-0.068 	0.035 	0.045 	
-8.104 	0.041 	97.857 	-0.111 	-0.062 	-0.095 	
56.835 	-36.300 	32.359 	-0.232 	0.013 	0.020 	
39.460 	-46.662 	-10.650 	-0.006 	0.095 	0.102 	
-67.795 	-105.173 	-12.678 	-0.077 	-0.090 	-0.031 	
50.358 	-27.019 	29.203 	0.020 	-0.014 	0.185 	
54.900 	-51.293 	61.650 	-0.023 	-0.128 	-0.036 	
60.335 	-40.881 	34.024 	-0.040 	-0.198 	-0.000 	
-82.823 	-85.823 	5.310 	0.050 	-0.065 	-0.012 	
37.921 	-49.414 	46.583 	-0.206 	0.064 	0.097 	
38.395 	-42.061 	41.376 	0.053 	0.094 	-0.039 	
560.570 	365.053 	-537.686 	0.106 	0.096 	-0.120 	
67.389 	-76.354 	24.066 	0.153 	0.038 	-0.051 	
-39.892 	-98.392 	-9.165 	0.029 	0.122 	0.035 	
-129.045 	-91.207 	145.869 	-0.101 	0.043 	-0.042 	
-151.222 	145.543 	233.005 	-0.051 	-0.003 	0.031 	
72.888 	-75.610 	47.768 	-0.024 	-0.039 	-0.076 	
-76.774 	-32.231 	99.260 	-0.027 	-0.118 	0.079 	
-60.120 	-43.771 	-30.786 	0.076 	-0.006 	0.018 	
66.757 	-11.280 	73.683 	0.043 	-0.097 	-0.044 	
110.171 	-3.266 	-4.505 	0.109 	-0.006 	0.003 	
-84.218 	-73.405 	56.052 	-0.015 	0.120 	-0.036 	
93.021 	6.631 	33.414 	-0.008 	0.081 	-0.023 	
111.430 	34.473 	56.681 	-0.128 	-0.117 	0.082 	
716.711 	-12381.622 	-7157.571 	0.817 	-15.883 	-9.238 	
-33.255 	-88.462 	63.828 	0.107 	0.071 	-0.066 	
-10.056 	-26.729 	1.035 	0.075 	-0.096 	-0.082 	
67.985 	-55.939 	-6.190 	0.047 	-0.094 	-0.019 	
214.700 	-36.737 	18.040 	-0.025 	-0.068 	-0.036 	
42.789 	-47.501 	47.284 	0.049 	0.039 	-0.091 	
55.226 	-1.573 	98.899 	0.061 	0.150 	0.007 	
217.653 	2.260 	-257.974 	-0.007 	-0.027 	0.011 	
146.562 	-114.617 	-4.683 	0.009 	-0.064 	-0.024 	
-46.673 	-37.235 	107.955 	0.110 	-0.038 	-0.067 	
-69.179 	-51.055 	141.567 	0.041 	-0.017 	-0.058 	
43.963 	-60.325 	28.576 	-0.052 	0.093 	0.014 	
-89.172 	-131.987 	98.850 	-0.089 	0.027 	-0.049 	
-58.590 	-44.601 	62.936 	0.043 	0.013 	-0.193 	
44.996 	-30.651 	50.863 	-0.102 	-0.019 	0.103 	
129.857 	-2.474 	25.099 	-0.015 	-0.160 	-0.146 	
-482.658 	336.553 	735.883 	-0.205 	0.104 	0.214 	
-36.350 	-70.720 	27.066 	0.135 	-0.147 	0.054 	
287.081 	17.180 	22.768 	-0.043 	-0.038 	-0.043 	
73.125 	-24.585 	95.928 	0.165 	0.085 	-0.080 	
16.413 	-65.417 	38.128 	0.005 	0.058 	0.066 	
-82.361 	-243.236 	122.617 	-0.320 	-0.549 	0.271 	
-72.409 	-101.555 	63.068 	-0.038 	-0.099 	0.015 	
-153.072 	-80.111 	18.697 	-0.066 	-0.030 	-0.009 	
-9.747 	-51.638 	56.067 	-0.106 	-0.043 	0.018 	
3625.265 	415.286 	718.864 	0.887 	0.117 	0.177 	
35.861 	-22.681 	53.399 	0.042 	-0.054 	-0.123 	
76.195 	-101.714 	8.347 	0.117 	-0.027 	-0.016 	
66.233 	-40.490 	70.989 	-0.092 	-0.011 	0.170 	
94.934 	-63.768 	41.000 	0.005 	0.037 	-0.141 	
-71.835 	-65.927 	74.993 	0.146 	-0.184 	-0.095 	
84.072 	-6.605 	70.183 	0.044 	-0.121 	-0.127 	
46.418 	-62.425 	32.146 	-0.141 	-0.113 	0.107 	
184.918 	-282.553 	575.064 	0.010 	-0.055 	0.102 	
-61.884 	-54.766 	-8.444 	-0.169 	0.042 	-0.011 	
54.510 	-33.853 	-15.466 	0.006 	-0.067 	-0.189 	
811.577 	-885.523 	-270.428 	0.394 	-0.403 	-0.133 	
-10.956 	-31.247 	14.614 	-0.089 	-0.084 	0.019 	
97.699 	1.479 	59.308 	0.012 	0.078 	0.073 	
73.601 	-82.387 	111.512 	0.050 	0.008 	0.111 	
588.417 	-242.479 	119.137 	0.055 	-0.030 	-0.002 	
121.121 	-53.764 	32.927 	0.013 	-0.064 	0.047 	
99.937 	-0.863 	-1.562 	-0.051 	0.021 	-0.012 	
-38.310 	-44.738 	-67.861 	0.018 	-0.073 	0.041 	
328.743 	-82.966 	-13.960 	-0.021 	0.007 	0.034 	
-86.940 	16.363 	90.561 	-0.118 	0.001 	-0.090 	
91.815 	33.796 	90.495 	-0.138 	-0.118 	-0.014 	
29.982 	-91.974 	10.077 	-0.055 	-0.216 	0.066 	
59.706 	-52.782 	52.041 	-0.151 	-0.006 	-0.075 	
-59.253 	-156.004 	31.953 	-0.053 	0.032 	0.045 	
114.778 	-19.220 	-24.583 	0.048 	-0.079 	-0.018 	
204.450 	-17.369 	-6.187 	-0.124 	-0.029 	-0.019 	
-47.905 	-73.313 	91.429 	0.098 	0.073 	-0.007 	
58.723 	-36.095 	4.960 	0.086 	0.027 	-0.180 	
-26.100 	-111.058 	19.620 	0.068 	-0.002 	-0.027 	
40.139 	-45.259 	47.328 	-0.085 	-0.192 	-0.058 	
-21.576 	-37.917 	45.592 	-0.075 	0.038 	-0.137 	
72.369 	-45.302 	51.408 	-0.142 	-0.008 	-0.022 	
-72.771 	-67.264 	-0.393 	-0.015 	0.058 	0.046 	
-77.676 	-9.487 	17.920 	-0.012 	0.013 	0.075 	
66.496 	-64.535 	41.245 	-0.150 	-0.072 	-0.032 	
61.808 	-52.551 	44.424 	0.218 	0.047 	0.163 	
-88.680 	-97.026 	83.840 	0.046 	-0.102 	0.013 	
-61.591 	57.015 	40.167 	-0.094 	-0.055 	0.030 	
347.848 	-459.018 	-300.741 	0.038 	-0.123 	-0.083 	
64.458 	-23.578 	42.973 	-0.201 	-0.046 	0.103 	
72.788 	12.316 	102.242 	-0.007 	0.022 	0.012 	
-148.118 	-145.005 	-12.613 	0.048 	-0.021 	-0.037 	
-85.778 	-40.651 	-1.813 	-0.119 	0.121 	-0.073 	
-53.824 	-4.041 	83.731 	-0.157 	-0.089 	0.077 	
39.854 	-67.988 	27.150 	-0.048 	-0.033 	0.096 	
104.697 	19.003 	34.417 	0.078 	-0.073 	0.151 	
167.173 	-59.942 	53.319 	-0.076 	-0.177 	-0.061 	
4714.727 	5441.495 	2048.440 	3.031 	3.585 	1.316 	
476.160 	-104.153 	-63.732 	0.169 	-0.036 	-0.033 	
108.228 	9.015 	-0.350 	-0.031 	0.030 	0.009 	
54.470 	-49.760 	11.485 	-0.085 	0.117 	0.013 	
-20.660 	-202.484 	48.656 	0.013 	-0.010 	0.077 	
-35.460 	-43.034 	69.328 	0.141 	-0.001 	0.077 	
1664.491 	1045.477 	372.736 	0.330 	0.215 	0.073 	
-74.213 	-26.568 	72.884 	-0.116 	-0.112 	0.052 	
87.269 	-62.467 	26.877 	0.097 	-0.104 	0.063 	
234.204 	-20.873 	126.654 	-0.003 	0.012 	-0.117 	
80.264 	-94.136 	46.270 	0.077 	0.021 	0.109 	
-34.976 	-8.016 	25.501 	0.031 	0.023 	0.055 	
54.051 	-90.600 	112.890 	-0.108 	-0.064 	0.119 	
-66.500 	-47.646 	-12.849 	0.083 	0.033 	-0.134 	
1756.014 	1017.834 	-1093.923 	0.346 	0.210 	-0.211 	
65.418 	-74.065 	33.029 	-0.054 	0.137 	0.078 	
-626.371 	12199.809 	7146.686 	-0.911 	15.733 	9.160 	
7.811 	-18.602 	45.254 	-0.006 	0.184 	-0.146 	
-31.261 	-105.849 	-10.695 	-0.132 	-0.044 	-0.124 	
36.392 	-78.655 	28.160 	0.041 	-0.007 	-0.041 	
-139.797 	-159.353 	6.374 	0.014 	0.027 	-0.076 	
66.072 	-95.985 	57.165 	0.006 	-0.166 	-0.161 	
54.855 	-47.762 	181.668 	-0.055 	-0.066 	-0.066 	
-2975.989 	-326.662 	-115.013 	-0.714 	-0.066 	-0.025 	
-71.318 	-81.097 	105.686 	-0.083 	0.021 	0.181 	
0.021 	-19.530 	-49.979 	-0.036 	0.054 	-0.076 	
53.323 	-77.493 	58.030 	-0.122 	0.106 	0.038 	
31.499 	-26.230 	-9.636 	-0.020 	0.033 	-0.062 	
66.860 	-8.526 	14.916 	-0.021 	-0.034 	-0.008 	
11.763 	-52.122 	40.080 	0.047 	-0.154 	-0.134 	
36.638 	-54.359 	18.860 	-0.065 	0.163 	-0.083 	
105.922 	-19.472 	71.536 	-0.145 	-0.086 	0.044 	
135.815 	-38.196 	62.118 	-0.061 	-0.018 	0.013 	
1716.328 	-319.069 	61.202 	0.407 	-0.081 	0.006 	
90.582 	-120.706 	-47.574 	-0.078 	0.086 	0.045 	
8.433 	-42.562 	56.071 	0.080 	0.080 	0.098 	
10.185 	-80.976 	-42.440 	-0.077 	0.057 	0.059 	
9.489 	-106.811 	68.279 	0.166 	-0.029 	-0.012 	
-975.483 	-502.096 	-2161.715 	-0.189 	-0.102 	-0.422 	
124.936 	-29.803 	56.106 	0.074 	-0.009 	-0.119 	
156.731 	-71.777 	40.657 	-0.139 	0.023 	0.151 	
-17.450 	-64.031 	51.329 	0.076 	-0.008 	-0.012 	
-5.505 	-7.865 	65.100 	0.010 	-0.204 	0.100 	
53.643 	-100.322 	62.543 	-0.004 	-0.051 	0.009 	
69.685 	-81.877 	-8.010 	0.027 	-0.037 	-0.002 	
3.537 	-40.049 	184.852 	-0.107 	0.014 	0.076 	
26.075 	-64.261 	-30.988 	-0.009 	0.033 	0.106 	
35.091 	-88.255 	18.791 	0.018 	-0.039 	-0.004 	
-35.250 	-19.916 	67.136 	0.149 	0.032 	-0.027 	
73.852 	-19.611 	70.295 	-0.011 	0.028 	0.045 	
10.344 	-64.165 	27.732 	0.054 	0.012 	0.031 	
81.899 	-9.422 	43.445 	-0.039 	-0.062 	-0.058 	
361.668 	-310.400 	33.004 	-0.023 	-0.055 	-0.000 	
-73.324 	-59.996 	46.290 	-0.182 	-0.035 	0.056 	
44.069 	-34.548 	30.632 	0.115 	-0.055 	0.001 	
8.820 	-67.617 	53.352 	-0.031 	-0.031 	0.132 	
98.540 	-25.745 	42.275 	-0.029 	0.114 	0.061 	
44.836 	-52.378 	-11.642 	-0.026 	0.005 	-0.025 	
17.129 	-39.359 	34.652 	-0.123 	-0.078 	0.090 	
38.050 	8.297 	47.936 	-0.041 	0.012 	-0.084 	
-14.374 	-59.521 	103.554 	0.056 	0.030 	-0.144 	
-11.453 	-59.777 	23.728 	0.093 	0.117 	-0.105 	
-171.777 	-56.736 	24.259 	-0.104 	0.070 	0.027 	
50.781 	-47.596 	-22.648 	0.022 	-0.153 	-0.044 	
-28.959 	-68.714 	17.680 	-0.008 	-0.043 	0.028 	
13.511 	-70.638 	-59.294 	-0.024 	0.005 	0.037 	
22.366 	-68.864 	55.965 	-0.007 	-0.112 	0.004 	
125.261 	-34.784 	41.927 	-0.017 	-0.106 	0.062 	
25.593 	-9.109 	62.873 	-0.200 	-0.033 	-0.144 	
-0.787 	-191.411 	-98.552 	-0.066 	0.010 	0.066 	
-822.817 	-1435.668 	1402.323 	-0.182 	-0.287 	0.299 	
129.647 	-237.289 	13.537 	0.004 	-0.077 	-0.014 	
75.881 	-119.807 	-24.085 	0.137 	0.023 	0.048 	
27.240 	-19.588 	156.338 	0.086 	-0.074 	-0.138 	
9.411 	-42.849 	43.063 	-0.018 	-0.086 	0.025 	
25.006 	-36.299 	61.129 	-0.120 	-0.093 	0.094 	
128.546 	-28.259 	4.484 	0.059 	0.034 	0.154 	
70.502 	-28.519 	107.540 	0.113 	-0.008 	0.154 	
-10.571 	-63.482 	20.115 	0.075 	-0.074 	0.202 	
102.784 	-27.332 	45.548 	-0.087 	-0.042 	-0.006 	
-618.715 	0.236 	-736.600 	-0.309 	0.050 	-0.436 	
-0.991 	-77.292 	30.036 	0.187 	-0.031 	0.046 	
32.486 	-48.487 	13.638 	0.151 	0.196 	0.043 	
94.536 	-71.446 	2.854 	0.085 	0.020 	0.041 	
63.592 	-9.851 	53.826 	0.122 	-0.076 	-0.115 	
-907.384 	3549.423 	386.366 	-0.192 	0.720 	0.084 	
11.596 	142.078 	-93.778 	-0.050 	0.023 	0.048 	
-68.188 	-61.545 	10.033 	0.014 	-0.025 	0.143 	
79.855 	-16.278 	42.754 	0.007 	-0.044 	-0.111 	
188.801 	-169.668 	-35.676 	0.015 	0.090 	0.072 	
32.403 	-45.498 	9.932 	-0.022 	0.120 	0.013 	
-10.281 	-103.579 	6.285 	-0.133 	-0.171 	-0.079 	
0.050 	-39.133 	27.807 	0.041 	-0.121 	0.031 	
43.534 	-45.151 	25.042 	0.094 	0.040 	-0.073 	
-12.810 	-20.196 	63.081 	0.044 	-0.042 	-0.152 	
-265.904 	-30.893 	67.391 	-0.099 	-0.038 	-0.001 	
-41.509 	-92.679 	40.038 	-0.148 	-0.030 	-0.154 	
83.067 	-146.546 	70.489 	0.036 	0.107 	-0.011 	
-90.731 	-71.389 	56.592 	0.087 	0.043 	-0.032 	
78.386 	-27.052 	67.583 	0.101 	-0.042 	0.188 	
-25.142 	-37.372 	40.874 	0.186 	-0.044 	0.013 	
-123.987 	-48.943 	98.362 	0.057 	0.004 	0.042 	
-74.518 	-4.946 	114.319 	-0.026 	-0.053 	-0.025 	
119.232 	-41.689 	8.877 	0.094 	0.000 	-0.038 	
124.256 	-1.645 	55.531 	0.027 	0.030 	0.019 	
124.677 	0.277 	-68.005 	-0.079 	-0.100 	0.065 	
-21.847 	-63.997 	47.408 	0.014 	-0.094 	0.081 	
-48.535 	-43.780 	80.766 	0.034 	0.038 	0.058 	
62.346 	-44.500 	41.951 	0.031 	0.040 	0.005 	
-28.456 	-18.088 	90.600 	-0.181 	-0.068 	0.108 	
209.399 	63.450 	-131.805 	0.031 	0.003 	-0.034 	
127.040 	-62.552 	80.003 	0.070 	0.046 	0.042 	
147.269 	-16.916 	37.894 	-0.063 	-0.046 	0.034 	
22.167 	-96.588 	-4.936 	-0.156 	0.086 	0.143 	
68.625 	11.490 	1.219 	0.146 	-0.040 	-0.011 	
-741.509 	-399.371 	586.745 	-0.279 	-0.125 	0.150 	
67.630 	-36.478 	17.579 	-0.098 	-0.026 	-0.064 	
22.466 	-77.302 	42.684 	0.088 	-0.181 	0.014 	
-14.977 	-67.508 	24.770 	-0.129 	-0.022 	-0.027 	
73.217 	-45.488 	78.955 	0.086 	0.140 	-0.037 	
-12.837 	-83.376 	69.064 	-0.236 	-0.004 	0.089 	
-122.066 	-88.956 	-53.465 	0.076 	0.011 	0.001 	
351.331 	-253.519 	-429.009 	0.049 	-0.037 	-0.024 	
-21.738 	-27.179 	12.890 	0.150 	-0.061 	-0.009 	
46.083 	-75.405 	124.197 	0.051 	-0.052 	-0.098 	
37.192 	-79.094 	-6.702 	0.079 	-0.132 	-0.035 	
21.227 	-45.462 	-1.625 	0.173 	-0.046 	-0.110 	
170.601 	22.647 	9.690 	-0.150 	0.073 	-0.033 	
-487.108 	-151.139 	191.710 	-0.142 	-0.046 	0.008 	
520.217 	-634.591 	-75.740 	0.079 	-0.097 	-0.005 	
198.915 	12.050 	63.740 	0.098 	0.069 	-0.013 	
90.922 	-56.462 	56.244 	-0.042 	0.089 	0.021 	
59.179 	-40.945 	39.736 	-0.081 	-0.216 	-0.071 	
-25.581 	-34.325 	79.950 	-0.121 	-0.071 	0.066 	
-14.873 	-12.438 	82.814 	0.003 	-0.027 	-0.055 	
52.928 	-36.403 	63.536 	0.081 	-0.076 	-0.186 	
74.712 	-67.172 	54.243 	-0.077 	0.012 	-0.075 	
1.684 	-168.946 	12.741 	-0.036 	-0.072 	-0.050 	
-74.127 	-106.736 	17.611 	0.130 	-0.009 	0.084 	
-17.575 	-227.126 	19.423 	0.022 	-0.033 	0.027 	
25.299 	-20.869 	75.430 	-0.044 	0.027 	-0.023 	
234.619 	-174.784 	73.657 	0.012 	0.099 	-0.007 	
-14.826 	-39.564 	58.846 	0.159 	-0.053 	-0.097 	
108.706 	-51.904 	59.594 	-0.037 	-0.018 	-0.125 	
-43.457 	-72.932 	-78.202 	-0.130 	-0.064 	0.072 	
93.482 	-1.736 	17.526 	-0.026 	0.015 	-0.055 	
-97.647 	-36.100 	101.526 	-0.062 	0.041 	0.070 	
25.954 	20.853 	-6.851 	0.056 	0.090 	-0.020 	
52.357 	-89.292 	180.420 	0.100 	0.035 	0.029 	
18.884 	-44.298 	30.338 	-0.008 	-0.028 	-0.057 	
-38.882 	-129.613 	-40.861 	0.131 	0.000 	0.021 	
33.442 	-48.420 	14.553 	0.165 	0.135 	-0.126 	
382.540 	394.418 	-19.833 	0.019 	0.101 	-0.009 	
-849.251 	908.641 	398.425 	-0.405 	0.455 	0.186 	
20.249 	-86.538 	147.872 	-0.118 	0.032 	-0.126 	
75.832 	-37.413 	69.763 	-0.104 	-0.012 	-0.058 	
147.912 	-83.328 	72.725 	-0.080 	0.025 	0.028 	
16.705 	-19.702 	48.748 	-0.148 	0.090 	0.064 	
276.068 	364.166 	582.597 	0.044 	0.045 	0.067 	
-25.280 	-75.109 	92.836 	-0.089 	-0.105 	0.129 	
-12.957 	-62.727 	82.211 	0.041 	0.182 	-0.067 	
135.377 	-88.034 	51.004 	0.072 	-0.062 	-0.048 	
1384.791 	-1584.489 	-1.944 	0.260 	-0.304 	0.004 	
43.895 	-10.235 	60.402 	-0.008 	0.055 	0.188 	
104.051 	21.738 	-50.813 	0.119 	0.003 	0.024 	
41.683 	-97.976 	-17.084 	0.011 	0.039 	0.019 	
58.341 	-30.944 	33.848 	-0.156 	-0.016 	0.171 	
56.837 	-144.616 	87.066 	0.105 	0.035 	0.015 	
30.688 	-88.968 	4.327 	0.067 	-0.076 	0.188 	
38.551 	-44.057 	42.092 	-0.204 	-0.129 	0.021 	
41.817 	-68.968 	34.601 	-0.149 	0.105 	0.014 	
23.527 	-39.514 	90.449 	0.104 	0.028 	0.150 	
15.785 	-60.756 	28.515 	0.056 	0.064 	0.002 	
572.861 	-1498.545 	-19.846 	0.119 	-0.287 	-0.015 	
234.479 	12.658 	246.940 	0.025 	0.032 	0.037 	
27.905 	-69.338 	71.204 	0.193 	0.121 	0.065 	
93.960 	-102.191 	89.636 	-0.102 	0.111 	-0.100 	
-64.711 	-45.698 	42.562 	-0.099 	-0.196 	0.115 	
-55.142 	-87.530 	2.240 	-0.012 	-0.155 	0.017 	
-20.857 	-16.601 	37.131 	-0.047 	-0.026 	0.010 	
15.152 	-112.263 	33.697 	0.027 	0.098 	-0.096 	
-70.573 	45.363 	57.949 	-0.098 	-0.122 	0.038 	
-6.928 	-45.106 	6.694 	0.048 	-0.012 	-0.086 	
-208.154 	-29.055 	5.078 	-0.030 	0.049 	-0.013 	
208.809 	-57.353 	-70.067 	-0.001 	-0.048 	-0.016 	
188.232 	40.085 	-67.180 	0.013 	0.026 	0.039 	
28.092 	-66.155 	60.917 	0.083 	0.033 	-0.024 	
54.596 	2.791 	45.955 	0.015 	0.000 	0.032 	
502.435 	-139.972 	286.748 	0.072 	-0.042 	0.043 	
63.809 	-52.236 	52.235 	-0.060 	-0.038 	0.064 	
21.873 	-19.230 	59.257 	-0.103 	-0.005 	-0.004 	
53.458 	16.730 	64.147 	0.105 	0.085 	0.081 	
192.184 	-33.448 	131.197 	0.120 	0.056 	0.093 	
59.652 	-51.061 	42.011 	-0.159 	0.104 	0.022 	
6.063 	-31.005 	46.040 	0.060 	-0.019 	0.020 	
32.409 	-29.304 	68.998 	-0.076 	-0.007 	0.192 	
-20.159 	-43.780 	-59.925 	-0.063 	-0.044 	-0.046 	
85.976 	0.546 	52.983 	0.024 	0.054 	-0.046 	
1276.015 	2923.937 	-10856.004 	0.265 	0.621 	-2.368 	
-73.354 	42.828 	22.632 	0.033 	0.017 	-0.053 	
68.080 	-63.211 	42.734 	-0.091 	-0.025 	0.028 	
158.695 	49.117 	17.091 	0.079 	0.029 	-0.053 	
34.425 	-2.573 	43.440 	-0.105 	-0.009 	-0.082 	
-58.584 	-37.577 	51.150 	-0.082 	-0.007 	0.030 	
161.220 	-45.248 	46.046 	-0.063 	0.097 	0.003 	
192.233 	3.256 	-0.612 	-0.123 	-0.056 	-0.016 	
71.426 	-27.058 	62.866 	-0.126 	0.007 	0.107 	
27.290 	-127.129 	60.303 	-0.089 	-0.113 	0.000 	
90.207 	-43.668 	78.766 	-0.049 	-0.069 	-0.049 	
206.446 	49.593 	79.399 	0.090 	-0.009 	0.002 	
31.675 	-27.449 	56.421 	-0.061 	-0.063 	-0.048 	
74.194 	-70.255 	52.064 	-0.197 	0.012 	0.014 	
58.986 	-89.338 	49.890 	0.186 	-0.115 	-0.102 	
41.546 	-69.088 	17.843 	0.009 	-0.106 	-0.041 	
-13.007 	-89.310 	44.259 	-0.057 	-0.033 	0.006 	
-79.562 	-38.726 	71.331 	0.014 	-0.098 	0.099 	
-85.813 	-89.419 	69.391 	0.067 	-0.030 	0.153 	
98.392 	68.955 	196.264 	-0.027 	0.036 	0.067 	
73.696 	-20.659 	62.365 	-0.176 	-0.067 	0.018 	
35.859 	-48.963 	32.183 	-0.063 	-0.134 	-0.017 	
159.742 	151.961 	236.135 	0.005 	0.056 	0.033 	
-1238.315 	177.313 	-1014.924 	-2.459 	0.225 	-1.895 	
-1.213 	-41.639 	10.035 	-0.223 	-0.094 	0.101 	
645.975 	-291.342 	-314.267 	0.083 	-0.064 	-0.051 	
74.764 	-28.700 	46.100 	0.131 	-0.011 	-0.071 	
1419.361 	-113.530 	961.955 	2.624 	-0.332 	1.887 	
57.443 	-84.044 	59.368 	0.135 	0.004 	0.122 	
48.254 	-48.790 	66.243 	-0.225 	-0.055 	0.008 	
5.159 	-134.046 	71.208 	0.029 	0.109 	0.075 	
-28.631 	-26.962 	114.868 	-0.049 	0.134 	0.011 	
92.146 	-12.521 	59.387 	0.132 	0.099 	-0.044 	
-82.165 	-103.077 	92.170 	0.161 	-0.018 	-0.046 	
37.873 	-26.636 	23.007 	0.162 	0.195 	0.041 	
2.213 	372.392 	-24.169 	-0.059 	0.306 	-0.041 	
-157.675 	-72.096 	68.482 	0.014 	-0.039 	-0.031 	
60.496 	-31.659 	11.579 	-0.086 	0.022 	-0.154 	
79.330 	-50.633 	63.344 	-0.040 	-0.069 	0.067 	
67.450 	-24.103 	24.951 	-0.022 	0.047 	0.035 	
-24.145 	72.644 	-75.804 	-0.005 	0.012 	-0.020 	
43.407 	-36.056 	94.150 	0.090 	-0.024 	0.096 	
-50.757 	29.631 	39.345 	-0.144 	-0.093 	0.028 	
19.157 	-98.631 	59.354 	0.011 	-0.059 	-0.024 	
80.220 	-9.643 	159.961 	0.072 	-0.039 	-0.035 	
2781.052 	1066.340 	1198.267 	0.570 	0.233 	0.255 	
22.185 	16.138 	24.146 	-0.055 	0.009 	0.093 	
52.800 	-78.140 	29.845 	-0.025 	0.126 	-0.008 	
-36.698 	-21.297 	83.391 	-0.144 	0.093 	0.142 	
51.887 	-53.905 	52.687 	-0.167 	-0.126 	-0.113 	
-43.440 	-33.727 	48.291 	-0.058 	-0.205 	-0.136 	
-11.839 	-48.357 	73.706 	-0.021 	-0.146 	0.071 	
41.302 	-57.077 	61.051 	0.117 	0.041 	0.129 	
123.065 	-105.243 	23.575 	0.106 	0.022 	0.018 	
68.383 	-64.848 	43.448 	-0.053 	0.153 	0.029 	
17.844 	-128.956 	113.510 	-0.004 	-0.049 	0.030 	
12.722 	-36.738 	57.934 	0.201 	0.054 	-0.024 	
91.475 	-10.622 	82.428 	0.002 	0.146 	0.047 	
-60.458 	-55.791 	-27.293 	-0.108 	0.008 	-0.064 	
-11.695 	-510.367 	922.893 	-0.040 	-0.081 	0.167 	
-27.165 	-59.561 	112.832 	-0.084 	-0.001 	0.122 	
-9.959 	-85.661 	18.500 	-0.020 	-0.208 	0.019 	
136.043 	-10.082 	107.280 	-0.134 	0.045 	-0.000 	
72.921 	-23.734 	31.882 	-0.132 	0.018 	-0.091 	
86.546 	47.169 	100.514 	-0.085 	-0.022 	0.037 	
23.588 	-120.761 	-162.813 	0.035 	-0.004 	0.061 	
496.692 	-71.372 	243.229 	0.078 	-0.024 	0.058 	
32.078 	-49.359 	29.036 	0.164 	-0.118 	-0.229 	
-342.253 	142.104 	-190.857 	-0.149 	0.128 	-0.120 	
31.009 	-29.232 	73.139 	-0.157 	-0.033 	0.182 	
-3.702 	-70.488 	13.385 	0.029 	0.054 	0.092 	
296.092 	-176.641 	50.996 	0.033 	-0.009 	-0.001 	
163.770 	-92.731 	77.757 	-0.068 	0.059 	0.040 	
83.593 	-35.359 	52.798 	0.049 	0.093 	0.134 	
98.981 	-53.891 	67.728 	-0.185 	0.132 	-0.029 	
66.852 	-89.232 	9.280 	-0.035 	-0.028 	-0.046 	
95.391 	-83.874 	28.133 	-0.067 	0.139 	-0.071 	
104.349 	31.742 	95.245 	-0.048 	-0.012 	-0.001 	
88.796 	-23.947 	42.582 	0.025 	0.020 	0.034 	
-0.142 	-57.773 	56.393 	-0.084 	0.110 	0.105 	
-870.212 	312.926 	-1219.990 	-0.247 	0.093 	-0.307 	
148.316 	-123.710 	185.011 	0.031 	0.047 	-0.056 	
96.053 	-22.848 	31.196 	0.112 	0.159 	0.019 	
85.783 	-31.539 	175.314 	0.043 	-0.005 	0.045 	
-76.035 	-51.160 	93.173 	-0.149 	0.047 	0.005 	
29.818 	-67.329 	-34.251 	-0.040 	-0.103 	-0.081 	
81.005 	-44.388 	19.336 	0.005 	0.076 	0.030 	
-22.844 	-22.420 	49.042 	0.068 	0.041 	-0.002 	
151.442 	113.719 	-35.312 	0.042 	0.096 	-0.043 	
164.492 	15.490 	56.943 	-0.131 	0.081 	0.013 	
-535.697 	-187.067 	18.663 	-0.074 	-0.042 	0.045 	
130.861 	-60.083 	78.070 	-0.105 	0.048 	0.030 	
113.723 	-55.513 	-27.137 	-0.035 	-0.055 	0.073 	
41.082 	-58.508 	78.910 	-0.206 	0.026 	0.003 	
29.539 	-79.462 	62.441 	0.149 	-0.196 	0.034 	
33.141 	-19.271 	53.260 	0.116 	0.074 	0.080 	
-50.480 	-88.414 	-27.838 	-0.044 	-0.099 	-0.026 	
-132.601 	-39.129 	-173.638 	-0.013 	0.010 	-0.013 	
-22.063 	-45.989 	3.478 	-0.100 	0.122 	-0.030 	
-10.989 	-63.650 	90.319 	-0.007 	-0.097 	-0.041 	
239.037 	-313.114 	265.947 	0.123 	-0.228 	0.181 	
9.006 	-70.179 	-16.993 	0.040 	0.013 	-0.049 	
-1.015 	-61.438 	65.927 	0.053 	-0.035 	-0.068 	
17.760 	-88.948 	-87.864 	0.036 	0.058 	0.074 	
51.069 	87.140 	27.701 	-0.011 	0.098 	0.037 	
122.590 	-124.509 	76.675 	-0.084 	-0.044 	0.133 	
-35.968 	-67.509 	19.335 	-0.076 	0.003 	-0.027 	
73.414 	-52.219 	46.711 	0.163 	-0.110 	0.040 	
29.155 	-36.948 	31.854 	0.157 	0.026 	-0.055 	
7.692 	-23.183 	59.584 	-0.179 	0.007 	0.021 	
291.480 	-592.040 	344.599 	-0.002 	-0.081 	0.053 	
18.545 	-38.088 	26.498 	0.140 	0.084 	0.009 	
75.301 	2.218 	33.497 	0.073 	0.009 	0.016 	
137.631 	-44.334 	-40.727 	0.053 	0.061 	0.071 	
61.552 	-66.436 	13.928 	0.098 	0.168 	0.029 	
99.954 	-120.174 	-77.764 	-0.074 	0.016 	0.067 	
-59.138 	-58.162 	30.992 	-0.024 	0.013 	-0.054 	
50.802 	-113.075 	65.510 	0.035 	0.046 	-0.024 	
48.135 	-30.264 	58.477 	-0.217 	0.120 	-0.003 	
98.382 	-88.144 	42.326 	-0.185 	0.012 	-0.070 	
92.791 	-71.032 	-1.105 	0.161 	-0.028 	0.026 	
66.387 	-29.810 	2.465 	-0.109 	0.198 	-0.066 	
23.311 	-86.131 	13.556 	-0.176 	-0.006 	0.033 	
-39.329 	-87.440 	-14.183 	-0.078 	-0.005 	0.036 	
-68.819 	-50.896 	63.129 	-0.008 	0.015 	-0.038 	
172.082 	-50.476 	10.872 	0.055 	-0.045 	0.049 	
21905.272 	6111.359 	13538.343 	5.490 	1.541 	3.410 	
9.924 	-31.278 	52.757 	-0.158 	-0.207 	-0.032 	
-24.960 	-45.777 	40.092 	-0.132 	-0.055 	-0.182 	
59.563 	-20.042 	51.083 	-0.075 	0.007 	-0.060 	
67.838 	-43.430 	47.371 	-0.082 	-0.063 	-0.155 	
143.090 	-30.431 	55.120 	0.082 	0.099 	0.109 	
-73.604 	-70.197 	31.526 	-0.043 	0.048 	0.029 	
109.142 	-39.450 	48.983 	0.056 	-0.027 	-0.051 	
62.213 	-55.257 	12.942 	-0.169 	0.065 	-0.004 	
-60.569 	1.504 	39.808 	-0.040 	0.051 	-0.076 	
-43.659 	-83.192 	-18.367 	-0.107 	0.051 	0.006 	
-43.263 	-66.093 	125.397 	0.028 	-0.092 	0.124 	
93.357 	8.405 	61.018 	0.118 	0.075 	-0.087 	
4.034 	67.820 	47.433 	-0.077 	-0.074 	0.011 	
-370.865 	907.473 	-289.614 	-0.100 	0.220 	-0.079 	
318.444 	74.427 	-51.527 	-0.027 	-0.009 	0.003 	
96.334 	-68.749 	-15.488 	-0.030 	-0.042 	0.145 	
23.037 	-87.746 	52.580 	-0.069 	-0.139 	0.116 	
65.950 	-22.611 	65.133 	0.035 	0.096 	0.068 	
105.006 	-29.324 	44.088 	0.179 	0.092 	-0.145 	
95.377 	-61.781 	61.535 	-0.194 	-0.059 	0.104 	
-53.419 	-67.686 	66.175 	-0.040 	0.009 	0.065 	
10.065 	-74.518 	69.857 	-0.068 	-0.076 	-0.032 	
129.717 	120.715 	57.286 	-0.094 	0.060 	-0.013 	
-11.035 	-57.553 	92.812 	-0.165 	0.002 	0.135 	
49.538 	-83.069 	11.535 	-0.188 	-0.059 	0.147 	
706.197 	54.419 	-88.525 	0.072 	0.002 	-0.009 	
36.881 	-83.423 	87.852 	0.066 	-0.103 	0.004 	
-15.613 	-80.408 	56.892 	-0.062 	0.057 	0.175 	
10.189 	-56.049 	83.462 	-0.170 	0.027 	-0.049 	
-7.075 	-70.824 	12.292 	0.134 	-0.053 	-0.020 	
616.688 	46.858 	842.623 	0.391 	0.077 	0.451 	
-186.597 	-41.898 	14.308 	-0.106 	-0.008 	0.043 	
47.652 	46.705 	27.666 	-0.168 	0.014 	-0.013 	
40.571 	-78.796 	36.612 	-0.206 	0.094 	0.047 	
4.252 	74.160 	-79.947 	-0.092 	-0.038 	0.030 	
69.697 	-18.372 	27.167 	0.065 	-0.033 	0.040 	
-13.817 	16.376 	-128.828 	0.020 	-0.039 	0.040 	
49.155 	-91.049 	50.383 	0.158 	0.158 	0.073 	
147.932 	-54.295 	88.770 	0.088 	0.010 	0.042 	
59.937 	-27.569 	11.457 	-0.157 	-0.055 	0.017 	
-165.873 	-175.064 	584.435 	-0.056 	-0.011 	0.105 	
22.293 	-102.798 	-10.289 	-0.064 	0.062 	0.114 	
79.060 	-56.943 	46.926 	0.022 	-0.057 	-0.103 	
-194.780 	-10.140 	-161.401 	-0.163 	-0.010 	-0.041 	
-23.444 	-104.000 	-49.226 	-0.014 	-0.010 	-0.036 	
-30.490 	-140.829 	112.621 	-0.001 	-0.019 	0.002 	
-58.999 	-58.739 	28.418 	-0.091 	-0.050 	0.117 	
183.411 	-26.515 	24.047 	-0.029 	0.017 	-0.136 	
12.737 	-44.374 	87.937 	0.087 	-0.023 	0.024 	
-7.831 	23.302 	21.478 	-0.076 	0.054 	-0.004 	
56.918 	-50.590 	33.240 	0.066 	0.152 	0.076 	
1527.684 	964.456 	-553.292 	0.440 	0.275 	-0.163 	
50.028 	-39.576 	23.197 	0.154 	0.070 	-0.069 	
149.293 	-14.751 	89.060 	0.011 	0.030 	0.026 	
416.832 	125.955 	12.480 	0.228 	0.132 	-0.010 	
134.477 	-62.735 	30.329 	-0.097 	0.099 	0.064 	
29.000 	-21.506 	-23.017 	0.072 	-0.142 	0.157 	
158.047 	-122.971 	37.764 	0.001 	-0.007 	-0.000 	
-2.587 	-22.097 	36.902 	-0.202 	0.012 	0.023 	
-10.083 	-97.331 	-6.592 	0.006 	-0.134 	-0.043 	
-118.193 	-60.081 	27.450 	-0.040 	0.045 	0.081 	
174.081 	-94.299 	85.493 	0.020 	-0.076 	0.017 	
144.229 	-108.595 	66.361 	0.098 	-0.097 	0.049 	
-78.781 	-53.850 	90.596 	-0.091 	-0.024 	0.008 	
11.643 	-72.266 	83.769 	-0.026 	0.077 	-0.089 	
-123.790 	-239.006 	165.155 	-0.021 	-0.021 	-0.011 	
-72.056 	-83.117 	62.795 	-0.041 	-0.087 	0.049 	
-183.941 	-138.680 	105.287 	-0.014 	0.027 	0.010 	
-58.224 	-79.069 	44.719 	-0.056 	0.130 	0.128 	
-21.768 	-61.406 	22.633 	-0.114 	0.002 	-0.151 	
29.042 	80.925 	16.263 	0.053 	-0.129 	0.007 	
59.977 	-48.243 	-7.218 	-0.214 	-0.011 	0.134 	
-25.230 	-67.841 	20.019 	0.081 	0.068 	0.078 	
96.780 	-38.990 	114.248 	-0.089 	-0.038 	-0.054 	
4.265 	-40.133 	94.383 	-0.154 	-0.057 	0.028 	
84.548 	-32.976 	-40.845 	-0.030 	-0.045 	0.079 	
93.338 	-59.532 	62.121 	-0.151 	-0.057 	0.054 	
93.864 	-55.711 	49.600 	-0.050 	-0.078 	0.116 	
1.610 	-37.441 	38.415 	0.082 	-0.023 	-0.124 	
-5.794 	-64.145 	74.071 	-0.043 	-0.008 	0.106 	
181.186 	-82.957 	-52.282 	0.045 	-0.071 	-0.083 	
57.918 	-43.708 	0.162 	0.183 	-0.104 	-0.093 	
-20.280 	-25.319 	95.905 	0.063 	0.012 	0.071 	
0.334 	-50.245 	51.116 	-0.080 	-0.104 	0.252 	
125.660 	-25.852 	115.246 	-0.118 	0.005 	-0.065 	
272.684 	982.153 	1669.983 	0.067 	0.436 	0.724 	
100.443 	-70.209 	38.743 	0.521 	-0.193 	-0.085 	
58.575 	-25.768 	52.137 	-0.031 	-0.018 	-0.086 	
174.683 	-61.245 	-23.968 	0.078 	0.050 	0.053 	
64.956 	42.613 	24.468 	0.059 	0.019 	-0.070 	
45.559 	-67.862 	44.544 	0.014 	-0.111 	0.016 	
-40.861 	-61.238 	77.706 	0.031 	-0.013 	-0.069 	
1514.976 	280.659 	-3196.909 	0.276 	0.060 	-0.628 	
-6056.445 	-28082.061 	-44213.803 	-1.525 	-7.107 	-11.197 	
-124.450 	-69.854 	262.878 	-0.005 	0.001 	-0.020 	
61.794 	-52.477 	49.479 	0.051 	-0.052 	0.226 	
-5.691 	-2.184 	54.569 	0.069 	0.106 	-0.009 	
-15.775 	-57.934 	7.488 	0.064 	0.048 	0.114 	
-43.196 	-51.945 	53.347 	-0.175 	-0.063 	0.097 	
95.534 	-5.207 	95.957 	-0.055 	-0.136 	-0.002 	
60.339 	-50.700 	39.586 	-0.003 	-0.046 	-0.033 	
27.358 	-37.519 	101.927 	0.074 	-0.115 	-0.011 	
13.282 	10.834 	27.994 	-0.065 	-0.171 	0.018 	
-116.120 	-229.364 	-49.925 	-0.060 	0.060 	0.071 	
947.806 	-493.545 	-194.735 	0.297 	-0.132 	-0.058 	
132.174 	-45.071 	92.921 	-0.092 	-0.098 	-0.026 	
-419.832 	-59.590 	-232.255 	-0.264 	-0.054 	-0.132 	
168.886 	25.185 	-13.860 	-0.017 	0.035 	0.002 	
80.159 	32.097 	75.146 	0.060 	-0.069 	0.051 	
1860.687 	678.848 	-305.077 	0.558 	0.205 	-0.095 	
-10.158 	-37.994 	51.340 	0.116 	-0.064 	0.145 	
377.676 	-374.085 	-166.049 	0.078 	-0.097 	-0.041 	
325.459 	-151.974 	978.476 	0.216 	-0.072 	0.650 	
-64.432 	-69.226 	40.704 	-0.007 	-0.007 	0.068 	
55.354 	-48.256 	38.342 	-0.074 	-0.005 	-0.203 	
-0.846 	-32.628 	49.506 	0.001 	-0.054 	-0.024 	
58.286 	-71.578 	121.087 	-0.198 	0.039 	0.074 	
-52.810 	-118.011 	-54.180 	0.114 	-0.015 	0.017 	
117.217 	-40.321 	-25.127 	-0.089 	-0.056 	0.045 	
75.133 	48.875 	-27.780 	-0.058 	-0.094 	0.019 	
9.589 	-244.867 	62.308 	0.036 	0.059 	0.000 	
-55.293 	-39.060 	79.910 	-0.078 	-0.016 	0.141 	
47.538 	-42.052 	27.461 	0.021 	0.091 	0.122 	
32.028 	-14.673 	208.627 	-0.073 	-0.053 	0.018 	
149.443 	16.388 	-2.671 	-0.071 	-0.006 	0.054 	
112.294 	-46.567 	133.039 	-0.035 	0.032 	-0.044 	
42.591 	-53.125 	23.559 	0.209 	0.005 	-0.071 	
29.062 	-79.142 	72.109 	-0.150 	-0.161 	-0.044 	
185.473 	-42.655 	72.535 	-0.105 	0.011 	-0.059 	
39.543 	-87.803 	54.081 	0.064 	0.052 	-0.058 	
43.099 	-80.755 	36.717 	0.028 	-0.109 	-0.011 	
80.767 	-66.769 	19.556 	0.084 	0.079 	0.014 	
521.414 	-128.621 	456.758 	0.269 	-0.090 	0.247 	
-31.104 	-63.555 	98.368 	-0.005 	-0.029 	0.042 	
90.274 	-39.141 	42.345 	-0.123 	-0.016 	-0.081 	
-391.414 	116.227 	168.405 	-0.070 	0.033 	0.042 	
-15.120 	17.236 	13.767 	0.012 	0.019 	-0.020 	
55.882 	-174.074 	-57.044 	-0.082 	-0.025 	-0.025 	
-50.562 	-62.867 	91.685 	0.005 	0.051 	0.039 	
-3975.900 	2374.461 	1423.463 	-1.005 	0.616 	0.365 	
80.898 	-49.476 	39.561 	0.010 	-0.157 	0.120 	
136.779 	-80.129 	82.505 	0.131 	0.019 	0.075 	
142.358 	17.310 	49.256 	0.117 	0.049 	0.064 	
217.413 	-27.372 	5.425 	0.050 	0.021 	-0.027 	
153.448 	56.359 	14.823 	-0.011 	-0.074 	0.005 	
49.640 	-27.562 	61.776 	0.193 	-0.054 	0.043 	
67.971 	-6.856 	21.583 	0.048 	-0.014 	-0.058 	
54.113 	-12.688 	62.183 	0.026 	0.101 	-0.042 	
73.310 	21.486 	3.880 	-0.012 	0.041 	-0.136 	
-44.223 	-30.087 	5.603 	-0.088 	-0.054 	0.000 	
-55.453 	-84.506 	4.862 	-0.107 	0.087 	0.069 	
-820.286 	308.766 	-207.720 	-0.176 	0.041 	-0.032 	
10.528 	-78.702 	48.202 	-0.184 	-0.014 	0.154 	
101.971 	-31.139 	13.974 	-0.064 	0.053 	0.009 	
4.255 	-61.745 	30.380 	0.105 	-0.069 	0.005 	
1340.717 	322.766 	-141.390 	0.910 	0.297 	-0.150 	
-14.268 	-61.576 	44.294 	0.059 	0.109 	-0.081 	
60.228 	-37.595 	42.604 	0.119 	-0.202 	0.061 	
-52.725 	-42.403 	21.606 	0.004 	0.072 	0.055 	
141.217 	-26.765 	37.632 	-0.055 	0.079 	-0.073 	
80.201 	-36.726 	72.400 	0.130 	-0.093 	-0.029 	
-13.175 	41.119 	44.404 	-0.008 	0.140 	-0.054 	
42.162 	-22.451 	48.673 	-0.189 	-0.009 	-0.077 	
10.413 	-16.304 	45.254 	0.143 	-0.056 	0.003 	
34.236 	-29.417 	42.632 	0.097 	-0.025 	0.186 	
14.543 	-1.948 	51.411 	0.083 	0.014 	-0.112 	
-25.245 	-41.632 	40.830 	-0.128 	-0.066 	0.124 	
87.622 	-58.956 	46.301 	0.122 	-0.147 	-0.012 	
284.128 	-71.526 	-269.494 	0.108 	-0.023 	-0.148 	
-23.123 	-206.034 	167.760 	0.006 	0.044 	-0.005 	
30.955 	-87.919 	96.194 	0.116 	0.020 	0.002 	
-18.716 	-94.478 	0.339 	-0.042 	-0.150 	0.007 	
-215.156 	211.750 	-740.608 	-0.047 	0.062 	-0.199 	
38.944 	-46.671 	46.571 	0.147 	-0.158 	-0.107 	
-444.081 	218.482 	-680.507 	-0.315 	0.183 	-0.495 	
62.473 	-4.986 	27.695 	-0.167 	-0.039 	0.110 	
39.805 	-15.119 	37.804 	-0.185 	0.099 	0.025 	
19.957 	-42.474 	86.757 	0.036 	-0.084 	0.091 	
-23.693 	-0.337 	-90.656 	-0.113 	-0.048 	-0.005 	
663.408 	-4460.531 	3142.468 	0.104 	-1.019 	0.717 	
30.429 	-193.737 	78.599 	0.060 	-0.032 	0.007 	
148.384 	-118.655 	93.804 	-0.044 	-0.144 	-0.026 	
-551.822 	-186.764 	402.655 	-0.339 	-0.090 	0.184 	
0.993 	42.009 	7.166 	0.028 	-0.034 	-0.014 	
-89.159 	-35.727 	66.147 	0.159 	0.021 	-0.014 	
72.871 	-215.724 	-56.020 	0.031 	-0.004 	0.015 	
96.753 	-99.639 	12.769 	-0.019 	0.181 	-0.023 	
-449.791 	-448.050 	-54.950 	-0.106 	-0.106 	-0.014 	
2.693 	-16.991 	53.348 	-0.073 	-0.040 	0.130 	
67.066 	-55.325 	47.638 	0.153 	0.049 	0.023 	
162.331 	-72.310 	68.164 	0.091 	-0.013 	-0.013 	
-45.637 	-70.567 	-9.865 	0.012 	-0.015 	-0.101 	
1335.412 	-2103.450 	-1826.305 	0.262 	-0.439 	-0.391 	
277.873 	-154.414 	32.180 	0.014 	-0.007 	0.014 	
162.641 	-103.387 	28.178 	-0.099 	-0.126 	-0.053 	
-19.369 	-89.339 	33.135 	-0.080 	-0.173 	-0.049 	
-10.553 	-44.787 	57.623 	0.050 	-0.035 	0.087 	
4.902 	-34.599 	34.842 	-0.247 	0.036 	0.049 	
57.137 	-165.349 	-2.256 	0.026 	0.089 	0.097 	
160.978 	-90.338 	3.693 	-0.007 	-0.028 	0.005 	
-14.561 	-71.475 	8.581 	0.187 	0.041 	0.137 	
116.499 	-3.970 	6.319 	-0.029 	-0.049 	-0.048 	
36.660 	-227.386 	154.999 	0.010 	-0.002 	-0.008 	
134.135 	28.479 	-12.336 	0.070 	-0.015 	0.015 	
155.180 	-16.477 	23.725 	0.041 	0.017 	0.001 	
-36.521 	-81.991 	95.029 	-0.027 	0.022 	-0.026 	
10.508 	-45.628 	21.817 	-0.054 	0.017 	0.189 	
36.831 	-156.614 	-36.795 	-0.098 	-0.020 	0.079 	
92.818 	-186.476 	-69.985 	0.103 	0.017 	0.063 	
140.595 	-58.534 	-183.962 	0.005 	-0.049 	-0.028 	
125.314 	-266.852 	329.770 	-0.072 	-0.263 	0.201 	
-35.753 	-36.259 	74.737 	0.083 	-0.102 	-0.052 	
-1267.521 	-2604.166 	11320.773 	-0.288 	-0.579 	2.449 	
389.848 	125.529 	-90.855 	0.065 	0.003 	-0.027 	
31.417 	86.502 	-58.258 	-0.078 	0.011 	0.035 	
115.972 	103.239 	-34.672 	0.094 	-0.021 	0.038 	
-48.241 	-61.395 	148.790 	-0.118 	0.037 	-0.021 	
37.354 	-81.852 	9.656 	-0.023 	0.103 	0.019 	
-24.273 	-44.515 	79.893 	0.056 	-0.010 	0.203 	
177.070 	-14.646 	22.686 	-0.015 	0.112 	0.117 	
6.903 	-37.374 	15.001 	-0.050 	-0.072 	0.007 	
-30.492 	-72.935 	47.924 	-0.033 	0.010 	-0.044 	
-40.966 	-48.940 	6.986 	-0.111 	0.090 	-0.022 	
71.735 	-89.407 	80.150 	-0.104 	0.003 	0.011 	
158.170 	-89.740 	-6.160 	0.078 	0.017 	0.071 	
-54.820 	-74.462 	89.821 	0.088 	0.008 	-0.028 	
-481.641 	-1578.554 	10.400 	-0.133 	-0.398 	-0.007 	
-62.333 	-41.660 	81.805 	-0.033 	-0.019 	-0.086 	
-60.026 	-47.490 	6.886 	-0.020 	0.069 	-0.051 	
-15.360 	-30.541 	35.943 	0.171 	0.016 	0.016 	
-10.061 	-43.668 	51.585 	0.001 	0.061 	0.015 	
90.809 	-51.818 	-170.124 	-0.067 	0.006 	-0.038 	
88.953 	-35.511 	30.335 	0.237 	-0.072 	0.051 	
-8.541 	-41.013 	39.414 	0.137 	-0.043 	-0.047 	
50.727 	22.346 	0.683 	0.064 	0.143 	-0.102 	
112.372 	-52.360 	-28.221 	-0.118 	0.006 	0.081 	
26.125 	-25.299 	27.422 	-0.237 	0.058 	-0.020 	
83.694 	-59.437 	72.862 	0.093 	0.153 	0.037 	
134.490 	52.857 	82.808 	0.015 	-0.102 	-0.074 	
7.505 	-117.614 	39.452 	-0.147 	0.077 	-0.041 	
-204.153 	151.238 	-640.863 	-0.056 	0.014 	-0.078 	
44.504 	-57.802 	41.372 	-0.194 	-0.051 	0.153 	
-884.402 	198.379 	-563.305 	-0.239 	0.063 	-0.168 	
1199.268 	-920.993 	-120.374 	0.952 	-0.717 	-0.090 	
28.311 	-15.742 	87.697 	0.050 	-0.134 	0.030 	
-33.619 	-69.187 	90.541 	-0.090 	-0.062 	-0.015 	
-44.076 	-38.375 	-27.639 	-0.086 	-0.022 	-0.028 	
66.170 	-37.301 	65.787 	0.031 	-0.076 	0.112 	
12.780 	-83.496 	51.178 	-0.191 	-0.108 	-0.058 	
-27.275 	-102.910 	39.064 	0.006 	-0.072 	0.068 	
-227.408 	83.816 	22.166 	-0.006 	-0.080 	0.026 	
25.202 	-15.634 	-34.502 	0.072 	0.098 	-0.128 	
59.393 	-69.060 	132.344 	0.037 	-0.055 	0.069 	
2.192 	-46.118 	66.200 	0.247 	-0.125 	0.006 	
-2070.597 	2587.497 	1430.503 	-0.463 	0.559 	0.302 	
-37.381 	-197.521 	40.364 	0.010 	0.022 	-0.027 	
87.366 	48.346 	48.902 	0.040 	0.151 	0.016 	
107.545 	-17.993 	34.761 	0.192 	-0.002 	0.032 	
78.119 	-49.903 	74.258 	-0.184 	-0.100 	0.018 	
-21.501 	-92.226 	32.143 	-0.062 	0.027 	-0.174 	
-364.662 	259.115 	44.727 	-0.129 	0.076 	-0.018 	
49.757 	-57.399 	76.517 	-0.110 	-0.074 	-0.184 	
-63.047 	-80.353 	70.532 	0.035 	-0.026 	0.070 	
68.102 	-192.336 	87.770 	0.138 	0.009 	-0.027 	
90.802 	-60.587 	-17.214 	0.179 	0.010 	-0.038 	
247.389 	130.047 	-17.809 	0.026 	0.070 	-0.095 	
34.362 	-18.606 	3.559 	-0.047 	0.089 	-0.159 	
-305.000 	-89.737 	52.937 	-0.193 	-0.051 	0.040 	
38.809 	-70.876 	9.082 	-0.142 	0.065 	0.019 	
12.756 	-104.570 	46.526 	-0.051 	-0.019 	0.098 	
125.760 	-148.629 	53.478 	-0.034 	-0.127 	-0.029 	
23.102 	-46.199 	13.480 	0.057 	0.181 	-0.039 	
80.256 	-66.771 	46.091 	0.186 	0.076 	0.165 	
94.170 	30.651 	140.364 	-0.074 	0.029 	-0.056 	
57821.021 	4699.364 	46467.861 	23.366 	1.917 	18.839 	
3.428 	-122.351 	90.502 	0.040 	0.013 	0.084 	
96.089 	-19.301 	52.102 	0.188 	-0.058 	-0.092 	
58.074 	-20.003 	37.122 	0.257 	0.032 	0.137 	
71.936 	-45.877 	38.319 	0.097 	0.005 	-0.046 	
124.955 	52.029 	35.032 	-0.070 	0.067 	-0.090 	
-120.586 	-240.924 	-1.660 	-0.057 	0.085 	0.005 	
-35.992 	-110.549 	-57.597 	0.077 	-0.006 	0.124 	
101.437 	32.075 	55.963 	0.051 	-0.066 	0.055 	
41.412 	-50.796 	41.586 	-0.028 	-0.005 	-0.047 	
101.274 	-0.268 	114.629 	-0.025 	0.068 	0.018 	
132.465 	-47.522 	167.778 	-0.108 	-0.019 	-0.010 	
48.995 	-3.023 	77.491 	-0.160 	0.063 	0.069 	
986.721 	1809.861 	1872.011 	0.153 	0.345 	0.363 	
57.252 	8.450 	50.921 	-0.159 	-0.088 	-0.076 	
-109.678 	4945.305 	-3213.270 	-0.072 	1.121 	-0.729 	
85.312 	-55.614 	39.770 	-0.003 	-0.055 	0.081 	
-4465.097 	-5708.338 	-2123.935 	-2.939 	-3.666 	-1.397 	
114.712 	29.704 	91.150 	-0.069 	0.051 	-0.024 	
-28.249 	25.239 	-26.977 	0.053 	-0.052 	0.060 	
5626.581 	27574.675 	45351.687 	1.431 	6.974 	11.464 	
-3.199 	-50.796 	17.819 	-0.160 	-0.197 	0.016 	
20.428 	-153.163 	94.334 	0.046 	0.061 	-0.109 	
80.410 	-7.396 	69.959 	-0.100 	-0.178 	-0.154 	
135.297 	-38.051 	192.379 	0.041 	-0.032 	-0.088 	
142.650 	-44.799 	64.765 	0.051 	-0.088 	-0.009 	
147.337 	-4.527 	79.023 	-0.028 	-0.100 	-0.008 	
-23.984 	-83.517 	54.253 	-0.079 	-0.192 	0.070 	
-364.460 	451.260 	-32.841 	-0.096 	0.031 	-0.014 	
177.566 	38.857 	8.338 	-0.087 	0.079 	-0.028 	
765.491 	-264.788 	292.956 	0.196 	-0.081 	0.082 	
-33.585 	-108.515 	22.829 	-0.054 	-0.060 	0.025 	
67.096 	-47.249 	82.337 	0.024 	0.074 	0.114 	
119.281 	-57.766 	-1.563 	0.016 	0.019 	0.122 	
114.649 	84.873 	56.040 	0.109 	-0.074 	-0.029 	
59.351 	-22.322 	16.698 	-0.153 	-0.125 	0.002 	
-88.996 	-23.736 	-13.143 	-0.088 	-0.012 	-0.004 	
-42.799 	-55.262 	21.802 	0.078 	0.073 	0.074 	
21.590 	-17.095 	60.256 	0.092 	-0.056 	-0.102 	
11.805 	-33.054 	56.385 	-0.133 	-0.080 	0.223 	
58.032 	-61.403 	36.151 	0.137 	0.133 	-0.050 	
58.087 	-38.491 	64.039 	0.100 	-0.122 	-0.137 	
573.889 	-809.245 	478.384 	0.144 	-0.202 	0.107 	
-525.430 	268.888 	165.967 	-0.091 	0.004 	0.041 	
-7.108 	-115.557 	54.061 	-0.185 	-0.153 	0.041 	
-48.091 	-43.502 	21.237 	-0.069 	-0.071 	-0.008 	
100.690 	-202.650 	60.402 	0.108 	-0.032 	0.007 	
-78.937 	-75.117 	46.769 	0.004 	-0.004 	-0.115 	
-3.741 	-37.714 	86.706 	0.092 	-0.062 	0.050 	
-1008.190 	6255.013 	410.416 	-0.247 	1.412 	0.093 	
51.339 	-57.312 	-39.132 	-0.079 	0.040 	0.140 	
25.710 	-71.345 	57.591 	-0.185 	-0.132 	-0.016 	
-266.487 	-101.336 	98.451 	-0.059 	0.003 	-0.006 	
99.282 	-22.935 	56.733 	-0.127 	0.134 	0.026 	
73.196 	-103.747 	91.201 	-0.029 	0.094 	-0.063 	
-36.998 	-93.393 	-51.864 	0.030 	-0.003 	-0.003 	
85.406 	-11.729 	15.683 	-0.070 	-0.008 	0.104 	
92.598 	-0.742 	39.548 	-0.220 	0.007 	-0.014 	
55.046 	-36.733 	46.019 	-0.207 	-0.221 	-0.095 	
11.058 	-36.414 	37.490 	0.188 	-0.040 	0.062 	
-67.780 	-47.593 	72.287 	-0.013 	0.097 	0.066 	
17.821 	-18.145 	15.757 	-0.099 	-0.179 	0.145 	
-146.043 	75.515 	-73.264 	-0.000 	-0.018 	-0.005 	
35.369 	26.075 	-106.610 	-0.010 	0.017 	-0.029 	
467.458 	84.810 	-11.630 	0.075 	0.038 	-0.002 	
121.278 	-86.464 	57.545 	-0.098 	-0.074 	0.078 	
-2522.025 	-2946.892 	-1385.642 	-0.522 	-0.568 	-0.262 	
6.734 	-30.920 	8.453 	-0.224 	0.058 	-0.043 	
126.786 	79.189 	117.709 	0.016 	-0.026 	0.063 	
-692.870 	-976.047 	435.489 	-0.183 	-0.262 	0.111 	
78.342 	-135.752 	88.009 	0.079 	-0.127 	0.076 	
-501.165 	187.894 	578.372 	-0.139 	0.065 	0.168 	
80.099 	-41.566 	42.183 	0.080 	-0.027 	-0.038 	
77.638 	-33.691 	47.194 	0.128 	-0.036 	0.053 	
-73.165 	-55.944 	80.888 	0.120 	0.008 	0.016 	
53.967 	-42.145 	32.331 	-0.031 	0.148 	0.006 	
66.104 	-34.266 	47.918 	0.089 	0.195 	-0.021 	
-37.686 	-26.146 	51.756 	0.035 	-0.095 	-0.022 	
-20.217 	11.976 	257.705 	0.019 	-0.039 	0.038 	
49.037 	-75.864 	25.013 	-0.177 	0.199 	0.010 	
39.064 	-135.688 	65.753 	-0.139 	0.155 	-0.012 	
8.145 	-43.736 	89.961 	0.047 	-0.011 	-0.146 	
122.653 	-25.772 	41.284 	-0.104 	0.008 	-0.006 	
-322.638 	-38.099 	61.213 	-0.056 	0.013 	0.025 	
157.691 	-85.165 	29.548 	-0.005 	-0.007 	0.025 	
8.564 	16.675 	-56.172 	-0.059 	-0.041 	0.113 	
4.507 	-63.949 	80.251 	-0.123 	-0.195 	0.090 	
30.411 	-43.271 	19.195 	0.056 	0.014 	0.020 	
38.414 	97.492 	22.459 	0.101 	0.112 	0.005 	
29.545 	-55.461 	55.032 	0.179 	-0.025 	0.040 	
91.897 	-63.997 	60.874 	-0.024 	-0.016 	-0.250 	
124.370 	36.209 	129.626 	-0.075 	-0.046 	-0.018 	
-1264.668 	6006.085 	7725.178 	-1.661 	6.956 	8.886 	
82.277 	31.140 	137.336 	-0.061 	-0.039 	-0.045 	
36.686 	0.644 	117.165 	-0.181 	-0.034 	0.007 	
61.375 	-71.298 	42.723 	-0.146 	-0.072 	0.094 	
-48.667 	54.523 	-5.337 	-0.158 	0.180 	-0.119 	
-81.675 	-228.384 	54.417 	-0.013 	-0.030 	0.014 	
20.828 	51.645 	-14.636 	-0.019 	0.008 	-0.027 	
-46.738 	-7.652 	81.911 	-0.136 	-0.034 	0.075 	
-54.607 	-224.822 	72.138 	-0.006 	-0.062 	-0.010 	
57.827 	-77.465 	27.631 	-0.113 	-0.126 	0.068 	
110.079 	-91.981 	43.590 	-0.126 	-0.037 	0.116 	
-225.146 	-80.471 	1.344 	0.010 	-0.032 	-0.022 	
-715.400 	-923.162 	3155.526 	-0.163 	-0.177 	0.622 	
7.315 	-50.955 	166.286 	-0.090 	-0.011 	-0.097 	
-42.644 	-61.866 	102.024 	-0.063 	-0.033 	0.075 	
62.094 	-58.708 	39.259 	0.048 	0.057 	0.255 	
14.389 	-39.155 	70.486 	-0.089 	-0.059 	-0.227 	
135.480 	-52.209 	-63.043 	0.040 	-0.011 	-0.006 	
-2.158 	-20.157 	80.349 	0.041 	-0.009 	-0.074 	
-18.459 	-60.531 	48.682 	0.047 	0.059 	-0.082 	
-152.469 	-63.336 	98.142 	0.054 	0.001 	-0.066 	
-44.463 	-40.603 	11.239 	-0.004 	0.011 	0.020 	
-33.596 	-132.166 	9.697 	0.024 	-0.062 	-0.076 	
43.897 	-64.953 	7.245 	-0.064 	-0.065 	0.121 	
83.225 	-32.326 	52.751 	-0.024 	-0.067 	0.017 	
-60.267 	-5.284 	80.793 	-0.054 	0.088 	0.026 	
56.675 	-41.174 	61.079 	0.092 	0.085 	-0.082 	
-20.421 	-26.519 	81.693 	-0.199 	0.086 	0.018 	
25.865 	-74.763 	42.622 	-0.065 	-0.158 	0.059 	
80.168 	-130.993 	110.552 	0.035 	-0.030 	0.049 	
45.022 	-28.798 	62.297 	-0.149 	0.089 	0.017 	
-56.691 	-105.202 	63.705 	0.032 	-0.043 	0.088 	
-469.619 	-789.898 	-1196.229 	-0.255 	-0.331 	-0.516 	
144.920 	0.559 	-3.026 	0.025 	0.005 	-0.098 	
150.043 	-53.765 	-51.138 	-0.093 	-0.045 	-0.082 	
207.824 	-23.678 	3.144 	0.141 	0.010 	-0.031 	
9.662 	-52.228 	56.252 	-0.245 	-0.056 	-0.023 	
74.282 	-41.255 	10.006 	-0.226 	-0.048 	0.103 	
59.018 	-143.028 	-21.614 	0.045 	-0.041 	0.145 	
-4.242 	-48.764 	75.022 	-0.052 	-0.114 	-0.159 	
30.475 	-15.414 	55.823 	0.091 	0.103 	-0.097 	
89.842 	-28.851 	192.026 	-0.115 	-0.039 	0.065 	
3.402 	-43.252 	136.749 	0.006 	-0.074 	-0.034 	
-51.777 	-94.752 	68.120 	-0.051 	-0.049 	-0.035 	
-182.887 	-5767.553 	-987.205 	-0.060 	-1.309 	-0.223 	
-10.694 	-2.746 	36.163 	-0.055 	0.181 	-0.062 	
93.092 	-69.262 	18.215 	0.110 	-0.042 	-0.148 	
-56901.505 	-5139.752 	-46650.372 	-23.128 	-2.071 	-18.899 	
-28.370 	-106.128 	-12.672 	-0.074 	0.012 	0.002 	
-44.642 	28.493 	-25.980 	0.052 	0.009 	0.039 	
27.257 	-54.442 	-7.297 	0.046 	0.125 	-0.062 	
5.684 	-122.849 	33.942 	0.034 	0.030 	-0.078 	
50.306 	64.919 	117.783 	-0.023 	0.046 	-0.019 	
-41.488 	-108.820 	56.744 	-0.024 	0.000 	-0.097 	
-34.423 	-17.576 	19.636 	0.056 	-0.023 	0.078 	
82.133 	-9.219 	79.646 	-0.176 	-0.024 	-0.052 	
-3.986 	-15.711 	86.662 	-0.166 	0.073 	-0.007 	
1629.862 	-6108.000 	-7633.118 	1.676 	-7.008 	-8.818 	
98.298 	-27.002 	-8.580 	0.163 	0.052 	-0.059 	
75.208 	-85.738 	69.562 	-0.230 	0.032 	-0.028 	
-150.044 	1.409 	78.911 	-0.011 	-0.021 	-0.022 	
3476.581 	-2669.139 	-2127.846 	0.881 	-0.661 	-0.534 	
-58.830 	34.152 	-6.283 	-0.042 	0.073 	-0.008 	
-736.914 	-399.195 	301.249 	-0.709 	-0.258 	0.188 	
-27.682 	-93.563 	-19.114 	-0.006 	-0.069 	-0.051 	
