## Las primeras 500 lineas corresponden a la esfera 1 
##las siguienets 500 lineas a la esfera 2
## Las primeras tres columnas corresponden a la posición en 'x', 'y' y 'z', las siguientes tres a las velocidades
-12.534 	-1377.294 	138.145 	-0.010 	-0.245 	0.028 	
443.462 	-422.301 	-6.615 	0.086 	-0.077 	-0.002 	
511.258 	1754.049 	1186.099 	0.099 	0.314 	0.206 	
-1642.352 	1820.324 	1199.950 	-0.304 	0.334 	0.221 	
-343.100 	-371.374 	1699.447 	-0.053 	-0.066 	0.315 	
1819.715 	1172.083 	2083.652 	0.342 	0.215 	0.375 	
1887.712 	-951.598 	-1841.721 	0.345 	-0.169 	-0.337 	
-1781.917 	-1024.247 	647.118 	-0.321 	-0.178 	0.123 	
1542.933 	481.041 	1025.158 	0.277 	0.095 	0.186 	
590.213 	559.295 	807.241 	0.105 	0.099 	0.152 	
1568.623 	-126.050 	91.166 	0.279 	-0.021 	0.014 	
-339.830 	-1425.139 	232.027 	-0.056 	-0.257 	0.045 	
306.464 	-1013.880 	153.052 	0.067 	-0.182 	0.029 	
1139.817 	1613.149 	1556.052 	0.199 	0.293 	0.280 	
-70.808 	1346.993 	-2173.888 	-0.017 	0.250 	-0.391 	
-769.313 	-143.182 	5.736 	-0.139 	-0.018 	0.003 	
-868.916 	1756.960 	-713.904 	-0.162 	0.314 	-0.131 	
187.482 	997.222 	-1954.404 	0.032 	0.171 	-0.359 	
-2562.942 	-1906.298 	-1083.449 	-0.474 	-0.342 	-0.200 	
909.646 	-2220.766 	-1915.927 	0.158 	-0.406 	-0.349 	
215.054 	-2069.991 	2469.935 	0.042 	-0.368 	0.453 	
179.950 	766.950 	2148.276 	0.030 	0.137 	0.381 	
-553.237 	-982.988 	490.268 	-0.100 	-0.169 	0.085 	
-1805.552 	-1430.851 	655.249 	-0.322 	-0.254 	0.115 	
1253.749 	-889.185 	1447.458 	0.234 	-0.161 	0.257 	
-834.941 	-17.689 	1908.282 	-0.142 	-0.000 	0.342 	
141.451 	-1162.561 	-74.485 	0.032 	-0.204 	-0.010 	
503.383 	-2118.884 	1575.468 	0.088 	-0.393 	0.287 	
-1835.186 	1843.988 	479.897 	-0.326 	0.333 	0.088 	
-1031.829 	-1592.277 	1267.770 	-0.180 	-0.285 	0.233 	
-654.704 	-1108.630 	-1871.046 	-0.116 	-0.196 	-0.340 	
892.306 	1475.644 	1782.040 	0.158 	0.261 	0.324 	
1793.584 	-674.380 	1656.657 	0.326 	-0.122 	0.303 	
-1164.415 	1225.713 	155.072 	-0.200 	0.220 	0.030 	
192.108 	-632.522 	-2041.668 	0.034 	-0.121 	-0.361 	
322.664 	-272.052 	221.083 	0.069 	-0.043 	0.041 	
-864.217 	-1750.297 	-1986.578 	-0.158 	-0.314 	-0.370 	
-844.228 	-2146.474 	1613.029 	-0.144 	-0.388 	0.293 	
-818.744 	-192.386 	1159.757 	-0.152 	-0.031 	0.213 	
1390.974 	-2197.882 	1590.966 	0.251 	-0.399 	0.292 	
2376.644 	881.074 	-94.042 	0.432 	0.150 	-0.019 	
420.462 	-551.086 	184.482 	0.080 	-0.092 	0.029 	
906.979 	257.268 	1539.988 	0.154 	0.041 	0.272 	
-92.665 	-1522.476 	-988.844 	-0.025 	-0.276 	-0.178 	
376.304 	-441.565 	1502.384 	0.076 	-0.081 	0.277 	
201.657 	386.453 	-721.570 	0.044 	0.073 	-0.124 	
2298.900 	175.454 	42.625 	0.414 	0.038 	0.007 	
-539.192 	2127.424 	-562.662 	-0.098 	0.388 	-0.104 	
510.670 	-615.374 	-819.365 	0.100 	-0.114 	-0.146 	
1975.095 	1277.216 	629.434 	0.360 	0.239 	0.114 	
-1811.862 	-671.498 	-1475.655 	-0.324 	-0.126 	-0.273 	
1040.839 	-176.894 	1034.674 	0.181 	-0.031 	0.181 	
2219.947 	-1011.364 	-2186.748 	0.411 	-0.192 	-0.398 	
-174.399 	1393.014 	27.335 	-0.022 	0.249 	0.011 	
-1601.741 	1731.738 	1265.174 	-0.296 	0.310 	0.228 	
-355.636 	-2079.431 	1062.023 	-0.060 	-0.383 	0.197 	
-871.810 	-31.562 	-1314.934 	-0.149 	-0.009 	-0.242 	
80.519 	-1846.247 	-640.348 	0.022 	-0.335 	-0.118 	
-2156.808 	1543.409 	1843.317 	-0.395 	0.285 	0.340 	
1253.202 	1939.410 	773.693 	0.230 	0.347 	0.133 	
-568.157 	2096.918 	554.884 	-0.112 	0.382 	0.099 	
818.905 	1236.689 	-730.583 	0.154 	0.220 	-0.130 	
-1664.763 	2253.581 	889.225 	-0.311 	0.413 	0.163 	
1496.004 	429.607 	-753.409 	0.272 	0.086 	-0.136 	
1794.961 	-2082.466 	-2110.351 	0.338 	-0.378 	-0.380 	
2569.658 	-861.616 	-2155.463 	0.478 	-0.156 	-0.393 	
1636.871 	-1203.443 	-1878.586 	0.310 	-0.219 	-0.342 	
-2367.273 	2585.004 	-747.703 	-0.435 	0.479 	-0.141 	
2556.899 	1194.338 	1547.332 	0.475 	0.219 	0.278 	
-368.751 	747.515 	925.500 	-0.067 	0.121 	0.169 	
1690.031 	623.834 	661.508 	0.313 	0.106 	0.115 	
701.648 	-113.421 	790.359 	0.137 	-0.015 	0.143 	
-39.455 	1333.730 	-2199.613 	-0.006 	0.238 	-0.398 	
-571.320 	-1659.862 	-669.838 	-0.106 	-0.300 	-0.118 	
-1002.738 	858.334 	1340.753 	-0.191 	0.154 	0.240 	
989.561 	-291.770 	-541.397 	0.178 	-0.051 	-0.086 	
-58.604 	-507.580 	-1545.994 	-0.013 	-0.083 	-0.281 	
1926.636 	1138.934 	-1815.723 	0.354 	0.208 	-0.338 	
248.527 	-421.425 	-851.934 	0.041 	-0.072 	-0.158 	
-27.113 	-546.068 	1856.118 	0.000 	-0.103 	0.335 	
-331.008 	1705.408 	534.366 	-0.067 	0.302 	0.098 	
499.044 	-892.445 	-608.551 	0.082 	-0.158 	-0.104 	
1096.111 	1396.330 	1810.974 	0.196 	0.257 	0.328 	
-463.802 	-1457.237 	1847.486 	-0.088 	-0.260 	0.339 	
1436.240 	-765.744 	-348.459 	0.266 	-0.131 	-0.070 	
-1318.143 	-1846.173 	-1797.897 	-0.233 	-0.332 	-0.322 	
1371.503 	-434.564 	-861.773 	0.250 	-0.084 	-0.168 	
-1427.276 	-1530.713 	1645.250 	-0.268 	-0.277 	0.300 	
-1973.212 	-1938.414 	1275.362 	-0.352 	-0.353 	0.235 	
-1787.400 	-787.244 	-193.103 	-0.317 	-0.149 	-0.028 	
2341.781 	1070.733 	1657.108 	0.426 	0.204 	0.299 	
60.967 	908.696 	1676.698 	0.009 	0.169 	0.305 	
163.736 	-400.877 	158.880 	0.035 	-0.078 	0.031 	
-279.053 	-2000.843 	-828.612 	-0.045 	-0.368 	-0.145 	
1926.958 	-1281.006 	1912.110 	0.349 	-0.227 	0.345 	
-736.813 	1252.211 	-2018.810 	-0.123 	0.236 	-0.366 	
1938.045 	486.547 	1245.531 	0.359 	0.086 	0.226 	
2081.760 	476.911 	-1384.806 	0.386 	0.087 	-0.250 	
2363.333 	1870.839 	293.075 	0.441 	0.338 	0.054 	
1288.169 	-1007.290 	1287.803 	0.226 	-0.189 	0.230 	
-1499.553 	1979.719 	1093.347 	-0.272 	0.352 	0.203 	
-2451.274 	-1762.349 	-758.660 	-0.453 	-0.319 	-0.132 	
661.876 	-2286.072 	1316.985 	0.122 	-0.419 	0.238 	
-996.265 	-228.871 	1735.404 	-0.179 	-0.034 	0.320 	
1243.141 	-533.502 	678.272 	0.235 	-0.097 	0.127 	
-2081.773 	1048.001 	1912.425 	-0.371 	0.191 	0.343 	
-2054.746 	-1439.934 	1356.147 	-0.380 	-0.258 	0.250 	
-2396.650 	2511.475 	-1021.096 	-0.441 	0.465 	-0.186 	
1508.071 	-973.443 	72.730 	0.269 	-0.181 	0.020 	
2532.474 	-229.998 	-811.618 	0.467 	-0.047 	-0.140 	
-619.313 	-217.048 	1243.354 	-0.109 	-0.042 	0.230 	
558.183 	-748.665 	1123.613 	0.092 	-0.137 	0.204 	
1002.237 	-3.820 	364.912 	0.175 	-0.007 	0.062 	
-381.452 	2171.138 	-790.049 	-0.074 	0.389 	-0.137 	
-1462.541 	1992.825 	2001.221 	-0.268 	0.363 	0.367 	
-225.848 	2139.494 	2074.948 	-0.036 	0.392 	0.377 	
655.347 	-2234.595 	-389.128 	0.117 	-0.406 	-0.061 	
-2364.874 	-680.371 	2230.767 	-0.426 	-0.131 	0.403 	
1613.447 	-976.882 	-834.061 	0.292 	-0.185 	-0.144 	
-163.467 	1579.589 	294.249 	-0.038 	0.283 	0.057 	
-1101.868 	244.535 	1374.169 	-0.195 	0.046 	0.256 	
1258.490 	-1762.184 	-793.545 	0.231 	-0.325 	-0.144 	
1021.888 	-321.507 	-1669.616 	0.184 	-0.049 	-0.304 	
2062.316 	-935.157 	2114.822 	0.369 	-0.173 	0.386 	
-2257.585 	770.756 	1124.502 	-0.417 	0.136 	0.202 	
649.198 	-276.414 	-811.114 	0.111 	-0.043 	-0.142 	
-2342.163 	-1498.269 	-889.776 	-0.423 	-0.270 	-0.155 	
-2479.226 	-2296.070 	937.371 	-0.459 	-0.418 	0.168 	
-1814.001 	938.811 	-2215.151 	-0.331 	0.173 	-0.395 	
-1936.087 	-2024.987 	774.653 	-0.345 	-0.371 	0.140 	
-207.738 	-1352.644 	1062.209 	-0.044 	-0.243 	0.195 	
-527.769 	1726.332 	-981.914 	-0.099 	0.316 	-0.184 	
-1355.403 	1122.890 	15.601 	-0.248 	0.199 	0.002 	
35.349 	640.280 	-1944.455 	0.000 	0.111 	-0.349 	
2405.986 	-2204.487 	216.555 	0.434 	-0.399 	0.034 	
-317.951 	-1719.254 	-888.664 	-0.051 	-0.311 	-0.170 	
260.001 	-1342.261 	608.181 	0.041 	-0.242 	0.103 	
-1590.246 	-2035.422 	1599.782 	-0.281 	-0.374 	0.293 	
1879.358 	-906.029 	-932.136 	0.342 	-0.160 	-0.168 	
816.108 	-1675.893 	505.862 	0.159 	-0.302 	0.096 	
-1620.481 	-1008.230 	-1287.763 	-0.286 	-0.187 	-0.233 	
2103.337 	-613.494 	-559.705 	0.373 	-0.106 	-0.103 	
-1428.733 	2160.831 	518.011 	-0.262 	0.388 	0.099 	
-1727.183 	-1810.458 	285.703 	-0.315 	-0.328 	0.057 	
-550.562 	669.323 	800.528 	-0.105 	0.114 	0.144 	
1323.612 	-287.131 	1875.745 	0.239 	-0.051 	0.332 	
-983.757 	-130.544 	-783.292 	-0.173 	-0.015 	-0.142 	
-26.273 	1120.169 	1687.049 	-0.009 	0.201 	0.297 	
2016.708 	-1871.291 	-2180.771 	0.359 	-0.341 	-0.399 	
-170.717 	1560.340 	-1108.540 	-0.024 	0.277 	-0.203 	
2001.765 	-2170.867 	556.169 	0.365 	-0.393 	0.093 	
-1562.838 	-615.224 	1356.246 	-0.276 	-0.106 	0.244 	
536.591 	1201.197 	2317.469 	0.094 	0.211 	0.422 	
-2344.483 	-2298.887 	-865.282 	-0.426 	-0.417 	-0.162 	
-1976.989 	-121.580 	-2226.878 	-0.361 	-0.017 	-0.406 	
-188.470 	-935.845 	-797.349 	-0.043 	-0.170 	-0.144 	
2180.824 	-498.398 	1597.451 	0.414 	-0.089 	0.284 	
-2081.912 	-1065.062 	2066.507 	-0.379 	-0.199 	0.374 	
-1017.481 	-1628.871 	2303.129 	-0.180 	-0.298 	0.422 	
247.142 	-1613.109 	1350.849 	0.044 	-0.294 	0.248 	
2234.269 	-1857.766 	1704.507 	0.416 	-0.340 	0.313 	
-715.467 	410.639 	444.071 	-0.123 	0.077 	0.075 	
-761.047 	-83.547 	1269.891 	-0.155 	-0.001 	0.247 	
1121.803 	161.890 	-89.153 	0.211 	0.034 	-0.010 	
120.920 	-832.451 	456.889 	0.019 	-0.150 	0.078 	
-849.858 	-22.599 	-298.010 	-0.158 	-0.003 	-0.047 	
-795.858 	1281.179 	-1128.549 	-0.143 	0.233 	-0.205 	
2546.620 	-538.609 	-155.204 	0.465 	-0.107 	-0.027 	
736.974 	-45.889 	-264.356 	0.134 	-0.016 	-0.039 	
874.347 	-474.125 	-503.475 	0.150 	-0.090 	-0.083 	
-1443.334 	434.629 	2409.627 	-0.259 	0.078 	0.440 	
1383.729 	935.613 	89.563 	0.262 	0.164 	0.018 	
-2077.004 	410.529 	888.218 	-0.381 	0.071 	0.159 	
578.735 	-134.460 	-685.771 	0.101 	-0.031 	-0.125 	
-2394.799 	-1067.692 	2028.820 	-0.442 	-0.194 	0.368 	
-1874.481 	-716.333 	-152.384 	-0.341 	-0.126 	-0.023 	
-941.382 	-518.437 	-514.951 	-0.169 	-0.094 	-0.096 	
1456.316 	1299.086 	1844.244 	0.267 	0.237 	0.326 	
448.117 	-444.972 	1855.675 	0.084 	-0.079 	0.339 	
2188.426 	1356.063 	2356.296 	0.397 	0.253 	0.432 	
1886.988 	1716.921 	1885.519 	0.342 	0.314 	0.352 	
2031.790 	-1722.667 	-1757.909 	0.366 	-0.316 	-0.321 	
1480.043 	2104.988 	117.155 	0.278 	0.381 	0.020 	
-1044.282 	111.455 	580.320 	-0.193 	0.016 	0.112 	
-423.646 	162.151 	-1333.275 	-0.073 	0.033 	-0.249 	
-314.703 	969.533 	1067.053 	-0.065 	0.174 	0.192 	
-2363.860 	-2106.555 	1282.711 	-0.432 	-0.378 	0.242 	
-926.840 	737.077 	-845.415 	-0.167 	0.137 	-0.149 	
-641.273 	-1980.060 	-1508.343 	-0.117 	-0.354 	-0.275 	
-1092.786 	-1924.370 	-1158.801 	-0.189 	-0.348 	-0.210 	
178.731 	-2115.395 	-1743.859 	0.031 	-0.381 	-0.314 	
1867.058 	755.272 	141.011 	0.349 	0.137 	0.030 	
2077.883 	-165.740 	-1456.943 	0.378 	-0.032 	-0.259 	
-909.679 	324.636 	110.107 	-0.154 	0.056 	0.026 	
-938.461 	1028.166 	556.935 	-0.180 	0.184 	0.102 	
2135.283 	-964.481 	-8.345 	0.385 	-0.182 	-0.008 	
-1227.297 	814.458 	-2217.883 	-0.225 	0.145 	-0.405 	
2205.065 	-175.906 	1401.552 	0.398 	-0.025 	0.259 	
462.834 	743.327 	624.082 	0.094 	0.138 	0.118 	
1367.739 	-434.854 	-912.467 	0.254 	-0.071 	-0.156 	
-1336.721 	1690.946 	385.373 	-0.241 	0.299 	0.073 	
-8.649 	-1672.731 	1011.246 	0.006 	-0.295 	0.180 	
-213.610 	-178.877 	-1792.681 	-0.031 	-0.031 	-0.321 	
-649.765 	96.593 	373.172 	-0.121 	0.019 	0.069 	
-243.696 	-1901.571 	-1906.719 	-0.041 	-0.341 	-0.352 	
-510.150 	-815.658 	1968.138 	-0.088 	-0.151 	0.346 	
2406.070 	-326.161 	-1735.351 	0.442 	-0.066 	-0.313 	
-516.071 	344.653 	-358.576 	-0.091 	0.059 	-0.060 	
2004.852 	-2095.609 	1925.871 	0.372 	-0.377 	0.350 	
-689.655 	-726.998 	657.482 	-0.123 	-0.124 	0.117 	
-627.805 	-67.737 	1972.736 	-0.107 	-0.006 	0.356 	
459.993 	1037.013 	218.542 	0.094 	0.187 	0.041 	
-2182.195 	2269.694 	-1644.938 	-0.401 	0.413 	-0.299 	
126.807 	-579.050 	-2235.683 	0.034 	-0.102 	-0.406 	
-388.015 	-1166.744 	1395.314 	-0.067 	-0.200 	0.254 	
-1327.983 	-1048.297 	-939.606 	-0.247 	-0.190 	-0.168 	
1202.513 	2174.134 	-1851.097 	0.221 	0.397 	-0.346 	
-1291.201 	165.943 	1395.910 	-0.243 	0.029 	0.251 	
-53.204 	301.396 	1061.164 	-0.015 	0.055 	0.184 	
-369.622 	-412.150 	729.092 	-0.053 	-0.085 	0.105 	
2090.118 	-514.546 	-1326.943 	0.378 	-0.102 	-0.244 	
2443.592 	-2293.787 	28.578 	0.443 	-0.418 	0.013 	
-1784.069 	-1319.992 	-98.867 	-0.332 	-0.243 	-0.020 	
78.508 	-1856.175 	487.767 	0.009 	-0.330 	0.093 	
-868.575 	130.348 	1818.625 	-0.161 	0.017 	0.324 	
-1190.001 	2247.804 	92.168 	-0.208 	0.406 	0.022 	
-1647.451 	-1751.210 	752.845 	-0.297 	-0.313 	0.134 	
2021.517 	-826.840 	-1687.239 	0.370 	-0.148 	-0.313 	
-1443.083 	-2106.129 	1359.753 	-0.263 	-0.374 	0.248 	
-985.463 	-23.390 	821.314 	-0.178 	-0.013 	0.152 	
-1045.256 	220.658 	2124.724 	-0.189 	0.040 	0.390 	
-1877.521 	1389.785 	-342.957 	-0.338 	0.251 	-0.052 	
-1797.365 	624.466 	64.526 	-0.333 	0.113 	0.013 	
-662.715 	593.850 	-1099.788 	-0.119 	0.113 	-0.196 	
1977.475 	2495.796 	-2265.026 	0.358 	0.463 	-0.416 	
-1620.032 	901.645 	1266.292 	-0.299 	0.163 	0.237 	
-1829.421 	-201.494 	-1918.211 	-0.326 	-0.039 	-0.348 	
1100.573 	-1545.849 	727.907 	0.203 	-0.285 	0.124 	
1666.821 	1794.402 	-154.140 	0.315 	0.326 	-0.023 	
1876.040 	973.269 	-2109.776 	0.337 	0.180 	-0.377 	
1236.562 	595.088 	-1420.879 	0.221 	0.105 	-0.248 	
-921.050 	-1789.260 	-523.533 	-0.163 	-0.317 	-0.097 	
1710.066 	-784.118 	193.755 	0.314 	-0.139 	0.025 	
-508.203 	1845.746 	450.508 	-0.044 	0.372 	0.096 	
498.871 	-1327.410 	1954.190 	0.092 	-0.237 	0.344 	
-1123.939 	735.323 	-871.263 	-0.204 	0.130 	-0.162 	
-1652.963 	-64.523 	815.994 	-0.305 	-0.012 	0.153 	
1792.121 	-608.447 	1795.663 	0.332 	-0.113 	0.317 	
492.230 	-1327.239 	-2028.441 	0.096 	-0.244 	-0.359 	
2483.090 	418.577 	-1385.960 	0.460 	0.076 	-0.254 	
831.143 	-526.063 	1766.893 	0.159 	-0.095 	0.318 	
-1476.496 	1943.360 	-430.791 	-0.257 	0.354 	-0.077 	
-937.449 	-911.596 	783.455 	-0.172 	-0.165 	0.147 	
-797.495 	-1022.857 	390.967 	-0.142 	-0.185 	0.082 	
2194.135 	22.504 	972.566 	0.402 	0.012 	0.181 	
-1493.852 	146.493 	1363.622 	-0.271 	0.026 	0.257 	
-1.901 	876.670 	-1669.011 	-0.008 	0.160 	-0.308 	
-1592.704 	-2087.882 	-2070.191 	-0.282 	-0.377 	-0.382 	
1135.943 	1790.890 	-819.649 	0.202 	0.321 	-0.147 	
-2204.128 	1057.428 	1315.116 	-0.403 	0.192 	0.234 	
-2300.579 	136.083 	882.555 	-0.424 	0.030 	0.160 	
719.899 	-1843.619 	-1874.464 	0.127 	-0.338 	-0.333 	
-3008.209 	79.752 	-8.885 	-0.593 	-0.015 	-0.005 	
-2090.326 	-846.416 	1105.175 	-0.375 	-0.155 	0.206 	
1270.119 	-488.481 	-1507.752 	0.228 	-0.089 	-0.281 	
632.039 	417.828 	268.950 	0.121 	0.076 	0.058 	
-60.754 	-809.819 	534.431 	-0.012 	-0.153 	0.087 	
-2241.339 	197.897 	-1293.730 	-0.411 	0.032 	-0.240 	
1826.876 	-192.283 	2482.162 	0.337 	-0.032 	0.457 	
-442.607 	-764.568 	1280.546 	-0.080 	-0.144 	0.223 	
834.611 	-1313.274 	-516.418 	0.146 	-0.236 	-0.090 	
315.578 	-328.345 	360.115 	0.062 	-0.066 	0.059 	
-1982.700 	-2347.321 	-1180.517 	-0.362 	-0.432 	-0.214 	
1128.992 	-1068.992 	-1921.489 	0.204 	-0.185 	-0.343 	
469.666 	645.934 	-491.158 	0.092 	0.146 	-0.087 	
-901.153 	-268.049 	740.642 	-0.161 	-0.039 	0.140 	
2516.847 	1261.652 	-198.920 	0.467 	0.227 	-0.038 	
571.841 	-276.950 	-1294.527 	0.100 	-0.049 	-0.237 	
-1833.332 	630.779 	-2284.130 	-0.330 	0.118 	-0.414 	
871.298 	699.199 	684.520 	0.164 	0.119 	0.130 	
2229.275 	164.943 	-1830.021 	0.398 	0.026 	-0.328 	
-905.989 	292.946 	-1153.659 	-0.163 	0.058 	-0.214 	
-2240.146 	2035.117 	856.503 	-0.415 	0.371 	0.157 	
77.660 	-1772.942 	-2099.929 	0.020 	-0.321 	-0.388 	
1585.467 	2009.947 	-1244.382 	0.290 	0.365 	-0.237 	
1147.725 	-910.403 	234.463 	0.206 	-0.163 	0.051 	
1171.408 	-1950.748 	-1573.968 	0.209 	-0.350 	-0.293 	
749.503 	-913.940 	1286.941 	0.131 	-0.166 	0.232 	
985.752 	-983.096 	1566.320 	0.179 	-0.174 	0.284 	
2001.118 	2199.659 	-1945.101 	0.361 	0.403 	-0.362 	
1860.306 	-345.589 	1349.590 	0.343 	-0.057 	0.252 	
804.800 	-538.558 	-455.963 	0.150 	-0.092 	-0.082 	
-914.665 	-856.277 	1681.249 	-0.172 	-0.152 	0.306 	
-1060.549 	-479.318 	1844.144 	-0.191 	-0.094 	0.334 	
428.011 	-1106.404 	-704.162 	0.079 	-0.198 	-0.130 	
-1497.986 	-235.560 	-39.028 	-0.271 	-0.046 	-0.009 	
-268.527 	1884.274 	-2323.038 	-0.040 	0.347 	-0.422 	
-1773.657 	-582.679 	1188.480 	-0.328 	-0.105 	0.214 	
-79.904 	-1815.143 	1928.924 	-0.016 	-0.323 	0.356 	
-883.266 	678.464 	1814.496 	-0.153 	0.127 	0.327 	
-246.641 	-78.369 	1281.956 	-0.049 	-0.017 	0.233 	
1615.778 	-1224.646 	16.897 	0.297 	-0.226 	-0.004 	
-123.889 	-822.072 	532.130 	-0.009 	-0.145 	0.103 	
-473.415 	-810.922 	1827.258 	-0.075 	-0.145 	0.333 	
-2279.178 	-641.440 	616.964 	-0.421 	-0.117 	0.113 	
-597.191 	-1511.178 	-326.846 	-0.116 	-0.269 	-0.059 	
650.603 	-2208.994 	1188.366 	0.114 	-0.409 	0.215 	
804.865 	-1664.112 	-445.571 	0.143 	-0.303 	-0.075 	
933.022 	-2042.635 	-247.043 	0.172 	-0.373 	-0.038 	
617.265 	96.420 	1853.260 	0.106 	0.013 	0.335 	
-2048.000 	999.970 	137.066 	-0.374 	0.180 	0.023 	
-484.479 	503.175 	950.645 	-0.079 	0.087 	0.168 	
-797.431 	-1197.373 	1939.906 	-0.149 	-0.217 	0.359 	
-1688.080 	-2021.044 	1756.066 	-0.307 	-0.363 	0.327 	
1214.567 	1381.144 	-2121.628 	0.218 	0.249 	-0.380 	
-723.002 	1251.763 	-2035.588 	-0.129 	0.220 	-0.359 	
-149.349 	-1718.582 	-1385.189 	-0.016 	-0.311 	-0.252 	
-44.383 	-122.631 	314.782 	0.003 	-0.029 	0.055 	
1497.562 	-699.654 	394.049 	0.274 	-0.127 	0.065 	
1184.728 	708.604 	-1309.587 	0.226 	0.128 	-0.236 	
-1478.627 	-1990.776 	1164.326 	-0.263 	-0.369 	0.207 	
2474.066 	-494.137 	-2252.258 	0.458 	-0.090 	-0.413 	
-379.043 	1599.410 	549.160 	-0.061 	0.293 	0.096 	
-1295.275 	1813.381 	-1566.336 	-0.237 	0.329 	-0.287 	
-1763.081 	1193.976 	-619.660 	-0.311 	0.216 	-0.112 	
-20.581 	610.905 	-221.693 	-0.009 	0.101 	-0.040 	
-1940.882 	765.683 	167.666 	-0.344 	0.147 	0.028 	
-95.730 	-1691.383 	-1303.993 	-0.020 	-0.303 	-0.228 	
-1590.893 	-918.596 	98.830 	-0.291 	-0.164 	0.010 	
1226.986 	979.360 	-1262.130 	0.232 	0.178 	-0.226 	
-1545.310 	2204.918 	288.170 	-0.282 	0.396 	0.061 	
1129.238 	-202.324 	-1638.316 	0.209 	-0.035 	-0.296 	
-224.423 	187.201 	-467.442 	-0.036 	0.025 	-0.077 	
-2138.725 	-1107.927 	-1996.796 	-0.387 	-0.209 	-0.368 	
991.951 	-411.476 	318.892 	0.176 	-0.077 	0.062 	
-1759.668 	-436.180 	1941.496 	-0.320 	-0.077 	0.354 	
1738.873 	-182.072 	1626.433 	0.316 	-0.037 	0.289 	
635.336 	-174.429 	-1488.893 	0.110 	-0.038 	-0.269 	
1821.562 	729.807 	-136.613 	0.326 	0.134 	-0.029 	
800.627 	372.079 	1323.462 	0.141 	0.071 	0.237 	
-151.542 	1010.049 	-1681.223 	-0.032 	0.183 	-0.300 	
2256.088 	-1657.692 	-712.746 	0.419 	-0.300 	-0.125 	
-2037.284 	-2052.679 	2148.239 	-0.374 	-0.376 	0.391 	
-1777.535 	-1239.084 	-48.857 	-0.319 	-0.223 	-0.010 	
1371.616 	322.140 	467.070 	0.239 	0.058 	0.085 	
2233.104 	-559.634 	601.391 	0.406 	-0.098 	0.104 	
-1857.565 	686.768 	1002.768 	-0.334 	0.129 	0.191 	
80.545 	-128.564 	18.591 	0.007 	-0.022 	0.008 	
-635.785 	-1301.520 	1793.970 	-0.107 	-0.232 	0.329 	
-245.740 	-1088.971 	-866.979 	-0.040 	-0.201 	-0.151 	
2154.639 	-853.804 	-1470.229 	0.391 	-0.163 	-0.265 	
256.468 	-1285.187 	-1214.632 	0.037 	-0.230 	-0.216 	
1671.089 	-1793.569 	2250.447 	0.310 	-0.320 	0.407 	
-2077.887 	-846.328 	-1097.849 	-0.374 	-0.147 	-0.194 	
-1877.791 	-512.815 	-713.117 	-0.347 	-0.099 	-0.127 	
286.566 	-474.152 	1725.465 	0.063 	-0.087 	0.311 	
1297.763 	-1276.630 	966.356 	0.246 	-0.232 	0.170 	
-1183.314 	967.329 	1013.261 	-0.222 	0.172 	0.187 	
-2047.344 	-1144.816 	1711.137 	-0.370 	-0.199 	0.313 	
-1601.856 	-12.130 	538.296 	-0.292 	-0.004 	0.103 	
-1299.275 	-1525.094 	242.637 	-0.230 	-0.272 	0.040 	
2034.222 	1940.136 	1291.671 	0.374 	0.343 	0.232 	
2017.588 	1116.172 	-386.362 	0.375 	0.207 	-0.072 	
-1938.131 	-1822.976 	482.425 	-0.351 	-0.328 	0.093 	
-1597.462 	490.396 	906.348 	-0.293 	0.083 	0.166 	
-1304.661 	198.687 	1092.137 	-0.228 	0.041 	0.202 	
-1204.554 	-586.540 	-2300.332 	-0.220 	-0.111 	-0.425 	
-1121.588 	-1224.248 	-1776.064 	-0.206 	-0.227 	-0.327 	
2425.756 	2470.468 	-1165.767 	0.445 	0.456 	-0.209 	
2323.145 	837.914 	-1862.004 	0.424 	0.148 	-0.345 	
-588.739 	-974.563 	-643.641 	-0.106 	-0.181 	-0.113 	
-623.570 	-934.751 	1518.660 	-0.111 	-0.178 	0.273 	
601.466 	-133.035 	253.808 	0.116 	-0.027 	0.041 	
745.218 	240.524 	497.062 	0.139 	0.037 	0.087 	
-1333.400 	1413.276 	1353.085 	-0.248 	0.257 	0.246 	
-1510.916 	1807.736 	-2081.283 	-0.275 	0.323 	-0.378 	
-610.235 	-1395.982 	-2292.973 	-0.108 	-0.246 	-0.420 	
1852.220 	-917.283 	-1431.573 	0.329 	-0.164 	-0.257 	
-28.736 	15.194 	-1421.330 	-0.004 	0.004 	-0.258 	
717.993 	1782.850 	750.892 	0.132 	0.329 	0.141 	
1175.614 	-183.738 	-15.903 	0.221 	-0.032 	-0.004 	
941.135 	1077.554 	1291.518 	0.174 	0.192 	0.244 	
656.150 	-892.085 	-979.800 	0.125 	-0.160 	-0.171 	
2052.194 	-1663.438 	-1426.493 	0.384 	-0.304 	-0.260 	
658.956 	534.277 	-1366.170 	0.122 	0.097 	-0.250 	
-1480.846 	-1583.223 	-41.649 	-0.265 	-0.293 	-0.006 	
1240.753 	787.751 	1003.327 	0.216 	0.139 	0.181 	
1739.676 	657.234 	230.909 	0.327 	0.111 	0.039 	
-164.575 	-1989.726 	1850.475 	-0.027 	-0.358 	0.345 	
155.102 	738.541 	1883.963 	0.038 	0.133 	0.335 	
1671.323 	-84.038 	1814.114 	0.313 	-0.014 	0.327 	
1932.509 	748.912 	-101.398 	0.347 	0.130 	-0.012 	
-1287.635 	-2435.213 	2413.035 	-0.231 	-0.446 	0.445 	
-2488.649 	-2038.922 	2239.285 	-0.458 	-0.368 	0.410 	
2339.253 	1908.290 	7.581 	0.435 	0.341 	0.001 	
2385.494 	488.445 	2023.208 	0.435 	0.080 	0.372 	
892.726 	266.229 	1548.865 	0.157 	0.050 	0.282 	
-1551.104 	-253.675 	-1929.505 	-0.282 	-0.045 	-0.349 	
1682.861 	853.813 	-717.679 	0.316 	0.155 	-0.132 	
-563.023 	1173.194 	-2005.623 	-0.105 	0.208 	-0.359 	
910.736 	960.960 	-297.519 	0.163 	0.173 	-0.056 	
1379.039 	-861.154 	-1205.414 	0.253 	-0.153 	-0.215 	
1845.431 	1730.232 	2152.453 	0.336 	0.321 	0.395 	
244.437 	1926.300 	-1392.852 	0.036 	0.347 	-0.250 	
-1981.742 	380.727 	824.433 	-0.354 	0.074 	0.153 	
587.182 	-2126.486 	1464.964 	0.113 	-0.385 	0.260 	
701.888 	-848.766 	-221.810 	0.123 	-0.158 	-0.040 	
1702.957 	116.858 	-172.459 	0.309 	0.028 	-0.036 	
-1036.159 	969.429 	-1514.404 	-0.183 	0.180 	-0.278 	
1083.752 	-1891.785 	1078.515 	0.193 	-0.348 	0.198 	
1850.697 	1870.811 	87.952 	0.343 	0.339 	0.020 	
1249.671 	-2032.878 	1863.678 	0.226 	-0.361 	0.338 	
2217.050 	-182.717 	473.374 	0.403 	-0.024 	0.091 	
2474.700 	1969.637 	1304.207 	0.448 	0.359 	0.239 	
654.303 	-1640.631 	910.110 	0.128 	-0.299 	0.166 	
-1267.865 	-2261.117 	2120.677 	-0.232 	-0.416 	0.386 	
951.425 	-467.235 	-482.417 	0.178 	-0.077 	-0.086 	
-162.239 	55.347 	364.129 	-0.034 	0.005 	0.061 	
-1977.179 	2486.511 	2027.006 	-0.367 	0.461 	0.368 	
103.770 	212.764 	1921.337 	0.029 	0.040 	0.343 	
-295.187 	1941.560 	1778.545 	-0.056 	0.358 	0.318 	
1637.918 	-1752.224 	1928.669 	0.305 	-0.325 	0.354 	
-1752.018 	-1860.734 	1888.818 	-0.320 	-0.330 	0.344 	
-2059.190 	-1329.045 	1554.048 	-0.376 	-0.237 	0.284 	
-1542.112 	1429.412 	695.648 	-0.274 	0.264 	0.131 	
-361.030 	-2378.849 	454.366 	-0.055 	-0.432 	0.081 	
278.532 	-1133.147 	1616.208 	0.055 	-0.203 	0.293 	
-68.989 	233.455 	254.778 	-0.014 	0.035 	0.052 	
-1853.533 	-2109.518 	-1729.557 	-0.344 	-0.384 	-0.307 	
-1087.118 	-60.952 	1187.842 	-0.192 	-0.016 	0.213 	
1696.726 	627.131 	275.115 	0.301 	0.118 	0.054 	
840.929 	-1197.770 	1567.596 	0.157 	-0.222 	0.290 	
-1745.235 	-1024.602 	-1485.632 	-0.313 	-0.181 	-0.266 	
87.544 	-1038.732 	-445.797 	0.009 	-0.220 	-0.078 	
2291.228 	169.162 	27.807 	0.405 	0.018 	0.014 	
-1094.314 	-1570.028 	-1463.757 	-0.196 	-0.287 	-0.260 	
1830.655 	-1132.294 	118.998 	0.339 	-0.202 	0.024 	
-590.091 	1572.951 	1371.932 	-0.097 	0.280 	0.246 	
377.453 	-566.346 	1961.493 	0.069 	-0.101 	0.350 	
1950.539 	-276.148 	1054.299 	0.357 	-0.053 	0.187 	
-609.006 	90.459 	-2343.223 	-0.106 	0.020 	-0.428 	
-1061.918 	-372.604 	-47.530 	-0.191 	-0.076 	-0.003 	
473.463 	1818.768 	949.986 	0.082 	0.328 	0.175 	
-2062.994 	537.549 	-379.997 	-0.379 	0.093 	-0.072 	
1167.066 	-1155.974 	616.207 	0.208 	-0.204 	0.106 	
-408.697 	422.053 	-480.939 	-0.082 	0.072 	-0.088 	
1711.601 	-1820.548 	371.125 	0.312 	-0.332 	0.073 	
216.892 	-423.406 	645.623 	0.031 	-0.073 	0.114 	
2261.511 	-1854.507 	755.668 	0.419 	-0.334 	0.137 	
-1053.883 	213.378 	-146.968 	-0.182 	0.037 	-0.026 	
-1767.312 	224.810 	1914.972 	-0.323 	0.050 	0.345 	
2346.718 	918.336 	-238.203 	0.427 	0.160 	-0.034 	
-1414.777 	1771.537 	-1091.013 	-0.251 	0.326 	-0.194 	
-1405.486 	1718.732 	-633.602 	-0.246 	0.312 	-0.116 	
1691.463 	-557.051 	-233.568 	0.302 	-0.090 	-0.040 	
-1835.536 	407.339 	1733.750 	-0.328 	0.077 	0.314 	
1921.879 	-1129.501 	-2274.408 	0.360 	-0.200 	-0.413 	
-1613.389 	-2191.821 	-1204.092 	-0.293 	-0.395 	-0.219 	
-476.881 	-250.740 	1704.362 	-0.079 	-0.047 	0.303 	
-134.704 	-1135.298 	-158.144 	-0.027 	-0.204 	-0.038 	
-184.211 	-309.134 	853.008 	-0.024 	-0.057 	0.161 	
1375.436 	607.302 	534.788 	0.257 	0.113 	0.102 	
858.208 	-1802.967 	1.620 	0.163 	-0.319 	0.005 	
1236.220 	-2029.272 	-1979.083 	0.218 	-0.370 	-0.360 	
-1328.369 	2002.694 	-573.178 	-0.240 	0.358 	-0.107 	
-1681.222 	1873.188 	513.670 	-0.298 	0.345 	0.092 	
-1.839 	-180.636 	-617.250 	0.002 	-0.035 	-0.115 	
-141.704 	-1785.338 	1336.403 	-0.015 	-0.322 	0.241 	
603.591 	-716.025 	2024.404 	0.108 	-0.125 	0.373 	
1994.699 	1597.500 	-2099.184 	0.370 	0.298 	-0.384 	
44.163 	-1171.852 	-455.379 	0.006 	-0.212 	-0.074 	
2364.576 	1639.325 	-64.950 	0.440 	0.295 	-0.014 	
-895.074 	1369.926 	-2436.173 	-0.154 	0.245 	-0.442 	
-75.033 	173.206 	-445.271 	-0.015 	0.023 	-0.084 	
-1846.535 	-454.679 	790.432 	-0.325 	-0.085 	0.146 	
1063.257 	-286.877 	10.140 	0.190 	-0.061 	0.000 	
-664.820 	-455.011 	1911.871 	-0.123 	-0.083 	0.336 	
-373.876 	114.445 	-2347.315 	-0.066 	0.026 	-0.426 	
1799.812 	743.339 	838.232 	0.317 	0.136 	0.148 	
-1914.941 	-1204.407 	-2597.957 	-0.344 	-0.217 	-0.481 	
2134.841 	-444.804 	514.082 	0.384 	-0.075 	0.096 	
1331.839 	-2163.740 	318.022 	0.239 	-0.395 	0.065 	
1107.089 	2051.040 	-1377.483 	0.210 	0.367 	-0.247 	
1748.271 	540.038 	-1479.957 	0.313 	0.104 	-0.265 	
78.307 	-2416.878 	2082.638 	0.020 	-0.446 	0.376 	
822.568 	-735.150 	719.150 	0.160 	-0.132 	0.128 	
74.723 	2291.080 	1047.549 	0.024 	0.416 	0.192 	
1868.320 	-1205.166 	-1431.263 	0.349 	-0.221 	-0.260 	
929.916 	2131.692 	-110.187 	0.174 	0.388 	-0.012 	
1123.546 	623.459 	-685.671 	0.195 	0.114 	-0.122 	
1886.665 	2120.149 	-525.506 	0.338 	0.378 	-0.095 	
1031.556 	1130.832 	-705.907 	0.199 	0.204 	-0.126 	
766.378 	-600.503 	-302.844 	0.149 	-0.115 	-0.056 	
674.463 	-492.404 	766.772 	0.124 	-0.089 	0.127 	
-615.180 	-1555.370 	-978.975 	-0.117 	-0.282 	-0.171 	
-2256.223 	-755.736 	1677.922 	-0.404 	-0.133 	0.303 	
-1925.490 	-1659.896 	-205.113 	-0.345 	-0.306 	-0.044 	
537.694 	1959.953 	1056.812 	0.095 	0.360 	0.191 	
-471.313 	-663.004 	905.079 	-0.093 	-0.119 	0.164 	
1282.167 	-2168.789 	288.793 	0.241 	-0.394 	0.056 	
-2190.333 	-908.108 	1396.058 	-0.422 	-0.164 	0.250 	
1643.061 	-2005.633 	-2118.816 	0.271 	-0.372 	-0.381 	
-2051.465 	-865.855 	-1798.018 	-0.404 	-0.151 	-0.327 	
-682.755 	-1986.022 	963.190 	-0.148 	-0.355 	0.183 	
1484.709 	1126.125 	-293.136 	0.233 	0.198 	-0.056 	
-1356.894 	-1902.205 	1145.435 	-0.284 	-0.347 	0.212 	
2509.247 	-1953.721 	-2012.563 	0.429 	-0.361 	-0.371 	
1763.875 	-1343.576 	1188.473 	0.289 	-0.245 	0.224 	
-741.311 	-1187.404 	-1991.193 	-0.173 	-0.210 	-0.360 	
989.463 	1152.766 	-1573.476 	0.146 	0.208 	-0.290 	
1762.307 	710.327 	238.548 	0.291 	0.133 	0.036 	
372.800 	79.929 	530.047 	0.024 	0.008 	0.095 	
-2193.943 	2016.559 	2173.480 	-0.436 	0.365 	0.391 	
857.613 	-1633.473 	845.678 	0.114 	-0.297 	0.154 	
840.841 	2445.877 	2196.405 	0.123 	0.447 	0.393 	
-111.642 	1880.190 	1382.604 	-0.045 	0.342 	0.245 	
1570.533 	-676.656 	899.883 	0.261 	-0.119 	0.167 	
548.018 	-2287.264 	2157.532 	0.060 	-0.415 	0.392 	
-266.521 	2148.916 	761.900 	-0.077 	0.389 	0.146 	
1229.651 	-2159.491 	1955.584 	0.195 	-0.396 	0.352 	
405.851 	593.434 	1085.115 	0.039 	0.107 	0.198 	
-905.793 	2201.403 	-2229.665 	-0.188 	0.398 	-0.404 	
620.291 	746.987 	46.300 	0.091 	0.137 	0.010 	
1672.685 	128.817 	-270.202 	0.265 	0.028 	-0.053 	
-2467.587 	860.742 	-1264.333 	-0.489 	0.157 	-0.229 	
250.856 	1685.219 	1027.645 	0.009 	0.310 	0.192 	
242.299 	-768.969 	8.402 	0.015 	-0.145 	0.005 	
-210.093 	-1695.470 	-305.047 	-0.072 	-0.311 	-0.050 	
-1564.712 	-408.436 	-498.528 	-0.323 	-0.073 	-0.092 	
-676.684 	1054.777 	-2218.023 	-0.147 	0.189 	-0.400 	
443.120 	810.724 	-385.367 	0.058 	0.144 	-0.064 	
-856.740 	2176.055 	671.445 	-0.180 	0.400 	0.127 	
-1500.801 	1564.016 	-2006.849 	-0.312 	0.283 	-0.370 	
81.309 	2017.866 	1656.711 	-0.019 	0.368 	0.295 	
685.340 	-2234.154 	1934.766 	0.092 	-0.401 	0.352 	
636.931 	-1855.594 	248.297 	0.089 	-0.331 	0.050 	
345.424 	-370.953 	-1752.925 	0.026 	-0.064 	-0.317 	
-1774.310 	629.018 	2037.196 	-0.359 	0.107 	0.375 	
-2374.354 	1400.246 	13.161 	-0.467 	0.244 	0.005 	
1969.749 	71.535 	-1392.123 	0.330 	0.013 	-0.245 	
-1051.511 	-890.282 	-1279.172 	-0.219 	-0.155 	-0.236 	
-1628.072 	-1178.512 	-702.132 	-0.318 	-0.205 	-0.128 	
1256.963 	-2080.283 	-1290.535 	0.190 	-0.376 	-0.235 	
-1633.225 	661.630 	-1415.055 	-0.325 	0.123 	-0.248 	
-921.934 	-378.899 	-593.702 	-0.206 	-0.062 	-0.111 	
1990.992 	2345.564 	-1234.544 	0.334 	0.434 	-0.219 	
927.836 	-1495.243 	-1303.585 	0.137 	-0.266 	-0.242 	
-1545.907 	1857.751 	-2029.322 	-0.312 	0.329 	-0.373 	
-621.182 	-1113.718 	-911.959 	-0.132 	-0.202 	-0.165 	
29.033 	-352.800 	657.117 	-0.035 	-0.067 	0.118 	
22.591 	35.800 	94.367 	-0.029 	0.009 	0.015 	
877.797 	2435.760 	-194.952 	0.138 	0.444 	-0.035 	
909.568 	-1417.620 	-690.106 	0.144 	-0.256 	-0.123 	
1459.619 	983.622 	796.046 	0.232 	0.179 	0.144 	
-1861.678 	-291.961 	1285.435 	-0.369 	-0.044 	0.228 	
-596.236 	1529.896 	1380.305 	-0.138 	0.285 	0.257 	
-1575.633 	983.170 	1712.011 	-0.327 	0.179 	0.308 	
-704.562 	-454.821 	-943.429 	-0.153 	-0.076 	-0.165 	
-1486.355 	-1059.841 	-829.615 	-0.293 	-0.199 	-0.151 	
-1518.402 	12.431 	217.866 	-0.305 	0.009 	0.035 	
-537.968 	-1951.035 	649.819 	-0.121 	-0.347 	0.122 	
631.657 	-273.753 	-67.412 	0.085 	-0.049 	-0.014 	
1243.626 	697.037 	1157.802 	0.204 	0.126 	0.202 	
-7.803 	-241.602 	-2037.337 	-0.040 	-0.040 	-0.366 	
-49.632 	-1082.937 	-954.794 	-0.036 	-0.189 	-0.174 	
1059.029 	-156.601 	1985.779 	0.163 	-0.030 	0.359 	
277.147 	-615.088 	390.096 	0.012 	-0.113 	0.078 	
275.299 	-1934.474 	2114.353 	0.023 	-0.346 	0.387 	
736.950 	415.997 	988.433 	0.103 	0.078 	0.178 	
173.364 	-1805.869 	-218.363 	-0.009 	-0.327 	-0.040 	
107.023 	-1793.025 	-951.104 	-0.019 	-0.321 	-0.174 	
-1951.492 	-1758.231 	-145.305 	-0.386 	-0.312 	-0.025 	
-1977.542 	-1394.635 	-624.881 	-0.399 	-0.253 	-0.112 	
1984.470 	-1952.389 	-518.336 	0.337 	-0.358 	-0.100 	
-454.249 	-905.692 	-1086.288 	-0.117 	-0.171 	-0.200 	
-502.494 	-334.316 	153.557 	-0.131 	-0.063 	0.029 	
-769.310 	1703.760 	-1196.321 	-0.167 	0.314 	-0.221 	
-970.057 	802.963 	715.510 	-0.211 	0.151 	0.125 	
-431.841 	644.863 	-1142.086 	-0.117 	0.121 	-0.206 	
-1811.516 	-1403.867 	938.341 	-0.353 	-0.250 	0.169 	
1066.674 	-1564.435 	-379.852 	0.169 	-0.282 	-0.064 	
1633.145 	441.213 	1670.577 	0.258 	0.083 	0.302 	
-1892.644 	1211.150 	1564.469 	-0.369 	0.219 	0.279 	
-950.072 	559.529 	657.850 	-0.213 	0.101 	0.118 	
-1186.391 	-1700.128 	2414.010 	-0.243 	-0.300 	0.440 	
-1286.210 	-1263.477 	172.847 	-0.265 	-0.233 	0.039 	
-1413.842 	221.717 	-1677.016 	-0.284 	0.039 	-0.306 	
1878.084 	21.187 	-1776.254 	0.319 	0.001 	-0.320 	
367.466 	792.719 	1988.131 	0.041 	0.148 	0.357 	
-1310.503 	1141.343 	1025.474 	-0.264 	0.203 	0.181 	
-727.679 	1166.272 	1545.643 	-0.153 	0.210 	0.280 	
-2025.395 	1751.547 	338.570 	-0.400 	0.328 	0.064 	
-582.405 	-778.345 	-945.070 	-0.132 	-0.149 	-0.163 	
-767.762 	-1753.945 	454.933 	-0.171 	-0.316 	0.091 	
2288.125 	1985.499 	-1486.027 	0.396 	0.364 	-0.271 	
149.496 	-1510.823 	-1459.998 	0.004 	-0.273 	-0.271 	
-1231.494 	-2018.368 	-1740.635 	-0.255 	-0.375 	-0.313 	
751.792 	2525.840 	-1003.042 	0.101 	0.463 	-0.188 	
595.411 	-1299.491 	1811.641 	0.071 	-0.239 	0.329 	
2412.120 	-202.555 	-1479.200 	0.415 	-0.040 	-0.270 	
703.507 	-323.137 	380.727 	0.090 	-0.059 	0.068 	
523.122 	2219.676 	-1190.938 	0.059 	0.405 	-0.218 	
-1515.185 	-892.816 	-883.313 	-0.303 	-0.153 	-0.158 	
-875.344 	2022.995 	-510.932 	-0.191 	0.356 	-0.089 	
-807.558 	-428.132 	-1855.441 	-0.173 	-0.077 	-0.335 	
1014.146 	-2148.343 	-980.982 	0.158 	-0.395 	-0.173 	
1466.237 	-574.925 	-30.750 	0.231 	-0.097 	0.000 	
2193.284 	29.016 	1337.822 	0.375 	0.005 	0.243 	
1177.795 	1666.508 	-2271.540 	0.193 	0.302 	-0.415 	
-1790.227 	669.983 	1466.234 	-0.346 	0.123 	0.263 	
-253.538 	0.954 	622.724 	-0.070 	0.002 	0.116 	
-725.191 	1771.349 	1531.649 	-0.166 	0.324 	0.279 	
2394.653 	1946.276 	-433.712 	0.407 	0.355 	-0.081 	
-2007.961 	253.769 	1500.315 	-0.397 	0.038 	0.269 	
-2325.347 	585.587 	-1674.133 	-0.447 	0.109 	-0.305 	
-1521.997 	-825.363 	-369.240 	-0.308 	-0.153 	-0.070 	
697.244 	706.284 	-992.834 	0.088 	0.128 	-0.185 	
1696.936 	2247.268 	-1459.808 	0.280 	0.415 	-0.271 	
-1558.313 	904.574 	-68.185 	-0.314 	0.157 	-0.016 	
348.135 	169.605 	450.229 	0.025 	0.026 	0.081 	
371.591 	-1777.262 	-908.384 	0.027 	-0.323 	-0.166 	
-1794.245 	-270.349 	-1127.925 	-0.363 	-0.049 	-0.199 	
2426.006 	1522.595 	-1438.115 	0.419 	0.281 	-0.264 	
1599.708 	361.793 	1235.930 	0.263 	0.071 	0.216 	
586.618 	1996.604 	418.370 	0.073 	0.355 	0.074 	
713.870 	-550.189 	-821.272 	0.093 	-0.103 	-0.142 	
1824.101 	1755.502 	-1535.502 	0.294 	0.321 	-0.279 	
2240.699 	539.281 	-667.047 	0.384 	0.099 	-0.120 	
-1391.434 	595.678 	-426.658 	-0.291 	0.100 	-0.072 	
-965.518 	-1941.458 	-571.591 	-0.204 	-0.343 	-0.106 	
1153.877 	2376.330 	-2237.535 	0.177 	0.436 	-0.406 	
2078.134 	844.960 	-572.547 	0.347 	0.159 	-0.103 	
-1600.464 	-1384.291 	-1352.583 	-0.325 	-0.252 	-0.239 	
-2138.133 	136.485 	1192.817 	-0.428 	0.027 	0.221 	
2298.437 	-1250.004 	1869.519 	0.395 	-0.226 	0.334 	
1753.159 	141.316 	971.915 	0.278 	0.027 	0.177 	
543.535 	1727.462 	1367.082 	0.071 	0.319 	0.249 	
-2123.184 	1909.946 	-1523.780 	-0.423 	0.345 	-0.284 	
-2035.078 	187.330 	2165.963 	-0.390 	0.034 	0.395 	
2134.826 	-1557.786 	-1001.437 	0.358 	-0.291 	-0.184 	
-995.693 	913.869 	944.883 	-0.222 	0.165 	0.174 	
1174.978 	1482.062 	595.563 	0.181 	0.267 	0.112 	
1716.234 	-292.203 	845.581 	0.286 	-0.056 	0.155 	
1554.615 	727.616 	795.983 	0.246 	0.124 	0.138 	
-1658.850 	-468.192 	2023.883 	-0.326 	-0.085 	0.373 	
2262.510 	-1759.256 	1075.993 	0.384 	-0.318 	0.198 	
-516.675 	1548.399 	-2096.094 	-0.132 	0.280 	-0.381 	
-1849.447 	-1843.264 	3015.029 	-0.414 	-0.367 	0.615 	
403.578 	1227.482 	55.138 	0.048 	0.221 	0.008 	
578.639 	19.477 	303.945 	0.079 	0.007 	0.061 	
892.009 	1744.927 	2146.043 	0.138 	0.324 	0.389 	
-1684.564 	269.583 	-159.797 	-0.340 	0.057 	-0.027 	
-2194.579 	670.307 	-2034.457 	-0.428 	0.124 	-0.365 	
876.981 	1115.137 	336.998 	0.136 	0.202 	0.061 	
-615.709 	-1579.046 	574.499 	-0.146 	-0.290 	0.102 	
1223.303 	-416.217 	-893.602 	0.201 	-0.078 	-0.160 	
-522.800 	-296.156 	1562.901 	-0.126 	-0.059 	0.277 	
-1826.260 	1649.968 	2200.392 	-0.359 	0.305 	0.407 	
1430.359 	-1136.141 	169.464 	0.232 	-0.204 	0.039 	
-1633.190 	-1046.636 	-566.741 	-0.334 	-0.187 	-0.103 	
205.086 	1734.554 	955.818 	0.003 	0.313 	0.173 	
-751.949 	-576.166 	-2088.044 	-0.157 	-0.105 	-0.376 	
-1469.237 	104.306 	-1755.301 	-0.306 	0.024 	-0.317 	
146.559 	1217.195 	144.305 	0.001 	0.225 	0.025 	
-1265.009 	-1103.470 	78.372 	-0.265 	-0.193 	0.022 	
-1900.788 	-2085.333 	2252.863 	-0.379 	-0.379 	0.417 	
557.268 	-12.273 	752.293 	0.074 	-0.004 	0.138 	
2260.149 	959.108 	-824.704 	0.376 	0.171 	-0.147 	
2317.126 	-1562.334 	1605.082 	0.395 	-0.287 	0.293 	
-2295.434 	-1166.391 	-19.777 	-0.446 	-0.205 	-0.006 	
-867.606 	353.288 	-1693.317 	-0.195 	0.065 	-0.300 	
112.709 	-161.914 	1056.655 	-0.017 	-0.025 	0.195 	
1726.215 	-729.406 	-388.210 	0.272 	-0.136 	-0.070 	
319.368 	-38.543 	-1423.391 	0.032 	-0.007 	-0.259 	
2451.012 	-1981.078 	-2549.053 	0.418 	-0.358 	-0.472 	
-168.655 	-1311.921 	-485.558 	-0.058 	-0.229 	-0.095 	
-1094.905 	1823.298 	1969.461 	-0.225 	0.330 	0.356 	
1589.642 	265.819 	-1735.857 	0.251 	0.048 	-0.316 	
-707.439 	1792.196 	1041.055 	-0.166 	0.325 	0.185 	
-1567.128 	-535.578 	-907.326 	-0.320 	-0.094 	-0.172 	
135.068 	61.496 	525.556 	-0.012 	0.008 	0.086 	
-771.193 	-997.656 	1283.995 	-0.175 	-0.177 	0.233 	
-124.887 	1282.364 	470.417 	-0.054 	0.223 	0.089 	
540.930 	-352.932 	-1367.026 	0.058 	-0.069 	-0.243 	
-829.996 	-741.673 	1756.725 	-0.180 	-0.125 	0.319 	
2231.249 	-740.673 	-2280.953 	0.377 	-0.141 	-0.413 	
2200.802 	-75.334 	-1921.833 	0.376 	-0.015 	-0.357 	
1089.173 	60.385 	2122.430 	0.158 	0.014 	0.384 	
-463.914 	-1237.163 	-976.840 	-0.113 	-0.222 	-0.167 	
831.038 	-2309.982 	2035.128 	0.121 	-0.410 	0.369 	
-1709.018 	-896.732 	2016.926 	-0.334 	-0.163 	0.363 	
-997.131 	-247.874 	-1857.907 	-0.212 	-0.041 	-0.334 	
-128.724 	1874.734 	138.343 	-0.061 	0.343 	0.031 	
880.683 	922.279 	-1933.995 	0.130 	0.164 	-0.350 	
1309.572 	1407.705 	-1862.574 	0.211 	0.261 	-0.339 	
-2281.952 	310.645 	1325.919 	-0.442 	0.058 	0.241 	
-1417.497 	-325.167 	1721.518 	-0.288 	-0.070 	0.310 	
-17.380 	1409.530 	1079.267 	-0.042 	0.255 	0.202 	
-238.682 	2183.550 	1990.979 	-0.065 	0.395 	0.362 	
-1418.445 	-707.706 	2100.388 	-0.295 	-0.130 	0.379 	
1316.829 	1242.658 	-638.504 	0.202 	0.224 	-0.112 	
-62.617 	-558.219 	653.469 	-0.051 	-0.095 	0.118 	
-1446.754 	2023.812 	-1863.849 	-0.294 	0.374 	-0.335 	
1977.721 	1646.899 	232.338 	0.338 	0.300 	0.043 	
1682.727 	1982.916 	713.905 	0.285 	0.359 	0.132 	
-1993.582 	-2041.660 	-1062.521 	-0.400 	-0.375 	-0.193 	
2143.532 	-1311.185 	1321.960 	0.351 	-0.245 	0.241 	
-670.920 	-350.042 	326.865 	-0.142 	-0.064 	0.057 	
-1736.277 	496.580 	915.558 	-0.354 	0.091 	0.163 	
-1978.643 	-747.221 	201.958 	-0.399 	-0.136 	0.038 	
2251.497 	1220.043 	1883.968 	0.382 	0.219 	0.336 	
2346.084 	-760.222 	-157.085 	0.395 	-0.138 	-0.033 	
572.732 	-1872.810 	-642.425 	0.083 	-0.338 	-0.116 	
-1203.990 	990.066 	-663.483 	-0.241 	0.176 	-0.123 	
-256.625 	-1766.378 	-1979.153 	-0.087 	-0.321 	-0.360 	
-2437.995 	-828.547 	1908.804 	-0.478 	-0.156 	0.340 	
-1685.133 	411.564 	1223.728 	-0.346 	0.075 	0.219 	
536.613 	-1707.086 	1018.037 	0.059 	-0.312 	0.189 	
-95.575 	-1208.199 	197.079 	-0.047 	-0.211 	0.039 	
-230.886 	-234.083 	-732.521 	-0.063 	-0.041 	-0.130 	
310.918 	-928.601 	551.181 	0.017 	-0.161 	0.099 	
-1533.891 	-1093.403 	76.297 	-0.306 	-0.200 	0.022 	
-2120.078 	953.244 	-348.114 	-0.427 	0.174 	-0.059 	
-1650.628 	-1619.491 	-1382.779 	-0.330 	-0.298 	-0.250 	
2299.630 	-2090.669 	583.808 	0.394 	-0.384 	0.107 	
-859.772 	2025.534 	675.956 	-0.190 	0.362 	0.130 	
-1617.015 	-657.201 	-88.920 	-0.316 	-0.128 	-0.014 	
2255.911 	-724.439 	2127.991 	0.380 	-0.135 	0.391 	
447.080 	263.834 	1562.066 	0.056 	0.043 	0.287 	
727.709 	-434.629 	-1542.151 	0.097 	-0.083 	-0.273 	
-476.154 	1085.869 	54.959 	-0.121 	0.198 	0.008 	
2500.958 	2160.709 	1288.897 	0.421 	0.396 	0.230 	
-1568.788 	-863.493 	2892.325 	-0.324 	-0.162 	0.539 	
-1766.805 	473.476 	-1452.492 	-0.344 	0.084 	-0.264 	
-966.834 	-252.155 	762.435 	-0.211 	-0.040 	0.137 	
2303.926 	-1039.687 	-1816.063 	0.382 	-0.188 	-0.328 	
-1251.526 	890.486 	235.111 	-0.256 	0.159 	0.041 	
-580.958 	1374.335 	120.816 	-0.139 	0.241 	0.022 	
574.013 	315.667 	1973.703 	0.078 	0.066 	0.355 	
-614.026 	-1089.042 	711.272 	-0.136 	-0.200 	0.130 	
-1194.176 	1272.590 	977.304 	-0.241 	0.225 	0.182 	
1007.538 	805.952 	601.651 	0.152 	0.143 	0.120 	
-229.366 	-129.068 	801.838 	-0.079 	-0.020 	0.149 	
2038.431 	-1410.906 	1614.427 	0.334 	-0.253 	0.298 	
634.150 	1920.894 	-88.655 	0.090 	0.350 	-0.012 	
-1187.464 	940.171 	1233.204 	-0.243 	0.176 	0.220 	
-2108.036 	-636.556 	-1847.315 	-0.410 	-0.110 	-0.336 	
2147.030 	1043.599 	1405.071 	0.356 	0.199 	0.252 	
1323.627 	-1496.550 	-766.383 	0.218 	-0.269 	-0.140 	
-933.956 	-179.322 	1370.185 	-0.202 	-0.028 	0.238 	
-86.844 	-969.850 	2185.348 	-0.051 	-0.182 	0.388 	
-267.989 	-1791.890 	1943.663 	-0.080 	-0.333 	0.340 	
-2103.158 	1472.245 	-1542.532 	-0.408 	0.262 	-0.284 	
1673.106 	-432.687 	-304.488 	0.281 	-0.081 	-0.052 	
783.138 	1016.411 	1106.609 	0.113 	0.193 	0.206 	
-515.048 	-811.810 	-1197.552 	-0.124 	-0.155 	-0.210 	
-816.120 	-451.718 	628.692 	-0.187 	-0.080 	0.115 	
-1649.098 	231.760 	332.223 	-0.319 	0.041 	0.062 	
1482.683 	-261.189 	-228.125 	0.235 	-0.051 	-0.040 	
1193.602 	-988.582 	1287.531 	0.196 	-0.177 	0.237 	
-500.318 	-975.374 	1476.555 	-0.130 	-0.181 	0.265 	
-2247.153 	8.795 	1625.235 	-0.440 	0.002 	0.294 	
-1219.675 	361.030 	512.221 	-0.261 	0.067 	0.093 	
2101.071 	-1509.066 	-53.356 	0.345 	-0.281 	-0.012 	
-352.052 	475.802 	-1185.137 	-0.098 	0.079 	-0.208 	
-642.964 	823.124 	2064.433 	-0.140 	0.144 	0.375 	
1696.028 	-1420.478 	-469.427 	0.279 	-0.257 	-0.082 	
2293.533 	-271.208 	-1063.732 	0.392 	-0.052 	-0.187 	
1990.352 	1897.522 	2448.874 	0.328 	0.343 	0.446 	
1762.850 	-2289.228 	-1191.749 	0.290 	-0.413 	-0.210 	
1949.311 	665.662 	703.007 	0.330 	0.119 	0.124 	
2419.441 	-1297.090 	743.085 	0.418 	-0.235 	0.136 	
327.957 	-1734.444 	1323.184 	0.031 	-0.306 	0.242 	
698.491 	216.838 	-1658.701 	0.105 	0.040 	-0.301 	
2113.778 	1486.888 	1077.258 	0.347 	0.272 	0.201 	
-614.859 	-436.400 	16.919 	-0.150 	-0.081 	0.006 	
-1504.856 	115.455 	-1587.595 	-0.307 	0.015 	-0.295 	
344.243 	1073.411 	765.231 	0.026 	0.197 	0.147 	
-1473.211 	93.809 	1570.707 	-0.298 	0.027 	0.284 	
-772.778 	-765.731 	2030.703 	-0.174 	-0.149 	0.364 	
-2173.376 	1094.805 	608.247 	-0.431 	0.202 	0.112 	
-2228.636 	1091.121 	1858.832 	-0.427 	0.196 	0.340 	
-711.148 	-316.601 	1621.867 	-0.161 	-0.052 	0.289 	
2301.881 	-1543.097 	-1831.098 	0.383 	-0.280 	-0.341 	
318.957 	-2240.547 	2256.812 	0.019 	-0.409 	0.409 	
-1126.601 	1186.354 	420.973 	-0.231 	0.215 	0.075 	
-2033.993 	812.665 	1693.862 	-0.391 	0.146 	0.310 	
-1578.267 	-19.601 	1325.184 	-0.306 	-0.001 	0.240 	
140.745 	1044.560 	1358.808 	-0.014 	0.183 	0.247 	
518.990 	-681.099 	-231.447 	0.071 	-0.123 	-0.040 	
554.793 	312.190 	329.339 	0.066 	0.047 	0.059 	
-655.230 	-1665.173 	786.505 	-0.142 	-0.308 	0.140 	
689.482 	-427.333 	709.389 	0.096 	-0.079 	0.122 	
1581.679 	608.118 	1237.403 	0.264 	0.113 	0.217 	
983.344 	236.529 	-1296.229 	0.143 	0.044 	-0.235 	
500.766 	123.857 	-684.197 	0.059 	0.025 	-0.126 	
-2328.688 	-1684.813 	2304.031 	-0.460 	-0.308 	0.425 	
-1433.161 	2078.875 	1341.496 	-0.293 	0.374 	0.249 	
-801.174 	-1955.720 	1631.618 	-0.173 	-0.352 	0.295 	
-371.885 	-470.261 	1539.115 	-0.099 	-0.093 	0.272 	
-587.846 	-405.087 	-523.247 	-0.147 	-0.076 	-0.099 	
2530.124 	815.476 	2257.506 	0.435 	0.151 	0.410 	
-519.344 	-1999.229 	-1981.012 	-0.116 	-0.362 	-0.361 	
1022.366 	2325.836 	-308.234 	0.156 	0.428 	-0.060 	
707.819 	2388.034 	-2231.382 	0.105 	0.437 	-0.402 	
-295.263 	1563.014 	888.695 	-0.082 	0.286 	0.163 	
-810.182 	1456.945 	-215.593 	-0.178 	0.262 	-0.047 	
347.427 	914.665 	-2533.345 	0.033 	0.162 	-0.469 	
-895.696 	285.174 	-660.717 	-0.186 	0.054 	-0.117 	
22.594 	182.075 	-1444.988 	-0.022 	0.033 	-0.267 	
1772.201 	1374.722 	-651.812 	0.301 	0.248 	-0.119 	
-2096.208 	1440.508 	-1442.669 	-0.414 	0.265 	-0.270 	
2137.782 	2079.621 	1294.926 	0.369 	0.377 	0.237 	
-1521.172 	1425.146 	1490.873 	-0.312 	0.256 	0.278 	
788.653 	772.152 	1637.920 	0.105 	0.133 	0.297 	
-2388.480 	1450.046 	-1285.045 	-0.470 	0.268 	-0.237 	
-1283.858 	2059.337 	-740.890 	-0.258 	0.372 	-0.128 	
-1337.005 	928.276 	689.605 	-0.266 	0.165 	0.132 	
-185.479 	-752.243 	1125.730 	-0.074 	-0.133 	0.192 	
30.403 	-912.853 	-1963.278 	-0.025 	-0.156 	-0.355 	
-2151.446 	-661.733 	-1108.592 	-0.413 	-0.122 	-0.206 	
1535.324 	242.249 	-329.847 	0.252 	0.046 	-0.049 	
1702.080 	-25.410 	-231.976 	0.275 	-0.009 	-0.032 	
-897.740 	-418.428 	1963.071 	-0.198 	-0.079 	0.352 	
2013.488 	-1357.245 	-1296.766 	0.338 	-0.241 	-0.241 	
798.997 	-266.241 	1101.893 	0.110 	-0.045 	0.199 	
2408.034 	-2108.476 	-1276.379 	0.414 	-0.378 	-0.238 	
765.905 	-1553.399 	227.241 	0.109 	-0.280 	0.035 	
-564.424 	-1983.836 	116.471 	-0.135 	-0.361 	0.021 	
671.687 	1915.097 	-272.707 	0.098 	0.338 	-0.049 	
1355.357 	-387.826 	-431.190 	0.213 	-0.062 	-0.075 	
-827.894 	-306.608 	94.891 	-0.176 	-0.061 	0.021 	
-262.300 	1445.569 	-361.828 	-0.087 	0.265 	-0.065 	
1339.964 	-1714.107 	-2211.151 	0.220 	-0.316 	-0.408 	
-1822.715 	1599.063 	566.761 	-0.366 	0.290 	0.113 	
-367.655 	-1006.099 	1495.909 	-0.104 	-0.178 	0.262 	
1024.128 	1265.394 	-68.043 	0.146 	0.230 	-0.015 	
1562.755 	2018.130 	-1806.513 	0.251 	0.371 	-0.326 	
-1965.237 	358.654 	35.689 	-0.389 	0.057 	0.011 	
1548.893 	1177.701 	351.203 	0.250 	0.208 	0.070 	
-2329.143 	2218.404 	2275.728 	-0.459 	0.398 	0.417 	
401.054 	379.254 	848.894 	0.048 	0.068 	0.147 	
1283.379 	-573.449 	-234.578 	0.198 	-0.108 	-0.038 	
2009.171 	1191.394 	1770.526 	0.328 	0.217 	0.320 	
-285.685 	-286.048 	-267.257 	-0.089 	-0.057 	-0.040 	
2060.668 	-1712.815 	-1707.971 	0.351 	-0.310 	-0.312 	
1681.183 	-57.723 	-858.523 	0.275 	-0.009 	-0.158 	
-1946.474 	-1946.424 	-303.663 	-0.385 	-0.353 	-0.046 	
-1727.522 	2014.403 	2061.365 	-0.348 	0.375 	0.370 	
1365.361 	-2432.067 	1528.689 	0.217 	-0.452 	0.277 	
1501.340 	-1526.641 	-255.743 	0.240 	-0.276 	-0.039 	
2396.228 	-2093.958 	2070.099 	0.414 	-0.380 	0.374 	
-927.089 	-403.200 	-874.273 	-0.197 	-0.070 	-0.155 	
2580.842 	2062.348 	1332.184 	0.449 	0.379 	0.238 	
1241.623 	1032.573 	-963.114 	0.185 	0.187 	-0.177 	
61.333 	1783.846 	-656.207 	-0.016 	0.328 	-0.115 	
-2413.336 	458.869 	-897.330 	-0.476 	0.083 	-0.157 	
-2707.786 	2047.935 	3381.610 	-0.522 	0.378 	0.616 	
862.497 	-435.957 	1830.949 	0.135 	-0.078 	0.329 	
-1116.971 	-487.535 	-642.860 	-0.242 	-0.086 	-0.113 	
-2179.694 	872.130 	1782.286 	-0.418 	0.160 	0.322 	
-1005.516 	1092.139 	-1230.953 	-0.212 	0.198 	-0.233 	
-21.487 	271.109 	-406.086 	-0.026 	0.044 	-0.074 	
-2004.407 	-313.395 	-1055.211 	-0.400 	-0.054 	-0.191 	
92.244 	-639.944 	-350.710 	-0.015 	-0.122 	-0.066 	
2398.971 	-271.492 	-155.432 	0.407 	-0.049 	-0.035 	
-426.309 	608.519 	398.249 	-0.115 	0.107 	0.082 	
1016.046 	-1737.330 	-209.948 	0.144 	-0.313 	-0.042 	
1582.472 	-2032.978 	-939.991 	0.260 	-0.366 	-0.178 	
-1200.206 	-1361.161 	911.822 	-0.241 	-0.249 	0.164 	
-427.271 	1377.491 	1769.088 	-0.109 	0.244 	0.319 	
1235.415 	2253.746 	1509.441 	0.194 	0.418 	0.274 	
-2430.400 	1155.479 	-264.526 	-0.473 	0.217 	-0.051 	
-197.073 	59.168 	-1574.855 	-0.069 	0.005 	-0.282 	
-1070.583 	787.690 	-2098.624 	-0.222 	0.136 	-0.376 	
-1990.336 	-622.996 	297.765 	-0.397 	-0.119 	0.054 	
1041.828 	822.546 	812.688 	0.160 	0.152 	0.139 	
526.285 	-463.078 	-1738.645 	0.058 	-0.088 	-0.313 	
447.298 	1649.823 	836.572 	0.053 	0.296 	0.150 	
98.195 	626.974 	1190.827 	-0.015 	0.120 	0.212 	
-939.886 	-1451.422 	1515.112 	-0.200 	-0.261 	0.278 	
27.208 	-276.432 	-784.759 	-0.030 	-0.051 	-0.137 	
-558.445 	2175.016 	1343.579 	-0.139 	0.387 	0.248 	
-1205.575 	507.285 	-160.176 	-0.245 	0.087 	-0.021 	
-1981.780 	-1218.087 	201.266 	-0.400 	-0.218 	0.036 	
1592.219 	-854.658 	-2344.486 	0.264 	-0.155 	-0.429 	
-1900.712 	2597.877 	-1136.692 	-0.381 	0.481 	-0.204 	
-889.885 	1026.405 	-2147.849 	-0.183 	0.188 	-0.390 	
1653.299 	-1027.642 	-361.285 	0.268 	-0.179 	-0.062 	
260.923 	450.930 	-390.388 	0.012 	0.086 	-0.071 	
-597.489 	1886.342 	-913.135 	-0.144 	0.342 	-0.165 	
-487.965 	257.795 	1532.873 	-0.123 	0.052 	0.273 	
-1674.455 	-1682.911 	2044.232 	-0.344 	-0.301 	0.371 	
1108.696 	1569.826 	1446.041 	0.175 	0.276 	0.262 	
302.402 	1442.497 	1910.920 	0.030 	0.260 	0.351 	
829.523 	1021.958 	-1241.390 	0.115 	0.176 	-0.225 	
1442.495 	1203.978 	-2048.153 	0.233 	0.218 	-0.377 	
205.908 	-880.215 	-1766.810 	0.005 	-0.168 	-0.320 	
-1674.552 	1164.634 	-796.447 	-0.343 	0.206 	-0.142 	
1145.491 	92.361 	-15.067 	0.180 	0.018 	0.001 	
-1838.451 	1850.342 	122.471 	-0.377 	0.332 	0.034 	
-873.708 	-1740.553 	-746.958 	-0.190 	-0.313 	-0.139 	
477.817 	-1123.769 	-1776.512 	0.046 	-0.206 	-0.323 	
-428.484 	-589.736 	1410.467 	-0.117 	-0.106 	0.257 	
-125.477 	-2098.994 	951.204 	-0.051 	-0.383 	0.178 	
1503.612 	1090.968 	-1559.393 	0.252 	0.196 	-0.283 	
220.077 	1292.400 	-1219.049 	0.010 	0.239 	-0.228 	
43.487 	1605.718 	-1363.832 	-0.030 	0.289 	-0.244 	
-1182.505 	1612.815 	-938.723 	-0.239 	0.295 	-0.170 	
-2346.423 	-869.072 	272.936 	-0.460 	-0.162 	0.056 	
-1423.556 	-662.775 	-1221.730 	-0.279 	-0.123 	-0.220 	
2537.985 	-1451.185 	2136.528 	0.432 	-0.263 	0.384 	
-2231.066 	1042.434 	-380.309 	-0.439 	0.194 	-0.067 	
-230.661 	-784.236 	1109.940 	-0.083 	-0.132 	0.211 	
-605.799 	-783.256 	-1611.249 	-0.134 	-0.143 	-0.284 	
-961.119 	-2140.644 	1980.813 	-0.208 	-0.387 	0.357 	
-211.492 	-789.219 	1132.608 	-0.075 	-0.145 	0.202 	
192.418 	-2108.287 	481.822 	0.009 	-0.387 	0.088 	
-663.499 	-313.816 	138.918 	-0.161 	-0.062 	0.027 	
-769.629 	-730.462 	-792.339 	-0.173 	-0.136 	-0.138 	
-558.748 	-926.159 	1200.820 	-0.093 	-0.137 	0.164 	
862.843 	-1917.107 	1188.402 	0.131 	-0.355 	0.214 	
-1317.389 	-385.001 	1200.527 	-0.261 	-0.075 	0.217 	
2157.775 	1119.169 	-1790.616 	0.372 	0.205 	-0.327 	
-315.688 	1211.957 	2107.648 	-0.090 	0.214 	0.377 	
762.945 	1789.214 	1420.604 	0.116 	0.322 	0.256 	
1432.705 	1529.345 	956.064 	0.238 	0.281 	0.175 	
1174.040 	-1303.666 	437.912 	0.183 	-0.229 	0.082 	
-877.554 	-368.417 	-1513.711 	-0.195 	-0.061 	-0.267 	
-1292.539 	1397.296 	810.329 	-0.257 	0.253 	0.152 	
283.668 	-825.317 	1379.986 	0.014 	-0.152 	0.251 	
735.812 	-1577.757 	1147.794 	0.102 	-0.295 	0.211 	
-653.526 	-1558.026 	143.535 	-0.155 	-0.271 	0.026 	
315.862 	-1378.880 	-276.064 	0.020 	-0.251 	-0.056 	
-135.496 	-1395.770 	-631.409 	-0.065 	-0.248 	-0.112 	
1881.863 	-322.743 	-1833.781 	0.312 	-0.058 	-0.331 	
979.230 	483.010 	2172.039 	0.138 	0.090 	0.396 	
-1591.755 	1033.779 	1409.553 	-0.318 	0.189 	0.261 	
2380.138 	-1287.826 	2154.772 	0.410 	-0.231 	0.399 	
-1500.778 	770.100 	345.149 	-0.297 	0.141 	0.058 	
179.897 	344.490 	1940.093 	0.002 	0.071 	0.348 	
-2362.585 	1055.824 	1465.267 	-0.461 	0.201 	0.266 	
-813.628 	-1457.268 	429.157 	-0.182 	-0.272 	0.078 	
1159.744 	-232.641 	-1229.931 	0.185 	-0.037 	-0.226 	
-798.355 	-2069.718 	2371.047 	-0.176 	-0.377 	0.440 	
-1833.991 	1850.497 	142.160 	-0.369 	0.339 	0.014 	
476.822 	-2206.985 	-2022.336 	0.055 	-0.396 	-0.365 	
-2360.135 	-573.720 	-2164.163 	-0.451 	-0.106 	-0.392 	
-1094.825 	4.572 	-1363.448 	-0.238 	-0.001 	-0.246 	
39.455 	125.610 	-209.444 	-0.019 	0.019 	-0.038 	
-2355.460 	-581.183 	2267.011 	-0.461 	-0.113 	0.415 	
-770.019 	-84.423 	-157.369 	-0.168 	-0.023 	-0.017 	
2118.817 	-1149.350 	1335.399 	0.357 	-0.215 	0.250 	
-2114.573 	-1689.217 	-1759.448 	-0.419 	-0.305 	-0.316 	
-2012.063 	612.432 	-18.742 	-0.385 	0.108 	-0.003 	
429.658 	724.900 	-2153.471 	0.053 	0.137 	-0.393 	
-1469.884 	548.196 	1017.761 	-0.290 	0.092 	0.188 	
2253.878 	-2132.145 	1549.183 	0.374 	-0.394 	0.283 	
-663.052 	1300.939 	-1499.239 	-0.143 	0.230 	-0.273 	
-2366.926 	188.589 	1233.359 	-0.460 	0.033 	0.227 	
971.254 	-1716.679 	1912.135 	0.142 	-0.311 	0.352 	
-2320.251 	1598.288 	-210.757 	-0.452 	0.290 	-0.043 	
-2183.131 	959.299 	761.370 	-0.420 	0.170 	0.146 	
389.594 	-1644.249 	448.638 	0.048 	-0.303 	0.081 	
-803.717 	-1680.883 	1030.656 	-0.175 	-0.312 	0.192 	
512.711 	-1218.395 	-2027.655 	0.071 	-0.226 	-0.364 	
-1858.979 	-1142.399 	1011.858 	-0.365 	-0.202 	0.183 	
-2310.908 	-884.066 	-1129.109 	-0.457 	-0.163 	-0.209 	
1302.462 	-2079.143 	-1958.225 	0.210 	-0.386 	-0.353 	
-2097.965 	-1421.742 	-1671.271 	-0.413 	-0.260 	-0.312 	
576.603 	-672.369 	-153.731 	0.073 	-0.120 	-0.026 	
1138.393 	2029.534 	1037.793 	0.173 	0.370 	0.184 	
1891.972 	526.478 	1243.199 	0.307 	0.094 	0.230 	
1013.165 	-1175.274 	-1390.213 	0.158 	-0.221 	-0.246 	
2383.412 	-2060.932 	1767.156 	0.399 	-0.375 	0.327 	
-2145.664 	-1015.465 	-384.660 	-0.424 	-0.184 	-0.072 	
-1263.959 	2099.184 	1003.362 	-0.267 	0.379 	0.189 	
-680.116 	1316.245 	1898.692 	-0.157 	0.231 	0.349 	
1318.082 	365.404 	1694.439 	0.210 	0.068 	0.308 	
-320.593 	-1782.923 	1900.970 	-0.093 	-0.317 	0.343 	
-1752.418 	1192.026 	832.105 	-0.345 	0.222 	0.149 	
1451.723 	1796.488 	162.769 	0.236 	0.330 	0.033 	
-1205.238 	-878.632 	-897.359 	-0.242 	-0.165 	-0.163 	
-231.956 	-1446.959 	1861.397 	-0.075 	-0.271 	0.333 	
1776.362 	294.673 	291.846 	0.290 	0.049 	0.062 	
-2165.568 	-2224.649 	1425.464 	-0.418 	-0.409 	0.257 	
-797.430 	-751.675 	-602.681 	-0.168 	-0.127 	-0.112 	
1695.438 	-1728.252 	480.091 	0.278 	-0.309 	0.093 	
-248.276 	1154.954 	610.293 	-0.081 	0.201 	0.108 	
-488.558 	-941.023 	-224.513 	-0.124 	-0.163 	-0.044 	
1152.511 	120.006 	-1227.294 	0.176 	0.023 	-0.215 	
-1872.997 	1950.529 	1364.196 	-0.377 	0.358 	0.240 	
2240.840 	-1902.470 	252.224 	0.382 	-0.348 	0.052 	
1933.806 	-78.123 	1464.139 	0.327 	-0.015 	0.268 	
535.951 	1907.811 	-25.175 	0.061 	0.353 	-0.007 	
357.133 	535.406 	1226.041 	0.043 	0.091 	0.217 	
-2377.141 	1519.700 	1981.124 	-0.469 	0.272 	0.361 	
-1776.371 	-601.391 	812.912 	-0.345 	-0.115 	0.149 	
1969.696 	380.867 	-509.126 	0.319 	0.067 	-0.095 	
-1245.382 	-415.999 	-1797.054 	-0.247 	-0.075 	-0.323 	
