## Las primeras 500 lineas corresponden a la esfera 1 
##las siguienets 500 lineas a la esfera 2
## Las primeras tres columnas corresponden a la posición en 'x', 'y' y 'z', las siguientes tres a las velocidades
-119.702 	-155.248 	28.616 	-0.039 	-0.058 	0.032 	
36.809 	-57.623 	33.356 	0.026 	0.090 	-0.063 	
49.543 	-64.056 	53.462 	-0.041 	0.108 	-0.027 	
-1753.812 	2096.293 	-335.805 	-0.336 	0.400 	-0.072 	
52.225 	-86.972 	22.605 	0.193 	-0.128 	0.047 	
49.491 	-57.383 	28.203 	0.170 	0.039 	-0.009 	
36.897 	-78.265 	67.399 	-0.041 	0.083 	-0.124 	
-13.776 	-85.333 	47.273 	0.112 	-0.057 	0.131 	
105.419 	-48.273 	36.773 	-0.072 	0.025 	0.061 	
-45.713 	-45.641 	22.183 	0.067 	0.083 	0.045 	
-351.395 	1889.603 	-1016.474 	-0.072 	0.379 	-0.203 	
33.426 	-38.509 	70.746 	-0.029 	0.031 	-0.020 	
1339.160 	-1777.872 	1261.085 	0.266 	-0.350 	0.250 	
26.946 	-91.392 	49.639 	-0.071 	0.177 	0.020 	
12.288 	-45.345 	64.987 	0.176 	-0.141 	-0.002 	
144.723 	10.526 	-22.462 	0.021 	-0.001 	-0.014 	
10.480 	-16.008 	-1.376 	0.155 	-0.019 	0.084 	
-31.833 	40.975 	141.971 	-0.118 	0.078 	-0.048 	
31.654 	-45.325 	49.816 	-0.051 	0.031 	0.110 	
69.565 	-87.150 	21.451 	0.070 	-0.162 	-0.059 	
87.318 	17.220 	12.103 	0.056 	-0.143 	-0.056 	
28.137 	41.976 	98.989 	0.126 	-0.057 	-0.044 	
28.342 	-2.275 	12.376 	-0.058 	0.018 	-0.020 	
92.513 	-102.036 	108.146 	0.135 	-0.018 	0.017 	
-18.305 	-53.742 	66.909 	-0.133 	-0.053 	0.029 	
-77.049 	-107.096 	98.819 	-0.134 	-0.080 	0.071 	
0.732 	-71.598 	47.723 	-0.006 	0.055 	0.035 	
34.542 	-84.414 	42.947 	-0.182 	-0.048 	-0.030 	
-207.683 	-52.630 	14.148 	-0.019 	-0.010 	0.086 	
128.963 	-1.872 	45.277 	0.020 	0.034 	-0.120 	
-190.402 	116.572 	34.984 	-0.023 	-0.035 	0.019 	
52.724 	-51.898 	-9.107 	0.023 	0.018 	-0.026 	
74.351 	3.997 	33.386 	-0.040 	0.099 	0.058 	
0.607 	-34.132 	40.970 	-0.027 	0.013 	0.111 	
52.606 	-93.987 	35.358 	-0.139 	0.059 	-0.052 	
86.886 	-67.847 	36.342 	0.059 	-0.102 	-0.002 	
-12.053 	-210.669 	171.172 	-0.060 	0.015 	-0.052 	
-8.440 	-66.774 	61.888 	0.224 	0.035 	-0.006 	
-184.509 	-67.030 	105.839 	0.043 	0.001 	-0.017 	
27.806 	-48.430 	41.771 	0.023 	-0.097 	0.057 	
48.347 	-70.239 	62.593 	0.048 	-0.096 	0.049 	
51.583 	-33.982 	27.527 	0.013 	0.043 	-0.051 	
-60.308 	-99.825 	38.735 	-0.053 	-0.063 	0.045 	
61.768 	-16.544 	64.676 	0.155 	0.045 	0.156 	
58.148 	-36.582 	24.856 	-0.097 	0.238 	-0.012 	
58.402 	-57.510 	-4.013 	-0.069 	-0.002 	-0.067 	
-84.061 	-103.059 	79.345 	0.116 	0.032 	0.053 	
36.041 	-44.047 	59.088 	0.120 	-0.033 	-0.053 	
103.455 	-82.472 	53.706 	0.008 	0.188 	0.063 	
42.088 	-55.603 	75.763 	0.031 	0.024 	-0.058 	
170.412 	180.613 	209.203 	-0.023 	-0.003 	-0.006 	
113.019 	0.897 	65.855 	0.010 	0.027 	0.102 	
64.174 	-90.575 	75.321 	-0.118 	0.016 	0.004 	
37.294 	-101.610 	10.212 	-0.117 	-0.044 	0.008 	
31.965 	-71.778 	58.432 	-0.002 	-0.036 	-0.073 	
57.501 	-95.187 	114.059 	0.069 	-0.037 	0.091 	
71.431 	-160.637 	-1.012 	0.052 	0.037 	0.074 	
-69.286 	-135.168 	60.634 	0.018 	0.087 	0.032 	
165.170 	-239.829 	-5.773 	0.004 	-0.016 	-0.012 	
50.602 	-33.970 	95.934 	-0.088 	-0.024 	0.035 	
-82.677 	-48.530 	9.311 	-0.045 	0.006 	-0.008 	
23.298 	-22.427 	93.202 	-0.171 	0.008 	-0.023 	
-113.014 	-157.524 	-3.354 	-0.096 	-0.077 	-0.012 	
69.491 	-115.363 	44.091 	0.053 	-0.143 	-0.009 	
39.078 	-3.986 	43.626 	0.076 	0.247 	0.032 	
20.786 	-10.741 	70.143 	0.035 	0.019 	-0.066 	
-865.494 	-1511.137 	-1229.342 	-0.179 	-0.289 	-0.237 	
46.748 	-183.174 	160.429 	-0.026 	-0.066 	0.067 	
18.770 	-55.748 	63.967 	-0.113 	0.016 	0.076 	
-18.028 	-57.623 	-49.466 	-0.005 	0.057 	0.048 	
-24.602 	-79.467 	89.871 	-0.078 	0.010 	-0.013 	
23.591 	-60.278 	36.838 	0.102 	0.018 	0.078 	
124.395 	-178.929 	-69.569 	-0.010 	0.030 	-0.006 	
72.614 	-67.131 	54.387 	-0.016 	-0.100 	0.133 	
28.637 	-53.385 	42.097 	0.030 	-0.092 	-0.007 	
-28.153 	-86.426 	-70.758 	0.080 	-0.040 	-0.096 	
-54.285 	-39.608 	88.450 	0.110 	-0.113 	-0.065 	
718.885 	1083.789 	1906.670 	0.135 	0.198 	0.351 	
31.949 	-111.723 	53.324 	0.073 	0.068 	-0.054 	
34.575 	-48.897 	25.849 	0.003 	-0.065 	-0.076 	
-90.304 	-42.914 	150.329 	-0.032 	-0.028 	0.084 	
-98.519 	-118.925 	43.520 	0.042 	0.030 	0.058 	
-19.656 	40.158 	129.286 	0.073 	-0.066 	-0.019 	
-88.366 	-364.157 	565.636 	-0.001 	-0.028 	0.062 	
115.035 	-76.619 	46.107 	-0.055 	0.107 	-0.069 	
270.520 	-47.847 	92.942 	0.001 	-0.002 	-0.033 	
45.595 	-41.690 	101.467 	0.087 	-0.034 	0.194 	
-43.468 	-93.640 	12.282 	0.088 	-0.008 	0.034 	
60.091 	-68.387 	53.372 	0.065 	0.005 	-0.071 	
83.999 	-66.461 	61.906 	-0.036 	0.091 	0.145 	
83.365 	-81.931 	121.591 	-0.085 	0.002 	0.057 	
-81.694 	-54.588 	-122.995 	-0.082 	0.020 	0.051 	
95.680 	-24.841 	85.841 	0.049 	0.017 	-0.041 	
-99.527 	-14.404 	-56.006 	-0.049 	-0.124 	0.041 	
-20.870 	-50.745 	95.138 	-0.002 	0.087 	-0.070 	
97.688 	-238.246 	6.186 	-0.027 	-0.038 	-0.017 	
7.094 	-49.671 	61.732 	-0.086 	0.014 	0.044 	
3150.215 	-3389.023 	-6.875 	0.612 	-0.667 	0.004 	
4567.684 	-4197.727 	-8729.754 	0.871 	-0.795 	-1.651 	
19.733 	-17.887 	66.981 	0.113 	-0.228 	-0.021 	
57.748 	-61.813 	27.803 	-0.064 	0.110 	-0.093 	
-56.245 	-93.547 	-50.558 	0.015 	-0.042 	0.002 	
22.706 	-60.683 	15.881 	0.053 	0.110 	0.089 	
49.051 	-71.548 	58.803 	-0.127 	-0.036 	0.092 	
4041.131 	-2839.549 	2426.211 	0.754 	-0.523 	0.450 	
-3906.378 	5152.284 	9285.687 	-0.730 	0.971 	1.752 	
2490.671 	-67.253 	205.925 	0.616 	-0.008 	0.048 	
-945.850 	808.888 	343.428 	-0.689 	0.598 	0.251 	
39.671 	-79.292 	32.158 	-0.019 	-0.009 	0.139 	
551.656 	-114.762 	243.562 	0.051 	0.031 	0.029 	
28.706 	-51.556 	45.644 	0.032 	-0.107 	0.064 	
106.583 	-20.612 	36.987 	0.060 	-0.007 	0.089 	
-1496.700 	-496.825 	115.428 	-0.438 	-0.104 	0.022 	
253.038 	51.970 	-70.533 	0.011 	0.039 	-0.007 	
104.598 	-7.097 	24.831 	0.005 	0.110 	-0.027 	
33.050 	-46.320 	52.886 	-0.086 	-0.104 	0.083 	
73.840 	8.880 	83.616 	0.017 	0.090 	-0.069 	
224.804 	-350.332 	30.090 	0.050 	0.032 	-0.020 	
-18.129 	-120.349 	77.951 	0.092 	0.037 	0.153 	
-64.698 	-50.623 	82.971 	0.106 	-0.040 	0.018 	
-144.254 	-118.328 	-136.059 	-0.065 	0.006 	0.057 	
-46.441 	-162.531 	79.765 	0.069 	0.055 	0.072 	
64.963 	-60.411 	109.756 	-0.060 	-0.073 	-0.104 	
18.617 	-15.690 	67.560 	-0.015 	0.144 	0.092 	
406.407 	75.684 	76.018 	0.021 	-0.022 	-0.005 	
-32.957 	-22.407 	69.094 	-0.107 	-0.074 	0.015 	
28.865 	-53.855 	44.810 	-0.014 	0.037 	0.014 	
-73.826 	-26.107 	95.997 	0.013 	-0.047 	-0.015 	
102.559 	-70.384 	32.882 	-0.057 	0.004 	-0.097 	
109.737 	-33.929 	52.039 	0.136 	-0.119 	-0.045 	
59.962 	-44.767 	51.593 	-0.049 	-0.194 	0.054 	
68.461 	-39.600 	40.069 	0.154 	-0.043 	0.114 	
-12.343 	-60.399 	53.679 	0.120 	-0.024 	-0.169 	
201.895 	322.916 	-127.076 	0.305 	0.659 	-0.274 	
51.804 	-48.018 	34.805 	0.017 	-0.090 	-0.013 	
53.113 	-83.277 	139.371 	-0.030 	-0.074 	0.094 	
68.199 	-64.254 	62.870 	0.007 	-0.087 	-0.028 	
-177.519 	-254.610 	121.065 	-0.062 	-0.133 	0.015 	
-23377.568 	-6917.776 	-13891.437 	-5.694 	-1.675 	-3.368 	
-3061.995 	2609.799 	-1565.798 	-0.556 	0.480 	-0.285 	
41.700 	1.248 	-26.520 	0.032 	0.003 	0.031 	
-1222.724 	-239.438 	776.897 	-0.290 	-0.060 	0.174 	
853.839 	80.014 	-139.682 	0.194 	0.017 	-0.064 	
-24.775 	-112.059 	37.734 	0.090 	0.006 	0.150 	
-31.803 	195.897 	-46.891 	-0.672 	1.965 	-0.681 	
101.575 	-7.150 	47.064 	0.059 	-0.101 	0.091 	
-76.751 	-15.748 	95.295 	0.012 	-0.128 	0.061 	
-128.654 	-46.017 	101.628 	-0.039 	0.037 	0.047 	
-25.178 	-13.248 	79.318 	-0.108 	-0.100 	-0.137 	
70.706 	-265.415 	118.033 	0.195 	-1.947 	0.718 	
38.963 	-32.961 	11.316 	-0.001 	0.072 	0.175 	
-78.216 	-118.104 	-16.410 	-0.054 	-0.073 	-0.016 	
52.274 	-36.209 	60.028 	0.003 	-0.085 	0.178 	
48.551 	-71.164 	49.261 	-0.081 	-0.122 	-0.095 	
46.731 	-72.035 	40.310 	-0.116 	-0.172 	0.047 	
-72.145 	-95.203 	4.486 	0.083 	-0.051 	0.003 	
8.787 	-39.633 	57.945 	-0.169 	0.046 	0.053 	
46.917 	-30.950 	37.047 	0.056 	0.043 	-0.020 	
577.446 	380.354 	-556.854 	0.105 	0.095 	-0.120 	
88.774 	-66.040 	19.750 	0.115 	0.090 	-0.005 	
-33.749 	-77.365 	-1.944 	0.047 	0.139 	0.059 	
-144.170 	-84.100 	138.315 	-0.088 	0.046 	-0.052 	
-159.158 	144.793 	237.736 	-0.048 	-0.006 	0.028 	
64.858 	-75.666 	35.883 	-0.074 	0.033 	-0.069 	
-78.792 	-51.510 	109.632 	0.001 	-0.122 	0.051 	
-46.551 	-44.700 	-25.617 	0.086 	-0.002 	0.042 	
72.229 	-30.397 	61.966 	0.020 	-0.137 	-0.095 	
125.414 	-5.776 	-1.444 	0.081 	-0.026 	0.032 	
-85.007 	-56.067 	50.274 	0.015 	0.100 	-0.037 	
88.995 	14.384 	31.247 	-0.037 	0.022 	-0.007 	
88.977 	12.973 	66.900 	-0.146 	-0.155 	0.052 	
847.357 	-14922.886 	-8635.607 	0.817 	-15.883 	-9.238 	
-13.217 	-73.904 	52.088 	0.146 	0.115 	-0.074 	
3.861 	-43.883 	-7.817 	0.098 	-0.117 	-0.026 	
73.241 	-69.434 	-4.527 	0.020 	-0.073 	0.037 	
209.186 	-47.344 	12.302 	-0.044 	-0.065 	-0.035 	
49.858 	-43.392 	30.248 	0.049 	0.018 	-0.094 	
64.962 	19.767 	97.109 	0.062 	0.116 	-0.026 	
216.316 	-2.162 	-255.860 	-0.010 	-0.028 	0.015 	
146.691 	-123.616 	-7.510 	-0.008 	-0.048 	-0.012 	
-27.098 	-44.245 	93.948 	0.136 	-0.052 	-0.109 	
-61.231 	-53.850 	130.360 	0.059 	-0.018 	-0.082 	
35.491 	-43.766 	35.968 	-0.051 	0.094 	0.071 	
-101.959 	-126.377 	90.219 	-0.070 	0.043 	-0.059 	
-48.752 	-43.545 	31.908 	0.082 	-0.000 	-0.193 	
28.909 	-36.203 	62.480 	-0.092 	-0.055 	0.035 	
124.565 	-29.556 	3.130 	-0.050 	-0.175 	-0.126 	
-515.456 	353.092 	770.045 	-0.205 	0.103 	0.213 	
-10.793 	-91.769 	37.205 	0.176 	-0.113 	0.076 	
279.414 	10.881 	15.929 	-0.053 	-0.041 	-0.042 	
97.774 	-13.067 	79.201 	0.139 	0.056 	-0.124 	
21.292 	-52.547 	46.617 	0.061 	0.088 	0.026 	
-133.346 	-330.573 	165.673 	-0.317 	-0.543 	0.268 	
-76.173 	-115.305 	65.246 	-0.010 	-0.073 	0.012 	
-162.271 	-84.712 	17.601 	-0.050 	-0.027 	-0.005 	
-21.267 	-57.686 	57.747 	-0.038 	-0.041 	0.003 	
3767.209 	433.980 	747.195 	0.887 	0.117 	0.177 	
43.997 	-36.788 	32.543 	0.065 	-0.119 	-0.122 	
93.066 	-102.761 	7.733 	0.094 	0.012 	0.008 	
50.767 	-42.701 	92.051 	-0.103 	-0.016 	0.100 	
89.820 	-56.185 	20.592 	-0.070 	0.058 	-0.108 	
-45.545 	-94.187 	59.005 	0.180 	-0.166 	-0.103 	
87.566 	-29.296 	46.896 	0.000 	-0.153 	-0.161 	
23.499 	-74.464 	49.191 	-0.133 	-0.035 	0.096 	
186.556 	-291.270 	591.274 	0.010 	-0.054 	0.101 	
-86.470 	-48.142 	-8.352 	-0.138 	0.040 	0.011 	
54.628 	-45.558 	-41.210 	-0.004 	-0.077 	-0.136 	
874.555 	-949.959 	-291.734 	0.393 	-0.403 	-0.133 	
-22.135 	-46.424 	20.343 	-0.051 	-0.103 	0.055 	
97.083 	10.954 	69.085 	-0.017 	0.042 	0.050 	
80.439 	-79.849 	126.244 	0.038 	0.022 	0.072 	
597.031 	-247.162 	118.747 	0.053 	-0.029 	-0.003 	
119.388 	-62.606 	40.944 	-0.035 	-0.043 	0.053 	
90.240 	0.551 	-0.708 	-0.072 	0.001 	0.028 	
-34.224 	-56.550 	-59.253 	0.034 	-0.074 	0.066 	
324.771 	-81.728 	-8.445 	-0.028 	0.008 	0.035 	
-104.167 	15.189 	75.604 	-0.097 	-0.015 	-0.096 	
68.979 	12.230 	86.450 	-0.146 	-0.154 	-0.038 	
21.603 	-121.665 	22.729 	-0.052 	-0.159 	0.091 	
35.746 	-52.114 	36.456 	-0.154 	0.024 	-0.112 	
-66.647 	-149.045 	39.315 	-0.039 	0.055 	0.047 	
120.637 	-32.625 	-25.030 	0.026 	-0.087 	0.013 	
183.080 	-22.379 	-8.371 	-0.144 	-0.033 	-0.008 	
-29.813 	-61.181 	87.694 	0.128 	0.077 	-0.040 	
70.513 	-33.250 	-18.313 	0.063 	0.010 	-0.118 	
-14.230 	-108.045 	16.731 	0.082 	0.038 	-0.006 	
30.625 	-74.105 	34.121 	-0.043 	-0.126 	-0.079 	
-28.938 	-34.510 	23.549 	-0.023 	0.008 	-0.127 	
46.330 	-47.890 	43.712 	-0.169 	-0.018 	-0.070 	
-72.181 	-57.511 	8.676 	0.022 	0.063 	0.068 	
-77.239 	-8.882 	30.623 	0.017 	-0.005 	0.083 	
42.064 	-69.383 	38.902 	-0.153 	0.005 	-0.004 	
92.671 	-45.161 	66.945 	0.168 	0.046 	0.116 	
-79.081 	-111.938 	84.628 	0.073 	-0.082 	-0.003 	
-75.561 	46.551 	44.996 	-0.080 	-0.076 	0.030 	
353.940 	-478.566 	-313.992 	0.038 	-0.122 	-0.082 	
32.078 	-36.667 	58.130 	-0.213 	-0.129 	0.075 	
70.925 	13.497 	101.462 	-0.017 	-0.006 	-0.023 	
-139.432 	-147.933 	-18.013 	0.061 	-0.015 	-0.030 	
-102.397 	-21.975 	-13.330 	-0.085 	0.102 	-0.081 	
-76.813 	-19.955 	94.450 	-0.129 	-0.106 	0.061 	
32.708 	-66.694 	45.738 	-0.052 	0.060 	0.115 	
114.498 	4.066 	58.989 	0.043 	-0.113 	0.153 	
152.274 	-87.720 	43.428 	-0.109 	-0.169 	-0.064 	
5199.765 	6015.111 	2259.073 	3.031 	3.585 	1.316 	
502.968 	-109.941 	-68.967 	0.166 	-0.036 	-0.032 	
101.413 	11.123 	2.889 	-0.054 	-0.003 	0.032 	
38.950 	-31.813 	20.814 	-0.114 	0.093 	0.102 	
-18.363 	-202.665 	60.753 	0.016 	0.008 	0.074 	
-10.712 	-43.488 	79.426 	0.174 	-0.013 	0.042 	
1717.304 	1079.839 	384.371 	0.330 	0.215 	0.073 	
-89.536 	-46.300 	80.555 	-0.075 	-0.130 	0.045 	
98.180 	-76.090 	39.453 	0.044 	-0.064 	0.089 	
232.700 	-19.075 	107.411 	-0.016 	0.010 	-0.123 	
89.666 	-86.652 	62.763 	0.041 	0.068 	0.095 	
-27.253 	-7.604 	35.389 	0.066 	-0.019 	0.068 	
36.516 	-98.717 	128.982 	-0.110 	-0.039 	0.083 	
-50.984 	-42.384 	-32.638 	0.102 	0.044 	-0.112 	
1811.304 	1051.447 	-1127.636 	0.346 	0.210 	-0.211 	
53.284 	-47.418 	48.105 	-0.099 	0.182 	0.093 	
-772.113 	14717.071 	8612.272 	-0.911 	15.733 	9.160 	
9.799 	5.604 	23.438 	0.025 	0.122 	-0.128 	
-49.538 	-110.392 	-28.403 	-0.104 	-0.016 	-0.099 	
43.078 	-75.870 	22.728 	0.034 	0.024 	-0.021 	
-136.573 	-154.335 	-5.578 	0.026 	0.036 	-0.074 	
65.042 	-116.442 	30.723 	-0.017 	-0.094 	-0.160 	
45.851 	-58.294 	169.153 	-0.057 	-0.065 	-0.091 	
-3090.287 	-337.162 	-118.999 	-0.714 	-0.066 	-0.025 	
-82.744 	-76.860 	132.689 	-0.061 	0.031 	0.158 	
-5.171 	-11.759 	-59.798 	-0.029 	0.043 	-0.048 	
33.986 	-55.144 	58.415 	-0.116 	0.161 	-0.036 	
29.301 	-23.314 	-15.648 	-0.008 	0.005 	-0.011 	
62.804 	-17.929 	18.302 	-0.033 	-0.085 	0.049 	
19.981 	-74.242 	21.836 	0.056 	-0.113 	-0.081 	
28.671 	-26.478 	12.219 	-0.029 	0.170 	0.004 	
78.591 	-34.719 	75.296 	-0.194 	-0.104 	-0.001 	
122.735 	-41.287 	62.825 	-0.104 	-0.021 	-0.005 	
1781.504 	-332.059 	62.196 	0.407 	-0.081 	0.006 	
77.304 	-105.730 	-38.667 	-0.088 	0.102 	0.068 	
23.063 	-32.250 	69.236 	0.100 	0.045 	0.057 	
-1.422 	-70.859 	-30.150 	-0.067 	0.068 	0.095 	
36.736 	-107.527 	63.929 	0.170 	0.022 	-0.042 	
-1005.759 	-518.358 	-2229.149 	-0.189 	-0.102 	-0.421 	
132.846 	-31.746 	36.284 	0.025 	-0.011 	-0.124 	
131.767 	-67.161 	64.656 	-0.174 	0.035 	0.147 	
-2.784 	-62.154 	48.706 	0.106 	0.029 	-0.013 	
-1.414 	-44.516 	77.871 	0.040 	-0.248 	0.053 	
53.197 	-104.722 	61.669 	0.009 	0.003 	-0.019 	
72.427 	-85.362 	-4.671 	0.007 	-0.006 	0.042 	
-13.236 	-37.898 	195.228 	-0.103 	0.013 	0.055 	
25.276 	-58.454 	-10.095 	0.000 	0.041 	0.158 	
38.218 	-89.444 	20.923 	0.020 	0.024 	0.037 	
-7.955 	-17.745 	62.384 	0.191 	-0.010 	-0.034 	
68.201 	-17.598 	71.819 	-0.051 	0.003 	-0.022 	
23.516 	-60.594 	35.836 	0.092 	-0.023 	-0.049 	
72.786 	-25.057 	34.724 	-0.069 	-0.136 	-0.047 	
357.835 	-319.090 	32.953 	-0.025 	-0.053 	-0.000 	
-98.188 	-66.213 	56.170 	-0.128 	-0.039 	0.066 	
59.453 	-46.598 	38.159 	0.066 	-0.082 	0.070 	
5.649 	-69.172 	72.046 	-0.011 	0.013 	0.095 	
89.810 	-10.872 	52.404 	-0.078 	0.069 	0.060 	
40.451 	-49.796 	-11.476 	-0.030 	0.027 	0.005 	
0.912 	-51.502 	50.328 	-0.070 	-0.062 	0.096 	
31.969 	4.450 	34.753 	-0.036 	-0.060 	-0.078 	
-5.278 	-54.338 	75.538 	0.064 	0.035 	-0.205 	
5.998 	-41.894 	9.350 	0.124 	0.109 	-0.059 	
-187.333 	-45.498 	28.604 	-0.091 	0.070 	0.027 	
53.315 	-71.358 	-25.140 	0.010 	-0.141 	0.011 	
-26.545 	-72.768 	25.156 	0.035 	-0.007 	0.060 	
9.857 	-69.475 	-50.580 	-0.021 	0.010 	0.072 	
22.575 	-84.148 	54.880 	0.009 	-0.068 	-0.022 	
118.113 	-51.314 	51.531 	-0.072 	-0.099 	0.053 	
-4.911 	-20.471 	39.069 	-0.177 	-0.104 	-0.146 	
-11.151 	-189.029 	-87.207 	-0.064 	0.020 	0.076 	
-851.977 	-1481.643 	1450.111 	-0.182 	-0.287 	0.299 	
129.797 	-248.677 	11.412 	-0.002 	-0.066 	-0.013 	
96.762 	-114.158 	-14.691 	0.123 	0.047 	0.069 	
41.119 	-32.143 	131.669 	0.086 	-0.083 	-0.173 	
9.515 	-55.021 	46.450 	0.018 	-0.062 	0.013 	
6.087 	-52.768 	69.567 	-0.114 	-0.092 	0.030 	
134.825 	-23.211 	30.791 	0.017 	0.030 	0.175 	
87.456 	-30.597 	128.447 	0.099 	-0.017 	0.111 	
4.118 	-73.087 	53.650 	0.109 	-0.050 	0.204 	
83.849 	-34.266 	44.193 	-0.149 	-0.048 	-0.009 	
-668.174 	8.205 	-806.307 	-0.309 	0.050 	-0.435 	
31.239 	-77.531 	38.954 	0.215 	0.037 	0.062 	
60.881 	-21.678 	23.078 	0.166 	0.146 	0.091 	
105.525 	-68.498 	10.923 	0.052 	0.017 	0.062 	
80.940 	-28.015 	35.093 	0.079 	-0.140 	-0.118 	
-938.129 	3664.554 	399.803 	-0.192 	0.720 	0.084 	
3.684 	145.151 	-85.607 	-0.049 	0.015 	0.054 	
-62.573 	-64.779 	34.275 	0.056 	-0.014 	0.158 	
76.972 	-26.436 	27.352 	-0.047 	-0.085 	-0.071 	
190.399 	-154.607 	-23.753 	0.005 	0.098 	0.077 	
31.229 	-29.831 	18.332 	0.005 	0.071 	0.074 	
-30.705 	-127.703 	-4.610 	-0.121 	-0.133 	-0.058 	
11.353 	-57.796 	37.034 	0.099 	-0.106 	0.084 	
57.584 	-39.859 	19.865 	0.072 	0.023 	0.007 	
-2.184 	-30.863 	38.314 	0.091 	-0.092 	-0.150 	
-281.117 	-37.005 	67.184 	-0.092 	-0.039 	-0.002 	
-63.224 	-95.084 	16.071 	-0.121 	-0.004 	-0.143 	
87.782 	-126.981 	68.196 	0.021 	0.139 	-0.018 	
-71.657 	-61.090 	50.038 	0.144 	0.076 	-0.045 	
91.026 	-35.299 	93.323 	0.061 	-0.055 	0.135 	
8.663 	-45.635 	45.656 	0.237 	-0.059 	0.044 	
-113.340 	-48.868 	102.970 	0.076 	-0.000 	0.020 	
-76.910 	-14.809 	108.472 	-0.003 	-0.070 	-0.049 	
131.237 	-41.644 	4.798 	0.056 	0.001 	-0.014 	
125.403 	0.213 	57.812 	-0.013 	-0.004 	0.007 	
111.120 	-16.325 	-55.977 	-0.090 	-0.107 	0.087 	
-15.417 	-76.197 	60.042 	0.063 	-0.059 	0.072 	
-40.583 	-38.699 	88.005 	0.067 	0.020 	0.033 	
62.866 	-41.851 	44.258 	-0.024 	0.007 	0.010 	
-55.568 	-30.868 	104.833 	-0.159 	-0.089 	0.072 	
214.023 	63.579 	-136.792 	0.027 	-0.001 	-0.028 	
135.118 	-53.107 	83.904 	0.031 	0.063 	0.012 	
133.555 	-25.397 	43.190 	-0.111 	-0.057 	0.028 	
-1.633 	-79.943 	21.474 	-0.142 	0.115 	0.194 	
91.131 	2.242 	1.945 	0.135 	-0.079 	0.016 	
-786.110 	-419.414 	610.756 	-0.279 	-0.125 	0.150 	
48.151 	-42.701 	13.365 	-0.143 	-0.048 	0.017 	
37.473 	-98.675 	45.786 	0.094 	-0.094 	0.019 	
-33.337 	-69.015 	21.915 	-0.096 	-0.008 	-0.005 	
84.178 	-23.900 	67.690 	0.056 	0.129 	-0.094 	
-48.508 	-80.948 	81.256 	-0.209 	0.033 	0.068 	
-108.773 	-86.850 	-52.359 	0.091 	0.015 	0.013 	
359.070 	-259.402 	-432.728 	0.048 	-0.036 	-0.023 	
5.294 	-39.923 	14.752 	0.187 	-0.098 	0.035 	
54.338 	-82.312 	105.431 	0.049 	-0.034 	-0.138 	
49.357 	-97.709 	-8.477 	0.070 	-0.098 	0.008 	
49.904 	-53.915 	-13.952 	0.173 	-0.062 	-0.027 	
145.095 	33.240 	4.851 	-0.169 	0.058 	-0.027 	
-509.655 	-158.420 	193.015 	-0.140 	-0.045 	0.008 	
532.853 	-649.988 	-76.447 	0.079 	-0.096 	-0.004 	
213.197 	22.540 	61.414 	0.081 	0.062 	-0.016 	
78.573 	-42.398 	57.398 	-0.113 	0.087 	-0.007 	
47.214 	-72.948 	31.129 	-0.080 	-0.169 	-0.022 	
-42.540 	-46.997 	87.794 	-0.093 	-0.083 	0.035 	
-11.999 	-20.127 	71.693 	0.033 	-0.070 	-0.086 	
66.019 	-51.003 	30.770 	0.062 	-0.091 	-0.201 	
56.542 	-61.156 	39.721 	-0.145 	0.065 	-0.092 	
-3.840 	-178.557 	5.247 	-0.033 	-0.048 	-0.043 	
-50.864 	-106.098 	31.638 	0.161 	0.019 	0.092 	
-13.764 	-231.159 	24.024 	0.025 	-0.018 	0.030 	
18.646 	-19.892 	67.307 	-0.037 	0.000 	-0.082 	
235.889 	-158.392 	72.337 	0.003 	0.105 	-0.009 	
15.617 	-49.711 	40.599 	0.210 	-0.073 	-0.126 	
97.662 	-53.945 	38.445 	-0.099 	-0.006 	-0.135 	
-63.270 	-82.903 	-64.729 	-0.117 	-0.061 	0.096 	
87.029 	-2.387 	11.137 	-0.052 	-0.021 	-0.026 	
-105.353 	-30.060 	111.385 	-0.036 	0.034 	0.054 	
35.321 	32.718 	-8.201 	0.060 	0.059 	0.002 	
68.063 	-83.204 	183.262 	0.096 	0.041 	0.007 	
20.667 	-49.359 	26.286 	0.032 	-0.038 	0.012 	
-17.267 	-127.779 	-36.103 	0.138 	0.023 	0.040 	
54.476 	-25.730 	5.421 	0.125 	0.125 	-0.015 	
385.437 	410.389 	-21.220 	0.018 	0.099 	-0.009 	
-914.085 	981.422 	428.155 	-0.405 	0.455 	0.186 	
1.730 	-80.425 	125.056 	-0.113 	0.045 	-0.160 	
56.127 	-40.606 	56.361 	-0.137 	-0.027 	-0.111 	
132.791 	-78.124 	76.258 	-0.109 	0.041 	0.015 	
-4.335 	-10.641 	58.092 	-0.114 	0.023 	0.053 	
283.028 	371.361 	593.318 	0.043 	0.045 	0.067 	
-38.395 	-89.441 	110.175 	-0.074 	-0.076 	0.089 	
-3.826 	-34.239 	66.888 	0.077 	0.161 	-0.119 	
144.327 	-96.317 	43.120 	0.042 	-0.041 	-0.051 	
1426.446 	-1633.101 	-1.302 	0.260 	-0.304 	0.004 	
42.576 	-6.384 	87.306 	-0.009 	-0.001 	0.147 	
122.355 	21.043 	-45.455 	0.109 	-0.011 	0.043 	
43.103 	-89.054 	-10.415 	0.010 	0.071 	0.067 	
31.578 	-38.160 	59.405 	-0.162 	-0.047 	0.135 	
73.169 	-136.505 	88.284 	0.098 	0.066 	0.000 	
41.780 	-95.323 	37.937 	0.069 	0.005 	0.227 	
9.565 	-63.426 	45.320 	-0.162 	-0.095 	0.012 	
21.221 	-48.607 	38.328 	-0.106 	0.134 	0.035 	
40.393 	-36.431 	109.300 	0.107 	0.011 	0.086 	
27.242 	-49.282 	33.466 	0.089 	0.074 	0.063 	
591.827 	-1544.483 	-22.281 	0.118 	-0.287 	-0.015 	
238.097 	17.689 	252.470 	0.020 	0.031 	0.032 	
59.304 	-47.437 	75.739 	0.207 	0.122 	-0.014 	
75.043 	-81.738 	71.368 	-0.138 	0.150 	-0.129 	
-77.269 	-77.264 	61.004 	-0.059 	-0.192 	0.112 	
-54.497 	-110.083 	7.305 	0.018 	-0.128 	0.042 	
-24.820 	-25.303 	40.749 	-0.010 	-0.088 	0.040 	
20.065 	-92.381 	19.637 	0.037 	0.152 	-0.075 	
-84.923 	24.358 	63.745 	-0.080 	-0.141 	0.034 	
2.871 	-47.278 	-2.222 	0.074 	-0.014 	-0.028 	
-211.996 	-21.573 	3.218 	-0.019 	0.045 	-0.010 	
207.710 	-64.980 	-71.846 	-0.012 	-0.047 	-0.007 	
189.577 	43.670 	-60.263 	0.004 	0.019 	0.047 	
43.489 	-58.213 	53.713 	0.104 	0.053 	-0.067 	
55.853 	-2.359 	51.301 	0.009 	-0.069 	0.040 	
513.848 	-146.575 	293.558 	0.070 	-0.041 	0.042 	
46.509 	-70.750 	52.955 	-0.075 	-0.096 	-0.015 	
8.586 	-23.016 	56.670 	-0.069 	-0.050 	-0.022 	
69.980 	26.310 	75.759 	0.102 	0.037 	0.066 	
210.242 	-24.643 	145.223 	0.107 	0.054 	0.083 	
33.587 	-35.174 	42.422 	-0.163 	0.085 	-0.005 	
18.112 	-38.182 	49.673 	0.091 	-0.072 	0.018 	
19.999 	-33.175 	95.647 	-0.075 	-0.038 	0.138 	
-29.645 	-51.328 	-65.087 	-0.057 	-0.051 	-0.017 	
88.059 	4.638 	44.868 	0.002 	-0.002 	-0.054 	
1318.392 	3023.348 	-11234.905 	0.265 	0.621 	-2.368 	
-66.756 	44.074 	14.546 	0.049 	-0.002 	-0.048 	
52.644 	-59.494 	50.875 	-0.121 	0.040 	0.045 	
169.781 	52.403 	8.705 	0.059 	0.010 	-0.054 	
18.512 	-10.065 	32.368 	-0.091 	-0.079 	-0.052 	
-68.307 	-40.745 	56.363 	-0.041 	-0.032 	0.036 	
148.150 	-29.760 	46.535 	-0.102 	0.096 	0.002 	
170.941 	-6.284 	-2.490 	-0.144 	-0.064 	-0.007 	
49.938 	-27.874 	74.716 	-0.140 	-0.023 	0.040 	
13.436 	-141.350 	59.832 	-0.085 	-0.067 	-0.006 	
78.986 	-54.306 	65.615 	-0.092 	-0.061 	-0.112 	
219.784 	47.442 	79.435 	0.077 	-0.017 	-0.002 	
24.268 	-40.870 	46.822 	-0.031 	-0.107 	-0.068 	
41.262 	-62.444 	51.289 	-0.201 	0.066 	-0.003 	
85.233 	-103.622 	32.312 	0.145 	-0.065 	-0.107 	
46.304 	-81.336 	22.477 	0.017 	-0.053 	0.083 	
-20.156 	-90.906 	44.973 	-0.026 	0.013 	0.002 	
-72.994 	-55.087 	86.997 	0.067 	-0.101 	0.091 	
-72.438 	-93.204 	92.859 	0.099 	-0.018 	0.138 	
93.816 	74.130 	206.162 	-0.030 	0.029 	0.057 	
43.644 	-35.783 	63.188 	-0.194 	-0.120 	-0.016 	
28.872 	-68.964 	34.646 	-0.045 	-0.111 	0.050 	
160.345 	160.523 	240.985 	0.003 	0.052 	0.028 	
-1631.723 	213.311 	-1318.083 	-2.459 	0.225 	-1.895 	
-33.849 	-57.687 	29.353 	-0.184 	-0.102 	0.136 	
659.149 	-301.582 	-322.337 	0.082 	-0.064 	-0.050 	
91.732 	-33.327 	36.127 	0.077 	-0.040 	-0.050 	
1839.262 	-166.633 	1263.862 	2.624 	-0.332 	1.887 	
76.577 	-79.338 	76.311 	0.103 	0.048 	0.085 	
12.896 	-57.837 	61.456 	-0.207 	-0.057 	-0.064 	
10.484 	-113.356 	81.792 	0.038 	0.150 	0.055 	
-35.216 	-7.009 	113.656 	-0.034 	0.114 	-0.024 	
109.866 	0.007 	50.915 	0.092 	0.062 	-0.058 	
-54.618 	-104.055 	83.352 	0.183 	0.007 	-0.064 	
64.127 	-1.224 	33.357 	0.161 	0.124 	0.082 	
-7.185 	421.079 	-30.712 	-0.059 	0.303 	-0.041 	
-153.997 	-78.101 	63.311 	0.032 	-0.036 	-0.033 	
45.084 	-30.237 	-6.839 	-0.104 	-0.007 	-0.080 	
69.057 	-60.290 	69.288 	-0.089 	-0.055 	0.005 	
60.155 	-25.196 	34.508 	-0.066 	-0.048 	0.073 	
-24.396 	73.744 	-78.236 	0.002 	0.001 	-0.010 	
57.122 	-40.381 	104.279 	0.079 	-0.030 	0.030 	
-72.197 	12.793 	43.983 	-0.123 	-0.117 	0.029 	
21.432 	-103.050 	54.499 	0.017 	0.004 	-0.035 	
91.150 	-16.569 	152.441 	0.064 	-0.047 	-0.060 	
2872.175 	1103.635 	1239.075 	0.569 	0.233 	0.255 	
14.149 	13.262 	40.060 	-0.044 	-0.046 	0.104 	
47.640 	-53.236 	32.585 	-0.042 	0.176 	0.044 	
-57.568 	-8.638 	104.154 	-0.121 	0.066 	0.117 	
23.922 	-70.747 	30.865 	-0.177 	-0.081 	-0.150 	
-49.331 	-67.268 	26.893 	-0.017 	-0.208 	-0.131 	
-11.333 	-70.818 	82.485 	0.021 	-0.127 	0.038 	
58.781 	-49.517 	76.258 	0.088 	0.068 	0.069 	
138.016 	-99.774 	27.222 	0.081 	0.045 	0.027 	
49.853 	-41.778 	43.178 	-0.137 	0.137 	-0.005 	
17.325 	-134.897 	116.400 	-0.002 	-0.025 	0.007 	
46.304 	-31.380 	51.356 	0.216 	0.004 	-0.058 	
89.482 	10.064 	87.169 	-0.025 	0.115 	0.014 	
-75.787 	-54.313 	-35.336 	-0.084 	0.009 	-0.038 	
-18.032 	-523.256 	949.619 	-0.040 	-0.080 	0.167 	
-39.282 	-59.515 	128.826 	-0.068 	0.001 	0.080 	
-12.100 	-115.755 	23.250 	-0.009 	-0.167 	0.038 	
112.721 	-3.845 	105.361 	-0.158 	0.032 	-0.024 	
51.904 	-19.574 	20.327 	-0.129 	0.006 	-0.045 	
72.494 	41.397 	105.027 	-0.090 	-0.051 	0.019 	
29.232 	-121.067 	-152.117 	0.035 	0.000 	0.073 	
509.037 	-75.160 	252.378 	0.076 	-0.024 	0.057 	
59.043 	-66.134 	-1.796 	0.163 	-0.090 	-0.160 	
-365.877 	162.527 	-209.999 	-0.147 	0.127 	-0.119 	
7.788 	-36.634 	96.195 	-0.135 	-0.059 	0.112 	
2.657 	-61.751 	29.372 	0.064 	0.062 	0.118 	
300.829 	-177.802 	50.852 	0.026 	-0.005 	-0.001 	
150.841 	-82.230 	83.366 	-0.094 	0.073 	0.030 	
85.392 	-21.736 	69.601 	-0.018 	0.062 	0.085 	
64.696 	-33.052 	60.012 	-0.234 	0.124 	-0.065 	
59.459 	-90.022 	5.010 	-0.056 	0.017 	-0.007 	
80.959 	-58.529 	19.343 	-0.110 	0.168 	-0.030 	
95.566 	27.782 	93.389 	-0.062 	-0.038 	-0.023 	
89.074 	-23.517 	48.702 	-0.025 	-0.019 	0.041 	
-5.941 	-41.294 	69.330 	-0.014 	0.091 	0.050 	
-909.707 	327.776 	-1269.036 	-0.247 	0.093 	-0.306 	
152.684 	-115.783 	175.146 	0.023 	0.053 	-0.067 	
110.374 	-1.430 	35.133 	0.069 	0.113 	0.030 	
92.111 	-32.446 	180.894 	0.036 	-0.007 	0.024 	
-97.211 	-44.760 	91.509 	-0.114 	0.036 	-0.020 	
23.279 	-82.727 	-43.557 	-0.041 	-0.089 	-0.039 	
77.306 	-33.113 	28.473 	-0.052 	0.062 	0.084 	
-8.079 	-19.684 	48.508 	0.115 	-0.009 	-0.004 	
157.609 	128.311 	-41.790 	0.036 	0.086 	-0.038 	
141.544 	26.785 	57.900 	-0.153 	0.059 	-0.001 	
-547.368 	-193.782 	25.915 	-0.072 	-0.042 	0.045 	
111.634 	-52.963 	82.391 	-0.136 	0.046 	0.017 	
104.539 	-61.670 	-13.902 	-0.076 	-0.022 	0.089 	
1.112 	-56.847 	82.547 	-0.249 	0.019 	-0.007 	
53.540 	-106.129 	65.085 	0.152 	-0.138 	-0.008 	
51.601 	-13.487 	63.204 	0.116 	0.000 	0.045 	
-55.647 	-103.110 	-29.930 	-0.021 	-0.086 	-0.001 	
-134.271 	-37.587 	-175.195 	-0.008 	0.009 	-0.006 	
-35.576 	-27.721 	2.038 	-0.070 	0.105 	0.010 	
-10.662 	-76.523 	79.903 	0.010 	-0.059 	-0.088 	
258.602 	-349.470 	294.800 	0.121 	-0.226 	0.179 	
16.439 	-67.115 	-21.136 	0.053 	0.026 	-0.002 	
9.697 	-63.940 	52.426 	0.081 	0.005 	-0.099 	
23.512 	-79.201 	-74.040 	0.036 	0.064 	0.100 	
49.117 	101.184 	33.691 	-0.013 	0.078 	0.037 	
107.729 	-129.730 	96.992 	-0.102 	-0.022 	0.120 	
-44.500 	-65.877 	17.151 	-0.034 	0.018 	-0.000 	
92.267 	-67.895 	48.404 	0.076 	-0.082 	-0.004 	
56.241 	-36.973 	28.765 	0.168 	-0.009 	0.020 	
-17.464 	-24.880 	60.660 	-0.132 	-0.028 	-0.000 	
291.153 	-604.982 	353.090 	-0.002 	-0.080 	0.053 	
43.611 	-29.125 	32.549 	0.172 	0.021 	0.065 	
85.462 	-1.600 	37.511 	0.050 	-0.053 	0.033 	
144.529 	-34.700 	-27.791 	0.032 	0.060 	0.091 	
73.406 	-37.546 	23.726 	0.048 	0.182 	0.095 	
87.579 	-116.770 	-65.528 	-0.081 	0.027 	0.086 	
-61.875 	-59.797 	22.956 	0.002 	-0.013 	-0.041 	
54.224 	-100.155 	60.562 	-0.012 	0.109 	-0.027 	
13.963 	-16.099 	55.904 	-0.203 	0.052 	-0.022 	
65.476 	-81.938 	31.886 	-0.227 	0.069 	-0.056 	
114.785 	-73.201 	7.569 	0.110 	-0.000 	0.072 	
47.415 	-1.415 	-3.306 	-0.123 	0.157 	-0.012 	
-3.043 	-83.225 	21.206 	-0.147 	0.048 	0.057 	
-50.049 	-87.163 	-6.312 	-0.054 	0.009 	0.062 	
-66.734 	-48.769 	56.913 	0.034 	0.010 	-0.038 	
178.828 	-57.418 	19.321 	0.029 	-0.042 	0.056 	
22783.606 	6357.932 	14083.871 	5.490 	1.541 	3.410 	
-12.438 	-64.789 	47.537 	-0.108 	-0.208 	-0.027 	
-43.341 	-54.508 	13.290 	-0.101 	-0.055 	-0.151 	
46.488 	-27.035 	40.103 	-0.090 	-0.093 	-0.076 	
48.657 	-53.582 	25.368 	-0.144 	-0.060 	-0.103 	
152.947 	-15.331 	71.788 	0.043 	0.090 	0.099 	
-76.858 	-62.070 	37.242 	0.003 	0.052 	0.042 	
113.718 	-43.745 	40.171 	0.008 	-0.035 	-0.057 	
34.394 	-43.075 	19.152 	-0.147 	0.080 	0.099 	
-64.899 	7.817 	28.027 	-0.015 	0.028 	-0.070 	
-58.463 	-74.584 	-14.883 	-0.078 	0.057 	0.036 	
-37.630 	-80.036 	142.654 	0.042 	-0.082 	0.092 	
110.236 	16.292 	46.481 	0.093 	0.027 	-0.091 	
-7.794 	53.620 	49.031 	-0.070 	-0.104 	0.008 	
-386.840 	942.634 	-302.305 	-0.100 	0.220 	-0.079 	
313.664 	72.793 	-50.840 	-0.033 	-0.011 	0.005 	
89.529 	-73.746 	11.328 	-0.054 	-0.015 	0.193 	
13.026 	-105.659 	69.237 	-0.058 	-0.086 	0.087 	
72.196 	-13.401 	73.870 	0.032 	0.015 	0.040 	
129.513 	-15.425 	22.610 	0.137 	0.079 	-0.118 	
62.801 	-65.461 	68.698 	-0.203 	-0.023 	0.010 	
-57.107 	-65.230 	75.469 	-0.006 	0.022 	0.050 	
0.808 	-82.697 	61.511 	-0.048 	-0.025 	-0.071 	
114.272 	129.171 	55.182 	-0.099 	0.046 	-0.014 	
-34.463 	-59.114 	110.603 	-0.132 	-0.015 	0.085 	
19.132 	-87.628 	37.754 	-0.182 	0.005 	0.176 	
717.642 	54.663 	-89.883 	0.071 	0.001 	-0.008 	
47.404 	-96.676 	84.889 	0.064 	-0.061 	-0.040 	
-23.280 	-68.443 	83.105 	-0.031 	0.091 	0.150 	
-15.842 	-50.953 	71.061 	-0.149 	0.031 	-0.104 	
16.210 	-75.862 	14.144 	0.157 	-0.014 	0.041 	
679.235 	59.201 	914.784 	0.391 	0.077 	0.451 	
-202.677 	-43.444 	21.367 	-0.095 	-0.011 	0.044 	
20.911 	46.020 	26.082 	-0.165 	-0.022 	-0.007 	
10.076 	-57.743 	44.628 	-0.176 	0.164 	0.062 	
-10.359 	67.106 	-74.205 	-0.090 	-0.050 	0.042 	
76.913 	-27.768 	36.661 	0.032 	-0.070 	0.074 	
-10.409 	9.755 	-121.257 	0.023 	-0.044 	0.055 	
72.430 	-59.583 	59.854 	0.124 	0.224 	0.045 	
159.497 	-52.565 	93.905 	0.058 	0.011 	0.023 	
35.250 	-42.121 	21.502 	-0.143 	-0.135 	0.103 	
-174.791 	-176.747 	601.173 	-0.055 	-0.010 	0.104 	
12.576 	-89.523 	11.346 	-0.056 	0.104 	0.157 	
78.792 	-61.459 	31.813 	-0.018 	-0.009 	-0.084 	
-220.520 	-11.813 	-167.677 	-0.159 	-0.011 	-0.037 	
-25.610 	-104.594 	-52.766 	-0.012 	0.003 	-0.008 	
-29.900 	-142.202 	111.720 	0.008 	0.002 	-0.014 	
-68.418 	-63.084 	48.048 	-0.041 	-0.025 	0.127 	
176.758 	-23.904 	2.711 	-0.054 	0.015 	-0.130 	
27.725 	-48.215 	86.910 	0.099 	-0.026 	-0.035 	
-18.681 	28.810 	21.450 	-0.059 	0.015 	0.005 	
63.711 	-28.705 	48.171 	0.030 	0.104 	0.098 	
1598.100 	1008.404 	-579.445 	0.440 	0.275 	-0.163 	
71.454 	-31.347 	18.102 	0.112 	0.034 	0.001 	
148.800 	-10.646 	91.654 	-0.017 	0.021 	0.006 	
453.115 	146.948 	10.971 	0.225 	0.130 	-0.009 	
114.567 	-45.951 	41.503 	-0.153 	0.119 	0.071 	
40.951 	-45.631 	7.328 	0.078 	-0.157 	0.229 	
156.497 	-122.584 	37.791 	-0.020 	0.012 	0.000 	
-31.582 	-23.517 	41.105 	-0.151 	-0.020 	0.017 	
-8.652 	-116.582 	-10.950 	0.011 	-0.106 	-0.013 	
-122.393 	-52.992 	40.768 	-0.013 	0.044 	0.085 	
175.337 	-105.519 	87.473 	-0.003 	-0.065 	0.008 	
158.162 	-122.587 	73.706 	0.077 	-0.079 	0.043 	
-90.184 	-56.050 	90.714 	-0.054 	-0.007 	-0.008 	
8.257 	-57.124 	65.077 	-0.012 	0.113 	-0.145 	
-126.826 	-241.832 	163.143 	-0.017 	-0.015 	-0.015 	
-75.798 	-95.540 	70.319 	-0.006 	-0.069 	0.044 	
-185.461 	-134.030 	106.664 	-0.005 	0.031 	0.007 	
-64.711 	-56.794 	64.927 	-0.025 	0.144 	0.128 	
-37.017 	-61.484 	1.799 	-0.081 	0.001 	-0.109 	
37.685 	58.112 	17.890 	0.055 	-0.157 	0.013 	
25.407 	-49.695 	20.480 	-0.207 	-0.005 	0.215 	
-8.996 	-56.414 	34.139 	0.127 	0.078 	0.102 	
80.645 	-45.033 	102.224 	-0.113 	-0.037 	-0.098 	
-19.066 	-50.196 	93.736 	-0.144 	-0.072 	-0.027 	
78.524 	-40.748 	-24.971 	-0.046 	-0.052 	0.121 	
62.295 	-67.721 	70.915 	-0.233 	-0.002 	0.027 	
80.418 	-67.633 	65.305 	-0.111 	-0.063 	0.071 	
17.211 	-42.582 	20.908 	0.114 	-0.047 	-0.080 	
-11.219 	-62.939 	87.178 	-0.031 	0.021 	0.049 	
187.335 	-93.833 	-64.723 	0.032 	-0.065 	-0.073 	
84.671 	-60.461 	-9.754 	0.153 	-0.103 	-0.035 	
-8.806 	-25.155 	103.567 	0.080 	-0.011 	0.025 	
-16.647 	-61.619 	87.489 	-0.099 	-0.057 	0.203 	
104.849 	-25.489 	102.472 	-0.144 	-0.002 	-0.096 	
283.411 	1051.900 	1785.805 	0.067 	0.436 	0.724 	
180.524 	-99.209 	26.008 	0.486 	-0.172 	-0.076 	
49.628 	-32.203 	36.175 	-0.086 	-0.069 	-0.097 	
185.649 	-52.929 	-14.573 	0.059 	0.053 	0.065 	
74.054 	42.616 	13.985 	0.054 	-0.018 	-0.061 	
47.086 	-81.871 	47.625 	-0.010 	-0.073 	0.028 	
-32.821 	-62.512 	65.209 	0.072 	-0.003 	-0.086 	
1559.153 	290.231 	-3297.318 	0.276 	0.060 	-0.628 	
-6300.384 	-29219.253 	-46005.278 	-1.525 	-7.107 	-11.197 	
-124.906 	-69.660 	259.163 	-0.001 	0.001 	-0.027 	
74.401 	-45.265 	85.331 	0.057 	0.054 	0.190 	
7.467 	10.009 	52.442 	0.093 	0.048 	-0.018 	
-2.342 	-50.060 	30.141 	0.109 	0.051 	0.169 	
-68.266 	-61.942 	68.173 	-0.137 	-0.060 	0.083 	
84.531 	-28.893 	91.923 	-0.081 	-0.160 	-0.051 	
55.211 	-55.150 	36.463 	-0.058 	-0.014 	-0.007 	
38.878 	-55.565 	94.457 	0.070 	-0.107 	-0.080 	
4.715 	-20.667 	33.028 	-0.040 	-0.223 	0.048 	
-125.357 	-219.115 	-38.192 	-0.055 	0.068 	0.076 	
995.247 	-514.577 	-204.042 	0.296 	-0.131 	-0.058 	
114.995 	-60.682 	86.177 	-0.125 	-0.093 	-0.060 	
-461.898 	-68.221 	-253.298 	-0.262 	-0.054 	-0.131 	
164.775 	29.760 	-12.616 	-0.035 	0.022 	0.014 	
88.981 	18.017 	82.275 	0.048 	-0.108 	0.037 	
1949.914 	711.717 	-320.308 	0.558 	0.205 	-0.095 	
9.804 	-51.825 	71.746 	0.133 	-0.106 	0.089 	
389.974 	-389.546 	-172.475 	0.076 	-0.096 	-0.040 	
360.079 	-163.521 	1082.386 	0.216 	-0.072 	0.649 	
-62.805 	-69.111 	52.088 	0.026 	0.011 	0.073 	
43.358 	-46.610 	11.550 	-0.083 	0.024 	-0.127 	
3.673 	-45.417 	45.362 	0.066 	-0.116 	-0.034 	
29.472 	-63.008 	133.393 	-0.179 	0.056 	0.057 	
-33.412 	-119.089 	-49.717 	0.128 	0.002 	0.039 	
100.813 	-49.868 	-15.322 	-0.117 	-0.064 	0.079 	
65.358 	31.920 	-23.100 	-0.064 	-0.118 	0.041 	
15.471 	-234.324 	62.253 	0.037 	0.073 	-0.001 	
-65.622 	-42.640 	100.163 	-0.050 	-0.025 	0.111 	
51.022 	-28.129 	49.367 	0.016 	0.062 	0.130 	
20.413 	-23.459 	210.013 	-0.072 	-0.057 	-0.000 	
136.494 	14.146 	6.689 	-0.091 	-0.022 	0.063 	
105.184 	-41.409 	123.692 	-0.055 	0.032 	-0.074 	
73.627 	-49.957 	18.274 	0.174 	0.031 	0.003 	
6.115 	-101.162 	61.493 	-0.135 	-0.127 	-0.083 	
166.447 	-41.016 	62.575 	-0.134 	0.010 	-0.066 	
50.802 	-71.221 	42.191 	0.072 	0.167 	-0.093 	
46.236 	-89.361 	35.590 	-0.001 	0.002 	0.001 	
90.562 	-52.919 	25.856 	0.039 	0.083 	0.059 	
564.364 	-143.083 	496.172 	0.268 	-0.090 	0.246 	
-30.093 	-67.306 	101.437 	0.017 	-0.016 	-0.004 	
65.208 	-44.487 	31.503 	-0.178 	-0.050 	-0.059 	
-402.423 	121.489 	175.096 	-0.068 	0.032 	0.041 	
-11.611 	17.770 	12.226 	0.031 	-0.012 	0.000 	
42.692 	-176.891 	-60.115 	-0.083 	-0.011 	-0.013 	
-47.018 	-54.652 	95.358 	0.039 	0.052 	0.006 	
-4136.735 	2473.014 	1481.855 	-1.005 	0.616 	0.365 	
78.799 	-72.910 	59.258 	-0.030 	-0.118 	0.115 	
155.677 	-76.189 	92.807 	0.105 	0.029 	0.054 	
159.055 	23.864 	59.883 	0.090 	0.034 	0.069 	
223.470 	-22.915 	0.235 	0.037 	0.036 	-0.042 	
150.922 	42.811 	15.932 	-0.022 	-0.094 	0.008 	
79.203 	-39.474 	63.756 	0.169 	-0.090 	-0.018 	
73.738 	-13.969 	15.255 	0.022 	-0.070 	-0.017 	
57.436 	-2.029 	52.878 	0.009 	0.034 	-0.080 	
70.551 	25.212 	-15.963 	-0.022 	0.009 	-0.112 	
-55.132 	-40.391 	5.810 	-0.047 	-0.049 	-0.019 	
-69.750 	-69.946 	17.377 	-0.071 	0.097 	0.088 	
-848.333 	315.290 	-212.866 	-0.175 	0.041 	-0.032 	
-16.301 	-77.003 	71.284 	-0.152 	0.035 	0.131 	
88.449 	-23.637 	18.782 	-0.105 	0.037 	0.052 	
26.710 	-67.976 	32.743 	0.176 	-0.021 	0.024 	
1486.336 	370.229 	-165.339 	0.910 	0.297 	-0.150 	
-1.827 	-43.617 	33.673 	0.105 	0.105 	-0.048 	
76.300 	-71.953 	49.482 	0.088 	-0.195 	0.053 	
-48.171 	-33.416 	31.069 	0.050 	0.041 	0.064 	
129.200 	-14.891 	26.795 	-0.098 	0.063 	-0.065 	
95.864 	-52.446 	64.061 	0.066 	-0.096 	-0.071 	
-13.501 	61.071 	35.845 	0.004 	0.110 	-0.052 	
13.872 	-30.463 	38.384 	-0.162 	-0.089 	-0.048 	
35.540 	-31.030 	46.762 	0.179 	-0.134 	0.003 	
50.192 	-36.530 	69.805 	0.095 	-0.057 	0.137 	
29.356 	-6.117 	33.457 	0.100 	-0.066 	-0.109 	
-41.110 	-52.648 	60.438 	-0.074 	-0.072 	0.120 	
100.947 	-78.839 	44.751 	0.053 	-0.102 	-0.012 	
301.258 	-75.122 	-292.908 	0.106 	-0.022 	-0.145 	
-21.798 	-198.277 	166.367 	0.011 	0.053 	-0.013 	
49.805 	-82.311 	92.402 	0.117 	0.049 	-0.049 	
-24.200 	-116.553 	3.361 	-0.027 	-0.125 	0.030 	
-222.586 	221.693 	-772.354 	-0.046 	0.062 	-0.198 	
61.204 	-67.680 	31.219 	0.127 	-0.113 	-0.082 	
-494.505 	247.721 	-759.693 	-0.315 	0.183 	-0.495 	
35.314 	-17.060 	46.953 	-0.172 	-0.108 	0.123 	
11.504 	-4.362 	42.987 	-0.164 	0.038 	0.033 	
25.362 	-55.209 	95.602 	0.035 	-0.072 	0.019 	
-41.170 	-8.508 	-90.006 	-0.106 	-0.054 	0.013 	
679.989 	-4623.581 	3257.237 	0.104 	-1.019 	0.717 	
39.927 	-197.267 	79.358 	0.059 	-0.012 	0.002 	
139.921 	-140.363 	88.756 	-0.061 	-0.127 	-0.036 	
-606.002 	-201.072 	432.112 	-0.338 	-0.089 	0.184 	
6.260 	33.994 	5.975 	0.038 	-0.066 	-0.000 	
-60.308 	-33.915 	64.231 	0.199 	-0.001 	-0.012 	
77.653 	-215.427 	-53.133 	0.029 	0.008 	0.022 	
91.160 	-67.603 	11.076 	-0.054 	0.215 	0.002 	
-466.626 	-464.983 	-57.096 	-0.105 	-0.105 	-0.013 	
-6.388 	-29.588 	72.318 	-0.041 	-0.108 	0.101 	
85.515 	-45.938 	49.893 	0.083 	0.063 	0.012 	
174.416 	-73.773 	65.424 	0.061 	-0.006 	-0.020 	
-42.061 	-73.032 	-23.577 	0.031 	-0.014 	-0.070 	
1377.352 	-2173.683 	-1888.803 	0.262 	-0.439 	-0.391 	
279.574 	-155.290 	34.411 	0.007 	-0.004 	0.014 	
145.038 	-122.155 	20.096 	-0.120 	-0.108 	-0.047 	
-31.154 	-114.111 	24.921 	-0.064 	-0.139 	-0.045 	
2.750 	-51.440 	70.123 	0.114 	-0.041 	0.073 	
-30.557 	-31.800 	44.646 	-0.197 	0.006 	0.066 	
61.069 	-148.962 	13.697 	0.022 	0.117 	0.102 	
158.169 	-93.579 	4.803 	-0.027 	-0.012 	0.011 	
18.022 	-60.886 	35.633 	0.224 	0.091 	0.198 	
109.611 	-13.175 	0.161 	-0.056 	-0.066 	-0.026 	
38.218 	-226.787 	153.205 	0.009 	0.009 	-0.015 	
144.114 	24.483 	-8.745 	0.055 	-0.034 	0.030 	
159.107 	-14.482 	24.543 	0.008 	0.008 	0.009 	
-39.118 	-75.392 	87.921 	-0.008 	0.061 	-0.067 	
4.157 	-44.155 	55.359 	-0.023 	-0.016 	0.209 	
21.112 	-158.163 	-22.922 	-0.098 	0.001 	0.094 	
108.917 	-182.921 	-59.113 	0.098 	0.028 	0.072 	
141.039 	-66.270 	-187.759 	0.001 	-0.048 	-0.020 	
113.748 	-308.777 	361.661 	-0.073 	-0.261 	0.198 	
-17.441 	-54.600 	65.143 	0.153 	-0.117 	-0.057 	
-1313.536 	-2696.874 	11712.615 	-0.288 	-0.579 	2.449 	
399.970 	125.805 	-95.136 	0.062 	0.001 	-0.026 	
18.907 	87.061 	-51.800 	-0.078 	-0.004 	0.045 	
130.573 	98.893 	-28.085 	0.088 	-0.034 	0.044 	
-66.056 	-55.228 	143.188 	-0.104 	0.039 	-0.050 	
34.381 	-61.489 	18.638 	-0.016 	0.147 	0.097 	
-13.222 	-46.914 	108.599 	0.079 	-0.021 	0.152 	
172.443 	2.485 	41.477 	-0.043 	0.102 	0.117 	
1.157 	-50.452 	20.732 	-0.019 	-0.087 	0.065 	
-32.091 	-69.507 	40.898 	0.013 	0.032 	-0.042 	
-57.000 	-35.668 	8.720 	-0.091 	0.050 	0.058 	
53.786 	-85.742 	78.267 	-0.118 	0.043 	-0.035 	
168.652 	-86.513 	6.748 	0.051 	0.023 	0.088 	
-37.066 	-71.906 	83.989 	0.130 	0.016 	-0.041 	
-502.968 	-1642.161 	9.299 	-0.133 	-0.397 	-0.007 	
-65.745 	-45.490 	66.904 	-0.008 	-0.029 	-0.097 	
-60.046 	-37.455 	0.879 	0.021 	0.056 	-0.021 	
15.535 	-32.517 	40.524 	0.212 	-0.040 	0.036 	
-3.990 	-35.487 	55.320 	0.070 	0.033 	0.020 	
79.988 	-50.811 	-175.329 	-0.069 	0.006 	-0.027 	
122.231 	-47.409 	40.777 	0.175 	-0.079 	0.078 	
18.001 	-48.580 	34.190 	0.191 	-0.056 	-0.009 	
60.800 	42.489 	-13.907 	0.062 	0.110 	-0.082 	
92.584 	-52.079 	-12.126 	-0.131 	0.001 	0.120 	
-9.615 	-21.062 	27.301 	-0.207 	0.001 	0.018 	
93.478 	-33.055 	73.878 	0.030 	0.166 	-0.020 	
135.528 	34.923 	70.250 	-0.003 	-0.123 	-0.083 	
-14.759 	-101.554 	33.118 	-0.132 	0.124 	-0.036 	
-213.091 	153.420 	-653.194 	-0.056 	0.014 	-0.077 	
14.891 	-60.771 	64.187 	-0.176 	0.016 	0.124 	
-922.644 	208.486 	-590.217 	-0.239 	0.063 	-0.168 	
1351.541 	-1035.699 	-134.735 	0.952 	-0.717 	-0.090 	
36.540 	-40.051 	87.691 	0.051 	-0.165 	-0.029 	
-46.347 	-77.008 	85.904 	-0.061 	-0.033 	-0.047 	
-56.398 	-44.219 	-29.336 	-0.054 	-0.063 	0.009 	
69.586 	-50.637 	78.082 	0.003 	-0.088 	0.040 	
-16.018 	-95.965 	41.545 	-0.170 	-0.050 	-0.060 	
-24.565 	-111.015 	49.738 	0.027 	-0.029 	0.064 	
-227.887 	70.646 	26.435 	0.000 	-0.084 	0.027 	
36.905 	-1.296 	-52.070 	0.074 	0.082 	-0.093 	
64.244 	-77.322 	139.840 	0.024 	-0.048 	0.027 	
43.214 	-64.287 	61.813 	0.263 	-0.099 	-0.066 	
-2144.746 	2676.932 	1478.815 	-0.463 	0.559 	0.302 	
-35.241 	-192.590 	36.103 	0.017 	0.040 	-0.026 	
93.156 	69.938 	51.421 	0.032 	0.121 	0.015 	
133.935 	-20.956 	40.574 	0.142 	-0.034 	0.037 	
46.569 	-63.616 	71.152 	-0.206 	-0.071 	-0.057 	
-28.651 	-85.158 	7.064 	-0.033 	0.058 	-0.143 	
-385.133 	271.129 	41.818 	-0.127 	0.074 	-0.018 	
31.775 	-66.312 	41.593 	-0.106 	-0.044 	-0.234 	
-54.949 	-82.690 	80.102 	0.069 	-0.003 	0.050 	
89.720 	-189.447 	83.030 	0.132 	0.027 	-0.032 	
118.387 	-59.033 	-19.376 	0.162 	0.006 	0.014 	
251.111 	140.784 	-32.812 	0.021 	0.065 	-0.093 	
27.484 	-7.541 	-18.098 	-0.039 	0.052 	-0.114 	
-335.458 	-97.742 	59.355 	-0.188 	-0.050 	0.040 	
18.157 	-58.676 	18.070 	-0.115 	0.079 	0.089 	
6.148 	-103.050 	61.896 	-0.028 	0.048 	0.092 	
119.286 	-167.205 	48.727 	-0.047 	-0.106 	-0.030 	
35.740 	-20.666 	12.855 	0.092 	0.127 	0.028 	
104.029 	-50.115 	70.801 	0.112 	0.119 	0.140 	
81.466 	33.814 	129.732 	-0.085 	0.010 	-0.078 	
61559.540 	5006.034 	49482.138 	23.366 	1.917 	18.839 	
10.396 	-117.841 	101.974 	0.047 	0.043 	0.058 	
121.223 	-30.611 	35.791 	0.130 	-0.077 	-0.108 	
96.342 	-20.789 	60.668 	0.217 	-0.032 	0.139 	
82.159 	-46.453 	34.536 	0.035 	-0.001 	-0.005 	
112.647 	60.804 	20.920 	-0.083 	0.043 	-0.086 	
-129.184 	-226.686 	-0.639 	-0.051 	0.093 	0.007 	
-22.898 	-109.958 	-35.806 	0.086 	0.013 	0.147 	
108.265 	18.057 	66.349 	0.029 	-0.109 	0.066 	
37.761 	-50.102 	36.138 	-0.028 	-0.002 	-0.022 	
95.843 	9.192 	115.163 	-0.042 	0.050 	-0.011 	
114.268 	-50.501 	164.684 	-0.120 	-0.018 	-0.029 	
23.545 	2.932 	85.383 	-0.156 	0.013 	0.031 	
1011.124 	1865.117 	1930.039 	0.153 	0.345 	0.363 	
32.428 	-12.409 	38.538 	-0.147 	-0.173 	-0.069 	
-121.193 	5124.729 	-3329.905 	-0.072 	1.121 	-0.729 	
77.299 	-63.188 	55.447 	-0.087 	-0.043 	0.103 	
-4935.270 	-6294.918 	-2347.458 	-2.939 	-3.666 	-1.397 	
101.785 	35.781 	86.253 	-0.091 	0.023 	-0.037 	
-18.922 	15.331 	-15.806 	0.065 	-0.072 	0.080 	
5855.578 	28690.502 	47185.879 	1.431 	6.974 	11.464 	
-26.715 	-80.749 	24.582 	-0.136 	-0.171 	0.060 	
27.868 	-140.924 	75.805 	0.046 	0.094 	-0.123 	
64.783 	-40.434 	42.614 	-0.064 	-0.235 	-0.195 	
141.028 	-43.240 	177.070 	0.030 	-0.033 	-0.104 	
147.614 	-58.574 	62.398 	0.012 	-0.084 	-0.020 	
140.412 	-21.563 	76.686 	-0.058 	-0.112 	-0.023 	
-34.573 	-110.893 	64.754 	-0.054 	-0.152 	0.059 	
-379.669 	456.067 	-35.062 	-0.095 	0.029 	-0.014 	
162.034 	50.463 	4.517 	-0.105 	0.067 	-0.018 	
796.751 	-277.758 	306.123 	0.195 	-0.081 	0.082 	
-38.999 	-114.999 	26.300 	-0.015 	-0.021 	0.025 	
69.186 	-35.177 	94.729 	0.002 	0.071 	0.046 	
118.693 	-53.955 	20.054 	-0.025 	0.028 	0.147 	
131.258 	71.404 	51.286 	0.098 	-0.095 	-0.031 	
34.902 	-47.457 	18.121 	-0.165 	-0.160 	0.017 	
-101.319 	-26.401 	-11.795 	-0.072 	-0.010 	0.030 	
-26.471 	-44.054 	34.304 	0.127 	0.065 	0.082 	
36.015 	-32.577 	42.231 	0.090 	-0.131 	-0.112 	
-6.915 	-48.734 	87.261 	-0.106 	-0.108 	0.160 	
74.900 	-37.569 	33.175 	0.067 	0.154 	0.012 	
69.654 	-57.773 	36.200 	0.043 	-0.113 	-0.185 	
596.877 	-841.472 	495.459 	0.144 	-0.201 	0.107 	
-539.944 	269.547 	172.536 	-0.090 	0.004 	0.041 	
-35.617 	-136.647 	60.059 	-0.171 	-0.113 	0.035 	
-55.852 	-55.562 	21.171 	-0.024 	-0.080 	0.008 	
117.407 	-206.414 	61.409 	0.101 	-0.016 	0.005 	
-75.029 	-74.138 	28.943 	0.046 	0.016 	-0.107 	
12.505 	-48.997 	90.256 	0.108 	-0.074 	-0.010 	
-1047.724 	6480.895 	425.274 	-0.247 	1.412 	0.093 	
38.584 	-50.541 	-11.884 	-0.069 	0.049 	0.213 	
-1.788 	-86.468 	52.449 	-0.159 	-0.065 	-0.039 	
-275.442 	-100.695 	97.424 	-0.053 	0.005 	-0.007 	
74.834 	-5.114 	58.475 	-0.170 	0.083 	-0.001 	
67.056 	-85.488 	78.043 	-0.051 	0.134 	-0.108 	
-31.315 	-93.089 	-50.321 	0.041 	0.005 	0.022 	
71.288 	-16.512 	35.942 	-0.104 	-0.059 	0.144 	
55.657 	-4.023 	37.177 	-0.236 	-0.053 	-0.014 	
20.644 	-71.511 	30.646 	-0.195 	-0.194 	-0.069 	
44.337 	-47.880 	47.145 	0.213 	-0.096 	0.051 	
-66.552 	-33.344 	82.232 	0.027 	0.078 	0.056 	
4.345 	-50.988 	43.146 	-0.066 	-0.226 	0.194 	
-145.518 	72.233 	-73.669 	0.007 	-0.023 	-0.000 	
33.689 	28.243 	-110.059 	-0.011 	0.010 	-0.014 	
479.156 	90.882 	-11.938 	0.072 	0.038 	-0.002 	
102.895 	-96.636 	67.868 	-0.132 	-0.048 	0.055 	
-2605.501 	-3037.723 	-1427.557 	-0.522 	-0.568 	-0.262 	
-27.182 	-24.459 	5.363 	-0.200 	0.025 	0.000 	
128.623 	73.876 	127.126 	0.007 	-0.040 	0.054 	
-722.160 	-1017.888 	453.203 	-0.183 	-0.261 	0.111 	
90.055 	-153.994 	99.114 	0.068 	-0.102 	0.063 	
-523.409 	198.349 	605.164 	-0.139 	0.065 	0.167 	
86.891 	-46.017 	36.984 	0.003 	-0.028 	-0.027 	
92.875 	-40.904 	55.823 	0.060 	-0.052 	0.048 	
-51.301 	-53.881 	81.749 	0.153 	0.015 	-0.005 	
43.894 	-22.940 	37.954 	-0.071 	0.070 	0.057 	
77.967 	-6.314 	42.842 	0.064 	0.148 	-0.041 	
-28.221 	-43.687 	47.933 	0.084 	-0.121 	-0.025 	
-16.976 	5.488 	262.986 	0.021 	-0.042 	0.028 	
20.827 	-41.296 	32.359 	-0.166 	0.208 	0.084 	
16.561 	-106.794 	62.518 	-0.140 	0.210 	-0.030 	
17.186 	-46.349 	61.729 	0.058 	-0.024 	-0.208 	
101.734 	-25.560 	40.916 	-0.154 	-0.006 	0.003 	
-331.124 	-36.018 	65.204 	-0.050 	0.013 	0.025 	
154.452 	-85.428 	33.930 	-0.036 	0.003 	0.030 	
-0.434 	8.729 	-36.199 	-0.053 	-0.059 	0.137 	
-14.250 	-92.073 	90.764 	-0.112 	-0.155 	0.044 	
41.894 	-43.097 	26.969 	0.079 	-0.012 	0.078 	
54.568 	113.567 	23.506 	0.101 	0.090 	0.009 	
59.234 	-59.502 	56.066 	0.177 	-0.030 	-0.024 	
82.564 	-62.483 	20.937 	-0.088 	0.031 	-0.240 	
111.207 	27.601 	125.446 	-0.089 	-0.062 	-0.035 	
-1530.364 	7119.114 	9146.859 	-1.661 	6.956 	8.886 	
72.457 	23.530 	128.336 	-0.062 	-0.056 	-0.068 	
7.979 	-6.778 	115.344 	-0.176 	-0.059 	-0.029 	
40.623 	-79.391 	57.667 	-0.130 	-0.015 	0.076 	
-73.145 	81.953 	-23.798 	-0.148 	0.164 	-0.112 	
-83.254 	-232.228 	56.684 	-0.006 	-0.018 	0.014 	
18.180 	50.881 	-17.680 	-0.014 	-0.017 	-0.011 	
-67.143 	-15.176 	92.909 	-0.119 	-0.060 	0.063 	
-55.189 	-233.693 	70.281 	-0.001 	-0.049 	-0.013 	
38.187 	-92.881 	41.242 	-0.118 	-0.075 	0.092 	
86.961 	-94.928 	61.547 	-0.162 	0.005 	0.106 	
-222.742 	-85.359 	-2.014 	0.020 	-0.030 	-0.020 	
-741.555 	-951.433 	3254.982 	-0.163 	-0.177 	0.622 	
-6.645 	-52.731 	148.466 	-0.084 	-0.011 	-0.127 	
-50.486 	-66.599 	110.643 	-0.035 	-0.025 	0.034 	
67.489 	-49.548 	78.691 	0.031 	0.058 	0.223 	
2.495 	-48.749 	31.065 	-0.055 	-0.063 	-0.236 	
140.910 	-54.209 	-62.023 	0.026 	-0.016 	0.019 	
5.828 	-25.011 	64.536 	0.061 	-0.055 	-0.122 	
-6.040 	-50.499 	36.072 	0.111 	0.066 	-0.072 	
-142.311 	-63.137 	87.019 	0.073 	0.002 	-0.072 	
-42.812 	-40.540 	16.341 	0.024 	-0.011 	0.045 	
-28.719 	-139.419 	-1.447 	0.037 	-0.029 	-0.063 	
33.103 	-73.870 	32.873 	-0.071 	-0.036 	0.196 	
76.732 	-45.458 	54.250 	-0.058 	-0.088 	0.003 	
-66.570 	6.155 	84.577 	-0.028 	0.057 	0.020 	
66.251 	-30.427 	46.025 	-0.028 	0.049 	-0.098 	
-49.929 	-15.064 	82.443 	-0.170 	0.057 	-0.005 	
17.355 	-96.743 	51.415 	-0.041 	-0.109 	0.053 	
84.888 	-134.070 	116.707 	0.024 	-0.009 	0.029 	
21.350 	-18.925 	58.372 	-0.150 	0.033 	-0.049 	
-49.789 	-109.308 	76.827 	0.053 	-0.009 	0.075 	
-510.343 	-842.879 	-1278.848 	-0.254 	-0.331 	-0.516 	
146.992 	0.790 	-17.471 	0.001 	-0.002 	-0.083 	
133.759 	-60.320 	-62.997 	-0.108 	-0.035 	-0.067 	
229.192 	-23.442 	-0.169 	0.116 	-0.009 	-0.007 	
-27.266 	-58.968 	53.168 	-0.203 	-0.034 	-0.009 	
34.033 	-48.523 	31.793 	-0.267 	-0.042 	0.166 	
65.708 	-147.687 	2.795 	0.038 	-0.017 	0.160 	
-8.522 	-65.292 	46.442 	-0.003 	-0.083 	-0.190 	
45.691 	-5.948 	39.348 	0.092 	0.020 	-0.106 	
71.039 	-35.233 	200.693 	-0.119 	-0.041 	0.044 	
4.953 	-55.214 	128.274 	0.013 	-0.075 	-0.073 	
-57.911 	-100.552 	61.807 	-0.024 	-0.023 	-0.042 	
-192.516 	-5976.924 	-1022.908 	-0.060 	-1.309 	-0.223 	
-17.453 	22.684 	26.993 	-0.031 	0.141 	-0.055 	
107.517 	-72.953 	-3.670 	0.074 	-0.005 	-0.120 	
-60601.949 	-5471.089 	-49674.169 	-23.128 	-2.071 	-18.899 	
-40.463 	-102.278 	-10.592 	-0.068 	0.035 	0.023 	
-35.152 	28.498 	-18.446 	0.067 	-0.010 	0.055 	
36.354 	-34.585 	-10.583 	0.066 	0.117 	0.016 	
11.789 	-113.785 	22.593 	0.043 	0.082 	-0.064 	
46.578 	70.510 	113.757 	-0.023 	0.024 	-0.031 	
-43.211 	-105.953 	40.841 	0.003 	0.035 	-0.101 	
-22.377 	-23.900 	34.155 	0.094 	-0.058 	0.106 	
52.744 	-17.681 	66.992 	-0.187 	-0.082 	-0.106 	
-28.305 	-7.030 	82.695 	-0.128 	0.031 	-0.035 	
1898.021 	-7229.230 	-9044.023 	1.676 	-7.008 	-8.818 	
122.438 	-19.476 	-15.431 	0.139 	0.042 	-0.028 	
37.048 	-76.245 	60.771 	-0.242 	0.090 	-0.084 	
-150.484 	-2.447 	75.076 	0.005 	-0.027 	-0.025 	
3617.587 	-2774.824 	-2213.266 	0.881 	-0.661 	-0.534 	
-64.357 	44.467 	-6.817 	-0.027 	0.056 	0.002 	
-850.358 	-440.426 	331.319 	-0.709 	-0.258 	0.188 	
-27.949 	-103.434 	-24.638 	0.003 	-0.054 	-0.020 	
