## Las primeras 500 lineas corresponden a la esfera 1 
##las siguienets 500 lineas a la esfera 2
## Las primeras tres columnas corresponden a la posición en 'x', 'y' y 'z', las siguientes tres a las velocidades
-125.159 	-164.095 	34.119 	-0.025 	-0.046 	0.033 	
37.645 	-40.985 	28.684 	-0.026 	0.076 	0.005 	
37.012 	-39.698 	47.716 	-0.097 	0.135 	-0.050 	
-1810.953 	2164.323 	-348.072 	-0.336 	0.400 	-0.072 	
82.346 	-103.548 	33.103 	0.163 	-0.071 	0.070 	
73.718 	-48.771 	31.650 	0.114 	0.057 	0.040 	
29.348 	-59.271 	41.051 	-0.046 	0.150 	-0.156 	
8.861 	-90.442 	67.417 	0.144 	0.006 	0.107 	
88.025 	-43.338 	47.589 	-0.133 	0.032 	0.062 	
-32.196 	-33.713 	30.568 	0.097 	0.056 	0.056 	
-363.662 	1954.073 	-1051.028 	-0.072 	0.379 	-0.203 	
27.284 	-36.834 	60.122 	-0.041 	-0.018 	-0.100 	
1384.319 	-1837.374 	1303.640 	0.266 	-0.350 	0.250 	
16.637 	-55.025 	51.857 	-0.045 	0.244 	-0.002 	
42.267 	-68.822 	57.933 	0.167 	-0.123 	-0.076 	
146.814 	8.681 	-23.184 	0.003 	-0.020 	0.004 	
38.613 	-22.630 	17.746 	0.170 	-0.064 	0.147 	
-51.134 	52.827 	132.543 	-0.109 	0.062 	-0.062 	
21.686 	-46.474 	64.409 	-0.063 	-0.035 	0.049 	
78.767 	-110.445 	13.821 	0.042 	-0.115 	-0.032 	
95.322 	-10.436 	4.571 	0.035 	-0.178 	-0.029 	
50.000 	29.491 	90.068 	0.131 	-0.091 	-0.061 	
19.693 	-3.843 	12.216 	-0.040 	-0.037 	0.020 	
113.579 	-103.331 	108.902 	0.113 	0.002 	-0.007 	
-35.957 	-62.156 	69.704 	-0.081 	-0.046 	0.014 	
-97.848 	-119.261 	109.339 	-0.112 	-0.064 	0.054 	
3.669 	-56.899 	52.309 	0.048 	0.107 	0.018 	
5.335 	-85.440 	39.193 	-0.158 	0.032 	-0.011 	
-209.868 	-53.715 	29.173 	-0.008 	-0.003 	0.090 	
128.943 	1.756 	25.339 	-0.019 	0.011 	-0.113 	
-193.758 	110.165 	38.148 	-0.017 	-0.041 	0.019 	
55.587 	-50.020 	-8.194 	0.010 	0.006 	0.038 	
66.833 	14.517 	44.443 	-0.046 	0.030 	0.068 	
1.192 	-35.391 	59.517 	0.032 	-0.026 	0.089 	
27.591 	-75.807 	28.382 	-0.142 	0.142 	-0.028 	
93.034 	-81.620 	37.074 	0.014 	-0.060 	0.011 	
-22.188 	-206.999 	161.518 	-0.058 	0.028 	-0.061 	
32.448 	-56.963 	56.634 	0.251 	0.078 	-0.060 	
-175.995 	-66.737 	102.504 	0.058 	0.002 	-0.022 	
32.545 	-67.556 	51.379 	0.025 	-0.100 	0.024 	
53.590 	-81.266 	65.667 	0.017 	-0.034 	-0.002 	
52.746 	-31.057 	24.749 	0.003 	-0.011 	0.018 	
-66.271 	-108.354 	46.828 	-0.018 	-0.038 	0.051 	
86.810 	-11.303 	86.010 	0.134 	0.020 	0.088 	
39.272 	-2.217 	27.559 	-0.116 	0.166 	0.031 	
45.671 	-56.276 	-10.551 	-0.077 	0.015 	-0.007 	
-61.655 	-96.124 	86.887 	0.146 	0.051 	0.034 	
53.370 	-51.512 	44.699 	0.078 	-0.052 	-0.106 	
100.228 	-47.601 	61.985 	-0.053 	0.219 	0.023 	
46.101 	-51.274 	59.780 	0.012 	0.022 	-0.128 	
166.197 	179.594 	207.986 	-0.026 	-0.009 	-0.009 	
111.628 	2.983 	80.073 	-0.030 	-0.006 	0.063 	
42.349 	-82.760 	72.113 	-0.134 	0.076 	-0.046 	
17.261 	-104.436 	14.875 	-0.118 	0.014 	0.047 	
31.697 	-73.293 	44.874 	-0.004 	0.027 	-0.080 	
68.379 	-99.310 	126.570 	0.059 	-0.012 	0.058 	
79.332 	-151.782 	12.661 	0.041 	0.067 	0.087 	
-64.427 	-117.994 	65.775 	0.038 	0.115 	0.029 	
165.327 	-241.714 	-7.545 	-0.002 	-0.007 	-0.009 	
35.235 	-40.930 	96.943 	-0.092 	-0.056 	-0.022 	
-87.077 	-47.986 	9.255 	-0.008 	0.001 	0.007 	
-4.886 	-24.373 	84.867 	-0.158 	-0.033 	-0.074 	
-128.375 	-169.569 	-5.081 	-0.085 	-0.065 	-0.008 	
76.710 	-135.687 	42.628 	0.033 	-0.098 	-0.008 	
52.267 	32.228 	48.675 	0.078 	0.185 	0.028 	
26.111 	-14.434 	56.182 	0.033 	-0.061 	-0.100 	
-895.864 	-1560.302 	-1269.661 	-0.179 	-0.289 	-0.237 	
42.156 	-193.428 	170.832 	-0.028 	-0.055 	0.056 	
0.373 	-52.169 	71.473 	-0.092 	0.014 	0.008 	
-18.135 	-48.177 	-38.586 	0.004 	0.053 	0.081 	
-35.655 	-74.175 	84.132 	-0.053 	0.053 	-0.051 	
36.024 	-56.220 	52.971 	0.035 	0.029 	0.094 	
122.086 	-173.033 	-69.569 	-0.017 	0.040 	0.006 	
64.576 	-77.987 	75.957 	-0.081 	-0.033 	0.111 	
34.863 	-59.852 	43.191 	0.035 	0.003 	0.025 	
-13.948 	-92.648 	-84.727 	0.086 	-0.033 	-0.069 	
-32.047 	-60.745 	75.677 	0.151 	-0.130 	-0.086 	
741.754 	1117.414 	1966.357 	0.135 	0.198 	0.351 	
44.209 	-93.383 	43.840 	0.067 	0.150 	-0.055 	
33.551 	-58.938 	21.576 	-0.014 	-0.037 	0.027 	
-94.354 	-47.969 	162.853 	-0.016 	-0.031 	0.064 	
-88.960 	-112.426 	53.626 	0.071 	0.047 	0.061 	
-6.681 	27.187 	124.505 	0.080 	-0.087 	-0.038 	
-88.496 	-368.869 	576.109 	-0.001 	-0.027 	0.061 	
101.225 	-55.951 	34.992 	-0.107 	0.134 	-0.059 	
269.743 	-48.231 	87.036 	-0.010 	-0.002 	-0.036 	
59.633 	-47.101 	129.259 	0.078 	-0.030 	0.135 	
-26.237 	-92.768 	20.229 	0.114 	0.020 	0.062 	
66.792 	-62.629 	41.954 	0.009 	0.070 	-0.052 	
72.140 	-49.613 	82.954 	-0.099 	0.102 	0.102 	
67.669 	-79.900 	129.273 	-0.098 	0.019 	0.030 	
-94.907 	-51.279 	-113.142 	-0.074 	0.019 	0.064 	
100.565 	-23.489 	75.387 	0.009 	-0.001 	-0.080 	
-106.612 	-35.992 	-47.787 	-0.034 	-0.129 	0.056 	
-17.811 	-41.300 	74.111 	0.039 	0.036 	-0.151 	
92.817 	-243.603 	3.609 	-0.030 	-0.025 	-0.014 	
-3.566 	-49.014 	65.535 	-0.035 	-0.013 	-0.000 	
3254.326 	-3502.347 	-6.169 	0.612 	-0.667 	0.004 	
4715.700 	-4332.881 	-9010.357 	0.871 	-0.795 	-1.651 	
37.252 	-61.224 	58.562 	0.094 	-0.268 	-0.086 	
43.197 	-40.611 	21.631 	-0.101 	0.117 	0.023 	
-52.410 	-99.910 	-48.172 	0.030 	-0.033 	0.027 	
34.910 	-41.553 	38.707 	0.082 	0.092 	0.168 	
26.786 	-72.274 	70.332 	-0.133 	0.029 	0.035 	
4169.331 	-2928.523 	2502.760 	0.754 	-0.523 	0.450 	
-4030.477 	5317.332 	9583.472 	-0.730 	0.971 	1.752 	
2595.434 	-68.625 	214.136 	0.616 	-0.008 	0.048 	
-1062.935 	910.503 	386.008 	-0.689 	0.598 	0.250 	
35.968 	-75.424 	58.556 	-0.031 	0.047 	0.152 	
560.202 	-109.450 	248.491 	0.049 	0.031 	0.029 	
31.614 	-61.876 	46.961 	0.017 	-0.022 	-0.002 	
112.508 	-24.039 	52.715 	0.010 	-0.032 	0.095 	
-1571.190 	-514.501 	119.178 	-0.438 	-0.104 	0.022 	
254.337 	58.215 	-71.372 	0.004 	0.035 	-0.003 	
102.812 	8.842 	21.934 	-0.025 	0.076 	-0.009 	
18.457 	-61.287 	62.138 	-0.076 	-0.078 	0.015 	
76.035 	20.806 	70.407 	0.010 	0.049 	-0.084 	
233.102 	-344.491 	26.748 	0.047 	0.037 	-0.020 	
-1.490 	-110.758 	101.801 	0.103 	0.075 	0.125 	
-42.793 	-57.970 	84.408 	0.154 	-0.050 	-0.001 	
-154.689 	-117.011 	-125.768 	-0.058 	0.009 	0.064 	
-33.748 	-151.060 	91.101 	0.080 	0.081 	0.061 	
53.335 	-71.466 	87.076 	-0.077 	-0.054 	-0.168 	
18.201 	3.370 	79.218 	0.004 	0.085 	0.051 	
409.629 	71.829 	75.116 	0.017 	-0.023 	-0.006 	
-47.475 	-37.661 	70.046 	-0.063 	-0.104 	-0.005 	
28.872 	-50.351 	45.687 	0.010 	0.002 	0.002 	
-69.602 	-34.168 	92.455 	0.037 	-0.051 	-0.025 	
88.352 	-66.800 	18.344 	-0.109 	0.038 	-0.072 	
128.113 	-54.662 	43.499 	0.080 	-0.120 	-0.052 	
47.776 	-75.972 	56.918 	-0.086 	-0.164 	0.012 	
89.973 	-46.792 	58.241 	0.103 	-0.041 	0.095 	
14.273 	-63.202 	27.451 	0.188 	-0.001 	-0.124 	
253.657 	434.815 	-173.571 	0.304 	0.657 	-0.273 	
48.947 	-63.278 	35.979 	-0.053 	-0.069 	0.027 	
47.745 	-94.690 	152.417 	-0.033 	-0.060 	0.061 	
66.190 	-75.509 	56.159 	-0.038 	-0.039 	-0.048 	
-187.685 	-276.757 	123.508 	-0.058 	-0.128 	0.014 	
-24345.532 	-7202.567 	-14463.995 	-5.694 	-1.675 	-3.368 	
-3156.462 	2691.424 	-1614.277 	-0.556 	0.480 	-0.285 	
46.975 	-0.481 	-17.992 	0.030 	-0.023 	0.069 	
-1271.958 	-249.610 	806.464 	-0.289 	-0.060 	0.174 	
886.746 	82.859 	-150.611 	0.193 	0.017 	-0.064 	
-8.101 	-106.813 	63.500 	0.105 	0.055 	0.148 	
-145.983 	529.524 	-162.558 	-0.671 	1.961 	-0.680 	
108.042 	-26.967 	61.814 	0.016 	-0.129 	0.080 	
-72.381 	-39.266 	103.409 	0.038 	-0.141 	0.033 	
-133.179 	-39.986 	108.731 	-0.015 	0.034 	0.037 	
-40.510 	-33.913 	54.326 	-0.065 	-0.144 	-0.151 	
103.853 	-595.988 	239.959 	0.195 	-1.943 	0.717 	
38.184 	-25.787 	46.698 	-0.012 	0.001 	0.216 	
-85.669 	-129.092 	-17.961 	-0.034 	-0.057 	-0.003 	
51.348 	-52.668 	85.244 	-0.011 	-0.105 	0.114 	
30.807 	-85.939 	33.171 	-0.114 	-0.050 	-0.086 	
25.388 	-92.491 	48.205 	-0.132 	-0.068 	0.050 	
-55.501 	-101.875 	6.978 	0.114 	-0.026 	0.024 	
-15.802 	-35.266 	63.713 	-0.116 	0.008 	0.015 	
58.049 	-28.564 	33.003 	0.069 	-0.016 	-0.023 	
595.298 	396.545 	-577.128 	0.105 	0.095 	-0.119 	
103.290 	-48.517 	21.689 	0.054 	0.111 	0.030 	
-23.808 	-53.179 	11.376 	0.072 	0.144 	0.098 	
-157.896 	-76.004 	128.673 	-0.073 	0.049 	-0.061 	
-167.084 	143.420 	242.205 	-0.045 	-0.010 	0.025 	
47.954 	-65.155 	26.118 	-0.128 	0.086 	-0.038 	
-75.982 	-71.792 	115.987 	0.031 	-0.115 	0.024 	
-30.471 	-45.757 	-15.878 	0.104 	-0.011 	0.075 	
67.352 	-60.664 	42.463 	-0.079 	-0.199 	-0.119 	
136.953 	-11.517 	5.894 	0.056 	-0.041 	0.052 	
-78.388 	-39.891 	44.275 	0.063 	0.089 	-0.033 	
81.078 	13.558 	31.472 	-0.054 	-0.033 	0.012 	
62.854 	-17.475 	74.077 	-0.160 	-0.206 	0.025 	
986.169 	-17622.979 	-10206.020 	0.817 	-15.883 	-9.238 	
17.953 	-51.116 	40.458 	0.220 	0.141 	-0.051 	
21.979 	-63.604 	-5.943 	0.115 	-0.110 	0.045 	
74.246 	-79.727 	5.808 	-0.012 	-0.048 	0.085 	
199.779 	-58.259 	6.710 	-0.067 	-0.063 	-0.031 	
54.076 	-42.670 	21.000 	0.006 	-0.011 	-0.013 	
75.536 	36.222 	90.630 	0.062 	0.077 	-0.049 	
214.485 	-6.980 	-252.862 	-0.012 	-0.029 	0.020 	
143.933 	-130.466 	-8.510 	-0.025 	-0.032 	-0.000 	
-2.653 	-56.218 	73.987 	0.146 	-0.077 	-0.140 	
-49.305 	-57.340 	113.498 	0.082 	-0.027 	-0.116 	
27.888 	-33.392 	49.771 	-0.044 	0.027 	0.082 	
-112.029 	-117.820 	79.530 	-0.048 	0.057 	-0.066 	
-29.235 	-42.861 	1.031 	0.136 	0.005 	-0.161 	
10.137 	-54.325 	65.941 	-0.113 	-0.115 	-0.006 	
113.471 	-59.610 	-15.906 	-0.079 	-0.176 	-0.098 	
-550.242 	370.616 	806.254 	-0.204 	0.103 	0.213 	
20.814 	-105.869 	51.429 	0.194 	-0.047 	0.089 	
269.489 	3.728 	8.845 	-0.064 	-0.044 	-0.041 	
118.444 	-5.781 	56.066 	0.107 	0.034 	-0.142 	
33.290 	-41.599 	48.953 	0.073 	0.032 	0.002 	
-187.107 	-422.572 	211.077 	-0.315 	-0.540 	0.266 	
-75.392 	-125.709 	66.998 	0.020 	-0.048 	0.008 	
-169.334 	-89.038 	17.025 	-0.034 	-0.024 	-0.002 	
-23.982 	-64.767 	55.960 	0.013 	-0.038 	-0.032 	
3918.016 	453.841 	777.295 	0.887 	0.117 	0.177 	
53.387 	-59.273 	18.227 	0.036 	-0.126 	-0.042 	
106.642 	-98.022 	10.868 	0.066 	0.042 	0.029 	
32.935 	-45.462 	103.689 	-0.104 	-0.017 	0.034 	
74.684 	-45.721 	6.442 	-0.107 	0.061 	-0.055 	
-12.320 	-119.286 	41.183 	0.208 	-0.124 	-0.102 	
82.109 	-57.235 	20.321 	-0.061 	-0.164 	-0.143 	
3.448 	-75.045 	62.976 	-0.105 	0.027 	0.065 	
188.225 	-300.421 	608.235 	0.010 	-0.054 	0.099 	
-107.527 	-41.602 	-5.027 	-0.111 	0.037 	0.027 	
53.541 	-58.610 	-60.713 	-0.009 	-0.076 	-0.096 	
941.422 	-1018.371 	-314.352 	0.393 	-0.402 	-0.133 	
-27.457 	-64.329 	33.005 	-0.005 	-0.106 	0.101 	
92.091 	14.758 	76.528 	-0.041 	0.003 	0.038 	
85.096 	-75.627 	134.626 	0.017 	0.029 	0.031 	
605.887 	-252.025 	118.296 	0.051 	-0.028 	-0.003 	
108.226 	-68.188 	50.054 	-0.099 	-0.020 	0.054 	
77.467 	-2.146 	8.348 	-0.084 	-0.040 	0.075 	
-27.280 	-68.837 	-45.686 	0.047 	-0.071 	0.095 	
319.278 	-80.238 	-2.335 	-0.036 	0.009 	0.037 	
-118.836 	11.405 	58.899 	-0.075 	-0.029 	-0.099 	
44.324 	-17.512 	77.098 	-0.145 	-0.199 	-0.076 	
12.944 	-144.449 	39.107 	-0.050 	-0.112 	0.100 	
12.358 	-50.624 	22.319 	-0.104 	-0.004 	-0.048 	
-71.619 	-137.508 	47.582 	-0.019 	0.081 	0.050 	
123.020 	-47.593 	-20.154 	0.002 	-0.089 	0.044 	
156.783 	-26.623 	-7.540 	-0.165 	-0.017 	0.013 	
-3.952 	-48.180 	77.236 	0.178 	0.069 	-0.090 	
79.977 	-32.870 	-34.195 	0.049 	-0.003 	-0.071 	
1.077 	-98.177 	18.196 	0.098 	0.081 	0.025 	
25.870 	-87.763 	25.850 	-0.017 	-0.042 	-0.023 	
-30.368 	-35.299 	5.000 	0.005 	-0.018 	-0.091 	
17.223 	-53.205 	35.168 	-0.151 	-0.054 	0.005 	
-64.981 	-47.295 	22.031 	0.063 	0.056 	0.088 	
-71.671 	-11.383 	45.324 	0.048 	-0.026 	0.089 	
15.405 	-63.334 	40.577 	-0.145 	0.078 	0.047 	
117.334 	-37.452 	83.847 	0.125 	0.046 	0.085 	
-64.660 	-123.602 	82.846 	0.096 	-0.055 	-0.019 	
-87.744 	31.977 	50.106 	-0.063 	-0.096 	0.030 	
360.284 	-499.150 	-327.916 	0.037 	-0.121 	-0.081 	
-1.006 	-59.257 	71.641 	-0.185 	-0.122 	0.057 	
67.543 	10.130 	94.685 	-0.022 	-0.035 	-0.056 	
-128.037 	-150.005 	-21.889 	0.071 	-0.007 	-0.012 	
-115.029 	-5.991 	-25.828 	-0.065 	0.089 	-0.068 	
-94.350 	-38.204 	103.780 	-0.083 	-0.112 	0.047 	
24.193 	-51.537 	60.376 	-0.052 	0.097 	0.052 	
118.147 	-16.931 	83.898 	0.001 	-0.133 	0.135 	
133.648 	-116.956 	33.369 	-0.113 	-0.164 	-0.056 	
5715.118 	6624.578 	2482.870 	3.031 	3.585 	1.316 	
530.986 	-116.023 	-74.409 	0.164 	-0.036 	-0.032 	
89.875 	7.110 	10.575 	-0.080 	-0.045 	0.059 	
21.074 	-21.912 	40.592 	-0.090 	0.017 	0.130 	
-15.248 	-199.557 	73.121 	0.020 	0.029 	0.071 	
20.994 	-48.112 	80.623 	0.192 	-0.040 	-0.033 	
1773.394 	1116.332 	396.727 	0.330 	0.215 	0.073 	
-99.079 	-68.357 	88.277 	-0.037 	-0.124 	0.044 	
102.179 	-83.880 	54.910 	0.001 	-0.024 	0.085 	
228.792 	-17.519 	86.057 	-0.030 	0.008 	-0.128 	
93.175 	-71.471 	76.282 	0.013 	0.110 	0.046 	
-12.878 	-15.089 	47.863 	0.105 	-0.069 	0.082 	
17.838 	-103.750 	140.265 	-0.109 	-0.021 	0.050 	
-32.283 	-35.877 	-48.907 	0.118 	0.033 	-0.081 	
1870.035 	1087.150 	-1163.446 	0.345 	0.210 	-0.211 	
35.674 	-20.923 	60.616 	-0.109 	0.124 	0.050 	
-926.963 	17391.661 	10169.457 	-0.911 	15.733 	9.160 	
14.999 	22.670 	3.562 	0.027 	0.084 	-0.100 	
-66.021 	-110.894 	-42.587 	-0.088 	0.006 	-0.070 	
47.119 	-67.936 	25.836 	0.014 	0.080 	0.057 	
-130.868 	-147.393 	-18.245 	0.043 	0.043 	-0.079 	
60.982 	-128.672 	4.874 	-0.030 	-0.052 	-0.142 	
35.979 	-69.212 	150.924 	-0.059 	-0.063 	-0.124 	
-3211.716 	-348.317 	-123.233 	-0.714 	-0.066 	-0.025 	
-91.535 	-71.041 	157.679 	-0.043 	0.037 	0.137 	
-9.426 	-5.279 	-65.616 	-0.021 	0.033 	-0.022 	
15.828 	-30.305 	44.715 	-0.098 	0.113 	-0.098 	
28.858 	-24.793 	-12.741 	0.002 	-0.026 	0.045 	
55.046 	-37.551 	31.836 	-0.060 	-0.142 	0.102 	
30.154 	-87.738 	11.781 	0.061 	-0.048 	-0.033 	
25.451 	-2.101 	17.479 	-0.013 	0.115 	0.051 	
43.310 	-55.310 	71.018 	-0.221 	-0.129 	-0.049 	
100.298 	-45.139 	60.013 	-0.163 	-0.032 	-0.026 	
1850.715 	-345.855 	63.253 	0.407 	-0.081 	0.006 	
61.367 	-86.670 	-24.320 	-0.100 	0.123 	0.104 	
40.536 	-29.581 	72.856 	0.101 	-0.013 	-0.010 	
-11.648 	-58.622 	-10.399 	-0.051 	0.074 	0.139 	
63.041 	-95.247 	56.573 	0.121 	0.123 	-0.037 	
-1037.919 	-535.632 	-2300.781 	-0.189 	-0.102 	-0.421 	
132.701 	-34.344 	16.586 	-0.022 	-0.023 	-0.108 	
98.584 	-60.045 	87.746 	-0.217 	0.048 	0.119 	
20.770 	-55.083 	46.327 	0.160 	0.049 	-0.022 	
7.592 	-85.768 	80.078 	0.065 	-0.224 	-0.024 	
54.603 	-101.128 	55.298 	0.017 	0.039 	-0.060 	
71.607 	-82.891 	6.165 	-0.013 	0.042 	0.085 	
-30.225 	-35.961 	202.801 	-0.097 	0.010 	0.035 	
27.007 	-50.438 	23.807 	0.026 	0.045 	0.259 	
41.096 	-79.106 	33.074 	0.008 	0.097 	0.105 	
27.000 	-26.393 	51.579 	0.209 	-0.100 	-0.107 	
58.925 	-18.291 	63.259 	-0.052 	-0.018 	-0.076 	
40.730 	-57.683 	36.275 	0.102 	0.055 	0.025 	
59.866 	-52.180 	28.469 	-0.094 	-0.168 	-0.020 	
353.289 	-327.909 	32.915 	-0.028 	-0.051 	-0.000 	
-116.896 	-72.392 	67.230 	-0.094 	-0.033 	0.065 	
65.992 	-59.054 	49.963 	0.005 	-0.070 	0.068 	
4.509 	-63.435 	82.889 	-0.003 	0.047 	0.030 	
73.956 	-3.320 	61.500 	-0.105 	0.017 	0.046 	
34.007 	-45.584 	-3.120 	-0.041 	0.022 	0.089 	
-4.506 	-62.946 	64.539 	-0.001 	-0.063 	0.069 	
26.977 	-12.125 	22.964 	-0.023 	-0.134 	-0.057 	
11.760 	-49.652 	37.436 	0.142 	0.009 	-0.229 	
29.690 	-25.963 	5.266 	0.151 	0.077 	0.009 	
-202.011 	-33.805 	33.202 	-0.081 	0.067 	0.027 	
54.415 	-93.567 	-19.102 	0.004 	-0.118 	0.058 	
-17.414 	-72.422 	37.474 	0.072 	0.012 	0.081 	
6.785 	-67.398 	-35.022 	-0.015 	0.015 	0.112 	
26.029 	-89.200 	48.077 	0.032 	-0.000 	-0.052 	
100.783 	-66.835 	59.129 	-0.133 	-0.080 	0.032 	
-31.846 	-41.692 	16.849 	-0.142 	-0.138 	-0.114 	
-21.726 	-184.706 	-73.404 	-0.061 	0.031 	0.087 	
-882.949 	-1530.475 	1500.871 	-0.182 	-0.287 	0.299 	
129.120 	-258.929 	9.408 	-0.006 	-0.055 	-0.011 	
115.949 	-104.030 	-1.005 	0.101 	0.072 	0.092 	
55.890 	-46.691 	97.398 	0.086 	-0.087 	-0.231 	
13.616 	-62.470 	46.886 	0.042 	-0.013 	-0.007 	
-8.673 	-64.834 	71.070 	-0.059 	-0.056 	-0.012 	
135.342 	-19.612 	60.662 	-0.012 	0.014 	0.167 	
102.969 	-33.918 	144.350 	0.083 	-0.020 	0.078 	
24.034 	-76.666 	84.123 	0.122 	0.005 	0.146 	
53.999 	-43.941 	42.016 	-0.211 	-0.069 	0.009 	
-720.664 	16.669 	-880.296 	-0.309 	0.050 	-0.435 	
65.506 	-66.652 	49.484 	0.177 	0.096 	0.061 	
87.014 	-2.419 	40.664 	0.141 	0.087 	0.110 	
110.439 	-63.854 	23.849 	0.004 	0.038 	0.089 	
88.172 	-54.144 	18.809 	0.011 	-0.161 	-0.070 	
-970.794 	3786.873 	414.078 	-0.192 	0.720 	0.084 	
-4.504 	146.922 	-75.949 	-0.047 	0.006 	0.060 	
-49.517 	-65.952 	61.602 	0.096 	0.002 	0.161 	
64.838 	-44.680 	21.740 	-0.098 	-0.117 	0.001 	
190.206 	-137.109 	-10.125 	-0.008 	0.108 	0.083 	
34.573 	-23.742 	36.984 	0.025 	-0.003 	0.140 	
-49.863 	-148.128 	-12.888 	-0.105 	-0.108 	-0.041 	
31.308 	-70.460 	53.564 	0.130 	-0.034 	0.093 	
66.825 	-37.613 	27.681 	0.036 	-0.003 	0.072 	
19.281 	-51.131 	20.503 	0.156 	-0.140 	-0.048 	
-296.123 	-43.618 	66.854 	-0.085 	-0.039 	-0.002 	
-80.684 	-94.625 	-7.545 	-0.086 	0.009 	-0.132 	
89.285 	-100.004 	64.180 	-0.007 	0.181 	-0.031 	
-43.335 	-49.645 	43.192 	0.188 	0.063 	-0.033 	
98.493 	-44.619 	112.331 	0.028 	-0.052 	0.092 	
51.307 	-56.287 	50.474 	0.242 	-0.059 	0.006 	
-98.016 	-48.927 	105.047 	0.105 	-0.000 	0.003 	
-75.495 	-29.065 	96.707 	0.018 	-0.099 	-0.085 	
137.618 	-41.295 	4.252 	0.020 	0.003 	0.007 	
119.476 	-2.755 	58.165 	-0.058 	-0.035 	-0.003 	
94.632 	-35.152 	-38.736 	-0.105 	-0.114 	0.118 	
-1.691 	-82.398 	70.297 	0.096 	-0.018 	0.046 	
-26.794 	-37.973 	90.586 	0.096 	-0.012 	-0.005 	
55.260 	-42.868 	43.684 	-0.070 	-0.034 	-0.030 	
-80.494 	-47.619 	114.124 	-0.129 	-0.107 	0.040 	
218.125 	63.138 	-141.103 	0.022 	-0.004 	-0.022 	
137.218 	-42.120 	83.999 	-0.007 	0.066 	-0.011 	
111.035 	-35.759 	47.306 	-0.158 	-0.066 	0.024 	
-21.433 	-58.027 	57.013 	-0.076 	0.137 	0.220 	
111.017 	-13.442 	6.916 	0.101 	-0.103 	0.045 	
-833.419 	-440.674 	636.210 	-0.278 	-0.125 	0.150 	
22.740 	-53.152 	23.652 	-0.134 	-0.067 	0.100 	
51.990 	-107.431 	49.180 	0.076 	-0.012 	0.023 	
-46.926 	-68.968 	23.063 	-0.065 	0.010 	0.016 	
90.517 	-4.823 	50.713 	0.018 	0.091 	-0.107 	
-80.351 	-74.556 	90.522 	-0.168 	0.045 	0.044 	
-91.899 	-83.939 	-48.938 	0.109 	0.019 	0.028 	
367.140 	-265.550 	-436.441 	0.047 	-0.036 	-0.021 	
40.970 	-57.808 	27.226 	0.218 	-0.097 	0.114 	
61.357 	-85.118 	77.104 	0.030 	0.005 	-0.197 	
60.502 	-111.115 	-3.959 	0.061 	-0.060 	0.043 	
77.857 	-63.281 	-12.343 	0.154 	-0.048 	0.042 	
115.203 	41.244 	1.166 	-0.183 	0.035 	-0.016 	
-533.276 	-166.088 	194.302 	-0.138 	-0.045 	0.007 	
546.164 	-666.204 	-77.171 	0.078 	-0.095 	-0.004 	
225.640 	32.540 	58.563 	0.066 	0.056 	-0.017 	
59.886 	-25.449 	53.403 	-0.118 	0.090 	-0.041 	
32.373 	-95.579 	32.661 	-0.090 	-0.085 	0.037 	
-55.150 	-61.469 	90.721 	-0.052 	-0.086 	-0.004 	
-2.178 	-36.828 	53.784 	0.097 	-0.149 	-0.138 	
73.355 	-64.758 	1.548 	0.030 	-0.069 	-0.142 	
31.185 	-45.334 	26.862 	-0.123 	0.093 	-0.039 	
-9.083 	-184.738 	-1.462 	-0.029 	-0.025 	-0.035 	
-20.054 	-95.613 	47.405 	0.192 	0.100 	0.084 	
-9.265 	-232.743 	29.324 	0.028 	-0.001 	0.032 	
14.997 	-24.560 	51.392 	-0.012 	-0.063 	-0.098 	
235.570 	-139.930 	70.602 	-0.007 	0.112 	-0.011 	
55.924 	-55.580 	25.198 	0.220 	-0.001 	-0.039 	
75.945 	-52.245 	17.433 	-0.150 	0.023 	-0.101 	
-81.725 	-92.827 	-46.574 	-0.100 	-0.055 	0.117 	
76.506 	-8.734 	9.017 	-0.078 	-0.050 	-0.000 	
-109.311 	-25.123 	119.082 	-0.011 	0.024 	0.037 	
45.622 	39.994 	-6.175 	0.060 	0.026 	0.021 	
83.919 	-75.706 	182.466 	0.090 	0.047 	-0.016 	
30.138 	-52.982 	34.523 	0.079 	0.018 	0.093 	
6.481 	-121.789 	-27.291 	0.141 	0.047 	0.065 	
74.527 	-7.725 	8.033 	0.119 	0.087 	0.043 	
388.319 	427.087 	-22.658 	0.016 	0.097 	-0.008 	
-982.936 	1058.710 	459.726 	-0.405 	0.455 	0.186 	
-16.799 	-70.984 	93.841 	-0.104 	0.068 	-0.209 	
28.466 	-47.140 	34.045 	-0.171 	-0.064 	-0.132 	
111.074 	-69.286 	77.036 	-0.149 	0.063 	-0.007 	
-20.473 	-12.088 	65.502 	-0.077 	-0.036 	0.033 	
290.356 	378.886 	604.553 	0.043 	0.044 	0.066 	
-49.422 	-100.533 	122.501 	-0.057 	-0.055 	0.056 	
12.603 	-10.548 	43.909 	0.107 	0.112 	-0.141 	
146.775 	-99.062 	33.029 	-0.008 	0.001 	-0.064 	
1470.686 	-1684.730 	-0.619 	0.260 	-0.304 	0.004 	
41.074 	-9.781 	108.681 	-0.008 	-0.036 	0.104 	
139.925 	17.966 	-36.392 	0.097 	-0.025 	0.064 	
44.521 	-74.277 	5.588 	0.006 	0.103 	0.126 	
9.240 	-46.276 	66.939 	-0.111 	-0.074 	-0.009 	
88.747 	-122.617 	86.975 	0.084 	0.098 	-0.016 	
51.680 	-87.758 	75.491 	0.052 	0.082 	0.205 	
-14.186 	-73.682 	50.081 	-0.114 	-0.032 	0.038 	
7.904 	-31.282 	46.290 	-0.046 	0.072 	0.054 	
58.356 	-36.850 	119.139 	0.103 	-0.015 	0.032 	
43.763 	-42.939 	45.838 	0.093 	0.021 	0.065 	
611.963 	-1593.249 	-24.865 	0.118 	-0.287 	-0.015 	
241.165 	22.766 	257.468 	0.016 	0.029 	0.027 	
90.446 	-27.888 	69.709 	0.162 	0.110 	-0.058 	
49.800 	-51.789 	46.037 	-0.159 	0.193 	-0.169 	
-83.788 	-108.681 	79.750 	-0.018 	-0.178 	0.107 	
-49.142 	-129.360 	15.716 	0.045 	-0.099 	0.057 	
-22.183 	-42.904 	47.994 	0.043 	-0.117 	0.048 	
28.278 	-61.298 	13.574 	0.056 	0.208 	0.012 	
-96.774 	-1.250 	69.281 	-0.058 	-0.160 	0.030 	
18.211 	-50.213 	-2.805 	0.105 	-0.022 	0.027 	
-214.226 	-14.199 	1.776 	-0.008 	0.042 	-0.007 	
204.593 	-72.861 	-72.163 	-0.024 	-0.046 	0.003 	
189.321 	46.303 	-51.443 	-0.007 	0.012 	0.056 	
58.743 	-50.079 	41.822 	0.067 	0.053 	-0.065 	
59.097 	-17.274 	56.581 	0.017 	-0.120 	0.024 	
525.667 	-153.498 	300.591 	0.069 	-0.040 	0.041 	
31.806 	-80.366 	46.937 	-0.096 	-0.005 	-0.048 	
-0.111 	-37.437 	52.953 	-0.049 	-0.118 	-0.017 	
86.808 	28.483 	86.090 	0.091 	-0.017 	0.060 	
227.376 	-15.562 	158.639 	0.095 	0.052 	0.075 	
8.316 	-28.526 	42.355 	-0.130 	-0.009 	0.014 	
36.370 	-56.415 	48.928 	0.108 	-0.128 	-0.014 	
7.683 	-41.287 	114.118 	-0.070 	-0.056 	0.081 	
-38.425 	-60.320 	-65.257 	-0.046 	-0.054 	0.014 	
85.019 	-0.312 	35.611 	-0.037 	-0.054 	-0.048 	
1363.417 	3128.971 	-11637.486 	0.265 	0.621 	-2.368 	
-57.088 	42.100 	6.856 	0.064 	-0.022 	-0.042 	
31.336 	-52.549 	50.202 	-0.131 	0.039 	-0.055 	
178.111 	52.831 	-0.070 	0.041 	-0.004 	-0.049 	
5.908 	-29.068 	26.460 	-0.053 	-0.144 	-0.011 	
-70.489 	-48.711 	62.405 	0.014 	-0.056 	0.031 	
125.777 	-14.052 	46.293 	-0.159 	0.085 	0.002 	
144.275 	-18.038 	-2.700 	-0.171 	-0.074 	0.005 	
25.572 	-35.601 	75.563 	-0.144 	-0.066 	-0.033 	
-0.525 	-149.183 	58.382 	-0.080 	-0.026 	-0.011 	
58.179 	-62.368 	42.988 	-0.145 	-0.022 	-0.138 	
231.826 	43.815 	78.839 	0.065 	-0.025 	-0.005 	
22.886 	-62.602 	37.077 	0.023 	-0.127 	-0.051 	
7.751 	-49.057 	46.337 	-0.183 	0.075 	-0.034 	
107.461 	-111.134 	15.022 	0.117 	-0.026 	-0.096 	
44.380 	-84.871 	40.970 	-0.055 	0.011 	0.113 	
-22.723 	-85.328 	44.655 	-0.016 	0.047 	-0.008 	
-58.150 	-71.709 	100.263 	0.106 	-0.093 	0.064 	
-53.370 	-94.688 	114.145 	0.125 	0.001 	0.112 	
88.460 	78.355 	214.991 	-0.033 	0.021 	0.047 	
9.770 	-58.387 	53.874 	-0.188 	-0.135 	-0.090 	
24.681 	-80.742 	44.933 	-0.010 	-0.030 	0.074 	
160.615 	168.934 	245.388 	0.001 	0.047 	0.024 	
-2049.699 	251.555 	-1640.174 	-2.459 	0.225 	-1.895 	
-61.542 	-74.222 	53.600 	-0.140 	-0.087 	0.149 	
672.987 	-312.398 	-330.815 	0.081 	-0.063 	-0.050 	
98.647 	-42.050 	29.900 	0.006 	-0.063 	-0.024 	
2285.386 	-223.053 	1584.623 	2.624 	-0.332 	1.887 	
90.473 	-68.463 	86.355 	0.063 	0.077 	0.034 	
-18.563 	-64.701 	48.928 	-0.157 	-0.026 	-0.074 	
17.310 	-84.090 	87.576 	0.042 	0.195 	0.009 	
-39.640 	10.382 	107.366 	-0.018 	0.090 	-0.048 	
122.689 	7.950 	40.598 	0.058 	0.036 	-0.064 	
-21.451 	-100.897 	70.658 	0.208 	0.036 	-0.084 	
90.697 	15.498 	47.438 	0.148 	0.071 	0.078 	
-17.129 	472.341 	-37.593 	-0.058 	0.300 	-0.040 	
-146.828 	-83.884 	57.605 	0.053 	-0.032 	-0.034 	
25.484 	-31.083 	-14.173 	-0.115 	-0.006 	-0.010 	
51.682 	-68.631 	64.322 	-0.112 	-0.041 	-0.060 	
46.900 	-39.026 	44.134 	-0.087 	-0.116 	0.043 	
-23.555 	72.854 	-78.839 	0.008 	-0.012 	0.003 	
69.327 	-45.927 	104.143 	0.067 	-0.031 	-0.030 	
-90.917 	-8.946 	49.046 	-0.096 	-0.138 	0.031 	
24.922 	-95.176 	48.485 	0.029 	0.098 	-0.029 	
100.982 	-25.465 	139.794 	0.051 	-0.059 	-0.089 	
2968.983 	1143.256 	1282.431 	0.569 	0.233 	0.255 	
8.195 	0.576 	58.112 	-0.025 	-0.104 	0.103 	
37.851 	-25.475 	40.846 	-0.075 	0.135 	0.056 	
-76.554 	0.520 	122.037 	-0.103 	0.044 	0.095 	
-3.802 	-81.355 	10.674 	-0.149 	-0.045 	-0.090 	
-49.153 	-100.745 	6.011 	0.015 	-0.186 	-0.113 	
-6.213 	-89.279 	84.339 	0.041 	-0.087 	-0.015 	
72.812 	-37.513 	82.234 	0.068 	0.062 	0.009 	
149.674 	-90.553 	33.044 	0.054 	0.060 	0.041 	
25.319 	-24.221 	41.537 	-0.145 	0.063 	-0.009 	
17.055 	-136.815 	115.615 	-0.001 	0.002 	-0.016 	
80.409 	-34.261 	39.408 	0.178 	-0.034 	-0.076 	
84.666 	26.943 	87.216 	-0.028 	0.084 	-0.009 	
-88.104 	-52.830 	-39.985 	-0.062 	0.008 	-0.017 	
-24.759 	-536.898 	977.918 	-0.040 	-0.080 	0.166 	
-49.667 	-59.147 	139.062 	-0.054 	0.002 	0.041 	
-12.802 	-140.248 	30.637 	0.001 	-0.123 	0.048 	
83.730 	-0.031 	98.436 	-0.181 	0.012 	-0.059 	
29.633 	-23.463 	17.597 	-0.127 	-0.047 	0.011 	
56.922 	30.051 	106.551 	-0.091 	-0.083 	-0.002 	
35.221 	-120.668 	-138.687 	0.035 	0.005 	0.086 	
521.802 	-79.204 	261.923 	0.074 	-0.024 	0.056 	
85.286 	-79.370 	-24.366 	0.144 	-0.068 	-0.109 	
-390.665 	184.047 	-230.125 	-0.145 	0.126 	-0.118 	
-14.031 	-48.013 	110.343 	-0.122 	-0.074 	0.056 	
18.830 	-49.453 	54.017 	0.123 	0.067 	0.144 	
304.674 	-178.376 	50.610 	0.019 	-0.001 	-0.002 	
132.281 	-68.636 	87.047 	-0.125 	0.087 	0.012 	
79.116 	-14.119 	80.020 	-0.057 	0.030 	0.045 	
24.015 	-14.528 	46.144 	-0.237 	0.072 	-0.094 	
48.460 	-83.351 	7.723 	-0.073 	0.064 	0.041 	
59.740 	-29.734 	19.803 	-0.140 	0.157 	0.043 	
82.971 	18.480 	86.385 	-0.088 	-0.063 	-0.064 	
80.726 	-30.110 	54.079 	-0.069 	-0.056 	0.019 	
-4.881 	-29.082 	74.451 	0.023 	0.048 	0.006 	
-951.647 	343.543 	-1321.113 	-0.247 	0.093 	-0.306 	
155.736 	-106.325 	162.665 	0.013 	0.059 	-0.080 	
119.493 	14.738 	41.272 	0.043 	0.076 	0.039 	
97.530 	-33.889 	183.136 	0.028 	-0.010 	0.002 	
-113.613 	-39.397 	87.323 	-0.080 	0.028 	-0.028 	
16.386 	-96.631 	-47.140 	-0.040 	-0.074 	-0.004 	
65.730 	-26.377 	44.932 	-0.083 	0.011 	0.100 	
15.356 	-26.875 	48.795 	0.159 	-0.079 	0.006 	
163.253 	142.212 	-47.895 	0.031 	0.077 	-0.034 	
113.556 	34.356 	57.593 	-0.175 	0.028 	-0.004 	
-559.449 	-200.835 	33.635 	-0.070 	-0.041 	0.045 	
85.119 	-44.549 	81.647 	-0.177 	0.051 	-0.026 	
88.307 	-64.324 	4.498 	-0.117 	-0.008 	0.129 	
-38.835 	-52.814 	78.343 	-0.217 	0.024 	-0.034 	
77.256 	-124.156 	61.767 	0.129 	-0.081 	-0.026 	
70.272 	-19.649 	68.206 	0.095 	-0.067 	0.013 	
-57.182 	-117.081 	-29.079 	-0.000 	-0.075 	0.011 	
-135.267 	-36.047 	-175.671 	-0.004 	0.009 	0.001 	
-44.785 	-13.070 	8.033 	-0.043 	0.068 	0.053 	
-5.197 	-82.311 	61.754 	0.078 	-0.010 	-0.109 	
279.128 	-387.741 	325.154 	0.120 	-0.224 	0.178 	
26.053 	-61.684 	-16.925 	0.060 	0.038 	0.055 	
25.535 	-57.709 	35.827 	0.090 	0.069 	-0.065 	
29.601 	-67.788 	-54.317 	0.036 	0.070 	0.133 	
46.999 	112.712 	40.018 	-0.012 	0.058 	0.037 	
88.971 	-131.576 	116.167 	-0.120 	-0.002 	0.108 	
-47.335 	-62.400 	19.660 	-0.001 	0.020 	0.030 	
101.253 	-79.419 	47.186 	0.031 	-0.053 	-0.007 	
79.839 	-39.003 	35.300 	0.109 	-0.016 	0.055 	
-36.343 	-32.947 	59.709 	-0.094 	-0.067 	-0.011 	
290.718 	-618.536 	362.002 	-0.003 	-0.079 	0.052 	
67.707 	-34.187 	50.136 	0.116 	-0.058 	0.110 	
90.504 	-13.991 	44.065 	0.007 	-0.091 	0.042 	
147.877 	-24.636 	-10.375 	0.008 	0.059 	0.114 	
79.129 	-10.584 	43.619 	0.024 	0.124 	0.120 	
73.069 	-111.086 	-49.006 	-0.090 	0.041 	0.109 	
-56.314 	-62.186 	18.134 	0.059 	-0.019 	-0.013 	
49.461 	-76.817 	54.410 	-0.049 	0.174 	-0.041 	
-17.512 	-13.813 	51.430 	-0.163 	-0.019 	-0.033 	
24.090 	-65.026 	25.867 	-0.246 	0.129 	-0.007 	
129.809 	-71.494 	21.651 	0.068 	0.019 	0.092 	
26.437 	21.992 	-2.577 	-0.123 	0.119 	0.019 	
-24.947 	-71.051 	35.052 	-0.107 	0.091 	0.107 	
-56.806 	-84.443 	6.514 	-0.024 	0.023 	0.088 	
-58.462 	-48.085 	51.748 	0.060 	-0.007 	-0.025 	
181.446 	-64.194 	29.152 	0.002 	-0.038 	0.059 	
23716.836 	6619.916 	14663.495 	5.490 	1.541 	3.410 	
-23.783 	-98.031 	45.173 	-0.019 	-0.179 	0.018 	
-57.834 	-63.995 	-9.534 	-0.069 	-0.055 	-0.120 	
32.678 	-50.597 	26.797 	-0.092 	-0.157 	-0.089 	
23.026 	-59.809 	16.436 	-0.144 	-0.012 	0.000 	
157.452 	-1.055 	87.648 	0.011 	0.078 	0.087 	
-72.205 	-53.179 	45.314 	0.052 	0.053 	0.052 	
110.039 	-50.580 	33.215 	-0.049 	-0.044 	-0.029 	
12.177 	-35.022 	43.279 	-0.114 	0.018 	0.168 	
-65.422 	10.581 	16.893 	0.009 	0.005 	-0.061 	
-69.097 	-64.400 	-6.480 	-0.045 	0.062 	0.063 	
-29.658 	-93.110 	155.724 	0.052 	-0.072 	0.062 	
123.785 	17.159 	31.395 	0.065 	-0.016 	-0.084 	
-18.724 	33.251 	50.001 	-0.057 	-0.137 	0.004 	
-403.781 	979.913 	-315.762 	-0.100 	0.219 	-0.079 	
307.598 	70.602 	-49.758 	-0.039 	-0.014 	0.007 	
76.889 	-72.334 	46.678 	-0.098 	0.032 	0.218 	
3.826 	-115.513 	81.398 	-0.051 	-0.032 	0.058 	
75.242 	-17.523 	78.760 	0.014 	-0.053 	0.020 	
149.405 	-3.278 	4.254 	0.100 	0.063 	-0.102 	
27.829 	-67.651 	63.683 	-0.109 	-0.028 	-0.155 	
-54.378 	-60.564 	82.762 	0.043 	0.031 	0.035 	
-4.616 	-82.456 	48.139 	-0.012 	0.030 	-0.075 	
97.023 	135.677 	52.745 	-0.104 	0.031 	-0.015 	
-55.352 	-61.317 	121.275 	-0.114 	-0.009 	0.041 	
-9.560 	-80.585 	68.407 	-0.159 	0.077 	0.168 	
729.576 	54.887 	-91.282 	0.070 	0.001 	-0.008 	
57.482 	-102.443 	74.556 	0.052 	-0.004 	-0.080 	
-25.828 	-51.757 	105.048 	-0.002 	0.096 	0.104 	
-37.040 	-48.031 	51.622 	-0.099 	0.009 	-0.117 	
43.445 	-75.312 	28.399 	0.156 	0.029 	0.120 	
745.633 	72.305 	991.376 	0.390 	0.077 	0.450 	
-217.557 	-45.884 	28.835 	-0.079 	-0.017 	0.044 	
-6.622 	39.113 	25.273 	-0.158 	-0.059 	-0.002 	
-12.862 	-30.893 	56.087 	-0.095 	0.141 	0.063 	
-25.466 	57.805 	-66.158 	-0.086 	-0.060 	0.053 	
77.532 	-43.179 	47.793 	-0.023 	-0.100 	0.058 	
-6.240 	1.801 	-110.621 	0.026 	-0.050 	0.071 	
89.717 	-22.657 	64.943 	0.079 	0.206 	0.015 	
166.951 	-50.580 	96.490 	0.030 	0.012 	0.008 	
12.889 	-64.176 	44.659 	-0.098 	-0.114 	0.171 	
-184.165 	-178.478 	618.678 	-0.055 	-0.010 	0.102 	
5.940 	-67.342 	42.496 	-0.017 	0.163 	0.203 	
71.086 	-60.109 	19.767 	-0.068 	0.025 	-0.053 	
-247.124 	-13.732 	-173.669 	-0.154 	-0.012 	-0.033 	
-27.087 	-102.887 	-51.508 	-0.004 	0.018 	0.022 	
-27.670 	-139.829 	107.790 	0.018 	0.026 	-0.033 	
-71.331 	-65.369 	69.357 	0.008 	-0.008 	0.123 	
164.915 	-23.074 	-19.621 	-0.088 	-0.005 	-0.125 	
45.234 	-53.290 	74.906 	0.103 	-0.038 	-0.110 	
-25.608 	28.843 	24.182 	-0.027 	-0.012 	0.021 	
66.063 	-16.092 	62.104 	-0.003 	0.046 	0.071 	
1672.893 	1055.083 	-607.223 	0.440 	0.275 	-0.163 	
86.626 	-28.104 	24.481 	0.063 	0.003 	0.062 	
143.503 	-8.127 	91.002 	-0.045 	0.009 	-0.014 	
491.190 	168.984 	9.391 	0.223 	0.129 	-0.009 	
83.985 	-26.580 	51.971 	-0.210 	0.097 	0.059 	
53.488 	-66.955 	53.580 	0.057 	-0.095 	0.283 	
151.127 	-118.892 	37.847 	-0.044 	0.032 	0.000 	
-53.120 	-30.639 	44.559 	-0.104 	-0.060 	0.024 	
-6.309 	-132.205 	-11.181 	0.016 	-0.077 	0.009 	
-122.166 	-45.768 	55.443 	0.015 	0.041 	0.088 	
173.097 	-115.652 	88.039 	-0.023 	-0.055 	-0.001 	
169.652 	-134.717 	80.463 	0.059 	-0.064 	0.037 	
-96.550 	-57.065 	87.454 	-0.022 	-0.009 	-0.029 	
10.326 	-39.953 	37.740 	0.046 	0.074 	-0.159 	
-129.300 	-243.829 	160.320 	-0.012 	-0.009 	-0.019 	
-74.293 	-105.568 	77.451 	0.022 	-0.048 	0.038 	
-185.303 	-128.279 	107.520 	0.006 	0.036 	0.003 	
-65.537 	-32.880 	85.453 	0.014 	0.134 	0.115 	
-48.760 	-61.242 	-13.424 	-0.059 	0.002 	-0.071 	
46.943 	28.242 	20.850 	0.054 	-0.196 	0.022 	
-3.262 	-52.490 	64.766 	-0.143 	-0.025 	0.274 	
19.874 	-43.417 	54.082 	0.200 	0.058 	0.123 	
58.827 	-49.915 	80.076 	-0.140 	-0.021 	-0.160 	
-41.076 	-59.416 	87.051 	-0.113 	-0.054 	-0.066 	
68.944 	-50.038 	0.227 	-0.067 	-0.060 	0.179 	
19.895 	-64.992 	70.292 	-0.357 	0.055 	0.051 	
57.309 	-75.277 	71.251 	-0.154 	-0.025 	0.002 	
39.001 	-53.095 	16.452 	0.129 	-0.068 	0.037 	
-15.716 	-57.827 	90.824 	-0.018 	0.036 	-0.008 	
191.906 	-104.535 	-76.195 	0.022 	-0.060 	-0.063 	
108.619 	-76.189 	-11.788 	0.128 	-0.083 	0.007 	
6.115 	-29.485 	103.839 	0.094 	-0.040 	-0.023 	
-31.937 	-70.087 	116.329 	-0.081 	-0.042 	0.139 	
77.669 	-27.137 	82.382 	-0.175 	-0.018 	-0.142 	
294.806 	1125.992 	1908.844 	0.067 	0.436 	0.724 	
261.614 	-127.851 	13.309 	0.470 	-0.166 	-0.074 	
32.580 	-48.447 	26.949 	-0.128 	-0.150 	0.019 	
193.777 	-43.639 	-2.688 	0.037 	0.055 	0.075 	
82.481 	36.566 	4.704 	0.045 	-0.053 	-0.047 	
42.461 	-87.081 	51.009 	-0.042 	0.010 	0.013 	
-14.934 	-60.680 	51.239 	0.130 	0.016 	-0.076 	
1606.088 	300.400 	-3403.995 	0.276 	0.060 	-0.627 	
-6559.570 	-30427.520 	-47908.720 	-1.525 	-7.107 	-11.197 	
-124.580 	-69.362 	253.934 	0.004 	0.002 	-0.035 	
81.104 	-36.737 	112.752 	0.024 	0.045 	0.134 	
24.297 	12.781 	48.217 	0.103 	-0.015 	-0.029 	
18.976 	-44.530 	59.894 	0.135 	0.005 	0.155 	
-87.790 	-71.274 	81.339 	-0.095 	-0.051 	0.074 	
67.670 	-57.329 	79.019 	-0.118 	-0.168 	-0.102 	
41.381 	-55.627 	34.927 	-0.102 	-0.009 	-0.002 	
49.860 	-71.781 	74.816 	0.056 	-0.079 	-0.152 	
4.083 	-63.885 	41.543 	0.038 	-0.262 	0.059 	
-134.103 	-206.882 	-24.941 	-0.048 	0.076 	0.080 	
1045.566 	-536.882 	-213.907 	0.296 	-0.131 	-0.058 	
89.918 	-74.887 	73.321 	-0.183 	-0.074 	-0.073 	
-506.302 	-77.380 	-275.472 	-0.260 	-0.054 	-0.130 	
157.079 	32.340 	-9.259 	-0.055 	0.007 	0.026 	
94.914 	-3.035 	87.117 	0.022 	-0.138 	0.015 	
2044.692 	746.630 	-336.485 	0.557 	0.205 	-0.095 	
31.910 	-68.344 	79.390 	0.129 	-0.083 	0.004 	
402.791 	-405.725 	-179.144 	0.075 	-0.094 	-0.039 	
396.835 	-175.781 	1192.699 	0.216 	-0.072 	0.649 	
-55.239 	-65.555 	63.791 	0.069 	0.029 	0.062 	
27.069 	-45.660 	-2.988 	-0.094 	-0.003 	-0.046 	
18.836 	-65.227 	41.166 	0.098 	-0.083 	-0.025 	
-0.771 	-53.213 	139.367 	-0.176 	0.058 	0.012 	
-10.940 	-116.937 	-40.862 	0.136 	0.023 	0.065 	
77.929 	-60.861 	2.398 	-0.154 	-0.063 	0.132 	
54.568 	9.456 	-13.835 	-0.065 	-0.147 	0.068 	
21.780 	-220.373 	61.920 	0.037 	0.091 	-0.003 	
-71.818 	-46.638 	116.511 	-0.029 	-0.021 	0.081 	
51.609 	-26.575 	67.102 	-0.005 	-0.025 	0.077 	
8.242 	-33.371 	208.363 	-0.071 	-0.060 	-0.019 	
118.906 	8.315 	18.582 	-0.116 	-0.048 	0.078 	
93.708 	-36.187 	107.878 	-0.081 	0.025 	-0.114 	
98.682 	-45.706 	23.276 	0.117 	0.021 	0.052 	
-14.223 	-118.014 	48.620 	-0.114 	-0.070 	-0.078 	
140.282 	-39.390 	50.797 	-0.175 	0.009 	-0.072 	
57.396 	-38.770 	27.908 	0.009 	0.196 	-0.066 	
44.448 	-82.066 	36.071 	-0.013 	0.090 	0.019 	
90.944 	-38.971 	38.544 	-0.039 	0.069 	0.085 	
609.828 	-158.420 	537.894 	0.267 	-0.090 	0.245 	
-24.624 	-68.041 	96.447 	0.047 	0.007 	-0.053 	
30.173 	-52.798 	26.900 	-0.226 	-0.034 	0.013 	
-413.696 	126.898 	182.065 	-0.065 	0.031 	0.041 	
-4.866 	12.871 	13.857 	0.049 	-0.047 	0.018 	
28.444 	-177.469 	-61.277 	-0.084 	0.004 	-0.000 	
-37.743 	-46.413 	91.960 	0.071 	0.039 	-0.044 	
-4307.618 	2577.723 	1543.895 	-1.005 	0.616 	0.365 	
68.998 	-87.706 	76.328 	-0.084 	-0.059 	0.083 	
171.275 	-70.595 	100.598 	0.079 	0.037 	0.039 	
172.297 	28.294 	71.113 	0.067 	0.018 	0.063 	
229.089 	-17.144 	-6.407 	0.027 	0.032 	-0.036 	
145.541 	25.091 	17.492 	-0.043 	-0.114 	0.011 	
103.880 	-54.119 	57.500 	0.121 	-0.071 	-0.040 	
75.066 	-29.921 	17.086 	0.001 	-0.120 	0.039 	
56.028 	-4.893 	39.093 	-0.013 	-0.054 	-0.080 	
65.560 	24.725 	-32.932 	-0.034 	-0.015 	-0.086 	
-60.433 	-49.142 	4.932 	-0.014 	-0.056 	0.008 	
-77.907 	-53.024 	33.747 	-0.024 	0.100 	0.103 	
-878.027 	322.176 	-218.303 	-0.174 	0.040 	-0.032 	
-39.284 	-67.759 	91.445 	-0.119 	0.067 	0.100 	
66.444 	-21.291 	31.317 	-0.148 	-0.014 	0.093 	
54.424 	-67.388 	42.781 	0.146 	0.039 	0.074 	
1641.009 	420.645 	-190.777 	0.910 	0.297 	-0.150 	
19.342 	-29.491 	29.225 	0.143 	0.052 	0.002 	
87.461 	-100.366 	58.539 	0.047 	-0.143 	0.052 	
-35.894 	-28.780 	43.068 	0.093 	0.013 	0.077 	
109.827 	-5.919 	16.715 	-0.131 	0.043 	-0.051 	
102.895 	-67.158 	50.636 	0.022 	-0.075 	-0.079 	
-12.016 	77.380 	27.144 	0.013 	0.083 	-0.050 	
-9.830 	-49.880 	35.119 	-0.108 	-0.131 	0.011 	
63.238 	-58.455 	44.512 	0.129 	-0.175 	-0.021 	
65.194 	-48.572 	87.221 	0.080 	-0.086 	0.068 	
47.010 	-23.353 	17.721 	0.102 	-0.133 	-0.070 	
-49.916 	-64.924 	80.302 	-0.029 	-0.067 	0.114 	
105.260 	-91.367 	42.760 	0.001 	-0.049 	-0.009 	
319.101 	-78.900 	-317.306 	0.104 	-0.022 	-0.142 	
-19.639 	-188.574 	163.418 	0.015 	0.062 	-0.022 	
68.239 	-71.332 	79.330 	0.092 	0.079 	-0.108 	
-27.718 	-135.040 	10.099 	-0.015 	-0.093 	0.048 	
-230.444 	232.212 	-805.949 	-0.046 	0.062 	-0.197 	
78.887 	-82.540 	20.669 	0.084 	-0.061 	-0.047 	
-548.022 	278.753 	-843.737 	-0.315 	0.182 	-0.494 	
6.810 	-41.868 	65.354 	-0.159 	-0.179 	0.082 	
-14.045 	-3.373 	49.113 	-0.135 	-0.027 	0.038 	
31.525 	-66.134 	92.604 	0.036 	-0.056 	-0.057 	
-58.373 	-18.268 	-86.275 	-0.097 	-0.060 	0.031 	
697.606 	-4796.818 	3379.177 	0.104 	-1.019 	0.717 	
49.756 	-197.516 	79.319 	0.056 	0.009 	-0.003 	
128.240 	-160.487 	81.881 	-0.076 	-0.110 	-0.044 	
-663.404 	-216.234 	463.306 	-0.337 	-0.089 	0.183 	
13.725 	19.360 	7.379 	0.058 	-0.109 	0.011 	
-22.994 	-36.114 	61.504 	0.242 	-0.023 	-0.023 	
82.259 	-213.028 	-48.837 	0.026 	0.020 	0.029 	
76.664 	-30.553 	17.137 	-0.122 	0.214 	0.067 	
-484.314 	-482.801 	-59.331 	-0.103 	-0.104 	-0.013 	
-10.219 	-51.648 	84.369 	-0.006 	-0.149 	0.036 	
94.523 	-35.445 	50.735 	0.023 	0.055 	-0.002 	
182.309 	-74.162 	61.496 	0.033 	0.001 	-0.026 	
-35.250 	-74.967 	-32.742 	0.049 	-0.008 	-0.038 	
1421.908 	-2248.299 	-1955.201 	0.262 	-0.439 	-0.391 	
280.033 	-155.601 	36.886 	-0.001 	0.000 	0.015 	
122.990 	-138.672 	12.688 	-0.139 	-0.086 	-0.040 	
-40.811 	-134.184 	18.606 	-0.049 	-0.099 	-0.032 	
23.755 	-60.493 	74.423 	0.129 	-0.052 	-0.018 	
-59.834 	-32.716 	55.423 	-0.149 	-0.018 	0.061 	
64.279 	-126.097 	31.620 	0.014 	0.154 	0.110 	
151.656 	-94.490 	7.816 	-0.051 	0.001 	0.024 	
57.105 	-43.625 	65.994 	0.212 	0.093 	0.148 	
97.712 	-25.662 	-1.408 	-0.085 	-0.080 	0.010 	
39.728 	-224.214 	150.111 	0.008 	0.021 	-0.022 	
151.826 	17.213 	-2.533 	0.035 	-0.051 	0.042 	
157.551 	-13.937 	26.481 	-0.027 	-0.002 	0.014 	
-36.910 	-63.092 	73.999 	0.036 	0.085 	-0.092 	
3.638 	-50.404 	86.248 	0.008 	-0.052 	0.145 	
4.483 	-155.877 	-5.689 	-0.097 	0.027 	0.109 	
125.175 	-177.157 	-46.163 	0.092 	0.040 	0.080 	
140.915 	-74.372 	-190.367 	-0.002 	-0.047 	-0.011 	
101.345 	-352.947 	395.073 	-0.073 	-0.259 	0.195 	
12.960 	-72.141 	53.169 	0.204 	-0.083 	-0.077 	
-1362.427 	-2795.376 	12128.947 	-0.288 	-0.579 	2.449 	
410.202 	125.827 	-99.455 	0.059 	-0.001 	-0.025 	
5.848 	85.080 	-43.196 	-0.076 	-0.020 	0.056 	
145.030 	92.026 	-19.957 	0.081 	-0.047 	0.051 	
-82.184 	-48.620 	132.290 	-0.085 	0.038 	-0.078 	
32.339 	-35.971 	41.406 	-0.005 	0.118 	0.154 	
1.194 	-51.116 	129.922 	0.089 	-0.028 	0.102 	
162.869 	18.771 	61.303 	-0.069 	0.089 	0.115 	
3.138 	-62.791 	37.774 	0.049 	-0.061 	0.137 	
-25.686 	-62.825 	34.671 	0.060 	0.042 	-0.036 	
-69.152 	-29.368 	19.705 	-0.052 	0.027 	0.072 	
33.066 	-73.810 	67.473 	-0.129 	0.102 	-0.095 	
175.064 	-81.962 	22.420 	0.024 	0.031 	0.096 	
-12.331 	-67.978 	75.166 	0.164 	0.035 	-0.069 	
-525.614 	-1709.703 	8.131 	-0.133 	-0.397 	-0.007 	
-63.053 	-51.187 	48.910 	0.046 	-0.033 	-0.109 	
-53.495 	-29.583 	0.323 	0.054 	0.038 	0.012 	
52.422 	-46.220 	45.172 	0.222 	-0.119 	-0.008 	
12.043 	-33.514 	56.761 	0.110 	-0.014 	-0.014 	
68.167 	-49.743 	-178.989 	-0.070 	0.006 	-0.016 	
147.313 	-60.008 	53.997 	0.125 	-0.070 	0.077 	
51.240 	-58.793 	35.977 	0.183 	-0.041 	0.018 	
70.970 	58.814 	-26.401 	0.057 	0.084 	-0.065 	
68.166 	-51.978 	12.573 	-0.156 	0.002 	0.175 	
-41.352 	-24.867 	33.104 	-0.167 	-0.044 	0.046 	
94.930 	-6.540 	67.703 	-0.010 	0.141 	-0.048 	
132.848 	11.852 	54.995 	-0.031 	-0.148 	-0.095 	
-34.860 	-77.171 	29.389 	-0.100 	0.158 	-0.009 	
-222.529 	155.691 	-666.127 	-0.055 	0.013 	-0.076 	
-13.971 	-54.794 	79.356 	-0.151 	0.045 	0.060 	
-963.206 	219.206 	-618.766 	-0.238 	0.063 	-0.168 	
1513.295 	-1157.547 	-149.988 	0.951 	-0.717 	-0.090 	
44.194 	-68.459 	76.542 	0.039 	-0.162 	-0.104 	
-53.976 	-82.189 	76.348 	-0.024 	-0.021 	-0.062 	
-63.339 	-55.265 	-25.550 	-0.029 	-0.067 	0.036 	
66.520 	-63.577 	80.131 	-0.036 	-0.066 	-0.017 	
-42.568 	-100.812 	31.901 	-0.145 	-0.013 	-0.053 	
-17.736 	-111.697 	59.248 	0.055 	0.022 	0.048 	
-227.204 	56.002 	31.066 	0.008 	-0.088 	0.028 	
49.362 	11.487 	-65.361 	0.072 	0.069 	-0.065 	
67.477 	-84.721 	141.367 	0.015 	-0.038 	-0.009 	
85.105 	-77.314 	48.647 	0.222 	-0.048 	-0.079 	
-2223.524 	2771.951 	1530.143 	-0.463 	0.559 	0.302 	
-31.732 	-183.936 	31.888 	0.024 	0.062 	-0.024 	
98.019 	88.253 	53.797 	0.025 	0.096 	0.013 	
153.303 	-28.095 	47.198 	0.089 	-0.046 	0.041 	
12.096 	-72.628 	54.910 	-0.192 	-0.024 	-0.131 	
-32.549 	-73.643 	-14.236 	-0.013 	0.075 	-0.108 	
-406.573 	283.638 	38.730 	-0.125 	0.073 	-0.018 	
16.025 	-70.247 	5.849 	-0.077 	-0.003 	-0.176 	
-40.162 	-78.074 	87.140 	0.103 	0.050 	0.025 	
111.530 	-183.118 	77.077 	0.124 	0.047 	-0.038 	
143.502 	-57.276 	-14.616 	0.133 	0.014 	0.040 	
254.205 	151.325 	-48.429 	0.016 	0.060 	-0.091 	
21.509 	-0.857 	-34.099 	-0.032 	0.028 	-0.075 	
-366.933 	-106.095 	66.152 	-0.183 	-0.049 	0.040 	
3.601 	-44.083 	39.870 	-0.050 	0.082 	0.162 	
2.212 	-89.252 	72.570 	-0.016 	0.115 	0.042 	
110.344 	-183.528 	43.639 	-0.058 	-0.086 	-0.030 	
51.105 	-4.882 	22.466 	0.086 	0.059 	0.081 	
118.657 	-30.117 	91.478 	0.064 	0.114 	0.102 	
66.439 	33.317 	114.393 	-0.092 	-0.017 	-0.104 	
65531.717 	5331.870 	52684.806 	23.366 	1.917 	18.839 	
18.629 	-107.779 	109.183 	0.049 	0.075 	0.026 	
140.185 	-43.350 	18.697 	0.091 	-0.070 	-0.095 	
129.114 	-27.828 	82.283 	0.170 	-0.048 	0.115 	
89.982 	-41.475 	38.419 	0.078 	0.102 	0.068 	
97.681 	65.864 	6.880 	-0.093 	0.017 	-0.079 	
-137.153 	-210.067 	0.764 	-0.043 	0.102 	0.009 	
-7.920 	-105.984 	-8.412 	0.092 	0.035 	0.175 	
111.080 	-4.087 	76.826 	0.006 	-0.146 	0.060 	
29.491 	-51.403 	34.890 	-0.056 	-0.022 	-0.004 	
87.428 	16.028 	110.724 	-0.056 	0.029 	-0.041 	
92.881 	-53.423 	157.736 	-0.132 	-0.016 	-0.054 	
-2.026 	1.144 	87.858 	-0.143 	-0.032 	-0.001 	
1037.047 	1923.816 	1991.684 	0.152 	0.345 	0.363 	
10.026 	-48.274 	29.276 	-0.103 	-0.243 	-0.030 	
-133.427 	5315.364 	-3453.828 	-0.072 	1.121 	-0.729 	
56.546 	-69.896 	70.605 	-0.152 	-0.036 	0.066 	
-5434.827 	-6918.158 	-2584.950 	-2.939 	-3.666 	-1.397 	
84.716 	36.252 	78.951 	-0.109 	-0.020 	-0.047 	
-6.541 	0.905 	-0.174 	0.082 	-0.099 	0.104 	
6098.886 	29876.068 	49134.707 	1.431 	6.974 	11.464 	
-46.558 	-107.552 	36.249 	-0.095 	-0.144 	0.071 	
35.548 	-121.088 	53.856 	0.043 	0.143 	-0.134 	
48.229 	-78.480 	12.837 	-0.119 	-0.201 	-0.147 	
145.101 	-48.838 	158.027 	0.017 	-0.033 	-0.121 	
146.301 	-72.040 	58.367 	-0.027 	-0.073 	-0.028 	
127.176 	-41.148 	71.195 	-0.100 	-0.117 	-0.041 	
-42.161 	-133.480 	73.799 	-0.036 	-0.115 	0.048 	
-395.670 	460.969 	-37.391 	-0.094 	0.028 	-0.014 	
143.093 	60.186 	2.149 	-0.118 	0.048 	-0.011 	
829.811 	-291.491 	320.059 	0.194 	-0.081 	0.082 	
-39.045 	-115.277 	31.332 	0.012 	0.019 	0.034 	
68.049 	-25.290 	97.689 	-0.014 	0.044 	-0.009 	
109.539 	-47.917 	46.669 	-0.086 	0.043 	0.159 	
146.784 	53.478 	45.912 	0.084 	-0.116 	-0.032 	
8.549 	-71.377 	31.073 	-0.136 	-0.114 	0.119 	
-111.524 	-28.369 	-5.899 	-0.048 	-0.016 	0.040 	
-0.244 	-34.580 	50.622 	0.183 	0.037 	0.125 	
51.023 	-58.909 	25.351 	0.080 	-0.166 	-0.083 	
-24.105 	-67.576 	108.733 	-0.096 	-0.109 	0.096 	
79.292 	-12.493 	35.480 	-0.007 	0.132 	0.026 	
73.485 	-73.434 	7.657 	0.006 	-0.073 	-0.148 	
621.249 	-875.638 	513.557 	0.143 	-0.201 	0.106 	
-555.146 	270.117 	179.463 	-0.089 	0.003 	0.041 	
-63.449 	-153.026 	65.539 	-0.156 	-0.082 	0.030 	
-58.192 	-68.899 	23.180 	0.002 	-0.070 	0.012 	
133.872 	-207.766 	62.183 	0.093 	-0.000 	0.004 	
-63.497 	-69.723 	11.891 	0.090 	0.034 	-0.091 	
31.583 	-61.628 	82.125 	0.114 	-0.075 	-0.089 	
-1089.728 	6720.892 	441.061 	-0.247 	1.412 	0.093 	
29.678 	-42.973 	30.292 	-0.038 	0.013 	0.294 	
-27.042 	-91.799 	45.768 	-0.132 	-0.008 	-0.052 	
-283.816 	-99.787 	96.071 	-0.046 	0.006 	-0.009 	
44.792 	3.487 	56.634 	-0.179 	0.018 	-0.020 	
56.197 	-58.530 	55.407 	-0.080 	0.176 	-0.157 	
-23.397 	-91.699 	-44.167 	0.051 	0.012 	0.050 	
51.214 	-32.729 	59.792 	-0.128 	-0.124 	0.127 	
16.358 	-16.308 	29.158 	-0.221 	-0.106 	-0.045 	
-8.288 	-98.697 	21.457 	-0.155 	-0.133 	-0.040 	
76.660 	-63.886 	53.514 	0.159 	-0.087 	0.023 	
-59.535 	-21.877 	90.865 	0.053 	0.055 	0.043 	
-2.696 	-86.757 	73.606 	-0.035 	-0.184 	0.150 	
-143.795 	67.807 	-73.228 	0.014 	-0.029 	0.005 	
31.854 	29.244 	-111.083 	-0.011 	0.002 	0.002 	
491.072 	97.193 	-12.195 	0.069 	0.037 	-0.001 	
77.377 	-101.341 	75.352 	-0.166 	-0.007 	0.031 	
-2694.190 	-3134.227 	-1472.090 	-0.522 	-0.568 	-0.262 	
-59.245 	-21.614 	6.241 	-0.172 	0.008 	0.012 	
129.093 	65.843 	135.464 	-0.002 	-0.054 	0.044 	
-753.240 	-1062.290 	472.001 	-0.183 	-0.261 	0.111 	
100.700 	-169.362 	108.846 	0.058 	-0.080 	0.052 	
-546.934 	209.406 	633.516 	-0.138 	0.065 	0.166 	
77.064 	-53.088 	28.681 	-0.135 	-0.091 	-0.089 	
97.588 	-51.017 	61.813 	0.008 	-0.068 	0.017 	
-22.566 	-52.035 	79.292 	0.185 	-0.002 	-0.031 	
32.161 	-19.134 	47.658 	-0.073 	-0.023 	0.056 	
87.343 	14.491 	36.369 	0.044 	0.096 	-0.033 	
-9.054 	-65.043 	44.550 	0.140 	-0.126 	-0.007 	
-13.181 	-1.890 	266.820 	0.023 	-0.045 	0.017 	
-4.120 	-12.211 	50.007 	-0.126 	0.133 	0.116 	
-6.450 	-66.445 	55.046 	-0.122 	0.259 	-0.055 	
31.700 	-52.641 	20.244 	0.106 	-0.040 	-0.260 	
70.626 	-29.810 	41.810 	-0.211 	-0.048 	0.007 	
-339.195 	-33.902 	69.388 	-0.045 	0.012 	0.024 	
145.404 	-84.370 	39.429 	-0.070 	0.010 	0.032 	
-8.374 	-3.007 	-10.301 	-0.039 	-0.080 	0.169 	
-31.961 	-115.458 	95.451 	-0.096 	-0.121 	0.013 	
53.084 	-46.308 	44.246 	0.033 	-0.026 	0.130 	
71.506 	127.138 	25.215 	0.098 	0.071 	0.011 	
84.379 	-62.382 	51.001 	0.113 	-0.002 	-0.035 	
65.298 	-54.932 	-15.045 	-0.111 	0.051 	-0.181 	
94.590 	15.452 	117.376 	-0.107 	-0.082 	-0.062 	
-1812.665 	8301.706 	10657.394 	-1.661 	6.956 	8.885 	
61.622 	12.400 	114.222 	-0.065 	-0.076 	-0.099 	
-20.997 	-19.120 	107.071 	-0.163 	-0.087 	-0.068 	
18.546 	-74.362 	66.016 	-0.117 	0.075 	0.014 	
-97.674 	108.848 	-42.321 	-0.141 	0.153 	-0.106 	
-83.758 	-234.313 	58.987 	0.001 	-0.006 	0.013 	
16.147 	45.697 	-18.130 	-0.009 	-0.044 	0.006 	
-85.278 	-28.725 	103.308 	-0.086 	-0.095 	0.057 	
-55.013 	-240.845 	67.894 	0.003 	-0.035 	-0.015 	
18.182 	-99.133 	56.277 	-0.119 	-0.001 	0.073 	
56.730 	-89.139 	77.540 	-0.192 	0.066 	0.076 	
-218.462 	-90.203 	-5.125 	0.030 	-0.027 	-0.017 	
-769.342 	-981.469 	3360.645 	-0.163 	-0.177 	0.622 	
-20.119 	-54.715 	123.356 	-0.073 	-0.013 	-0.170 	
-54.110 	-69.766 	113.463 	-0.008 	-0.011 	-0.000 	
71.288 	-40.597 	110.749 	0.011 	0.046 	0.159 	
-3.308 	-61.063 	-3.159 	-0.016 	-0.073 	-0.171 	
143.871 	-56.897 	-57.216 	0.009 	-0.015 	0.038 	
17.679 	-38.734 	40.915 	0.079 	-0.105 	-0.143 	
19.669 	-40.801 	28.457 	0.177 	0.042 	-0.008 	
-127.842 	-62.661 	74.303 	0.098 	0.003 	-0.077 	
-36.491 	-44.609 	27.170 	0.056 	-0.031 	0.078 	
-21.763 	-141.538 	-10.928 	0.045 	0.002 	-0.047 	
20.863 	-73.113 	65.642 	-0.072 	0.040 	0.184 	
62.319 	-60.334 	52.418 	-0.113 	-0.089 	-0.039 	
-69.464 	13.503 	87.073 	-0.007 	0.030 	0.009 	
57.874 	-27.075 	30.031 	-0.073 	-0.020 	-0.077 	
-76.646 	-7.859 	80.694 	-0.144 	0.029 	-0.015 	
11.962 	-109.433 	59.586 	-0.025 	-0.039 	0.040 	
88.223 	-133.682 	119.734 	0.016 	0.015 	0.004 	
-2.139 	-22.092 	49.248 	-0.113 	-0.074 	-0.062 	
-38.700 	-107.229 	88.062 	0.078 	0.029 	0.056 	
-553.598 	-899.150 	-1366.596 	-0.254 	-0.331 	-0.516 	
145.415 	0.077 	-29.818 	-0.019 	-0.007 	-0.061 	
114.542 	-65.833 	-72.433 	-0.119 	-0.031 	-0.044 	
246.842 	-25.014 	-1.061 	0.095 	-0.009 	-0.004 	
-57.614 	-64.368 	51.964 	-0.159 	-0.031 	-0.002 	
-7.348 	-54.297 	60.010 	-0.203 	-0.020 	0.154 	
71.318 	-147.887 	31.153 	0.028 	0.017 	0.171 	
-5.473 	-77.108 	17.640 	0.037 	-0.056 	-0.147 	
59.761 	-12.059 	29.478 	0.074 	-0.075 	-0.040 	
50.479 	-42.351 	206.416 	-0.122 	-0.043 	0.024 	
7.572 	-67.491 	111.752 	0.017 	-0.067 	-0.123 	
-59.299 	-102.202 	54.240 	0.007 	0.002 	-0.047 	
-202.747 	-6199.378 	-1060.843 	-0.060 	-1.309 	-0.223 	
-22.680 	43.344 	17.032 	-0.027 	0.102 	-0.056 	
117.377 	-72.093 	-21.388 	0.043 	0.013 	-0.088 	
-64533.672 	-5823.136 	-52886.952 	-23.128 	-2.071 	-18.899 	
-50.369 	-94.473 	-4.398 	-0.048 	0.056 	0.051 	
-22.522 	24.906 	-7.554 	0.082 	-0.033 	0.073 	
49.067 	-18.810 	-3.553 	0.073 	0.073 	0.068 	
19.964 	-95.503 	14.073 	0.055 	0.132 	-0.033 	
42.633 	72.689 	107.382 	-0.023 	0.001 	-0.043 	
-40.253 	-101.120 	24.690 	0.036 	0.039 	-0.080 	
-2.089 	-37.948 	53.484 	0.163 	-0.085 	0.122 	
21.363 	-37.292 	45.092 	-0.179 	-0.151 	-0.148 	
-47.830 	-5.062 	74.945 	-0.102 	-0.006 	-0.054 	
2182.940 	-8420.536 	-10543.109 	1.676 	-7.008 	-8.818 	
144.198 	-13.241 	-17.931 	0.118 	0.032 	-0.002 	
-0.310 	-55.043 	41.415 	-0.184 	0.150 	-0.125 	
-148.069 	-7.714 	70.536 	0.023 	-0.035 	-0.028 	
3767.402 	-2887.111 	-2304.022 	0.881 	-0.661 	-0.534 	
-67.802 	52.476 	-5.618 	-0.013 	0.038 	0.012 	
-970.790 	-484.188 	363.236 	-0.708 	-0.257 	0.188 	
-26.174 	-111.133 	-25.988 	0.018 	-0.036 	0.005 	
