## Las primeras 500 lineas corresponden a la esfera 1 
##las siguienets 500 lineas a la esfera 2
## Las primeras tres columnas corresponden a la posición en 'x', 'y' y 'z', las siguientes tres a las velocidades
-126.207 	-166.104 	35.596 	-0.022 	-0.043 	0.033 	
36.352 	-37.954 	29.230 	-0.031 	0.060 	0.019 	
32.450 	-34.049 	45.360 	-0.102 	0.120 	-0.050 	
-1826.077 	2182.330 	-351.319 	-0.336 	0.400 	-0.072 	
89.496 	-106.490 	36.308 	0.155 	-0.059 	0.072 	
78.502 	-46.222 	33.591 	0.099 	0.056 	0.047 	
27.540 	-51.592 	34.674 	-0.017 	0.230 	-0.046 	
15.360 	-89.784 	72.070 	0.145 	0.023 	0.099 	
81.730 	-41.890 	50.290 	-0.147 	0.031 	0.058 	
-27.633 	-31.380 	33.239 	0.106 	0.047 	0.063 	
-366.909 	1971.135 	-1060.173 	-0.072 	0.379 	-0.203 	
25.386 	-38.045 	55.214 	-0.041 	-0.036 	-0.117 	
1396.271 	-1853.122 	1314.903 	0.266 	-0.350 	0.250 	
14.872 	-44.058 	51.629 	-0.034 	0.242 	-0.007 	
49.645 	-74.039 	54.248 	0.159 	-0.106 	-0.088 	
146.829 	7.662 	-22.913 	-0.002 	-0.025 	0.008 	
46.280 	-25.883 	24.655 	0.172 	-0.081 	0.160 	
-55.992 	55.515 	129.684 	-0.107 	0.058 	-0.065 	
18.994 	-48.111 	65.898 	-0.053 	-0.037 	0.018 	
80.514 	-115.377 	12.487 	0.036 	-0.105 	-0.027 	
96.738 	-18.590 	3.464 	0.028 	-0.184 	-0.020 	
55.908 	25.183 	87.206 	0.132 	-0.101 	-0.066 	
18.001 	-5.766 	13.379 	-0.035 	-0.049 	0.031 	
118.534 	-103.144 	108.457 	0.107 	0.006 	-0.013 	
-39.229 	-64.012 	70.608 	-0.065 	-0.036 	0.021 	
-102.758 	-122.053 	111.688 	-0.107 	-0.060 	0.050 	
6.208 	-52.138 	53.046 	0.062 	0.105 	0.014 	
-1.575 	-83.608 	38.872 	-0.149 	0.050 	-0.003 	
-210.171 	-53.811 	33.230 	-0.006 	-0.002 	0.090 	
127.874 	2.135 	20.302 	-0.028 	0.006 	-0.110 	
-194.466 	108.308 	38.991 	-0.015 	-0.042 	0.019 	
55.975 	-49.798 	-6.084 	0.007 	0.004 	0.056 	
64.716 	15.550 	47.514 	-0.048 	0.016 	0.068 	
2.848 	-36.983 	63.098 	0.042 	-0.044 	0.071 	
21.295 	-68.964 	27.505 	-0.137 	0.162 	-0.011 	
93.422 	-84.059 	37.702 	0.003 	-0.048 	0.017 	
-24.792 	-205.645 	158.713 	-0.057 	0.032 	-0.063 	
43.041 	-53.686 	52.842 	0.221 	0.070 	-0.096 	
-173.309 	-66.638 	101.491 	0.062 	0.002 	-0.023 	
33.711 	-71.813 	52.556 	0.028 	-0.088 	0.027 	
54.154 	-82.319 	65.465 	0.008 	-0.012 	-0.007 	
52.941 	-31.802 	25.930 	0.007 	-0.019 	0.034 	
-66.856 	-109.901 	49.152 	-0.008 	-0.031 	0.052 	
92.716 	-10.511 	89.708 	0.131 	0.016 	0.076 	
34.056 	4.857 	29.042 	-0.116 	0.149 	0.035 	
42.161 	-55.552 	-10.437 	-0.079 	0.017 	0.012 	
-54.900 	-93.680 	88.312 	0.154 	0.058 	0.029 	
56.578 	-53.603 	40.029 	0.065 	-0.043 	-0.100 	
97.354 	-37.858 	62.509 	-0.072 	0.213 	0.006 	
46.428 	-50.415 	53.611 	0.002 	0.016 	-0.146 	
165.006 	179.181 	207.577 	-0.027 	-0.010 	-0.009 	
110.083 	2.493 	82.771 	-0.039 	-0.015 	0.057 	
36.314 	-78.894 	69.727 	-0.134 	0.096 	-0.061 	
12.003 	-103.481 	17.174 	-0.116 	0.029 	0.055 	
31.521 	-71.661 	41.414 	-0.004 	0.045 	-0.073 	
70.961 	-99.736 	128.984 	0.056 	-0.007 	0.050 	
81.106 	-148.586 	16.630 	0.038 	0.075 	0.090 	
-62.567 	-112.664 	67.029 	0.044 	0.122 	0.027 	
165.193 	-241.961 	-7.938 	-0.004 	-0.004 	-0.008 	
31.074 	-43.599 	95.592 	-0.093 	-0.062 	-0.038 	
-87.213 	-47.979 	9.665 	0.002 	-0.000 	0.011 	
-11.844 	-26.116 	81.238 	-0.151 	-0.045 	-0.087 	
-132.128 	-172.426 	-5.430 	-0.082 	-0.062 	-0.007 	
78.103 	-139.887 	42.246 	0.029 	-0.089 	-0.009 	
55.772 	40.282 	49.942 	0.078 	0.173 	0.028 	
27.692 	-17.768 	51.451 	0.038 	-0.090 	-0.111 	
-903.902 	-1573.313 	-1280.330 	-0.179 	-0.289 	-0.237 	
40.895 	-195.819 	173.273 	-0.028 	-0.052 	0.053 	
-3.689 	-51.711 	71.429 	-0.086 	0.008 	-0.011 	
-17.869 	-45.812 	-34.722 	0.008 	0.052 	0.091 	
-37.883 	-71.632 	81.746 	-0.045 	0.060 	-0.055 	
38.099 	-54.742 	57.445 	0.058 	0.036 	0.095 	
121.281 	-171.195 	-69.244 	-0.019 	0.042 	0.009 	
60.647 	-79.246 	80.581 	-0.094 	-0.023 	0.094 	
36.258 	-59.495 	44.453 	0.028 	0.012 	0.030 	
-10.040 	-94.113 	-87.707 	0.087 	-0.032 	-0.063 	
-25.099 	-66.509 	71.650 	0.159 	-0.125 	-0.093 	
747.806 	1126.312 	1982.153 	0.134 	0.198 	0.351 	
47.044 	-86.038 	41.490 	0.058 	0.176 	-0.049 	
32.833 	-60.245 	23.328 	-0.019 	-0.021 	0.051 	
-95.005 	-49.386 	165.614 	-0.013 	-0.032 	0.059 	
-85.579 	-110.227 	56.370 	0.079 	0.051 	0.061 	
-3.039 	23.144 	122.681 	0.082 	-0.093 	-0.043 	
-88.521 	-370.092 	578.839 	-0.001 	-0.027 	0.060 	
96.116 	-49.786 	32.400 	-0.120 	0.140 	-0.056 	
269.206 	-48.325 	85.394 	-0.013 	-0.002 	-0.037 	
63.079 	-48.447 	135.073 	0.076 	-0.030 	0.123 	
-20.942 	-91.701 	23.188 	0.122 	0.028 	0.070 	
66.932 	-57.383 	40.485 	-0.009 	0.118 	-0.028 	
67.404 	-45.073 	87.272 	-0.110 	0.098 	0.089 	
63.199 	-78.964 	130.420 	-0.100 	0.022 	0.021 	
-98.177 	-50.414 	-110.171 	-0.072 	0.019 	0.068 	
100.670 	-23.654 	71.560 	-0.004 	-0.006 	-0.091 	
-108.021 	-41.841 	-45.191 	-0.029 	-0.130 	0.060 	
-15.756 	-39.903 	67.063 	0.052 	0.027 	-0.163 	
91.435 	-244.657 	3.007 	-0.031 	-0.022 	-0.013 	
-4.818 	-49.937 	65.469 	-0.019 	-0.025 	-0.002 	
3281.884 	-3532.344 	-5.982 	0.612 	-0.667 	0.004 	
4754.881 	-4368.658 	-9084.635 	0.871 	-0.795 	-1.651 	
41.317 	-73.124 	54.380 	0.086 	-0.259 	-0.096 	
38.571 	-35.592 	23.158 	-0.104 	0.105 	0.045 	
-50.986 	-101.340 	-46.828 	0.033 	-0.030 	0.033 	
38.410 	-37.720 	46.455 	0.072 	0.077 	0.176 	
20.744 	-70.664 	71.412 	-0.138 	0.041 	0.015 	
4203.266 	-2952.074 	2523.023 	0.754 	-0.523 	0.450 	
-4063.326 	5361.021 	9662.298 	-0.730 	0.971 	1.752 	
2623.162 	-68.988 	216.310 	0.616 	-0.008 	0.048 	
-1093.921 	937.395 	397.277 	-0.689 	0.598 	0.250 	
34.502 	-72.821 	65.096 	-0.033 	0.067 	0.138 	
562.400 	-108.035 	249.777 	0.049 	0.031 	0.028 	
32.489 	-62.516 	46.743 	0.023 	-0.007 	-0.008 	
112.671 	-25.603 	56.959 	-0.003 	-0.038 	0.094 	
-1590.901 	-519.177 	120.171 	-0.438 	-0.104 	0.022 	
254.476 	59.760 	-71.469 	0.002 	0.034 	-0.002 	
101.570 	12.059 	21.644 	-0.031 	0.066 	-0.004 	
15.137 	-64.678 	62.534 	-0.072 	-0.073 	0.003 	
76.446 	22.766 	66.582 	0.008 	0.038 	-0.086 	
235.220 	-342.820 	25.870 	0.047 	0.038 	-0.019 	
3.196 	-107.183 	107.238 	0.105 	0.084 	0.116 	
-35.812 	-60.448 	84.383 	0.157 	-0.057 	-0.005 	
-157.270 	-116.591 	-122.846 	-0.056 	0.010 	0.066 	
-30.084 	-147.229 	93.780 	0.083 	0.089 	0.058 	
49.750 	-73.741 	79.001 	-0.083 	-0.047 	-0.193 	
18.414 	6.906 	81.323 	0.006 	0.072 	0.043 	
410.365 	70.768 	74.863 	0.016 	-0.024 	-0.006 	
-50.062 	-42.512 	69.726 	-0.052 	-0.111 	-0.009 	
29.224 	-50.542 	45.843 	0.001 	-0.013 	0.002 	
-67.754 	-36.499 	91.207 	0.044 	-0.052 	-0.030 	
83.093 	-64.816 	15.292 	-0.126 	0.050 	-0.066 	
131.445 	-60.029 	41.181 	0.068 	-0.118 	-0.051 	
43.820 	-82.765 	57.202 	-0.091 	-0.139 	0.003 	
94.519 	-48.571 	62.295 	0.098 	-0.036 	0.082 	
23.247 	-62.678 	22.530 	0.206 	0.024 	-0.095 	
267.335 	464.380 	-185.854 	0.304 	0.657 	-0.273 	
46.435 	-65.964 	37.309 	-0.058 	-0.051 	0.032 	
46.240 	-97.326 	154.957 	-0.034 	-0.057 	0.052 	
64.151 	-76.903 	53.903 	-0.052 	-0.022 	-0.052 	
-190.249 	-282.480 	124.107 	-0.056 	-0.127 	0.013 	
-24601.757 	-7277.953 	-14615.555 	-5.694 	-1.675 	-3.368 	
-3181.467 	2713.029 	-1627.109 	-0.556 	0.480 	-0.285 	
48.313 	-1.658 	-14.613 	0.030 	-0.029 	0.081 	
-1284.983 	-252.302 	814.286 	-0.289 	-0.060 	0.174 	
895.430 	83.607 	-153.498 	0.193 	0.017 	-0.064 	
-3.295 	-104.004 	70.053 	0.109 	0.070 	0.143 	
-176.189 	617.775 	-193.154 	-0.671 	1.961 	-0.680 	
108.452 	-32.836 	65.274 	0.002 	-0.132 	0.074 	
-70.500 	-45.652 	104.761 	0.045 	-0.143 	0.027 	
-133.712 	-38.483 	110.325 	-0.009 	0.033 	0.034 	
-43.119 	-40.549 	47.541 	-0.051 	-0.152 	-0.150 	
112.616 	-683.413 	272.205 	0.195 	-1.943 	0.717 	
37.446 	-26.208 	56.212 	-0.020 	-0.020 	0.205 	
-87.101 	-131.574 	-18.018 	-0.029 	-0.053 	0.000 	
50.781 	-57.390 	89.935 	-0.014 	-0.105 	0.094 	
25.706 	-87.755 	29.480 	-0.113 	-0.032 	-0.079 	
20.166 	-95.382 	50.158 	-0.109 	-0.052 	0.040 	
-50.103 	-102.922 	8.124 	0.125 	-0.021 	0.027 	
-20.727 	-35.258 	64.078 	-0.101 	-0.007 	0.003 	
60.885 	-29.565 	31.912 	0.056 	-0.029 	-0.024 	
600.010 	400.821 	-582.480 	0.105 	0.095 	-0.119 	
105.159 	-43.488 	23.420 	0.028 	0.109 	0.050 	
-20.404 	-46.716 	16.040 	0.080 	0.142 	0.109 	
-161.113 	-73.789 	125.870 	-0.070 	0.050 	-0.063 	
-169.096 	142.961 	243.294 	-0.044 	-0.011 	0.024 	
42.212 	-61.250 	24.977 	-0.127 	0.090 	-0.013 	
-74.401 	-76.916 	116.913 	0.039 	-0.112 	0.017 	
-25.640 	-46.290 	-12.266 	0.111 	-0.013 	0.086 	
62.986 	-71.150 	36.827 	-0.106 	-0.224 	-0.120 	
139.305 	-13.437 	8.321 	0.049 	-0.045 	0.055 	
-75.294 	-36.001 	42.825 	0.075 	0.084 	-0.031 	
78.616 	11.796 	32.113 	-0.056 	-0.046 	0.016 	
55.607 	-27.016 	74.851 	-0.164 	-0.218 	0.009 	
1022.913 	-18337.709 	-10621.718 	0.817 	-15.883 	-9.238 	
28.140 	-44.949 	38.174 	0.231 	0.130 	-0.049 	
27.196 	-68.430 	-3.516 	0.117 	-0.104 	0.063 	
73.099 	-81.722 	9.926 	-0.045 	-0.035 	0.098 	
196.649 	-61.064 	5.360 	-0.073 	-0.062 	-0.029 	
54.208 	-43.291 	20.904 	0.000 	-0.017 	0.008 	
78.297 	39.431 	88.306 	0.061 	0.065 	-0.054 	
213.929 	-8.275 	-251.939 	-0.013 	-0.029 	0.021 	
142.711 	-131.825 	-8.442 	-0.029 	-0.028 	0.003 	
3.992 	-59.669 	67.242 	0.153 	-0.074 	-0.161 	
-45.487 	-58.588 	108.057 	0.088 	-0.029 	-0.126 	
25.971 	-32.528 	53.203 	-0.041 	0.010 	0.070 	
-114.032 	-115.160 	76.516 	-0.041 	0.061 	-0.068 	
-22.975 	-42.695 	-5.964 	0.142 	0.002 	-0.150 	
5.142 	-59.446 	65.381 	-0.113 	-0.113 	-0.012 	
109.760 	-67.511 	-20.117 	-0.085 	-0.175 	-0.090 	
-559.440 	375.246 	815.824 	-0.204 	0.103 	0.213 	
29.557 	-107.500 	55.394 	0.194 	-0.026 	0.087 	
266.537 	1.749 	7.012 	-0.067 	-0.044 	-0.041 	
122.982 	-4.322 	49.788 	0.095 	0.029 	-0.139 	
36.582 	-40.256 	48.687 	0.072 	0.028 	-0.014 	
-201.291 	-446.840 	223.058 	-0.315 	-0.539 	0.266 	
-74.341 	-127.728 	67.324 	0.027 	-0.041 	0.007 	
-170.761 	-90.090 	16.971 	-0.030 	-0.023 	-0.001 	
-22.982 	-66.342 	54.431 	0.030 	-0.032 	-0.036 	
3957.935 	459.099 	785.263 	0.887 	0.117 	0.177 	
54.792 	-64.746 	16.911 	0.027 	-0.117 	-0.016 	
109.439 	-95.999 	12.277 	0.058 	0.048 	0.034 	
28.257 	-46.272 	104.810 	-0.104 	-0.019 	0.016 	
69.651 	-43.105 	4.365 	-0.117 	0.055 	-0.037 	
-2.896 	-124.586 	36.688 	0.211 	-0.111 	-0.099 	
79.123 	-64.486 	14.094 	-0.069 	-0.159 	-0.134 	
-1.100 	-73.538 	65.729 	-0.097 	0.041 	0.058 	
188.655 	-302.825 	612.682 	0.010 	-0.053 	0.099 	
-112.357 	-39.915 	-3.767 	-0.104 	0.038 	0.029 	
53.099 	-62.037 	-64.819 	-0.010 	-0.076 	-0.087 	
959.115 	-1036.472 	-320.337 	0.393 	-0.402 	-0.133 	
-27.270 	-69.007 	37.986 	0.008 	-0.100 	0.123 	
90.080 	14.694 	78.152 	-0.048 	-0.006 	0.034 	
85.746 	-74.263 	135.830 	0.012 	0.032 	0.022 	
608.182 	-253.293 	118.170 	0.051 	-0.028 	-0.003 	
103.210 	-68.958 	52.324 	-0.122 	-0.015 	0.045 	
73.663 	-4.484 	11.859 	-0.084 	-0.062 	0.081 	
-25.109 	-72.017 	-41.193 	0.050 	-0.070 	0.105 	
317.596 	-79.815 	-0.675 	-0.038 	0.010 	0.037 	
-122.109 	10.009 	54.428 	-0.070 	-0.033 	-0.099 	
37.798 	-26.801 	73.318 	-0.144 	-0.214 	-0.092 	
10.691 	-149.232 	43.634 	-0.050 	-0.101 	0.101 	
8.076 	-50.895 	20.736 	-0.086 	-0.008 	-0.024 	
-72.343 	-133.718 	49.855 	-0.013 	0.088 	0.051 	
122.954 	-51.620 	-17.983 	-0.005 	-0.090 	0.052 	
149.089 	-27.359 	-6.888 	-0.177 	-0.014 	0.017 	
4.201 	-45.397 	72.651 	0.183 	0.055 	-0.114 	
82.107 	-33.080 	-37.166 	0.046 	-0.006 	-0.061 	
5.580 	-94.228 	19.536 	0.103 	0.094 	0.034 	
25.196 	-89.257 	25.127 	-0.013 	-0.024 	-0.008 	
-29.977 	-36.285 	1.116 	0.013 	-0.025 	-0.082 	
10.797 	-55.494 	35.649 	-0.134 	-0.049 	0.015 	
-61.893 	-44.856 	26.089 	0.074 	0.053 	0.093 	
-69.328 	-12.691 	49.354 	0.056 	-0.033 	0.090 	
9.141 	-59.684 	43.001 	-0.133 	0.083 	0.059 	
122.762 	-35.374 	87.526 	0.116 	0.047 	0.078 	
-60.220 	-125.923 	81.914 	0.101 	-0.048 	-0.023 	
-90.470 	27.554 	51.458 	-0.058 	-0.101 	0.030 	
361.943 	-504.569 	-331.576 	0.037 	-0.120 	-0.081 	
-9.132 	-64.551 	73.789 	-0.175 	-0.118 	0.037 	
66.553 	8.379 	92.011 	-0.022 	-0.043 	-0.063 	
-124.858 	-150.178 	-22.300 	0.070 	-0.001 	-0.007 	
-117.850 	-2.044 	-28.804 	-0.061 	0.087 	-0.065 	
-97.882 	-43.314 	105.811 	-0.073 	-0.116 	0.043 	
21.784 	-47.044 	62.294 	-0.051 	0.103 	0.033 	
117.975 	-23.027 	89.796 	-0.008 	-0.138 	0.128 	
128.448 	-124.192 	30.860 	-0.119 	-0.158 	-0.055 	
5851.534 	6785.907 	2542.110 	3.031 	3.585 	1.316 	
538.329 	-117.623 	-75.830 	0.163 	-0.035 	-0.032 	
86.159 	4.848 	13.389 	-0.086 	-0.056 	0.066 	
17.319 	-21.811 	46.497 	-0.078 	-0.012 	0.129 	
-14.303 	-198.149 	76.282 	0.022 	0.034 	0.070 	
29.643 	-50.028 	78.645 	0.192 	-0.045 	-0.055 	
1788.238 	1125.990 	399.997 	0.330 	0.215 	0.073 	
-100.502 	-73.895 	90.196 	-0.026 	-0.122 	0.041 	
101.919 	-84.719 	58.596 	-0.012 	-0.013 	0.079 	
227.331 	-17.175 	80.271 	-0.035 	0.007 	-0.129 	
93.461 	-66.397 	78.150 	0.001 	0.116 	0.037 	
-7.906 	-18.531 	51.598 	0.116 	-0.085 	0.083 	
12.928 	-104.572 	142.336 	-0.109 	-0.016 	0.042 	
-26.903 	-34.424 	-52.365 	0.121 	0.031 	-0.073 	
1885.578 	1096.600 	-1172.923 	0.345 	0.210 	-0.211 	
30.733 	-15.789 	62.575 	-0.110 	0.104 	0.037 	
-967.953 	18099.641 	10581.653 	-0.911 	15.733 	9.160 	
16.296 	26.168 	-0.774 	0.032 	0.073 	-0.094 	
-69.878 	-110.559 	-45.600 	-0.084 	0.009 	-0.064 	
47.535 	-63.601 	28.710 	0.006 	0.107 	0.073 	
-128.766 	-145.496 	-21.817 	0.050 	0.041 	-0.079 	
59.599 	-130.790 	-1.411 	-0.032 	-0.042 	-0.137 	
33.331 	-71.998 	145.121 	-0.059 	-0.061 	-0.134 	
-3243.857 	-351.269 	-124.354 	-0.714 	-0.066 	-0.025 	
-93.403 	-69.354 	163.722 	-0.040 	0.038 	0.132 	
-10.351 	-3.867 	-66.441 	-0.020 	0.030 	-0.015 	
11.608 	-25.680 	40.556 	-0.088 	0.093 	-0.086 	
28.945 	-26.144 	-10.378 	0.002 	-0.034 	0.060 	
52.176 	-44.193 	36.635 	-0.069 	-0.154 	0.113 	
32.914 	-89.585 	10.634 	0.061 	-0.034 	-0.018 	
24.898 	2.720 	19.946 	-0.011 	0.099 	0.058 	
33.311 	-61.153 	68.428 	-0.224 	-0.131 	-0.066 	
92.677 	-46.729 	59.104 	-0.176 	-0.039 	-0.017 	
1869.030 	-349.506 	63.532 	0.407 	-0.081 	0.006 	
56.787 	-81.035 	-19.354 	-0.103 	0.128 	0.117 	
45.070 	-30.391 	72.046 	0.100 	-0.023 	-0.027 	
-13.799 	-55.285 	-3.883 	-0.045 	0.074 	0.151 	
68.263 	-89.341 	54.884 	0.110 	0.140 	-0.038 	
-1046.431 	-540.204 	-2319.740 	-0.189 	-0.102 	-0.421 	
131.520 	-35.418 	11.823 	-0.030 	-0.025 	-0.104 	
88.582 	-57.878 	92.830 	-0.227 	0.049 	0.106 	
28.264 	-52.711 	45.257 	0.174 	0.064 	-0.023 	
10.509 	-95.493 	78.662 	0.065 	-0.208 	-0.038 	
55.221 	-98.984 	52.554 	0.011 	0.056 	-0.062 	
71.308 	-80.520 	10.152 	0.006 	0.057 	0.091 	
-34.566 	-35.518 	204.265 	-0.096 	0.010 	0.030 	
28.411 	-48.890 	36.041 	0.030 	0.021 	0.280 	
41.539 	-74.425 	38.045 	0.012 	0.110 	0.115 	
36.322 	-31.458 	46.565 	0.200 	-0.127 	-0.115 	
56.571 	-19.484 	59.505 	-0.052 	-0.037 	-0.090 	
44.929 	-54.880 	37.310 	0.087 	0.064 	0.026 	
55.359 	-59.721 	27.709 	-0.106 	-0.166 	-0.011 	
352.005 	-330.172 	32.907 	-0.029 	-0.050 	-0.000 	
-120.987 	-73.851 	70.144 	-0.087 	-0.031 	0.065 	
65.700 	-62.258 	52.733 	-0.016 	-0.070 	0.055 	
4.438 	-61.211 	83.761 	-0.000 	0.051 	0.009 	
69.134 	-2.886 	63.459 	-0.109 	0.002 	0.041 	
32.085 	-44.676 	1.300 	-0.043 	0.018 	0.108 	
-4.323 	-65.561 	67.612 	0.008 	-0.054 	0.069 	
26.001 	-18.548 	20.662 	-0.020 	-0.152 	-0.045 	
18.616 	-49.467 	27.469 	0.166 	-0.003 	-0.212 	
36.522 	-22.744 	6.072 	0.152 	0.066 	0.026 	
-205.604 	-30.814 	34.415 	-0.078 	0.066 	0.027 	
54.555 	-98.709 	-16.278 	0.002 	-0.110 	0.068 	
-13.910 	-71.647 	41.333 	0.084 	0.022 	0.090 	
6.171 	-66.679 	-29.736 	-0.013 	0.017 	0.123 	
27.346 	-88.989 	45.851 	0.022 	0.010 	-0.042 	
94.499 	-70.287 	60.425 	-0.146 	-0.073 	0.025 	
-38.027 	-48.002 	11.923 	-0.133 	-0.142 	-0.105 	
-24.430 	-183.227 	-69.434 	-0.060 	0.035 	0.090 	
-891.146 	-1543.398 	1514.304 	-0.182 	-0.287 	0.299 	
128.811 	-261.337 	8.923 	-0.007 	-0.052 	-0.011 	
120.350 	-100.673 	3.256 	0.094 	0.077 	0.098 	
59.703 	-50.678 	86.561 	0.083 	-0.090 	-0.250 	
15.534 	-63.036 	46.411 	0.044 	-0.009 	-0.012 	
-10.920 	-67.176 	70.475 	-0.038 	-0.046 	-0.014 	
134.554 	-19.043 	68.140 	-0.023 	0.011 	0.165 	
106.603 	-34.813 	147.667 	0.078 	-0.020 	0.070 	
29.537 	-76.209 	90.276 	0.122 	0.016 	0.127 	
44.469 	-47.328 	42.792 	-0.217 	-0.076 	0.020 	
-734.549 	18.909 	-899.870 	-0.309 	0.050 	-0.435 	
72.985 	-61.988 	52.084 	0.155 	0.108 	0.055 	
93.104 	1.135 	45.708 	0.127 	0.068 	0.116 	
110.329 	-62.015 	28.004 	-0.009 	0.044 	0.095 	
88.283 	-61.384 	15.861 	-0.007 	-0.161 	-0.061 	
-979.440 	3819.251 	417.857 	-0.192 	0.719 	0.084 	
-6.627 	147.129 	-73.233 	-0.047 	0.003 	0.061 	
-44.994 	-65.753 	68.843 	0.106 	0.007 	0.161 	
60.191 	-50.071 	22.099 	-0.106 	-0.128 	0.012 	
189.776 	-132.212 	-6.349 	-0.012 	0.110 	0.085 	
35.754 	-24.224 	43.791 	0.024 	-0.016 	0.159 	
-54.504 	-152.847 	-14.643 	-0.101 	-0.102 	-0.037 	
37.200 	-71.470 	57.416 	0.132 	-0.014 	0.078 	
68.096 	-37.917 	31.135 	0.021 	-0.011 	0.081 	
26.596 	-57.509 	19.106 	0.167 	-0.141 	-0.014 	
-299.908 	-45.383 	66.751 	-0.083 	-0.039 	-0.002 	
-84.375 	-94.163 	-13.385 	-0.079 	0.012 	-0.128 	
88.715 	-91.653 	62.621 	-0.018 	0.191 	-0.037 	
-34.586 	-46.837 	41.836 	0.200 	0.061 	-0.027 	
99.563 	-46.940 	116.231 	0.020 	-0.051 	0.082 	
61.961 	-58.814 	50.670 	0.230 	-0.056 	0.001 	
-93.077 	-48.894 	105.095 	0.114 	0.002 	-0.001 	
-74.470 	-33.650 	92.748 	0.029 	-0.105 	-0.091 	
138.332 	-41.149 	4.707 	0.012 	0.004 	0.013 	
116.690 	-4.599 	57.808 	-0.066 	-0.045 	-0.011 	
89.808 	-40.308 	-33.221 	-0.110 	-0.115 	0.127 	
2.803 	-83.085 	72.266 	0.100 	-0.014 	0.047 	
-22.307 	-38.729 	90.103 	0.103 	-0.021 	-0.017 	
51.490 	-45.153 	42.315 	-0.092 	-0.060 	-0.029 	
-86.110 	-52.422 	115.775 	-0.121 	-0.106 	0.033 	
219.076 	62.927 	-142.081 	0.021 	-0.005 	-0.021 	
136.640 	-39.127 	83.377 	-0.018 	0.067 	-0.016 	
103.545 	-38.826 	48.427 	-0.175 	-0.070 	0.026 	
-24.486 	-51.921 	66.852 	-0.059 	0.134 	0.217 	
115.360 	-18.146 	9.096 	0.092 	-0.107 	0.052 	
-845.929 	-446.295 	642.939 	-0.278 	-0.125 	0.149 	
17.147 	-56.056 	28.612 	-0.113 	-0.061 	0.119 	
55.296 	-107.551 	50.230 	0.071 	0.007 	0.024 	
-49.643 	-68.357 	23.871 	-0.056 	0.017 	0.020 	
91.128 	-0.923 	45.749 	0.012 	0.086 	-0.114 	
-87.726 	-72.464 	92.385 	-0.160 	0.048 	0.038 	
-86.888 	-83.079 	-47.563 	0.114 	0.019 	0.033 	
369.251 	-267.160 	-437.384 	0.047 	-0.036 	-0.021 	
50.641 	-62.089 	32.728 	0.211 	-0.094 	0.129 	
62.475 	-84.525 	68.024 	0.018 	0.022 	-0.206 	
63.158 	-113.607 	-1.831 	0.057 	-0.051 	0.051 	
84.605 	-65.389 	-10.114 	0.146 	-0.046 	0.057 	
106.894 	42.675 	0.544 	-0.186 	0.028 	-0.012 	
-539.474 	-168.106 	194.627 	-0.137 	-0.045 	0.007 	
549.669 	-670.473 	-77.358 	0.078 	-0.095 	-0.004 	
228.528 	35.006 	57.780 	0.062 	0.054 	-0.017 	
54.496 	-21.692 	51.523 	-0.121 	0.075 	-0.042 	
28.313 	-98.914 	34.496 	-0.091 	-0.063 	0.044 	
-57.184 	-65.296 	90.292 	-0.038 	-0.084 	-0.015 	
4.529 	-44.772 	50.311 	0.159 	-0.180 	-0.065 	
74.586 	-67.730 	-4.444 	0.024 	-0.064 	-0.124 	
25.629 	-41.662 	25.759 	-0.122 	0.075 	-0.009 	
-10.363 	-185.712 	-3.007 	-0.028 	-0.019 	-0.033 	
-11.266 	-90.811 	51.194 	0.200 	0.114 	0.084 	
-8.004 	-232.691 	30.786 	0.028 	0.003 	0.033 	
14.792 	-28.083 	46.687 	0.001 	-0.089 	-0.108 	
235.171 	-134.871 	70.081 	-0.010 	0.113 	-0.012 	
65.508 	-55.478 	23.896 	0.206 	0.005 	-0.023 	
68.844 	-51.276 	13.217 	-0.165 	0.020 	-0.086 	
-86.140 	-95.261 	-41.209 	-0.096 	-0.053 	0.121 	
72.833 	-10.648 	9.137 	-0.083 	-0.043 	0.009 	
-109.686 	-24.093 	120.655 	-0.005 	0.022 	0.033 	
48.325 	40.991 	-5.115 	0.060 	0.018 	0.026 	
87.927 	-73.577 	181.600 	0.088 	0.048 	-0.022 	
32.994 	-51.907 	38.664 	0.053 	0.023 	0.091 	
12.813 	-119.518 	-24.216 	0.141 	0.054 	0.072 	
79.745 	-4.282 	10.389 	0.108 	0.071 	0.059 	
389.050 	431.462 	-23.033 	0.016 	0.097 	-0.008 	
-1001.155 	1079.161 	468.081 	-0.405 	0.454 	0.186 	
-21.393 	-67.741 	84.162 	-0.099 	0.076 	-0.221 	
21.178 	-50.400 	28.329 	-0.157 	-0.081 	-0.120 	
104.062 	-66.333 	76.535 	-0.163 	0.068 	-0.015 	
-23.702 	-14.013 	66.825 	-0.067 	-0.049 	0.026 	
292.284 	380.858 	607.501 	0.043 	0.044 	0.065 	
-51.885 	-102.852 	124.844 	-0.052 	-0.048 	0.048 	
17.619 	-6.039 	37.645 	0.115 	0.088 	-0.137 	
146.238 	-98.875 	30.168 	-0.016 	0.007 	-0.063 	
1482.394 	-1698.393 	-0.438 	0.260 	-0.304 	0.004 	
40.708 	-11.574 	113.133 	-0.008 	-0.043 	0.093 	
144.231 	16.730 	-33.408 	0.094 	-0.030 	0.069 	
44.755 	-69.444 	11.680 	0.004 	0.112 	0.145 	
4.196 	-49.710 	66.193 	-0.114 	-0.079 	-0.022 	
92.384 	-118.026 	86.131 	0.078 	0.106 	-0.021 	
54.096 	-84.159 	84.259 	0.050 	0.082 	0.182 	
-19.020 	-74.817 	51.761 	-0.101 	-0.019 	0.037 	
6.206 	-28.509 	48.613 	-0.030 	0.050 	0.050 	
62.973 	-37.612 	120.261 	0.102 	-0.018 	0.018 	
47.789 	-42.174 	48.214 	0.081 	0.009 	0.041 	
617.291 	-1606.150 	-25.549 	0.118 	-0.287 	-0.015 	
241.849 	24.063 	258.646 	0.015 	0.029 	0.026 	
97.533 	-23.022 	66.918 	0.153 	0.106 	-0.064 	
42.790 	-43.056 	38.527 	-0.154 	0.190 	-0.159 	
-84.403 	-116.556 	84.484 	-0.010 	-0.172 	0.103 	
-46.960 	-133.693 	18.355 	0.053 	-0.094 	0.060 	
-19.910 	-48.329 	50.245 	0.059 	-0.124 	0.052 	
30.887 	-51.790 	14.775 	0.060 	0.211 	0.041 	
-99.222 	-8.544 	70.621 	-0.051 	-0.164 	0.029 	
23.110 	-51.205 	-1.180 	0.112 	-0.021 	0.045 	
-214.515 	-12.336 	1.486 	-0.005 	0.041 	-0.006 	
203.439 	-74.903 	-71.980 	-0.027 	-0.045 	0.005 	
188.954 	46.785 	-48.863 	-0.010 	0.010 	0.058 	
61.171 	-47.788 	39.093 	0.042 	0.047 	-0.056 	
59.696 	-23.058 	57.629 	0.008 	-0.135 	0.021 	
528.744 	-155.314 	302.419 	0.068 	-0.040 	0.040 	
27.401 	-80.118 	44.825 	-0.100 	0.015 	-0.044 	
-3.598 	-42.192 	50.756 	-0.067 	-0.109 	-0.057 	
90.485 	27.445 	88.692 	0.076 	-0.027 	0.055 	
231.608 	-13.212 	161.976 	0.093 	0.052 	0.073 	
2.898 	-29.444 	43.337 	-0.111 	-0.030 	0.029 	
40.968 	-62.021 	48.183 	0.097 	-0.120 	-0.020 	
4.553 	-43.862 	117.442 	-0.069 	-0.059 	0.067 	
-40.418 	-62.744 	-64.463 	-0.043 	-0.054 	0.021 	
83.222 	-3.065 	33.583 	-0.044 	-0.068 	-0.042 	
1375.336 	3156.930 	-11744.052 	0.265 	0.621 	-2.368 	
-54.101 	41.002 	5.006 	0.068 	-0.027 	-0.040 	
25.506 	-50.846 	47.243 	-0.122 	0.036 	-0.079 	
179.844 	52.555 	-2.259 	0.036 	-0.008 	-0.048 	
3.860 	-35.818 	26.322 	-0.038 	-0.156 	0.005 	
-69.555 	-51.301 	63.756 	0.027 	-0.059 	0.029 	
118.381 	-10.320 	46.442 	-0.170 	0.081 	0.005 	
136.475 	-21.418 	-2.376 	-0.176 	-0.076 	0.010 	
19.115 	-38.869 	73.639 	-0.142 	-0.079 	-0.053 	
-4.075 	-150.128 	57.833 	-0.078 	-0.016 	-0.013 	
51.396 	-63.086 	36.876 	-0.157 	-0.009 	-0.135 	
234.662 	42.646 	78.572 	0.061 	-0.027 	-0.006 	
24.029 	-67.901 	35.087 	0.028 	-0.109 	-0.037 	
-0.153 	-45.683 	44.887 	-0.167 	0.076 	-0.027 	
112.600 	-112.110 	10.772 	0.111 	-0.018 	-0.093 	
41.784 	-83.912 	46.115 	-0.060 	0.032 	0.116 	
-23.201 	-82.991 	44.375 	-0.005 	0.058 	-0.005 	
-53.170 	-75.767 	102.958 	0.115 	-0.087 	0.056 	
-47.641 	-94.544 	119.045 	0.130 	0.005 	0.105 	
86.968 	79.268 	217.055 	-0.033 	0.019 	0.045 	
1.671 	-64.298 	49.594 	-0.169 	-0.127 	-0.100 	
24.492 	-81.638 	48.278 	0.001 	-0.009 	0.073 	
160.625 	171.045 	246.430 	-0.000 	0.046 	0.023 	
-2160.337 	261.678 	-1725.431 	-2.459 	0.225 	-1.895 	
-67.566 	-77.984 	60.327 	-0.128 	-0.081 	0.150 	
676.624 	-315.250 	-333.043 	0.081 	-0.063 	-0.049 	
98.614 	-45.000 	28.881 	-0.006 	-0.068 	-0.021 	
2403.475 	-237.987 	1669.529 	2.624 	-0.332 	1.887 	
93.102 	-64.866 	87.613 	0.053 	0.083 	0.022 	
-25.236 	-65.760 	45.670 	-0.141 	-0.022 	-0.071 	
19.256 	-75.045 	87.557 	0.045 	0.206 	-0.010 	
-40.378 	14.280 	105.067 	-0.014 	0.083 	-0.054 	
125.081 	9.476 	37.750 	0.049 	0.031 	-0.063 	
-11.905 	-99.020 	66.733 	0.217 	0.048 	-0.090 	
97.241 	18.420 	50.903 	0.142 	0.059 	0.076 	
-19.755 	485.842 	-39.404 	-0.058 	0.300 	-0.040 	
-144.334 	-85.287 	56.084 	0.058 	-0.030 	-0.034 	
20.422 	-31.441 	-14.267 	-0.110 	-0.010 	0.006 	
46.492 	-70.331 	61.343 	-0.119 	-0.035 	-0.073 	
42.917 	-44.881 	46.256 	-0.087 	-0.139 	0.047 	
-23.187 	72.255 	-78.640 	0.009 	-0.015 	0.006 	
72.237 	-47.302 	102.496 	0.062 	-0.031 	-0.044 	
-95.052 	-15.247 	50.444 	-0.088 	-0.142 	0.031 	
25.787 	-89.607 	47.355 	0.023 	0.142 	-0.029 	
103.186 	-28.192 	135.621 	0.047 	-0.062 	-0.096 	
2994.607 	1153.744 	1293.906 	0.569 	0.233 	0.255 	
7.177 	-4.509 	62.636 	-0.020 	-0.121 	0.098 	
34.171 	-20.120 	43.244 	-0.085 	0.099 	0.052 	
-81.083 	2.404 	126.192 	-0.098 	0.040 	0.090 	
-10.325 	-83.165 	6.971 	-0.141 	-0.036 	-0.076 	
-48.441 	-108.943 	1.083 	0.018 	-0.178 	-0.105 	
-4.205 	-92.937 	83.292 	0.048 	-0.076 	-0.034 	
75.706 	-34.838 	82.319 	0.060 	0.057 	-0.005 	
151.871 	-87.768 	34.941 	0.044 	0.064 	0.043 	
18.678 	-21.833 	41.406 	-0.148 	0.042 	0.004 	
17.006 	-136.541 	114.770 	-0.001 	0.010 	-0.022 	
88.125 	-36.115 	36.080 	0.165 	-0.048 	-0.069 	
83.611 	30.535 	86.635 	-0.023 	0.075 	-0.015 	
-90.783 	-52.489 	-40.656 	-0.057 	0.007 	-0.013 	
-26.539 	-540.501 	985.392 	-0.040 	-0.080 	0.166 	
-52.006 	-59.038 	140.692 	-0.050 	0.002 	0.031 	
-12.715 	-145.559 	32.844 	0.003 	-0.113 	0.050 	
75.495 	0.329 	95.554 	-0.185 	0.004 	-0.069 	
24.035 	-25.894 	18.453 	-0.122 	-0.060 	0.028 	
52.844 	26.150 	106.312 	-0.090 	-0.091 	-0.009 	
36.795 	-120.426 	-134.753 	0.035 	0.006 	0.089 	
525.126 	-80.279 	264.420 	0.074 	-0.024 	0.055 	
91.673 	-82.317 	-29.024 	0.140 	-0.063 	-0.099 	
-397.178 	189.715 	-235.420 	-0.145 	0.126 	-0.118 	
-19.464 	-51.428 	112.572 	-0.121 	-0.078 	0.043 	
24.519 	-46.485 	60.375 	0.126 	0.064 	0.141 	
305.489 	-178.417 	50.532 	0.017 	-0.000 	-0.002 	
126.424 	-64.664 	87.455 	-0.135 	0.090 	0.006 	
76.358 	-13.122 	81.757 	-0.064 	0.015 	0.033 	
13.467 	-11.882 	41.914 	-0.231 	0.047 	-0.094 	
44.830 	-80.235 	10.198 	-0.087 	0.072 	0.065 	
53.253 	-23.037 	22.171 	-0.147 	0.139 	0.062 	
78.964 	15.463 	83.367 	-0.090 	-0.071 	-0.070 	
77.392 	-32.726 	54.782 	-0.081 	-0.062 	0.012 	
-3.680 	-27.243 	74.474 	0.030 	0.034 	-0.005 	
-962.745 	347.715 	-1334.893 	-0.247 	0.093 	-0.306 	
156.228 	-103.642 	159.000 	0.009 	0.060 	-0.083 	
121.279 	17.918 	43.008 	0.037 	0.065 	0.038 	
98.734 	-34.365 	183.094 	0.026 	-0.011 	-0.004 	
-117.060 	-38.194 	86.028 	-0.073 	0.026 	-0.030 	
14.593 	-99.881 	-47.138 	-0.040 	-0.070 	0.004 	
61.804 	-26.235 	49.386 	-0.092 	-0.004 	0.098 	
22.473 	-30.767 	48.959 	0.160 	-0.095 	0.002 	
164.612 	145.645 	-49.391 	0.030 	0.075 	-0.033 	
105.568 	35.422 	57.391 	-0.180 	0.019 	-0.005 	
-562.593 	-202.687 	35.681 	-0.070 	-0.041 	0.045 	
76.893 	-42.259 	80.195 	-0.189 	0.051 	-0.038 	
82.711 	-64.544 	10.616 	-0.132 	-0.002 	0.146 	
-48.339 	-51.913 	76.724 	-0.205 	0.017 	-0.038 	
82.960 	-127.536 	60.544 	0.124 	-0.070 	-0.028 	
74.349 	-22.869 	68.601 	0.086 	-0.076 	0.005 	
-57.108 	-120.344 	-28.463 	0.004 	-0.070 	0.016 	
-135.398 	-35.658 	-175.596 	-0.002 	0.009 	0.003 	
-46.564 	-10.187 	10.535 	-0.036 	0.060 	0.058 	
-1.477 	-82.405 	56.808 	0.087 	0.007 	-0.111 	
284.523 	-397.819 	333.145 	0.120 	-0.224 	0.177 	
28.760 	-59.926 	-14.066 	0.061 	0.040 	0.073 	
29.716 	-54.029 	33.428 	0.085 	0.100 	-0.037 	
31.212 	-64.619 	-48.085 	0.036 	0.071 	0.144 	
46.451 	115.209 	41.695 	-0.012 	0.053 	0.037 	
83.712 	-131.761 	121.136 	-0.113 	-0.004 	0.109 	
-47.216 	-61.579 	21.180 	0.006 	0.017 	0.037 	
102.355 	-81.605 	46.909 	0.017 	-0.043 	-0.006 	
84.519 	-39.707 	37.957 	0.101 	-0.015 	0.062 	
-40.341 	-36.196 	59.094 	-0.083 	-0.077 	-0.016 	
290.588 	-622.091 	364.343 	-0.003 	-0.079 	0.052 	
72.685 	-36.921 	54.921 	0.106 	-0.063 	0.103 	
90.535 	-18.302 	45.960 	-0.005 	-0.100 	0.043 	
148.109 	-22.016 	-5.122 	0.002 	0.056 	0.119 	
80.080 	-5.303 	48.968 	0.019 	0.111 	0.118 	
68.986 	-109.142 	-43.926 	-0.092 	0.046 	0.117 	
-53.380 	-63.081 	17.737 	0.072 	-0.020 	-0.005 	
46.907 	-68.679 	52.767 	-0.063 	0.185 	-0.033 	
-24.547 	-14.974 	49.938 	-0.150 	-0.032 	-0.033 	
13.067 	-59.058 	25.777 	-0.238 	0.136 	0.005 	
132.637 	-70.561 	25.866 	0.058 	0.023 	0.095 	
20.879 	27.127 	-1.561 	-0.125 	0.109 	0.026 	
-29.392 	-66.621 	39.761 	-0.086 	0.102 	0.099 	
-57.702 	-83.333 	10.605 	-0.015 	0.027 	0.094 	
-55.558 	-48.474 	50.591 	0.070 	-0.010 	-0.026 	
181.355 	-65.899 	31.831 	-0.006 	-0.038 	0.060 	
23963.868 	6689.265 	14816.925 	5.490 	1.541 	3.410 	
-24.435 	-105.746 	46.018 	-0.011 	-0.165 	0.019 	
-60.786 	-66.439 	-14.761 	-0.062 	-0.053 	-0.113 	
28.119 	-57.208 	23.658 	-0.106 	-0.142 	-0.053 	
16.827 	-60.141 	17.099 	-0.131 	-0.003 	0.029 	
157.775 	2.380 	91.497 	0.004 	0.075 	0.084 	
-69.548 	-50.774 	47.674 	0.066 	0.053 	0.053 	
107.441 	-52.501 	31.973 	-0.067 	-0.041 	-0.026 	
7.291 	-34.376 	50.901 	-0.104 	0.009 	0.170 	
-64.896 	10.653 	14.222 	0.015 	-0.001 	-0.058 	
-70.919 	-61.577 	-3.526 	-0.036 	0.063 	0.069 	
-27.287 	-96.279 	158.366 	0.054 	-0.069 	0.055 	
126.554 	16.245 	27.667 	0.058 	-0.025 	-0.081 	
-21.207 	26.874 	50.137 	-0.053 	-0.147 	0.002 	
-408.260 	989.768 	-319.319 	-0.100 	0.219 	-0.079 	
305.818 	69.942 	-49.409 	-0.040 	-0.015 	0.008 	
72.139 	-70.569 	56.441 	-0.114 	0.046 	0.215 	
1.586 	-116.658 	83.849 	-0.049 	-0.019 	0.051 	
75.785 	-20.074 	79.449 	0.009 	-0.060 	0.010 	
153.740 	-0.510 	-0.293 	0.093 	0.060 	-0.100 	
22.991 	-68.723 	56.487 	-0.105 	-0.019 	-0.164 	
-52.061 	-59.276 	84.227 	0.060 	0.026 	0.030 	
-4.929 	-80.740 	44.817 	-0.001 	0.046 	-0.072 	
92.335 	136.973 	52.067 	-0.105 	0.027 	-0.015 	
-60.335 	-61.741 	122.861 	-0.108 	-0.009 	0.030 	
-16.398 	-76.839 	75.756 	-0.146 	0.090 	0.159 	
732.697 	54.940 	-91.644 	0.069 	0.001 	-0.008 	
59.737 	-102.240 	70.775 	0.048 	0.013 	-0.088 	
-25.744 	-47.512 	109.455 	0.006 	0.092 	0.092 	
-41.226 	-47.661 	46.338 	-0.086 	0.008 	-0.118 	
50.261 	-73.582 	34.169 	0.146 	0.049 	0.135 	
763.200 	75.772 	1011.638 	0.390 	0.077 	0.450 	
-221.030 	-46.687 	30.820 	-0.075 	-0.018 	0.044 	
-13.666 	36.245 	25.209 	-0.155 	-0.068 	-0.001 	
-16.855 	-24.876 	58.861 	-0.082 	0.126 	0.060 	
-29.319 	55.040 	-63.702 	-0.085 	-0.063 	0.056 	
76.210 	-47.667 	50.307 	-0.036 	-0.100 	0.054 	
-5.040 	-0.466 	-107.325 	0.027 	-0.051 	0.076 	
93.077 	-13.622 	65.536 	0.070 	0.196 	0.011 	
168.158 	-50.049 	96.764 	0.023 	0.012 	0.004 	
8.742 	-68.794 	52.332 	-0.089 	-0.095 	0.168 	
-186.630 	-178.927 	623.265 	-0.055 	-0.010 	0.102 	
5.399 	-59.780 	51.550 	-0.008 	0.168 	0.202 	
67.785 	-58.742 	17.662 	-0.080 	0.035 	-0.039 	
-254.049 	-14.260 	-175.153 	-0.153 	-0.012 	-0.033 	
-27.213 	-102.003 	-50.324 	-0.001 	0.022 	0.030 	
-26.810 	-138.481 	106.192 	0.020 	0.033 	-0.038 	
-70.690 	-65.695 	74.818 	0.020 	-0.006 	0.120 	
160.794 	-23.314 	-25.143 	-0.095 	-0.006 	-0.120 	
49.713 	-55.090 	69.519 	0.097 	-0.041 	-0.128 	
-26.696 	28.131 	25.189 	-0.021 	-0.020 	0.023 	
65.759 	-14.382 	65.158 	-0.010 	0.030 	0.064 	
1692.688 	1067.436 	-614.574 	0.440 	0.275 	-0.163 	
89.160 	-28.175 	27.465 	0.050 	-0.006 	0.071 	
141.302 	-7.800 	90.257 	-0.053 	0.005 	-0.019 	
501.197 	174.776 	8.976 	0.222 	0.129 	-0.009 	
74.247 	-22.524 	54.576 	-0.222 	0.083 	0.056 	
55.697 	-71.023 	66.129 	0.040 	-0.088 	0.275 	
149.011 	-117.328 	37.867 	-0.050 	0.037 	0.000 	
-57.531 	-33.508 	45.702 	-0.092 	-0.068 	0.026 	
-5.552 	-135.527 	-10.643 	0.017 	-0.070 	0.015 	
-121.310 	-43.958 	59.394 	0.023 	0.040 	0.088 	
171.951 	-118.054 	87.947 	-0.028 	-0.052 	-0.003 	
172.204 	-137.519 	82.094 	0.055 	-0.060 	0.036 	
-97.335 	-57.484 	86.113 	-0.013 	-0.010 	-0.031 	
12.786 	-36.900 	30.966 	0.062 	0.061 	-0.143 	
-129.824 	-244.180 	159.458 	-0.011 	-0.007 	-0.020 	
-73.145 	-107.646 	79.118 	0.029 	-0.044 	0.035 	
-184.943 	-126.619 	107.640 	0.010 	0.038 	0.002 	
-64.766 	-26.998 	90.608 	0.020 	0.127 	0.113 	
-51.297 	-61.172 	-16.427 	-0.054 	0.001 	-0.063 	
49.366 	19.134 	21.940 	0.053 	-0.209 	0.026 	
-9.291 	-53.597 	76.816 	-0.127 	-0.026 	0.260 	
28.915 	-41.109 	59.404 	0.199 	0.046 	0.111 	
52.343 	-50.952 	72.530 	-0.148 	-0.026 	-0.177 	
-45.844 	-61.678 	83.630 	-0.100 	-0.050 	-0.081 	
65.796 	-52.748 	8.746 	-0.073 	-0.060 	0.201 	
3.947 	-62.372 	72.143 	-0.353 	0.062 	0.030 	
49.979 	-75.836 	70.970 	-0.170 	0.003 	-0.018 	
44.618 	-56.175 	18.690 	0.122 	-0.069 	0.062 	
-16.359 	-56.222 	90.063 	-0.010 	0.035 	-0.027 	
192.820 	-107.227 	-78.954 	0.019 	-0.059 	-0.060 	
114.213 	-79.802 	-11.317 	0.121 	-0.078 	0.014 	
10.398 	-31.448 	102.504 	0.096 	-0.047 	-0.037 	
-35.467 	-71.919 	122.311 	-0.076 	-0.039 	0.127 	
69.619 	-28.079 	75.706 	-0.182 	-0.024 	-0.155 	
297.822 	1145.603 	1941.409 	0.067 	0.436 	0.724 	
282.721 	-135.289 	10.006 	0.468 	-0.165 	-0.073 	
26.476 	-55.641 	28.143 	-0.139 	-0.160 	0.036 	
195.314 	-41.174 	0.729 	0.031 	0.055 	0.077 	
84.450 	34.006 	2.667 	0.042 	-0.061 	-0.043 	
40.488 	-86.069 	51.485 	-0.045 	0.036 	0.008 	
-8.688 	-59.933 	47.943 	0.147 	0.018 	-0.070 	
1618.511 	303.092 	-3432.231 	0.276 	0.060 	-0.627 	
-6628.178 	-30747.355 	-48412.572 	-1.525 	-7.107 	-11.197 	
-124.347 	-69.268 	252.321 	0.006 	0.002 	-0.037 	
82.043 	-34.774 	118.510 	0.018 	0.042 	0.122 	
28.976 	11.744 	46.902 	0.105 	-0.031 	-0.030 	
25.101 	-44.736 	66.450 	0.134 	-0.013 	0.133 	
-91.848 	-73.488 	84.637 	-0.086 	-0.048 	0.073 	
62.110 	-64.986 	74.210 	-0.128 	-0.171 	-0.112 	
36.801 	-56.162 	35.355 	-0.104 	-0.009 	0.017 	
52.393 	-75.162 	67.727 	0.053 	-0.072 	-0.157 	
6.261 	-75.218 	44.488 	0.053 	-0.241 	0.071 	
-136.211 	-203.398 	-21.287 	-0.046 	0.079 	0.082 	
1058.873 	-542.780 	-216.515 	0.296 	-0.131 	-0.058 	
81.451 	-77.992 	69.870 	-0.194 	-0.064 	-0.081 	
-518.011 	-79.802 	-281.313 	-0.260 	-0.054 	-0.130 	
154.489 	32.555 	-8.042 	-0.060 	0.002 	0.029 	
95.665 	-9.467 	87.589 	0.010 	-0.148 	0.007 	
2069.776 	755.870 	-340.767 	0.557 	0.205 	-0.095 	
37.690 	-71.848 	79.083 	0.128 	-0.072 	-0.018 	
406.143 	-409.968 	-180.884 	0.074 	-0.094 	-0.039 	
406.560 	-179.024 	1221.886 	0.216 	-0.072 	0.649 	
-51.728 	-64.196 	66.550 	0.087 	0.031 	0.061 	
22.920 	-45.904 	-4.622 	-0.090 	-0.009 	-0.026 	
23.382 	-68.502 	40.094 	0.105 	-0.064 	-0.023 	
-8.653 	-50.599 	139.639 	-0.174 	0.058 	0.000 	
-4.810 	-115.797 	-37.760 	0.137 	0.028 	0.073 	
70.796 	-63.632 	8.640 	-0.162 	-0.059 	0.147 	
51.573 	2.643 	-10.565 	-0.068 	-0.157 	0.077 	
23.449 	-216.162 	61.782 	0.037 	0.096 	-0.003 	
-73.007 	-47.617 	119.958 	-0.024 	-0.023 	0.072 	
51.276 	-27.963 	70.260 	-0.010 	-0.037 	0.064 	
5.064 	-36.078 	207.382 	-0.070 	-0.061 	-0.024 	
113.509 	5.997 	22.214 	-0.124 	-0.055 	0.083 	
89.891 	-35.104 	102.503 	-0.089 	0.023 	-0.125 	
103.803 	-44.822 	25.797 	0.111 	0.020 	0.056 	
-19.221 	-120.854 	45.119 	-0.109 	-0.057 	-0.078 	
132.139 	-38.981 	47.535 	-0.187 	0.009 	-0.073 	
57.518 	-30.070 	25.254 	-0.007 	0.191 	-0.050 	
43.566 	-77.407 	37.112 	-0.026 	0.119 	0.028 	
89.103 	-36.673 	42.263 	-0.039 	0.043 	0.079 	
621.837 	-162.475 	548.915 	0.267 	-0.090 	0.245 	
-22.337 	-67.610 	93.735 	0.054 	0.012 	-0.068 	
20.358 	-53.897 	27.967 	-0.212 	-0.019 	0.036 	
-416.609 	128.299 	183.886 	-0.064 	0.031 	0.040 	
-2.530 	10.545 	14.769 	0.055 	-0.057 	0.023 	
24.649 	-177.209 	-61.221 	-0.084 	0.008 	0.003 	
-34.331 	-44.814 	89.734 	0.081 	0.032 	-0.055 	
-4352.851 	2605.440 	1560.317 	-1.005 	0.616 	0.365 	
64.941 	-90.016 	79.792 	-0.096 	-0.044 	0.070 	
174.709 	-68.912 	102.267 	0.073 	0.038 	0.035 	
175.172 	29.021 	73.883 	0.061 	0.014 	0.061 	
230.207 	-15.723 	-8.015 	0.023 	0.031 	-0.035 	
143.481 	19.810 	18.040 	-0.049 	-0.120 	0.013 	
108.909 	-57.208 	55.606 	0.103 	-0.067 	-0.044 	
75.191 	-34.994 	19.257 	-0.003 	-0.114 	0.055 	
55.381 	-7.722 	35.541 	-0.016 	-0.072 	-0.078 	
63.973 	23.925 	-36.670 	-0.036 	-0.021 	-0.080 	
-60.869 	-51.704 	5.469 	-0.005 	-0.058 	0.015 	
-78.716 	-48.516 	38.453 	-0.011 	0.100 	0.106 	
-885.869 	323.992 	-219.737 	-0.174 	0.040 	-0.032 	
-44.469 	-64.656 	95.648 	-0.111 	0.070 	0.087 	
59.531 	-22.332 	35.610 	-0.158 	-0.033 	0.097 	
60.745 	-65.111 	46.112 	0.134 	0.060 	0.075 	
1681.944 	433.988 	-197.510 	0.910 	0.297 	-0.150 	
25.930 	-27.582 	29.684 	0.149 	0.033 	0.017 	
89.377 	-106.470 	60.883 	0.038 	-0.129 	0.051 	
-31.478 	-28.454 	46.596 	0.104 	0.002 	0.080 	
103.768 	-4.144 	14.553 	-0.139 	0.036 	-0.045 	
103.759 	-70.410 	47.212 	0.014 	-0.069 	-0.071 	
-11.403 	80.955 	24.908 	0.015 	0.076 	-0.049 	
-14.297 	-55.855 	35.888 	-0.091 	-0.134 	0.023 	
68.739 	-66.209 	43.433 	0.112 	-0.166 	-0.024 	
68.642 	-52.414 	89.837 	0.073 	-0.083 	0.049 	
51.532 	-29.664 	14.998 	0.099 	-0.146 	-0.050 	
-50.967 	-67.774 	85.346 	-0.017 	-0.059 	0.110 	
105.061 	-93.333 	42.410 	-0.010 	-0.038 	-0.007 	
323.769 	-79.894 	-323.691 	0.103 	-0.022 	-0.142 	
-18.967 	-185.743 	162.341 	0.015 	0.064 	-0.025 	
72.035 	-67.558 	74.195 	0.076 	0.088 	-0.120 	
-28.323 	-139.027 	12.352 	-0.012 	-0.084 	0.052 	
-232.518 	234.989 	-814.820 	-0.046 	0.062 	-0.197 	
82.448 	-85.025 	18.681 	0.074 	-0.049 	-0.041 	
-562.179 	286.961 	-865.970 	-0.315 	0.182 	-0.494 	
-0.066 	-50.304 	68.719 	-0.147 	-0.194 	0.068 	
-19.924 	-4.967 	50.831 	-0.126 	-0.043 	0.038 	
33.124 	-68.547 	89.538 	0.035 	-0.052 	-0.080 	
-62.665 	-21.015 	-84.781 	-0.094 	-0.062 	0.036 	
702.269 	-4842.674 	3411.455 	0.104 	-1.019 	0.717 	
52.279 	-196.986 	79.163 	0.056 	0.015 	-0.004 	
124.735 	-165.315 	79.864 	-0.080 	-0.105 	-0.046 	
-678.574 	-220.242 	471.548 	-0.337 	-0.089 	0.183 	
16.423 	14.246 	7.935 	0.061 	-0.119 	0.015 	
-11.733 	-37.318 	60.549 	0.256 	-0.031 	-0.020 	
83.386 	-212.037 	-47.485 	0.025 	0.024 	0.031 	
70.595 	-21.649 	20.354 	-0.140 	0.190 	0.077 	
-488.963 	-487.489 	-59.915 	-0.103 	-0.104 	-0.013 	
-10.408 	-58.431 	85.556 	-0.002 	-0.151 	0.017 	
95.231 	-33.135 	50.561 	0.009 	0.047 	-0.005 	
183.627 	-74.086 	60.312 	0.026 	0.002 	-0.027 	
-32.938 	-75.284 	-34.273 	0.054 	-0.006 	-0.030 	
1433.702 	-2268.048 	-1972.775 	0.262 	-0.439 	-0.391 	
279.920 	-155.571 	37.553 	-0.004 	0.001 	0.015 	
116.650 	-142.395 	10.946 	-0.143 	-0.080 	-0.038 	
-42.929 	-138.422 	17.232 	-0.046 	-0.089 	-0.029 	
29.597 	-62.854 	73.118 	0.131 	-0.052 	-0.040 	
-66.252 	-33.687 	58.149 	-0.137 	-0.025 	0.060 	
64.830 	-118.876 	36.608 	0.010 	0.167 	0.112 	
149.209 	-94.344 	8.994 	-0.058 	0.005 	0.028 	
66.447 	-39.557 	72.350 	0.203 	0.088 	0.135 	
93.712 	-29.349 	-0.727 	-0.093 	-0.083 	0.021 	
40.098 	-223.184 	149.088 	0.008 	0.025 	-0.024 	
153.275 	14.834 	-0.570 	0.029 	-0.055 	0.045 	
156.148 	-14.067 	27.112 	-0.036 	-0.004 	0.014 	
-35.094 	-59.334 	69.508 	0.044 	0.080 	-0.103 	
4.069 	-52.819 	92.279 	0.011 	-0.055 	0.124 	
0.112 	-154.497 	-0.721 	-0.097 	0.035 	0.112 	
129.274 	-175.282 	-42.514 	0.090 	0.043 	0.082 	
140.784 	-76.492 	-190.818 	-0.003 	-0.047 	-0.009 	
98.048 	-364.582 	403.849 	-0.073 	-0.258 	0.195 	
22.167 	-75.435 	49.690 	0.208 	-0.064 	-0.079 	
-1375.369 	-2821.450 	12239.153 	-0.288 	-0.579 	2.449 	
412.824 	125.789 	-100.561 	0.058 	-0.001 	-0.024 	
2.461 	84.097 	-40.629 	-0.075 	-0.024 	0.058 	
148.641 	89.816 	-17.620 	0.079 	-0.051 	0.053 	
-85.865 	-46.943 	128.597 	-0.079 	0.037 	-0.086 	
32.207 	-31.172 	48.452 	0.002 	0.095 	0.156 	
5.210 	-52.382 	134.245 	0.089 	-0.028 	0.090 	
159.614 	22.702 	66.469 	-0.075 	0.085 	0.114 	
5.795 	-65.458 	44.383 	0.067 	-0.056 	0.154 	
-22.824 	-61.147 	33.265 	0.069 	0.036 	-0.025 	
-71.291 	-28.282 	23.028 	-0.043 	0.022 	0.076 	
27.216 	-68.903 	62.831 	-0.129 	0.115 	-0.111 	
175.994 	-80.495 	26.757 	0.017 	0.034 	0.097 	
-4.737 	-66.019 	71.534 	0.170 	0.053 	-0.092 	
-531.606 	-1727.575 	7.822 	-0.133 	-0.397 	-0.007 	
-60.692 	-52.657 	44.081 	0.058 	-0.032 	-0.105 	
-50.908 	-27.971 	1.058 	0.061 	0.033 	0.020 	
59.333 	-49.288 	44.449 	0.135 	-0.069 	-0.012 	
17.161 	-34.536 	55.770 	0.117 	-0.031 	-0.029 	
64.992 	-49.464 	-179.639 	-0.071 	0.006 	-0.013 	
152.695 	-63.150 	57.413 	0.114 	-0.069 	0.075 	
59.145 	-60.536 	37.059 	0.167 	-0.036 	0.030 	
73.528 	62.446 	-29.254 	0.056 	0.078 	-0.061 	
60.970 	-51.883 	20.933 	-0.166 	0.006 	0.199 	
-48.635 	-27.046 	35.286 	-0.157 	-0.053 	0.051 	
94.291 	-0.452 	65.422 	-0.018 	0.130 	-0.053 	
131.233 	5.018 	50.681 	-0.041 	-0.155 	-0.097 	
-39.108 	-69.901 	29.136 	-0.089 	0.164 	-0.002 	
-225.018 	156.284 	-669.522 	-0.055 	0.013 	-0.075 	
-20.557 	-52.729 	81.665 	-0.139 	0.046 	0.042 	
-973.932 	222.040 	-626.315 	-0.238 	0.063 	-0.168 	
1556.107 	-1189.798 	-154.025 	0.951 	-0.717 	-0.090 	
45.982 	-75.576 	71.391 	0.043 	-0.152 	-0.124 	
-54.840 	-82.980 	73.508 	-0.014 	-0.014 	-0.065 	
-64.481 	-58.317 	-23.735 	-0.022 	-0.068 	0.044 	
64.669 	-66.413 	78.899 	-0.047 	-0.060 	-0.039 	
-48.887 	-101.263 	29.554 	-0.136 	-0.007 	-0.051 	
-15.113 	-110.383 	61.356 	0.062 	0.036 	0.046 	
-226.806 	52.011 	32.307 	0.010 	-0.089 	0.028 	
52.606 	14.496 	-68.129 	0.072 	0.065 	-0.058 	
68.079 	-86.344 	140.723 	0.012 	-0.034 	-0.019 	
94.845 	-79.234 	45.073 	0.212 	-0.038 	-0.079 	
-2244.376 	2797.102 	1543.730 	-0.463 	0.559 	0.302 	
-30.584 	-180.994 	30.838 	0.027 	0.069 	-0.023 	
99.103 	92.441 	54.372 	0.023 	0.090 	0.013 	
157.087 	-30.203 	49.015 	0.079 	-0.048 	0.040 	
3.830 	-73.261 	48.856 	-0.178 	-0.004 	-0.137 	
-33.037 	-70.211 	-18.905 	-0.008 	0.077 	-0.100 	
-412.198 	286.908 	37.913 	-0.125 	0.072 	-0.018 	
12.708 	-70.209 	-1.669 	-0.071 	0.004 	-0.159 	
-35.300 	-75.544 	88.028 	0.112 	0.062 	0.014 	
117.062 	-180.896 	75.358 	0.122 	0.052 	-0.039 	
149.337 	-56.608 	-12.700 	0.126 	0.016 	0.045 	
254.890 	153.975 	-52.504 	0.015 	0.058 	-0.090 	
20.103 	0.296 	-37.293 	-0.031 	0.023 	-0.067 	
-375.129 	-108.283 	67.946 	-0.182 	-0.049 	0.040 	
1.800 	-40.655 	47.424 	-0.032 	0.069 	0.174 	
1.527 	-83.612 	74.148 	-0.010 	0.138 	0.022 	
107.684 	-187.288 	42.313 	-0.060 	-0.081 	-0.029 	
54.914 	-2.608 	26.281 	0.084 	0.042 	0.089 	
121.346 	-25.015 	95.817 	0.055 	0.112 	0.091 	
62.269 	32.386 	109.562 	-0.094 	-0.025 	-0.111 	
66583.176 	5418.121 	53532.572 	23.366 	1.917 	18.839 	
20.834 	-104.228 	110.110 	0.049 	0.083 	0.016 	
144.059 	-46.457 	14.463 	0.081 	-0.068 	-0.093 	
136.514 	-30.059 	87.352 	0.159 	-0.051 	0.110 	
92.749 	-36.255 	41.684 	0.041 	0.119 	0.076 	
93.467 	66.478 	3.375 	-0.095 	0.010 	-0.077 	
-139.035 	-205.400 	1.183 	-0.041 	0.105 	0.009 	
-3.714 	-104.251 	-0.339 	0.095 	0.043 	0.184 	
111.155 	-10.775 	79.404 	-0.003 	-0.152 	0.054 	
27.294 	-53.463 	34.003 	-0.055 	-0.105 	-0.119 	
84.849 	17.173 	108.737 	-0.059 	0.022 	-0.048 	
86.875 	-54.150 	155.139 	-0.135 	-0.016 	-0.062 	
-8.386 	-0.559 	87.621 	-0.139 	-0.043 	-0.009 	
1043.908 	1939.352 	2008.000 	0.152 	0.345 	0.363 	
5.871 	-59.230 	28.330 	-0.081 	-0.242 	-0.013 	
-136.666 	5365.826 	-3486.631 	-0.072 	1.121 	-0.729 	
49.358 	-71.674 	73.185 	-0.165 	-0.044 	0.046 	
-5567.063 	-7083.133 	-2647.815 	-2.939 	-3.666 	-1.397 	
79.744 	35.088 	76.816 	-0.112 	-0.032 	-0.048 	
-2.739 	-3.739 	4.676 	0.087 	-0.108 	0.111 	
6163.291 	30189.894 	49650.573 	1.431 	6.974 	11.464 	
-50.609 	-113.815 	39.447 	-0.086 	-0.135 	0.071 	
37.460 	-114.268 	47.800 	0.042 	0.160 	-0.135 	
43.013 	-87.105 	6.271 	-0.113 	-0.181 	-0.141 	
145.776 	-50.320 	152.494 	0.013 	-0.033 	-0.125 	
144.892 	-75.229 	57.043 	-0.036 	-0.069 	-0.031 	
122.416 	-46.381 	69.264 	-0.112 	-0.116 	-0.045 	
-43.676 	-138.463 	75.899 	-0.032 	-0.106 	0.046 	
-399.879 	462.232 	-38.001 	-0.093 	0.028 	-0.014 	
137.705 	62.214 	1.714 	-0.121 	0.043 	-0.009 	
838.538 	-295.118 	323.739 	0.194 	-0.081 	0.082 	
-38.380 	-114.186 	32.939 	0.018 	0.029 	0.037 	
67.350 	-23.442 	96.974 	-0.017 	0.038 	-0.023 	
105.282 	-45.976 	53.804 	-0.103 	0.044 	0.158 	
150.445 	48.128 	44.445 	0.079 	-0.122 	-0.033 	
2.677 	-76.147 	36.793 	-0.125 	-0.099 	0.135 	
-113.544 	-29.132 	-4.046 	-0.042 	-0.019 	0.043 	
8.214 	-33.518 	56.217 	0.193 	0.013 	0.118 	
54.378 	-66.180 	22.000 	0.069 	-0.155 	-0.066 	
-28.361 	-72.385 	112.750 	-0.093 	-0.105 	0.083 	
78.833 	-6.785 	36.786 	-0.013 	0.122 	0.031 	
73.565 	-76.586 	1.337 	-0.002 	-0.066 	-0.132 	
627.692 	-884.669 	518.341 	0.143 	-0.201 	0.106 	
-559.132 	270.247 	181.288 	-0.088 	0.003 	0.041 	
-70.372 	-156.544 	66.858 	-0.152 	-0.075 	0.029 	
-57.777 	-71.910 	23.790 	0.016 	-0.064 	0.015 	
137.989 	-207.695 	62.338 	0.090 	0.003 	0.003 	
-59.187 	-68.133 	7.959 	0.101 	0.037 	-0.084 	
36.670 	-65.051 	77.591 	0.112 	-0.076 	-0.112 	
-1100.846 	6784.421 	445.240 	-0.247 	1.412 	0.093 	
27.944 	-42.906 	43.671 	-0.038 	-0.009 	0.298 	
-32.669 	-91.934 	43.470 	-0.119 	0.002 	-0.050 	
-285.842 	-99.509 	95.672 	-0.044 	0.006 	-0.009 	
36.722 	3.910 	55.649 	-0.179 	0.001 	-0.024 	
52.351 	-50.656 	47.832 	-0.089 	0.175 	-0.176 	
-21.038 	-91.113 	-41.734 	0.053 	0.014 	0.058 	
45.309 	-38.550 	65.227 	-0.134 	-0.134 	0.114 	
6.645 	-21.506 	27.406 	-0.211 	-0.124 	-0.033 	
-15.111 	-104.433 	19.817 	-0.149 	-0.122 	-0.033 	
83.443 	-67.639 	54.395 	0.143 	-0.079 	0.017 	
-57.010 	-19.589 	92.672 	0.059 	0.047 	0.037 	
-4.040 	-94.643 	80.092 	-0.026 	-0.167 	0.142 	
-143.136 	66.474 	-72.955 	0.016 	-0.030 	0.007 	
31.363 	29.286 	-110.909 	-0.011 	-0.000 	0.006 	
494.144 	98.840 	-12.251 	0.068 	0.036 	-0.001 	
69.711 	-101.337 	76.585 	-0.175 	0.007 	0.023 	
-2717.666 	-3159.771 	-1483.878 	-0.522 	-0.568 	-0.262 	
-66.807 	-21.398 	6.922 	-0.164 	0.002 	0.018 	
128.962 	63.331 	137.367 	-0.004 	-0.058 	0.041 	
-761.461 	-1074.035 	476.973 	-0.183 	-0.261 	0.110 	
103.253 	-172.864 	111.110 	0.056 	-0.075 	0.049 	
-553.144 	212.325 	641.003 	-0.138 	0.065 	0.166 	
70.619 	-57.086 	24.830 	-0.153 	-0.086 	-0.082 	
97.653 	-53.875 	62.356 	-0.007 	-0.059 	0.007 	
-13.886 	-52.351 	77.790 	0.200 	-0.012 	-0.037 	
28.822 	-20.767 	50.094 	-0.075 	-0.047 	0.053 	
89.163 	18.515 	34.916 	0.038 	0.083 	-0.031 	
-2.397 	-70.520 	44.407 	0.156 	-0.117 	0.000 	
-12.123 	-3.921 	267.528 	0.024 	-0.045 	0.014 	
-9.659 	-6.663 	55.192 	-0.120 	0.114 	0.114 	
-11.661 	-54.687 	52.495 	-0.108 	0.261 	-0.058 	
36.378 	-54.514 	9.255 	0.102 	-0.042 	-0.230 	
60.837 	-32.197 	42.200 	-0.223 	-0.058 	0.009 	
-341.172 	-33.359 	70.485 	-0.043 	0.012 	0.024 	
142.086 	-83.860 	40.836 	-0.078 	0.013 	0.031 	
-10.024 	-6.754 	-2.467 	-0.034 	-0.087 	0.179 	
-36.211 	-120.695 	95.875 	-0.092 	-0.112 	0.006 	
56.834 	-49.969 	49.746 	0.081 	-0.089 	0.107 	
75.924 	130.230 	25.739 	0.098 	0.067 	0.012 	
89.082 	-62.362 	49.406 	0.097 	0.003 	-0.035 	
60.208 	-52.647 	-22.836 	-0.115 	0.051 	-0.165 	
89.632 	11.646 	114.383 	-0.113 	-0.087 	-0.071 	
-1887.391 	8614.745 	11057.242 	-1.661 	6.956 	8.885 	
58.682 	8.830 	109.553 	-0.066 	-0.083 	-0.108 	
-28.212 	-23.192 	103.802 	-0.158 	-0.094 	-0.078 	
13.722 	-70.548 	66.505 	-0.102 	0.093 	0.007 	
-103.972 	115.684 	-47.080 	-0.139 	0.151 	-0.105 	
-83.691 	-234.522 	59.576 	0.002 	-0.003 	0.013 	
15.751 	43.565 	-17.748 	-0.008 	-0.051 	0.011 	
-88.977 	-33.131 	105.750 	-0.079 	-0.100 	0.052 	
-54.841 	-242.352 	67.205 	0.004 	-0.032 	-0.016 	
12.938 	-98.762 	59.445 	-0.115 	0.017 	0.068 	
47.879 	-85.286 	80.722 	-0.196 	0.101 	0.066 	
-217.032 	-91.425 	-5.862 	0.033 	-0.027 	-0.016 	
-776.697 	-989.420 	3388.612 	-0.163 	-0.177 	0.622 	
-23.316 	-55.285 	115.370 	-0.069 	-0.012 	-0.185 	
-54.324 	-70.169 	113.230 	-0.001 	-0.007 	-0.010 	
71.679 	-38.561 	117.612 	0.007 	0.044 	0.146 	
-3.938 	-64.293 	-10.577 	-0.012 	-0.071 	-0.158 	
144.201 	-57.556 	-55.384 	0.005 	-0.014 	0.043 	
21.468 	-43.759 	34.826 	0.090 	-0.120 	-0.129 	
27.887 	-39.376 	28.535 	0.186 	0.019 	0.009 	
-123.249 	-62.508 	70.804 	0.106 	0.003 	-0.078 	
-33.724 	-46.096 	30.835 	0.067 	-0.035 	0.086 	
-19.656 	-141.264 	-12.943 	0.048 	0.010 	-0.042 	
17.613 	-71.037 	73.474 	-0.067 	0.053 	0.162 	
56.992 	-64.076 	50.339 	-0.123 	-0.077 	-0.052 	
-69.652 	14.721 	87.426 	-0.002 	0.024 	0.006 	
54.533 	-28.516 	26.846 	-0.076 	-0.045 	-0.068 	
-82.946 	-6.678 	79.964 	-0.137 	0.023 	-0.017 	
10.894 	-110.786 	61.308 	-0.023 	-0.021 	0.037 	
88.690 	-132.656 	119.560 	0.003 	0.029 	-0.007 	
-6.940 	-25.800 	46.515 	-0.100 	-0.090 	-0.059 	
-35.072 	-105.725 	90.434 	0.083 	0.037 	0.050 	
-565.046 	-914.042 	-1389.817 	-0.254 	-0.331 	-0.516 	
144.463 	-0.259 	-32.415 	-0.023 	-0.008 	-0.054 	
109.144 	-67.189 	-74.287 	-0.121 	-0.030 	-0.038 	
251.018 	-25.439 	-1.214 	0.091 	-0.010 	-0.003 	
-64.476 	-65.682 	51.915 	-0.146 	-0.027 	-0.000 	
-16.067 	-55.228 	66.886 	-0.185 	-0.021 	0.151 	
72.517 	-146.911 	38.869 	0.026 	0.027 	0.172 	
-3.655 	-79.476 	11.229 	0.044 	-0.050 	-0.137 	
62.949 	-15.836 	27.857 	0.067 	-0.093 	-0.032 	
44.968 	-44.282 	207.354 	-0.123 	-0.043 	0.018 	
8.390 	-70.447 	105.882 	0.019 	-0.064 	-0.138 	
-58.793 	-101.969 	52.130 	0.015 	0.008 	-0.047 	
-205.455 	-6258.262 	-1070.884 	-0.060 	-1.309 	-0.223 	
-23.806 	47.726 	14.559 	-0.023 	0.093 	-0.054 	
119.148 	-71.444 	-25.171 	0.036 	0.016 	-0.080 	
-65574.422 	-5916.324 	-53737.395 	-23.128 	-2.071 	-18.899 	
-52.376 	-91.873 	-1.926 	-0.041 	0.060 	0.059 	
-18.734 	23.248 	-4.129 	0.086 	-0.040 	0.079 	
52.292 	-15.716 	-0.187 	0.070 	0.064 	0.082 	
22.496 	-89.278 	12.863 	0.058 	0.145 	-0.020 	
41.605 	72.608 	105.362 	-0.023 	-0.005 	-0.046 	
-38.504 	-99.220 	21.262 	0.042 	0.046 	-0.073 	
5.506 	-41.474 	57.415 	0.173 	-0.083 	0.076 	
13.509 	-44.379 	38.344 	-0.167 	-0.163 	-0.149 	
-52.266 	-5.544 	72.454 	-0.095 	-0.015 	-0.057 	
2258.360 	-8735.881 	-10939.926 	1.676 	-7.008 	-8.818 	
149.388 	-11.868 	-17.884 	0.112 	0.029 	0.004 	
-8.164 	-48.346 	36.041 	-0.167 	0.147 	-0.114 	
-146.902 	-9.313 	69.266 	0.029 	-0.037 	-0.029 	
3807.058 	-2916.833 	-2328.046 	0.881 	-0.661 	-0.534 	
-68.312 	54.085 	-5.018 	-0.010 	0.033 	0.014 	
-1002.655 	-495.766 	371.680 	-0.708 	-0.257 	0.188 	
-25.303 	-112.624 	-25.631 	0.021 	-0.030 	0.011 	
