## Las primeras 500 lineas corresponden a la esfera 1 
##las siguienets 500 lineas a la esfera 2
## Las primeras tres columnas corresponden a la posición en 'x', 'y' y 'z', las siguientes tres a las velocidades
-127.097 	-167.978 	37.080 	-0.018 	-0.040 	0.033 	
34.857 	-35.706 	30.443 	-0.028 	0.041 	0.042 	
27.936 	-29.044 	43.319 	-0.099 	0.101 	-0.041 	
-1841.200 	2200.335 	-354.566 	-0.336 	0.400 	-0.072 	
96.304 	-108.909 	39.614 	0.147 	-0.048 	0.074 	
82.653 	-43.690 	35.854 	0.086 	0.056 	0.054 	
26.935 	-41.537 	32.913 	-0.010 	0.217 	-0.034 	
21.871 	-88.378 	76.268 	0.145 	0.039 	0.087 	
74.782 	-40.556 	52.868 	-0.161 	0.028 	0.058 	
-22.589 	-29.481 	36.251 	0.118 	0.037 	0.071 	
-370.155 	1988.196 	-1069.317 	-0.072 	0.379 	-0.203 	
23.641 	-39.814 	49.784 	-0.035 	-0.043 	-0.121 	
1408.223 	-1868.870 	1326.166 	0.266 	-0.350 	0.250 	
13.543 	-33.379 	51.282 	-0.024 	0.231 	-0.008 	
56.503 	-78.383 	50.271 	0.147 	-0.087 	-0.088 	
146.624 	6.467 	-22.476 	-0.007 	-0.028 	0.012 	
54.128 	-30.002 	31.986 	0.173 	-0.102 	0.163 	
-60.744 	58.019 	126.697 	-0.104 	0.054 	-0.068 	
16.759 	-49.731 	66.235 	-0.048 	-0.035 	-0.002 	
82.023 	-119.863 	11.386 	0.031 	-0.095 	-0.022 	
97.785 	-27.016 	2.790 	0.019 	-0.190 	-0.010 	
61.851 	20.407 	84.129 	0.132 	-0.112 	-0.071 	
16.524 	-8.251 	15.021 	-0.031 	-0.062 	0.042 	
123.225 	-102.756 	107.773 	0.101 	0.011 	-0.018 	
-42.129 	-65.648 	71.728 	-0.061 	-0.035 	0.032 	
-107.446 	-124.689 	113.887 	-0.102 	-0.057 	0.047 	
9.231 	-47.450 	53.557 	0.072 	0.102 	0.010 	
-8.002 	-80.841 	39.087 	-0.134 	0.073 	0.013 	
-210.369 	-53.868 	37.288 	-0.003 	-0.001 	0.090 	
126.422 	2.298 	15.443 	-0.036 	0.001 	-0.106 	
-195.098 	106.384 	39.837 	-0.013 	-0.044 	0.019 	
56.180 	-49.647 	-3.148 	0.002 	0.003 	0.075 	
62.530 	15.944 	50.567 	-0.049 	0.002 	0.068 	
5.003 	-39.337 	65.945 	0.053 	-0.060 	0.055 	
15.397 	-61.226 	27.395 	-0.124 	0.180 	0.007 	
93.371 	-85.977 	38.585 	-0.006 	-0.037 	0.022 	
-27.350 	-204.133 	155.806 	-0.056 	0.035 	-0.066 	
52.679 	-50.113 	48.202 	0.203 	0.084 	-0.111 	
-170.428 	-66.532 	100.427 	0.066 	0.002 	-0.024 	
35.061 	-75.421 	53.685 	0.032 	-0.073 	0.022 	
54.261 	-82.294 	64.949 	-0.004 	0.013 	-0.017 	
53.181 	-32.358 	27.627 	-0.000 	-0.010 	0.041 	
-67.032 	-111.142 	51.538 	0.000 	-0.024 	0.053 	
98.548 	-10.028 	92.648 	0.126 	0.006 	0.058 	
28.855 	11.186 	30.701 	-0.115 	0.132 	0.038 	
38.555 	-54.788 	-9.484 	-0.082 	0.017 	0.031 	
-47.787 	-90.902 	89.481 	0.162 	0.066 	0.023 	
59.226 	-55.515 	35.689 	0.052 	-0.041 	-0.092 	
93.850 	-28.365 	62.589 	-0.083 	0.208 	-0.002 	
46.347 	-50.126 	46.674 	-0.003 	0.002 	-0.161 	
163.784 	178.707 	207.132 	-0.027 	-0.011 	-0.010 	
108.150 	1.608 	85.183 	-0.047 	-0.024 	0.050 	
30.386 	-74.048 	66.665 	-0.129 	0.118 	-0.074 	
6.861 	-101.837 	19.861 	-0.112 	0.044 	0.064 	
31.281 	-69.236 	38.296 	-0.009 	0.060 	-0.064 	
73.395 	-99.908 	131.053 	0.052 	-0.001 	0.042 	
82.737 	-145.015 	20.730 	0.035 	0.084 	0.093 	
-60.417 	-107.027 	68.197 	0.051 	0.129 	0.025 	
164.987 	-242.103 	-8.299 	-0.005 	-0.002 	-0.008 	
26.880 	-46.512 	93.493 	-0.093 	-0.067 	-0.055 	
-86.934 	-48.021 	10.251 	0.011 	-0.001 	0.015 	
-18.446 	-28.416 	77.044 	-0.142 	-0.057 	-0.099 	
-135.745 	-175.168 	-5.736 	-0.079 	-0.060 	-0.006 	
79.255 	-143.705 	41.866 	0.022 	-0.081 	-0.008 	
59.261 	47.822 	51.195 	0.077 	0.162 	0.028 	
29.428 	-22.796 	46.479 	0.039 	-0.127 	-0.108 	
-911.938 	-1586.324 	-1290.999 	-0.179 	-0.289 	-0.237 	
39.618 	-198.081 	175.587 	-0.029 	-0.049 	0.050 	
-7.127 	-51.629 	70.450 	-0.068 	-0.006 	-0.030 	
-17.444 	-43.534 	-30.407 	0.011 	0.050 	0.101 	
-39.689 	-68.718 	79.096 	-0.035 	0.070 	-0.064 	
40.633 	-53.124 	61.322 	0.055 	0.036 	0.079 	
120.400 	-169.237 	-68.786 	-0.020 	0.045 	0.012 	
56.177 	-80.050 	84.444 	-0.104 	-0.012 	0.078 	
37.418 	-58.826 	45.799 	0.023 	0.018 	0.029 	
-6.084 	-95.503 	-90.409 	0.088 	-0.030 	-0.057 	
-17.580 	-71.935 	67.405 	0.175 	-0.115 	-0.095 	
753.858 	1135.210 	1997.948 	0.134 	0.198 	0.351 	
49.413 	-77.527 	39.478 	0.048 	0.202 	-0.040 	
31.786 	-60.936 	25.980 	-0.024 	-0.010 	0.065 	
-95.493 	-50.840 	168.154 	-0.009 	-0.033 	0.054 	
-81.804 	-107.824 	59.127 	0.088 	0.056 	0.061 	
0.691 	18.823 	120.589 	0.084 	-0.099 	-0.050 	
-88.542 	-371.305 	581.553 	-0.000 	-0.027 	0.060 	
90.513 	-43.400 	29.983 	-0.130 	0.143 	-0.049 	
268.530 	-48.416 	83.720 	-0.017 	-0.002 	-0.038 	
66.442 	-49.801 	140.370 	0.074 	-0.030 	0.112 	
-15.293 	-90.227 	26.488 	0.130 	0.038 	0.077 	
66.000 	-52.035 	39.360 	-0.033 	0.119 	-0.021 	
62.356 	-40.744 	90.914 	-0.114 	0.094 	0.072 	
58.631 	-77.903 	131.150 	-0.102 	0.025 	0.011 	
-101.346 	-49.556 	-107.050 	-0.069 	0.019 	0.071 	
100.206 	-23.998 	67.170 	-0.015 	-0.009 	-0.103 	
-109.210 	-47.734 	-42.420 	-0.024 	-0.131 	0.064 	
-13.095 	-38.930 	59.570 	0.066 	0.016 	-0.170 	
90.016 	-245.559 	2.440 	-0.032 	-0.018 	-0.012 	
-5.270 	-51.282 	65.375 	-0.001 	-0.035 	-0.002 	
3309.442 	-3562.340 	-5.795 	0.612 	-0.667 	0.004 	
4794.062 	-4404.434 	-9158.912 	0.871 	-0.795 	-1.651 	
45.004 	-84.356 	50.000 	0.075 	-0.239 	-0.097 	
33.827 	-31.245 	25.698 	-0.106 	0.087 	0.069 	
-49.396 	-102.645 	-45.194 	0.037 	-0.028 	0.040 	
41.342 	-34.759 	54.138 	0.060 	0.056 	0.164 	
14.464 	-68.570 	71.824 	-0.140 	0.052 	0.001 	
4237.200 	-2975.625 	2543.286 	0.754 	-0.523 	0.450 	
-4096.176 	5404.710 	9741.123 	-0.730 	0.971 	1.752 	
2650.888 	-69.351 	218.483 	0.616 	-0.008 	0.048 	
-1124.905 	964.285 	408.545 	-0.688 	0.598 	0.250 	
33.066 	-69.612 	70.981 	-0.030 	0.076 	0.123 	
564.572 	-106.616 	251.055 	0.048 	0.032 	0.028 	
33.672 	-62.518 	46.271 	0.030 	0.007 	-0.013 	
112.183 	-27.402 	61.149 	-0.018 	-0.042 	0.092 	
-1610.608 	-523.853 	121.163 	-0.438 	-0.104 	0.022 	
254.532 	61.261 	-71.513 	0.000 	0.033 	-0.000 	
100.064 	14.816 	21.564 	-0.036 	0.056 	0.001 	
11.928 	-67.818 	62.556 	-0.072 	-0.064 	-0.002 	
76.755 	24.205 	62.686 	0.006 	0.026 	-0.087 	
237.304 	-341.097 	24.995 	0.046 	0.039 	-0.019 	
7.976 	-103.229 	112.234 	0.107 	0.092 	0.106 	
-28.514 	-63.017 	83.912 	0.168 	-0.057 	-0.017 	
-159.771 	-116.142 	-119.841 	-0.055 	0.010 	0.068 	
-26.298 	-143.023 	96.312 	0.085 	0.098 	0.055 	
45.639 	-75.517 	69.635 	-0.104 	-0.032 	-0.219 	
18.732 	9.888 	83.092 	0.008 	0.060 	0.036 	
411.052 	69.690 	74.604 	0.015 	-0.024 	-0.006 	
-52.116 	-47.679 	69.250 	-0.040 	-0.118 	-0.012 	
29.754 	-51.521 	45.333 	0.024 	-0.017 	-0.017 	
-65.628 	-38.911 	89.757 	0.050 	-0.055 	-0.035 	
76.414 	-63.483 	12.296 	-0.164 	0.016 	-0.054 	
134.237 	-65.305 	38.881 	0.056 	-0.117 	-0.051 	
39.610 	-88.409 	57.057 	-0.095 	-0.111 	-0.009 	
98.611 	-50.249 	65.712 	0.084 	-0.038 	0.070 	
32.877 	-61.104 	18.833 	0.225 	0.035 	-0.069 	
281.006 	493.926 	-198.128 	0.304 	0.656 	-0.273 	
43.754 	-67.942 	38.887 	-0.064 	-0.040 	0.041 	
44.697 	-99.808 	157.140 	-0.035 	-0.053 	0.045 	
61.466 	-77.526 	51.544 	-0.068 	-0.006 	-0.053 	
-192.763 	-288.147 	124.686 	-0.055 	-0.125 	0.013 	
-24857.983 	-7353.339 	-14767.114 	-5.694 	-1.675 	-3.368 	
-3206.472 	2734.635 	-1639.941 	-0.556 	0.480 	-0.285 	
49.685 	-3.089 	-10.539 	0.030 	-0.036 	0.102 	
-1298.005 	-254.993 	822.106 	-0.289 	-0.060 	0.174 	
904.104 	84.354 	-156.382 	0.193 	0.017 	-0.064 	
1.694 	-100.463 	76.356 	0.113 	0.087 	0.137 	
-206.391 	706.012 	-223.744 	-0.671 	1.961 	-0.680 	
108.208 	-38.812 	68.435 	-0.013 	-0.134 	0.067 	
-68.306 	-52.126 	105.814 	0.052 	-0.145 	0.020 	
-133.979 	-37.026 	111.799 	-0.003 	0.032 	0.031 	
-44.220 	-48.301 	41.160 	0.073 	-0.235 	-0.103 	
121.377 	-770.821 	304.445 	0.195 	-1.942 	0.716 	
36.436 	-27.555 	65.112 	-0.024 	-0.040 	0.190 	
-88.326 	-133.886 	-17.942 	-0.025 	-0.050 	0.003 	
50.066 	-62.086 	93.718 	-0.018 	-0.104 	0.074 	
20.807 	-88.911 	25.914 	-0.102 	-0.019 	-0.078 	
15.376 	-97.240 	51.965 	-0.105 	-0.031 	0.040 	
-44.341 	-103.713 	9.448 	0.132 	-0.014 	0.032 	
-24.910 	-35.841 	64.109 	-0.086 	-0.018 	-0.002 	
63.086 	-31.111 	30.974 	0.041 	-0.040 	-0.017 	
604.717 	405.092 	-587.826 	0.105 	0.095 	-0.119 	
106.041 	-38.873 	26.113 	0.013 	0.097 	0.066 	
-16.578 	-40.410 	21.216 	0.091 	0.137 	0.121 	
-164.154 	-71.550 	122.965 	-0.066 	0.050 	-0.066 	
-171.073 	142.462 	244.345 	-0.044 	-0.012 	0.023 	
36.404 	-57.045 	24.833 	-0.132 	0.094 	0.007 	
-72.487 	-81.887 	117.524 	0.046 	-0.109 	0.010 	
-20.445 	-46.826 	-8.081 	0.120 	-0.011 	0.098 	
57.888 	-80.783 	31.621 	-0.120 	-0.204 	-0.111 	
141.311 	-15.531 	10.861 	0.041 	-0.048 	0.058 	
-71.659 	-32.343 	41.458 	0.087 	0.078 	-0.029 	
76.024 	9.418 	32.922 	-0.059 	-0.060 	0.020 	
48.050 	-36.969 	74.720 	-0.171 	-0.223 	-0.015 	
1059.657 	-19052.439 	-11037.415 	0.817 	-15.883 	-9.238 	
38.538 	-39.514 	36.121 	0.230 	0.115 	-0.043 	
32.489 	-72.938 	-0.292 	0.118 	-0.096 	0.081 	
70.627 	-82.423 	14.614 	-0.059 	-0.000 	0.109 	
193.252 	-63.820 	4.086 	-0.078 	-0.061 	-0.027 	
54.097 	-44.248 	21.682 	-0.006 	-0.025 	0.027 	
81.006 	42.094 	85.741 	0.059 	0.053 	-0.059 	
213.343 	-9.577 	-250.960 	-0.013 	-0.029 	0.022 	
141.282 	-132.991 	-8.237 	-0.034 	-0.024 	0.006 	
10.367 	-63.003 	59.049 	0.141 	-0.074 	-0.185 	
-41.377 	-59.921 	102.091 	0.094 	-0.030 	-0.139 	
24.156 	-32.607 	55.967 	-0.040 	-0.014 	0.053 	
-115.750 	-112.348 	73.449 	-0.035 	0.064 	-0.069 	
-16.531 	-42.771 	-12.515 	0.144 	-0.005 	-0.139 	
0.801 	-64.426 	65.496 	-0.086 	-0.108 	0.007 	
105.807 	-75.342 	-23.963 	-0.091 	-0.173 	-0.081 	
-568.634 	379.874 	825.390 	-0.204 	0.103 	0.213 	
38.268 	-108.251 	59.211 	0.193 	-0.007 	0.083 	
263.442 	-0.269 	5.199 	-0.070 	-0.045 	-0.040 	
127.023 	-3.109 	43.545 	0.087 	0.026 	-0.136 	
39.863 	-39.095 	47.849 	0.072 	0.020 	-0.021 	
-215.460 	-471.080 	235.026 	-0.315 	-0.538 	0.266 	
-72.988 	-129.430 	67.585 	0.033 	-0.034 	0.005 	
-172.007 	-91.102 	16.957 	-0.026 	-0.022 	0.000 	
-21.271 	-67.714 	52.782 	0.045 	-0.029 	-0.037 	
3997.852 	464.356 	793.230 	0.887 	0.117 	0.177 	
55.859 	-69.828 	16.802 	0.022 	-0.109 	0.011 	
111.902 	-93.696 	13.894 	0.051 	0.054 	0.038 	
23.591 	-47.193 	105.109 	-0.104 	-0.022 	-0.002 	
64.201 	-40.770 	3.123 	-0.125 	0.049 	-0.018 	
6.624 	-129.326 	32.308 	0.212 	-0.099 	-0.096 	
76.039 	-71.275 	8.438 	-0.073 	-0.145 	-0.117 	
-5.260 	-71.266 	68.198 	-0.087 	0.061 	0.053 	
189.080 	-305.222 	617.111 	0.009 	-0.053 	0.098 	
-116.900 	-38.200 	-2.380 	-0.098 	0.039 	0.032 	
52.600 	-65.434 	-68.532 	-0.012 	-0.075 	-0.078 	
976.805 	-1054.570 	-326.319 	0.393 	-0.402 	-0.133 	
-26.659 	-73.220 	43.765 	0.020 	-0.088 	0.132 	
87.768 	14.211 	79.585 	-0.055 	-0.015 	0.029 	
86.184 	-72.789 	136.650 	0.007 	0.034 	0.014 	
610.456 	-254.554 	118.042 	0.050 	-0.028 	-0.003 	
97.390 	-69.508 	54.252 	-0.138 	-0.009 	0.041 	
69.822 	-7.588 	15.674 	-0.088 	-0.076 	0.089 	
-22.848 	-75.171 	-36.250 	0.051 	-0.070 	0.115 	
315.816 	-79.381 	1.002 	-0.041 	0.010 	0.037 	
-125.139 	8.459 	49.961 	-0.065 	-0.036 	-0.099 	
31.343 	-36.784 	68.723 	-0.143 	-0.230 	-0.113 	
8.440 	-153.544 	48.182 	-0.050 	-0.091 	0.101 	
4.552 	-51.381 	20.184 	-0.071 	-0.013 	-0.000 	
-72.791 	-129.610 	52.169 	-0.007 	0.095 	0.052 	
122.581 	-55.644 	-15.478 	-0.012 	-0.089 	0.059 	
140.976 	-27.939 	-5.964 	-0.184 	-0.013 	0.024 	
12.567 	-43.164 	67.051 	0.190 	0.046 	-0.132 	
84.108 	-33.423 	-39.664 	0.043 	-0.009 	-0.050 	
10.341 	-89.715 	21.304 	0.109 	0.107 	0.045 	
24.522 	-89.818 	25.285 	-0.020 	-0.001 	0.013 	
-29.224 	-37.547 	-2.373 	0.021 	-0.031 	-0.073 	
5.162 	-57.660 	36.512 	-0.117 	-0.046 	0.023 	
-58.312 	-42.555 	30.394 	0.085 	0.049 	0.099 	
-66.600 	-14.335 	53.404 	0.065 	-0.040 	0.090 	
3.416 	-55.932 	45.800 	-0.121 	0.084 	0.064 	
127.776 	-33.265 	90.894 	0.107 	0.047 	0.071 	
-55.542 	-127.911 	80.810 	0.107 	-0.041 	-0.026 	
-92.974 	22.898 	52.809 	-0.053 	-0.106 	0.030 	
363.593 	-509.975 	-335.226 	0.037 	-0.120 	-0.081 	
-16.692 	-69.751 	74.958 	-0.162 	-0.111 	0.017 	
65.550 	6.195 	88.998 	-0.022 	-0.054 	-0.070 	
-121.676 	-150.077 	-22.595 	0.071 	0.005 	-0.006 	
-120.482 	1.803 	-31.657 	-0.057 	0.084 	-0.062 	
-100.944 	-48.567 	107.649 	-0.063 	-0.117 	0.039 	
19.670 	-42.582 	63.475 	-0.046 	0.095 	0.019 	
117.475 	-29.301 	95.419 	-0.014 	-0.140 	0.121 	
122.984 	-131.131 	28.389 	-0.124 	-0.151 	-0.054 	
5987.951 	6947.236 	2601.350 	3.031 	3.585 	1.316 	
545.643 	-119.218 	-77.245 	0.162 	-0.035 	-0.031 	
82.161 	2.034 	16.517 	-0.091 	-0.070 	0.072 	
13.984 	-22.921 	52.147 	-0.070 	-0.037 	0.123 	
-13.308 	-196.490 	79.385 	0.023 	0.040 	0.068 	
38.250 	-52.156 	75.661 	0.190 	-0.049 	-0.078 	
1803.081 	1135.646 	403.267 	0.330 	0.215 	0.073 	
-101.437 	-79.290 	91.943 	-0.015 	-0.118 	0.037 	
101.072 	-85.080 	62.029 	-0.025 	-0.003 	0.073 	
225.681 	-16.862 	74.437 	-0.039 	0.007 	-0.130 	
93.283 	-61.083 	79.597 	-0.008 	0.120 	0.026 	
-2.457 	-22.759 	55.275 	0.127 	-0.104 	0.080 	
8.046 	-105.195 	144.032 	-0.108 	-0.012 	0.034 	
-21.379 	-33.072 	-55.465 	0.124 	0.029 	-0.065 	
1901.121 	1106.049 	-1182.399 	0.345 	0.210 	-0.211 	
25.839 	-11.576 	63.965 	-0.108 	0.084 	0.026 	
-1008.943 	18807.621 	10993.849 	-0.911 	15.733 	9.160 	
18.026 	29.461 	-4.673 	0.040 	0.073 	-0.079 	
-73.545 	-110.078 	-48.373 	-0.079 	0.012 	-0.059 	
47.711 	-58.667 	32.458 	0.000 	0.109 	0.092 	
-126.359 	-143.680 	-25.329 	0.056 	0.040 	-0.077 	
58.126 	-132.482 	-7.448 	-0.034 	-0.033 	-0.131 	
30.671 	-74.710 	138.867 	-0.059 	-0.059 	-0.144 	
-3275.997 	-354.221 	-125.475 	-0.714 	-0.066 	-0.025 	
-95.108 	-67.618 	169.545 	-0.036 	0.039 	0.127 	
-11.194 	-2.584 	-66.983 	-0.018 	0.027 	-0.009 	
7.964 	-21.904 	36.936 	-0.075 	0.075 	-0.075 	
29.059 	-27.853 	-7.345 	0.003 	-0.042 	0.075 	
48.631 	-51.160 	42.265 	-0.092 	-0.149 	0.131 	
35.654 	-90.780 	10.085 	0.060 	-0.019 	-0.006 	
24.449 	6.861 	22.725 	-0.009 	0.085 	0.065 	
23.263 	-67.009 	65.173 	-0.222 	-0.128 	-0.080 	
84.536 	-48.488 	58.227 	-0.188 	-0.039 	-0.023 	
1887.342 	-353.156 	63.811 	0.407 	-0.081 	0.006 	
52.082 	-75.152 	-13.788 	-0.106 	0.134 	0.131 	
49.710 	-31.613 	70.552 	0.107 	-0.030 	-0.035 	
-15.655 	-51.948 	3.156 	-0.038 	0.074 	0.162 	
72.937 	-82.657 	53.149 	0.097 	0.157 	-0.039 	
-1054.942 	-544.776 	-2338.698 	-0.189 	-0.102 	-0.421 	
129.985 	-36.558 	7.217 	-0.038 	-0.026 	-0.100 	
78.151 	-55.635 	97.311 	-0.237 	0.052 	0.093 	
35.797 	-49.330 	44.222 	0.166 	0.057 	-0.039 	
13.451 	-104.496 	76.685 	0.065 	-0.192 	-0.049 	
55.539 	-96.036 	49.761 	0.004 	0.075 	-0.062 	
71.691 	-78.211 	14.476 	0.005 	0.050 	0.101 	
-38.839 	-35.106 	205.514 	-0.094 	0.009 	0.025 	
30.023 	-48.288 	48.692 	0.043 	0.004 	0.279 	
42.138 	-69.202 	43.231 	0.014 	0.124 	0.113 	
45.103 	-37.707 	41.521 	0.192 	-0.149 	-0.110 	
54.187 	-21.624 	55.217 	-0.055 	-0.058 	-0.100 	
48.691 	-51.912 	38.753 	0.080 	0.070 	0.042 	
50.281 	-66.991 	27.647 	-0.119 	-0.154 	0.007 	
350.688 	-332.404 	32.900 	-0.030 	-0.049 	-0.000 	
-124.751 	-75.194 	73.035 	-0.080 	-0.029 	0.064 	
64.621 	-65.144 	54.888 	-0.031 	-0.059 	0.041 	
4.461 	-58.858 	83.669 	0.002 	0.053 	-0.012 	
64.147 	-3.154 	65.188 	-0.112 	-0.014 	0.036 	
30.141 	-44.036 	6.610 	-0.043 	0.011 	0.128 	
-3.517 	-67.664 	70.765 	0.024 	-0.041 	0.064 	
25.141 	-25.821 	18.954 	-0.018 	-0.171 	-0.030 	
26.335 	-50.114 	18.811 	0.174 	-0.018 	-0.179 	
43.386 	-20.029 	7.610 	0.153 	0.055 	0.042 	
-209.068 	-27.871 	35.631 	-0.076 	0.065 	0.027 	
54.597 	-103.483 	-12.988 	-0.000 	-0.102 	0.078 	
-9.778 	-70.478 	45.557 	0.102 	0.030 	0.096 	
5.659 	-65.879 	-23.890 	-0.010 	0.019 	0.137 	
27.976 	-87.689 	44.472 	0.012 	0.048 	-0.025 	
87.615 	-73.370 	61.373 	-0.160 	-0.064 	0.016 	
-43.804 	-54.437 	7.404 	-0.124 	-0.144 	-0.096 	
-27.087 	-181.598 	-65.326 	-0.058 	0.038 	0.093 	
-899.342 	-1556.320 	1527.737 	-0.182 	-0.287 	0.298 	
128.449 	-263.620 	8.457 	-0.009 	-0.049 	-0.010 	
124.404 	-97.068 	7.764 	0.086 	0.083 	0.103 	
63.310 	-54.740 	74.954 	0.076 	-0.091 	-0.266 	
17.657 	-63.269 	45.919 	0.051 	-0.002 	-0.010 	
-12.256 	-68.944 	69.837 	-0.024 	-0.034 	-0.016 	
133.264 	-18.633 	75.490 	-0.034 	0.007 	0.162 	
110.035 	-35.741 	150.625 	0.074 	-0.021 	0.062 	
35.035 	-75.267 	95.507 	0.122 	0.025 	0.106 	
34.406 	-50.786 	43.878 	-0.223 	-0.071 	0.017 	
-748.431 	21.149 	-919.439 	-0.308 	0.050 	-0.435 	
79.513 	-57.042 	54.426 	0.136 	0.112 	0.049 	
98.508 	3.845 	50.820 	0.115 	0.055 	0.113 	
109.569 	-59.902 	32.421 	-0.025 	0.050 	0.101 	
87.485 	-68.550 	13.304 	-0.027 	-0.157 	-0.052 	
-988.086 	3851.628 	421.636 	-0.192 	0.719 	0.084 	
-8.731 	147.226 	-70.453 	-0.047 	0.001 	0.062 	
-39.698 	-65.212 	75.845 	0.125 	0.015 	0.147 	
55.487 	-56.602 	24.515 	-0.110 	-0.144 	0.072 	
189.167 	-127.201 	-2.503 	-0.016 	0.113 	0.086 	
36.655 	-25.455 	50.976 	0.016 	-0.039 	0.159 	
-58.992 	-157.318 	-16.246 	-0.098 	-0.097 	-0.034 	
43.297 	-71.799 	60.494 	0.137 	0.001 	0.050 	
68.692 	-38.578 	34.952 	0.005 	-0.019 	0.088 	
33.820 	-63.706 	19.415 	0.149 	-0.126 	0.024 	
-303.618 	-47.152 	66.644 	-0.082 	-0.039 	-0.002 	
-87.765 	-93.580 	-19.051 	-0.072 	0.014 	-0.124 	
87.673 	-82.772 	60.822 	-0.029 	0.204 	-0.043 	
-25.318 	-44.209 	40.719 	0.212 	0.055 	-0.023 	
100.306 	-49.230 	119.687 	0.013 	-0.050 	0.072 	
71.875 	-61.401 	50.581 	0.209 	-0.057 	-0.004 	
-87.822 	-48.802 	104.978 	0.120 	0.002 	-0.004 	
-72.900 	-38.471 	88.577 	0.041 	-0.109 	-0.095 	
138.650 	-40.961 	5.423 	0.002 	0.005 	0.019 	
113.499 	-6.797 	57.226 	-0.076 	-0.053 	-0.015 	
84.741 	-45.493 	-27.264 	-0.115 	-0.116 	0.138 	
7.139 	-83.263 	74.298 	0.096 	0.005 	0.040 	
-17.494 	-39.899 	89.044 	0.110 	-0.031 	-0.031 	
47.305 	-48.197 	41.144 	-0.090 	-0.076 	-0.021 	
-91.391 	-57.182 	117.134 	-0.114 	-0.105 	0.027 	
219.972 	62.679 	-142.992 	0.019 	-0.006 	-0.020 	
135.565 	-36.064 	82.568 	-0.029 	0.069 	-0.020 	
95.260 	-42.018 	49.591 	-0.193 	-0.071 	0.025 	
-26.807 	-46.056 	76.491 	-0.045 	0.126 	0.211 	
119.319 	-23.027 	11.566 	0.084 	-0.110 	0.058 	
-858.434 	-451.914 	649.664 	-0.278 	-0.125 	0.149 	
12.522 	-58.449 	34.074 	-0.097 	-0.048 	0.123 	
58.362 	-106.797 	51.293 	0.065 	0.026 	0.023 	
-51.920 	-67.477 	24.817 	-0.045 	0.022 	0.022 	
91.609 	2.782 	40.722 	0.007 	0.077 	-0.110 	
-94.799 	-70.278 	93.971 	-0.154 	0.049 	0.032 	
-81.657 	-82.201 	-45.948 	0.119 	0.020 	0.039 	
371.351 	-268.763 	-438.311 	0.047 	-0.036 	-0.020 	
59.669 	-66.068 	38.823 	0.192 	-0.083 	0.139 	
62.984 	-83.139 	58.592 	0.004 	0.040 	-0.213 	
65.666 	-115.677 	0.626 	0.054 	-0.041 	0.058 	
90.957 	-67.380 	-7.270 	0.137 	-0.043 	0.069 	
98.424 	43.800 	0.087 	-0.190 	0.021 	-0.008 	
-545.650 	-170.120 	194.945 	-0.137 	-0.045 	0.007 	
553.166 	-674.732 	-77.543 	0.078 	-0.095 	-0.004 	
231.263 	37.398 	56.994 	0.059 	0.052 	-0.017 	
49.015 	-18.758 	49.602 	-0.123 	0.054 	-0.043 	
24.248 	-101.273 	36.626 	-0.090 	-0.042 	0.050 	
-58.528 	-69.025 	89.434 	-0.022 	-0.081 	-0.023 	
11.886 	-52.980 	47.526 	0.168 	-0.184 	-0.059 	
75.530 	-70.515 	-9.674 	0.018 	-0.060 	-0.108 	
20.350 	-38.613 	25.870 	-0.113 	0.062 	0.012 	
-11.598 	-186.415 	-4.449 	-0.027 	-0.013 	-0.031 	
-2.038 	-85.260 	54.968 	0.211 	0.133 	0.082 	
-6.716 	-232.440 	32.269 	0.029 	0.008 	0.033 	
15.055 	-32.440 	41.946 	0.011 	-0.104 	-0.101 	
234.630 	-129.744 	69.535 	-0.014 	0.115 	-0.012 	
74.405 	-55.470 	23.080 	0.188 	-0.002 	-0.014 	
61.040 	-50.693 	9.805 	-0.179 	0.009 	-0.064 	
-90.328 	-97.582 	-35.651 	-0.090 	-0.050 	0.126 	
69.004 	-12.710 	9.855 	-0.088 	-0.049 	0.023 	
-109.799 	-23.188 	122.040 	0.000 	0.019 	0.029 	
51.001 	41.607 	-3.849 	0.059 	0.010 	0.030 	
91.842 	-71.397 	180.459 	0.086 	0.049 	-0.028 	
35.263 	-50.790 	43.089 	0.043 	0.035 	0.131 	
19.151 	-116.938 	-20.815 	0.141 	0.061 	0.079 	
84.443 	-1.254 	13.279 	0.101 	0.064 	0.070 	
389.768 	435.819 	-23.406 	0.016 	0.097 	-0.008 	
-1019.373 	1099.611 	476.435 	-0.405 	0.454 	0.186 	
-25.575 	-64.195 	73.963 	-0.086 	0.081 	-0.231 	
14.283 	-54.160 	23.303 	-0.148 	-0.086 	-0.100 	
96.391 	-63.136 	75.671 	-0.179 	0.074 	-0.023 	
-26.484 	-16.530 	67.863 	-0.057 	-0.062 	0.020 	
294.207 	382.821 	610.439 	0.043 	0.044 	0.065 	
-54.126 	-104.900 	126.827 	-0.047 	-0.043 	0.040 	
22.862 	-2.494 	31.590 	0.118 	0.070 	-0.133 	
145.374 	-98.435 	27.380 	-0.023 	0.012 	-0.061 	
1494.101 	-1712.055 	-0.257 	0.260 	-0.304 	0.004 	
40.356 	-13.662 	117.086 	-0.008 	-0.049 	0.082 	
148.371 	15.286 	-30.176 	0.090 	-0.035 	0.075 	
44.892 	-64.154 	18.708 	0.002 	0.123 	0.168 	
-0.907 	-53.428 	65.022 	-0.112 	-0.085 	-0.030 	
95.755 	-113.062 	85.052 	0.072 	0.114 	-0.027 	
56.209 	-80.201 	91.992 	0.044 	0.093 	0.161 	
-23.251 	-75.400 	53.374 	-0.087 	-0.006 	0.035 	
5.122 	-26.781 	50.802 	-0.018 	0.028 	0.048 	
67.624 	-38.491 	120.810 	0.105 	-0.020 	0.007 	
51.138 	-42.178 	49.813 	0.067 	-0.008 	0.029 	
622.617 	-1619.049 	-26.232 	0.118 	-0.287 	-0.015 	
242.480 	25.339 	259.765 	0.013 	0.028 	0.024 	
104.192 	-18.496 	64.016 	0.142 	0.095 	-0.065 	
35.628 	-34.874 	31.580 	-0.169 	0.167 	-0.159 	
-84.685 	-124.191 	89.064 	-0.003 	-0.167 	0.100 	
-44.418 	-137.832 	21.058 	0.060 	-0.090 	0.060 	
-16.827 	-53.963 	52.604 	0.078 	-0.126 	0.053 	
33.574 	-42.421 	17.165 	0.060 	0.205 	0.065 	
-101.335 	-16.031 	71.908 	-0.043 	-0.168 	0.028 	
28.269 	-52.114 	1.258 	0.117 	-0.020 	0.064 	
-214.681 	-10.509 	1.235 	-0.002 	0.040 	-0.005 	
202.150 	-76.924 	-71.686 	-0.030 	-0.045 	0.008 	
188.457 	47.174 	-46.181 	-0.012 	0.008 	0.061 	
62.634 	-45.905 	36.784 	0.024 	0.037 	-0.047 	
59.840 	-29.340 	58.347 	-0.002 	-0.144 	0.010 	
531.801 	-157.125 	304.234 	0.068 	-0.040 	0.040 	
23.016 	-79.027 	43.164 	-0.092 	0.033 	-0.031 	
-6.151 	-47.239 	48.163 	-0.049 	-0.114 	-0.058 	
93.739 	26.033 	91.001 	0.069 	-0.036 	0.048 	
235.725 	-10.885 	165.231 	0.090 	0.051 	0.071 	
-1.722 	-31.134 	44.823 	-0.096 	-0.045 	0.037 	
45.198 	-67.198 	47.247 	0.091 	-0.109 	-0.022 	
1.499 	-46.579 	120.156 	-0.067 	-0.062 	0.054 	
-42.267 	-65.165 	-63.340 	-0.039 	-0.054 	0.029 	
81.006 	-6.382 	31.878 	-0.054 	-0.079 	-0.034 	
1387.254 	3184.889 	-11850.617 	0.265 	0.621 	-2.368 	
-50.935 	39.657 	3.261 	0.072 	-0.033 	-0.037 	
20.484 	-49.243 	43.548 	-0.104 	0.034 	-0.082 	
181.398 	52.131 	-4.388 	0.033 	-0.011 	-0.047 	
2.483 	-43.064 	26.896 	-0.023 	-0.166 	0.020 	
-68.032 	-53.961 	65.010 	0.041 	-0.059 	0.027 	
110.538 	-6.766 	46.692 	-0.179 	0.076 	0.006 	
128.443 	-24.908 	-1.800 	-0.181 	-0.079 	0.016 	
12.773 	-42.736 	70.709 	-0.140 	-0.093 	-0.080 	
-7.547 	-150.625 	57.211 	-0.076 	-0.006 	-0.015 	
44.279 	-63.197 	30.819 	-0.159 	0.005 	-0.129 	
237.354 	41.397 	78.257 	0.058 	-0.029 	-0.008 	
25.441 	-72.411 	33.835 	0.036 	-0.091 	-0.019 	
-7.308 	-42.417 	43.964 	-0.152 	0.068 	-0.014 	
117.465 	-112.729 	6.694 	0.105 	-0.010 	-0.088 	
38.954 	-82.107 	51.641 	-0.068 	0.036 	0.130 	
-23.128 	-80.099 	44.255 	0.008 	0.072 	-0.001 	
-47.825 	-79.560 	105.276 	0.122 	-0.081 	0.047 	
-41.716 	-94.196 	123.606 	0.134 	0.010 	0.097 	
85.447 	80.097 	219.010 	-0.034 	0.018 	0.042 	
-5.551 	-69.945 	45.106 	-0.154 	-0.125 	-0.100 	
24.767 	-81.544 	51.340 	0.011 	0.012 	0.062 	
160.610 	173.107 	247.422 	-0.001 	0.045 	0.021 	
-2270.974 	271.801 	-1810.688 	-2.459 	0.225 	-1.895 	
-73.058 	-81.509 	67.050 	-0.116 	-0.076 	0.149 	
680.250 	-318.098 	-335.264 	0.080 	-0.063 	-0.049 	
98.041 	-48.063 	28.169 	-0.020 	-0.067 	-0.011 	
2521.564 	-252.922 	1754.434 	2.624 	-0.332 	1.887 	
95.252 	-61.032 	88.291 	0.042 	0.087 	0.008 	
-31.318 	-66.638 	42.418 	-0.129 	-0.015 	-0.071 	
21.329 	-65.615 	86.661 	0.047 	0.212 	-0.031 	
-40.938 	17.873 	102.543 	-0.011 	0.076 	-0.058 	
127.081 	10.733 	34.947 	0.040 	0.025 	-0.062 	
-1.962 	-96.536 	62.612 	0.225 	0.063 	-0.093 	
103.504 	20.826 	54.317 	0.136 	0.048 	0.075 	
-22.379 	499.316 	-41.212 	-0.058 	0.299 	-0.040 	
-141.576 	-86.626 	54.570 	0.064 	-0.029 	-0.034 	
15.556 	-32.023 	-13.661 	-0.106 	-0.016 	0.021 	
40.796 	-71.794 	58.006 	-0.133 	-0.032 	-0.066 	
38.894 	-51.336 	48.060 	-0.094 	-0.146 	0.031 	
-22.769 	71.514 	-78.299 	0.010 	-0.018 	0.009 	
74.885 	-48.685 	100.167 	0.056 	-0.031 	-0.060 	
-98.821 	-21.731 	51.879 	-0.080 	-0.146 	0.032 	
27.232 	-82.800 	45.690 	0.036 	0.161 	-0.038 	
105.179 	-31.033 	131.108 	0.042 	-0.064 	-0.104 	
3020.231 	1164.231 	1305.382 	0.569 	0.233 	0.255 	
6.386 	-10.356 	66.869 	-0.015 	-0.138 	0.090 	
30.308 	-16.348 	45.760 	-0.087 	0.069 	0.058 	
-85.421 	4.109 	130.144 	-0.094 	0.036 	0.086 	
-16.477 	-84.625 	3.829 	-0.133 	-0.029 	-0.064 	
-47.503 	-116.791 	-3.521 	0.024 	-0.171 	-0.099 	
-1.984 	-96.390 	81.395 	0.051 	-0.074 	-0.048 	
78.161 	-32.426 	81.746 	0.049 	0.050 	-0.021 	
153.635 	-84.831 	36.879 	0.035 	0.067 	0.043 	
12.101 	-20.477 	41.796 	-0.144 	0.019 	0.011 	
16.961 	-135.929 	113.660 	-0.001 	0.017 	-0.028 	
95.196 	-38.458 	33.233 	0.149 	-0.055 	-0.059 	
82.509 	33.691 	85.823 	-0.026 	0.066 	-0.021 	
-93.245 	-52.172 	-41.114 	-0.052 	0.007 	-0.008 	
-28.318 	-544.100 	992.860 	-0.040 	-0.080 	0.166 	
-54.170 	-58.939 	141.902 	-0.046 	0.002 	0.022 	
-12.521 	-150.422 	35.119 	0.005 	-0.103 	0.051 	
67.094 	0.369 	92.213 	-0.188 	-0.002 	-0.080 	
18.738 	-28.888 	20.112 	-0.113 	-0.073 	0.046 	
48.837 	21.892 	105.766 	-0.088 	-0.099 	-0.016 	
38.363 	-120.123 	-130.652 	0.035 	0.007 	0.093 	
528.427 	-81.356 	266.903 	0.073 	-0.024 	0.055 	
97.853 	-85.076 	-33.257 	0.135 	-0.059 	-0.090 	
-403.672 	195.372 	-240.701 	-0.144 	0.126 	-0.117 	
-24.966 	-55.039 	114.141 	-0.122 	-0.082 	0.026 	
30.078 	-43.679 	66.477 	0.124 	0.060 	0.129 	
306.221 	-178.411 	50.448 	0.015 	0.001 	-0.002 	
120.125 	-60.542 	87.570 	-0.145 	0.093 	-0.001 	
73.341 	-12.712 	82.978 	-0.070 	0.003 	0.022 	
3.286 	-10.233 	37.760 	-0.222 	0.027 	-0.090 	
40.856 	-76.685 	13.483 	-0.090 	0.086 	0.081 	
46.594 	-17.299 	25.289 	-0.148 	0.117 	0.075 	
74.850 	12.037 	80.092 	-0.093 	-0.081 	-0.075 	
73.472 	-35.866 	55.263 	-0.092 	-0.078 	0.009 	
-2.205 	-26.058 	73.943 	0.036 	0.019 	-0.018 	
-973.841 	351.886 	-1348.670 	-0.247 	0.093 	-0.306 	
156.575 	-100.884 	155.178 	0.006 	0.062 	-0.087 	
122.771 	20.639 	44.692 	0.030 	0.056 	0.037 	
99.837 	-34.881 	182.789 	0.023 	-0.012 	-0.010 	
-120.167 	-37.076 	84.657 	-0.065 	0.024 	-0.031 	
12.812 	-102.956 	-46.750 	-0.039 	-0.066 	0.013 	
57.426 	-26.706 	53.787 	-0.102 	-0.017 	0.098 	
29.833 	-35.470 	49.127 	0.165 	-0.113 	0.005 	
165.918 	148.982 	-50.842 	0.028 	0.073 	-0.032 	
97.347 	36.042 	57.129 	-0.185 	0.008 	-0.006 	
-565.716 	-204.534 	37.727 	-0.069 	-0.041 	0.045 	
68.160 	-39.933 	78.165 	-0.197 	0.052 	-0.053 	
76.902 	-63.673 	17.693 	-0.129 	0.035 	0.155 	
-57.275 	-51.264 	74.891 	-0.192 	0.013 	-0.043 	
88.429 	-130.436 	59.217 	0.119 	-0.059 	-0.031 	
77.996 	-26.528 	68.653 	0.076 	-0.086 	-0.003 	
-56.849 	-123.398 	-27.628 	0.008 	-0.066 	0.021 	
-135.475 	-35.277 	-175.437 	-0.001 	0.008 	0.004 	
-48.037 	-7.633 	13.273 	-0.029 	0.053 	0.063 	
2.644 	-81.698 	51.694 	0.095 	0.025 	-0.116 	
289.903 	-407.877 	341.119 	0.119 	-0.223 	0.177 	
31.539 	-58.060 	-10.372 	0.063 	0.043 	0.092 	
33.274 	-49.488 	32.201 	0.078 	0.099 	-0.018 	
32.824 	-61.399 	-41.367 	0.036 	0.072 	0.155 	
45.907 	117.485 	43.371 	-0.012 	0.048 	0.037 	
78.648 	-131.828 	125.882 	-0.113 	0.001 	0.102 	
-46.812 	-60.903 	22.990 	0.013 	0.013 	0.043 	
102.755 	-83.277 	46.583 	0.002 	-0.031 	-0.010 	
88.844 	-40.370 	40.867 	0.090 	-0.015 	0.067 	
-43.809 	-39.836 	58.332 	-0.071 	-0.085 	-0.018 	
290.452 	-625.632 	366.676 	-0.003 	-0.079 	0.052 	
77.275 	-39.809 	59.291 	0.096 	-0.065 	0.090 	
90.053 	-23.077 	47.894 	-0.016 	-0.113 	0.043 	
148.008 	-19.612 	0.293 	-0.007 	0.052 	0.122 	
80.793 	-0.596 	54.218 	0.013 	0.098 	0.116 	
64.799 	-106.985 	-38.508 	-0.094 	0.050 	0.124 	
-49.863 	-63.992 	17.777 	0.084 	-0.020 	0.007 	
43.826 	-60.206 	51.067 	-0.073 	0.191 	-0.044 	
-31.041 	-16.699 	48.507 	-0.138 	-0.044 	-0.031 	
2.822 	-52.820 	26.428 	-0.218 	0.139 	0.023 	
135.006 	-69.472 	30.242 	0.047 	0.026 	0.099 	
15.028 	31.590 	-0.452 	-0.130 	0.091 	0.022 	
-32.751 	-62.129 	44.383 	-0.064 	0.097 	0.105 	
-58.173 	-81.998 	14.945 	-0.005 	0.032 	0.099 	
-52.139 	-48.977 	49.397 	0.082 	-0.012 	-0.027 	
180.928 	-67.584 	34.528 	-0.013 	-0.037 	0.060 	
24210.899 	6758.613 	14970.354 	5.490 	1.541 	3.410 	
-24.759 	-112.924 	46.899 	-0.004 	-0.154 	0.020 	
-63.395 	-68.767 	-19.682 	-0.054 	-0.050 	-0.106 	
23.566 	-63.556 	21.665 	-0.095 	-0.137 	-0.034 	
11.186 	-60.119 	19.007 	-0.119 	0.004 	0.055 	
157.785 	5.663 	95.187 	-0.003 	0.071 	0.080 	
-66.247 	-48.400 	50.066 	0.080 	0.052 	0.053 	
104.094 	-54.278 	30.875 	-0.082 	-0.038 	-0.022 	
2.905 	-34.337 	58.459 	-0.093 	-0.010 	0.164 	
-64.095 	10.454 	11.683 	0.021 	-0.007 	-0.055 	
-72.298 	-58.740 	-0.306 	-0.026 	0.063 	0.075 	
-24.824 	-99.325 	160.684 	0.056 	-0.066 	0.048 	
128.987 	14.943 	24.077 	0.051 	-0.033 	-0.078 	
-23.479 	20.048 	50.227 	-0.048 	-0.157 	0.002 	
-412.737 	999.618 	-322.875 	-0.099 	0.219 	-0.079 	
303.963 	69.247 	-49.035 	-0.042 	-0.016 	0.009 	
66.662 	-68.257 	65.895 	-0.129 	0.055 	0.205 	
-0.561 	-117.216 	85.977 	-0.047 	-0.006 	0.044 	
76.020 	-22.963 	79.626 	0.001 	-0.069 	-0.002 	
157.740 	2.113 	-4.712 	0.085 	0.057 	-0.097 	
18.410 	-69.303 	49.005 	-0.099 	-0.006 	-0.168 	
-49.046 	-58.241 	85.357 	0.073 	0.020 	0.020 	
-4.559 	-78.300 	41.575 	0.020 	0.060 	-0.069 	
87.602 	138.091 	51.372 	-0.106 	0.023 	-0.016 	
-65.040 	-62.160 	124.011 	-0.102 	-0.009 	0.021 	
-22.753 	-72.479 	82.640 	-0.137 	0.104 	0.147 	
735.803 	54.990 	-92.004 	0.069 	0.001 	-0.008 	
61.769 	-101.255 	66.704 	0.042 	0.031 	-0.093 	
-25.347 	-43.547 	113.335 	0.011 	0.085 	0.080 	
-45.745 	-46.564 	40.787 	-0.186 	0.083 	-0.159 	
56.528 	-70.885 	40.454 	0.133 	0.070 	0.143 	
780.764 	79.238 	1031.896 	0.390 	0.077 	0.450 	
-224.318 	-47.512 	32.827 	-0.071 	-0.018 	0.045 	
-20.592 	32.956 	25.211 	-0.153 	-0.078 	0.001 	
-20.321 	-19.494 	61.483 	-0.072 	0.113 	0.056 	
-33.091 	52.135 	-61.100 	-0.083 	-0.066 	0.060 	
74.283 	-52.148 	52.630 	-0.050 	-0.100 	0.050 	
-3.799 	-2.803 	-103.814 	0.028 	-0.053 	0.080 	
96.053 	-5.040 	65.912 	0.062 	0.186 	0.006 	
169.059 	-49.519 	96.884 	0.017 	0.012 	0.001 	
4.874 	-72.724 	59.745 	-0.082 	-0.079 	0.162 	
-189.088 	-179.372 	627.834 	-0.055 	-0.010 	0.101 	
5.294 	-52.167 	60.546 	0.003 	0.169 	0.198 	
63.898 	-56.951 	16.309 	-0.096 	0.046 	-0.018 	
-260.927 	-14.795 	-176.597 	-0.152 	-0.012 	-0.032 	
-27.216 	-100.942 	-48.784 	0.001 	0.025 	0.038 	
-25.846 	-136.820 	104.328 	0.023 	0.040 	-0.045 	
-69.486 	-65.934 	80.153 	0.033 	-0.004 	0.117 	
156.376 	-23.577 	-30.422 	-0.101 	-0.006 	-0.115 	
53.845 	-56.861 	63.453 	0.086 	-0.039 	-0.142 	
-27.532 	27.066 	26.278 	-0.015 	-0.027 	0.025 	
65.222 	-13.370 	67.840 	-0.014 	0.015 	0.055 	
1712.481 	1079.788 	-621.925 	0.440 	0.274 	-0.163 	
91.134 	-28.671 	30.871 	0.038 	-0.016 	0.080 	
138.739 	-7.654 	89.293 	-0.061 	0.001 	-0.024 	
511.177 	180.553 	8.563 	0.221 	0.128 	-0.009 	
64.035 	-19.105 	57.041 	-0.232 	0.068 	0.053 	
57.168 	-74.800 	78.165 	0.027 	-0.079 	0.258 	
146.595 	-115.520 	37.883 	-0.057 	0.043 	0.000 	
-61.434 	-36.708 	46.921 	-0.081 	-0.074 	0.027 	
-4.755 	-138.526 	-9.866 	0.018 	-0.063 	0.020 	
-120.116 	-42.207 	63.368 	0.030 	0.038 	0.088 	
170.586 	-120.340 	87.759 	-0.033 	-0.050 	-0.005 	
174.564 	-140.159 	83.663 	0.050 	-0.057 	0.034 	
-97.710 	-57.945 	84.694 	-0.004 	-0.011 	-0.032 	
15.870 	-34.501 	24.883 	0.075 	0.046 	-0.128 	
-130.292 	-244.455 	158.549 	-0.010 	-0.005 	-0.021 	
-71.659 	-109.503 	80.633 	0.037 	-0.039 	0.032 	
-184.445 	-124.900 	107.713 	0.013 	0.039 	0.001 	
-63.664 	-21.432 	95.574 	0.029 	0.121 	0.107 	
-53.621 	-61.132 	-19.060 	-0.049 	0.000 	-0.055 	
51.752 	9.415 	23.232 	0.053 	-0.223 	0.031 	
-14.983 	-54.788 	88.004 	-0.133 	-0.028 	0.243 	
37.739 	-39.292 	63.996 	0.193 	0.034 	0.095 	
45.500 	-52.304 	64.129 	-0.156 	-0.033 	-0.196 	
-50.146 	-63.867 	79.874 	-0.089 	-0.047 	-0.086 	
62.505 	-55.396 	18.309 	-0.074 	-0.064 	0.220 	
-11.798 	-59.532 	73.006 	-0.343 	0.064 	0.010 	
42.069 	-75.497 	69.864 	-0.173 	0.015 	-0.028 	
49.992 	-59.245 	22.014 	0.117 	-0.067 	0.085 	
-16.617 	-54.701 	88.374 	0.008 	0.032 	-0.051 	
193.619 	-109.862 	-81.602 	0.016 	-0.058 	-0.058 	
119.483 	-83.208 	-10.557 	0.113 	-0.074 	0.020 	
14.780 	-33.754 	100.531 	0.099 	-0.055 	-0.051 	
-38.794 	-73.623 	127.739 	-0.072 	-0.037 	0.115 	
61.301 	-29.377 	68.476 	-0.188 	-0.034 	-0.167 	
300.838 	1165.212 	1973.973 	0.067 	0.436 	0.724 	
303.725 	-142.691 	6.725 	0.466 	-0.164 	-0.073 	
20.394 	-62.582 	30.115 	-0.131 	-0.148 	0.050 	
196.588 	-38.730 	4.233 	0.025 	0.054 	0.079 	
86.303 	31.071 	0.843 	0.040 	-0.069 	-0.038 	
38.512 	-83.675 	51.654 	-0.038 	0.083 	-0.002 	
-1.682 	-59.083 	44.925 	0.164 	0.020 	-0.064 	
1630.934 	305.783 	-3460.467 	0.276 	0.060 	-0.627 	
-6696.786 	-31067.190 	-48916.425 	-1.525 	-7.107 	-11.197 	
-124.052 	-69.168 	250.607 	0.007 	0.002 	-0.039 	
82.703 	-32.949 	123.735 	0.012 	0.039 	0.111 	
33.746 	9.949 	45.559 	0.107 	-0.048 	-0.030 	
31.085 	-45.503 	71.803 	0.133 	-0.019 	0.105 	
-95.530 	-75.559 	87.960 	-0.078 	-0.044 	0.074 	
56.054 	-72.677 	68.915 	-0.141 	-0.169 	-0.124 	
31.966 	-56.330 	36.413 	-0.107 	0.001 	0.029 	
54.478 	-78.125 	60.582 	0.040 	-0.060 	-0.161 	
8.720 	-85.587 	47.769 	0.056 	-0.220 	0.075 	
-138.224 	-199.806 	-17.565 	-0.044 	0.081 	0.084 	
1072.173 	-548.675 	-219.122 	0.296 	-0.131 	-0.058 	
72.414 	-80.607 	66.000 	-0.208 	-0.052 	-0.091 	
-529.704 	-82.224 	-287.144 	-0.260 	-0.054 	-0.129 	
151.689 	32.552 	-6.695 	-0.064 	-0.002 	0.031 	
95.830 	-16.202 	87.937 	-0.000 	-0.151 	0.005 	
2094.858 	765.110 	-345.048 	0.557 	0.205 	-0.095 	
43.470 	-74.838 	77.700 	0.127 	-0.060 	-0.048 	
409.479 	-414.194 	-182.613 	0.074 	-0.094 	-0.038 	
416.283 	-182.267 	1251.067 	0.216 	-0.072 	0.648 	
-47.456 	-62.737 	69.347 	0.103 	0.033 	0.063 	
19.003 	-46.415 	-5.334 	-0.084 	-0.013 	-0.006 	
28.351 	-71.041 	39.096 	0.117 	-0.048 	-0.021 	
-16.417 	-48.034 	139.399 	-0.171 	0.056 	-0.011 	
1.383 	-114.415 	-34.322 	0.138 	0.034 	0.080 	
63.302 	-66.091 	15.681 	-0.172 	-0.049 	0.166 	
48.437 	-4.676 	-7.047 	-0.070 	-0.167 	0.078 	
25.114 	-211.717 	61.623 	0.037 	0.101 	-0.004 	
-73.970 	-48.688 	123.037 	-0.019 	-0.025 	0.064 	
50.645 	-30.079 	72.901 	-0.021 	-0.060 	0.048 	
1.911 	-38.816 	206.170 	-0.070 	-0.061 	-0.030 	
107.777 	3.351 	26.038 	-0.131 	-0.062 	0.087 	
85.713 	-34.138 	96.623 	-0.097 	0.020 	-0.137 	
108.395 	-43.744 	28.308 	0.093 	0.026 	0.057 	
-24.003 	-123.131 	41.643 	-0.104 	-0.044 	-0.077 	
123.424 	-38.619 	44.275 	-0.200 	0.007 	-0.072 	
56.777 	-21.844 	23.401 	-0.022 	0.174 	-0.033 	
42.239 	-71.344 	38.786 	-0.031 	0.150 	0.046 	
87.205 	-34.887 	45.767 	-0.046 	0.036 	0.077 	
633.835 	-166.528 	559.926 	0.267 	-0.090 	0.245 	
-19.749 	-66.934 	90.269 	0.061 	0.018 	-0.086 	
11.159 	-54.699 	29.919 	-0.198 	-0.020 	0.051 	
-419.494 	129.688 	185.698 	-0.064 	0.031 	0.040 	
0.044 	7.726 	15.893 	0.060 	-0.068 	0.028 	
20.850 	-176.777 	-61.011 	-0.084 	0.012 	0.006 	
-30.465 	-43.532 	87.014 	0.092 	0.024 	-0.066 	
-4398.084 	2633.157 	1576.740 	-1.005 	0.616 	0.365 	
60.432 	-91.670 	82.669 	-0.104 	-0.030 	0.057 	
177.872 	-67.160 	103.788 	0.067 	0.040 	0.032 	
177.797 	29.589 	76.576 	0.056 	0.011 	0.059 	
231.159 	-14.339 	-9.562 	0.019 	0.030 	-0.034 	
141.108 	14.265 	18.673 	-0.057 	-0.126 	0.015 	
113.169 	-60.126 	53.579 	0.087 	-0.063 	-0.046 	
74.745 	-40.301 	22.051 	-0.017 	-0.121 	0.069 	
54.617 	-11.375 	32.072 	-0.018 	-0.090 	-0.076 	
62.317 	22.881 	-40.112 	-0.038 	-0.026 	-0.073 	
-60.888 	-54.381 	6.315 	0.004 	-0.061 	0.022 	
-78.933 	-44.032 	43.304 	0.002 	0.099 	0.109 	
-893.705 	325.804 	-221.169 	-0.174 	0.040 	-0.032 	
-49.291 	-61.472 	99.297 	-0.102 	0.071 	0.076 	
52.252 	-24.240 	39.986 	-0.165 	-0.052 	0.098 	
66.460 	-62.117 	49.540 	0.121 	0.071 	0.077 	
1722.877 	447.330 	-204.242 	0.910 	0.296 	-0.150 	
32.721 	-26.581 	30.726 	0.153 	0.010 	0.028 	
90.920 	-112.022 	63.103 	0.030 	-0.118 	0.048 	
-26.525 	-28.602 	50.214 	0.117 	-0.008 	0.081 	
97.356 	-2.671 	12.694 	-0.147 	0.029 	-0.037 	
104.004 	-73.380 	44.093 	-0.003 	-0.064 	-0.068 	
-10.713 	84.247 	22.703 	0.016 	0.070 	-0.049 	
-18.159 	-61.863 	37.123 	-0.081 	-0.132 	0.030 	
73.345 	-73.366 	42.451 	0.093 	-0.152 	-0.020 	
71.727 	-56.105 	91.677 	0.065 	-0.081 	0.034 	
55.888 	-36.448 	13.258 	0.094 	-0.155 	-0.028 	
-51.504 	-70.246 	90.112 	-0.008 	-0.051 	0.102 	
104.339 	-94.788 	42.121 	-0.022 	-0.027 	-0.006 	
328.416 	-80.885 	-330.046 	0.103 	-0.022 	-0.141 	
-18.259 	-182.783 	161.126 	0.016 	0.067 	-0.029 	
75.120 	-63.511 	68.504 	0.061 	0.092 	-0.133 	
-28.814 	-142.637 	14.770 	-0.010 	-0.076 	0.055 	
-234.590 	237.763 	-823.683 	-0.046 	0.062 	-0.197 	
85.524 	-86.962 	16.982 	0.063 	-0.037 	-0.034 	
-576.333 	295.168 	-888.198 	-0.314 	0.182 	-0.494 	
-6.680 	-59.010 	71.499 	-0.145 	-0.192 	0.056 	
-25.387 	-7.259 	52.571 	-0.117 	-0.058 	0.039 	
34.677 	-70.819 	85.475 	0.035 	-0.048 	-0.101 	
-66.839 	-23.826 	-83.080 	-0.091 	-0.063 	0.040 	
706.933 	-4888.531 	3443.733 	0.104 	-1.019 	0.717 	
54.761 	-196.204 	78.946 	0.055 	0.020 	-0.006 	
121.065 	-169.955 	77.767 	-0.083 	-0.101 	-0.048 	
-693.734 	-224.248 	479.783 	-0.337 	-0.089 	0.183 	
19.242 	8.659 	8.761 	0.064 	-0.130 	0.022 	
0.123 	-39.025 	59.494 	0.272 	-0.043 	-0.029 	
84.472 	-210.895 	-46.041 	0.024 	0.027 	0.033 	
64.060 	-13.367 	24.129 	-0.150 	0.176 	0.090 	
-493.599 	-492.165 	-60.497 	-0.103 	-0.104 	-0.013 	
-10.429 	-65.100 	85.861 	0.001 	-0.145 	-0.003 	
95.277 	-31.204 	50.212 	-0.007 	0.039 	-0.011 	
184.632 	-73.941 	59.067 	0.019 	0.004 	-0.028 	
-30.373 	-75.502 	-35.442 	0.060 	-0.004 	-0.022 	
1445.495 	-2287.797 	-1990.350 	0.262 	-0.439 	-0.391 	
279.712 	-155.493 	38.219 	-0.006 	0.002 	0.015 	
110.118 	-145.829 	9.314 	-0.147 	-0.073 	-0.035 	
-44.926 	-142.144 	16.032 	-0.042 	-0.077 	-0.024 	
35.550 	-65.190 	70.809 	0.133 	-0.054 	-0.061 	
-72.150 	-34.940 	60.787 	-0.125 	-0.031 	0.058 	
65.176 	-111.053 	41.712 	0.005 	0.181 	0.115 	
146.434 	-94.031 	10.338 	-0.065 	0.009 	0.032 	
75.417 	-35.706 	78.223 	0.195 	0.083 	0.126 	
89.360 	-33.161 	0.477 	-0.100 	-0.086 	0.033 	
40.454 	-222.004 	147.978 	0.008 	0.028 	-0.026 	
154.447 	12.242 	1.511 	0.023 	-0.060 	0.047 	
154.336 	-14.310 	27.778 	-0.045 	-0.007 	0.015 	
-32.848 	-55.779 	64.835 	0.057 	0.078 	-0.104 	
4.603 	-55.376 	97.409 	0.013 	-0.058 	0.104 	
-4.233 	-152.757 	4.402 	-0.096 	0.043 	0.115 	
133.272 	-173.261 	-38.765 	0.088 	0.047 	0.084 	
140.613 	-78.601 	-191.172 	-0.004 	-0.047 	-0.007 	
94.746 	-376.195 	412.600 	-0.073 	-0.258 	0.194 	
31.641 	-78.076 	46.057 	0.211 	-0.052 	-0.081 	
-1388.310 	-2847.524 	12349.358 	-0.288 	-0.579 	2.449 	
415.411 	125.733 	-101.652 	0.057 	-0.001 	-0.024 	
-0.889 	82.916 	-37.943 	-0.074 	-0.028 	0.061 	
152.152 	87.441 	-15.208 	0.077 	-0.055 	0.054 	
-89.262 	-45.336 	124.541 	-0.072 	0.035 	-0.094 	
32.242 	-27.403 	55.189 	-0.000 	0.074 	0.143 	
9.248 	-53.671 	138.042 	0.090 	-0.029 	0.079 	
156.099 	26.448 	71.572 	-0.081 	0.081 	0.113 	
8.979 	-67.759 	51.439 	0.075 	-0.047 	0.158 	
-19.394 	-59.487 	32.447 	0.084 	0.037 	-0.010 	
-72.990 	-27.426 	26.531 	-0.033 	0.016 	0.080 	
21.476 	-63.555 	57.601 	-0.126 	0.122 	-0.120 	
176.604 	-78.907 	31.153 	0.010 	0.037 	0.098 	
2.887 	-63.491 	66.793 	0.167 	0.058 	-0.120 	
-537.598 	-1745.445 	7.513 	-0.133 	-0.397 	-0.007 	
-57.784 	-54.085 	39.451 	0.071 	-0.031 	-0.101 	
-47.990 	-26.579 	2.128 	0.069 	0.028 	0.027 	
64.994 	-52.529 	43.771 	0.118 	-0.074 	-0.019 	
22.676 	-36.290 	54.162 	0.129 	-0.045 	-0.041 	
61.802 	-49.187 	-180.158 	-0.071 	0.006 	-0.010 	
157.629 	-66.246 	60.744 	0.105 	-0.068 	0.073 	
66.225 	-61.900 	38.570 	0.147 	-0.025 	0.037 	
76.033 	65.831 	-31.935 	0.055 	0.073 	-0.058 	
53.047 	-51.004 	28.740 	-0.180 	0.016 	0.171 	
-55.466 	-29.620 	37.674 	-0.147 	-0.062 	0.055 	
93.304 	5.128 	62.946 	-0.025 	0.118 	-0.057 	
129.104 	-2.145 	46.264 	-0.055 	-0.164 	-0.101 	
-42.894 	-62.404 	29.149 	-0.080 	0.168 	0.002 	
-227.502 	156.874 	-672.905 	-0.055 	0.013 	-0.075 	
-26.532 	-50.800 	83.251 	-0.127 	0.040 	0.029 	
-984.653 	224.874 	-633.862 	-0.238 	0.063 	-0.168 	
1598.918 	-1222.047 	-158.062 	0.951 	-0.717 	-0.090 	
48.137 	-81.669 	65.708 	0.047 	-0.121 	-0.130 	
-55.236 	-83.426 	70.550 	-0.004 	-0.006 	-0.067 	
-65.291 	-61.439 	-21.543 	-0.014 	-0.071 	0.053 	
62.242 	-69.009 	76.699 	-0.061 	-0.056 	-0.058 	
-54.779 	-101.418 	27.339 	-0.126 	-0.000 	-0.048 	
-12.194 	-108.423 	63.353 	0.068 	0.051 	0.043 	
-226.313 	47.972 	33.555 	0.012 	-0.090 	0.028 	
55.818 	17.359 	-70.620 	0.071 	0.062 	-0.052 	
68.558 	-87.803 	139.645 	0.009 	-0.031 	-0.029 	
104.156 	-80.767 	41.619 	0.201 	-0.031 	-0.073 	
-2265.228 	2822.252 	1557.316 	-0.463 	0.559 	0.302 	
-29.341 	-177.755 	29.821 	0.029 	0.075 	-0.022 	
100.106 	96.382 	54.926 	0.021 	0.085 	0.012 	
160.433 	-32.371 	50.802 	0.070 	-0.049 	0.039 	
-3.813 	-73.060 	42.415 	-0.162 	0.010 	-0.143 	
-33.291 	-66.697 	-23.194 	-0.003 	0.079 	-0.091 	
-417.802 	290.162 	37.097 	-0.124 	0.072 	-0.018 	
9.633 	-69.901 	-8.473 	-0.066 	0.009 	-0.144 	
-30.089 	-72.526 	88.374 	0.120 	0.072 	0.001 	
122.480 	-178.431 	73.593 	0.119 	0.058 	-0.040 	
154.844 	-55.868 	-10.557 	0.119 	0.017 	0.050 	
255.522 	156.570 	-56.555 	0.013 	0.057 	-0.090 	
18.754 	1.224 	-40.096 	-0.029 	0.018 	-0.058 	
-383.274 	-110.462 	69.737 	-0.180 	-0.048 	0.040 	
0.703 	-37.846 	55.315 	-0.017 	0.057 	0.178 	
1.479 	-77.205 	74.628 	0.004 	0.148 	0.003 	
104.918 	-190.813 	41.001 	-0.063 	-0.076 	-0.029 	
58.627 	-1.121 	30.418 	0.081 	0.024 	0.094 	
123.600 	-20.048 	99.656 	0.046 	0.108 	0.081 	
58.032 	31.056 	104.412 	-0.095 	-0.034 	-0.118 	
67634.634 	5504.371 	54380.337 	23.366 	1.917 	18.839 	
23.013 	-100.314 	110.576 	0.048 	0.091 	0.005 	
147.471 	-49.498 	10.330 	0.071 	-0.067 	-0.091 	
143.417 	-32.408 	92.144 	0.148 	-0.053 	0.103 	
94.117 	-31.101 	45.193 	0.022 	0.110 	0.081 	
89.166 	66.791 	-0.027 	-0.096 	0.004 	-0.074 	
-140.812 	-200.617 	1.616 	-0.038 	0.108 	0.010 	
0.646 	-102.108 	8.146 	0.099 	0.053 	0.193 	
110.772 	-17.732 	81.701 	-0.014 	-0.157 	0.048 	
25.077 	-57.992 	28.869 	-0.047 	-0.100 	-0.108 	
82.142 	17.950 	106.426 	-0.062 	0.013 	-0.055 	
80.735 	-54.864 	152.175 	-0.138 	-0.016 	-0.070 	
-14.544 	-2.753 	87.032 	-0.134 	-0.054 	-0.017 	
1050.769 	1954.888 	2024.315 	0.152 	0.345 	0.363 	
2.597 	-69.889 	28.113 	-0.066 	-0.232 	0.003 	
-139.904 	5416.288 	-3519.434 	-0.072 	1.121 	-0.729 	
41.927 	-73.839 	74.808 	-0.164 	-0.049 	0.026 	
-5699.299 	-7248.108 	-2710.681 	-2.939 	-3.666 	-1.397 	
74.679 	33.400 	74.638 	-0.113 	-0.043 	-0.049 	
1.284 	-8.798 	9.878 	0.092 	-0.117 	0.120 	
6227.696 	30503.721 	50166.439 	1.431 	6.974 	11.464 	
-54.307 	-119.681 	42.688 	-0.079 	-0.126 	0.073 	
39.279 	-106.626 	41.787 	0.039 	0.179 	-0.132 	
37.843 	-94.935 	0.255 	-0.116 	-0.168 	-0.127 	
146.259 	-51.796 	146.747 	0.009 	-0.033 	-0.130 	
143.071 	-78.244 	55.603 	-0.045 	-0.065 	-0.033 	
117.065 	-51.560 	67.117 	-0.126 	-0.114 	-0.050 	
-45.014 	-143.066 	77.898 	-0.028 	-0.098 	0.043 	
-404.076 	463.481 	-38.610 	-0.093 	0.028 	-0.013 	
132.172 	64.014 	1.360 	-0.125 	0.037 	-0.007 	
847.255 	-298.743 	327.416 	0.194 	-0.081 	0.082 	
-37.453 	-112.645 	34.665 	0.024 	0.039 	0.040 	
66.515 	-21.903 	95.632 	-0.020 	0.031 	-0.037 	
100.231 	-44.006 	60.840 	-0.121 	0.043 	0.155 	
153.891 	42.536 	42.967 	0.074 	-0.127 	-0.033 	
-2.875 	-80.224 	43.212 	-0.126 	-0.078 	0.147 	
-115.285 	-30.049 	-2.071 	-0.036 	-0.022 	0.045 	
17.086 	-33.404 	61.195 	0.201 	-0.008 	0.103 	
57.269 	-72.683 	19.246 	0.059 	-0.133 	-0.057 	
-32.465 	-76.993 	116.251 	-0.090 	-0.100 	0.072 	
78.192 	-1.570 	38.176 	-0.016 	0.109 	0.031 	
73.322 	-79.352 	-4.285 	-0.009 	-0.057 	-0.118 	
634.131 	-893.696 	523.122 	0.143 	-0.201 	0.106 	
-563.104 	270.368 	183.108 	-0.088 	0.003 	0.040 	
-77.106 	-159.771 	68.129 	-0.148 	-0.069 	0.028 	
-56.731 	-74.658 	24.535 	0.030 	-0.058 	0.018 	
141.999 	-207.453 	62.475 	0.088 	0.007 	0.003 	
-54.429 	-66.436 	4.375 	0.110 	0.039 	-0.075 	
41.639 	-68.519 	72.072 	0.108 	-0.079 	-0.133 	
-1111.965 	6847.949 	449.419 	-0.247 	1.412 	0.093 	
26.326 	-43.495 	56.929 	-0.035 	-0.015 	0.289 	
-37.791 	-91.621 	41.252 	-0.109 	0.012 	-0.048 	
-287.788 	-99.216 	95.257 	-0.042 	0.007 	-0.009 	
28.666 	3.571 	54.470 	-0.178 	-0.016 	-0.028 	
47.916 	-43.035 	39.576 	-0.109 	0.157 	-0.186 	
-18.584 	-90.390 	-38.943 	0.056 	0.018 	0.066 	
39.142 	-44.759 	69.942 	-0.140 	-0.141 	0.095 	
-2.575 	-27.414 	26.203 	-0.199 	-0.138 	-0.021 	
-21.700 	-109.664 	18.473 	-0.144 	-0.111 	-0.027 	
89.599 	-71.014 	55.095 	0.131 	-0.071 	0.015 	
-54.239 	-17.665 	94.205 	0.064 	0.039 	0.031 	
-5.011 	-101.562 	86.310 	-0.017 	-0.145 	0.132 	
-142.391 	65.072 	-72.614 	0.018 	-0.032 	0.008 	
30.871 	29.233 	-110.550 	-0.011 	-0.002 	0.010 	
497.182 	100.477 	-12.304 	0.067 	0.036 	-0.001 	
61.666 	-100.673 	77.419 	-0.183 	0.023 	0.014 	
-2741.142 	-3185.315 	-1495.665 	-0.522 	-0.568 	-0.262 	
-73.999 	-21.415 	7.846 	-0.156 	-0.003 	0.023 	
128.724 	60.663 	139.138 	-0.006 	-0.061 	0.038 	
-769.679 	-1085.777 	481.944 	-0.183 	-0.261 	0.110 	
105.703 	-176.157 	113.251 	0.053 	-0.071 	0.046 	
-559.346 	215.241 	648.482 	-0.138 	0.065 	0.166 	
63.283 	-60.602 	21.264 	-0.170 	-0.072 	-0.076 	
97.000 	-56.362 	62.533 	-0.022 	-0.052 	0.001 	
-4.544 	-53.176 	75.896 	0.212 	-0.023 	-0.052 	
25.602 	-23.071 	52.182 	-0.067 	-0.062 	0.040 	
90.746 	21.952 	33.562 	0.033 	0.070 	-0.029 	
4.792 	-75.615 	44.899 	0.159 	-0.108 	0.018 	
-11.045 	-5.984 	268.105 	0.024 	-0.046 	0.011 	
-14.909 	-1.871 	60.246 	-0.114 	0.099 	0.111 	
-16.203 	-43.039 	49.890 	-0.093 	0.255 	-0.057 	
40.898 	-56.372 	-0.609 	0.099 	-0.040 	-0.209 	
50.524 	-35.138 	42.613 	-0.236 	-0.074 	0.009 	
-343.082 	-32.823 	71.577 	-0.042 	0.012 	0.024 	
138.406 	-83.171 	42.219 	-0.086 	0.018 	0.031 	
-11.371 	-10.823 	5.804 	-0.026 	-0.095 	0.188 	
-40.267 	-125.568 	96.037 	-0.088 	-0.105 	0.001 	
60.126 	-54.031 	54.230 	0.066 	-0.092 	0.094 	
80.314 	133.131 	26.293 	0.097 	0.062 	0.013 	
93.095 	-62.142 	47.853 	0.082 	0.007 	-0.033 	
54.965 	-50.369 	-29.948 	-0.118 	0.050 	-0.151 	
84.438 	7.623 	110.955 	-0.118 	-0.092 	-0.081 	
-1962.118 	8927.784 	11457.089 	-1.661 	6.956 	8.885 	
55.727 	4.955 	104.456 	-0.066 	-0.090 	-0.118 	
-35.177 	-27.614 	100.087 	-0.152 	-0.102 	-0.087 	
9.282 	-66.050 	66.434 	-0.096 	0.105 	-0.011 	
-110.202 	122.420 	-51.788 	-0.138 	0.149 	-0.104 	
-83.541 	-234.589 	60.156 	0.004 	0.000 	0.013 	
15.414 	41.102 	-17.135 	-0.007 	-0.059 	0.016 	
-92.358 	-37.764 	107.978 	-0.072 	-0.105 	0.047 	
-54.619 	-243.698 	66.495 	0.005 	-0.028 	-0.016 	
7.855 	-97.571 	62.434 	-0.111 	0.035 	0.064 	
39.030 	-80.335 	83.256 	-0.197 	0.119 	0.046 	
-215.478 	-92.623 	-6.561 	0.036 	-0.026 	-0.015 	
-784.052 	-997.370 	3416.580 	-0.163 	-0.177 	0.621 	
-26.181 	-55.701 	106.770 	-0.060 	-0.008 	-0.196 	
-54.218 	-70.450 	112.540 	0.006 	-0.005 	-0.020 	
71.849 	-36.609 	123.917 	0.000 	0.042 	0.133 	
-4.343 	-67.419 	-17.409 	-0.006 	-0.068 	-0.146 	
144.341 	-58.190 	-53.314 	0.001 	-0.014 	0.049 	
25.907 	-49.462 	29.303 	0.105 	-0.130 	-0.115 	
36.347 	-38.742 	29.422 	0.189 	0.016 	0.033 	
-118.306 	-62.376 	67.279 	0.114 	0.003 	-0.078 	
-30.422 	-47.769 	34.912 	0.080 	-0.039 	0.096 	
-17.416 	-140.668 	-14.728 	0.051 	0.017 	-0.037 	
14.743 	-68.443 	80.178 	-0.062 	0.062 	0.137 	
51.202 	-67.302 	47.874 	-0.136 	-0.067 	-0.057 	
-69.608 	15.646 	87.649 	0.004 	0.017 	0.004 	
51.067 	-31.128 	24.180 	-0.077 	-0.068 	-0.045 	
-88.937 	-5.751 	79.122 	-0.130 	0.018 	-0.020 	
9.922 	-111.322 	62.888 	-0.021 	-0.003 	0.034 	
88.687 	-131.242 	119.146 	-0.003 	0.034 	-0.011 	
-11.075 	-30.187 	43.967 	-0.084 	-0.105 	-0.054 	
-31.199 	-103.851 	92.524 	0.089 	0.046 	0.043 	
-576.493 	-928.932 	-1413.037 	-0.254 	-0.331 	-0.516 	
143.331 	-0.672 	-34.711 	-0.027 	-0.010 	-0.048 	
103.622 	-68.507 	-75.867 	-0.124 	-0.029 	-0.032 	
255.027 	-25.869 	-1.333 	0.087 	-0.010 	-0.002 	
-70.777 	-66.837 	51.931 	-0.134 	-0.024 	0.001 	
-24.083 	-56.218 	73.585 	-0.172 	-0.023 	0.146 	
73.661 	-145.432 	46.619 	0.025 	0.039 	0.172 	
-1.566 	-81.552 	5.327 	0.049 	-0.043 	-0.125 	
65.796 	-20.370 	26.539 	0.058 	-0.107 	-0.027 	
39.437 	-46.228 	208.052 	-0.123 	-0.043 	0.013 	
9.286 	-73.205 	99.280 	0.021 	-0.059 	-0.155 	
-57.931 	-101.488 	50.015 	0.023 	0.013 	-0.047 	
-208.163 	-6317.146 	-1080.925 	-0.060 	-1.309 	-0.223 	
-24.779 	51.751 	12.194 	-0.020 	0.086 	-0.051 	
120.592 	-70.670 	-28.577 	0.029 	0.018 	-0.072 	
-66615.172 	-6009.513 	-54587.837 	-23.128 	-2.071 	-18.899 	
-54.072 	-89.085 	0.886 	-0.034 	0.064 	0.066 	
-14.756 	21.262 	-0.462 	0.090 	-0.048 	0.084 	
55.399 	-13.050 	3.809 	0.068 	0.054 	0.096 	
25.190 	-82.460 	12.294 	0.062 	0.158 	-0.005 	
40.586 	72.247 	103.210 	-0.023 	-0.011 	-0.049 	
-36.451 	-96.994 	18.098 	0.049 	0.053 	-0.067 	
13.495 	-45.392 	60.620 	0.181 	-0.090 	0.067 	
6.368 	-51.931 	31.825 	-0.151 	-0.173 	-0.141 	
-56.379 	-6.416 	69.835 	-0.088 	-0.024 	-0.059 	
2333.780 	-9051.227 	-11336.743 	1.676 	-7.008 	-8.818 	
154.310 	-10.606 	-17.584 	0.106 	0.027 	0.009 	
-15.335 	-41.890 	31.198 	-0.153 	0.140 	-0.102 	
-145.502 	-11.002 	67.971 	0.034 	-0.039 	-0.029 	
3846.714 	-2946.556 	-2352.069 	0.881 	-0.660 	-0.534 	
-68.659 	55.482 	-4.317 	-0.006 	0.029 	0.017 	
-1034.514 	-507.341 	380.122 	-0.708 	-0.257 	0.188 	
-24.284 	-113.868 	-24.979 	0.024 	-0.025 	0.018 	
