## Las primeras 500 lineas corresponden a la esfera 1 
##las siguienets 500 lineas a la esfera 2
## Las primeras tres columnas corresponden a la posición en 'x', 'y' y 'z', las siguientes tres a las velocidades
-16.404 	-1475.444 	149.223 	-0.010 	-0.245 	0.028 	
477.832 	-453.170 	-7.590 	0.086 	-0.077 	-0.002 	
550.693 	1879.797 	1268.625 	0.099 	0.314 	0.206 	
-1763.856 	1953.784 	1288.399 	-0.304 	0.334 	0.221 	
-364.473 	-397.764 	1825.237 	-0.053 	-0.066 	0.314 	
1956.517 	1258.038 	2233.626 	0.342 	0.215 	0.375 	
2025.656 	-1019.211 	-1976.460 	0.345 	-0.169 	-0.337 	
-1910.454 	-1095.372 	696.413 	-0.321 	-0.178 	0.123 	
1653.683 	519.236 	1099.412 	0.277 	0.095 	0.186 	
632.243 	598.687 	867.853 	0.105 	0.098 	0.152 	
1680.305 	-134.548 	96.630 	0.279 	-0.021 	0.014 	
-362.190 	-1527.731 	250.102 	-0.056 	-0.256 	0.045 	
333.219 	-1086.714 	164.494 	0.067 	-0.182 	0.029 	
1219.357 	1730.220 	1667.985 	0.199 	0.293 	0.280 	
-77.678 	1446.873 	-2330.471 	-0.017 	0.250 	-0.392 	
-825.051 	-150.278 	7.051 	-0.139 	-0.018 	0.003 	
-933.787 	1882.562 	-766.427 	-0.162 	0.314 	-0.131 	
200.160 	1065.790 	-2097.852 	0.032 	0.171 	-0.359 	
-2752.651 	-2043.085 	-1163.422 	-0.474 	-0.342 	-0.200 	
972.818 	-2383.185 	-2055.611 	0.158 	-0.406 	-0.349 	
231.968 	-2217.024 	2651.001 	0.042 	-0.368 	0.453 	
191.755 	821.762 	2300.749 	0.030 	0.137 	0.381 	
-593.058 	-1050.464 	524.132 	-0.100 	-0.169 	0.085 	
-1934.223 	-1532.331 	701.133 	-0.322 	-0.254 	0.115 	
1347.457 	-953.427 	1550.087 	0.234 	-0.161 	0.256 	
-891.553 	-17.849 	2045.040 	-0.142 	-0.000 	0.342 	
154.275 	-1244.238 	-78.601 	0.032 	-0.204 	-0.010 	
538.530 	-2275.869 	1690.307 	0.088 	-0.392 	0.287 	
-1965.679 	1977.088 	515.107 	-0.326 	0.333 	0.088 	
-1103.992 	-1706.189 	1361.068 	-0.180 	-0.285 	0.233 	
-701.074 	-1187.189 	-2007.079 	-0.116 	-0.196 	-0.340 	
955.675 	1580.178 	1911.703 	0.158 	0.261 	0.324 	
1923.798 	-723.103 	1777.683 	0.325 	-0.122 	0.303 	
-1244.304 	1313.732 	166.900 	-0.200 	0.220 	0.030 	
205.616 	-680.985 	-2186.211 	0.034 	-0.121 	-0.361 	
350.123 	-289.163 	237.404 	0.069 	-0.043 	0.041 	
-927.421 	-1875.868 	-2134.369 	-0.158 	-0.314 	-0.369 	
-901.691 	-2301.603 	1730.098 	-0.144 	-0.388 	0.293 	
-879.371 	-204.939 	1244.856 	-0.152 	-0.031 	0.213 	
1491.509 	-2357.483 	1707.717 	0.251 	-0.399 	0.292 	
2549.603 	940.964 	-101.644 	0.432 	0.150 	-0.019 	
452.433 	-587.884 	195.971 	0.080 	-0.092 	0.029 	
967.868 	274.152 	1649.056 	0.151 	0.043 	0.274 	
-102.655 	-1632.721 	-1059.909 	-0.025 	-0.276 	-0.178 	
406.534 	-473.938 	1613.128 	0.076 	-0.081 	0.277 	
219.188 	415.468 	-771.296 	0.044 	0.072 	-0.124 	
2463.956 	190.270 	44.515 	0.411 	0.036 	0.003 	
-578.222 	2282.629 	-604.349 	-0.098 	0.388 	-0.104 	
550.543 	-660.997 	-877.778 	0.100 	-0.114 	-0.146 	
2119.136 	1372.651 	674.981 	0.360 	0.239 	0.114 	
-1941.518 	-721.900 	-1584.947 	-0.324 	-0.126 	-0.273 	
1113.106 	-189.354 	1107.001 	0.181 	-0.031 	0.181 	
2384.375 	-1088.127 	-2345.977 	0.411 	-0.192 	-0.398 	
-183.300 	1492.763 	31.654 	-0.022 	0.249 	0.011 	
-1719.974 	1855.890 	1356.360 	-0.296 	0.310 	0.228 	
-379.548 	-2232.583 	1140.990 	-0.060 	-0.383 	0.197 	
-931.235 	-35.139 	-1411.869 	-0.149 	-0.009 	-0.242 	
89.401 	-1980.105 	-687.661 	0.022 	-0.335 	-0.118 	
-2314.633 	1657.493 	1979.191 	-0.395 	0.285 	0.340 	
1345.245 	2078.340 	827.032 	0.230 	0.347 	0.133 	
-612.781 	2249.817 	594.572 	-0.112 	0.382 	0.099 	
880.576 	1324.515 	-782.647 	0.154 	0.219 	-0.130 	
-1789.130 	2418.689 	954.551 	-0.311 	0.413 	0.163 	
1604.655 	463.874 	-807.792 	0.272 	0.086 	-0.136 	
1930.146 	-2233.545 	-2262.371 	0.338 	-0.378 	-0.380 	
2760.964 	-923.872 	-2312.476 	0.478 	-0.156 	-0.392 	
1760.688 	-1291.111 	-2015.490 	0.310 	-0.219 	-0.342 	
-2541.307 	2776.701 	-803.928 	-0.435 	0.479 	-0.141 	
2746.837 	1281.774 	1658.676 	0.475 	0.219 	0.278 	
-395.370 	795.932 	993.152 	-0.067 	0.121 	0.169 	
1815.344 	666.250 	707.667 	0.313 	0.106 	0.115 	
756.311 	-119.611 	847.421 	0.137 	-0.015 	0.143 	
-41.961 	1428.822 	-2358.713 	-0.007 	0.238 	-0.397 	
-613.729 	-1780.025 	-717.116 	-0.106 	-0.300 	-0.118 	
-1079.172 	919.925 	1436.769 	-0.191 	0.154 	0.240 	
1060.912 	-312.293 	-575.670 	0.178 	-0.051 	-0.086 	
-63.608 	-540.650 	-1658.201 	-0.013 	-0.083 	-0.280 	
2068.203 	1222.187 	-1950.732 	0.354 	0.208 	-0.337 	
264.841 	-450.193 	-915.168 	0.041 	-0.072 	-0.158 	
-27.058 	-587.274 	1990.007 	0.000 	-0.103 	0.335 	
-357.872 	1826.091 	573.736 	-0.067 	0.302 	0.098 	
531.873 	-955.610 	-650.167 	0.082 	-0.158 	-0.104 	
1174.424 	1499.220 	1942.010 	0.196 	0.257 	0.328 	
-498.818 	-1561.277 	1983.187 	-0.088 	-0.260 	0.339 	
1542.468 	-818.237 	-376.363 	0.266 	-0.131 	-0.070 	
-1411.467 	-1979.149 	-1926.794 	-0.233 	-0.332 	-0.322 	
1471.491 	-468.153 	-929.076 	0.250 	-0.084 	-0.169 	
-1534.561 	-1641.687 	1765.355 	-0.268 	-0.277 	0.300 	
-2114.012 	-2079.560 	1369.351 	-0.352 	-0.353 	0.235 	
-1914.359 	-846.916 	-204.362 	-0.317 	-0.149 	-0.028 	
2512.199 	1152.521 	1776.863 	0.426 	0.204 	0.299 	
64.520 	976.351 	1798.674 	0.009 	0.169 	0.305 	
177.694 	-431.876 	171.107 	0.035 	-0.077 	0.031 	
-297.079 	-2147.939 	-886.438 	-0.045 	-0.368 	-0.145 	
2066.598 	-1371.822 	2050.281 	0.349 	-0.227 	0.345 	
-785.521 	1346.322 	-2166.019 	-0.120 	0.235 	-0.370 	
2081.513 	520.849 	1335.925 	0.358 	0.086 	0.226 	
2236.157 	511.739 	-1484.980 	0.386 	0.087 	-0.250 	
2539.801 	2005.965 	314.662 	0.441 	0.338 	0.054 	
1378.539 	-1082.771 	1379.602 	0.226 	-0.189 	0.229 	
-1608.156 	2120.614 	1174.532 	-0.271 	0.352 	0.203 	
-2632.284 	-1889.864 	-811.308 	-0.452 	-0.319 	-0.132 	
710.666 	-2453.665 	1412.250 	0.122 	-0.419 	0.238 	
-1067.693 	-242.519 	1863.306 	-0.179 	-0.034 	0.320 	
1337.140 	-572.206 	729.117 	0.235 	-0.097 	0.127 	
-2230.253 	1124.488 	2049.684 	-0.371 	0.191 	0.343 	
-2206.870 	-1543.178 	1456.216 	-0.380 	-0.258 	0.250 	
-2573.145 	2697.433 	-1095.484 	-0.441 	0.465 	-0.186 	
1615.647 	-1045.634 	80.797 	0.269 	-0.180 	0.020 	
2719.319 	-248.874 	-867.553 	0.467 	-0.047 	-0.140 	
-662.832 	-233.857 	1335.291 	-0.109 	-0.042 	0.230 	
594.965 	-803.294 	1205.213 	0.092 	-0.137 	0.204 	
1072.163 	-6.512 	389.613 	0.175 	-0.007 	0.062 	
-411.005 	2326.646 	-844.661 	-0.074 	0.389 	-0.136 	
-1569.590 	2137.934 	2148.156 	-0.268 	0.363 	0.367 	
-240.420 	2296.419 	2225.814 	-0.036 	0.392 	0.377 	
701.997 	-2396.907 	-413.447 	0.117 	-0.406 	-0.061 	
-2535.403 	-732.784 	2391.945 	-0.426 	-0.131 	0.403 	
1730.060 	-1050.703 	-891.481 	0.291 	-0.185 	-0.144 	
-178.670 	1692.932 	317.188 	-0.038 	0.283 	0.057 	
-1179.990 	262.838 	1476.707 	-0.195 	0.046 	0.256 	
1350.793 	-1892.024 	-851.152 	0.231 	-0.325 	-0.144 	
1095.479 	-340.946 	-1791.318 	0.184 	-0.049 	-0.304 	
2209.855 	-1004.152 	2269.184 	0.369 	-0.172 	0.386 	
-2424.210 	825.323 	1205.405 	-0.416 	0.136 	0.202 	
693.491 	-293.810 	-867.766 	0.111 	-0.043 	-0.142 	
-2511.496 	-1606.447 	-951.685 	-0.423 	-0.270 	-0.155 	
-2662.904 	-2463.243 	1004.622 	-0.459 	-0.418 	0.168 	
-1946.248 	1008.043 	-2373.167 	-0.331 	0.173 	-0.395 	
-2074.098 	-2173.348 	830.744 	-0.345 	-0.371 	0.140 	
-225.156 	-1449.675 	1140.221 	-0.044 	-0.243 	0.195 	
-567.501 	1852.541 	-1055.427 	-0.099 	0.315 	-0.184 	
-1454.459 	1202.456 	16.282 	-0.248 	0.199 	0.002 	
35.482 	684.522 	-2083.937 	0.000 	0.111 	-0.349 	
2579.493 	-2364.022 	230.316 	0.434 	-0.399 	0.034 	
-338.514 	-1843.550 	-956.456 	-0.051 	-0.311 	-0.169 	
276.348 	-1439.224 	649.215 	0.041 	-0.242 	0.103 	
-1702.570 	-2185.119 	1716.940 	-0.281 	-0.374 	0.293 	
2016.046 	-970.046 	-999.458 	0.342 	-0.160 	-0.168 	
879.590 	-1796.538 	544.207 	0.159 	-0.302 	0.096 	
-1734.899 	-1082.822 	-1380.997 	-0.286 	-0.186 	-0.233 	
2252.344 	-655.850 	-600.704 	0.372 	-0.106 	-0.102 	
-1533.667 	2315.966 	557.481 	-0.262 	0.388 	0.099 	
-1853.238 	-1941.452 	308.623 	-0.315 	-0.327 	0.057 	
-592.529 	714.860 	858.265 	-0.105 	0.114 	0.144 	
1419.069 	-307.607 	2008.439 	0.239 	-0.051 	0.332 	
-1053.094 	-136.638 	-840.111 	-0.173 	-0.015 	-0.142 	
-29.977 	1200.412 	1805.658 	-0.009 	0.201 	0.296 	
2160.475 	-2007.867 	-2340.265 	0.359 	-0.341 	-0.399 	
-180.207 	1670.999 	-1189.631 	-0.024 	0.277 	-0.203 	
2147.948 	-2327.991 	593.245 	0.365 	-0.393 	0.093 	
-1673.136 	-657.660 	1454.010 	-0.276 	-0.106 	0.244 	
574.288 	1285.504 	2486.192 	0.094 	0.211 	0.422 	
-2514.954 	-2465.546 	-929.907 	-0.426 	-0.417 	-0.162 	
-2121.246 	-128.399 	-2389.076 	-0.361 	-0.017 	-0.405 	
-205.546 	-1003.646 	-854.843 	-0.043 	-0.170 	-0.144 	
2346.455 	-534.163 	1710.984 	0.414 	-0.089 	0.284 	
-2233.629 	-1144.505 	2216.067 	-0.379 	-0.199 	0.374 	
-1089.394 	-1748.169 	2472.094 	-0.180 	-0.298 	0.422 	
264.826 	-1730.748 	1449.961 	0.044 	-0.294 	0.248 	
2400.647 	-1993.577 	1829.706 	0.416 	-0.339 	0.313 	
-764.664 	441.419 	474.220 	-0.123 	0.077 	0.075 	
-823.124 	-83.890 	1368.695 	-0.155 	-0.001 	0.247 	
1206.020 	175.413 	-92.996 	0.211 	0.034 	-0.010 	
128.598 	-892.361 	488.035 	0.019 	-0.150 	0.078 	
-912.880 	-23.795 	-316.929 	-0.158 	-0.003 	-0.047 	
-852.869 	1374.266 	-1210.666 	-0.143 	0.233 	-0.205 	
2732.771 	-581.516 	-165.871 	0.465 	-0.107 	-0.027 	
790.551 	-52.197 	-280.016 	0.134 	-0.016 	-0.039 	
934.416 	-510.242 	-536.469 	0.150 	-0.090 	-0.082 	
-1546.984 	465.745 	2585.755 	-0.259 	0.078 	0.440 	
1488.684 	1001.240 	96.915 	0.262 	0.164 	0.018 	
-2229.421 	438.776 	951.952 	-0.381 	0.071 	0.159 	
619.295 	-147.006 	-735.707 	0.101 	-0.031 	-0.125 	
-2571.501 	-1145.319 	2175.886 	-0.442 	-0.194 	0.368 	
-2010.650 	-766.556 	-161.531 	-0.340 	-0.126 	-0.023 	
-1008.942 	-556.041 	-553.223 	-0.169 	-0.094 	-0.096 	
1563.047 	1394.060 	1974.616 	0.267 	0.237 	0.326 	
481.766 	-476.504 	1991.197 	0.084 	-0.079 	0.339 	
2347.127 	1457.202 	2529.244 	0.397 	0.253 	0.432 	
2023.898 	1842.592 	2026.425 	0.342 	0.314 	0.352 	
2178.387 	-1849.196 	-1886.367 	0.367 	-0.316 	-0.321 	
1591.252 	2257.205 	125.234 	0.278 	0.380 	0.020 	
-1121.586 	117.966 	625.208 	-0.193 	0.016 	0.112 	
-452.737 	175.227 	-1432.817 	-0.073 	0.033 	-0.249 	
-340.556 	1039.269 	1144.024 	-0.065 	0.174 	0.192 	
-2536.498 	-2257.647 	1379.408 	-0.432 	-0.378 	0.242 	
-993.731 	791.799 	-904.951 	-0.167 	0.137 	-0.149 	
-688.217 	-2121.696 	-1618.405 	-0.117 	-0.354 	-0.275 	
-1168.466 	-2063.550 	-1242.854 	-0.189 	-0.348 	-0.210 	
191.004 	-2267.835 	-1869.422 	0.031 	-0.381 	-0.314 	
2006.550 	810.207 	152.924 	0.349 	0.137 	0.030 	
2229.150 	-178.617 	-1560.463 	0.378 	-0.032 	-0.259 	
-971.403 	347.048 	120.649 	-0.154 	0.056 	0.026 	
-1010.270 	1101.721 	597.561 	-0.180 	0.184 	0.102 	
2289.370 	-1037.078 	-11.562 	0.385 	-0.181 	-0.008 	
-1317.355 	872.589 	-2379.908 	-0.225 	0.145 	-0.405 	
2364.078 	-185.724 	1505.018 	0.397 	-0.025 	0.259 	
500.455 	798.496 	671.400 	0.094 	0.138 	0.118 	
1469.175 	-463.419 	-974.518 	0.254 	-0.071 	-0.155 	
-1433.254 	1810.333 	414.558 	-0.241 	0.298 	0.073 	
-6.391 	-1790.748 	1083.249 	0.006 	-0.295 	0.180 	
-225.850 	-191.225 	-1921.128 	-0.031 	-0.031 	-0.321 	
-698.045 	104.142 	400.581 	-0.121 	0.019 	0.069 	
-259.922 	-2037.738 	-2047.424 	-0.041 	-0.340 	-0.352 	
-545.224 	-875.994 	2106.390 	-0.088 	-0.151 	0.345 	
2582.860 	-352.395 	-1860.635 	0.442 	-0.066 	-0.313 	
-552.459 	368.195 	-382.618 	-0.091 	0.059 	-0.060 	
2153.750 	-2246.546 	2066.044 	0.372 	-0.377 	0.350 	
-738.861 	-776.493 	704.255 	-0.123 	-0.124 	0.117 	
-670.802 	-70.119 	2115.108 	-0.108 	-0.006 	0.356 	
497.627 	1111.797 	234.778 	0.094 	0.187 	0.041 	
-2342.591 	2435.050 	-1764.476 	-0.401 	0.413 	-0.299 	
140.417 	-619.976 	-2398.032 	0.034 	-0.102 	-0.406 	
-414.644 	-1246.875 	1497.072 	-0.067 	-0.200 	0.254 	
-1426.931 	-1124.287 	-1006.713 	-0.247 	-0.190 	-0.168 	
1290.824 	2332.795 	-1989.574 	0.221 	0.397 	-0.346 	
-1388.218 	177.680 	1496.369 	-0.243 	0.029 	0.251 	
-59.174 	323.326 	1134.852 	-0.015 	0.055 	0.184 	
-390.641 	-446.186 	771.135 	-0.053 	-0.085 	0.105 	
2241.470 	-555.468 	-1424.711 	0.378 	-0.102 	-0.244 	
2620.657 	-2460.971 	33.637 	0.443 	-0.418 	0.013 	
-1916.795 	-1416.975 	-106.953 	-0.332 	-0.242 	-0.020 	
82.052 	-1988.279 	524.986 	0.009 	-0.330 	0.093 	
-932.807 	137.286 	1948.223 	-0.161 	0.017 	0.324 	
-1273.117 	2410.150 	101.065 	-0.208 	0.406 	0.022 	
-1766.265 	-1876.208 	806.394 	-0.297 	-0.312 	0.134 	
2169.593 	-886.178 	-1812.362 	0.370 	-0.148 	-0.313 	
-1548.254 	-2255.699 	1458.746 	-0.263 	-0.374 	0.247 	
-1056.496 	-28.683 	882.105 	-0.178 	-0.013 	0.152 	
-1120.956 	236.527 	2280.831 	-0.189 	0.040 	0.390 	
-2012.691 	1490.093 	-363.851 	-0.338 	0.251 	-0.052 	
-1930.694 	669.609 	69.553 	-0.333 	0.113 	0.013 	
-710.142 	638.999 	-1178.179 	-0.119 	0.113 	-0.196 	
2120.624 	2681.084 	-2431.436 	0.358 	0.463 	-0.416 	
-1739.768 	966.796 	1361.009 	-0.299 	0.163 	0.237 	
-1959.734 	-217.095 	-2057.521 	-0.326 	-0.039 	-0.348 	
1181.827 	-1659.674 	777.656 	0.203 	-0.284 	0.124 	
1792.671 	1924.754 	-163.462 	0.315 	0.326 	-0.023 	
2010.761 	1045.329 	-2260.523 	0.337 	0.180 	-0.377 	
1324.862 	637.101 	-1520.036 	0.221 	0.105 	-0.248 	
-986.107 	-1915.955 	-562.261 	-0.163 	-0.317 	-0.097 	
1835.645 	-839.579 	203.701 	0.314 	-0.139 	0.025 	
-525.764 	1994.507 	489.017 	-0.044 	0.372 	0.096 	
535.836 	-1422.206 	2091.819 	0.092 	-0.237 	0.344 	
-1205.345 	787.478 	-936.189 	-0.203 	0.130 	-0.162 	
-1775.065 	-69.410 	877.259 	-0.305 	-0.012 	0.153 	
1924.897 	-653.822 	1922.263 	0.332 	-0.113 	0.316 	
530.578 	-1424.677 	-2171.853 	0.096 	-0.243 	-0.358 	
2666.886 	448.900 	-1487.353 	0.459 	0.076 	-0.253 	
894.840 	-563.904 	1894.072 	0.159 	-0.095 	0.318 	
-1579.235 	2084.817 	-461.444 	-0.257 	0.354 	-0.077 	
-1006.179 	-977.400 	842.192 	-0.172 	-0.164 	0.147 	
-854.210 	-1096.768 	423.785 	-0.142 	-0.185 	0.082 	
2354.774 	27.283 	1045.025 	0.402 	0.012 	0.181 	
-1602.387 	157.013 	1466.530 	-0.271 	0.026 	0.257 	
-5.088 	940.598 	-1792.136 	-0.008 	0.160 	-0.308 	
-1705.561 	-2238.657 	-2223.131 	-0.282 	-0.377 	-0.382 	
1216.795 	1919.208 	-878.404 	0.202 	0.321 	-0.147 	
-2365.213 	1134.342 	1408.845 	-0.403 	0.192 	0.234 	
-2469.967 	147.967 	946.469 	-0.423 	0.030 	0.160 	
770.720 	-1978.837 	-2007.452 	0.127 	-0.338 	-0.332 	
-3245.429 	73.713 	-10.871 	-0.593 	-0.015 	-0.005 	
-2240.459 	-908.552 	1187.476 	-0.375 	-0.155 	0.206 	
1361.211 	-524.201 	-1620.101 	0.228 	-0.089 	-0.281 	
680.375 	448.285 	292.032 	0.121 	0.076 	0.058 	
-65.610 	-870.969 	569.368 	-0.012 	-0.153 	0.087 	
-2405.734 	210.731 	-1389.820 	-0.411 	0.032 	-0.240 	
1961.487 	-204.952 	2665.081 	0.336 	-0.032 	0.457 	
-474.633 	-822.334 	1369.902 	-0.080 	-0.144 	0.223 	
892.888 	-1407.763 	-552.398 	0.146 	-0.236 	-0.090 	
340.211 	-354.803 	383.758 	0.062 	-0.066 	0.059 	
-2127.658 	-2519.979 	-1265.964 	-0.362 	-0.432 	-0.214 	
1210.588 	-1142.937 	-2058.588 	0.204 	-0.185 	-0.343 	
506.605 	704.486 	-526.055 	0.092 	0.146 	-0.087 	
-965.602 	-283.712 	796.703 	-0.161 	-0.039 	0.140 	
2703.686 	1352.311 	-214.006 	0.467 	0.227 	-0.038 	
611.852 	-296.698 	-1389.300 	0.100 	-0.049 	-0.237 	
-1965.448 	678.155 	-2449.697 	-0.330 	0.118 	-0.414 	
936.923 	746.829 	736.458 	0.164 	0.119 	0.130 	
2388.465 	175.520 	-1961.227 	0.398 	0.026 	-0.328 	
-971.168 	316.265 	-1239.038 	-0.163 	0.058 	-0.213 	
-2406.134 	2183.438 	919.404 	-0.415 	0.371 	0.157 	
85.709 	-1901.141 	-2255.021 	0.020 	-0.320 	-0.388 	
1701.488 	2155.792 	-1339.019 	0.290 	0.365 	-0.237 	
1229.990 	-975.744 	254.969 	0.206 	-0.163 	0.051 	
1255.061 	-2090.806 	-1691.122 	0.209 	-0.350 	-0.293 	
802.004 	-980.283 	1379.792 	0.131 	-0.166 	0.232 	
1057.366 	-1052.777 	1680.063 	0.179 	-0.174 	0.284 	
2145.430 	2360.779 	-2089.696 	0.361 	0.403 	-0.361 	
1997.467 	-368.400 	1450.291 	0.343 	-0.057 	0.252 	
864.761 	-575.382 	-488.787 	0.150 	-0.092 	-0.082 	
-983.459 	-917.250 	1803.625 	-0.172 	-0.152 	0.306 	
-1136.973 	-517.008 	1977.775 	-0.191 	-0.094 	0.334 	
459.743 	-1185.537 	-756.235 	0.079 	-0.198 	-0.130 	
-1606.263 	-253.901 	-42.778 	-0.271 	-0.046 	-0.009 	
-284.463 	2023.229 	-2491.988 	-0.040 	0.347 	-0.422 	
-1904.966 	-624.857 	1274.023 	-0.328 	-0.105 	0.214 	
-86.155 	-1944.203 	2071.253 	-0.016 	-0.323 	0.356 	
-944.385 	729.355 	1945.306 	-0.153 	0.127 	0.327 	
-266.284 	-85.087 	1375.112 	-0.049 	-0.017 	0.233 	
1734.744 	-1314.930 	15.431 	0.297 	-0.226 	-0.004 	
-127.257 	-880.221 	573.155 	-0.008 	-0.145 	0.103 	
-503.618 	-868.991 	1960.582 	-0.076 	-0.145 	0.333 	
-2447.505 	-688.242 	662.313 	-0.421 	-0.117 	0.113 	
-643.409 	-1618.933 	-350.552 	-0.116 	-0.269 	-0.059 	
696.314 	-2372.440 	1274.181 	0.114 	-0.409 	0.215 	
862.185 	-1785.229 	-475.548 	0.143 	-0.303 	-0.075 	
1001.932 	-2191.805 	-262.318 	0.172 	-0.373 	-0.038 	
659.491 	101.438 	1987.375 	0.106 	0.013 	0.335 	
-2197.631 	1071.959 	146.295 	-0.374 	0.180 	0.023 	
-516.046 	537.789 	1017.942 	-0.079 	0.087 	0.168 	
-856.883 	-1284.238 	2083.388 	-0.149 	-0.217 	0.359 	
-1810.752 	-2166.327 	1886.933 	-0.307 	-0.363 	0.327 	
1301.732 	1480.554 	-2273.685 	0.218 	0.248 	-0.380 	
-775.238 	1339.944 	-2178.419 	-0.132 	0.221 	-0.355 	
-155.780 	-1843.136 	-1486.047 	-0.016 	-0.311 	-0.252 	
-43.376 	-134.302 	336.741 	0.003 	-0.029 	0.055 	
1607.048 	-750.463 	420.184 	0.274 	-0.127 	0.065 	
1275.069 	759.935 	-1403.839 	0.226 	0.128 	-0.236 	
-1583.971 	-2138.411 	1247.245 	-0.263 	-0.369 	0.207 	
2657.151 	-530.202 	-2417.464 	0.458 	-0.090 	-0.413 	
-403.298 	1716.658 	587.595 	-0.061 	0.293 	0.096 	
-1390.222 	1944.970 	-1681.137 	-0.237 	0.329 	-0.287 	
-1887.257 	1280.284 	-664.570 	-0.310 	0.216 	-0.112 	
-24.139 	651.184 	-237.586 	-0.009 	0.101 	-0.040 	
-2078.250 	824.413 	178.956 	-0.343 	0.147 	0.028 	
-103.664 	-1812.370 	-1395.126 	-0.020 	-0.302 	-0.228 	
-1707.181 	-984.039 	102.845 	-0.291 	-0.164 	0.010 	
1319.810 	1050.586 	-1352.318 	0.232 	0.178 	-0.225 	
-1658.039 	2363.283 	312.399 	-0.282 	0.396 	0.061 	
1212.817 	-216.373 	-1756.838 	0.209 	-0.035 	-0.296 	
-238.859 	197.044 	-498.208 	-0.036 	0.025 	-0.077 	
-2293.558 	-1191.464 	-2143.772 	-0.387 	-0.209 	-0.367 	
1062.225 	-442.136 	343.591 	0.176 	-0.077 	0.062 	
-1887.522 	-467.073 	2083.241 	-0.320 	-0.077 	0.354 	
1865.364 	-196.791 	1741.826 	0.316 	-0.037 	0.288 	
679.134 	-189.723 	-1596.275 	0.109 	-0.038 	-0.268 	
1951.871 	783.554 	-148.272 	0.326 	0.134 	-0.029 	
856.913 	400.378 	1418.395 	0.141 	0.071 	0.237 	
-164.427 	1083.380 	-1801.364 	-0.032 	0.183 	-0.300 	
2423.856 	-1777.643 	-762.747 	0.419 	-0.300 	-0.125 	
-2186.734 	-2203.158 	2304.493 	-0.374 	-0.376 	0.391 	
-1905.134 	-1328.368 	-52.745 	-0.319 	-0.223 	-0.010 	
1467.049 	345.313 	501.034 	0.239 	0.058 	0.085 	
2395.453 	-598.682 	642.800 	0.406 	-0.098 	0.103 	
-1991.050 	738.456 	1079.212 	-0.334 	0.129 	0.191 	
83.325 	-137.313 	21.652 	0.007 	-0.022 	0.008 	
-678.460 	-1394.350 	1925.520 	-0.107 	-0.232 	0.329 	
-261.576 	-1169.255 	-927.174 	-0.040 	-0.201 	-0.150 	
2311.094 	-918.863 	-1576.024 	0.391 	-0.163 	-0.264 	
271.392 	-1377.199 	-1301.146 	0.037 	-0.230 	-0.216 	
1795.157 	-1921.556 	2413.387 	0.310 	-0.320 	0.407 	
-2227.336 	-905.041 	-1175.311 	-0.374 	-0.147 	-0.194 	
-2016.395 	-552.275 	-763.817 	-0.346 	-0.099 	-0.127 	
311.598 	-508.784 	1849.638 	0.063 	-0.087 	0.310 	
1396.211 	-1369.305 	1034.480 	0.246 	-0.232 	0.170 	
-1272.204 	1035.925 	1087.855 	-0.222 	0.171 	0.186 	
-2195.165 	-1224.409 	1836.254 	-0.369 	-0.199 	0.313 	
-1718.809 	-13.815 	579.538 	-0.292 	-0.004 	0.103 	
-1391.248 	-1633.991 	258.694 	-0.230 	-0.272 	0.040 	
2183.837 	2077.322 	1384.551 	0.374 	0.343 	0.232 	
2167.647 	1198.849 	-415.239 	0.375 	0.207 	-0.072 	
-2078.434 	-1954.277 	519.768 	-0.351 	-0.328 	0.093 	
-1714.709 	523.397 	972.841 	-0.293 	0.082 	0.166 	
-1395.669 	215.074 	1172.941 	-0.227 	0.041 	0.202 	
-1292.600 	-631.060 	-2470.286 	-0.220 	-0.111 	-0.425 	
-1203.950 	-1315.026 	-1906.769 	-0.206 	-0.227 	-0.327 	
2603.830 	2652.884 	-1249.391 	0.445 	0.456 	-0.209 	
2492.860 	897.171 	-2000.165 	0.424 	0.148 	-0.345 	
-631.264 	-1046.948 	-689.032 	-0.106 	-0.181 	-0.113 	
-667.986 	-1006.029 	1627.983 	-0.111 	-0.178 	0.273 	
647.878 	-143.910 	270.321 	0.116 	-0.027 	0.041 	
800.801 	255.194 	531.906 	0.139 	0.037 	0.087 	
-1432.733 	1515.860 	1451.298 	-0.248 	0.256 	0.245 	
-1621.087 	1937.084 	-2232.409 	-0.275 	0.323 	-0.378 	
-653.560 	-1494.566 	-2460.808 	-0.108 	-0.246 	-0.420 	
1983.675 	-983.036 	-1534.458 	0.329 	-0.164 	-0.257 	
-30.494 	16.875 	-1524.480 	-0.004 	0.004 	-0.258 	
770.920 	1914.245 	807.353 	0.132 	0.328 	0.141 	
1264.114 	-196.569 	-17.344 	0.221 	-0.032 	-0.004 	
1010.524 	1154.160 	1389.101 	0.173 	0.191 	0.244 	
706.257 	-955.908 	-1048.362 	0.125 	-0.160 	-0.171 	
2205.790 	-1784.825 	-1530.311 	0.384 	-0.303 	-0.260 	
707.761 	573.212 	-1466.150 	0.122 	0.097 	-0.250 	
-1586.673 	-1700.456 	-44.146 	-0.265 	-0.293 	-0.006 	
1326.998 	843.428 	1075.705 	0.216 	0.139 	0.181 	
1870.501 	701.694 	246.557 	0.327 	0.111 	0.039 	
-175.253 	-2132.856 	1988.308 	-0.027 	-0.358 	0.345 	
170.180 	791.895 	2017.748 	0.038 	0.133 	0.334 	
1796.420 	-89.556 	1944.802 	0.313 	-0.014 	0.327 	
2071.432 	800.989 	-106.331 	0.347 	0.130 	-0.012 	
-1379.952 	-2613.512 	2590.981 	-0.231 	-0.446 	0.445 	
-2671.664 	-2186.123 	2403.245 	-0.457 	-0.368 	0.410 	
2513.189 	2044.851 	8.097 	0.435 	0.341 	0.001 	
2559.620 	520.490 	2171.982 	0.435 	0.080 	0.372 	
956.109 	285.793 	1661.216 	0.160 	0.048 	0.280 	
-1664.011 	-271.479 	-2068.932 	-0.282 	-0.045 	-0.348 	
1809.274 	915.962 	-770.531 	0.316 	0.155 	-0.132 	
-605.184 	1256.275 	-2149.059 	-0.105 	0.208 	-0.359 	
976.111 	1030.136 	-319.784 	0.163 	0.173 	-0.056 	
1480.119 	-922.273 	-1291.283 	0.253 	-0.153 	-0.215 	
1979.813 	1858.691 	2310.616 	0.336 	0.321 	0.395 	
258.958 	2064.903 	-1492.897 	0.036 	0.346 	-0.250 	
-2123.499 	410.223 	885.559 	-0.354 	0.074 	0.153 	
632.422 	-2280.426 	1568.799 	0.113 	-0.385 	0.260 	
751.059 	-912.046 	-237.618 	0.123 	-0.158 	-0.040 	
1826.558 	128.097 	-186.873 	0.309 	0.028 	-0.036 	
-1109.333 	1041.323 	-1625.706 	-0.183 	0.180 	-0.278 	
1160.919 	-2030.868 	1157.720 	0.193 	-0.348 	0.198 	
1988.007 	2006.474 	95.941 	0.343 	0.339 	0.020 	
1340.116 	-2177.328 	1998.840 	0.226 	-0.361 	0.338 	
2378.347 	-192.500 	509.574 	0.403 	-0.024 	0.090 	
2653.758 	2113.184 	1399.699 	0.448 	0.359 	0.239 	
705.361 	-1760.274 	976.456 	0.128 	-0.299 	0.166 	
-1360.657 	-2427.625 	2275.057 	-0.232 	-0.416 	0.386 	
1022.624 	-497.891 	-516.917 	0.178 	-0.077 	-0.086 	
-175.703 	57.402 	388.689 	-0.034 	0.005 	0.061 	
-2123.818 	2670.691 	2174.100 	-0.367 	0.460 	0.368 	
115.436 	228.949 	2058.396 	0.029 	0.040 	0.343 	
-317.730 	2084.848 	1905.859 	-0.056 	0.358 	0.318 	
1760.030 	-1882.205 	2070.412 	0.305 	-0.325 	0.354 	
-1880.029 	-1992.650 	2026.318 	-0.320 	-0.330 	0.344 	
-2209.487 	-1423.859 	1667.434 	-0.376 	-0.237 	0.283 	
-1651.886 	1535.072 	747.948 	-0.274 	0.264 	0.131 	
-383.201 	-2551.723 	486.950 	-0.055 	-0.432 	0.081 	
300.483 	-1214.452 	1733.562 	0.055 	-0.203 	0.293 	
-74.704 	247.585 	275.485 	-0.014 	0.035 	0.052 	
-1990.989 	-2263.225 	-1852.494 	-0.344 	-0.384 	-0.307 	
-1163.911 	-67.537 	1273.151 	-0.192 	-0.016 	0.213 	
1817.277 	674.232 	296.552 	0.301 	0.118 	0.053 	
903.638 	-1286.746 	1683.376 	0.157 	-0.222 	0.289 	
-1870.495 	-1096.980 	-1592.098 	-0.313 	-0.181 	-0.266 	
91.179 	-1126.911 	-477.046 	0.009 	-0.220 	-0.078 	
2453.621 	176.890 	34.195 	0.407 	0.021 	0.018 	
-1172.524 	-1684.963 	-1567.594 	-0.195 	-0.287 	-0.260 	
1966.129 	-1212.905 	128.600 	0.339 	-0.201 	0.024 	
-629.122 	1684.886 	1470.519 	-0.098 	0.279 	0.247 	
404.905 	-606.608 	2101.421 	0.069 	-0.101 	0.350 	
2093.347 	-297.224 	1128.921 	0.357 	-0.053 	0.187 	
-651.470 	98.581 	-2514.544 	-0.106 	0.020 	-0.428 	
-1138.417 	-402.906 	-48.841 	-0.191 	-0.076 	-0.003 	
506.205 	1950.118 	1020.139 	0.082 	0.328 	0.175 	
-2214.666 	574.637 	-408.755 	-0.379 	0.093 	-0.072 	
1250.153 	-1237.435 	658.758 	0.208 	-0.204 	0.106 	
-441.658 	450.814 	-516.015 	-0.082 	0.072 	-0.088 	
1836.292 	-1953.227 	400.179 	0.312 	-0.332 	0.073 	
229.118 	-452.622 	691.265 	0.031 	-0.073 	0.114 	
2429.125 	-1987.944 	810.319 	0.419 	-0.334 	0.137 	
-1126.790 	228.201 	-157.186 	-0.182 	0.037 	-0.026 	
-1896.661 	244.624 	2052.932 	-0.323 	0.050 	0.345 	
2517.537 	982.141 	-251.616 	0.427 	0.159 	-0.033 	
-1515.195 	1902.049 	-1168.530 	-0.251 	0.326 	-0.194 	
-1503.681 	1843.504 	-679.948 	-0.245 	0.312 	-0.116 	
1812.131 	-593.160 	-249.638 	0.302 	-0.090 	-0.040 	
-1966.820 	437.994 	1859.379 	-0.328 	0.077 	0.314 	
2065.793 	-1209.565 	-2439.621 	0.360 	-0.200 	-0.413 	
-1730.466 	-2349.824 	-1291.568 	-0.293 	-0.395 	-0.219 	
-508.312 	-269.395 	1825.548 	-0.079 	-0.047 	0.303 	
-145.334 	-1216.844 	-173.368 	-0.027 	-0.204 	-0.038 	
-193.992 	-331.756 	917.242 	-0.024 	-0.057 	0.161 	
1478.179 	652.513 	575.725 	0.257 	0.113 	0.102 	
923.383 	-1930.487 	3.818 	0.163 	-0.319 	0.005 	
1323.492 	-2177.112 	-2123.169 	0.218 	-0.370 	-0.360 	
-1424.261 	2146.050 	-615.907 	-0.240 	0.358 	-0.107 	
-1800.351 	2011.284 	550.320 	-0.298 	0.345 	0.092 	
-1.018 	-194.574 	-663.278 	0.002 	-0.035 	-0.115 	
-147.516 	-1913.920 	1432.747 	-0.015 	-0.321 	0.241 	
646.816 	-765.839 	2173.714 	0.108 	-0.125 	0.373 	
2142.568 	1716.658 	-2252.762 	0.370 	0.298 	-0.384 	
46.724 	-1256.733 	-484.993 	0.006 	-0.212 	-0.074 	
2540.549 	1757.443 	-70.364 	0.440 	0.295 	-0.014 	
-956.651 	1467.897 	-2613.016 	-0.154 	0.245 	-0.442 	
-81.027 	182.529 	-478.880 	-0.015 	0.023 	-0.084 	
-1976.486 	-488.508 	848.755 	-0.325 	-0.085 	0.146 	
1139.316 	-311.157 	10.218 	0.190 	-0.061 	0.000 	
-714.092 	-488.022 	2046.033 	-0.123 	-0.083 	0.335 	
-400.173 	124.828 	-2517.746 	-0.066 	0.026 	-0.426 	
1926.742 	797.755 	897.518 	0.317 	0.136 	0.148 	
-2052.477 	-1291.300 	-2790.386 	-0.344 	-0.217 	-0.481 	
2288.337 	-474.768 	552.610 	0.384 	-0.075 	0.096 	
1427.462 	-2321.746 	343.820 	0.239 	-0.395 	0.064 	
1191.282 	2197.794 	-1476.437 	0.210 	0.367 	-0.247 	
1873.563 	581.641 	-1585.884 	0.313 	0.104 	-0.265 	
86.500 	-2595.105 	2232.999 	0.020 	-0.445 	0.376 	
886.667 	-788.007 	770.356 	0.160 	-0.132 	0.128 	
84.300 	2457.358 	1124.348 	0.024 	0.416 	0.192 	
2008.088 	-1293.691 	-1535.226 	0.349 	-0.221 	-0.260 	
999.523 	2286.793 	-114.814 	0.174 	0.388 	-0.012 	
1201.660 	669.074 	-734.574 	0.195 	0.114 	-0.122 	
2021.806 	2271.188 	-563.480 	0.338 	0.378 	-0.095 	
1111.160 	1212.472 	-756.438 	0.199 	0.204 	-0.126 	
825.813 	-646.544 	-325.062 	0.149 	-0.115 	-0.056 	
723.970 	-527.970 	817.383 	0.124 	-0.089 	0.126 	
-661.950 	-1668.307 	-1047.287 	-0.117 	-0.282 	-0.171 	
-2417.607 	-808.942 	1799.281 	-0.403 	-0.133 	0.303 	
-2063.522 	-1782.368 	-222.537 	-0.345 	-0.306 	-0.044 	
575.607 	2104.005 	1133.033 	0.095 	0.360 	0.191 	
-508.537 	-710.589 	970.544 	-0.093 	-0.119 	0.164 	
1378.581 	-2326.392 	311.334 	0.241 	-0.394 	0.056 	
-2359.161 	-973.526 	1496.140 	-0.422 	-0.164 	0.250 	
1751.404 	-2154.265 	-2271.106 	0.271 	-0.372 	-0.381 	
-2213.090 	-926.152 	-1928.886 	-0.404 	-0.151 	-0.327 	
-741.924 	-2127.995 	1036.412 	-0.148 	-0.355 	0.183 	
1577.726 	1205.299 	-315.418 	0.232 	0.198 	-0.056 	
-1470.418 	-2041.010 	1230.144 	-0.284 	-0.347 	0.212 	
2680.927 	-2098.103 	-2160.850 	0.429 	-0.361 	-0.371 	
1879.640 	-1441.373 	1277.868 	0.289 	-0.244 	0.223 	
-810.635 	-1271.441 	-2135.166 	-0.173 	-0.210 	-0.360 	
1047.723 	1236.109 	-1689.577 	0.146 	0.208 	-0.290 	
1878.790 	763.263 	253.122 	0.291 	0.132 	0.036 	
382.559 	83.240 	567.831 	0.024 	0.008 	0.094 	
-2368.182 	2162.647 	2329.933 	-0.436 	0.365 	0.391 	
903.156 	-1752.210 	907.331 	0.114 	-0.297 	0.154 	
890.196 	2624.839 	2353.537 	0.123 	0.447 	0.393 	
-129.779 	2017.001 	1480.423 	-0.045 	0.342 	0.245 	
1674.739 	-724.104 	966.864 	0.260 	-0.119 	0.167 	
572.032 	-2453.241 	2314.475 	0.060 	-0.415 	0.392 	
-297.202 	2304.517 	820.428 	-0.077 	0.389 	0.146 	
1307.676 	-2318.039 	2096.281 	0.195 	-0.396 	0.352 	
421.335 	636.011 	1164.269 	0.039 	0.106 	0.198 	
-980.876 	2360.473 	-2391.170 	-0.188 	0.398 	-0.404 	
656.822 	801.899 	50.236 	0.091 	0.137 	0.010 	
1778.713 	139.996 	-291.558 	0.265 	0.028 	-0.053 	
-2662.963 	923.576 	-1355.973 	-0.488 	0.157 	-0.229 	
254.499 	1809.349 	1104.301 	0.009 	0.310 	0.192 	
248.108 	-826.776 	10.331 	0.015 	-0.144 	0.005 	
-239.036 	-1819.951 	-325.197 	-0.072 	-0.311 	-0.050 	
-1693.980 	-437.710 	-535.150 	-0.323 	-0.073 	-0.092 	
-735.640 	1130.419 	-2378.170 	-0.147 	0.189 	-0.400 	
466.388 	868.458 	-410.792 	0.058 	0.144 	-0.064 	
-928.619 	2335.963 	722.329 	-0.180 	0.400 	0.127 	
-1625.488 	1677.129 	-2154.721 	-0.312 	0.283 	-0.370 	
73.558 	2165.030 	1774.542 	-0.019 	0.368 	0.295 	
722.174 	-2394.543 	2075.652 	0.092 	-0.401 	0.352 	
672.444 	-1988.079 	268.388 	0.089 	-0.331 	0.050 	
356.014 	-396.577 	-1879.660 	0.026 	-0.064 	-0.317 	
-1917.735 	671.961 	2186.995 	-0.359 	0.107 	0.374 	
-2560.951 	1497.899 	15.192 	-0.466 	0.244 	0.005 	
2101.603 	76.733 	-1490.185 	0.330 	0.013 	-0.245 	
-1139.264 	-952.102 	-1373.531 	-0.219 	-0.155 	-0.236 	
-1755.425 	-1260.594 	-753.131 	-0.318 	-0.205 	-0.127 	
1332.792 	-2230.527 	-1384.587 	0.190 	-0.376 	-0.235 	
-1763.310 	710.700 	-1514.097 	-0.325 	0.123 	-0.248 	
-1004.134 	-403.901 	-638.226 	-0.205 	-0.063 	-0.111 	
2124.489 	2519.181 	-1322.149 	0.334 	0.434 	-0.219 	
982.762 	-1601.753 	-1400.535 	0.137 	-0.266 	-0.242 	
-1670.811 	1989.190 	-2178.630 	-0.312 	0.328 	-0.373 	
-673.911 	-1194.693 	-977.899 	-0.132 	-0.202 	-0.165 	
15.042 	-379.554 	704.445 	-0.035 	-0.067 	0.118 	
11.084 	39.418 	100.407 	-0.029 	0.009 	0.015 	
933.184 	2613.458 	-209.089 	0.138 	0.444 	-0.035 	
967.126 	-1520.126 	-739.159 	0.144 	-0.256 	-0.123 	
1552.218 	1055.213 	853.520 	0.231 	0.179 	0.144 	
-2009.438 	-309.436 	1376.425 	-0.369 	-0.044 	0.227 	
-651.238 	1644.164 	1482.893 	-0.137 	0.286 	0.256 	
-1706.495 	1054.676 	1835.333 	-0.327 	0.179 	0.308 	
-765.917 	-485.113 	-1009.523 	-0.153 	-0.076 	-0.165 	
-1603.375 	-1139.401 	-889.804 	-0.292 	-0.199 	-0.150 	
-1640.186 	16.026 	231.769 	-0.304 	0.009 	0.035 	
-586.398 	-2089.763 	698.798 	-0.121 	-0.347 	0.122 	
665.635 	-293.481 	-73.154 	0.085 	-0.049 	-0.014 	
1325.157 	747.564 	1238.753 	0.204 	0.126 	0.202 	
-23.943 	-257.474 	-2183.753 	-0.040 	-0.040 	-0.366 	
-63.994 	-1158.684 	-1024.461 	-0.036 	-0.189 	-0.174 	
1124.325 	-168.630 	2129.372 	0.163 	-0.030 	0.359 	
282.037 	-660.176 	421.377 	0.012 	-0.113 	0.078 	
284.308 	-2072.743 	2269.081 	0.023 	-0.346 	0.387 	
778.246 	447.106 	1059.784 	0.103 	0.078 	0.178 	
169.942 	-1936.750 	-234.497 	-0.009 	-0.327 	-0.040 	
99.456 	-1921.583 	-1020.780 	-0.019 	-0.321 	-0.174 	
-2105.842 	-1882.926 	-155.151 	-0.386 	-0.312 	-0.025 	
-2137.124 	-1496.008 	-669.789 	-0.399 	-0.253 	-0.112 	
2119.327 	-2095.405 	-558.518 	0.337 	-0.357 	-0.100 	
-501.197 	-974.106 	-1166.166 	-0.117 	-0.171 	-0.200 	
-554.813 	-359.661 	165.118 	-0.131 	-0.063 	0.029 	
-835.902 	1829.261 	-1284.510 	-0.166 	0.314 	-0.220 	
-1054.404 	863.381 	765.423 	-0.211 	0.151 	0.125 	
-478.761 	693.248 	-1224.582 	-0.117 	0.121 	-0.206 	
-1952.729 	-1503.987 	1005.932 	-0.353 	-0.250 	0.169 	
1134.374 	-1677.030 	-405.278 	0.169 	-0.281 	-0.064 	
1736.424 	474.544 	1791.339 	0.258 	0.083 	0.302 	
-2040.148 	1298.824 	1676.052 	-0.369 	0.219 	0.279 	
-1035.268 	599.895 	704.865 	-0.213 	0.101 	0.118 	
-1283.446 	-1820.106 	2590.133 	-0.243 	-0.300 	0.440 	
-1392.116 	-1356.490 	188.433 	-0.265 	-0.232 	0.039 	
-1527.626 	237.125 	-1799.394 	-0.284 	0.038 	-0.306 	
2005.732 	21.708 	-1904.178 	0.319 	0.001 	-0.320 	
383.885 	852.062 	2130.909 	0.041 	0.148 	0.357 	
-1415.989 	1222.518 	1097.849 	-0.264 	0.203 	0.181 	
-788.900 	1250.142 	1657.657 	-0.153 	0.210 	0.280 	
-2185.415 	1882.600 	364.001 	-0.400 	0.328 	0.064 	
-635.290 	-837.943 	-1010.315 	-0.132 	-0.149 	-0.163 	
-836.131 	-1880.136 	491.396 	-0.171 	-0.315 	0.091 	
2446.375 	2130.979 	-1594.277 	0.396 	0.364 	-0.271 	
151.239 	-1620.122 	-1568.498 	0.004 	-0.273 	-0.271 	
-1333.358 	-2168.328 	-1865.715 	-0.255 	-0.375 	-0.313 	
792.354 	2710.973 	-1078.214 	0.101 	0.463 	-0.188 	
623.928 	-1395.041 	1943.392 	0.071 	-0.239 	0.329 	
2578.031 	-218.506 	-1587.302 	0.415 	-0.040 	-0.270 	
739.499 	-346.778 	407.933 	0.090 	-0.059 	0.068 	
546.813 	2381.541 	-1278.056 	0.059 	0.405 	-0.218 	
-1636.285 	-953.926 	-946.516 	-0.303 	-0.153 	-0.158 	
-951.709 	2165.521 	-546.442 	-0.191 	0.356 	-0.089 	
-876.612 	-458.797 	-1989.608 	-0.173 	-0.077 	-0.335 	
1077.524 	-2306.219 	-1050.098 	0.158 	-0.395 	-0.173 	
1558.703 	-613.875 	-30.611 	0.231 	-0.097 	0.000 	
2343.217 	31.141 	1435.204 	0.375 	0.005 	0.243 	
1254.947 	1787.290 	-2437.657 	0.193 	0.302 	-0.415 	
-1928.630 	719.016 	1571.545 	-0.346 	0.123 	0.263 	
-281.374 	1.559 	669.164 	-0.070 	0.001 	0.116 	
-791.705 	1900.830 	1643.302 	-0.166 	0.324 	0.279 	
2557.585 	2088.227 	-466.047 	0.407 	0.355 	-0.081 	
-2166.825 	268.834 	1608.070 	-0.397 	0.038 	0.269 	
-2504.051 	629.296 	-1796.128 	-0.447 	0.109 	-0.305 	
-1645.094 	-886.541 	-397.184 	-0.308 	-0.153 	-0.070 	
732.570 	757.412 	-1066.893 	0.088 	0.128 	-0.185 	
1809.105 	2413.290 	-1568.185 	0.280 	0.415 	-0.271 	
-1684.030 	967.298 	-74.448 	-0.314 	0.157 	-0.016 	
358.066 	179.963 	482.785 	0.025 	0.026 	0.081 	
382.455 	-1906.232 	-974.807 	0.027 	-0.322 	-0.166 	
-1939.396 	-289.879 	-1207.558 	-0.363 	-0.049 	-0.199 	
2593.766 	1635.015 	-1543.534 	0.419 	0.281 	-0.264 	
1704.817 	390.327 	1322.476 	0.263 	0.071 	0.216 	
615.725 	2138.637 	448.114 	0.073 	0.355 	0.074 	
750.944 	-591.562 	-877.932 	0.093 	-0.103 	-0.142 	
1941.788 	1883.924 	-1647.217 	0.294 	0.321 	-0.279 	
2394.347 	578.939 	-715.184 	0.384 	0.099 	-0.120 	
-1507.738 	635.688 	-455.619 	-0.291 	0.100 	-0.072 	
-1046.917 	-2078.602 	-614.023 	-0.203 	-0.343 	-0.106 	
1224.790 	2550.750 	-2400.071 	0.177 	0.436 	-0.406 	
2216.919 	908.497 	-613.921 	0.347 	0.159 	-0.103 	
-1730.624 	-1485.175 	-1448.111 	-0.325 	-0.252 	-0.239 	
-2309.162 	147.282 	1281.230 	-0.428 	0.027 	0.221 	
2456.463 	-1340.504 	2002.977 	0.395 	-0.226 	0.334 	
1864.527 	152.075 	1042.851 	0.278 	0.027 	0.177 	
572.129 	1855.127 	1466.728 	0.071 	0.319 	0.249 	
-2292.414 	2047.973 	-1637.321 	-0.423 	0.345 	-0.284 	
-2191.063 	201.033 	2323.765 	-0.390 	0.034 	0.394 	
2277.926 	-1674.172 	-1075.001 	0.358 	-0.291 	-0.184 	
-1084.493 	979.683 	1014.644 	-0.222 	0.164 	0.174 	
1247.420 	1588.950 	640.357 	0.181 	0.267 	0.112 	
1830.726 	-314.433 	907.466 	0.286 	-0.056 	0.155 	
1652.955 	777.239 	851.146 	0.246 	0.124 	0.138 	
-1789.367 	-502.349 	2173.015 	-0.326 	-0.085 	0.373 	
2416.204 	-1886.338 	1155.006 	0.384 	-0.318 	0.198 	
-569.583 	1660.502 	-2248.507 	-0.132 	0.280 	-0.381 	
-2015.143 	-1989.858 	3261.091 	-0.414 	-0.366 	0.615 	
422.644 	1315.724 	58.491 	0.048 	0.221 	0.008 	
610.113 	22.130 	328.297 	0.079 	0.007 	0.061 	
947.394 	1874.532 	2301.711 	0.138 	0.324 	0.389 	
-1820.582 	292.315 	-170.516 	-0.340 	0.057 	-0.027 	
-2365.859 	719.849 	-2180.630 	-0.428 	0.124 	-0.365 	
931.190 	1195.988 	361.396 	0.135 	0.202 	0.061 	
-674.299 	-1695.138 	615.183 	-0.146 	-0.290 	0.102 	
1303.641 	-447.429 	-957.674 	0.201 	-0.078 	-0.160 	
-573.194 	-319.798 	1673.801 	-0.126 	-0.059 	0.277 	
-1969.866 	1771.780 	2363.042 	-0.359 	0.304 	0.407 	
1523.143 	-1217.726 	185.246 	0.232 	-0.204 	0.039 	
-1766.717 	-1121.554 	-607.849 	-0.334 	-0.187 	-0.103 	
206.305 	1859.598 	1025.141 	0.003 	0.312 	0.173 	
-814.804 	-618.128 	-2238.386 	-0.157 	-0.105 	-0.376 	
-1591.652 	113.843 	-1881.943 	-0.306 	0.024 	-0.316 	
146.988 	1307.071 	154.291 	0.001 	0.225 	0.025 	
-1370.962 	-1180.817 	87.159 	-0.265 	-0.193 	0.022 	
-2052.525 	-2236.822 	2419.831 	-0.379 	-0.379 	0.417 	
586.790 	-13.953 	807.368 	0.074 	-0.004 	0.138 	
2410.666 	1027.659 	-883.583 	0.376 	0.171 	-0.147 	
2475.030 	-1677.155 	1722.204 	0.395 	-0.287 	0.293 	
-2473.832 	-1248.404 	-22.071 	-0.446 	-0.205 	-0.006 	
-945.713 	379.222 	-1813.407 	-0.195 	0.065 	-0.300 	
105.890 	-171.866 	1134.626 	-0.017 	-0.025 	0.195 	
1834.902 	-783.733 	-416.271 	0.272 	-0.136 	-0.070 	
332.137 	-41.253 	-1526.987 	0.032 	-0.007 	-0.259 	
2618.185 	-2124.226 	-2737.663 	0.418 	-0.358 	-0.471 	
-191.890 	-1403.423 	-523.579 	-0.058 	-0.229 	-0.095 	
-1185.002 	1955.408 	2111.671 	-0.225 	0.330 	0.355 	
1689.950 	284.977 	-1862.229 	0.251 	0.048 	-0.316 	
-773.638 	1922.360 	1115.120 	-0.165 	0.325 	0.185 	
-1695.104 	-573.368 	-976.026 	-0.320 	-0.094 	-0.172 	
130.425 	64.531 	560.052 	-0.012 	0.008 	0.086 	
-841.335 	-1068.528 	1377.101 	-0.175 	-0.177 	0.233 	
-146.300 	1371.542 	505.908 	-0.054 	0.223 	0.089 	
564.304 	-380.351 	-1464.382 	0.058 	-0.068 	-0.243 	
-901.903 	-791.570 	1884.446 	-0.180 	-0.125 	0.319 	
2382.131 	-797.135 	-2445.954 	0.377 	-0.141 	-0.412 	
2351.077 	-81.334 	-2064.450 	0.376 	-0.015 	-0.356 	
1152.281 	65.807 	2275.978 	0.158 	0.014 	0.384 	
-509.185 	-1326.044 	-1043.463 	-0.113 	-0.222 	-0.166 	
879.507 	-2473.823 	2182.548 	0.121 	-0.410 	0.368 	
-1842.486 	-961.995 	2162.076 	-0.334 	-0.163 	0.363 	
-1082.003 	-264.426 	-1991.277 	-0.212 	-0.041 	-0.333 	
-153.195 	2012.038 	150.750 	-0.061 	0.343 	0.031 	
932.680 	987.764 	-2073.814 	0.130 	0.164 	-0.349 	
1394.090 	1512.107 	-1998.311 	0.211 	0.261 	-0.339 	
-2458.857 	333.853 	1422.124 	-0.442 	0.058 	0.240 	
-1532.833 	-352.970 	1845.404 	-0.288 	-0.069 	0.310 	
-34.368 	1511.608 	1159.921 	-0.042 	0.255 	0.202 	
-264.827 	2341.582 	2135.930 	-0.065 	0.395 	0.362 	
-1536.266 	-759.725 	2251.763 	-0.295 	-0.130 	0.378 	
1397.752 	1332.195 	-683.135 	0.202 	0.224 	-0.112 	
-82.992 	-596.064 	700.460 	-0.051 	-0.095 	0.117 	
-1564.515 	2173.332 	-1997.797 	-0.294 	0.374 	-0.335 	
2112.971 	1766.908 	249.443 	0.338 	0.300 	0.043 	
1796.701 	2126.549 	766.617 	0.285 	0.359 	0.132 	
-2153.539 	-2191.705 	-1139.875 	-0.400 	-0.375 	-0.193 	
2283.849 	-1409.000 	1418.268 	0.351 	-0.244 	0.241 	
-727.520 	-375.529 	349.663 	-0.141 	-0.064 	0.057 	
-1877.976 	532.926 	980.772 	-0.354 	0.091 	0.163 	
-2138.322 	-801.477 	216.989 	-0.399 	-0.136 	0.038 	
2404.355 	1307.569 	2018.353 	0.382 	0.219 	0.336 	
2504.208 	-815.216 	-170.272 	0.395 	-0.137 	-0.033 	
606.117 	-2007.823 	-688.942 	0.083 	-0.337 	-0.116 	
-1300.400 	1060.453 	-712.761 	-0.241 	0.176 	-0.123 	
-291.609 	-1894.806 	-2123.229 	-0.087 	-0.321 	-0.360 	
-2629.030 	-891.081 	2044.773 	-0.478 	-0.156 	0.340 	
-1823.354 	441.380 	1311.138 	-0.345 	0.075 	0.218 	
560.169 	-1831.831 	1093.602 	0.059 	-0.312 	0.189 	
-114.176 	-1292.600 	212.815 	-0.046 	-0.211 	0.039 	
-256.031 	-250.495 	-784.681 	-0.063 	-0.041 	-0.130 	
317.509 	-992.996 	590.824 	0.016 	-0.161 	0.099 	
-1656.146 	-1173.391 	85.026 	-0.306 	-0.200 	0.022 	
-2290.716 	1022.929 	-371.616 	-0.427 	0.174 	-0.059 	
-1782.593 	-1738.771 	-1482.727 	-0.330 	-0.298 	-0.250 	
2457.260 	-2244.281 	626.504 	0.394 	-0.384 	0.107 	
-935.733 	2170.465 	727.966 	-0.190 	0.362 	0.130 	
-1743.374 	-708.534 	-94.360 	-0.316 	-0.128 	-0.014 	
2407.942 	-778.509 	2284.480 	0.380 	-0.135 	0.391 	
469.276 	281.082 	1676.882 	0.055 	0.043 	0.287 	
766.472 	-467.987 	-1651.341 	0.097 	-0.083 	-0.273 	
-524.685 	1165.174 	57.970 	-0.121 	0.198 	0.008 	
2669.285 	2319.093 	1380.717 	0.421 	0.396 	0.230 	
-1698.429 	-928.207 	3107.942 	-0.324 	-0.162 	0.539 	
-1904.354 	506.874 	-1558.023 	-0.344 	0.083 	-0.264 	
-1051.319 	-268.024 	817.027 	-0.211 	-0.040 	0.136 	
2456.737 	-1114.844 	-1947.323 	0.382 	-0.188 	-0.328 	
-1353.990 	954.185 	251.391 	-0.256 	0.159 	0.041 	
-636.605 	1470.515 	129.580 	-0.139 	0.240 	0.022 	
605.143 	342.001 	2115.466 	0.078 	0.066 	0.354 	
-668.574 	-1169.120 	763.394 	-0.136 	-0.200 	0.130 	
-1290.651 	1362.645 	1050.121 	-0.241 	0.225 	0.182 	
1068.283 	862.936 	649.706 	0.152 	0.142 	0.120 	
-260.988 	-137.167 	861.290 	-0.079 	-0.020 	0.149 	
2172.110 	-1512.262 	1733.779 	0.334 	-0.253 	0.298 	
670.193 	2060.955 	-93.452 	0.090 	0.350 	-0.012 	
-1284.566 	1010.683 	1321.257 	-0.243 	0.176 	0.220 	
-2271.974 	-680.542 	-1981.790 	-0.410 	-0.110 	-0.336 	
2289.448 	1123.153 	1505.996 	0.356 	0.199 	0.252 	
1410.839 	-1604.187 	-822.287 	0.218 	-0.269 	-0.140 	
-1014.689 	-190.714 	1465.460 	-0.202 	-0.028 	0.238 	
-107.445 	-1042.602 	2340.387 	-0.052 	-0.182 	0.387 	
-299.872 	-1924.989 	2079.784 	-0.080 	-0.333 	0.340 	
-2266.400 	1577.209 	-1656.116 	-0.408 	0.262 	-0.284 	
1785.404 	-464.907 	-325.087 	0.281 	-0.081 	-0.051 	
828.260 	1093.417 	1189.017 	0.113 	0.192 	0.206 	
-564.732 	-873.658 	-1281.673 	-0.124 	-0.155 	-0.210 	
-890.897 	-483.903 	674.510 	-0.187 	-0.080 	0.115 	
-1776.510 	248.212 	357.163 	-0.318 	0.041 	0.062 	
1576.597 	-281.792 	-244.108 	0.235 	-0.052 	-0.040 	
1272.031 	-1059.322 	1382.346 	0.196 	-0.177 	0.237 	
-552.476 	-1047.859 	1582.692 	-0.130 	-0.181 	0.265 	
-2423.299 	9.659 	1742.748 	-0.440 	0.002 	0.294 	
-1323.982 	387.905 	549.622 	-0.261 	0.067 	0.094 	
2239.172 	-1621.587 	-58.268 	0.345 	-0.281 	-0.012 	
-391.059 	507.317 	-1268.365 	-0.098 	0.079 	-0.208 	
-698.910 	880.904 	2214.596 	-0.140 	0.144 	0.375 	
1807.642 	-1523.165 	-502.201 	0.279 	-0.257 	-0.082 	
2450.206 	-292.057 	-1138.710 	0.392 	-0.052 	-0.187 	
2121.626 	2034.865 	2627.414 	0.328 	0.343 	0.446 	
1878.730 	-2454.495 	-1275.595 	0.290 	-0.413 	-0.210 	
2081.329 	713.292 	752.474 	0.330 	0.119 	0.124 	
2586.781 	-1391.095 	797.378 	0.418 	-0.235 	0.136 	
340.449 	-1856.921 	1419.886 	0.031 	-0.306 	0.242 	
740.522 	232.671 	-1779.215 	0.105 	0.040 	-0.301 	
2252.441 	1595.727 	1157.767 	0.347 	0.272 	0.201 	
-674.963 	-468.658 	19.469 	-0.150 	-0.081 	0.006 	
-1627.450 	121.375 	-1705.673 	-0.306 	0.015 	-0.295 	
354.505 	1152.373 	823.875 	0.026 	0.197 	0.147 	
-1592.437 	104.465 	1684.145 	-0.298 	0.027 	0.283 	
-842.458 	-825.483 	2176.097 	-0.174 	-0.149 	0.363 	
-2345.877 	1175.744 	653.153 	-0.431 	0.202 	0.112 	
-2399.219 	1169.584 	1994.952 	-0.426 	0.196 	0.340 	
-775.587 	-337.221 	1737.299 	-0.161 	-0.052 	0.289 	
2454.911 	-1655.098 	-1967.343 	0.383 	-0.280 	-0.341 	
326.394 	-2404.321 	2420.537 	0.019 	-0.409 	0.409 	
-1218.954 	1272.327 	450.911 	-0.231 	0.215 	0.075 	
-2190.476 	871.200 	1817.864 	-0.391 	0.146 	0.310 	
-1700.659 	-19.834 	1421.119 	-0.306 	-0.001 	0.240 	
135.170 	1117.926 	1457.666 	-0.014 	0.183 	0.247 	
547.505 	-730.128 	-247.477 	0.071 	-0.123 	-0.040 	
581.074 	331.039 	352.976 	0.066 	0.047 	0.059 	
-712.009 	-1788.285 	842.504 	-0.142 	-0.308 	0.140 	
727.674 	-458.802 	758.331 	0.095 	-0.079 	0.122 	
1687.207 	653.101 	1324.223 	0.264 	0.112 	0.217 	
1040.579 	253.924 	-1390.146 	0.143 	0.043 	-0.235 	
524.186 	134.032 	-734.469 	0.059 	0.025 	-0.126 	
-2512.541 	-1808.007 	2473.835 	-0.460 	-0.308 	0.424 	
-1550.520 	2228.330 	1441.157 	-0.293 	0.374 	0.249 	
-870.386 	-2096.342 	1749.441 	-0.173 	-0.352 	0.295 	
-411.578 	-507.587 	1647.782 	-0.099 	-0.093 	0.272 	
-646.526 	-435.578 	-562.739 	-0.147 	-0.076 	-0.099 	
2704.124 	875.831 	2421.368 	0.435 	0.151 	0.410 	
-565.764 	-2144.146 	-2125.476 	-0.116 	-0.362 	-0.361 	
1084.654 	2497.139 	-332.356 	0.156 	0.428 	-0.060 	
749.955 	2562.770 	-2391.994 	0.105 	0.437 	-0.401 	
-328.177 	1677.538 	953.703 	-0.082 	0.286 	0.162 	
-881.537 	1561.736 	-234.410 	-0.178 	0.262 	-0.047 	
360.675 	979.648 	-2720.770 	0.033 	0.162 	-0.468 	
-970.204 	306.840 	-707.358 	-0.186 	0.054 	-0.117 	
13.921 	195.122 	-1551.880 	-0.022 	0.033 	-0.267 	
1892.542 	1473.956 	-699.249 	0.301 	0.248 	-0.119 	
-2261.901 	1546.579 	-1550.836 	-0.414 	0.265 	-0.270 	
2285.479 	2230.347 	1389.571 	0.369 	0.377 	0.237 	
-1645.853 	1527.518 	1602.086 	-0.312 	0.256 	0.278 	
830.681 	825.376 	1756.602 	0.105 	0.133 	0.297 	
-2576.425 	1557.115 	-1379.669 	-0.470 	0.268 	-0.237 	
-1387.179 	2207.963 	-792.246 	-0.258 	0.371 	-0.128 	
-1443.204 	994.208 	742.483 	-0.265 	0.165 	0.132 	
-215.302 	-805.495 	1202.631 	-0.075 	-0.134 	0.192 	
20.277 	-975.134 	-2105.349 	-0.025 	-0.156 	-0.355 	
-2316.713 	-710.386 	-1191.167 	-0.413 	-0.122 	-0.206 	
1635.949 	260.753 	-349.559 	0.252 	0.046 	-0.049 	
1812.140 	-28.997 	-244.839 	0.275 	-0.009 	-0.032 	
-977.027 	-450.089 	2103.751 	-0.198 	-0.079 	0.352 	
2148.851 	-1453.488 	-1393.159 	0.338 	-0.241 	-0.241 	
842.988 	-284.211 	1181.415 	0.110 	-0.045 	0.199 	
2573.725 	-2259.644 	-1371.402 	0.414 	-0.378 	-0.238 	
809.581 	-1665.382 	241.200 	0.109 	-0.280 	0.035 	
-618.604 	-2128.183 	124.779 	-0.135 	-0.361 	0.021 	
710.737 	2050.342 	-292.205 	0.098 	0.338 	-0.049 	
1440.354 	-412.659 	-461.131 	0.212 	-0.062 	-0.075 	
-898.275 	-331.102 	103.438 	-0.176 	-0.061 	0.021 	
-297.102 	1551.531 	-387.854 	-0.087 	0.265 	-0.065 	
1428.148 	-1840.362 	-2374.442 	0.220 	-0.316 	-0.408 	
-1969.064 	1714.973 	611.922 	-0.366 	0.290 	0.113 	
-409.117 	-1077.190 	1600.865 	-0.104 	-0.178 	0.262 	
1082.341 	1357.468 	-74.000 	0.146 	0.230 	-0.015 	
1663.323 	2166.646 	-1936.764 	0.251 	0.371 	-0.326 	
-2120.938 	381.378 	40.275 	-0.389 	0.057 	0.011 	
1648.672 	1260.824 	379.336 	0.249 	0.208 	0.070 	
-2512.891 	2377.733 	2442.672 	-0.459 	0.398 	0.417 	
420.277 	406.403 	907.745 	0.048 	0.068 	0.147 	
1362.438 	-616.835 	-249.756 	0.198 	-0.108 	-0.038 	
2140.262 	1278.292 	1898.692 	0.328 	0.217 	0.320 	
-321.223 	-308.699 	-283.053 	-0.089 	-0.057 	-0.039 	
2201.040 	-1836.732 	-1832.689 	0.351 	-0.310 	-0.312 	
1791.300 	-61.370 	-921.621 	0.275 	-0.009 	-0.158 	
-2100.435 	-2087.429 	-322.115 	-0.385 	-0.352 	-0.046 	
-1866.660 	2164.316 	2209.248 	-0.348 	0.375 	0.370 	
1452.036 	-2612.693 	1639.425 	0.217 	-0.451 	0.277 	
1597.372 	-1636.813 	-271.350 	0.240 	-0.275 	-0.039 	
2561.903 	-2246.090 	2219.832 	0.414 	-0.380 	0.374 	
-1006.003 	-431.377 	-936.331 	-0.197 	-0.070 	-0.155 	
2760.223 	2213.975 	1427.226 	0.448 	0.379 	0.238 	
1315.782 	1107.248 	-1033.968 	0.185 	0.187 	-0.177 	
54.805 	1915.078 	-702.392 	-0.016 	0.328 	-0.115 	
-2603.624 	492.074 	-960.247 	-0.476 	0.083 	-0.157 	
-2916.386 	2199.124 	3628.183 	-0.521 	0.378 	0.616 	
916.517 	-467.100 	1962.345 	0.135 	-0.078 	0.328 	
-1213.686 	-522.003 	-688.116 	-0.242 	-0.086 	-0.113 	
-2346.771 	936.224 	1910.998 	-0.418 	0.160 	0.322 	
-1090.147 	1171.415 	-1323.940 	-0.212 	0.198 	-0.232 	
-32.005 	288.795 	-435.814 	-0.026 	0.044 	-0.074 	
-2164.420 	-334.994 	-1131.662 	-0.400 	-0.054 	-0.191 	
86.424 	-688.637 	-377.111 	-0.015 	-0.122 	-0.066 	
2561.752 	-291.291 	-169.607 	0.407 	-0.049 	-0.035 	
-472.113 	651.490 	430.903 	-0.115 	0.107 	0.082 	
1073.647 	-1862.665 	-226.872 	0.144 	-0.313 	-0.042 	
1686.483 	-2179.391 	-1011.260 	0.260 	-0.366 	-0.178 	
-1296.621 	-1460.570 	977.299 	-0.241 	-0.248 	0.164 	
-470.978 	1475.202 	1896.557 	-0.109 	0.244 	0.319 	
1312.991 	2420.957 	1618.931 	0.194 	0.418 	0.274 	
-2619.642 	1242.465 	-285.059 	-0.473 	0.217 	-0.051 	
-224.519 	61.225 	-1687.788 	-0.069 	0.005 	-0.282 	
-1159.363 	842.222 	-2249.090 	-0.222 	0.136 	-0.376 	
-2149.113 	-670.739 	319.433 	-0.397 	-0.119 	0.054 	
1105.699 	883.267 	868.426 	0.160 	0.152 	0.139 	
549.499 	-498.077 	-1863.723 	0.058 	-0.087 	-0.313 	
468.641 	1768.218 	896.426 	0.053 	0.296 	0.150 	
92.038 	674.761 	1275.679 	-0.015 	0.119 	0.212 	
-1020.003 	-1555.625 	1626.320 	-0.200 	-0.260 	0.278 	
15.288 	-296.952 	-839.561 	-0.030 	-0.051 	-0.137 	
-614.023 	2329.971 	1442.899 	-0.139 	0.387 	0.248 	
-1303.462 	542.076 	-168.579 	-0.245 	0.087 	-0.021 	
-2141.678 	-1305.453 	215.785 	-0.400 	-0.218 	0.036 	
1697.647 	-916.469 	-2516.228 	0.264 	-0.155 	-0.429 	
-2053.167 	2790.278 	-1218.177 	-0.381 	0.481 	-0.204 	
-963.120 	1101.771 	-2303.748 	-0.183 	0.188 	-0.390 	
1760.351 	-1099.236 	-385.965 	0.268 	-0.179 	-0.062 	
265.906 	485.432 	-418.742 	0.012 	0.086 	-0.071 	
-654.987 	2023.121 	-978.932 	-0.144 	0.342 	-0.164 	
-537.325 	278.485 	1641.913 	-0.123 	0.052 	0.273 	
-1811.883 	-1803.491 	2192.789 	-0.344 	-0.301 	0.371 	
1178.662 	1680.198 	1550.789 	0.175 	0.276 	0.262 	
314.475 	1546.541 	2051.165 	0.030 	0.260 	0.351 	
875.507 	1092.525 	-1331.305 	0.115 	0.176 	-0.225 	
1535.600 	1291.057 	-2198.862 	0.233 	0.218 	-0.377 	
208.015 	-947.334 	-1894.584 	0.005 	-0.168 	-0.319 	
-1811.672 	1247.034 	-853.166 	-0.343 	0.206 	-0.142 	
1217.538 	99.713 	-14.640 	0.180 	0.018 	0.001 	
-1988.747 	1983.243 	137.206 	-0.374 	0.333 	0.041 	
-949.557 	-1865.819 	-802.568 	-0.190 	-0.313 	-0.139 	
496.228 	-1206.209 	-1905.585 	0.046 	-0.206 	-0.323 	
-475.343 	-631.960 	1513.182 	-0.117 	-0.106 	0.257 	
-145.894 	-2252.145 	1022.199 	-0.051 	-0.383 	0.177 	
1604.265 	1169.257 	-1672.630 	0.252 	0.196 	-0.283 	
224.226 	1388.100 	-1310.168 	0.010 	0.239 	-0.228 	
31.651 	1721.416 	-1461.404 	-0.030 	0.289 	-0.244 	
-1277.908 	1730.768 	-1006.805 	-0.238 	0.295 	-0.170 	
-2530.278 	-933.825 	295.146 	-0.460 	-0.162 	0.056 	
-1534.968 	-711.969 	-1309.765 	-0.278 	-0.123 	-0.220 	
2710.849 	-1556.462 	2290.005 	0.432 	-0.263 	0.384 	
-2406.696 	1120.116 	-407.132 	-0.439 	0.194 	-0.067 	
-263.427 	-837.058 	1194.746 	-0.081 	-0.132 	0.213 	
-659.344 	-840.496 	-1724.822 	-0.134 	-0.143 	-0.284 	
-1044.299 	-2295.446 	2123.712 	-0.208 	-0.387 	0.357 	
-241.527 	-846.807 	1213.251 	-0.076 	-0.143 	0.201 	
195.959 	-2262.885 	517.060 	0.009 	-0.386 	0.088 	
-728.083 	-338.419 	149.821 	-0.161 	-0.062 	0.027 	
-838.730 	-784.931 	-847.625 	-0.173 	-0.136 	-0.138 	
-595.815 	-980.977 	1266.225 	-0.093 	-0.137 	0.164 	
915.032 	-2058.913 	1274.056 	0.130 	-0.354 	0.214 	
-1421.855 	-415.098 	1287.452 	-0.261 	-0.075 	0.217 	
2306.414 	1201.133 	-1921.525 	0.372 	0.205 	-0.327 	
-351.702 	1297.487 	2258.320 	-0.090 	0.214 	0.377 	
809.491 	1918.054 	1523.145 	0.116 	0.322 	0.256 	
1527.808 	1641.592 	1025.865 	0.238 	0.281 	0.174 	
1247.130 	-1395.366 	470.707 	0.183 	-0.229 	0.082 	
-955.636 	-392.725 	-1620.368 	-0.195 	-0.061 	-0.267 	
-1395.229 	1498.388 	871.276 	-0.257 	0.253 	0.152 	
289.073 	-885.986 	1480.165 	0.013 	-0.152 	0.250 	
776.714 	-1695.726 	1232.015 	0.102 	-0.295 	0.210 	
-715.413 	-1666.519 	153.820 	-0.155 	-0.271 	0.026 	
323.820 	-1479.399 	-298.632 	0.020 	-0.251 	-0.056 	
-161.535 	-1495.114 	-676.124 	-0.065 	-0.248 	-0.112 	
2006.777 	-345.791 	-1966.134 	0.312 	-0.058 	-0.331 	
1034.468 	518.933 	2330.393 	0.138 	0.090 	0.396 	
-1718.956 	1109.537 	1514.116 	-0.318 	0.189 	0.261 	
2544.189 	-1380.112 	2314.182 	0.410 	-0.231 	0.398 	
-1619.372 	826.499 	368.195 	-0.296 	0.141 	0.058 	
180.610 	372.676 	2079.153 	0.002 	0.070 	0.348 	
-2546.996 	1136.260 	1571.742 	-0.461 	0.201 	0.266 	
-886.353 	-1565.860 	460.253 	-0.182 	-0.271 	0.078 	
1233.865 	-247.356 	-1320.306 	0.185 	-0.037 	-0.226 	
-868.643 	-2220.674 	2546.916 	-0.176 	-0.377 	0.440 	
-1981.938 	1985.925 	146.570 	-0.372 	0.338 	0.007 	
498.951 	-2365.553 	-2168.255 	0.055 	-0.396 	-0.365 	
-2540.708 	-616.083 	-2321.088 	-0.451 	-0.106 	-0.392 	
-1190.073 	4.307 	-1462.009 	-0.238 	-0.001 	-0.246 	
31.908 	133.343 	-224.623 	-0.019 	0.019 	-0.038 	
-2539.930 	-626.280 	2432.819 	-0.461 	-0.113 	0.414 	
-837.388 	-93.590 	-164.246 	-0.168 	-0.023 	-0.017 	
2261.589 	-1235.249 	1435.327 	0.357 	-0.215 	0.250 	
-2282.207 	-1811.077 	-1885.727 	-0.419 	-0.305 	-0.316 	
-2166.027 	655.518 	-19.871 	-0.385 	0.108 	-0.003 	
450.969 	779.745 	-2310.774 	0.053 	0.137 	-0.393 	
-1586.070 	584.840 	1092.857 	-0.290 	0.092 	0.188 	
2403.284 	-2289.550 	1662.206 	0.373 	-0.393 	0.283 	
-720.333 	1392.987 	-1608.539 	-0.143 	0.230 	-0.273 	
-2550.955 	201.722 	1324.113 	-0.460 	0.033 	0.227 	
1027.916 	-1841.006 	2052.899 	0.142 	-0.311 	0.352 	
-2500.833 	1714.207 	-228.048 	-0.451 	0.290 	-0.043 	
-2351.004 	1027.110 	819.660 	-0.420 	0.170 	0.146 	
408.597 	-1765.314 	481.194 	0.047 	-0.303 	0.081 	
-873.856 	-1805.786 	1107.552 	-0.175 	-0.312 	0.192 	
540.957 	-1308.710 	-2173.033 	0.071 	-0.226 	-0.363 	
-2005.013 	-1223.323 	1085.020 	-0.365 	-0.202 	0.183 	
-2493.823 	-949.453 	-1212.609 	-0.457 	-0.163 	-0.209 	
1386.344 	-2233.472 	-2099.478 	0.210 	-0.386 	-0.353 	
-2263.219 	-1525.824 	-1796.208 	-0.413 	-0.260 	-0.312 	
605.866 	-720.357 	-163.971 	0.073 	-0.120 	-0.026 	
1207.509 	2177.697 	1111.185 	0.173 	0.370 	0.183 	
2014.684 	563.879 	1335.324 	0.307 	0.093 	0.230 	
1076.162 	-1263.748 	-1488.716 	0.157 	-0.221 	-0.246 	
2543.035 	-2211.083 	1897.941 	0.399 	-0.375 	0.327 	
-2315.112 	-1089.085 	-413.491 	-0.424 	-0.184 	-0.072 	
-1370.837 	2250.651 	1079.131 	-0.267 	0.379 	0.189 	
-742.900 	1408.736 	2038.147 	-0.157 	0.231 	0.349 	
1401.933 	392.605 	1817.747 	0.210 	0.068 	0.308 	
-357.540 	-1909.640 	2037.991 	-0.092 	-0.317 	0.343 	
-1890.399 	1280.639 	891.785 	-0.345 	0.221 	0.149 	
1546.082 	1928.563 	175.937 	0.236 	0.330 	0.033 	
-1302.211 	-944.732 	-962.721 	-0.242 	-0.165 	-0.163 	
-262.075 	-1555.264 	1994.449 	-0.075 	-0.271 	0.333 	
1892.506 	314.302 	316.527 	0.290 	0.049 	0.062 	
-2332.870 	-2388.046 	1528.438 	-0.418 	-0.408 	0.257 	
-864.595 	-802.534 	-647.403 	-0.168 	-0.127 	-0.112 	
1806.441 	-1852.027 	517.314 	0.277 	-0.309 	0.093 	
-280.617 	1235.141 	653.669 	-0.081 	0.200 	0.108 	
-538.074 	-1006.168 	-242.156 	-0.124 	-0.163 	-0.044 	
1222.817 	129.078 	-1313.459 	0.176 	0.023 	-0.215 	
-2023.696 	2093.808 	1460.198 	-0.377 	0.358 	0.240 	
2393.727 	-2041.687 	273.012 	0.382 	-0.348 	0.052 	
2064.594 	-83.989 	1571.441 	0.327 	-0.015 	0.268 	
560.250 	2049.071 	-27.938 	0.061 	0.353 	-0.007 	
374.367 	571.920 	1312.886 	0.043 	0.091 	0.217 	
-2564.899 	1628.537 	2125.559 	-0.469 	0.272 	0.361 	
-1914.191 	-647.332 	872.630 	-0.344 	-0.115 	0.149 	
2097.453 	407.694 	-547.292 	0.319 	0.067 	-0.095 	
-1344.312 	-446.053 	-1926.205 	-0.247 	-0.075 	-0.323 	
