## Las primeras 500 lineas corresponden a la esfera 1 
##las siguienets 500 lineas a la esfera 2
## Las primeras tres columnas corresponden a la posición en 'x', 'y' y 'z', las siguientes tres a las velocidades
-129.236 	-176.321 	45.895 	0.002 	-0.023 	0.033 	
28.457 	-33.356 	49.019 	-0.021 	-0.043 	0.091 	
7.602 	-17.385 	35.958 	-0.057 	-0.012 	-0.013 	
-1930.247 	2306.351 	-373.682 	-0.336 	0.400 	-0.072 	
129.311 	-114.387 	59.094 	0.102 	0.002 	0.069 	
87.334 	-0.683 	47.130 	-0.074 	0.321 	0.008 	
36.925 	15.064 	25.970 	0.053 	0.180 	-0.011 	
58.812 	-67.217 	87.860 	0.124 	0.109 	-0.001 	
32.551 	-42.352 	62.869 	-0.171 	-0.042 	-0.004 	
17.830 	-32.352 	57.535 	0.172 	-0.072 	0.083 	
-389.267 	2088.639 	-1123.150 	-0.072 	0.379 	-0.203 	
20.768 	-59.783 	22.214 	0.015 	-0.098 	-0.071 	
1478.591 	-1961.587 	1392.477 	0.265 	-0.350 	0.250 	
11.972 	13.768 	49.310 	0.009 	0.127 	-0.010 	
83.934 	-84.266 	33.695 	0.061 	0.024 	-0.047 	
141.857 	-3.176 	-16.100 	-0.031 	-0.045 	0.038 	
89.805 	-66.418 	72.141 	0.095 	-0.137 	0.130 	
-86.506 	69.160 	106.950 	-0.090 	0.031 	-0.080 	
8.557 	-59.888 	56.171 	-0.015 	-0.046 	-0.057 	
86.510 	-138.246 	9.045 	0.003 	-0.045 	0.004 	
95.559 	-78.434 	8.310 	-0.036 	-0.190 	0.053 	
93.902 	-18.653 	60.541 	0.094 	-0.185 	-0.101 	
12.304 	-36.686 	34.810 	0.001 	-0.155 	0.110 	
145.515 	-96.901 	99.531 	0.067 	0.033 	-0.043 	
-48.038 	-68.412 	77.769 	0.011 	0.002 	-0.004 	
-131.086 	-137.488 	124.320 	-0.078 	-0.040 	0.032 	
34.305 	-29.210 	58.115 	0.105 	0.014 	0.014 	
-25.456 	-54.301 	46.574 	-0.010 	0.093 	0.019 	
-208.949 	-53.974 	61.091 	0.015 	-0.000 	0.089 	
112.495 	-1.317 	-8.124 	-0.068 	-0.028 	-0.071 	
-197.219 	93.676 	44.851 	-0.003 	-0.052 	0.019 	
49.952 	-51.841 	33.815 	-0.045 	-0.030 	0.210 	
48.811 	5.532 	67.152 	-0.056 	-0.079 	0.052 	
22.921 	-63.765 	67.897 	0.075 	-0.090 	-0.055 	
-9.921 	-19.079 	39.797 	-0.060 	0.118 	0.076 	
83.813 	-86.695 	46.177 	-0.069 	0.033 	0.026 	
-41.343 	-191.958 	136.500 	-0.049 	0.057 	-0.080 	
91.788 	-31.358 	20.189 	0.099 	0.053 	-0.076 	
-149.155 	-65.709 	93.211 	0.096 	0.004 	-0.031 	
41.559 	-77.554 	50.903 	0.014 	0.074 	-0.040 	
45.843 	-63.969 	50.867 	-0.043 	0.104 	-0.079 	
48.676 	-49.154 	48.830 	-0.023 	-0.119 	0.083 	
-61.881 	-112.522 	65.960 	0.037 	0.017 	0.054 	
126.392 	-13.084 	101.611 	0.082 	-0.028 	0.016 	
0.392 	34.715 	41.662 	-0.098 	0.052 	0.044 	
19.716 	-52.963 	17.989 	-0.053 	0.007 	0.167 	
1.181 	-67.074 	87.974 	0.207 	0.108 	-0.048 	
61.523 	-64.314 	22.808 	-0.025 	-0.022 	0.004 	
65.849 	18.538 	58.573 	-0.123 	0.141 	-0.026 	
36.523 	-55.000 	11.567 	-0.050 	-0.014 	-0.067 	
155.972 	174.701 	203.760 	-0.031 	-0.019 	-0.015 	
89.976 	-10.752 	93.267 	-0.088 	-0.069 	0.008 	
-0.449 	-39.515 	37.790 	-0.087 	0.111 	-0.118 	
-16.168 	-78.582 	43.768 	-0.055 	0.130 	0.116 	
28.802 	-47.653 	38.475 	-0.000 	0.073 	0.061 	
84.006 	-96.163 	136.395 	0.027 	0.028 	-0.003 	
88.593 	-115.698 	46.694 	0.006 	0.141 	0.100 	
-40.346 	-66.860 	72.223 	0.099 	0.172 	0.001 	
162.305 	-240.805 	-9.747 	-0.015 	0.012 	-0.003 	
3.727 	-66.233 	63.017 	-0.077 	-0.068 	-0.170 	
-76.053 	-49.228 	17.513 	0.074 	-0.006 	0.043 	
-45.524 	-54.083 	47.319 	-0.053 	-0.123 	-0.106 	
-153.691 	-190.356 	-5.483 	-0.055 	-0.052 	0.011 	
82.583 	-158.038 	40.383 	0.004 	-0.029 	-0.005 	
79.025 	83.900 	58.279 	0.071 	0.114 	0.025 	
40.339 	-67.114 	23.231 	0.036 	-0.167 	-0.041 	
-959.251 	-1662.916 	-1353.807 	-0.178 	-0.289 	-0.237 	
31.829 	-208.882 	186.743 	-0.030 	-0.033 	0.034 	
-11.498 	-58.868 	54.374 	0.036 	-0.041 	-0.077 	
-9.986 	-33.609 	5.580 	0.049 	0.018 	0.171 	
-38.322 	-44.409 	57.744 	0.042 	0.103 	-0.084 	
50.716 	-44.562 	67.870 	-0.002 	0.033 	-0.022 	
113.543 	-155.185 	-63.289 	-0.032 	0.061 	0.030 	
25.914 	-75.065 	92.244 	-0.122 	0.046 	-0.017 	
41.595 	-52.577 	48.155 	0.015 	0.006 	-0.032 	
17.924 	-102.239 	-101.086 	0.092 	-0.021 	-0.024 	
38.037 	-85.825 	40.960 	0.234 	0.028 	-0.093 	
789.486 	1187.595 	2090.940 	0.134 	0.198 	0.351 	
53.926 	-19.046 	36.833 	-0.012 	0.191 	0.017 	
34.708 	-57.811 	50.394 	0.059 	0.042 	0.080 	
-95.438 	-60.243 	179.338 	0.009 	-0.037 	0.031 	
-50.817 	-88.868 	74.403 	0.157 	0.079 	0.052 	
24.588 	-13.225 	101.157 	0.097 	-0.147 	-0.106 	
-88.595 	-378.245 	597.194 	0.000 	-0.026 	0.058 	
47.080 	-12.506 	26.436 	-0.182 	0.073 	0.023 	
261.654 	-48.930 	73.263 	-0.036 	-0.002 	-0.041 	
84.300 	-59.310 	162.624 	0.060 	-0.037 	0.058 	
26.347 	-67.563 	52.669 	0.179 	0.134 	0.109 	
49.240 	-25.522 	34.527 	-0.067 	0.052 	0.006 	
30.004 	-20.589 	97.118 	-0.126 	0.052 	-0.024 	
30.118 	-69.248 	125.292 	-0.111 	0.038 	-0.058 	
-117.766 	-44.722 	-85.671 	-0.054 	0.017 	0.090 	
84.762 	-31.960 	37.032 	-0.102 	-0.054 	-0.101 	
-111.217 	-82.574 	-22.831 	0.008 	-0.130 	0.084 	
14.438 	-41.029 	15.827 	0.135 	-0.039 	-0.126 	
80.927 	-247.774 	-0.157 	-0.037 	0.002 	-0.007 	
3.222 	-65.507 	58.202 	0.045 	-0.048 	-0.056 	
3471.723 	-3738.981 	-4.695 	0.612 	-0.667 	0.004 	
5024.793 	-4615.115 	-9596.320 	0.871 	-0.795 	-1.651 	
61.509 	-131.810 	26.462 	0.052 	-0.134 	-0.082 	
2.948 	-37.978 	54.331 	-0.099 	-0.087 	0.125 	
-36.370 	-107.126 	-29.633 	0.061 	-0.005 	0.079 	
53.685 	-33.129 	87.008 	0.038 	-0.037 	0.077 	
-18.496 	-51.558 	62.162 	-0.086 	0.061 	-0.069 	
4437.033 	-3114.313 	2662.607 	0.754 	-0.523 	0.450 	
-4289.623 	5661.990 	10205.315 	-0.730 	0.971 	1.752 	
2814.143 	-71.488 	231.279 	0.616 	-0.008 	0.048 	
-1307.312 	1122.601 	474.891 	-0.688 	0.597 	0.250 	
25.532 	-46.732 	87.359 	-0.029 	0.087 	0.003 	
576.822 	-98.193 	258.449 	0.044 	0.032 	0.028 	
41.793 	-51.680 	44.577 	0.020 	0.028 	0.019 	
95.427 	-41.542 	82.068 	-0.113 	-0.060 	0.061 	
-1726.609 	-551.374 	127.004 	-0.438 	-0.104 	0.022 	
253.261 	69.162 	-70.750 	-0.010 	0.027 	0.006 	
85.844 	21.640 	25.673 	-0.068 	-0.005 	0.028 	
-1.563 	-74.693 	56.793 	-0.028 	0.022 	-0.025 	
75.875 	21.650 	39.560 	-0.014 	-0.047 	-0.082 	
248.875 	-329.908 	19.923 	0.041 	0.046 	-0.019 	
37.195 	-73.660 	131.230 	0.110 	0.129 	0.034 	
21.910 	-71.077 	69.314 	0.197 	-0.006 	-0.109 	
-172.821 	-112.918 	-100.500 	-0.044 	0.014 	0.078 	
-3.577 	-109.312 	107.019 	0.092 	0.152 	0.018 	
17.110 	-68.496 	15.300 	-0.095 	0.072 	-0.153 	
22.831 	16.914 	87.512 	0.022 	-0.007 	-0.003 	
414.119 	63.018 	72.973 	0.008 	-0.026 	-0.006 	
-54.692 	-78.908 	65.227 	0.022 	-0.101 	-0.020 	
32.801 	-64.467 	43.552 	-0.018 	-0.035 	0.030 	
-45.474 	-56.506 	75.349 	0.106 	-0.072 	-0.074 	
25.561 	-55.377 	14.316 	-0.202 	0.046 	0.082 	
140.146 	-90.970 	24.580 	-0.016 	-0.070 	-0.049 	
14.345 	-98.630 	50.685 	-0.095 	0.029 	-0.032 	
107.393 	-58.090 	81.835 	-0.018 	-0.024 	0.048 	
88.010 	-51.103 	17.446 	0.173 	0.037 	0.043 	
361.388 	667.636 	-270.281 	0.303 	0.655 	-0.272 	
16.754 	-63.556 	53.561 	-0.094 	0.037 	0.052 	
34.905 	-111.389 	163.237 	-0.039 	-0.034 	0.002 	
37.575 	-69.914 	37.192 	-0.095 	0.074 	-0.035 	
-206.668 	-320.464 	127.763 	-0.050 	-0.119 	0.011 	
-26366.867 	-7797.278 	-15659.632 	-5.694 	-1.675 	-3.368 	
-3353.718 	2861.863 	-1715.504 	-0.556 	0.480 	-0.285 	
55.158 	-22.253 	27.949 	0.009 	-0.112 	0.193 	
-1374.628 	-270.833 	868.122 	-0.289 	-0.060 	0.174 	
954.987 	88.719 	-173.319 	0.191 	0.016 	-0.064 	
32.133 	-68.082 	102.527 	0.123 	0.142 	0.054 	
-384.202 	1225.475 	-403.832 	-0.671 	1.960 	-0.679 	
94.626 	-74.091 	76.619 	-0.087 	-0.121 	-0.005 	
-46.410 	-88.849 	104.681 	0.113 	-0.119 	-0.027 	
-130.348 	-29.691 	117.912 	0.030 	0.023 	0.014 	
-17.219 	-107.333 	19.650 	0.127 	-0.196 	-0.056 	
172.949 	-1285.359 	494.237 	0.195 	-1.941 	0.716 	
30.237 	-49.531 	100.371 	-0.024 	-0.110 	0.080 	
-91.858 	-144.307 	-15.062 	-0.003 	-0.029 	0.018 	
41.912 	-86.598 	101.457 	-0.044 	-0.070 	-0.011 	
-1.267 	-81.310 	16.280 	-0.064 	0.068 	0.007 	
-7.108 	-89.035 	60.790 	-0.060 	0.087 	0.026 	
-4.522 	-100.386 	23.330 	0.166 	0.046 	0.075 	
-40.746 	-44.470 	60.300 	-0.030 	-0.050 	-0.030 	
60.621 	-50.020 	36.154 	-0.070 	-0.095 	0.047 	
632.336 	430.159 	-619.191 	0.104 	0.094 	-0.118 	
98.397 	-19.225 	48.676 	-0.073 	0.050 	0.097 	
15.414 	-13.948 	58.647 	0.140 	0.051 	0.153 	
-178.229 	-58.112 	103.925 	-0.040 	0.051 	-0.077 	
-181.991 	138.749 	249.756 	-0.039 	-0.016 	0.018 	
3.080 	-40.605 	41.057 	-0.112 	0.025 	0.100 	
-55.190 	-107.256 	115.170 	0.083 	-0.081 	-0.026 	
17.593 	-51.816 	28.921 	0.169 	-0.030 	0.188 	
22.904 	-120.798 	9.486 	-0.134 	-0.108 	-0.061 	
145.686 	-29.158 	27.558 	-0.011 	-0.053 	0.070 	
-39.925 	-18.515 	36.253 	0.150 	0.021 	-0.006 	
56.559 	-18.525 	41.419 	-0.092 	-0.150 	0.032 	
-0.307 	-94.019 	56.996 	-0.174 	-0.180 	-0.101 	
1276.040 	-23261.406 	-13485.412 	0.817 	-15.883 	-9.238 	
90.373 	-24.432 	28.288 	0.155 	0.018 	-0.008 	
60.459 	-86.887 	37.672 	0.053 	0.036 	0.231 	
46.202 	-68.735 	51.800 	-0.119 	0.103 	0.157 	
167.572 	-78.920 	-1.342 	-0.116 	-0.052 	-0.013 	
45.363 	-54.450 	43.078 	-0.070 	-0.041 	0.119 	
93.744 	47.607 	67.754 	0.037 	-0.006 	-0.075 	
209.272 	-17.399 	-244.072 	-0.017 	-0.030 	0.030 	
128.709 	-135.664 	-4.265 	-0.061 	0.004 	0.024 	
59.026 	-73.368 	18.457 	0.460 	0.026 	0.070 	
-6.837 	-65.770 	55.483 	0.202 	-0.031 	-0.230 	
14.864 	-50.277 	60.653 	-0.041 	-0.125 	-0.028 	
-120.107 	-92.813 	54.775 	0.002 	0.083 	-0.073 	
24.046 	-46.280 	-39.966 	0.158 	-0.019 	-0.069 	
-13.824 	-84.201 	64.338 	-0.023 	-0.034 	-0.017 	
78.405 	-118.311 	-39.771 	-0.114 	-0.149 	-0.038 	
-622.699 	407.065 	881.614 	-0.204 	0.102 	0.212 	
86.039 	-96.812 	76.340 	0.161 	0.084 	0.043 	
242.183 	-13.060 	-4.998 	-0.091 	-0.051 	-0.037 	
142.980 	-0.831 	9.344 	0.035 	-0.004 	-0.127 	
51.753 	-44.607 	40.264 	0.005 	-0.044 	-0.017 	
-298.665 	-613.408 	305.318 	-0.313 	-0.536 	0.265 	
-59.399 	-132.894 	67.364 	0.068 	0.008 	-0.006 	
-175.749 	-96.276 	17.655 	-0.003 	-0.017 	0.005 	
0.183 	-69.485 	42.741 	0.111 	0.028 	-0.030 	
4232.913 	495.314 	840.148 	0.887 	0.117 	0.177 	
59.620 	-90.901 	29.797 	0.030 	-0.066 	0.041 	
119.123 	-74.873 	27.880 	0.001 	0.085 	0.065 	
-2.479 	-56.536 	90.856 	-0.086 	-0.051 	-0.098 	
26.305 	-34.053 	13.803 	-0.149 	-0.002 	0.101 	
62.815 	-146.873 	9.222 	0.209 	-0.037 	-0.077 	
51.392 	-103.318 	-12.306 	-0.107 	-0.097 	-0.043 	
-18.807 	-52.566 	75.094 	-0.009 	0.067 	-0.007 	
191.490 	-319.189 	642.849 	0.009 	-0.052 	0.096 	
-136.476 	-27.693 	8.376 	-0.053 	0.036 	0.048 	
48.758 	-84.539 	-83.395 	-0.017 	-0.069 	-0.036 	
1080.928 	-1161.091 	-361.530 	0.393 	-0.402 	-0.133 	
-9.923 	-87.916 	78.550 	0.098 	-0.020 	0.115 	
68.823 	2.170 	81.840 	-0.086 	-0.076 	-0.015 	
84.647 	-61.985 	133.588 	-0.018 	0.046 	-0.038 	
623.439 	-261.828 	117.237 	0.048 	-0.027 	-0.003 	
45.443 	-66.055 	60.040 	-0.243 	0.037 	-0.014 	
39.657 	-44.175 	47.022 	-0.122 	-0.211 	0.134 	
-6.756 	-91.056 	0.763 	0.074 	-0.044 	0.168 	
303.293 	-76.592 	11.214 	-0.054 	0.011 	0.040 	
-138.255 	-3.442 	24.201 	-0.035 	-0.053 	-0.095 	
-3.514 	-97.866 	34.490 	-0.108 	-0.190 	-0.123 	
-4.650 	-170.507 	74.194 	-0.048 	-0.039 	0.093 	
-4.330 	-58.463 	37.282 	0.006 	-0.032 	0.122 	
-67.421 	-99.078 	66.135 	0.051 	0.133 	0.051 	
113.608 	-78.164 	6.124 	-0.058 	-0.078 	0.107 	
86.080 	-33.950 	6.692 	-0.232 	-0.036 	0.077 	
66.991 	-41.123 	27.609 	0.199 	-0.039 	-0.129 	
92.642 	-37.256 	-46.098 	0.022 	-0.019 	-0.000 	
42.903 	-51.921 	46.210 	0.100 	0.179 	0.138 	
19.800 	-74.386 	38.251 	-0.009 	0.114 	0.092 	
-17.786 	-48.624 	-13.591 	0.063 	-0.051 	-0.008 	
-17.841 	-67.445 	46.526 	-0.050 	-0.042 	0.058 	
-26.479 	-36.277 	59.499 	0.155 	-0.005 	0.115 	
-41.920 	-31.162 	75.658 	0.124 	-0.088 	0.069 	
-19.223 	-39.507 	60.751 	-0.043 	0.030 	0.037 	
149.222 	-21.659 	105.158 	0.058 	0.039 	0.040 	
-23.663 	-132.552 	71.749 	0.133 	0.008 	-0.042 	
-102.644 	-9.136 	60.773 	-0.019 	-0.135 	0.030 	
373.154 	-541.574 	-356.520 	0.036 	-0.119 	-0.080 	
-50.866 	-90.364 	74.200 	-0.114 	-0.035 	-0.020 	
56.726 	-18.596 	63.937 	-0.050 	-0.140 	-0.115 	
-100.328 	-146.067 	-22.937 	0.092 	0.025 	0.005 	
-132.738 	22.644 	-46.259 	-0.037 	0.073 	-0.049 	
-111.319 	-79.812 	115.127 	-0.021 	-0.119 	0.020 	
10.802 	-33.675 	57.338 	-0.011 	-0.018 	-0.038 	
107.298 	-66.202 	121.050 	-0.062 	-0.135 	0.073 	
86.222 	-165.773 	15.108 	-0.151 	-0.110 	-0.045 	
6791.292 	7897.283 	2950.209 	3.031 	3.585 	1.316 	
588.174 	-128.535 	-85.434 	0.159 	-0.035 	-0.030 	
52.859 	-27.255 	40.421 	-0.138 	-0.159 	0.098 	
0.743 	-47.943 	77.212 	-0.024 	-0.140 	0.053 	
-6.500 	-181.350 	96.098 	0.028 	0.075 	0.057 	
79.986 	-63.721 	41.707 	0.109 	-0.038 	-0.148 	
1890.456 	1192.491 	422.515 	0.330 	0.214 	0.073 	
-99.073 	-106.134 	98.948 	0.031 	-0.086 	0.018 	
85.230 	-77.857 	75.321 	-0.089 	0.060 	0.022 	
211.864 	-15.811 	39.446 	-0.066 	0.001 	-0.133 	
83.000 	-29.925 	77.285 	-0.072 	0.098 	-0.041 	
39.815 	-58.032 	67.170 	0.170 	-0.140 	-0.007 	
-19.792 	-105.026 	146.781 	-0.101 	0.013 	-0.012 	
13.170 	-26.826 	-66.616 	0.135 	0.018 	-0.020 	
1992.631 	1161.679 	-1238.191 	0.345 	0.210 	-0.210 	
0.379 	-3.118 	64.537 	-0.079 	-0.017 	-0.017 	
-1250.327 	22976.834 	13421.224 	-0.911 	15.733 	9.160 	
27.951 	42.981 	-21.531 	0.037 	0.030 	-0.049 	
-91.737 	-104.943 	-60.205 	-0.059 	0.026 	-0.031 	
40.210 	-32.188 	60.797 	-0.050 	0.041 	0.104 	
-108.196 	-131.979 	-43.277 	0.080 	0.050 	-0.059 	
47.857 	-135.381 	-37.588 	-0.043 	0.008 	-0.096 	
15.323 	-87.312 	90.902 	-0.054 	-0.025 	-0.222 	
-3465.252 	-371.607 	-132.074 	-0.714 	-0.066 	-0.025 	
-102.236 	-56.545 	199.495 	-0.018 	0.043 	0.100 	
-14.397 	2.264 	-64.721 	-0.006 	0.009 	0.026 	
-4.947 	-14.561 	23.779 	-0.025 	-0.016 	-0.024 	
32.423 	-45.661 	26.780 	0.027 	-0.109 	0.188 	
17.443 	-81.852 	65.812 	-0.140 	-0.064 	0.044 	
50.890 	-83.983 	19.361 	0.057 	0.074 	0.079 	
23.976 	17.930 	43.592 	0.005 	-0.001 	0.091 	
-30.586 	-89.100 	41.404 	-0.174 	-0.044 	-0.080 	
26.960 	-58.044 	46.145 	-0.208 	-0.026 	-0.051 	
1995.133 	-374.645 	65.457 	0.407 	-0.081 	0.006 	
23.971 	-36.396 	36.088 	-0.090 	0.129 	0.241 	
68.376 	-48.494 	53.008 	0.027 	-0.093 	-0.096 	
-17.401 	-35.609 	56.116 	0.032 	0.032 	0.226 	
84.565 	-33.756 	42.630 	-0.012 	0.187 	-0.035 	
-1105.055 	-571.695 	-2450.315 	-0.189 	-0.102 	-0.421 	
114.087 	-43.347 	-14.185 	-0.081 	-0.028 	-0.058 	
12.514 	-42.254 	108.808 	-0.250 	0.038 	-0.007 	
70.043 	-44.646 	37.128 	0.075 	0.006 	-0.014 	
30.266 	-143.886 	59.511 	0.061 	-0.110 	-0.073 	
51.301 	-59.590 	36.622 	-0.037 	0.170 	-0.021 	
60.176 	-57.689 	50.657 	-0.099 	0.099 	0.161 	
-62.557 	-33.391 	208.745 	-0.085 	0.004 	-0.001 	
40.259 	-50.366 	109.963 	0.026 	-0.016 	0.178 	
38.773 	-32.244 	64.213 	-0.003 	0.113 	0.039 	
83.603 	-81.239 	20.999 	0.094 	-0.155 	-0.038 	
36.472 	-53.905 	30.393 	-0.069 	-0.168 	-0.063 	
54.860 	-39.469 	49.645 	-0.018 	0.007 	0.026 	
16.500 	-90.067 	41.287 	-0.126 	-0.013 	0.090 	
342.270 	-344.931 	32.886 	-0.034 	-0.045 	0.000 	
-140.510 	-81.689 	89.139 	-0.041 	-0.020 	0.058 	
46.634 	-73.073 	56.926 	-0.096 	0.007 	-0.039 	
8.769 	-47.612 	65.955 	0.036 	0.021 	-0.106 	
33.279 	-19.195 	70.489 	-0.118 	-0.112 	-0.002 	
20.895 	-47.646 	53.596 	-0.021 	-0.044 	0.189 	
8.853 	-70.632 	74.627 	0.070 	0.021 	-0.032 	
24.394 	-76.321 	28.234 	0.009 	-0.176 	0.094 	
69.877 	-56.862 	-11.591 	0.147 	-0.028 	-0.058 	
81.260 	-15.154 	30.766 	0.118 	-0.019 	0.126 	
-226.816 	-11.348 	42.901 	-0.059 	0.060 	0.028 	
52.482 	-123.030 	14.187 	-0.015 	-0.042 	0.123 	
25.662 	-58.604 	67.692 	0.144 	0.048 	0.055 	
6.642 	-60.397 	23.942 	0.031 	0.030 	0.228 	
37.023 	-56.045 	38.844 	0.059 	0.173 	0.003 	
37.213 	-78.076 	55.963 	-0.210 	0.049 	-0.065 	
-70.143 	-92.512 	-12.598 	-0.077 	-0.133 	-0.057 	
-41.507 	-168.646 	-38.129 	-0.050 	0.061 	0.113 	
-947.596 	-1632.397 	1606.819 	-0.182 	-0.287 	0.298 	
125.327 	-274.602 	6.117 	-0.015 	-0.034 	-0.008 	
141.005 	-73.152 	38.299 	0.036 	0.089 	0.124 	
71.744 	-73.420 	2.788 	-0.015 	-0.045 	-0.235 	
41.190 	-58.714 	39.993 	0.110 	0.027 	-0.004 	
-5.514 	-69.345 	61.325 	0.070 	0.038 	-0.058 	
117.314 	-19.120 	114.536 	-0.083 	-0.008 	0.126 	
126.471 	-42.039 	162.106 	0.050 	-0.026 	0.027 	
65.807 	-64.642 	109.269 	0.103 	0.052 	0.008 	
-10.155 	-65.919 	58.452 	-0.153 	-0.020 	0.089 	
-830.113 	34.335 	-1034.600 	-0.308 	0.050 	-0.434 	
101.163 	-28.063 	63.449 	0.031 	0.093 	0.019 	
121.983 	11.695 	79.434 	0.066 	0.009 	0.100 	
88.764 	-45.293 	60.009 	-0.136 	0.049 	0.099 	
72.398 	-104.341 	7.566 	-0.080 	-0.107 	0.008 	
-1038.999 	4042.281 	443.887 	-0.192 	0.719 	0.084 	
-20.662 	145.504 	-52.821 	-0.043 	-0.014 	0.070 	
-1.823 	-59.438 	105.697 	0.161 	0.027 	0.066 	
25.380 	-85.950 	53.348 	-0.120 	-0.055 	0.130 	
181.250 	-95.346 	21.530 	-0.046 	0.128 	0.095 	
41.136 	-49.414 	84.048 	0.017 	-0.121 	0.067 	
-82.703 	-179.343 	-23.122 	-0.081 	-0.071 	-0.019 	
68.739 	-67.633 	62.274 	0.055 	0.032 	-0.048 	
54.323 	-52.649 	58.584 	-0.108 	-0.083 	0.056 	
68.371 	-85.294 	40.459 	0.088 	-0.027 	0.118 	
-324.014 	-57.606 	65.948 	-0.072 	-0.039 	-0.003 	
-102.909 	-88.962 	-49.084 	-0.043 	0.021 	-0.101 	
68.315 	-25.045 	44.311 	-0.119 	0.197 	-0.070 	
38.759 	-36.048 	40.233 	0.265 	-0.020 	0.011 	
99.040 	-61.715 	131.912 	-0.022 	-0.044 	0.020 	
112.610 	-71.133 	49.918 	0.105 	-0.027 	-0.004 	
-49.655 	-50.315 	99.762 	0.169 	-0.016 	-0.038 	
-51.424 	-69.601 	60.300 	0.124 	-0.121 	-0.116 	
131.729 	-39.724 	13.885 	-0.054 	0.001 	0.048 	
83.614 	-28.074 	52.118 	-0.155 	-0.110 	-0.028 	
44.247 	-76.007 	17.293 	-0.441 	-0.137 	0.048 	
32.959 	-68.169 	72.349 	0.090 	0.107 	-0.054 	
16.199 	-54.441 	67.460 	0.142 	-0.069 	-0.141 	
26.523 	-65.674 	42.374 	-0.047 	-0.053 	0.021 	
-116.402 	-83.136 	119.185 	-0.074 	-0.089 	-0.012 	
224.162 	60.479 	-147.043 	0.012 	-0.011 	-0.011 	
119.511 	-18.803 	74.994 	-0.092 	0.058 	-0.038 	
32.567 	-63.606 	54.578 	-0.254 	-0.094 	0.002 	
-30.439 	-21.943 	126.350 	0.004 	0.071 	0.160 	
134.028 	-54.079 	29.868 	0.023 	-0.121 	0.078 	
-931.979 	-484.961 	689.199 	-0.277 	-0.125 	0.149 	
-5.403 	-65.017 	68.687 	-0.039 	0.002 	0.103 	
69.764 	-82.911 	55.074 	0.014 	0.155 	-0.004 	
-52.101 	-60.177 	34.423 	0.045 	0.022 	0.050 	
88.692 	15.126 	14.004 	-0.026 	0.021 	-0.086 	
-129.211 	-57.351 	99.845 	-0.108 	0.049 	0.015 	
-46.751 	-75.767 	-30.573 	0.144 	0.029 	0.079 	
383.505 	-278.062 	-443.448 	0.045 	-0.035 	-0.018 	
97.903 	-77.521 	75.716 	0.102 	-0.006 	0.124 	
53.514 	-63.032 	5.674 	-0.063 	0.093 	-0.150 	
76.802 	-118.931 	20.602 	0.028 	0.018 	0.090 	
120.355 	-76.263 	18.087 	0.084 	-0.024 	0.118 	
46.118 	43.293 	1.143 	-0.201 	-0.028 	0.018 	
-581.591 	-181.890 	196.698 	-0.134 	-0.044 	0.006 	
573.606 	-699.625 	-78.596 	0.077 	-0.093 	-0.004 	
244.537 	49.912 	52.401 	0.042 	0.042 	-0.017 	
16.015 	-21.380 	37.941 	-0.117 	-0.070 	-0.037 	
2.573 	-96.547 	52.737 	-0.070 	0.080 	0.068 	
-55.295 	-86.022 	78.816 	0.046 	-0.047 	-0.060 	
53.697 	-96.698 	37.499 	0.141 	-0.106 	-0.031 	
75.295 	-84.606 	-28.280 	-0.019 	-0.047 	-0.036 	
-3.234 	-32.359 	36.033 	-0.062 	-0.026 	0.069 	
-17.924 	-185.238 	-10.735 	-0.021 	0.021 	-0.016 	
56.295 	-39.185 	69.556 	0.210 	0.170 	0.002 	
1.346 	-226.791 	41.350 	0.032 	0.035 	0.035 	
26.257 	-65.600 	25.128 	0.064 	-0.116 	-0.012 	
228.266 	-98.265 	65.819 	-0.035 	0.123 	-0.016 	
112.946 	-55.220 	29.064 	0.106 	0.002 	0.049 	
12.042 	-53.473 	8.764 	-0.180 	-0.032 	0.069 	
-109.802 	-108.617 	0.466 	-0.057 	-0.034 	0.144 	
40.086 	-32.104 	27.951 	-0.119 	-0.116 	0.114 	
-105.653 	-20.384 	126.509 	0.030 	0.003 	0.005 	
66.149 	38.092 	7.319 	0.053 	-0.035 	0.052 	
112.565 	-57.645 	168.189 	0.069 	0.055 	-0.064 	
46.189 	-47.227 	65.568 	0.027 	-0.004 	0.037 	
55.715 	-93.747 	7.487 	0.132 	0.119 	0.138 	
104.759 	9.099 	36.930 	0.052 	0.016 	0.100 	
393.753 	461.120 	-25.556 	0.014 	0.094 	-0.008 	
-1126.619 	1219.985 	525.610 	-0.405 	0.454 	0.186 	
-38.470 	-41.658 	14.436 	-0.014 	0.075 	-0.203 	
-20.587 	-76.603 	14.311 	-0.108 	-0.074 	0.011 	
39.884 	-41.245 	60.072 	-0.248 	0.067 	-0.093 	
-33.680 	-42.063 	67.491 	-0.005 	-0.126 	-0.028 	
305.440 	394.223 	627.529 	0.042 	0.043 	0.064 	
-63.158 	-112.412 	132.430 	-0.021 	-0.014 	0.002 	
55.112 	4.684 	2.173 	0.121 	-0.010 	-0.083 	
131.942 	-90.373 	12.638 	-0.080 	0.049 	-0.043 	
1563.016 	-1792.480 	0.809 	0.260 	-0.303 	0.004 	
38.164 	-30.880 	130.003 	-0.010 	-0.079 	0.014 	
168.789 	2.836 	-6.932 	0.065 	-0.057 	0.097 	
40.719 	-33.058 	72.456 	-0.040 	0.075 	0.184 	
-19.336 	-71.908 	54.969 	-0.017 	-0.046 	-0.048 	
108.473 	-76.667 	73.130 	0.016 	0.160 	-0.065 	
62.709 	-52.273 	121.922 	0.008 	0.108 	0.072 	
-33.891 	-70.367 	59.755 	0.002 	0.041 	0.016 	
9.165 	-34.089 	63.051 	0.056 	-0.091 	0.025 	
92.651 	-44.598 	114.998 	0.079 	-0.028 	-0.053 	
60.169 	-51.911 	53.321 	-0.002 	-0.054 	0.007 	
653.964 	-1694.950 	-30.255 	0.118 	-0.286 	-0.015 	
245.170 	32.442 	265.187 	0.007 	0.025 	0.017 	
132.376 	1.940 	44.351 	0.078 	0.060 	-0.078 	
-5.132 	-2.851 	3.682 	-0.140 	0.087 	-0.067 	
-81.624 	-164.631 	113.272 	0.023 	-0.139 	0.083 	
-24.850 	-156.177 	36.470 	0.085 	-0.047 	0.050 	
14.462 	-83.020 	64.173 	0.146 	-0.071 	0.023 	
49.168 	-0.597 	45.987 	0.059 	0.105 	0.127 	
-106.871 	-62.787 	77.918 	0.004 	-0.179 	0.016 	
59.728 	-54.920 	33.495 	0.094 	0.003 	0.177 	
-213.208 	-0.467 	0.528 	0.013 	0.036 	-0.000 	
191.818 	-88.316 	-67.676 	-0.048 	-0.041 	0.023 	
182.859 	47.420 	-28.281 	-0.030 	-0.006 	0.075 	
58.252 	-41.203 	35.759 	-0.048 	-0.005 	0.023 	
50.279 	-70.383 	48.535 	-0.079 	-0.140 	-0.077 	
549.386 	-167.655 	314.660 	0.065 	-0.039 	0.039 	
5.445 	-60.160 	39.901 	-0.040 	0.094 	0.012 	
-4.711 	-74.350 	38.420 	0.054 	-0.068 	0.004 	
107.757 	10.471 	99.110 	0.038 	-0.080 	0.013 	
257.893 	2.356 	182.964 	0.078 	0.048 	0.063 	
-18.216 	-54.256 	55.236 	-0.018 	-0.116 	0.040 	
58.509 	-78.127 	38.453 	0.017 	0.004 	-0.030 	
-14.399 	-64.040 	124.217 	-0.051 	-0.067 	-0.022 	
-50.159 	-79.094 	-50.053 	-0.020 	-0.050 	0.072 	
58.035 	-36.187 	27.560 	-0.122 	-0.157 	0.019 	
1457.440 	3349.537 	-12478.168 	0.265 	0.621 	-2.368 	
-28.691 	26.359 	-4.046 	0.095 	-0.069 	-0.016 	
0.320 	-44.415 	30.052 	-0.052 	0.003 	-0.006 	
187.200 	46.914 	-15.753 	0.011 	-0.028 	-0.040 	
3.614 	-87.155 	42.035 	0.030 	-0.131 	0.090 	
-45.836 	-69.661 	70.872 	0.124 	-0.059 	0.011 	
56.439 	5.374 	48.976 	-0.222 	0.006 	0.009 	
75.204 	-48.308 	9.455 	-0.226 	-0.098 	0.079 	
-17.579 	-69.827 	44.707 	-0.083 	-0.074 	-0.098 	
-25.698 	-144.750 	52.017 	-0.048 	0.056 	-0.031 	
5.744 	-57.184 	12.272 	-0.124 	0.022 	0.001 	
250.381 	32.689 	75.513 	0.040 	-0.037 	-0.013 	
37.808 	-79.885 	40.884 	0.048 	0.037 	0.068 	
-35.975 	-30.912 	39.502 	-0.071 	0.017 	-0.009 	
140.942 	-110.970 	-13.359 	0.073 	0.021 	-0.063 	
21.814 	-59.298 	64.157 	-0.062 	0.121 	0.002 	
-9.655 	-53.601 	44.947 	0.094 	0.125 	0.036 	
-11.242 	-96.138 	110.352 	0.151 	-0.044 	-0.011 	
-4.172 	-87.929 	142.164 	0.148 	0.034 	0.043 	
75.982 	83.353 	228.376 	-0.037 	0.007 	0.029 	
-42.529 	-93.107 	23.719 	-0.115 	-0.053 	-0.062 	
33.327 	-62.885 	61.881 	0.041 	0.113 	0.012 	
160.026 	184.279 	252.295 	-0.004 	0.039 	0.015 	
-2922.492 	331.413 	-2312.744 	-2.459 	0.225 	-1.895 	
-97.089 	-98.494 	104.813 	-0.072 	-0.055 	0.133 	
701.391 	-334.780 	-348.216 	0.079 	-0.063 	-0.048 	
76.202 	-67.097 	33.264 	-0.153 	-0.059 	0.045 	
3216.958 	-340.868 	2254.422 	2.624 	-0.332 	1.887 	
96.898 	-33.204 	77.367 	-0.032 	0.103 	-0.087 	
-55.237 	-66.051 	26.270 	-0.054 	0.011 	-0.049 	
33.226 	-13.332 	64.332 	0.052 	0.157 	-0.119 	
-40.753 	32.512 	83.866 	0.012 	0.033 	-0.081 	
132.540 	11.484 	18.892 	0.003 	-0.018 	-0.057 	
60.095 	-64.950 	34.951 	0.228 	0.174 	-0.091 	
134.130 	26.687 	72.665 	0.096 	0.001 	0.063 	
-37.785 	578.206 	-51.786 	-0.058 	0.296 	-0.040 	
-119.639 	-93.067 	46.261 	0.103 	-0.019 	-0.027 	
-9.231 	-40.763 	2.935 	-0.080 	-0.047 	0.104 	
12.226 	-72.767 	36.689 	-0.082 	0.019 	-0.070 	
19.719 	-83.852 	46.020 	-0.060 	-0.075 	-0.024 	
-19.322 	64.378 	-73.426 	0.016 	-0.036 	0.028 	
83.337 	-57.030 	72.792 	0.008 	-0.022 	-0.145 	
-113.105 	-62.225 	61.339 	-0.027 	-0.155 	0.039 	
39.788 	-35.887 	36.331 	0.054 	0.142 	-0.026 	
111.146 	-49.501 	96.666 	-0.001 	-0.074 	-0.156 	
3171.113 	1225.984 	1372.954 	0.569 	0.233 	0.255 	
5.368 	-59.781 	79.542 	0.008 	-0.213 	-0.012 	
9.526 	-14.707 	59.615 	-0.064 	-0.052 	0.039 	
-107.573 	11.147 	149.904 	-0.074 	0.018 	0.065 	
-46.666 	-88.094 	-5.821 	-0.094 	0.001 	-0.011 	
-38.174 	-157.595 	-26.318 	0.044 	-0.138 	-0.074 	
13.994 	-104.837 	60.759 	0.053 	0.020 	-0.103 	
83.020 	-28.478 	68.193 	-0.015 	-0.019 	-0.076 	
155.730 	-65.042 	48.468 	-0.018 	0.079 	0.043 	
-18.698 	-30.267 	46.087 	-0.084 	-0.088 	0.022 	
16.551 	-124.937 	101.466 	-0.003 	0.067 	-0.065 	
124.451 	-54.271 	22.806 	0.075 	-0.061 	-0.022 	
73.840 	44.661 	76.609 	-0.038 	0.015 	-0.047 	
-103.733 	-51.076 	-39.687 	-0.026 	0.001 	0.018 	
-38.788 	-565.230 	1036.708 	-0.039 	-0.080 	0.165 	
-63.227 	-58.728 	141.107 	-0.022 	-0.000 	-0.028 	
-9.922 	-170.782 	49.259 	0.013 	-0.051 	0.054 	
18.106 	-9.103 	63.924 	-0.179 	-0.083 	-0.130 	
0.763 	-57.642 	46.060 	-0.026 	-0.129 	0.128 	
26.056 	-11.358 	94.704 	-0.085 	-0.157 	-0.070 	
47.311 	-116.919 	-102.779 	0.032 	0.017 	0.118 	
547.453 	-87.736 	281.266 	0.071 	-0.024 	0.053 	
130.321 	-98.179 	-51.129 	0.111 	-0.042 	-0.050 	
-441.575 	228.474 	-271.561 	-0.142 	0.124 	-0.116 	
-53.570 	-76.305 	110.512 	-0.089 	-0.079 	-0.052 	
60.721 	-34.882 	84.261 	0.097 	0.014 	0.008 	
308.871 	-177.483 	49.837 	0.005 	0.006 	-0.003 	
74.538 	-36.834 	81.620 	-0.187 	0.079 	-0.058 	
51.891 	-21.136 	80.316 	-0.093 	-0.082 	-0.038 	
-48.968 	-14.049 	17.644 	-0.174 	-0.045 	-0.062 	
20.026 	-44.997 	50.208 	-0.051 	0.125 	0.185 	
8.724 	-0.896 	49.594 	-0.134 	0.009 	0.100 	
47.640 	-19.193 	57.386 	-0.112 	-0.165 	-0.094 	
31.550 	-60.946 	48.321 	-0.175 	-0.069 	-0.073 	
13.871 	-34.861 	59.216 	0.067 	-0.090 	-0.106 	
-1039.154 	376.438 	-1429.759 	-0.246 	0.093 	-0.306 	
155.159 	-83.057 	129.255 	-0.018 	0.073 	-0.110 	
125.228 	29.301 	54.344 	-0.009 	0.012 	0.037 	
104.214 	-38.791 	175.589 	0.009 	-0.018 	-0.045 	
-131.596 	-32.215 	74.876 	-0.021 	0.013 	-0.041 	
2.853 	-117.106 	-36.677 	-0.035 	-0.040 	0.062 	
24.293 	-46.235 	74.666 	-0.133 	-0.119 	0.041 	
67.869 	-71.075 	46.549 	0.103 	-0.131 	-0.015 	
172.649 	166.856 	-58.531 	0.023 	0.062 	-0.026 	
45.798 	28.850 	54.830 	-0.199 	-0.066 	-0.011 	
-583.671 	-215.294 	49.791 	-0.066 	-0.040 	0.046 	
11.661 	-34.072 	53.294 	-0.214 	-0.018 	-0.109 	
28.781 	-51.986 	65.630 	-0.224 	0.029 	0.174 	
-98.548 	-49.430 	61.377 	-0.124 	0.004 	-0.052 	
115.637 	-139.353 	50.061 	0.087 	-0.011 	-0.037 	
88.718 	-55.225 	61.946 	-0.006 	-0.119 	-0.048 	
-51.499 	-137.253 	-18.237 	0.032 	-0.039 	0.049 	
-134.833 	-33.210 	-172.793 	0.006 	0.007 	0.015 	
-50.097 	0.666 	33.290 	0.014 	0.009 	0.084 	
36.473 	-61.102 	26.091 	0.146 	0.119 	-0.057 	
321.336 	-466.754 	387.777 	0.118 	-0.221 	0.175 	
47.684 	-44.490 	29.771 	0.042 	0.038 	0.221 	
55.453 	-31.753 	39.920 	0.082 	0.026 	0.065 	
42.067 	-42.562 	11.887 	0.031 	0.062 	0.262 	
42.802 	126.646 	53.172 	-0.011 	0.022 	0.036 	
47.213 	-127.292 	148.472 	-0.124 	0.032 	0.068 	
-36.214 	-57.295 	39.456 	0.076 	0.011 	0.077 	
92.867 	-83.732 	42.552 	-0.081 	0.024 	-0.018 	
98.048 	-46.203 	58.760 	-0.029 	-0.036 	0.062 	
-52.701 	-65.249 	53.069 	0.007 	-0.099 	-0.017 	
289.535 	-646.218 	380.267 	-0.004 	-0.077 	0.051 	
91.968 	-58.491 	74.725 	0.009 	-0.066 	0.028 	
77.030 	-59.847 	57.721 	-0.093 	-0.150 	0.027 	
138.964 	-8.889 	36.322 	-0.061 	0.025 	0.144 	
80.077 	16.536 	82.389 	-0.020 	0.031 	0.093 	
38.205 	-88.976 	2.412 	-0.104 	0.089 	0.191 	
-20.544 	-67.294 	28.331 	0.139 	-0.007 	0.071 	
23.990 	-19.585 	37.258 	-0.065 	0.088 	-0.046 	
-58.932 	-35.935 	41.888 	-0.071 	-0.094 	-0.019 	
-43.641 	-21.619 	41.427 	-0.141 	0.089 	0.077 	
138.778 	-64.220 	59.024 	-0.018 	0.020 	0.105 	
-17.255 	48.962 	7.795 	-0.115 	0.043 	0.040 	
-38.344 	-37.255 	70.583 	0.022 	0.085 	0.071 	
-48.485 	-69.353 	45.719 	0.079 	0.061 	0.126 	
-19.303 	-54.388 	43.775 	0.169 	-0.038 	-0.005 	
169.730 	-76.556 	56.399 	-0.064 	-0.016 	0.102 	
25665.640 	7167.000 	15873.885 	5.490 	1.541 	3.410 	
-22.641 	-146.304 	51.697 	0.006 	-0.105 	0.023 	
-72.759 	-80.041 	-42.424 	-0.018 	-0.039 	-0.068 	
4.031 	-90.352 	27.241 	-0.056 	-0.060 	0.063 	
-11.405 	-54.650 	46.638 	-0.047 	-0.003 	0.114 	
152.612 	21.969 	113.796 	-0.034 	0.052 	0.061 	
-34.322 	-37.776 	63.479 	0.166 	0.010 	0.048 	
76.334 	-58.674 	29.675 	-0.134 	-0.014 	0.026 	
-7.628 	-47.076 	87.356 	-0.001 	-0.078 	0.058 	
-53.873 	3.867 	0.243 	0.056 	-0.042 	-0.029 	
-72.073 	-42.748 	23.993 	0.025 	0.054 	0.106 	
-8.757 	-114.677 	167.988 	0.065 	-0.049 	0.007 	
137.832 	0.334 	6.570 	0.019 	-0.074 	-0.050 	
-30.849 	-30.926 	50.284 	-0.001 	-0.231 	-0.001 	
-439.057 	1057.521 	-343.779 	-0.099 	0.218 	-0.079 	
291.494 	64.428 	-46.281 	-0.052 	-0.021 	0.012 	
25.548 	-51.221 	106.591 	-0.165 	0.072 	0.099 	
-10.990 	-109.546 	92.888 	-0.031 	0.060 	0.007 	
69.531 	-47.821 	72.003 	-0.060 	-0.103 	-0.056 	
175.020 	14.797 	-27.920 	0.048 	0.039 	-0.078 	
-0.372 	-63.610 	13.262 	-0.037 	0.043 	-0.087 	
-18.903 	-56.558 	82.541 	0.156 	-0.001 	-0.050 	
8.197 	-53.733 	30.769 	0.082 	0.109 	-0.006 	
59.095 	141.027 	46.939 	-0.109 	-0.001 	-0.017 	
-87.133 	-63.573 	123.689 	-0.065 	-0.002 	-0.020 	
-51.467 	-43.442 	112.758 	-0.090 	0.104 	0.079 	
753.783 	55.238 	-94.058 	0.067 	0.001 	-0.008 	
64.903 	-79.285 	37.376 	-0.023 	0.135 	-0.119 	
-19.432 	-24.970 	125.567 	0.031 	0.057 	0.015 	
-87.091 	-27.080 	3.901 	-0.130 	0.063 	-0.123 	
81.288 	-45.715 	77.079 	0.055 	0.103 	0.109 	
884.134 	99.639 	1151.112 	0.390 	0.077 	0.450 	
-240.595 	-52.451 	44.951 	-0.053 	-0.019 	0.046 	
-56.298 	3.179 	28.952 	-0.112 	-0.142 	0.024 	
-34.117 	0.524 	73.410 	-0.033 	0.042 	0.033 	
-53.332 	31.986 	-42.554 	-0.069 	-0.086 	0.081 	
51.757 	-76.828 	55.509 	-0.123 	-0.054 	-0.021 	
4.335 	-18.066 	-78.188 	0.034 	-0.063 	0.115 	
106.918 	37.253 	63.915 	0.024 	0.134 	-0.015 	
168.205 	-46.323 	94.952 	-0.023 	0.012 	-0.014 	
-11.941 	-81.502 	93.795 	-0.045 	-0.003 	0.087 	
-203.427 	-181.920 	654.374 	-0.054 	-0.009 	0.099 	
13.885 	-14.253 	98.831 	0.047 	0.110 	0.099 	
29.888 	-47.417 	26.658 	-0.144 	0.024 	0.084 	
-300.545 	-18.081 	-184.375 	-0.147 	-0.013 	-0.027 	
-24.548 	-91.315 	-32.258 	0.020 	0.047 	0.087 	
-15.176 	-120.828 	87.781 	0.055 	0.088 	-0.077 	
-51.267 	-65.719 	106.821 	0.099 	0.006 	0.077 	
125.955 	-25.790 	-56.523 	-0.126 	-0.011 	-0.082 	
69.931 	-64.995 	24.261 	0.026 	-0.018 	-0.116 	
-28.677 	14.814 	32.618 	0.005 	-0.076 	0.032 	
57.179 	-19.844 	76.126 	-0.047 	-0.087 	-0.040 	
1829.011 	1152.509 	-665.201 	0.440 	0.274 	-0.163 	
98.301 	-69.772 	64.194 	0.031 	-0.336 	0.177 	
115.636 	-11.766 	79.863 	-0.113 	-0.033 	-0.047 	
569.450 	214.297 	6.157 	0.218 	0.127 	-0.009 	
0.625 	-16.056 	65.779 	-0.229 	-0.041 	0.008 	
58.153 	-89.675 	136.063 	-0.008 	-0.038 	0.186 	
125.745 	-99.202 	38.001 	-0.103 	0.083 	0.002 	
-73.376 	-58.467 	54.992 	-0.011 	-0.084 	0.033 	
0.481 	-149.275 	-1.137 	0.022 	-0.017 	0.045 	
-105.730 	-33.497 	86.391 	0.078 	0.024 	0.082 	
158.279 	-131.170 	84.824 	-0.060 	-0.031 	-0.017 	
184.777 	-152.765 	91.650 	0.027 	-0.039 	0.026 	
-91.853 	-60.694 	74.596 	0.048 	-0.006 	-0.046 	
40.606 	-31.300 	5.418 	0.100 	-0.028 	-0.015 	
-131.894 	-244.512 	152.251 	-0.002 	0.005 	-0.027 	
-56.480 	-114.861 	85.926 	0.077 	-0.000 	0.008 	
-178.557 	-113.604 	107.168 	0.032 	0.046 	-0.005 	
-50.813 	5.867 	119.188 	0.064 	0.086 	0.072 	
-62.779 	-62.042 	-27.515 	-0.018 	-0.007 	-0.011 	
64.257 	-58.228 	37.530 	0.021 	-0.259 	0.106 	
-49.189 	-62.727 	137.203 	-0.119 	-0.032 	0.152 	
82.803 	-36.330 	78.103 	0.145 	-0.013 	0.014 	
5.842 	-60.893 	12.192 	-0.125 	-0.018 	-0.156 	
-61.599 	-71.866 	55.497 	0.006 	-0.012 	-0.090 	
33.853 	-68.975 	78.100 	-0.132 	-0.025 	0.188 	
-93.761 	-46.157 	72.333 	-0.283 	0.039 	-0.011 	
-0.837 	-61.072 	53.786 	-0.149 	0.070 	-0.065 	
70.836 	-67.871 	56.393 	0.030 	-0.001 	0.129 	
-6.955 	-51.718 	66.702 	0.070 	-0.007 	-0.124 	
196.153 	-124.287 	-95.053 	0.003 	-0.051 	-0.044 	
144.251 	-99.881 	-0.635 	0.074 	-0.053 	0.053 	
41.729 	-53.873 	72.576 	0.099 	-0.084 	-0.167 	
-54.778 	-81.947 	150.488 	-0.049 	-0.026 	0.061 	
7.266 	-49.077 	21.499 	-0.197 	-0.113 	-0.151 	
318.595 	1280.674 	2165.713 	0.067 	0.436 	0.723 	
425.898 	-185.737 	-12.302 	0.457 	-0.161 	-0.071 	
-5.019 	-90.534 	51.031 	-0.058 	-0.057 	0.091 	
198.797 	-24.887 	26.111 	-0.008 	0.050 	0.086 	
94.135 	7.105 	-4.521 	0.018 	-0.110 	-0.001 	
29.472 	-48.702 	58.636 	-0.022 	0.135 	0.004 	
50.960 	-54.960 	32.931 	0.207 	0.025 	-0.004 	
1704.088 	321.633 	-3626.735 	0.276 	0.060 	-0.627 	
-7100.811 	-32950.664 	-51883.555 	-1.525 	-7.107 	-11.197 	
-120.941 	-68.455 	238.383 	0.016 	0.003 	-0.053 	
81.809 	-25.329 	145.536 	-0.017 	0.019 	0.057 	
61.729 	-16.462 	37.631 	0.098 	-0.160 	-0.018 	
63.358 	-52.772 	78.977 	0.100 	-0.023 	-0.037 	
-110.918 	-85.707 	106.151 	-0.038 	-0.031 	0.062 	
15.488 	-101.637 	30.389 	-0.155 	-0.039 	-0.139 	
11.271 	-56.488 	50.389 	-0.053 	-0.005 	0.064 	
57.758 	-76.578 	17.374 	-0.008 	0.066 	-0.138 	
24.106 	-129.353 	68.640 	0.057 	-0.119 	0.072 	
-148.928 	-174.666 	5.982 	-0.039 	0.119 	0.091 	
1150.395 	-583.340 	-234.443 	0.295 	-0.131 	-0.058 	
9.281 	-78.055 	36.393 	-0.242 	0.079 	-0.106 	
-598.243 	-96.463 	-321.284 	-0.258 	-0.054 	-0.128 	
131.201 	27.878 	3.822 	-0.090 	-0.034 	0.049 	
86.325 	-60.132 	80.082 	-0.079 	-0.173 	-0.075 	
2242.536 	819.508 	-370.253 	0.557 	0.205 	-0.095 	
69.281 	-76.952 	49.042 	0.071 	0.053 	-0.147 	
428.810 	-438.768 	-192.600 	0.072 	-0.092 	-0.037 	
473.516 	-201.356 	1422.820 	0.216 	-0.072 	0.648 	
-12.510 	-55.494 	83.968 	0.156 	0.029 	0.021 	
0.716 	-51.856 	6.177 	-0.050 	-0.029 	0.096 	
57.271 	-69.363 	40.811 	0.087 	0.048 	0.030 	
-59.210 	-34.976 	128.839 	-0.149 	0.040 	-0.066 	
38.808 	-100.573 	-6.322 	0.143 	0.074 	0.136 	
7.382 	-70.545 	64.988 	-0.223 	0.015 	0.175 	
29.970 	-55.631 	25.773 	-0.069 	-0.214 	0.191 	
34.703 	-180.183 	60.200 	0.035 	0.138 	-0.007 	
-74.582 	-57.029 	134.008 	0.014 	-0.036 	0.020 	
42.981 	-52.782 	65.059 	-0.032 	-0.092 	-0.105 	
-15.924 	-55.432 	194.163 	-0.064 	-0.064 	-0.062 	
65.483 	-20.228 	51.814 	-0.189 	-0.126 	0.100 	
56.963 	-33.796 	48.096 	-0.127 	-0.038 	-0.214 	
120.273 	-37.473 	45.960 	0.003 	0.016 	0.070 	
-47.640 	-127.282 	22.840 	-0.073 	0.008 	-0.065 	
58.031 	-39.738 	28.305 	-0.293 	-0.029 	-0.022 	
49.263 	12.568 	22.861 	-0.034 	0.086 	0.020 	
38.180 	-34.630 	56.949 	-0.015 	0.112 	0.075 	
68.756 	-33.126 	64.074 	-0.100 	-0.029 	0.053 	
704.311 	-190.363 	624.606 	0.265 	-0.090 	0.244 	
1.539 	-63.398 	53.833 	0.124 	0.028 	-0.166 	
-30.826 	-60.335 	52.000 	-0.103 	0.001 	0.123 	
-435.927 	137.617 	196.174 	-0.060 	0.029 	0.039 	
20.036 	-21.281 	28.891 	0.089 	-0.156 	0.078 	
-1.406 	-170.654 	-56.490 	-0.083 	0.035 	0.028 	
-0.592 	-43.275 	59.361 	0.147 	-0.033 	-0.134 	
-4664.450 	2796.375 	1673.446 	-1.005 	0.616 	0.365 	
28.256 	-88.705 	87.627 	-0.134 	0.053 	-0.018 	
191.243 	-55.906 	110.003 	0.034 	0.044 	0.015 	
188.893 	30.193 	91.072 	0.029 	-0.006 	0.050 	
233.615 	-6.903 	-17.347 	-0.000 	0.026 	-0.024 	
120.006 	-22.397 	25.245 	-0.101 	-0.151 	0.036 	
125.168 	-74.942 	40.478 	0.007 	-0.050 	-0.050 	
57.018 	-74.757 	48.055 	-0.111 	-0.118 	0.105 	
47.186 	-46.156 	19.790 	-0.045 	-0.167 	0.006 	
51.441 	12.515 	-54.690 	-0.044 	-0.051 	-0.037 	
-51.773 	-71.318 	17.999 	0.063 	-0.064 	0.074 	
-69.052 	-20.879 	72.324 	0.068 	0.071 	0.103 	
-939.706 	336.419 	-229.561 	-0.173 	0.040 	-0.032 	
-70.163 	-44.549 	111.777 	-0.056 	0.055 	0.021 	
7.702 	-53.641 	64.730 	-0.153 	-0.151 	0.076 	
85.682 	-41.560 	66.433 	0.031 	0.065 	0.038 	
1963.880 	525.888 	-243.880 	0.909 	0.296 	-0.150 	
68.870 	-43.147 	41.814 	0.099 	-0.126 	0.040 	
94.182 	-136.156 	73.056 	-0.003 	-0.066 	0.028 	
14.044 	-41.488 	67.718 	0.180 	-0.093 	0.034 	
53.013 	-1.518 	10.833 	-0.183 	-0.025 	0.023 	
92.934 	-85.864 	29.607 	-0.082 	-0.024 	-0.036 	
-5.375 	98.422 	10.483 	0.024 	0.038 	-0.043 	
-26.816 	-91.297 	50.166 	0.011 	-0.080 	0.051 	
88.152 	-101.913 	40.474 	0.028 	-0.060 	-0.000 	
82.802 	-73.386 	90.447 	0.018 	-0.047 	-0.044 	
71.584 	-79.018 	20.335 	0.028 	-0.144 	0.079 	
-48.367 	-79.023 	110.697 	0.022 	-0.014 	0.054 	
89.828 	-92.021 	41.528 	-0.092 	0.051 	0.001 	
355.379 	-86.684 	-366.933 	0.101 	-0.022 	-0.138 	
-13.334 	-162.262 	150.868 	0.021 	0.089 	-0.050 	
76.831 	-39.115 	29.715 	-0.048 	0.078 	-0.128 	
-29.287 	-156.216 	32.486 	0.012 	-0.025 	0.083 	
-246.743 	254.042 	-875.707 	-0.046 	0.061 	-0.196 	
94.438 	-89.253 	13.845 	0.005 	0.017 	0.013 	
-659.625 	343.461 	-1019.003 	-0.314 	0.182 	-0.493 	
-35.736 	-103.780 	77.542 	-0.081 	-0.136 	-0.000 	
-48.759 	-32.337 	62.225 	-0.055 	-0.128 	0.032 	
41.499 	-75.539 	44.179 	0.021 	0.045 	-0.160 	
-88.885 	-41.484 	-68.978 	-0.075 	-0.070 	0.066 	
734.393 	-5158.568 	3633.810 	0.104 	-1.019 	0.717 	
68.321 	-186.379 	76.365 	0.047 	0.054 	-0.014 	
97.357 	-193.181 	63.859 	-0.097 	-0.072 	-0.056 	
-782.829 	-247.793 	528.170 	-0.336 	-0.089 	0.182 	
37.810 	-36.759 	23.184 	0.076 	-0.219 	0.096 	
75.017 	-56.937 	45.455 	0.256 	-0.083 	-0.066 	
89.906 	-201.002 	-35.605 	0.017 	0.048 	0.046 	
22.460 	20.087 	50.327 	-0.158 	0.079 	0.099 	
-520.648 	-519.482 	-63.864 	-0.101 	-0.102 	-0.013 	
-5.968 	-94.121 	72.496 	0.035 	-0.063 	-0.089 	
82.779 	-24.617 	46.208 	-0.074 	-0.010 	-0.008 	
183.497 	-71.801 	50.293 	-0.032 	0.013 	-0.037 	
-10.170 	-75.545 	-33.307 	0.089 	0.004 	0.038 	
1514.936 	-2404.088 	-2093.832 	0.262 	-0.439 	-0.390 	
276.562 	-154.113 	42.192 	-0.018 	0.008 	0.015 	
68.537 	-159.744 	2.491 	-0.164 	-0.031 	-0.016 	
-52.009 	-156.742 	12.587 	-0.013 	-0.035 	-0.005 	
67.951 	-74.577 	45.605 	0.094 	0.010 	-0.101 	
-96.841 	-46.451 	74.329 	-0.060 	-0.056 	0.042 	
57.293 	-50.312 	70.827 	-0.064 	0.260 	0.076 	
123.193 	-88.469 	22.852 	-0.107 	0.036 	0.062 	
119.258 	-14.501 	102.844 	0.146 	0.067 	0.068 	
55.482 	-58.770 	20.885 	-0.158 	-0.105 	0.135 	
42.206 	-211.891 	139.631 	0.005 	0.049 	-0.038 	
155.193 	-6.781 	15.698 	-0.020 	-0.081 	0.060 	
135.174 	-17.921 	31.450 	-0.098 	-0.019 	0.012 	
-6.922 	-39.742 	37.374 	0.141 	0.037 	-0.089 	
10.274 	-69.913 	111.302 	0.029 	-0.047 	0.003 	
-28.729 	-135.078 	37.465 	-0.086 	0.090 	0.133 	
154.358 	-158.290 	-14.627 	0.070 	0.067 	0.098 	
138.808 	-90.767 	-191.288 	-0.009 	-0.045 	0.006 	
75.234 	-444.187 	463.689 	-0.074 	-0.255 	0.192 	
79.689 	-76.865 	32.404 	0.134 	0.047 	-0.024 	
-1464.522 	-3001.070 	12998.344 	-0.288 	-0.579 	2.449 	
429.959 	125.067 	-107.776 	0.053 	-0.004 	-0.022 	
-19.624 	71.798 	-19.673 	-0.067 	-0.056 	0.077 	
170.552 	70.199 	0.292 	0.062 	-0.075 	0.062 	
-103.798 	-38.739 	94.657 	-0.036 	0.016 	-0.127 	
33.951 	-23.729 	83.106 	0.012 	-0.033 	0.063 	
33.539 	-61.592 	150.333 	0.092 	-0.030 	0.015 	
130.756 	44.180 	99.704 	-0.109 	0.052 	0.099 	
32.135 	-73.484 	83.903 	0.087 	0.001 	0.064 	
13.747 	-51.256 	39.439 	0.154 	0.022 	0.058 	
-73.297 	-27.550 	50.743 	0.031 	-0.016 	0.099 	
-3.158 	-35.163 	24.341 	-0.048 	0.075 	-0.105 	
175.566 	-67.893 	52.262 	-0.022 	0.032 	0.061 	
51.853 	-51.695 	33.812 	0.181 	0.019 	-0.118 	
-572.865 	-1850.628 	5.694 	-0.133 	-0.397 	-0.007 	
-26.948 	-63.232 	18.176 	0.154 	-0.041 	-0.045 	
-23.727 	-23.723 	16.080 	0.114 	-0.009 	0.081 	
83.154 	-70.467 	42.582 	0.016 	-0.050 	0.011 	
57.957 	-56.767 	42.057 	0.114 	-0.092 	-0.040 	
42.759 	-47.623 	-180.537 	-0.072 	0.006 	0.007 	
179.612 	-83.005 	78.153 	0.063 	-0.058 	0.058 	
89.383 	-61.625 	53.581 	0.029 	0.021 	0.064 	
89.674 	81.491 	-44.573 	0.048 	0.047 	-0.039 	
7.883 	-53.826 	78.171 	-0.166 	-0.024 	0.145 	
-86.309 	-50.004 	54.609 	-0.084 	-0.088 	0.071 	
81.669 	27.229 	46.426 	-0.063 	0.049 	-0.066 	
105.947 	-48.140 	18.967 	-0.120 	-0.186 	-0.089 	
-55.875 	-21.177 	34.381 	-0.015 	0.139 	0.038 	
-242.053 	160.282 	-692.599 	-0.055 	0.013 	-0.074 	
-51.941 	-45.320 	83.046 	-0.068 	0.001 	-0.028 	
-1047.703 	241.535 	-678.246 	-0.238 	0.063 	-0.167 	
1850.990 	-1411.932 	-181.829 	0.951 	-0.716 	-0.090 	
56.698 	-93.441 	28.307 	0.020 	0.033 	-0.134 	
-47.722 	-79.454 	52.454 	0.062 	0.039 	-0.067 	
-62.585 	-80.706 	-2.784 	0.034 	-0.072 	0.090 	
39.240 	-75.118 	45.171 	-0.096 	0.004 	-0.181 	
-81.261 	-96.738 	17.550 	-0.075 	0.032 	-0.027 	
11.332 	-82.398 	70.815 	0.105 	0.155 	0.007 	
-221.371 	23.170 	40.999 	0.026 	-0.097 	0.028 	
73.848 	31.449 	-80.354 	0.065 	0.045 	-0.023 	
68.860 	-93.013 	125.082 	-0.009 	-0.006 	-0.080 	
149.111 	-84.387 	24.046 	0.145 	-0.008 	-0.064 	
-2388.016 	2970.353 	1637.319 	-0.463 	0.559 	0.302 	
-20.228 	-151.326 	25.074 	0.037 	0.126 	-0.009 	
104.425 	115.152 	57.770 	0.011 	0.058 	0.009 	
172.418 	-46.173 	60.465 	0.022 	-0.056 	0.033 	
-38.771 	-66.369 	17.080 	-0.100 	0.045 	-0.057 	
-30.133 	-46.406 	-40.344 	0.025 	0.072 	-0.038 	
-450.423 	309.010 	32.301 	-0.122 	0.070 	-0.018 	
-6.241 	-64.497 	-36.829 	-0.054 	0.022 	-0.073 	
7.835 	-47.018 	72.302 	0.170 	0.095 	-0.115 	
150.875 	-159.343 	62.608 	0.096 	0.085 	-0.044 	
180.641 	-50.973 	5.783 	0.077 	0.018 	0.070 	
258.267 	170.794 	-79.888 	0.007 	0.050 	-0.086 	
11.757 	2.525 	-49.587 	-0.024 	-0.008 	-0.015 	
-430.295 	-123.139 	80.231 	-0.175 	-0.047 	0.039 	
1.488 	-32.868 	99.291 	0.022 	-0.016 	0.125 	
5.837 	-35.469 	60.286 	0.047 	0.139 	-0.088 	
86.791 	-206.848 	33.599 	-0.074 	-0.045 	-0.027 	
77.055 	-6.048 	55.056 	0.052 	-0.058 	0.088 	
130.155 	5.242 	115.344 	0.007 	0.082 	0.041 	
32.918 	13.702 	68.499 	-0.093 	-0.102 	-0.152 	
73826.557 	6012.292 	59372.732 	23.366 	1.917 	18.839 	
34.649 	-70.233 	102.296 	0.031 	0.137 	-0.077 	
160.202 	-66.387 	-10.920 	0.029 	-0.062 	-0.068 	
176.689 	-47.053 	115.973 	0.108 	-0.057 	0.078 	
89.244 	-15.266 	67.076 	-0.050 	0.026 	0.062 	
62.408 	62.729 	-17.541 	-0.105 	-0.033 	-0.057 	
-148.652 	-170.844 	3.051 	-0.020 	0.104 	0.002 	
28.621 	-74.888 	64.864 	0.099 	0.159 	0.203 	
97.501 	-61.677 	87.499 	-0.090 	-0.166 	-0.012 	
18.986 	-78.411 	15.610 	-0.006 	-0.036 	0.011 	
63.454 	14.354 	85.475 	-0.078 	-0.043 	-0.103 	
42.293 	-57.399 	125.817 	-0.151 	-0.008 	-0.134 	
-45.558 	-25.135 	76.528 	-0.095 	-0.116 	-0.062 	
1091.164 	2046.363 	2120.383 	0.152 	0.345 	0.362 	
-9.892 	-120.210 	35.881 	-0.034 	-0.146 	0.042 	
-158.976 	5713.447 	-3712.603 	-0.072 	1.121 	-0.729 	
-0.257 	-75.724 	68.321 	-0.146 	0.037 	-0.068 	
-6478.019 	-8219.626 	-3080.888 	-2.939 	-3.666 	-1.397 	
44.083 	12.103 	59.128 	-0.117 	-0.123 	-0.067 	
30.716 	-49.588 	50.339 	0.121 	-0.192 	0.177 	
6606.971 	32351.809 	53204.318 	1.431 	6.974 	11.464 	
-70.642 	-146.900 	62.739 	-0.045 	-0.081 	0.077 	
47.075 	-44.748 	15.481 	0.013 	0.260 	-0.040 	
7.609 	-132.296 	-26.444 	-0.113 	-0.118 	-0.079 	
144.443 	-60.091 	108.355 	-0.024 	-0.029 	-0.160 	
123.195 	-91.747 	44.307 	-0.105 	-0.034 	-0.050 	
70.309 	-77.271 	49.942 	-0.242 	-0.062 	-0.088 	
-49.630 	-162.911 	87.626 	-0.008 	-0.053 	0.030 	
-428.578 	470.563 	-42.149 	-0.092 	0.026 	-0.013 	
96.996 	69.849 	1.060 	-0.140 	0.006 	0.005 	
898.399 	-320.030 	349.000 	0.192 	-0.080 	0.081 	
-25.408 	-94.315 	46.754 	0.069 	0.110 	0.052 	
56.551 	-17.459 	75.234 	-0.074 	0.017 	-0.062 	
58.921 	-35.440 	92.727 	-0.183 	0.019 	0.069 	
169.088 	5.365 	34.203 	0.039 	-0.152 	-0.033 	
-27.467 	-85.963 	79.980 	-0.057 	0.024 	0.120 	
-121.708 	-38.303 	11.579 	-0.010 	-0.035 	0.058 	
70.456 	-46.126 	75.306 	0.185 	-0.075 	0.002 	
64.380 	-93.449 	16.099 	0.000 	-0.035 	0.030 	
-53.093 	-100.225 	127.944 	-0.066 	-0.075 	0.019 	
69.548 	17.122 	46.628 	-0.045 	0.032 	0.036 	
67.456 	-88.715 	-26.317 	-0.031 	-0.018 	-0.051 	
671.984 	-946.757 	551.221 	0.143 	-0.200 	0.106 	
-586.193 	270.912 	193.756 	-0.086 	0.002 	0.040 	
-113.155 	-174.203 	74.794 	-0.125 	-0.042 	0.023 	
-41.842 	-84.747 	32.315 	0.083 	-0.017 	0.046 	
163.391 	-202.792 	62.903 	0.073 	0.027 	0.000 	
-20.387 	-54.511 	-7.132 	0.150 	0.045 	-0.012 	
63.517 	-79.439 	29.143 	0.044 	0.011 	-0.157 	
-1177.441 	7222.055 	474.027 	-0.247 	1.412 	0.093 	
22.578 	-52.118 	118.155 	-0.003 	-0.040 	0.175 	
-58.407 	-81.985 	30.474 	-0.042 	0.060 	-0.031 	
-297.672 	-97.196 	92.502 	-0.032 	0.009 	-0.011 	
-14.293 	-14.579 	45.538 	-0.138 	-0.119 	-0.035 	
19.126 	-10.431 	1.113 	-0.102 	0.087 	-0.103 	
-2.111 	-81.978 	-13.760 	0.070 	0.045 	0.127 	
1.723 	-79.034 	79.309 	-0.134 	-0.105 	-0.029 	
-46.737 	-69.742 	32.267 	-0.132 	-0.164 	0.053 	
-55.763 	-132.454 	15.211 	-0.111 	-0.065 	0.001 	
112.701 	-81.057 	56.072 	0.046 	-0.012 	-0.010 	
-32.654 	-13.246 	97.312 	0.099 	-0.006 	-0.010 	
-7.588 	-132.310 	113.615 	-0.007 	-0.089 	0.079 	
-136.228 	55.390 	-69.177 	0.029 	-0.041 	0.018 	
27.992 	27.001 	-104.680 	-0.011 	-0.015 	0.034 	
514.437 	109.914 	-12.532 	0.063 	0.035 	-0.001 	
10.468 	-81.327 	72.719 	-0.199 	0.121 	-0.064 	
-2879.381 	-3335.734 	-1565.078 	-0.522 	-0.568 	-0.262 	
-109.512 	-25.155 	17.092 	-0.114 	-0.024 	0.044 	
125.136 	41.878 	146.693 	-0.021 	-0.081 	0.019 	
-818.023 	-1154.854 	511.190 	-0.182 	-0.260 	0.110 	
118.123 	-191.799 	123.600 	0.041 	-0.048 	0.032 	
-595.737 	232.346 	692.386 	-0.137 	0.064 	0.165 	
13.516 	-72.440 	18.391 	-0.181 	-0.010 	0.058 	
79.104 	-66.273 	57.083 	-0.115 	-0.018 	-0.044 	
53.162 	-59.569 	47.357 	0.189 	-0.000 	-0.158 	
14.601 	-54.130 	61.878 	-0.014 	-0.123 	0.047 	
95.755 	31.524 	27.424 	0.003 	0.004 	-0.017 	
50.983 	-86.212 	51.560 	0.176 	0.043 	0.018 	
-4.340 	-18.729 	268.836 	0.026 	-0.050 	-0.006 	
-40.729 	14.884 	86.579 	-0.083 	0.034 	0.088 	
-31.085 	15.349 	35.655 	-0.031 	0.187 	-0.053 	
64.288 	-65.958 	-43.352 	0.080 	-0.034 	-0.124 	
-8.671 	-65.760 	47.277 	-0.194 	-0.125 	0.031 	
-353.023 	-29.838 	77.899 	-0.033 	0.011 	0.023 	
107.850 	-74.137 	49.759 	-0.149 	0.055 	0.027 	
-10.513 	-45.091 	62.011 	0.044 	-0.172 	0.213 	
-60.105 	-147.974 	92.657 	-0.062 	-0.066 	-0.024 	
67.317 	-74.982 	65.723 	-0.021 	-0.043 	-0.014 	
105.352 	146.706 	30.133 	0.091 	0.041 	0.016 	
101.834 	-57.373 	40.988 	-0.016 	0.025 	-0.017 	
22.612 	-38.030 	-60.903 	-0.124 	0.043 	-0.088 	
50.220 	-22.777 	80.040 	-0.126 	-0.137 	-0.177 	
-2402.175 	10771.236 	13811.746 	-1.661 	6.956 	8.885 	
38.218 	-26.667 	63.783 	-0.071 	-0.161 	-0.189 	
-68.004 	-60.813 	69.831 	-0.088 	-0.142 	-0.135 	
-11.790 	-39.618 	54.293 	-0.063 	0.074 	-0.053 	
-145.725 	160.435 	-78.614 	-0.131 	0.139 	-0.099 	
-80.976 	-232.018 	63.356 	0.015 	0.019 	0.011 	
15.420 	19.954 	-7.827 	0.006 	-0.101 	0.053 	
-105.724 	-67.309 	117.469 	-0.032 	-0.115 	0.022 	
-52.348 	-248.361 	61.979 	0.012 	-0.007 	-0.018 	
-17.054 	-75.555 	72.928 	-0.068 	0.118 	0.009 	
-10.906 	-42.780 	78.351 	-0.168 	0.138 	-0.079 	
-203.721 	-99.171 	-9.860 	0.053 	-0.023 	-0.010 	
-827.360 	-1044.183 	3581.263 	-0.163 	-0.177 	0.621 	
-35.022 	-61.471 	46.012 	0.008 	-0.026 	-0.244 	
-47.659 	-70.351 	99.195 	0.040 	0.004 	-0.074 	
70.427 	-27.930 	150.247 	-0.009 	0.025 	0.071 	
-3.616 	-83.681 	-46.762 	0.007 	-0.054 	-0.078 	
141.006 	-61.463 	-36.227 	-0.027 	-0.011 	0.080 	
56.161 	-81.213 	15.106 	0.104 	-0.089 	0.009 	
77.674 	-42.945 	52.734 	0.105 	-0.052 	0.109 	
-81.229 	-61.097 	47.110 	0.170 	0.007 	-0.071 	
2.301 	-60.785 	63.368 	0.163 	-0.068 	0.099 	
-1.979 	-131.021 	-19.950 	0.064 	0.056 	-0.002 	
0.848 	-48.660 	100.124 	-0.041 	0.081 	0.008 	
5.875 	-75.311 	40.111 	-0.163 	0.039 	0.004 	
-64.547 	15.313 	86.391 	0.035 	-0.020 	-0.013 	
29.328 	-57.918 	28.260 	-0.072 	-0.116 	0.063 	
-118.341 	-4.743 	72.340 	-0.093 	-0.009 	-0.030 	
7.694 	-97.785 	69.429 	0.011 	0.106 	0.010 	
84.978 	-117.677 	112.248 	-0.026 	0.069 	-0.042 	
-22.980 	-65.436 	37.919 	-0.002 	-0.141 	0.013 	
-3.803 	-84.440 	96.868 	0.116 	0.101 	-0.019 	
-643.885 	-1016.597 	-1549.733 	-0.254 	-0.331 	-0.516 	
133.426 	-5.174 	-42.784 	-0.048 	-0.024 	-0.015 	
68.950 	-75.512 	-79.447 	-0.137 	-0.024 	0.005 	
275.544 	-28.386 	-1.354 	0.068 	-0.010 	0.002 	
-97.510 	-70.885 	53.224 	-0.071 	-0.005 	0.008 	
-61.092 	-62.498 	105.488 	-0.110 	-0.026 	0.097 	
78.252 	-127.767 	90.077 	0.007 	0.093 	0.153 	
14.529 	-87.337 	-18.250 	0.066 	-0.004 	-0.053 	
70.616 	-55.826 	30.093 	-0.029 	-0.148 	0.061 	
6.650 	-57.888 	207.276 	-0.124 	-0.044 	-0.019 	
17.772 	-78.616 	46.351 	0.045 	0.034 	-0.222 	
-44.682 	-91.943 	38.469 	0.080 	0.064 	-0.039 	
-224.111 	-6663.903 	-1140.057 	-0.060 	-1.309 	-0.223 	
-28.030 	69.315 	0.144 	-0.005 	0.049 	-0.040 	
124.105 	-64.838 	-42.138 	0.000 	0.025 	-0.032 	
-72744.033 	-6558.291 	-59596.000 	-23.128 	-2.071 	-18.899 	
-55.878 	-68.101 	23.930 	0.030 	0.096 	0.110 	
12.500 	1.076 	26.400 	0.115 	-0.111 	0.120 	
69.129 	-10.828 	38.984 	0.029 	-0.043 	0.160 	
44.284 	-36.052 	27.661 	0.075 	0.154 	0.121 	
34.811 	64.196 	87.923 	-0.021 	-0.051 	-0.066 	
-17.742 	-77.903 	6.329 	0.095 	0.089 	-0.011 	
62.074 	-67.286 	65.789 	0.168 	-0.066 	-0.039 	
-22.605 	-92.391 	6.031 	-0.085 	-0.126 	-0.062 	
-73.044 	-19.495 	52.486 	-0.036 	-0.074 	-0.068 	
2777.918 	-10908.261 	-13673.552 	1.676 	-7.008 	-8.818 	
177.606 	-4.143 	-12.200 	0.070 	0.022 	0.030 	
-46.041 	-10.781 	11.350 	-0.089 	0.095 	-0.048 	
-132.047 	-22.911 	60.029 	0.069 	-0.052 	-0.030 	
4080.240 	-3121.585 	-2493.536 	0.881 	-0.660 	-0.534 	
-67.590 	59.548 	1.591 	0.014 	0.002 	0.028 	
-1222.031 	-575.464 	429.811 	-0.707 	-0.257 	0.187 	
-15.428 	-115.904 	-15.014 	0.043 	0.010 	0.058 	
