## Las primeras 500 lineas corresponden a la esfera 1 
##las siguienets 500 lineas a la esfera 2
## Las primeras tres columnas corresponden a la posición en 'x', 'y' y 'z', las siguientes tres a las velocidades
-19.845 	-1562.492 	159.056 	-0.010 	-0.245 	0.028 	
508.325 	-480.560 	-8.433 	0.086 	-0.077 	-0.002 	
585.678 	1991.360 	1341.843 	0.099 	0.314 	0.206 	
-1871.644 	2072.169 	1366.896 	-0.304 	0.333 	0.221 	
-383.470 	-421.184 	1936.805 	-0.054 	-0.066 	0.314 	
2077.908 	1334.309 	2366.687 	0.342 	0.215 	0.375 	
2148.062 	-1079.205 	-2095.999 	0.345 	-0.169 	-0.337 	
-2024.489 	-1158.475 	740.154 	-0.321 	-0.178 	0.123 	
1751.941 	553.127 	1165.296 	0.277 	0.095 	0.186 	
669.529 	633.618 	921.629 	0.105 	0.098 	0.151 	
1779.373 	-142.091 	101.465 	0.279 	-0.021 	0.014 	
-382.023 	-1618.731 	266.142 	-0.056 	-0.256 	0.045 	
356.946 	-1151.310 	174.646 	0.067 	-0.182 	0.029 	
1289.913 	1834.070 	1767.270 	0.199 	0.292 	0.280 	
-83.595 	1535.398 	-2469.545 	-0.016 	0.249 	-0.392 	
-874.494 	-156.595 	8.221 	-0.139 	-0.018 	0.003 	
-991.349 	1994.000 	-813.027 	-0.162 	0.314 	-0.131 	
211.402 	1126.620 	-2225.119 	0.032 	0.171 	-0.358 	
-2920.980 	-2164.458 	-1234.380 	-0.474 	-0.342 	-0.200 	
1028.878 	-2527.292 	-2179.550 	0.158 	-0.406 	-0.349 	
246.977 	-2347.492 	2811.646 	0.042 	-0.367 	0.452 	
202.235 	870.388 	2435.999 	0.030 	0.137 	0.381 	
-628.389 	-1110.317 	554.189 	-0.100 	-0.169 	0.085 	
-2048.377 	-1622.364 	741.851 	-0.322 	-0.254 	0.115 	
1430.585 	-1010.438 	1641.117 	0.234 	-0.161 	0.256 	
-941.778 	-17.998 	2166.343 	-0.141 	-0.000 	0.342 	
165.647 	-1316.687 	-82.249 	0.032 	-0.204 	-0.010 	
569.732 	-2415.150 	1792.179 	0.088 	-0.392 	0.287 	
-2081.441 	2095.170 	546.353 	-0.326 	0.333 	0.088 	
-1168.011 	-1807.247 	1443.848 	-0.180 	-0.285 	0.233 	
-742.227 	-1256.897 	-2127.772 	-0.116 	-0.196 	-0.340 	
1011.912 	1672.919 	2026.737 	0.158 	0.261 	0.324 	
2039.330 	-766.320 	1885.078 	0.325 	-0.122 	0.303 	
-1315.190 	1391.806 	177.413 	-0.200 	0.220 	0.030 	
217.597 	-723.985 	-2314.443 	0.034 	-0.121 	-0.361 	
374.481 	-304.365 	251.907 	0.069 	-0.043 	0.041 	
-983.500 	-1987.283 	-2265.492 	-0.158 	-0.314 	-0.369 	
-952.676 	-2439.218 	1833.976 	-0.144 	-0.388 	0.293 	
-933.151 	-216.068 	1320.377 	-0.151 	-0.031 	0.213 	
1580.708 	-2499.097 	1811.316 	0.251 	-0.399 	0.292 	
2703.043 	994.104 	-108.411 	0.432 	0.150 	-0.019 	
480.784 	-620.511 	206.165 	0.080 	-0.092 	0.029 	
1021.038 	289.948 	1746.660 	0.149 	0.046 	0.276 	
-111.523 	-1730.524 	-1122.946 	-0.025 	-0.275 	-0.178 	
433.346 	-502.666 	1711.379 	0.076 	-0.081 	0.277 	
234.743 	441.190 	-815.389 	0.044 	0.072 	-0.124 	
2609.588 	202.405 	45.354 	0.409 	0.033 	0.002 	
-612.857 	2420.322 	-641.340 	-0.098 	0.388 	-0.104 	
585.932 	-701.468 	-929.580 	0.100 	-0.114 	-0.146 	
2246.928 	1457.318 	715.394 	0.360 	0.238 	0.114 	
-2056.550 	-766.629 	-1681.906 	-0.324 	-0.126 	-0.273 	
1177.201 	-200.412 	1171.158 	0.181 	-0.031 	0.181 	
2530.274 	-1156.239 	-2487.255 	0.411 	-0.192 	-0.398 	
-191.200 	1581.251 	35.504 	-0.022 	0.249 	0.011 	
-1824.889 	1966.067 	1437.244 	-0.296 	0.310 	0.228 	
-400.760 	-2368.448 	1211.054 	-0.060 	-0.383 	0.197 	
-983.963 	-38.321 	-1497.861 	-0.149 	-0.009 	-0.242 	
97.280 	-2098.844 	-729.639 	0.022 	-0.334 	-0.118 	
-2454.673 	1758.713 	2099.755 	-0.394 	0.285 	0.340 	
1426.911 	2201.594 	874.364 	0.230 	0.347 	0.133 	
-652.381 	2385.452 	629.796 	-0.112 	0.382 	0.099 	
935.307 	1402.418 	-828.832 	0.154 	0.219 	-0.130 	
-1899.477 	2565.170 	1012.519 	-0.311 	0.413 	0.163 	
1701.051 	494.270 	-856.030 	0.271 	0.086 	-0.136 	
2050.094 	-2367.587 	-2397.261 	0.338 	-0.378 	-0.380 	
2930.706 	-979.116 	-2451.795 	0.478 	-0.156 	-0.392 	
1870.562 	-1368.897 	-2136.955 	0.309 	-0.219 	-0.342 	
-2695.740 	2946.803 	-853.827 	-0.435 	0.479 	-0.141 	
2915.359 	1359.355 	1757.480 	0.475 	0.219 	0.278 	
-418.998 	838.870 	1053.170 	-0.067 	0.121 	0.169 	
1926.514 	703.884 	748.628 	0.313 	0.106 	0.115 	
804.785 	-125.106 	898.030 	0.137 	-0.015 	0.143 	
-44.375 	1513.282 	-2499.724 	-0.007 	0.238 	-0.397 	
-651.352 	-1886.619 	-759.061 	-0.106 	-0.300 	-0.118 	
-1147.003 	974.568 	1521.939 	-0.191 	0.154 	0.240 	
1124.199 	-330.537 	-606.054 	0.178 	-0.051 	-0.086 	
-68.045 	-569.989 	-1757.740 	-0.012 	-0.083 	-0.280 	
2193.825 	1296.053 	-2070.524 	0.354 	0.208 	-0.337 	
279.318 	-475.718 	-971.249 	0.041 	-0.072 	-0.158 	
-27.018 	-623.836 	2108.772 	0.000 	-0.103 	0.334 	
-381.729 	1933.115 	608.675 	-0.067 	0.301 	0.098 	
560.995 	-1011.642 	-687.075 	0.082 	-0.158 	-0.104 	
1243.900 	1590.513 	2058.261 	0.196 	0.257 	0.327 	
-529.884 	-1653.576 	2103.576 	-0.087 	-0.260 	0.339 	
1636.713 	-864.793 	-401.108 	0.265 	-0.131 	-0.070 	
-1494.269 	-2097.145 	-2041.154 	-0.233 	-0.332 	-0.322 	
1560.160 	-497.925 	-989.062 	0.250 	-0.084 	-0.169 	
-1629.751 	-1740.150 	1871.918 	-0.268 	-0.277 	0.300 	
-2238.938 	-2204.794 	1452.754 	-0.352 	-0.353 	0.235 	
-2027.002 	-899.841 	-214.329 	-0.317 	-0.149 	-0.028 	
2663.404 	1225.099 	1883.122 	0.426 	0.204 	0.299 	
67.671 	1036.374 	1906.888 	0.009 	0.169 	0.305 	
190.100 	-459.370 	181.974 	0.035 	-0.077 	0.031 	
-313.069 	-2278.418 	-937.741 	-0.045 	-0.367 	-0.144 	
2190.507 	-1452.407 	2172.871 	0.349 	-0.227 	0.345 	
-827.544 	1428.973 	-2298.060 	-0.116 	0.230 	-0.374 	
2208.705 	551.332 	1416.120 	0.358 	0.086 	0.226 	
2373.144 	542.633 	-1573.860 	0.386 	0.087 	-0.250 	
2696.377 	2125.857 	333.808 	0.441 	0.338 	0.054 	
1458.656 	-1149.721 	1461.055 	0.226 	-0.189 	0.229 	
-1704.522 	2245.609 	1246.575 	-0.271 	0.352 	0.203 	
-2792.888 	-2003.006 	-858.026 	-0.452 	-0.319 	-0.132 	
753.950 	-2602.330 	1496.770 	0.122 	-0.419 	0.238 	
-1131.051 	-254.637 	1976.771 	-0.178 	-0.034 	0.320 	
1420.525 	-606.544 	774.220 	0.235 	-0.097 	0.127 	
-2362.012 	1192.349 	2171.447 	-0.371 	0.191 	0.343 	
-2341.837 	-1634.776 	1545.017 	-0.380 	-0.258 	0.250 	
-2729.759 	2862.446 	-1161.487 	-0.441 	0.465 	-0.186 	
1711.081 	-1109.683 	87.959 	0.269 	-0.180 	0.020 	
2885.090 	-265.626 	-917.183 	0.467 	-0.047 	-0.140 	
-701.461 	-248.774 	1416.861 	-0.109 	-0.042 	0.230 	
627.591 	-851.758 	1277.603 	0.092 	-0.136 	0.204 	
1134.182 	-8.912 	411.522 	0.175 	-0.007 	0.062 	
-437.238 	2464.607 	-893.109 	-0.074 	0.389 	-0.136 	
-1664.587 	2266.685 	2278.529 	-0.268 	0.363 	0.367 	
-253.366 	2435.675 	2359.620 	-0.036 	0.392 	0.377 	
743.391 	-2540.897 	-435.019 	0.117 	-0.406 	-0.061 	
-2686.711 	-779.255 	2534.968 	-0.426 	-0.131 	0.403 	
1833.521 	-1116.193 	-942.418 	0.291 	-0.184 	-0.143 	
-192.169 	1793.478 	337.556 	-0.038 	0.283 	0.057 	
-1249.317 	279.055 	1567.671 	-0.195 	0.046 	0.256 	
1432.688 	-2007.209 	-902.258 	0.231 	-0.324 	-0.144 	
1160.781 	-358.185 	-1899.270 	0.184 	-0.049 	-0.304 	
2340.770 	-1065.374 	2406.140 	0.369 	-0.172 	0.386 	
-2572.029 	873.736 	1277.194 	-0.416 	0.136 	0.202 	
732.783 	-309.254 	-918.000 	0.111 	-0.044 	-0.141 	
-2661.737 	-1702.436 	-1006.612 	-0.423 	-0.270 	-0.155 	
-2825.884 	-2611.577 	1064.305 	-0.459 	-0.418 	0.168 	
-2063.593 	1069.468 	-2513.372 	-0.331 	0.173 	-0.395 	
-2196.546 	-2304.974 	880.518 	-0.345 	-0.371 	0.140 	
-240.614 	-1535.749 	1209.437 	-0.044 	-0.242 	0.195 	
-602.767 	1964.524 	-1120.644 	-0.099 	0.315 	-0.184 	
-1542.342 	1273.035 	16.907 	-0.248 	0.199 	0.002 	
35.599 	723.776 	-2207.679 	0.000 	0.111 	-0.349 	
2733.445 	-2505.578 	242.523 	0.434 	-0.399 	0.034 	
-356.754 	-1953.809 	-1016.595 	-0.051 	-0.311 	-0.169 	
290.847 	-1525.237 	685.617 	0.041 	-0.242 	0.103 	
-1802.239 	-2317.934 	1820.904 	-0.281 	-0.374 	0.293 	
2137.309 	-1026.844 	-1059.184 	0.342 	-0.160 	-0.168 	
935.908 	-1903.561 	578.232 	0.159 	-0.301 	0.096 	
-1836.414 	-1149.002 	-1463.711 	-0.286 	-0.186 	-0.233 	
2384.532 	-693.431 	-637.074 	0.372 	-0.106 	-0.102 	
-1626.781 	2453.595 	592.504 	-0.262 	0.388 	0.099 	
-1965.083 	-2057.662 	328.967 	-0.315 	-0.327 	0.057 	
-629.761 	755.244 	909.499 	-0.105 	0.114 	0.144 	
1503.757 	-325.773 	2126.159 	0.239 	-0.051 	0.332 	
-1114.599 	-142.066 	-890.505 	-0.173 	-0.015 	-0.142 	
-33.262 	1271.589 	1910.880 	-0.009 	0.200 	0.296 	
2288.042 	-2129.057 	-2481.782 	0.359 	-0.341 	-0.399 	
-188.629 	1769.174 	-1261.578 	-0.024 	0.277 	-0.203 	
2277.662 	-2467.396 	626.143 	0.365 	-0.393 	0.093 	
-1770.991 	-695.299 	1540.744 	-0.276 	-0.106 	0.244 	
607.734 	1360.303 	2635.883 	0.094 	0.211 	0.422 	
-2666.216 	-2613.421 	-987.253 	-0.426 	-0.417 	-0.162 	
-2249.242 	-134.453 	-2532.983 	-0.361 	-0.017 	-0.405 	
-220.702 	-1063.820 	-905.847 	-0.043 	-0.170 	-0.144 	
2493.403 	-565.895 	1811.714 	0.414 	-0.089 	0.284 	
-2368.248 	-1214.993 	2348.761 	-0.379 	-0.199 	0.374 	
-1153.211 	-1854.027 	2622.009 	-0.180 	-0.298 	0.422 	
280.526 	-1835.137 	1537.886 	0.044 	-0.294 	0.248 	
2548.279 	-2114.089 	1940.800 	0.416 	-0.339 	0.313 	
-808.311 	468.712 	500.977 	-0.123 	0.077 	0.075 	
-878.209 	-84.229 	1456.344 	-0.155 	-0.001 	0.247 	
1280.740 	187.355 	-96.360 	0.210 	0.034 	-0.009 	
135.401 	-945.493 	515.674 	0.019 	-0.150 	0.078 	
-968.779 	-24.876 	-333.682 	-0.157 	-0.003 	-0.047 	
-903.457 	1456.850 	-1283.523 	-0.142 	0.233 	-0.205 	
2897.917 	-619.588 	-175.335 	0.465 	-0.107 	-0.027 	
838.082 	-57.818 	-293.892 	0.134 	-0.016 	-0.039 	
987.739 	-542.305 	-565.685 	0.150 	-0.090 	-0.082 	
-1638.954 	493.349 	2742.015 	-0.259 	0.078 	0.440 	
1581.809 	1059.449 	103.448 	0.262 	0.164 	0.018 	
-2364.602 	463.829 	1008.497 	-0.381 	0.071 	0.159 	
655.283 	-158.160 	-780.000 	0.101 	-0.031 	-0.125 	
-2728.279 	-1214.192 	2306.374 	-0.442 	-0.194 	0.368 	
-2131.417 	-811.144 	-169.646 	-0.340 	-0.126 	-0.023 	
-1068.872 	-589.391 	-587.190 	-0.169 	-0.094 	-0.096 	
1657.745 	1478.327 	2090.285 	0.267 	0.237 	0.326 	
511.604 	-504.499 	2111.418 	0.084 	-0.079 	0.339 	
2487.948 	1546.947 	2682.700 	0.397 	0.253 	0.432 	
2145.381 	1954.096 	2151.459 	0.342 	0.314 	0.352 	
2308.532 	-1961.426 	-2000.197 	0.367 	-0.316 	-0.320 	
1689.928 	2392.246 	132.405 	0.278 	0.380 	0.020 	
-1190.162 	123.736 	665.045 	-0.193 	0.016 	0.112 	
-478.543 	186.820 	-1521.121 	-0.073 	0.033 	-0.249 	
-363.497 	1101.123 	1212.307 	-0.065 	0.174 	0.192 	
-2689.672 	-2391.714 	1465.217 	-0.431 	-0.378 	0.242 	
-1053.089 	840.338 	-957.769 	-0.167 	0.137 	-0.149 	
-729.868 	-2247.353 	-1716.058 	-0.117 	-0.354 	-0.275 	
-1235.613 	-2187.027 	-1317.428 	-0.189 	-0.348 	-0.210 	
201.894 	-2403.083 	-1980.831 	0.031 	-0.381 	-0.314 	
2130.272 	858.920 	163.509 	0.348 	0.137 	0.030 	
2363.363 	-190.045 	-1652.310 	0.378 	-0.032 	-0.259 	
-1026.159 	366.914 	130.015 	-0.154 	0.056 	0.026 	
-1073.994 	1166.964 	633.618 	-0.179 	0.184 	0.102 	
2426.065 	-1101.486 	-14.417 	0.385 	-0.181 	-0.008 	
-1397.250 	924.167 	-2523.654 	-0.225 	0.145 	-0.405 	
2505.143 	-194.426 	1596.816 	0.397 	-0.025 	0.259 	
533.839 	847.419 	713.390 	0.094 	0.138 	0.118 	
1559.158 	-488.793 	-1029.267 	0.253 	-0.072 	-0.154 	
-1518.910 	1916.246 	440.467 	-0.241 	0.298 	0.073 	
-4.388 	-1895.442 	1147.138 	0.006 	-0.295 	0.180 	
-236.704 	-202.185 	-2035.072 	-0.031 	-0.031 	-0.321 	
-740.876 	110.825 	424.905 	-0.121 	0.019 	0.069 	
-274.325 	-2158.533 	-2172.272 	-0.041 	-0.340 	-0.352 	
-576.348 	-929.521 	2228.997 	-0.088 	-0.151 	0.345 	
2739.714 	-375.673 	-1971.792 	0.442 	-0.066 	-0.313 	
-584.727 	389.065 	-403.946 	-0.091 	0.059 	-0.060 	
2285.879 	-2380.471 	2190.421 	0.372 	-0.377 	0.350 	
-782.505 	-820.398 	745.759 	-0.123 	-0.124 	0.117 	
-708.969 	-72.246 	2241.390 	-0.108 	-0.006 	0.356 	
531.017 	1178.132 	249.189 	0.094 	0.187 	0.041 	
-2484.920 	2581.775 	-1870.546 	-0.401 	0.413 	-0.299 	
152.496 	-656.293 	-2542.048 	0.034 	-0.102 	-0.406 	
-438.281 	-1317.930 	1587.359 	-0.067 	-0.200 	0.254 	
-1514.729 	-1191.687 	-1066.234 	-0.247 	-0.190 	-0.168 	
1369.194 	2473.575 	-2112.447 	0.221 	0.397 	-0.346 	
-1474.300 	188.086 	1585.486 	-0.242 	0.029 	0.251 	
-64.472 	342.770 	1200.218 	-0.015 	0.055 	0.184 	
-409.274 	-476.383 	808.438 	-0.052 	-0.085 	0.105 	
2375.754 	-591.780 	-1511.460 	0.378 	-0.102 	-0.244 	
2777.767 	-2609.308 	38.141 	0.443 	-0.418 	0.013 	
-2034.541 	-1502.968 	-114.092 	-0.332 	-0.242 	-0.020 	
85.200 	-2105.467 	558.015 	0.009 	-0.330 	0.093 	
-989.794 	143.408 	2063.195 	-0.161 	0.017 	0.324 	
-1346.872 	2554.182 	108.969 	-0.208 	0.406 	0.022 	
-1871.685 	-1987.102 	853.911 	-0.297 	-0.312 	0.134 	
2300.978 	-938.839 	-1923.376 	0.370 	-0.148 	-0.313 	
-1641.577 	-2388.388 	1546.582 	-0.263 	-0.374 	0.247 	
-1119.509 	-33.396 	936.040 	-0.177 	-0.013 	0.152 	
-1188.121 	250.596 	2419.312 	-0.189 	0.040 	0.390 	
-2132.618 	1579.084 	-382.381 	-0.338 	0.251 	-0.052 	
-2048.991 	709.664 	74.026 	-0.333 	0.113 	0.013 	
-752.212 	679.045 	-1247.721 	-0.118 	0.113 	-0.196 	
2247.654 	2845.503 	-2579.102 	0.358 	0.463 	-0.416 	
-1845.999 	1024.599 	1445.051 	-0.299 	0.163 	0.237 	
-2075.350 	-230.943 	-2181.122 	-0.326 	-0.039 	-0.348 	
1253.904 	-1760.653 	821.796 	0.203 	-0.284 	0.124 	
1904.339 	2040.403 	-171.721 	0.315 	0.326 	-0.023 	
2130.303 	1109.272 	-2394.268 	0.337 	0.180 	-0.377 	
1403.201 	674.385 	-1607.986 	0.221 	0.105 	-0.248 	
-1043.823 	-2028.358 	-596.633 	-0.163 	-0.317 	-0.097 	
1947.040 	-888.786 	212.516 	0.314 	-0.139 	0.025 	
-541.336 	2126.476 	523.202 	-0.044 	0.372 	0.096 	
568.638 	-1506.310 	2213.898 	0.092 	-0.237 	0.344 	
-1277.554 	833.745 	-993.781 	-0.203 	0.130 	-0.162 	
-1883.384 	-73.740 	931.622 	-0.305 	-0.012 	0.153 	
2042.703 	-694.090 	2034.561 	0.332 	-0.113 	0.316 	
564.607 	-1511.085 	-2299.081 	0.096 	-0.243 	-0.358 	
2829.958 	475.799 	-1577.319 	0.459 	0.076 	-0.253 	
951.351 	-597.446 	2006.919 	0.159 	-0.094 	0.318 	
-1670.381 	2210.319 	-488.647 	-0.257 	0.353 	-0.077 	
-1067.137 	-1035.772 	894.306 	-0.172 	-0.164 	0.147 	
-904.512 	-1162.332 	452.917 	-0.142 	-0.185 	0.082 	
2497.283 	31.520 	1109.321 	0.401 	0.012 	0.181 	
-1698.669 	166.334 	1557.833 	-0.271 	0.026 	0.257 	
-7.926 	997.320 	-1901.378 	-0.008 	0.160 	-0.308 	
-1805.703 	-2372.442 	-2358.832 	-0.282 	-0.377 	-0.382 	
1288.537 	2033.050 	-930.531 	0.202 	0.321 	-0.147 	
-2508.132 	1202.575 	1492.019 	-0.403 	0.192 	0.234 	
-2620.233 	158.519 	1003.196 	-0.423 	0.030 	0.160 	
815.816 	-2098.814 	-2125.444 	0.127 	-0.338 	-0.332 	
-3455.916 	68.351 	-12.630 	-0.593 	-0.015 	-0.005 	
-2373.649 	-963.682 	1260.506 	-0.375 	-0.155 	0.206 	
1442.025 	-555.889 	-1719.766 	0.228 	-0.089 	-0.281 	
723.243 	475.267 	312.535 	0.121 	0.076 	0.058 	
-70.055 	-925.226 	600.371 	-0.013 	-0.153 	0.087 	
-2551.591 	222.116 	-1475.078 	-0.411 	0.032 	-0.240 	
2080.928 	-216.197 	2827.378 	0.336 	-0.032 	0.457 	
-503.043 	-873.586 	1449.173 	-0.080 	-0.144 	0.223 	
944.590 	-1491.594 	-584.318 	0.146 	-0.236 	-0.090 	
362.062 	-378.274 	404.710 	0.062 	-0.066 	0.059 	
-2256.284 	-2673.172 	-1341.781 	-0.362 	-0.431 	-0.214 	
1282.990 	-1208.546 	-2180.219 	0.204 	-0.185 	-0.343 	
539.372 	756.426 	-556.994 	0.092 	0.146 	-0.087 	
-1022.843 	-297.594 	846.462 	-0.161 	-0.039 	0.140 	
2869.455 	1432.745 	-227.390 	0.467 	0.227 	-0.038 	
647.338 	-314.249 	-1473.405 	0.100 	-0.049 	-0.237 	
-2082.676 	720.195 	-2596.598 	-0.330 	0.118 	-0.414 	
995.155 	789.082 	782.541 	0.164 	0.119 	0.130 	
2529.707 	184.889 	-2077.636 	0.398 	0.026 	-0.328 	
-1028.992 	336.943 	-1314.779 	-0.163 	0.058 	-0.213 	
-2553.409 	2315.036 	975.220 	-0.415 	0.371 	0.157 	
92.848 	-2014.890 	-2392.620 	0.020 	-0.320 	-0.388 	
1804.439 	2285.198 	-1422.999 	0.290 	0.364 	-0.237 	
1302.974 	-1033.708 	273.160 	0.206 	-0.163 	0.051 	
1329.289 	-2215.074 	-1795.070 	0.209 	-0.350 	-0.293 	
848.576 	-1039.138 	1462.167 	0.131 	-0.166 	0.232 	
1120.897 	-1114.601 	1780.962 	0.179 	-0.174 	0.284 	
2273.485 	2503.748 	-2218.000 	0.361 	0.403 	-0.361 	
2119.161 	-388.629 	1539.639 	0.343 	-0.057 	0.252 	
917.999 	-608.016 	-517.907 	0.150 	-0.092 	-0.082 	
-1044.468 	-971.325 	1912.200 	-0.172 	-0.152 	0.306 	
-1204.756 	-550.443 	2096.323 	-0.191 	-0.094 	0.334 	
487.893 	-1255.726 	-802.416 	0.079 	-0.198 	-0.130 	
-1702.314 	-270.180 	-46.096 	-0.271 	-0.046 	-0.009 	
-298.607 	2146.520 	-2641.897 	-0.040 	0.347 	-0.422 	
-2021.456 	-662.273 	1349.923 	-0.328 	-0.105 	0.214 	
-91.728 	-2058.713 	2197.526 	-0.016 	-0.323 	0.356 	
-998.615 	774.499 	2061.351 	-0.153 	0.127 	0.327 	
-283.723 	-91.065 	1457.748 	-0.049 	-0.017 	0.233 	
1840.284 	-1395.013 	14.135 	0.297 	-0.226 	-0.004 	
-130.081 	-931.769 	609.546 	-0.008 	-0.145 	0.102 	
-530.433 	-920.507 	2078.866 	-0.076 	-0.145 	0.333 	
-2596.836 	-729.770 	702.552 	-0.421 	-0.117 	0.113 	
-684.406 	-1714.520 	-371.585 	-0.115 	-0.269 	-0.059 	
736.873 	-2517.450 	1350.352 	0.114 	-0.408 	0.215 	
913.047 	-1892.670 	-502.136 	0.143 	-0.303 	-0.075 	
1063.069 	-2324.130 	-275.867 	0.172 	-0.373 	-0.038 	
696.950 	105.892 	2106.348 	0.106 	0.013 	0.335 	
-2330.377 	1135.820 	154.490 	-0.374 	0.180 	0.023 	
-544.055 	568.497 	1077.638 	-0.079 	0.086 	0.168 	
-909.622 	-1361.303 	2210.670 	-0.149 	-0.217 	0.358 	
-1919.594 	-2295.224 	2003.048 	-0.307 	-0.363 	0.327 	
1379.083 	1568.760 	-2408.591 	0.218 	0.248 	-0.380 	
-822.758 	1419.006 	-2303.722 	-0.136 	0.225 	-0.351 	
-161.459 	-1953.621 	-1575.478 	-0.016 	-0.311 	-0.252 	
-42.472 	-144.656 	356.229 	0.003 	-0.029 	0.055 	
1704.175 	-795.542 	443.359 	0.274 	-0.127 	0.065 	
1355.231 	805.464 	-1487.465 	0.226 	0.128 	-0.236 	
-1677.420 	-2269.379 	1320.829 	-0.263 	-0.369 	0.207 	
2819.604 	-562.214 	-2564.048 	0.458 	-0.090 	-0.413 	
-424.802 	1820.711 	621.697 	-0.061 	0.293 	0.096 	
-1474.472 	2061.724 	-1783.000 	-0.237 	0.329 	-0.287 	
-1997.425 	1356.856 	-704.414 	-0.310 	0.216 	-0.112 	
-27.292 	686.890 	-251.677 	-0.009 	0.101 	-0.040 	
-2200.113 	876.513 	188.972 	-0.343 	0.147 	0.028 	
-110.727 	-1919.715 	-1476.008 	-0.020 	-0.302 	-0.228 	
-1810.348 	-1042.114 	106.400 	-0.291 	-0.164 	0.010 	
1402.168 	1113.766 	-1432.328 	0.232 	0.178 	-0.225 	
-1758.062 	2503.777 	333.911 	-0.282 	0.396 	0.061 	
1286.958 	-228.859 	-1861.976 	0.209 	-0.035 	-0.296 	
-251.633 	205.764 	-525.478 	-0.036 	0.025 	-0.077 	
-2430.941 	-1265.586 	-2274.174 	-0.387 	-0.209 	-0.367 	
1124.554 	-469.331 	365.497 	0.176 	-0.077 	0.062 	
-2000.933 	-494.495 	2209.016 	-0.319 	-0.077 	0.354 	
1977.594 	-209.849 	1844.201 	0.316 	-0.037 	0.288 	
717.986 	-203.317 	-1691.521 	0.109 	-0.038 	-0.268 	
2067.512 	831.236 	-158.589 	0.326 	0.134 	-0.029 	
906.847 	425.476 	1502.618 	0.141 	0.071 	0.237 	
-175.853 	1148.430 	-1907.956 	-0.032 	0.183 	-0.300 	
2572.706 	-1884.071 	-807.117 	0.419 	-0.300 	-0.125 	
-2319.330 	-2336.682 	2443.151 	-0.373 	-0.376 	0.391 	
-2018.340 	-1407.621 	-56.215 	-0.319 	-0.223 	-0.010 	
1551.713 	365.875 	531.168 	0.238 	0.058 	0.085 	
2539.473 	-633.312 	679.530 	0.406 	-0.098 	0.103 	
-2109.467 	784.299 	1147.042 	-0.334 	0.129 	0.191 	
85.792 	-145.077 	24.395 	0.007 	-0.022 	0.008 	
-716.318 	-1476.702 	2042.228 	-0.107 	-0.232 	0.329 	
-275.619 	-1240.469 	-980.565 	-0.040 	-0.201 	-0.150 	
2449.897 	-976.591 	-1669.900 	0.391 	-0.163 	-0.264 	
284.626 	-1458.831 	-1377.889 	0.037 	-0.230 	-0.216 	
1905.248 	-2035.122 	2557.954 	0.310 	-0.320 	0.407 	
-2359.932 	-957.126 	-1244.038 	-0.373 	-0.147 	-0.194 	
-2139.352 	-587.296 	-808.798 	-0.346 	-0.099 	-0.127 	
333.814 	-539.516 	1959.796 	0.063 	-0.087 	0.310 	
1483.548 	-1451.523 	1094.919 	0.246 	-0.232 	0.170 	
-1351.072 	1096.780 	1154.039 	-0.222 	0.171 	0.186 	
-2326.321 	-1295.032 	1947.265 	-0.369 	-0.199 	0.313 	
-1822.559 	-15.306 	616.140 	-0.292 	-0.004 	0.103 	
-1472.848 	-1730.587 	272.941 	-0.230 	-0.272 	0.040 	
2316.606 	2199.055 	1466.966 	0.374 	0.343 	0.232 	
2300.785 	1272.190 	-440.855 	0.375 	0.207 	-0.072 	
-2202.910 	-2070.767 	552.909 	-0.351 	-0.328 	0.093 	
-1818.741 	552.679 	1031.859 	-0.293 	0.082 	0.166 	
-1476.410 	229.608 	1244.644 	-0.227 	0.041 	0.202 	
-1370.722 	-670.564 	-2621.068 	-0.220 	-0.111 	-0.425 	
-1277.023 	-1395.569 	-2022.727 	-0.206 	-0.227 	-0.327 	
2761.844 	2814.750 	-1323.597 	0.445 	0.456 	-0.209 	
2643.445 	949.752 	-2122.752 	0.424 	0.148 	-0.345 	
-668.987 	-1111.160 	-729.307 	-0.106 	-0.181 	-0.113 	
-707.352 	-1069.268 	1724.953 	-0.111 	-0.178 	0.273 	
689.037 	-153.560 	284.986 	0.116 	-0.027 	0.041 	
850.094 	268.193 	562.814 	0.139 	0.037 	0.087 	
-1520.879 	1606.864 	1538.430 	-0.248 	0.256 	0.245 	
-1718.885 	2051.895 	-2366.451 	-0.276 	0.323 	-0.377 	
-692.003 	-1582.039 	-2609.712 	-0.108 	-0.246 	-0.419 	
2100.317 	-1041.380 	-1625.745 	0.329 	-0.164 	-0.257 	
-32.053 	18.373 	-1615.991 	-0.004 	0.004 	-0.258 	
817.868 	2030.812 	857.461 	0.132 	0.328 	0.141 	
1342.610 	-207.967 	-18.621 	0.221 	-0.032 	-0.004 	
1072.083 	1222.114 	1475.669 	0.173 	0.191 	0.244 	
750.707 	-1012.521 	-1109.167 	0.125 	-0.159 	-0.171 	
2342.074 	-1892.525 	-1622.437 	0.384 	-0.303 	-0.259 	
751.069 	607.745 	-1554.842 	0.122 	0.097 	-0.250 	
-1680.568 	-1804.452 	-46.352 	-0.264 	-0.293 	-0.006 	
1403.513 	892.806 	1139.920 	0.215 	0.139 	0.181 	
1986.529 	741.254 	260.517 	0.327 	0.112 	0.039 	
-184.729 	-2259.820 	2110.610 	-0.027 	-0.358 	0.344 	
183.565 	839.230 	2136.437 	0.038 	0.133 	0.334 	
1907.412 	-94.461 	2060.734 	0.313 	-0.014 	0.327 	
2194.643 	847.180 	-110.703 	0.347 	0.130 	-0.012 	
-1461.871 	-2771.718 	2748.875 	-0.231 	-0.446 	0.445 	
-2834.058 	-2316.740 	2548.737 	-0.457 	-0.368 	0.410 	
2667.521 	2166.009 	8.560 	0.435 	0.341 	0.001 	
2714.122 	548.927 	2303.989 	0.435 	0.080 	0.372 	
1013.176 	302.331 	1760.029 	0.162 	0.045 	0.277 	
-1764.191 	-287.276 	-2192.626 	-0.282 	-0.044 	-0.348 	
1921.433 	971.095 	-817.414 	0.316 	0.155 	-0.132 	
-642.627 	1330.000 	-2276.330 	-0.106 	0.208 	-0.358 	
1034.113 	1091.498 	-339.530 	0.163 	0.173 	-0.056 	
1569.802 	-976.496 	-1367.457 	0.253 	-0.153 	-0.215 	
2099.059 	1972.672 	2450.952 	0.336 	0.321 	0.395 	
271.841 	2187.873 	-1581.660 	0.036 	0.346 	-0.250 	
-2249.278 	436.406 	939.830 	-0.354 	0.074 	0.153 	
672.551 	-2417.007 	1660.938 	0.113 	-0.385 	0.260 	
794.667 	-968.156 	-251.637 	0.123 	-0.158 	-0.039 	
1936.181 	138.049 	-199.707 	0.309 	0.028 	-0.036 	
-1174.254 	1105.109 	-1724.451 	-0.183 	0.180 	-0.278 	
1229.367 	-2154.258 	1227.999 	0.193 	-0.348 	0.198 	
2109.838 	2126.832 	103.033 	0.343 	0.339 	0.020 	
1420.363 	-2305.512 	2118.773 	0.226 	-0.361 	0.338 	
2521.440 	-201.187 	541.693 	0.403 	-0.024 	0.090 	
2812.656 	2240.589 	1484.438 	0.448 	0.359 	0.239 	
750.664 	-1866.419 	1035.333 	0.128 	-0.299 	0.166 	
-1442.994 	-2575.362 	2412.041 	-0.232 	-0.416 	0.386 	
1085.700 	-525.096 	-547.525 	0.178 	-0.077 	-0.086 	
-187.630 	59.204 	410.480 	-0.034 	0.005 	0.061 	
-2253.943 	2834.118 	2304.627 	-0.367 	0.460 	0.368 	
125.798 	243.325 	2179.982 	0.029 	0.041 	0.342 	
-337.733 	2211.979 	2018.817 	-0.056 	0.358 	0.318 	
1868.382 	-1997.541 	2196.180 	0.305 	-0.325 	0.354 	
-1993.607 	-2109.701 	2148.319 	-0.320 	-0.330 	0.344 	
-2342.836 	-1507.981 	1768.040 	-0.376 	-0.237 	0.283 	
-1749.277 	1628.807 	794.362 	-0.274 	0.264 	0.131 	
-402.872 	-2705.088 	515.868 	-0.055 	-0.432 	0.081 	
319.954 	-1286.584 	1837.671 	0.055 	-0.203 	0.293 	
-79.769 	260.080 	293.867 	-0.014 	0.035 	0.052 	
-2112.956 	-2399.608 	-1961.575 	-0.344 	-0.384 	-0.307 	
-1232.029 	-73.386 	1348.842 	-0.192 	-0.016 	0.213 	
1924.319 	716.083 	315.494 	0.302 	0.118 	0.053 	
959.271 	-1365.680 	1786.091 	0.157 	-0.222 	0.289 	
-1981.625 	-1161.195 	-1686.542 	-0.313 	-0.181 	-0.266 	
94.392 	-1205.172 	-504.760 	0.009 	-0.220 	-0.078 	
2598.481 	184.750 	40.701 	0.409 	0.024 	0.019 	
-1241.918 	-1786.936 	-1659.717 	-0.195 	-0.287 	-0.259 	
2086.304 	-1284.418 	137.113 	0.338 	-0.201 	0.024 	
-663.870 	1783.969 	1558.055 	-0.098 	0.279 	0.247 	
429.265 	-642.321 	2225.533 	0.069 	-0.101 	0.350 	
2220.040 	-315.920 	1195.133 	0.357 	-0.053 	0.186 	
-689.141 	105.786 	-2666.540 	-0.106 	0.020 	-0.428 	
-1206.263 	-429.787 	-49.994 	-0.191 	-0.076 	-0.003 	
535.250 	2066.637 	1082.398 	0.082 	0.328 	0.175 	
-2349.226 	607.547 	-434.254 	-0.379 	0.093 	-0.072 	
1323.861 	-1309.708 	696.501 	0.208 	-0.204 	0.106 	
-470.902 	476.299 	-547.109 	-0.082 	0.072 	-0.088 	
1946.919 	-2070.927 	425.976 	0.312 	-0.331 	0.073 	
239.948 	-478.538 	731.741 	0.030 	-0.073 	0.114 	
2577.845 	-2106.344 	858.811 	0.419 	-0.333 	0.137 	
-1191.461 	241.340 	-166.237 	-0.182 	0.037 	-0.025 	
-2011.428 	262.210 	2175.319 	-0.323 	0.050 	0.345 	
2669.088 	1038.743 	-263.492 	0.427 	0.159 	-0.033 	
-1604.289 	2017.843 	-1237.298 	-0.251 	0.326 	-0.194 	
-1590.800 	1954.212 	-721.063 	-0.245 	0.312 	-0.116 	
1919.159 	-625.181 	-263.908 	0.301 	-0.090 	-0.040 	
-2083.297 	465.188 	1970.833 	-0.328 	0.077 	0.314 	
2193.499 	-1280.606 	-2586.203 	0.360 	-0.200 	-0.413 	
-1834.354 	-2490.011 	-1369.185 	-0.293 	-0.395 	-0.219 	
-536.211 	-285.981 	1933.025 	-0.079 	-0.047 	0.303 	
-154.753 	-1289.184 	-186.873 	-0.027 	-0.204 	-0.038 	
-202.673 	-351.826 	974.212 	-0.024 	-0.057 	0.160 	
1569.339 	692.617 	612.052 	0.257 	0.113 	0.102 	
981.208 	-2043.607 	5.766 	0.163 	-0.319 	0.005 	
1400.990 	-2308.338 	-2250.992 	0.218 	-0.370 	-0.360 	
-1509.349 	2273.233 	-653.824 	-0.240 	0.358 	-0.107 	
-1906.068 	2133.795 	582.839 	-0.298 	0.345 	0.092 	
-0.290 	-206.954 	-704.108 	0.002 	-0.035 	-0.115 	
-152.670 	-2027.988 	1518.225 	-0.015 	-0.321 	0.241 	
685.156 	-810.028 	2306.164 	0.108 	-0.124 	0.373 	
2273.778 	1822.390 	-2389.032 	0.370 	0.298 	-0.384 	
48.998 	-1332.003 	-511.255 	0.006 	-0.212 	-0.074 	
2696.684 	1862.251 	-75.162 	0.440 	0.295 	-0.014 	
-1011.287 	1554.822 	-2769.916 	-0.154 	0.245 	-0.442 	
-86.347 	190.816 	-508.667 	-0.015 	0.023 	-0.084 	
-2091.762 	-518.538 	900.514 	-0.325 	-0.085 	0.146 	
1206.800 	-332.690 	10.285 	0.190 	-0.061 	0.000 	
-757.817 	-517.314 	2165.031 	-0.123 	-0.083 	0.335 	
-423.515 	134.037 	-2668.951 	-0.066 	0.026 	-0.426 	
2039.338 	846.016 	950.105 	0.317 	0.136 	0.148 	
-2174.522 	-1368.404 	-2961.132 	-0.344 	-0.217 	-0.481 	
2424.521 	-501.358 	586.800 	0.384 	-0.075 	0.096 	
1512.160 	-2461.938 	366.618 	0.238 	-0.395 	0.064 	
1265.994 	2328.003 	-1564.239 	0.210 	0.367 	-0.247 	
1984.731 	618.545 	-1679.863 	0.313 	0.104 	-0.265 	
93.776 	-2753.234 	2366.417 	0.021 	-0.445 	0.376 	
943.523 	-834.885 	815.780 	0.160 	-0.132 	0.128 	
92.796 	2604.871 	1192.493 	0.024 	0.415 	0.192 	
2132.109 	-1372.235 	-1627.466 	0.349 	-0.221 	-0.260 	
1061.281 	2424.401 	-118.920 	0.174 	0.388 	-0.012 	
1270.965 	709.535 	-777.953 	0.195 	0.114 	-0.122 	
2141.719 	2405.197 	-597.172 	0.338 	0.377 	-0.095 	
1181.791 	1284.895 	-801.266 	0.199 	0.204 	-0.126 	
878.536 	-687.380 	-344.780 	0.148 	-0.115 	-0.056 	
767.885 	-559.463 	862.225 	0.124 	-0.089 	0.126 	
-703.436 	-1768.495 	-1107.878 	-0.117 	-0.282 	-0.171 	
-2560.790 	-856.157 	1906.964 	-0.403 	-0.133 	0.303 	
-2185.995 	-1891.051 	-237.974 	-0.345 	-0.306 	-0.043 	
609.235 	2231.777 	1200.659 	0.095 	0.360 	0.190 	
-541.554 	-752.803 	1028.630 	-0.093 	-0.119 	0.164 	
1464.271 	-2466.200 	331.433 	0.242 	-0.394 	0.057 	
-2508.946 	-1031.569 	1584.945 	-0.422 	-0.163 	0.250 	
1847.553 	-2286.152 	-2406.230 	0.271 	-0.371 	-0.381 	
-2356.498 	-979.649 	-2044.998 	-0.404 	-0.151 	-0.327 	
-794.419 	-2253.936 	1101.381 	-0.148 	-0.355 	0.183 	
1660.250 	1275.530 	-335.182 	0.232 	0.198 	-0.056 	
-1571.167 	-2164.175 	1305.318 	-0.284 	-0.347 	0.212 	
2833.261 	-2226.218 	-2292.434 	0.429 	-0.361 	-0.371 	
1982.350 	-1528.141 	1357.189 	0.289 	-0.244 	0.223 	
-872.139 	-1345.998 	-2262.884 	-0.173 	-0.210 	-0.360 	
1099.419 	1310.046 	-1792.580 	0.146 	0.208 	-0.290 	
1982.094 	810.040 	266.041 	0.291 	0.132 	0.036 	
391.203 	86.182 	601.323 	0.024 	0.008 	0.094 	
-2522.796 	2292.280 	2468.762 	-0.436 	0.365 	0.391 	
943.542 	-1857.548 	962.038 	0.114 	-0.297 	0.154 	
933.989 	2783.636 	2492.966 	0.123 	0.447 	0.393 	
-145.877 	2138.376 	1567.211 	-0.045 	0.342 	0.244 	
1767.179 	-766.197 	1026.287 	0.260 	-0.119 	0.167 	
593.334 	-2600.504 	2453.724 	0.060 	-0.415 	0.392 	
-324.433 	2442.554 	872.363 	-0.077 	0.389 	0.146 	
1376.906 	-2458.702 	2221.105 	0.195 	-0.396 	0.352 	
435.063 	673.761 	1234.500 	0.039 	0.106 	0.198 	
-1047.505 	2501.618 	-2534.477 	-0.188 	0.398 	-0.404 	
689.228 	850.599 	53.741 	0.091 	0.137 	0.010 	
1872.777 	149.893 	-310.455 	0.265 	0.028 	-0.053 	
-2836.319 	979.328 	-1437.284 	-0.488 	0.157 	-0.229 	
257.714 	1919.499 	1172.273 	0.009 	0.310 	0.191 	
253.266 	-878.052 	12.054 	0.015 	-0.144 	0.005 	
-264.716 	-1930.369 	-343.076 	-0.072 	-0.311 	-0.050 	
-1808.662 	-463.697 	-567.636 	-0.323 	-0.073 	-0.091 	
-787.965 	1197.547 	-2520.240 	-0.147 	0.189 	-0.400 	
487.032 	919.649 	-433.342 	0.058 	0.144 	-0.064 	
-992.399 	2477.804 	767.483 	-0.180 	0.399 	0.127 	
-1736.126 	1777.508 	-2285.928 	-0.312 	0.283 	-0.370 	
66.671 	2295.592 	1879.084 	-0.019 	0.368 	0.294 	
754.859 	-2536.854 	2200.668 	0.092 	-0.401 	0.352 	
703.952 	-2105.599 	286.219 	0.089 	-0.331 	0.050 	
365.417 	-419.320 	-1992.081 	0.026 	-0.064 	-0.317 	
-2045.000 	710.057 	2319.889 	-0.358 	0.107 	0.374 	
-2726.507 	1584.540 	16.995 	-0.466 	0.244 	0.005 	
2218.590 	81.335 	-1577.192 	0.330 	0.013 	-0.245 	
-1217.124 	-1006.947 	-1457.231 	-0.219 	-0.154 	-0.236 	
-1868.408 	-1333.393 	-798.371 	-0.318 	-0.205 	-0.127 	
1400.074 	-2363.825 	-1468.038 	0.190 	-0.375 	-0.235 	
-1878.733 	754.225 	-1601.970 	-0.325 	0.123 	-0.247 	
-1077.062 	-426.111 	-677.718 	-0.205 	-0.063 	-0.111 	
2242.946 	2673.231 	-1399.888 	0.334 	0.434 	-0.219 	
1031.493 	-1696.246 	-1486.546 	0.137 	-0.266 	-0.242 	
-1781.600 	2105.772 	-2311.151 	-0.312 	0.328 	-0.373 	
-720.674 	-1266.524 	-1036.390 	-0.132 	-0.202 	-0.165 	
2.623 	-403.301 	746.427 	-0.035 	-0.067 	0.118 	
0.877 	42.599 	105.783 	-0.029 	0.009 	0.015 	
982.337 	2771.106 	-221.635 	0.138 	0.444 	-0.035 	
1018.186 	-1611.061 	-782.658 	0.144 	-0.256 	-0.122 	
1634.366 	1118.705 	904.511 	0.231 	0.179 	0.144 	
-2140.524 	-324.937 	1457.154 	-0.369 	-0.044 	0.227 	
-699.933 	1745.766 	1573.846 	-0.137 	0.286 	0.256 	
-1822.617 	1118.115 	1944.729 	-0.327 	0.179 	0.308 	
-820.361 	-512.001 	-1068.137 	-0.153 	-0.076 	-0.165 	
-1707.195 	-1209.971 	-943.203 	-0.292 	-0.199 	-0.150 	
-1748.227 	19.219 	244.118 	-0.304 	0.009 	0.035 	
-629.372 	-2212.821 	742.265 	-0.121 	-0.347 	0.122 	
695.767 	-310.998 	-78.233 	0.085 	-0.049 	-0.014 	
1397.491 	792.391 	1310.548 	0.204 	0.126 	0.202 	
-38.267 	-271.564 	-2313.638 	-0.040 	-0.040 	-0.366 	
-76.758 	-1225.884 	-1086.243 	-0.036 	-0.189 	-0.174 	
1182.253 	-179.302 	2256.759 	0.163 	-0.030 	0.359 	
286.364 	-700.163 	449.127 	0.012 	-0.113 	0.078 	
292.295 	-2195.432 	2406.361 	0.022 	-0.346 	0.387 	
814.868 	474.703 	1123.074 	0.103 	0.078 	0.178 	
166.901 	-2052.847 	-248.810 	-0.009 	-0.327 	-0.040 	
92.736 	-2035.622 	-1082.587 	-0.019 	-0.321 	-0.174 	
-2242.776 	-1993.527 	-163.906 	-0.386 	-0.311 	-0.025 	
-2278.709 	-1585.944 	-709.628 	-0.399 	-0.253 	-0.112 	
2238.980 	-2222.292 	-594.172 	0.337 	-0.357 	-0.100 	
-542.867 	-1034.793 	-1237.017 	-0.117 	-0.171 	-0.200 	
-601.264 	-382.147 	175.379 	-0.131 	-0.063 	0.029 	
-894.990 	1940.603 	-1362.745 	-0.166 	0.314 	-0.220 	
-1129.248 	916.978 	809.716 	-0.211 	0.151 	0.125 	
-520.399 	736.150 	-1297.767 	-0.117 	0.121 	-0.206 	
-2078.017 	-1592.810 	1065.903 	-0.353 	-0.250 	0.169 	
1194.424 	-1776.921 	-427.831 	0.169 	-0.281 	-0.064 	
1828.048 	504.112 	1898.468 	0.258 	0.083 	0.302 	
-2171.022 	1376.600 	1775.053 	-0.369 	0.219 	0.279 	
-1110.860 	635.705 	746.584 	-0.213 	0.101 	0.118 	
-1369.559 	-1926.562 	2746.393 	-0.243 	-0.300 	0.440 	
-1486.083 	-1438.996 	202.258 	-0.265 	-0.232 	0.039 	
-1628.600 	250.760 	-1907.968 	-0.284 	0.038 	-0.306 	
2118.997 	22.161 	-2017.669 	0.319 	0.001 	-0.320 	
398.435 	904.703 	2257.572 	0.041 	0.148 	0.357 	
-1509.568 	1294.528 	1162.058 	-0.264 	0.203 	0.181 	
-843.223 	1324.551 	1757.031 	-0.153 	0.210 	0.280 	
-2327.376 	1998.879 	386.573 	-0.400 	0.328 	0.064 	
-682.211 	-890.828 	-1068.186 	-0.132 	-0.149 	-0.163 	
-896.783 	-1992.068 	523.761 	-0.171 	-0.315 	0.091 	
2586.792 	2260.068 	-1690.331 	0.396 	0.364 	-0.271 	
152.778 	-1717.094 	-1664.747 	0.004 	-0.273 	-0.271 	
-1423.752 	-2301.369 	-1976.696 	-0.255 	-0.375 	-0.313 	
828.345 	2875.235 	-1144.916 	0.101 	0.463 	-0.188 	
649.212 	-1479.819 	2060.288 	0.071 	-0.239 	0.329 	
2725.224 	-232.665 	-1683.224 	0.415 	-0.040 	-0.270 	
771.407 	-367.745 	432.065 	0.090 	-0.059 	0.068 	
567.835 	2525.157 	-1355.353 	0.059 	0.405 	-0.218 	
-1743.716 	-1008.159 	-1002.580 	-0.303 	-0.153 	-0.158 	
-1019.473 	2291.964 	-577.951 	-0.191 	0.356 	-0.089 	
-937.889 	-486.007 	-2108.633 	-0.173 	-0.077 	-0.335 	
1133.760 	-2446.284 	-1111.421 	0.158 	-0.394 	-0.173 	
1640.724 	-648.428 	-30.500 	0.231 	-0.097 	0.000 	
2476.225 	33.010 	1521.607 	0.375 	0.005 	0.243 	
1323.411 	1894.457 	-2585.046 	0.193 	0.302 	-0.415 	
-2051.425 	762.517 	1664.974 	-0.346 	0.123 	0.263 	
-306.062 	2.073 	710.367 	-0.070 	0.001 	0.116 	
-850.721 	2015.695 	1742.356 	-0.166 	0.324 	0.279 	
2702.151 	2214.177 	-494.732 	0.407 	0.355 	-0.081 	
-2307.771 	282.201 	1703.668 	-0.397 	0.038 	0.269 	
-2662.613 	668.078 	-1904.372 	-0.447 	0.109 	-0.305 	
-1754.312 	-940.822 	-421.969 	-0.308 	-0.153 	-0.070 	
763.914 	802.761 	-1132.591 	0.088 	0.128 	-0.185 	
1908.638 	2560.597 	-1664.351 	0.280 	0.415 	-0.271 	
-1795.568 	1022.939 	-79.986 	-0.314 	0.157 	-0.016 	
366.881 	189.102 	511.690 	0.025 	0.026 	0.081 	
392.080 	-2020.644 	-1033.729 	0.027 	-0.322 	-0.166 	
-2068.183 	-307.223 	-1278.202 	-0.363 	-0.049 	-0.199 	
2742.619 	1734.768 	-1637.077 	0.419 	0.281 	-0.263 	
1798.068 	415.655 	1399.248 	0.263 	0.071 	0.216 	
641.547 	2264.639 	474.512 	0.073 	0.355 	0.074 	
783.819 	-628.266 	-928.174 	0.093 	-0.103 	-0.141 	
2046.210 	1997.875 	-1746.343 	0.294 	0.321 	-0.279 	
2530.656 	614.126 	-757.886 	0.384 	0.099 	-0.120 	
-1610.922 	671.179 	-481.297 	-0.291 	0.100 	-0.072 	
-1119.127 	-2200.244 	-651.668 	-0.203 	-0.343 	-0.106 	
1287.717 	2705.519 	-2544.295 	0.177 	0.436 	-0.406 	
2340.047 	964.865 	-650.621 	0.347 	0.159 	-0.103 	
-1846.113 	-1574.683 	-1532.864 	-0.325 	-0.252 	-0.239 	
-2460.905 	156.874 	1359.684 	-0.427 	0.027 	0.221 	
2596.671 	-1420.814 	2121.397 	0.395 	-0.226 	0.334 	
1963.322 	161.624 	1105.790 	0.278 	0.027 	0.177 	
597.500 	1968.394 	1555.116 	0.071 	0.319 	0.249 	
-2442.578 	2170.446 	-1738.070 	-0.423 	0.345 	-0.284 	
-2329.462 	213.191 	2463.766 	-0.390 	0.034 	0.394 	
2404.888 	-1777.437 	-1140.277 	0.358 	-0.291 	-0.184 	
-1163.305 	1038.067 	1076.539 	-0.222 	0.164 	0.174 	
1311.690 	1683.771 	680.107 	0.181 	0.267 	0.112 	
1932.298 	-334.156 	962.374 	0.286 	-0.056 	0.155 	
1740.202 	821.253 	900.083 	0.246 	0.124 	0.138 	
-1905.188 	-532.652 	2305.300 	-0.326 	-0.085 	0.373 	
2552.569 	-1999.096 	1225.116 	0.384 	-0.318 	0.197 	
-616.538 	1759.955 	-2383.737 	-0.132 	0.280 	-0.381 	
-2162.183 	-2119.945 	3479.440 	-0.414 	-0.366 	0.615 	
439.554 	1393.991 	61.482 	0.048 	0.220 	0.008 	
638.023 	24.457 	349.910 	0.079 	0.007 	0.061 	
996.537 	1989.523 	2439.824 	0.138 	0.324 	0.389 	
-1941.255 	312.486 	-180.007 	-0.340 	0.057 	-0.027 	
-2517.837 	763.807 	-2310.326 	-0.428 	0.124 	-0.365 	
979.281 	1267.700 	383.049 	0.135 	0.202 	0.061 	
-726.291 	-1798.129 	651.286 	-0.146 	-0.290 	0.102 	
1374.948 	-475.128 	-1014.502 	0.201 	-0.078 	-0.160 	
-617.911 	-340.790 	1772.200 	-0.126 	-0.059 	0.277 	
-2097.298 	1879.868 	2507.356 	-0.359 	0.304 	0.406 	
1605.461 	-1290.090 	199.240 	0.232 	-0.204 	0.039 	
-1885.179 	-1188.024 	-644.329 	-0.334 	-0.187 	-0.103 	
207.419 	1970.503 	1086.691 	0.003 	0.312 	0.173 	
-870.578 	-655.357 	-2371.756 	-0.157 	-0.105 	-0.376 	
-1700.263 	122.314 	-1994.269 	-0.306 	0.024 	-0.316 	
147.368 	1386.797 	163.161 	0.001 	0.225 	0.025 	
-1464.978 	-1249.444 	94.968 	-0.265 	-0.193 	0.022 	
-2187.181 	-2371.235 	2567.972 	-0.379 	-0.379 	0.417 	
612.978 	-15.456 	856.213 	0.074 	-0.004 	0.138 	
2544.203 	1088.474 	-935.814 	0.376 	0.171 	-0.147 	
2615.126 	-1779.038 	1826.133 	0.395 	-0.287 	0.293 	
-2632.100 	-1321.167 	-24.102 	-0.446 	-0.205 	-0.006 	
-1015.018 	402.225 	-1919.942 	-0.195 	0.065 	-0.300 	
99.826 	-180.704 	1203.784 	-0.017 	-0.025 	0.195 	
1931.305 	-831.923 	-441.152 	0.271 	-0.136 	-0.070 	
343.465 	-43.671 	-1618.885 	0.032 	-0.007 	-0.259 	
2766.530 	-2251.253 	-2905.027 	0.418 	-0.358 	-0.471 	
-212.496 	-1484.593 	-557.320 	-0.058 	-0.229 	-0.095 	
-1264.953 	2072.623 	2237.845 	-0.225 	0.330 	0.355 	
1778.953 	301.969 	-1974.340 	0.251 	0.048 	-0.316 	
-832.378 	2037.834 	1180.835 	-0.165 	0.325 	0.185 	
-1808.644 	-606.909 	-1036.971 	-0.320 	-0.094 	-0.172 	
126.312 	67.204 	590.645 	-0.012 	0.008 	0.086 	
-903.543 	-1131.392 	1459.712 	-0.175 	-0.177 	0.233 	
-165.310 	1450.651 	537.407 	-0.054 	0.223 	0.089 	
585.060 	-404.649 	-1550.728 	0.058 	-0.068 	-0.243 	
-965.698 	-835.845 	1997.745 	-0.180 	-0.125 	0.319 	
2516.014 	-847.245 	-2592.350 	0.377 	-0.141 	-0.412 	
2484.411 	-86.661 	-2190.977 	0.376 	-0.015 	-0.356 	
1208.266 	70.610 	2412.193 	0.158 	0.014 	0.384 	
-549.353 	-1404.882 	-1102.550 	-0.113 	-0.222 	-0.166 	
922.496 	-2619.187 	2313.344 	0.121 	-0.409 	0.368 	
-1960.911 	-1019.898 	2290.856 	-0.334 	-0.163 	0.363 	
-1157.308 	-279.124 	-2109.591 	-0.212 	-0.041 	-0.333 	
-174.915 	2133.838 	161.773 	-0.061 	0.343 	0.031 	
978.816 	1045.865 	-2197.859 	0.130 	0.164 	-0.349 	
1469.085 	1604.735 	-2118.751 	0.211 	0.261 	-0.339 	
-2615.802 	354.430 	1507.473 	-0.442 	0.058 	0.240 	
-1635.159 	-377.639 	1955.309 	-0.288 	-0.069 	0.310 	
-49.446 	1602.169 	1231.476 	-0.042 	0.255 	0.202 	
-288.017 	2481.768 	2264.585 	-0.065 	0.395 	0.362 	
-1640.809 	-805.876 	2386.055 	-0.294 	-0.130 	0.378 	
1469.545 	1411.619 	-722.727 	0.202 	0.224 	-0.112 	
-101.069 	-629.629 	742.146 	-0.051 	-0.095 	0.117 	
-1669.015 	2305.990 	-2116.656 	-0.294 	0.374 	-0.335 	
2232.970 	1873.386 	264.618 	0.338 	0.300 	0.043 	
1897.824 	2253.980 	813.389 	0.285 	0.359 	0.132 	
-2295.473 	-2324.839 	-1208.512 	-0.400 	-0.375 	-0.193 	
2408.336 	-1495.776 	1503.731 	0.351 	-0.244 	0.241 	
-777.727 	-398.136 	369.872 	-0.141 	-0.064 	0.057 	
-2003.673 	565.173 	1038.646 	-0.354 	0.091 	0.163 	
-2279.984 	-849.606 	230.338 	-0.399 	-0.136 	0.038 	
2539.979 	1385.229 	2137.585 	0.382 	0.219 	0.336 	
2644.487 	-864.006 	-181.971 	0.395 	-0.137 	-0.033 	
635.734 	-2127.591 	-730.207 	0.083 	-0.337 	-0.116 	
-1385.939 	1122.891 	-756.476 	-0.241 	0.176 	-0.123 	
-322.650 	-2008.775 	-2251.045 	-0.087 	-0.321 	-0.360 	
-2798.523 	-946.575 	2165.423 	-0.477 	-0.156 	0.340 	
-1945.984 	467.833 	1388.684 	-0.345 	0.075 	0.218 	
581.078 	-1942.490 	1160.644 	0.059 	-0.312 	0.189 	
-130.675 	-1367.473 	226.774 	-0.046 	-0.211 	0.039 	
-278.328 	-265.064 	-830.935 	-0.063 	-0.041 	-0.130 	
323.333 	-1050.103 	625.983 	0.016 	-0.161 	0.099 	
-1764.613 	-1244.344 	92.771 	-0.306 	-0.200 	0.022 	
-2442.128 	1084.773 	-392.460 	-0.426 	0.174 	-0.059 	
-1899.683 	-1844.593 	-1571.405 	-0.330 	-0.298 	-0.250 	
2597.117 	-2380.576 	664.389 	0.394 	-0.384 	0.107 	
-1003.132 	2299.060 	774.118 	-0.190 	0.362 	0.130 	
-1855.487 	-754.096 	-99.187 	-0.316 	-0.128 	-0.014 	
2542.832 	-826.498 	2423.327 	0.380 	-0.135 	0.391 	
488.966 	296.379 	1778.737 	0.055 	0.043 	0.287 	
800.849 	-497.575 	-1748.197 	0.097 	-0.083 	-0.273 	
-567.748 	1235.529 	60.655 	-0.121 	0.198 	0.008 	
2818.659 	2459.596 	1462.206 	0.421 	0.396 	0.230 	
-1813.470 	-985.634 	3299.260 	-0.324 	-0.162 	0.539 	
-2026.389 	536.507 	-1651.652 	-0.344 	0.083 	-0.264 	
-1126.190 	-282.109 	865.450 	-0.211 	-0.040 	0.136 	
2592.313 	-1181.531 	-2063.789 	0.382 	-0.188 	-0.328 	
-1444.905 	1010.695 	265.852 	-0.256 	0.159 	0.041 	
-685.978 	1555.833 	137.367 	-0.139 	0.240 	0.022 	
632.757 	365.357 	2241.220 	0.078 	0.066 	0.354 	
-716.967 	-1240.146 	809.636 	-0.136 	-0.200 	0.130 	
-1376.269 	1442.518 	1114.728 	-0.241 	0.225 	0.182 	
1122.164 	913.469 	692.364 	0.152 	0.142 	0.120 	
-289.042 	-144.375 	914.024 	-0.079 	-0.020 	0.149 	
2290.723 	-1602.194 	1839.679 	0.334 	-0.253 	0.298 	
702.146 	2185.211 	-97.696 	0.090 	0.350 	-0.012 	
-1370.723 	1073.238 	1399.361 	-0.243 	0.176 	0.220 	
-2417.430 	-719.582 	-2101.101 	-0.410 	-0.110 	-0.336 	
2415.807 	1193.739 	1595.550 	0.356 	0.199 	0.252 	
1488.209 	-1699.684 	-871.879 	0.218 	-0.269 	-0.140 	
-1086.305 	-200.820 	1549.972 	-0.202 	-0.028 	0.238 	
-125.735 	-1107.151 	2477.921 	-0.052 	-0.182 	0.387 	
-328.239 	-2043.056 	2200.481 	-0.080 	-0.333 	0.340 	
-2411.246 	1670.331 	-1756.849 	-0.408 	0.262 	-0.284 	
1885.013 	-493.517 	-343.341 	0.281 	-0.081 	-0.051 	
868.293 	1161.725 	1262.130 	0.113 	0.192 	0.206 	
-608.810 	-928.545 	-1356.263 	-0.124 	-0.155 	-0.210 	
-957.232 	-512.445 	715.171 	-0.187 	-0.080 	0.115 	
-1889.539 	262.804 	379.301 	-0.318 	0.041 	0.062 	
1659.904 	-300.084 	-258.285 	0.235 	-0.052 	-0.040 	
1341.656 	-1122.088 	1466.475 	0.196 	-0.177 	0.237 	
-598.759 	-1112.150 	1676.858 	-0.130 	-0.181 	0.265 	
-2579.575 	10.433 	1847.006 	-0.440 	0.002 	0.294 	
-1416.520 	411.742 	582.817 	-0.261 	0.067 	0.094 	
2361.689 	-1721.417 	-62.623 	0.345 	-0.281 	-0.012 	
-425.681 	535.273 	-1342.193 	-0.098 	0.079 	-0.208 	
-748.555 	932.164 	2347.810 	-0.140 	0.144 	0.375 	
1906.658 	-1614.265 	-531.272 	0.279 	-0.257 	-0.082 	
2589.205 	-310.559 	-1205.237 	0.391 	-0.052 	-0.187 	
2238.113 	2156.733 	2785.836 	0.328 	0.343 	0.446 	
1981.549 	-2601.127 	-1349.993 	0.290 	-0.413 	-0.210 	
2198.423 	755.547 	796.367 	0.330 	0.119 	0.124 	
2735.248 	-1474.507 	845.555 	0.418 	-0.235 	0.136 	
351.517 	-1965.557 	1505.684 	0.031 	-0.306 	0.242 	
777.812 	246.708 	-1886.119 	0.105 	0.040 	-0.301 	
2375.467 	1692.296 	1229.205 	0.347 	0.272 	0.201 	
-728.290 	-497.248 	21.762 	-0.150 	-0.080 	0.006 	
-1736.208 	126.631 	-1810.459 	-0.306 	0.015 	-0.295 	
363.606 	1222.412 	875.909 	0.026 	0.197 	0.147 	
-1698.215 	113.920 	1784.760 	-0.298 	0.027 	0.283 	
-904.280 	-878.493 	2305.058 	-0.174 	-0.149 	0.363 	
-2498.917 	1247.544 	693.012 	-0.431 	0.202 	0.112 	
-2550.551 	1239.189 	2115.723 	-0.426 	0.196 	0.340 	
-832.746 	-355.520 	1839.700 	-0.161 	-0.052 	0.288 	
2590.683 	-1754.482 	-2088.233 	0.382 	-0.280 	-0.340 	
332.993 	-2549.632 	2565.802 	0.019 	-0.409 	0.409 	
-1300.899 	1348.587 	477.483 	-0.231 	0.215 	0.075 	
-2329.324 	923.143 	1927.887 	-0.391 	0.146 	0.310 	
-1809.231 	-20.024 	1506.238 	-0.306 	-0.001 	0.240 	
130.216 	1183.007 	1545.373 	-0.014 	0.183 	0.247 	
572.841 	-773.614 	-261.641 	0.071 	-0.122 	-0.040 	
604.395 	347.744 	373.954 	0.066 	0.047 	0.059 	
-762.386 	-1897.501 	892.186 	-0.142 	-0.308 	0.140 	
761.539 	-486.768 	801.785 	0.095 	-0.079 	0.122 	
1780.829 	692.994 	1401.233 	0.264 	0.112 	0.217 	
1091.362 	269.342 	-1473.457 	0.143 	0.043 	-0.235 	
544.960 	143.038 	-779.053 	0.059 	0.025 	-0.126 	
-2675.679 	-1917.328 	2624.508 	-0.460 	-0.308 	0.424 	
-1654.662 	2360.919 	1529.574 	-0.293 	0.373 	0.249 	
-931.802 	-2221.111 	1853.981 	-0.173 	-0.351 	0.294 	
-446.820 	-540.705 	1744.179 	-0.099 	-0.093 	0.271 	
-698.596 	-462.636 	-597.766 	-0.147 	-0.076 	-0.099 	
2858.516 	929.387 	2566.764 	0.435 	0.151 	0.410 	
-606.948 	-2272.718 	-2253.649 	-0.116 	-0.362 	-0.361 	
1139.911 	2649.125 	-353.746 	0.156 	0.428 	-0.060 	
787.349 	2717.821 	-2534.511 	0.105 	0.437 	-0.401 	
-357.384 	1779.136 	1011.378 	-0.082 	0.286 	0.162 	
-944.851 	1654.700 	-251.095 	-0.178 	0.262 	-0.047 	
372.427 	1037.307 	-2887.062 	0.033 	0.162 	-0.468 	
-1036.304 	326.048 	-748.725 	-0.186 	0.054 	-0.116 	
6.216 	206.666 	-1646.703 	-0.022 	0.032 	-0.267 	
1999.312 	1561.989 	-741.330 	0.301 	0.248 	-0.119 	
-2408.927 	1640.711 	-1646.858 	-0.414 	0.265 	-0.271 	
2416.532 	2364.068 	1473.554 	0.369 	0.377 	0.237 	
-1756.479 	1618.337 	1700.746 	-0.312 	0.256 	0.278 	
867.961 	872.586 	1861.888 	0.105 	0.133 	0.297 	
-2743.186 	1652.119 	-1463.633 	-0.470 	0.268 	-0.237 	
-1478.860 	2339.815 	-837.791 	-0.258 	0.371 	-0.128 	
-1537.422 	1052.697 	789.411 	-0.265 	0.165 	0.132 	
-242.060 	-853.030 	1270.882 	-0.076 	-0.134 	0.192 	
11.300 	-1030.388 	-2231.381 	-0.025 	-0.156 	-0.355 	
-2463.332 	-753.573 	-1264.429 	-0.413 	-0.122 	-0.206 	
1725.233 	277.144 	-367.027 	0.251 	0.046 	-0.049 	
1909.762 	-32.152 	-256.241 	0.275 	-0.009 	-0.032 	
-1047.372 	-478.186 	2228.528 	-0.198 	-0.079 	0.351 	
2268.947 	-1538.878 	-1478.695 	0.338 	-0.241 	-0.241 	
882.006 	-300.154 	1251.949 	0.110 	-0.045 	0.199 	
2720.744 	-2393.774 	-1455.723 	0.414 	-0.378 	-0.238 	
848.324 	-1764.730 	253.590 	0.109 	-0.280 	0.035 	
-666.675 	-2256.229 	132.159 	-0.135 	-0.361 	0.021 	
745.382 	2170.329 	-309.476 	0.098 	0.338 	-0.049 	
1515.751 	-434.697 	-487.674 	0.212 	-0.062 	-0.075 	
-960.678 	-352.828 	111.027 	-0.176 	-0.061 	0.021 	
-327.987 	1645.533 	-410.931 	-0.087 	0.265 	-0.065 	
1506.401 	-1952.396 	-2519.321 	0.220 	-0.316 	-0.408 	
-2098.907 	1817.818 	651.994 	-0.366 	0.290 	0.113 	
-445.950 	-1140.250 	1693.960 	-0.104 	-0.178 	0.262 	
1133.986 	1439.141 	-79.278 	0.145 	0.230 	-0.015 	
1752.561 	2298.427 	-2052.335 	0.251 	0.371 	-0.326 	
-2259.065 	401.551 	44.354 	-0.389 	0.057 	0.011 	
1737.194 	1334.555 	404.302 	0.249 	0.208 	0.070 	
-2675.941 	2519.109 	2590.808 	-0.459 	0.398 	0.417 	
437.336 	430.480 	959.952 	0.048 	0.068 	0.147 	
1432.576 	-655.319 	-263.220 	0.198 	-0.108 	-0.038 	
2256.581 	1355.396 	2012.413 	0.328 	0.217 	0.320 	
-352.754 	-328.798 	-297.052 	-0.089 	-0.057 	-0.039 	
2325.530 	-1946.714 	-1943.501 	0.351 	-0.310 	-0.312 	
1888.986 	-64.613 	-977.592 	0.275 	-0.009 	-0.158 	
-2237.042 	-2212.519 	-338.477 	-0.385 	-0.352 	-0.046 	
-1990.124 	2297.332 	2340.464 	-0.348 	0.375 	0.370 	
1528.940 	-2772.947 	1737.689 	0.217 	-0.451 	0.277 	
1682.568 	-1734.547 	-285.196 	0.240 	-0.275 	-0.039 	
2708.909 	-2381.081 	2352.689 	0.414 	-0.380 	0.374 	
-1076.008 	-456.387 	-991.364 	-0.197 	-0.070 	-0.155 	
2919.354 	2348.520 	1511.551 	0.448 	0.379 	0.238 	
1381.573 	1173.491 	-1096.826 	0.185 	0.187 	-0.177 	
49.007 	2031.502 	-743.365 	-0.016 	0.328 	-0.115 	
-2772.459 	521.536 	-1016.070 	-0.476 	0.083 	-0.157 	
-3101.505 	2333.294 	3846.999 	-0.521 	0.378 	0.616 	
964.428 	-494.764 	2078.887 	0.135 	-0.078 	0.328 	
-1299.467 	-552.587 	-728.256 	-0.242 	-0.086 	-0.113 	
-2494.992 	993.102 	2025.192 	-0.417 	0.160 	0.322 	
-1165.233 	1241.748 	-1406.438 	-0.211 	0.198 	-0.232 	
-41.358 	304.430 	-462.183 	-0.026 	0.044 	-0.074 	
-2306.374 	-354.170 	-1199.492 	-0.400 	-0.054 	-0.191 	
81.264 	-731.839 	-400.518 	-0.015 	-0.122 	-0.066 	
2706.163 	-308.863 	-182.182 	0.407 	-0.049 	-0.035 	
-512.759 	689.594 	459.888 	-0.114 	0.107 	0.082 	
1124.740 	-1973.849 	-241.889 	0.144 	-0.313 	-0.042 	
1778.767 	-2309.292 	-1074.498 	0.260 	-0.366 	-0.178 	
-1382.158 	-1548.762 	1035.396 	-0.241 	-0.248 	0.164 	
-509.768 	1561.888 	2009.643 	-0.109 	0.244 	0.319 	
1381.823 	2569.315 	1716.081 	0.194 	0.418 	0.274 	
-2787.536 	1319.644 	-303.272 	-0.473 	0.217 	-0.051 	
-248.864 	63.040 	-1787.961 	-0.069 	0.005 	-0.282 	
-1238.143 	890.614 	-2382.595 	-0.222 	0.136 	-0.376 	
-2289.973 	-713.123 	338.649 	-0.397 	-0.119 	0.054 	
1162.359 	937.119 	917.865 	0.160 	0.152 	0.139 	
570.084 	-529.123 	-1974.671 	0.058 	-0.087 	-0.312 	
487.569 	1873.266 	949.552 	0.053 	0.296 	0.150 	
86.579 	717.144 	1350.951 	-0.015 	0.119 	0.212 	
-1091.084 	-1648.070 	1724.983 	-0.200 	-0.260 	0.278 	
4.709 	-315.159 	-888.149 	-0.030 	-0.051 	-0.137 	
-663.342 	2467.440 	1531.022 	-0.139 	0.387 	0.248 	
-1390.309 	572.931 	-176.020 	-0.245 	0.087 	-0.021 	
-2283.533 	-1382.963 	228.663 	-0.400 	-0.218 	0.036 	
1791.201 	-971.321 	-2668.602 	0.264 	-0.155 	-0.429 	
-2188.455 	2961.001 	-1290.482 	-0.381 	0.481 	-0.204 	
-1028.090 	1168.647 	-2442.065 	-0.183 	0.188 	-0.390 	
1855.316 	-1162.741 	-407.854 	0.267 	-0.179 	-0.062 	
270.319 	516.022 	-443.887 	0.012 	0.086 	-0.071 	
-706.007 	2144.458 	-1037.308 	-0.144 	0.342 	-0.164 	
-581.130 	296.823 	1738.640 	-0.123 	0.052 	0.272 	
-1933.827 	-1910.489 	2324.592 	-0.343 	-0.301 	0.371 	
1240.741 	1778.129 	1643.757 	0.175 	0.276 	0.262 	
325.183 	1638.846 	2175.588 	0.030 	0.260 	0.350 	
916.311 	1155.121 	-1411.074 	0.115 	0.176 	-0.225 	
1618.209 	1368.329 	-2332.576 	0.233 	0.218 	-0.377 	
209.881 	-1006.884 	-2007.942 	0.005 	-0.168 	-0.319 	
-1933.337 	1320.142 	-903.467 	-0.343 	0.206 	-0.142 	
1281.444 	106.247 	-14.290 	0.180 	0.018 	0.001 	
-2118.178 	2103.052 	152.698 	-0.349 	0.347 	0.035 	
-1016.848 	-1976.949 	-851.891 	-0.190 	-0.313 	-0.139 	
512.556 	-1279.355 	-2020.101 	0.046 	-0.206 	-0.323 	
-516.922 	-669.423 	1604.310 	-0.117 	-0.106 	0.257 	
-164.019 	-2388.007 	1085.197 	-0.051 	-0.383 	0.177 	
1693.568 	1238.715 	-1773.098 	0.252 	0.196 	-0.283 	
227.901 	1473.004 	-1391.009 	0.010 	0.239 	-0.228 	
21.143 	1824.062 	-1547.968 	-0.030 	0.289 	-0.244 	
-1362.560 	1835.423 	-1067.203 	-0.238 	0.295 	-0.170 	
-2693.387 	-991.279 	314.857 	-0.459 	-0.162 	0.056 	
-1633.817 	-755.625 	-1387.855 	-0.278 	-0.123 	-0.220 	
2864.224 	-1649.875 	2426.187 	0.432 	-0.263 	0.384 	
-2562.507 	1189.028 	-430.912 	-0.439 	0.194 	-0.067 	
-291.903 	-884.023 	1270.419 	-0.079 	-0.132 	0.214 	
-706.855 	-891.282 	-1825.570 	-0.134 	-0.143 	-0.284 	
-1118.111 	-2432.791 	2250.505 	-0.208 	-0.387 	0.357 	
-268.543 	-897.485 	1284.346 	-0.077 	-0.142 	0.200 	
199.095 	-2400.024 	548.331 	0.009 	-0.386 	0.088 	
-785.377 	-360.253 	159.497 	-0.161 	-0.062 	0.027 	
-900.031 	-833.254 	-896.654 	-0.173 	-0.136 	-0.138 	
-628.686 	-1029.589 	1324.265 	-0.093 	-0.137 	0.163 	
961.328 	-2184.719 	1350.051 	0.130 	-0.354 	0.214 	
-1514.533 	-441.791 	1364.577 	-0.261 	-0.075 	0.217 	
2438.290 	1273.856 	-2037.681 	0.371 	0.205 	-0.327 	
-383.663 	1373.369 	2391.988 	-0.090 	0.214 	0.376 	
850.778 	2032.352 	1614.116 	0.116 	0.322 	0.256 	
1612.182 	1741.174 	1087.795 	0.238 	0.280 	0.174 	
1311.967 	-1476.709 	499.809 	0.183 	-0.229 	0.082 	
-1024.917 	-414.294 	-1714.985 	-0.195 	-0.061 	-0.266 	
-1486.346 	1588.057 	925.363 	-0.257 	0.253 	0.152 	
293.856 	-939.807 	1569.036 	0.013 	-0.152 	0.250 	
812.991 	-1800.396 	1306.725 	0.102 	-0.295 	0.210 	
-770.319 	-1762.758 	162.959 	-0.155 	-0.271 	0.026 	
330.867 	-1568.559 	-318.651 	0.020 	-0.251 	-0.056 	
-184.643 	-1583.227 	-715.776 	-0.065 	-0.248 	-0.112 	
2117.616 	-366.241 	-2083.555 	0.312 	-0.058 	-0.331 	
1083.472 	550.799 	2470.876 	0.138 	0.090 	0.396 	
-1831.820 	1176.736 	1606.878 	-0.318 	0.189 	0.261 	
2689.756 	-1462.010 	2455.621 	0.410 	-0.231 	0.398 	
-1724.586 	876.534 	388.651 	-0.296 	0.141 	0.058 	
181.234 	397.661 	2202.509 	0.002 	0.070 	0.347 	
-2710.599 	1207.625 	1666.216 	-0.461 	0.201 	0.266 	
-950.867 	-1662.198 	487.851 	-0.182 	-0.271 	0.078 	
1299.621 	-260.418 	-1400.475 	0.185 	-0.037 	-0.226 	
-931.018 	-2354.615 	2702.958 	-0.176 	-0.377 	0.440 	
-2117.133 	2104.176 	148.105 	-0.396 	0.324 	0.013 	
518.588 	-2506.244 	-2297.724 	0.055 	-0.396 	-0.365 	
-2700.932 	-653.676 	-2460.324 	-0.451 	-0.106 	-0.392 	
-1274.573 	4.062 	-1549.445 	-0.238 	-0.001 	-0.246 	
25.206 	140.189 	-238.082 	-0.019 	0.019 	-0.038 	
-2703.609 	-666.344 	2579.920 	-0.461 	-0.113 	0.414 	
-897.159 	-101.738 	-170.326 	-0.168 	-0.023 	-0.017 	
2388.259 	-1311.491 	1523.996 	0.357 	-0.215 	0.250 	
-2430.950 	-1919.200 	-1997.770 	-0.419 	-0.305 	-0.316 	
-2302.607 	693.747 	-20.855 	-0.385 	0.108 	-0.003 	
469.871 	828.408 	-2450.334 	0.053 	0.137 	-0.393 	
-1689.172 	617.338 	1159.479 	-0.290 	0.092 	0.188 	
2535.855 	-2429.209 	1762.508 	0.373 	-0.393 	0.283 	
-771.163 	1474.649 	-1705.511 	-0.143 	0.230 	-0.273 	
-2714.202 	213.386 	1404.645 	-0.460 	0.033 	0.227 	
1078.184 	-1951.323 	2177.786 	0.142 	-0.311 	0.352 	
-2661.056 	1817.050 	-243.380 	-0.451 	0.290 	-0.043 	
-2499.936 	1087.276 	871.383 	-0.419 	0.169 	0.146 	
425.453 	-1872.710 	510.081 	0.047 	-0.302 	0.081 	
-936.083 	-1916.593 	1175.777 	-0.175 	-0.312 	0.192 	
566.011 	-1388.885 	-2302.001 	0.071 	-0.226 	-0.363 	
-2134.576 	-1295.124 	1149.934 	-0.365 	-0.202 	0.183 	
-2656.100 	-1007.468 	-1286.692 	-0.457 	-0.163 	-0.209 	
1460.721 	-2370.354 	-2224.832 	0.209 	-0.385 	-0.353 	
-2409.847 	-1618.179 	-1907.063 	-0.413 	-0.260 	-0.312 	
631.794 	-762.928 	-173.097 	0.073 	-0.120 	-0.026 	
1268.830 	2309.142 	1176.303 	0.173 	0.370 	0.183 	
2123.618 	597.002 	1417.055 	0.307 	0.093 	0.230 	
1132.053 	-1342.246 	-1576.100 	0.157 	-0.221 	-0.246 	
2684.661 	-2344.310 	2013.993 	0.399 	-0.375 	0.327 	
-2465.439 	-1154.407 	-439.063 	-0.423 	-0.184 	-0.072 	
-1465.683 	2385.024 	1146.365 	-0.267 	0.378 	0.189 	
-798.606 	1490.792 	2161.862 	-0.157 	0.231 	0.348 	
1476.324 	416.733 	1927.136 	0.210 	0.068 	0.308 	
-390.226 	-2022.086 	2159.622 	-0.092 	-0.317 	0.343 	
-2012.812 	1359.253 	944.742 	-0.345 	0.221 	0.149 	
1629.807 	2045.742 	187.623 	0.236 	0.330 	0.033 	
-1388.258 	-1003.383 	-1020.704 	-0.242 	-0.165 	-0.163 	
-288.818 	-1651.360 	2112.487 	-0.075 	-0.271 	0.332 	
1995.532 	331.724 	338.424 	0.290 	0.049 	0.062 	
-2481.322 	-2533.022 	1619.809 	-0.418 	-0.408 	0.257 	
-924.180 	-847.645 	-687.091 	-0.168 	-0.127 	-0.112 	
1904.927 	-1961.855 	550.323 	0.277 	-0.309 	0.093 	
-309.313 	1306.280 	692.154 	-0.081 	0.200 	0.108 	
-582.000 	-1063.956 	-257.806 	-0.124 	-0.163 	-0.044 	
1285.182 	137.120 	-1389.898 	0.176 	0.023 	-0.215 	
-2157.401 	2220.927 	1545.376 	-0.377 	0.358 	0.240 	
2529.376 	-2165.217 	291.463 	0.382 	-0.348 	0.052 	
2180.628 	-89.203 	1666.638 	0.327 	-0.015 	0.268 	
581.843 	2174.396 	-30.404 	0.061 	0.353 	-0.007 	
389.658 	604.311 	1389.906 	0.043 	0.091 	0.217 	
-2731.493 	1725.107 	2253.714 	-0.469 	0.272 	0.361 	
-2036.469 	-688.074 	925.619 	-0.344 	-0.115 	0.149 	
2210.788 	431.493 	-581.145 	0.319 	0.067 	-0.095 	
-1432.085 	-472.717 	-2040.782 	-0.247 	-0.075 	-0.323 	
