## Las primeras 500 lineas corresponden a la esfera 1 
##las siguienets 500 lineas a la esfera 2
## Las primeras tres columnas corresponden a la posición en 'x', 'y' y 'z', las siguientes tres a las velocidades
-127.214 	-179.657 	53.145 	0.017 	-0.008 	0.034 	
24.479 	-50.387 	68.786 	-0.018 	-0.093 	0.045 	
-1.064 	-30.228 	37.063 	-0.025 	-0.114 	0.025 	
-2002.478 	2392.347 	-389.189 	-0.336 	0.400 	-0.072 	
147.726 	-111.060 	73.070 	0.070 	0.027 	0.061 	
68.153 	63.087 	48.507 	-0.098 	0.274 	0.005 	
48.452 	47.380 	25.812 	0.053 	0.125 	0.007 	
81.441 	-42.302 	79.437 	0.081 	0.113 	-0.071 	
-3.209 	-56.526 	53.879 	-0.143 	-0.095 	-0.081 	
55.362 	-55.598 	67.613 	0.166 	-0.099 	0.013 	
-404.767 	2170.099 	-1166.809 	-0.072 	0.379 	-0.203 	
26.038 	-76.877 	19.763 	0.030 	-0.050 	0.052 	
1535.666 	-2036.790 	1446.262 	0.265 	-0.350 	0.250 	
16.046 	34.469 	48.074 	0.025 	0.067 	-0.003 	
89.876 	-73.877 	26.760 	-0.005 	0.067 	-0.015 	
132.865 	-14.097 	-4.973 	-0.051 	-0.058 	0.067 	
104.139 	-92.796 	95.712 	0.045 	-0.106 	0.089 	
-104.482 	73.953 	89.006 	-0.077 	0.014 	-0.086 	
9.765 	-66.868 	45.201 	0.062 	-0.021 	-0.035 	
84.880 	-144.233 	11.514 	-0.017 	-0.011 	0.019 	
84.344 	-113.815 	28.059 	-0.066 	-0.131 	0.118 	
106.949 	-61.845 	38.805 	0.027 	-0.210 	-0.099 	
15.018 	-74.236 	62.855 	0.018 	-0.168 	0.132 	
156.621 	-88.221 	88.309 	0.036 	0.048 	-0.061 	
-37.876 	-66.629 	71.833 	0.091 	0.017 	-0.049 	
-145.974 	-144.981 	130.194 	-0.061 	-0.029 	0.023 	
52.169 	-44.795 	64.274 	0.036 	-0.144 	0.025 	
-22.269 	-38.458 	54.059 	0.035 	0.042 	0.041 	
-204.061 	-54.087 	80.175 	0.031 	-0.001 	0.088 	
95.329 	-9.601 	-19.939 	-0.091 	-0.049 	-0.038 	
-196.824 	81.610 	48.950 	0.006 	-0.060 	0.019 	
33.627 	-56.667 	78.440 	-0.098 	-0.004 	0.172 	
35.792 	-20.110 	74.581 	-0.063 	-0.166 	0.013 	
39.606 	-73.858 	48.387 	0.066 	0.018 	-0.118 	
-18.861 	-1.833 	57.599 	-0.023 	0.044 	0.085 	
62.038 	-71.795 	49.476 	-0.130 	0.103 	0.006 	
-51.027 	-177.475 	117.807 	-0.041 	0.078 	-0.094 	
108.119 	-23.074 	8.612 	0.057 	0.025 	-0.035 	
-125.268 	-64.857 	85.883 	0.126 	0.005 	-0.038 	
42.500 	-54.636 	44.338 	0.005 	0.104 	0.002 	
33.412 	-38.116 	38.654 	-0.069 	0.100 	-0.016 	
34.679 	-71.078 	61.476 	-0.097 	-0.061 	0.032 	
-49.350 	-104.612 	76.473 	0.081 	0.056 	0.040 	
139.505 	-19.860 	103.431 	0.045 	-0.036 	-0.000 	
-19.102 	40.621 	51.457 	-0.083 	0.005 	0.046 	
11.309 	-53.638 	62.694 	-0.037 	-0.005 	0.230 	
46.403 	-42.949 	65.544 	0.214 	0.099 	-0.153 	
53.133 	-65.806 	35.583 	-0.061 	0.031 	0.111 	
38.399 	42.301 	51.861 	-0.130 	0.083 	-0.034 	
25.420 	-58.377 	8.666 	-0.051 	-0.020 	0.037 	
148.865 	169.895 	200.035 	-0.035 	-0.026 	-0.019 	
67.381 	-29.908 	89.242 	-0.123 	-0.111 	-0.050 	
-13.627 	-24.034 	19.415 	-0.031 	0.046 	-0.054 	
-21.893 	-50.997 	62.856 	0.013 	0.106 	0.066 	
32.267 	-41.347 	55.460 	0.031 	-0.022 	0.092 	
87.874 	-88.009 	131.715 	0.013 	0.046 	-0.042 	
85.058 	-78.295 	66.290 	-0.049 	0.206 	0.076 	
-13.408 	-31.741 	66.619 	0.151 	0.137 	-0.052 	
158.268 	-237.037 	-10.027 	-0.023 	0.023 	0.001 	
-7.149 	-72.055 	27.682 	-0.028 	0.010 	-0.130 	
-54.382 	-51.548 	30.419 	0.130 	-0.019 	0.078 	
-49.839 	-80.186 	26.250 	0.010 	-0.112 	-0.083 	
-164.219 	-200.290 	-2.566 	-0.043 	-0.041 	0.016 	
81.751 	-160.352 	39.306 	-0.012 	0.008 	-0.004 	
93.544 	105.685 	63.445 	0.064 	0.090 	0.023 	
46.843 	-96.092 	23.592 	0.024 	-0.098 	0.036 	
-997.619 	-1725.029 	-1404.741 	-0.178 	-0.289 	-0.237 	
25.283 	-214.615 	192.898 	-0.031 	-0.021 	0.023 	
7.017 	-65.244 	39.662 	0.130 	-0.020 	-0.037 	
4.530 	-34.139 	49.913 	0.080 	-0.049 	0.229 	
-21.146 	-28.326 	40.987 	0.121 	0.036 	-0.068 	
43.829 	-44.742 	56.481 	-0.057 	-0.046 	-0.073 	
105.579 	-140.390 	-54.866 	-0.043 	0.076 	0.049 	
0.433 	-61.820 	79.068 	-0.114 	0.069 	-0.106 	
45.189 	-56.622 	7.166 	0.005 	-0.043 	-0.221 	
37.963 	-105.946 	-103.513 	0.094 	-0.013 	0.002 	
86.100 	-67.976 	26.196 	0.204 	0.116 	-0.036 	
818.381 	1230.079 	2166.358 	0.134 	0.198 	0.351 	
49.615 	11.716 	43.425 	-0.031 	0.105 	0.036 	
47.378 	-48.630 	65.860 	0.063 	0.062 	0.048 	
-91.989 	-68.058 	183.887 	0.023 	-0.036 	0.011 	
-13.034 	-68.373 	80.469 	0.206 	0.115 	-0.007 	
45.488 	-49.467 	66.877 	0.100 	-0.174 	-0.227 	
-88.550 	-383.633 	609.467 	0.000 	-0.025 	0.056 	
7.969 	-5.649 	36.413 	-0.177 	-0.015 	0.064 	
252.236 	-49.382 	64.127 	-0.052 	-0.002 	-0.044 	
95.841 	-66.871 	171.398 	0.047 	-0.033 	0.024 	
56.332 	-31.095 	74.026 	0.103 	0.136 	0.044 	
36.410 	-28.078 	41.342 	-0.052 	-0.066 	0.060 	
4.836 	-14.444 	85.402 	-0.106 	-0.007 	-0.084 	
6.874 	-59.294 	104.529 	-0.103 	0.048 	-0.140 	
-127.833 	-41.297 	-64.601 	-0.039 	0.014 	0.106 	
55.376 	-48.476 	21.238 	-0.178 	-0.093 	-0.045 	
-106.583 	-109.894 	-3.174 	0.035 	-0.123 	0.099 	
44.327 	-53.352 	-0.960 	0.136 	-0.070 	-0.033 	
72.671 	-245.572 	-1.237 	-0.040 	0.019 	-0.003 	
11.877 	-65.354 	45.285 	0.021 	0.061 	-0.048 	
3603.379 	-3882.287 	-3.802 	0.612 	-0.667 	0.004 	
5211.989 	-4786.045 	-9951.197 	0.871 	-0.795 	-1.651 	
71.451 	-155.603 	10.007 	0.041 	-0.090 	-0.070 	
-11.888 	-63.478 	76.663 	-0.044 	-0.135 	0.071 	
-20.957 	-105.572 	-8.662 	0.082 	0.020 	0.119 	
58.553 	-44.205 	95.070 	0.004 	-0.063 	-0.004 	
-28.171 	-43.338 	42.888 	0.001 	0.002 	-0.101 	
4599.156 	-3226.830 	2759.413 	0.754 	-0.523 	0.450 	
-4446.569 	5870.726 	10581.923 	-0.730 	0.971 	1.752 	
2946.565 	-73.222 	241.659 	0.616 	-0.008 	0.048 	
-1455.251 	1251.005 	528.704 	-0.688 	0.597 	0.250 	
19.984 	-32.176 	77.905 	-0.021 	0.039 	-0.088 	
586.084 	-91.295 	264.319 	0.042 	0.032 	0.027 	
44.805 	-51.460 	85.950 	0.001 	-0.002 	0.217 	
64.558 	-54.960 	87.089 	-0.170 	-0.064 	-0.020 	
-1820.658 	-573.683 	131.741 	-0.437 	-0.104 	0.022 	
250.326 	74.353 	-68.872 	-0.017 	0.021 	0.011 	
68.279 	15.289 	33.964 	-0.095 	-0.056 	0.046 	
0.128 	-59.663 	50.663 	0.045 	0.101 	-0.024 	
71.239 	7.084 	23.729 	-0.031 	-0.085 	-0.061 	
257.329 	-319.549 	15.930 	0.037 	0.051 	-0.018 	
59.189 	-44.701 	132.194 	0.093 	0.135 	-0.024 	
60.630 	-61.589 	39.823 	0.148 	0.065 	-0.140 	
-181.115 	-109.598 	-82.778 	-0.033 	0.017 	0.087 	
15.705 	-72.423 	105.047 	0.099 	0.188 	-0.048 	
-3.023 	-51.581 	-7.239 	-0.091 	0.075 	-0.062 	
28.245 	9.130 	83.384 	0.027 	-0.066 	-0.036 	
415.381 	57.206 	71.532 	0.003 	-0.028 	-0.007 	
-43.306 	-96.626 	60.599 	0.089 	-0.055 	-0.019 	
29.543 	-65.758 	51.183 	-0.009 	0.022 	0.021 	
-13.930 	-71.105 	54.198 	0.187 	-0.052 	-0.111 	
-15.417 	-47.087 	43.270 	-0.164 	0.030 	0.170 	
132.360 	-103.268 	15.416 	-0.055 	-0.044 	-0.035 	
-7.309 	-81.407 	47.293 	-0.093 	0.130 	0.005 	
97.038 	-62.571 	87.217 	-0.076 	-0.018 	-0.000 	
118.973 	-44.590 	31.468 	0.115 	0.025 	0.080 	
426.491 	808.316 	-328.707 	0.303 	0.654 	-0.272 	
-0.051 	-57.464 	53.465 	-0.055 	0.013 	-0.050 	
26.141 	-117.367 	159.836 	-0.048 	-0.024 	-0.036 	
16.191 	-51.368 	38.501 	-0.092 	0.073 	0.054 	
-216.958 	-345.468 	129.896 	-0.046 	-0.114 	0.009 	
-27591.057 	-8157.455 	-16383.750 	-5.694 	-1.675 	-3.368 	
-3473.174 	2965.080 	-1776.806 	-0.556 	0.480 	-0.285 	
47.209 	-55.637 	73.860 	-0.102 	-0.178 	0.192 	
-1436.722 	-283.673 	905.413 	-0.289 	-0.060 	0.173 	
996.039 	92.222 	-187.003 	0.190 	0.016 	-0.064 	
56.661 	-38.213 	103.707 	0.101 	0.134 	-0.038 	
-528.435 	1646.815 	-549.902 	-0.671 	1.960 	-0.679 	
71.177 	-93.418 	71.234 	-0.131 	-0.055 	-0.043 	
-19.138 	-110.661 	94.506 	0.139 	-0.080 	-0.068 	
-121.224 	-25.733 	119.423 	0.055 	0.014 	-0.000 	
11.840 	-143.822 	10.559 	0.136 	-0.148 	-0.032 	
214.776 	-1702.684 	648.172 	0.195 	-1.941 	0.716 	
23.891 	-72.724 	109.359 	-0.039 	-0.098 	0.002 	
-90.646 	-148.588 	-10.797 	0.016 	-0.010 	0.024 	
30.511 	-96.214 	92.695 	-0.062 	-0.018 	-0.069 	
-10.605 	-61.528 	26.176 	-0.021 	0.109 	0.095 	
-15.484 	-63.228 	62.026 	0.004 	0.138 	-0.027 	
32.317 	-81.222 	44.715 	0.170 	0.140 	0.119 	
-37.223 	-57.831 	52.799 	0.066 	-0.074 	-0.039 	
40.011 	-69.943 	50.499 	-0.112 	-0.064 	0.081 	
654.625 	450.399 	-644.503 	0.103 	0.094 	-0.117 	
76.734 	-15.242 	70.367 	-0.122 	-0.020 	0.104 	
46.117 	-11.853 	87.403 	0.144 	-0.030 	0.104 	
-184.700 	-47.345 	86.737 	-0.020 	0.049 	-0.083 	
-189.949 	134.791 	253.192 	-0.035 	-0.020 	0.014 	
-14.777 	-41.708 	62.355 	-0.055 	-0.040 	0.091 	
-34.978 	-121.374 	106.433 	0.105 	-0.049 	-0.056 	
54.555 	-59.883 	72.485 	0.146 	-0.026 	0.186 	
-5.839 	-139.048 	-0.406 	-0.131 	-0.064 	-0.031 	
138.391 	-41.751 	43.408 	-0.058 	-0.066 	0.077 	
-2.635 	-20.738 	37.798 	0.196 	-0.050 	0.022 	
33.833 	-59.839 	47.105 	-0.112 	-0.220 	0.033 	
-33.888 	-123.055 	35.276 	-0.141 	-0.104 	-0.095 	
1451.595 	-26676.228 	-15471.522 	0.817 	-15.883 	-9.238 	
118.107 	-24.684 	29.606 	0.105 	-0.018 	0.021 	
65.850 	-64.718 	81.559 	-0.001 	0.151 	0.159 	
16.613 	-38.236 	76.193 	-0.131 	0.136 	0.066 	
139.112 	-89.177 	-2.142 	-0.149 	-0.043 	0.006 	
30.086 	-59.228 	67.624 	-0.068 	-0.014 	0.084 	
100.146 	42.202 	51.066 	0.022 	-0.043 	-0.079 	
205.172 	-23.925 	-237.042 	-0.021 	-0.031 	0.036 	
113.322 	-132.046 	2.555 	-0.083 	0.030 	0.040 	
150.808 	-65.998 	40.297 	0.396 	0.038 	0.116 	
45.295 	-66.973 	18.044 	0.251 	0.013 	-0.116 	
7.045 	-76.253 	49.980 	-0.027 	-0.083 	-0.072 	
-115.397 	-74.096 	39.002 	0.041 	0.091 	-0.070 	
57.635 	-50.990 	-49.884 	0.153 	-0.024 	-0.024 	
-10.731 	-82.345 	57.199 	0.046 	0.057 	-0.039 	
52.679 	-148.078 	-44.984 	-0.124 	-0.127 	-0.011 	
-666.473 	429.059 	927.111 	-0.203 	0.102 	0.211 	
115.926 	-73.515 	81.928 	0.113 	0.125 	0.012 	
220.759 	-24.067 	-12.521 	-0.109 	-0.052 	-0.032 	
145.601 	-4.126 	-15.880 	-0.004 	-0.026 	-0.106 	
45.765 	-57.792 	41.759 	-0.066 	-0.078 	0.060 	
-365.964 	-728.513 	362.179 	-0.313 	-0.535 	0.264 	
-41.584 	-126.887 	65.355 	0.098 	0.052 	-0.012 	
-174.272 	-99.475 	19.152 	0.016 	-0.013 	0.009 	
23.625 	-58.090 	39.484 	0.119 	0.067 	0.016 	
4423.610 	520.429 	878.210 	0.887 	0.117 	0.177 	
63.377 	-95.389 	40.493 	0.009 	0.023 	0.058 	
113.531 	-56.352 	43.335 	-0.057 	0.085 	0.075 	
-14.411 	-66.345 	59.065 	-0.038 	-0.043 	-0.179 	
-3.554 	-40.983 	46.071 	-0.126 	-0.061 	0.189 	
106.314 	-150.852 	-5.311 	0.194 	-0.002 	-0.058 	
27.695 	-120.329 	-16.744 	-0.113 	-0.062 	-0.001 	
-14.049 	-41.304 	66.858 	0.046 	0.031 	-0.071 	
193.334 	-330.349 	663.324 	0.008 	-0.052 	0.094 	
-144.990 	-20.565 	19.685 	-0.026 	0.030 	0.056 	
44.889 	-98.576 	-87.815 	-0.019 	-0.062 	-0.006 	
1165.347 	-1247.452 	-390.074 	0.393 	-0.402 	-0.133 	
13.984 	-85.092 	95.756 	0.116 	0.044 	0.045 	
47.171 	-20.908 	73.937 	-0.118 	-0.145 	-0.061 	
78.593 	-51.865 	120.211 	-0.040 	0.047 	-0.088 	
633.479 	-267.544 	116.525 	0.046 	-0.026 	-0.003 	
-5.888 	-52.117 	52.217 	-0.220 	0.057 	-0.033 	
15.367 	-88.289 	73.601 	-0.115 	-0.166 	0.095 	
11.204 	-94.076 	43.414 	0.089 	0.030 	0.227 	
290.385 	-73.989 	19.897 	-0.066 	0.013 	0.041 	
-143.167 	-16.323 	4.638 	-0.011 	-0.067 	-0.086 	
-23.590 	-132.087 	10.844 	-0.082 	-0.135 	-0.097 	
-14.355 	-175.193 	93.248 	-0.042 	-0.005 	0.083 	
3.879 	-65.259 	66.355 	0.067 	-0.025 	0.119 	
-49.377 	-67.959 	75.673 	0.119 	0.154 	0.030 	
95.945 	-92.378 	33.629 	-0.101 	-0.059 	0.143 	
32.453 	-46.046 	31.876 	-0.262 	-0.083 	0.163 	
103.321 	-52.013 	7.810 	0.144 	-0.059 	-0.062 	
95.688 	-42.176 	-42.207 	0.006 	-0.026 	0.036 	
57.245 	-23.674 	70.806 	0.034 	0.085 	0.097 	
20.931 	-45.527 	58.237 	0.013 	0.122 	0.087 	
-1.188 	-60.890 	-6.754 	0.089 	-0.058 	0.073 	
-12.184 	-76.504 	61.543 	0.110 	-0.038 	0.050 	
11.836 	-45.588 	78.294 	0.197 	-0.075 	0.050 	
-9.363 	-54.231 	83.039 	0.181 	-0.131 	0.005 	
-21.059 	-37.353 	69.418 	0.035 	-0.027 	0.030 	
158.187 	-14.258 	111.695 	0.026 	0.030 	0.022 	
6.317 	-124.892 	61.059 	0.144 	0.067 	-0.056 	
-103.376 	-40.449 	67.165 	0.008 	-0.153 	0.030 	
380.729 	-566.933 	-373.563 	0.035 	-0.117 	-0.079 	
-68.490 	-91.376 	68.446 	-0.054 	0.013 	-0.036 	
42.768 	-62.011 	42.101 	-0.095 	-0.229 	-0.066 	
-78.390 	-139.143 	-19.445 	0.111 	0.040 	0.027 	
-139.295 	37.560 	-55.764 	-0.024 	0.066 	-0.040 	
-114.021 	-103.840 	116.280 	-0.003 	-0.099 	-0.005 	
12.667 	-48.028 	48.818 	0.020 	-0.111 	-0.036 	
90.610 	-93.518 	133.052 	-0.096 	-0.116 	0.038 	
52.654 	-185.869 	6.451 	-0.160 	-0.078 	-0.035 	
7443.058 	8668.075 	3233.245 	3.031 	3.585 	1.316 	
622.066 	-136.007 	-91.920 	0.156 	-0.035 	-0.030 	
23.082 	-69.195 	60.960 	-0.130 	-0.197 	0.086 	
-2.892 	-78.493 	80.794 	-0.007 	-0.123 	-0.026 	
-0.051 	-161.791 	106.579 	0.031 	0.107 	0.040 	
94.878 	-72.379 	15.176 	0.038 	-0.040 	-0.092 	
1961.311 	1238.586 	438.124 	0.329 	0.214 	0.073 	
-89.629 	-122.203 	101.763 	0.057 	-0.064 	0.007 	
63.660 	-59.873 	70.999 	-0.104 	0.094 	-0.068 	
194.590 	-16.513 	11.083 	-0.094 	-0.007 	-0.129 	
63.146 	-15.952 	62.590 	-0.109 	0.028 	-0.086 	
70.951 	-81.766 	55.680 	0.118 	-0.083 	-0.089 	
-40.158 	-100.396 	140.260 	-0.088 	0.030 	-0.049 	
41.837 	-24.178 	-67.066 	0.131 	0.007 	0.015 	
2066.851 	1206.797 	-1283.440 	0.345 	0.210 	-0.210 	
-12.739 	-14.264 	58.181 	-0.044 	-0.084 	-0.037 	
-1446.167 	26359.404 	15390.605 	-0.911 	15.733 	9.160 	
36.044 	46.472 	-29.614 	0.039 	0.005 	-0.026 	
-102.730 	-98.548 	-64.663 	-0.044 	0.034 	-0.011 	
29.749 	-26.436 	75.043 	-0.038 	-0.011 	0.026 	
-89.242 	-120.057 	-54.075 	0.096 	0.061 	-0.041 	
38.212 	-131.142 	-55.068 	-0.046 	0.030 	-0.067 	
3.110 	-82.586 	37.159 	-0.052 	0.071 	-0.251 	
-3618.780 	-385.710 	-137.427 	-0.714 	-0.066 	-0.025 	
-104.995 	-47.518 	219.133 	-0.008 	0.041 	0.083 	
-14.604 	2.612 	-56.186 	0.004 	-0.006 	0.054 	
-7.056 	-25.905 	24.083 	0.002 	-0.091 	0.029 	
38.098 	-68.616 	74.232 	0.021 	-0.087 	0.212 	
-9.332 	-87.965 	69.109 	-0.107 	0.013 	-0.010 	
61.987 	-62.349 	44.273 	0.027 	0.110 	0.144 	
25.321 	11.275 	63.473 	0.007 	-0.062 	0.088 	
-62.987 	-91.162 	25.908 	-0.124 	0.012 	-0.062 	
-13.273 	-65.201 	40.043 	-0.157 	-0.039 	0.005 	
2082.531 	-392.071 	66.791 	0.406 	-0.081 	0.006 	
7.111 	-19.384 	88.298 	-0.066 	0.035 	0.225 	
64.755 	-71.337 	32.965 	-0.051 	-0.114 	-0.062 	
-7.856 	-37.829 	98.500 	0.066 	-0.038 	0.161 	
75.456 	1.088 	37.657 	-0.063 	0.135 	-0.012 	
-1145.700 	-593.529 	-2540.846 	-0.189 	-0.102 	-0.421 	
93.434 	-50.131 	-22.490 	-0.109 	-0.036 	-0.018 	
-38.093 	-36.886 	99.163 	-0.216 	0.011 	-0.077 	
76.046 	-48.711 	38.927 	-0.016 	-0.050 	0.032 	
42.796 	-162.615 	43.619 	0.056 	-0.065 	-0.072 	
40.580 	-24.710 	43.027 	-0.067 	0.125 	0.074 	
33.318 	-39.297 	75.363 	-0.129 	0.051 	0.053 	
-79.883 	-32.991 	206.533 	-0.076 	-0.000 	-0.020 	
44.119 	-54.639 	141.166 	0.014 	-0.021 	0.115 	
33.853 	-19.566 	65.095 	-0.022 	0.012 	0.013 	
98.133 	-109.531 	16.450 	0.042 	-0.110 	-0.006 	
24.628 	-87.090 	27.289 	-0.040 	-0.117 	0.031 	
42.625 	-45.081 	53.619 	-0.103 	-0.047 	0.052 	
-8.978 	-83.907 	61.776 	-0.109 	0.075 	0.089 	
334.626 	-354.305 	32.904 	-0.037 	-0.042 	0.000 	
-146.227 	-85.111 	100.817 	-0.013 	-0.013 	0.051 	
23.447 	-61.522 	45.728 	-0.118 	0.083 	-0.033 	
22.019 	-49.680 	41.337 	0.075 	-0.051 	-0.103 	
10.406 	-52.914 	62.860 	-0.076 	-0.209 	-0.071 	
17.291 	-59.622 	86.993 	-0.011 	-0.057 	0.105 	
26.112 	-58.955 	57.843 	0.064 	0.081 	-0.120 	
25.335 	-103.200 	52.855 	-0.006 	-0.071 	0.122 	
98.616 	-63.129 	-17.800 	0.120 	-0.028 	-0.004 	
100.416 	-25.306 	60.412 	0.059 	-0.068 	0.145 	
-237.979 	1.298 	48.871 	-0.045 	0.057 	0.028 	
48.382 	-125.777 	42.629 	-0.024 	0.018 	0.138 	
51.572 	-47.617 	63.598 	0.062 	0.052 	-0.090 	
18.317 	-56.381 	75.945 	0.069 	0.005 	0.211 	
51.125 	-25.438 	46.649 	0.052 	0.097 	0.061 	
-7.322 	-57.181 	42.109 	-0.188 	0.114 	-0.042 	
-83.697 	-119.556 	-22.278 	-0.051 	-0.119 	-0.034 	
-50.427 	-152.975 	-11.666 	-0.034 	0.086 	0.133 	
-986.730 	-1694.096 	1670.956 	-0.182 	-0.287 	0.298 	
121.621 	-280.521 	4.737 	-0.020 	-0.021 	-0.005 	
143.417 	-53.179 	64.597 	-0.011 	0.095 	0.117 	
65.847 	-81.713 	-41.073 	-0.036 	-0.036 	-0.179 	
59.821 	-49.997 	45.810 	0.048 	0.029 	0.052 	
16.830 	-61.176 	41.516 	0.134 	0.023 	-0.095 	
96.893 	-22.427 	137.789 	-0.106 	-0.023 	0.091 	
134.885 	-48.069 	165.107 	0.028 	-0.029 	0.001 	
84.870 	-52.628 	104.458 	0.072 	0.058 	-0.052 	
-34.387 	-66.936 	71.643 	-0.078 	0.010 	0.033 	
-896.314 	45.029 	-1127.942 	-0.308 	0.050 	-0.434 	
100.250 	-11.350 	66.560 	-0.043 	0.064 	0.012 	
133.001 	10.885 	99.401 	0.038 	-0.016 	0.086 	
52.417 	-37.558 	77.129 	-0.209 	0.012 	0.046 	
52.912 	-121.590 	13.679 	-0.098 	-0.054 	0.046 	
-1080.303 	4196.950 	461.938 	-0.192 	0.719 	0.084 	
-29.661 	141.109 	-37.006 	-0.040 	-0.027 	0.077 	
34.490 	-53.859 	111.132 	0.169 	0.022 	-0.016 	
-1.871 	-86.447 	78.792 	-0.125 	0.043 	0.096 	
167.733 	-66.615 	42.693 	-0.076 	0.138 	0.104 	
42.521 	-74.695 	88.224 	0.007 	-0.103 	-0.028 	
-98.916 	-192.666 	-26.089 	-0.070 	-0.054 	-0.009 	
78.477 	-66.424 	45.323 	0.024 	-0.000 	-0.091 	
25.219 	-68.846 	60.581 	-0.158 	-0.035 	-0.040 	
81.226 	-79.112 	63.348 	0.032 	0.071 	0.089 	
-338.818 	-66.071 	65.349 	-0.065 	-0.039 	-0.003 	
-110.124 	-84.209 	-68.906 	-0.024 	0.023 	-0.083 	
38.379 	9.497 	31.827 	-0.148 	0.130 	-0.040 	
90.496 	-47.067 	43.684 	0.203 	-0.083 	0.017 	
91.458 	-70.719 	131.724 	-0.048 	-0.039 	-0.022 	
128.330 	-75.888 	48.055 	0.048 	-0.018 	-0.017 	
-8.378 	-55.394 	85.412 	0.217 	-0.029 	-0.110 	
-15.643 	-89.382 	35.301 	0.217 	-0.045 	-0.083 	
115.030 	-40.891 	27.188 	-0.104 	-0.016 	0.078 	
41.823 	-56.981 	45.580 	-0.244 	-0.158 	-0.032 	
-48.809 	-97.937 	34.709 	-0.414 	-0.071 	0.104 	
45.118 	-42.212 	51.138 	0.036 	0.073 	-0.088 	
56.390 	-67.877 	39.566 	0.182 	-0.049 	-0.133 	
16.277 	-67.748 	50.020 	-0.049 	0.043 	0.044 	
-127.555 	-100.842 	113.980 	-0.032 	-0.077 	-0.032 	
226.239 	57.818 	-148.745 	0.007 	-0.014 	-0.005 	
92.754 	-10.316 	65.182 	-0.154 	0.019 	-0.064 	
-14.023 	-82.420 	48.554 	-0.194 	-0.046 	-0.025 	
-27.558 	-8.853 	156.622 	0.020 	0.052 	0.123 	
132.119 	-80.121 	46.960 	-0.070 	-0.063 	0.043 	
-991.538 	-511.721 	721.198 	-0.277 	-0.124 	0.149 	
-7.362 	-62.514 	82.937 	0.015 	0.018 	0.026 	
64.663 	-42.938 	50.891 	-0.064 	0.182 	-0.024 	
-35.161 	-57.802 	48.645 	0.118 	0.004 	0.082 	
80.695 	15.853 	-1.333 	-0.047 	-0.014 	-0.057 	
-149.400 	-47.365 	101.651 	-0.080 	0.044 	0.003 	
-12.881 	-69.014 	-8.678 	0.170 	0.035 	0.131 	
393.105 	-285.434 	-447.228 	0.044 	-0.034 	-0.017 	
112.324 	-75.344 	97.131 	0.040 	0.019 	0.077 	
38.312 	-43.427 	-16.996 	-0.076 	0.085 	-0.068 	
79.562 	-108.098 	41.589 	-0.003 	0.088 	0.099 	
132.077 	-79.534 	46.842 	0.047 	-0.053 	0.180 	
3.005 	33.149 	7.152 	-0.198 	-0.067 	0.038 	
-610.249 	-191.333 	197.982 	-0.132 	-0.044 	0.006 	
590.008 	-719.597 	-79.408 	0.076 	-0.092 	-0.004 	
252.140 	58.119 	48.673 	0.029 	0.034 	-0.017 	
-6.060 	-44.387 	34.796 	-0.083 	-0.142 	0.021 	
-10.904 	-70.216 	65.688 	-0.050 	0.157 	0.040 	
-40.251 	-93.317 	61.033 	0.089 	-0.017 	-0.103 	
81.931 	-109.227 	31.890 	0.120 	-0.020 	-0.016 	
67.924 	-92.983 	-30.953 	-0.049 	-0.028 	0.009 	
-11.102 	-50.494 	54.940 	-0.012 	-0.129 	0.098 	
-21.771 	-177.648 	-12.955 	-0.015 	0.049 	-0.004 	
94.750 	-8.193 	64.471 	0.146 	0.107 	-0.036 	
8.354 	-216.600 	48.986 	0.033 	0.060 	0.036 	
38.651 	-81.839 	33.286 	0.039 	-0.023 	0.085 	
218.398 	-71.345 	62.194 	-0.057 	0.127 	-0.018 	
129.609 	-55.914 	41.207 	0.048 	-0.009 	0.061 	
-21.697 	-55.242 	27.301 	-0.107 	0.010 	0.116 	
-119.087 	-114.552 	32.546 	-0.029 	-0.021 	0.153 	
16.699 	-63.193 	59.760 	-0.101 	-0.152 	0.158 	
-96.721 	-21.227 	125.472 	0.054 	-0.011 	-0.015 	
76.365 	26.134 	20.944 	0.040 	-0.077 	0.075 	
125.661 	-45.589 	151.530 	0.052 	0.056 	-0.090 	
45.418 	-47.990 	62.306 	-0.045 	-0.011 	-0.041 	
75.133 	-63.287 	45.180 	0.045 	0.149 	0.202 	
112.294 	8.400 	58.935 	0.018 	-0.022 	0.103 	
396.701 	481.221 	-27.244 	0.013 	0.093 	-0.008 	
-1213.590 	1317.595 	565.486 	-0.404 	0.454 	0.185 	
-37.300 	-27.645 	-24.374 	0.020 	0.056 	-0.160 	
-38.863 	-88.868 	22.484 	-0.063 	-0.039 	0.065 	
-10.918 	-35.158 	40.215 	-0.214 	-0.019 	-0.084 	
-23.595 	-71.480 	58.665 	0.126 	-0.133 	-0.044 	
314.438 	403.278 	641.145 	0.042 	0.042 	0.063 	
-64.815 	-114.109 	128.628 	-0.030 	-0.042 	-0.020 	
79.536 	-1.553 	-11.110 	0.107 	-0.045 	-0.043 	
110.161 	-77.647 	6.931 	-0.124 	0.067 	-0.008 	
1618.902 	-1857.698 	1.674 	0.260 	-0.303 	0.004 	
35.522 	-50.214 	126.513 	-0.014 	-0.098 	-0.047 	
180.277 	-10.758 	14.824 	0.042 	-0.069 	0.105 	
28.255 	-24.502 	102.410 	-0.070 	0.003 	0.095 	
-15.790 	-71.750 	43.610 	0.047 	0.035 	-0.038 	
103.954 	-41.293 	56.856 	-0.056 	0.160 	-0.083 	
62.370 	-30.160 	131.340 	-0.011 	0.094 	0.018 	
-28.537 	-58.609 	61.404 	0.042 	0.056 	-0.005 	
26.442 	-62.319 	58.787 	0.111 	-0.160 	-0.050 	
105.770 	-51.334 	98.613 	0.040 	-0.035 	-0.099 	
50.072 	-65.021 	50.541 	-0.093 	-0.064 	-0.032 	
679.372 	-1756.464 	-33.515 	0.118 	-0.286 	-0.015 	
246.105 	37.665 	268.171 	0.002 	0.023 	0.011 	
145.543 	11.759 	27.758 	0.046 	0.033 	-0.075 	
-33.010 	11.884 	-7.046 	-0.119 	0.052 	-0.035 	
-75.131 	-192.523 	129.884 	0.036 	-0.121 	0.072 	
-6.822 	-161.219 	47.523 	0.084 	-0.001 	0.054 	
43.241 	-86.356 	65.561 	0.120 	0.033 	-0.024 	
59.386 	15.576 	72.571 	0.037 	0.043 	0.116 	
-102.085 	-100.055 	80.039 	0.039 	-0.166 	0.004 	
70.688 	-57.216 	71.022 	0.015 	-0.023 	0.155 	
-208.969 	6.727 	0.938 	0.026 	0.031 	0.004 	
179.901 	-96.725 	-61.399 	-0.063 	-0.037 	0.036 	
175.693 	44.466 	-10.752 	-0.038 	-0.021 	0.086 	
38.646 	-49.463 	48.068 	-0.118 	-0.076 	0.098 	
29.962 	-88.660 	34.335 	-0.106 	-0.023 	-0.049 	
563.157 	-176.041 	322.813 	0.063 	-0.039 	0.037 	
2.988 	-44.182 	49.130 	0.022 	0.042 	0.067 	
12.239 	-78.710 	45.256 	0.092 	0.028 	0.059 	
113.276 	-9.817 	99.156 	0.012 	-0.107 	-0.013 	
273.637 	12.522 	195.820 	0.069 	0.046 	0.057 	
-13.825 	-78.168 	60.026 	0.029 	-0.065 	0.026 	
59.693 	-67.390 	36.695 	-0.014 	0.093 	0.024 	
-23.078 	-77.643 	112.945 	-0.029 	-0.057 	-0.085 	
-52.424 	-89.150 	-30.760 	-0.001 	-0.042 	0.107 	
26.248 	-73.938 	44.207 	-0.156 	-0.156 	0.126 	
1514.384 	3483.118 	-12987.312 	0.265 	0.621 	-2.368 	
-6.586 	7.865 	-4.704 	0.110 	-0.105 	0.011 	
-4.819 	-47.566 	36.851 	0.002 	-0.037 	0.066 	
187.243 	39.821 	-23.828 	-0.010 	-0.038 	-0.033 	
15.144 	-102.323 	60.554 	0.060 	-0.011 	0.077 	
-12.304 	-77.979 	68.954 	0.192 	-0.013 	-0.037 	
8.102 	-4.011 	52.223 	-0.221 	-0.088 	0.016 	
22.858 	-70.575 	37.554 	-0.252 	-0.096 	0.184 	
-30.944 	-91.543 	42.614 	-0.035 	-0.074 	0.005 	
-33.114 	-128.523 	45.267 	-0.022 	0.100 	-0.031 	
-16.612 	-53.944 	28.366 	-0.096 	-0.007 	0.141 	
257.579 	24.228 	72.440 	0.027 	-0.042 	-0.016 	
47.188 	-57.895 	56.644 	0.027 	0.145 	0.061 	
-44.714 	-31.615 	40.373 	-0.009 	-0.026 	0.017 	
154.007 	-104.722 	-24.568 	0.049 	0.036 	-0.042 	
3.715 	-36.348 	49.362 	-0.060 	0.076 	-0.093 	
16.318 	-34.230 	55.320 	0.141 	0.041 	0.049 	
23.818 	-100.683 	101.374 	0.167 	0.006 	-0.072 	
28.140 	-79.165 	146.223 	0.151 	0.048 	-0.005 	
67.753 	84.020 	233.392 	-0.039 	-0.001 	0.018 	
-62.460 	-100.177 	13.814 	-0.070 	-0.015 	-0.031 	
48.025 	-45.373 	53.261 	0.073 	0.042 	-0.076 	
158.957 	192.141 	255.131 	-0.006 	0.034 	0.011 	
-3451.069 	379.775 	-2720.063 	-2.458 	0.225 	-1.894 	
-110.184 	-108.462 	131.264 	-0.051 	-0.037 	0.112 	
718.293 	-348.208 	-358.570 	0.078 	-0.062 	-0.048 	
37.861 	-72.439 	47.691 	-0.187 	0.026 	0.097 	
3781.134 	-412.220 	2660.063 	2.624 	-0.332 	1.887 	
82.622 	-14.864 	55.810 	-0.096 	0.065 	-0.099 	
-53.080 	-68.757 	24.221 	0.039 	-0.013 	0.018 	
43.310 	12.114 	37.549 	0.043 	0.083 	-0.124 	
-36.181 	35.400 	65.406 	0.031 	-0.006 	-0.090 	
130.325 	4.722 	7.783 	-0.024 	-0.044 	-0.045 	
102.676 	-30.930 	22.316 	0.170 	0.141 	-0.035 	
151.842 	24.316 	85.266 	0.070 	-0.022 	0.055 	
-50.235 	641.721 	-60.290 	-0.058 	0.295 	-0.039 	
-94.174 	-95.243 	41.628 	0.137 	-0.001 	-0.018 	
-20.339 	-54.372 	32.838 	-0.015 	-0.083 	0.168 	
-2.817 	-63.648 	30.929 	-0.058 	0.056 	0.022 	
6.395 	-89.369 	43.098 	-0.059 	0.025 	0.002 	
-15.274 	55.032 	-65.749 	0.021 	-0.051 	0.044 	
77.226 	-63.283 	38.280 	-0.076 	-0.042 	-0.153 	
-114.338 	-94.804 	69.545 	0.014 	-0.146 	0.037 	
51.061 	-14.026 	37.903 	0.038 	0.062 	0.036 	
103.772 	-65.837 	59.018 	-0.071 	-0.073 	-0.188 	
3293.511 	1276.079 	1427.770 	0.569 	0.233 	0.255 	
8.320 	-99.378 	66.581 	0.010 	-0.137 	-0.100 	
0.312 	-34.755 	64.401 	-0.023 	-0.139 	0.005 	
-121.844 	13.898 	162.270 	-0.059 	0.008 	0.051 	
-63.509 	-86.045 	-3.922 	-0.061 	0.016 	0.028 	
-28.261 	-184.792 	-40.391 	0.049 	-0.115 	-0.057 	
24.709 	-89.118 	37.850 	0.051 	0.129 	-0.100 	
73.102 	-37.953 	50.371 	-0.081 	-0.069 	-0.084 	
146.846 	-48.425 	57.439 	-0.067 	0.072 	0.041 	
-27.336 	-54.264 	55.495 	0.023 	-0.115 	0.060 	
15.639 	-104.752 	83.620 	-0.005 	0.126 	-0.103 	
134.957 	-67.643 	21.343 	0.023 	-0.062 	0.008 	
64.488 	43.214 	65.114 	-0.049 	-0.029 	-0.060 	
-106.960 	-51.123 	-33.967 	-0.004 	-0.002 	0.035 	
-47.272 	-582.295 	1072.129 	-0.039 	-0.079 	0.164 	
-66.420 	-59.625 	131.251 	-0.010 	-0.012 	-0.061 	
-6.720 	-177.343 	60.679 	0.017 	-0.010 	0.051 	
-16.625 	-37.926 	35.470 	-0.136 	-0.177 	-0.120 	
1.737 	-82.000 	73.506 	0.021 	-0.081 	0.105 	
10.896 	-51.827 	73.825 	-0.055 	-0.212 	-0.138 	
53.828 	-111.963 	-74.671 	0.028 	0.030 	0.144 	
562.425 	-92.946 	292.562 	0.069 	-0.024 	0.052 	
152.323 	-106.152 	-59.460 	0.094 	-0.033 	-0.029 	
-471.949 	255.093 	-296.328 	-0.141 	0.123 	-0.115 	
-68.149 	-91.497 	95.853 	-0.048 	-0.062 	-0.083 	
76.668 	-35.565 	77.345 	0.050 	-0.021 	-0.065 	
308.946 	-175.672 	49.259 	-0.004 	0.011 	-0.003 	
28.808 	-25.945 	61.035 	-0.225 	0.012 	-0.124 	
30.303 	-47.297 	61.830 	-0.100 	-0.153 	-0.118 	
-82.015 	-26.030 	7.060 	-0.135 	-0.066 	-0.037 	
12.346 	-26.973 	85.752 	-0.020 	0.045 	0.133 	
-17.409 	-8.078 	70.361 	-0.108 	-0.074 	0.086 	
22.835 	-65.105 	39.318 	-0.105 	-0.226 	-0.049 	
-4.478 	-72.212 	39.156 	-0.155 	-0.018 	-0.002 	
30.717 	-61.412 	37.960 	0.072 	-0.147 	-0.084 	
-1092.108 	396.343 	-1495.498 	-0.246 	0.093 	-0.306 	
148.441 	-66.666 	103.325 	-0.046 	0.079 	-0.132 	
120.276 	28.480 	61.994 	-0.036 	-0.019 	0.034 	
104.875 	-43.248 	162.623 	-0.004 	-0.023 	-0.076 	
-132.547 	-30.492 	65.381 	0.012 	0.002 	-0.046 	
-3.880 	-123.103 	-18.913 	-0.026 	-0.014 	0.103 	
-2.934 	-71.299 	70.413 	-0.115 	-0.105 	-0.062 	
86.569 	-92.548 	36.857 	0.067 	-0.054 	-0.038 	
177.040 	179.375 	-63.821 	0.018 	0.054 	-0.023 	
3.343 	6.355 	52.061 	-0.190 	-0.144 	-0.013 	
-597.714 	-223.879 	59.590 	-0.064 	-0.040 	0.046 	
-27.204 	-43.373 	33.708 	-0.141 	-0.062 	-0.065 	
-17.498 	-51.433 	93.817 	-0.199 	-0.020 	0.086 	
-120.639 	-49.311 	51.010 	-0.084 	-0.001 	-0.046 	
131.562 	-138.245 	42.036 	0.061 	0.020 	-0.037 	
78.956 	-77.637 	48.883 	-0.090 	-0.073 	-0.065 	
-42.666 	-143.059 	-5.399 	0.049 	-0.014 	0.070 	
-132.946 	-31.784 	-168.488 	0.012 	0.006 	0.025 	
-43.718 	-2.432 	51.853 	0.046 	-0.038 	0.088 	
65.198 	-36.998 	24.911 	0.116 	0.088 	0.035 	
346.573 	-514.147 	425.317 	0.117 	-0.220 	0.174 	
51.222 	-40.227 	78.093 	-0.035 	0.006 	0.196 	
64.223 	-35.268 	55.371 	0.006 	-0.056 	0.074 	
48.112 	-41.490 	80.287 	0.017 	-0.057 	0.328 	
40.472 	129.266 	60.721 	-0.011 	0.003 	0.033 	
20.226 	-117.635 	160.292 	-0.121 	0.060 	0.044 	
-12.736 	-57.390 	60.818 	0.136 	-0.015 	0.116 	
64.962 	-73.620 	40.473 	-0.184 	0.080 	0.011 	
82.438 	-55.012 	73.239 	-0.102 	-0.047 	0.075 	
-42.406 	-84.983 	49.215 	0.087 	-0.077 	-0.017 	
288.653 	-662.593 	391.116 	-0.004 	-0.076 	0.050 	
86.221 	-71.835 	75.346 	-0.059 	-0.052 	-0.024 	
53.419 	-85.948 	62.546 	-0.105 	-0.073 	0.010 	
121.316 	-6.031 	66.888 	-0.103 	0.000 	0.139 	
73.575 	18.445 	99.441 	-0.039 	-0.012 	0.065 	
16.473 	-62.297 	51.930 	-0.096 	0.149 	0.266 	
16.008 	-65.200 	51.460 	0.204 	0.042 	0.123 	
11.817 	-9.551 	31.738 	-0.046 	0.013 	-0.000 	
-67.747 	-58.105 	38.990 	-0.009 	-0.109 	-0.008 	
-68.810 	-6.804 	57.824 	-0.095 	0.051 	0.074 	
129.826 	-59.725 	79.726 	-0.063 	0.020 	0.086 	
-40.647 	54.895 	17.520 	-0.102 	0.012 	0.050 	
-27.276 	-24.529 	82.269 	0.079 	0.033 	0.033 	
-22.006 	-56.054 	72.559 	0.176 	0.056 	0.101 	
23.934 	-66.297 	50.449 	0.201 	-0.065 	0.050 	
152.250 	-78.556 	77.174 	-0.100 	-0.003 	0.091 	
26845.901 	7498.332 	16606.938 	5.490 	1.541 	3.410 	
-20.744 	-163.510 	55.497 	0.014 	-0.057 	0.011 	
-74.382 	-87.918 	-54.116 	0.001 	-0.034 	-0.041 	
-4.649 	-94.958 	45.092 	-0.023 	0.025 	0.102 	
-13.121 	-59.783 	69.323 	0.020 	-0.045 	0.083 	
142.919 	31.243 	125.182 	-0.055 	0.034 	0.045 	
8.576 	-42.092 	68.846 	0.226 	-0.055 	0.001 	
37.544 	-62.086 	46.343 	-0.203 	-0.007 	0.124 	
-4.397 	-67.952 	86.623 	0.026 	-0.100 	-0.065 	
-39.001 	-8.392 	-2.683 	0.082 	-0.071 	0.002 	
-61.076 	-33.705 	48.987 	0.078 	0.028 	0.123 	
5.626 	-123.555 	166.336 	0.069 	-0.033 	-0.023 	
140.418 	-16.698 	-2.579 	-0.003 	-0.084 	-0.037 	
-21.420 	-83.266 	52.149 	0.094 	-0.230 	0.017 	
-460.357 	1104.384 	-360.700 	-0.099 	0.218 	-0.079 	
279.347 	59.562 	-43.326 	-0.061 	-0.025 	0.015 	
-8.656 	-37.493 	119.447 	-0.149 	0.056 	0.022 	
-15.295 	-91.199 	89.557 	-0.007 	0.113 	-0.043 	
50.644 	-69.268 	53.218 	-0.122 	-0.081 	-0.123 	
183.645 	22.116 	-43.036 	0.033 	0.030 	-0.063 	
-3.755 	-52.472 	3.202 	-0.003 	0.045 	-0.008 	
21.311 	-59.731 	63.420 	0.207 	-0.020 	-0.130 	
29.462 	-36.516 	38.727 	0.109 	0.040 	0.078 	
35.414 	138.704 	43.396 	-0.111 	-0.021 	-0.015 	
-97.838 	-64.124 	116.778 	-0.035 	-0.003 	-0.043 	
-68.344 	-22.992 	126.036 	-0.068 	0.086 	0.045 	
767.995 	55.379 	-95.649 	0.065 	0.001 	-0.007 	
54.531 	-46.441 	20.550 	-0.058 	0.146 	-0.027 	
-11.248 	-15.432 	123.858 	0.046 	0.030 	-0.031 	
-112.114 	-14.971 	-20.449 	-0.104 	0.051 	-0.105 	
88.069 	-25.982 	93.287 	0.008 	0.077 	0.046 	
967.933 	116.177 	1247.746 	0.390 	0.077 	0.449 	
-250.515 	-56.459 	54.974 	-0.040 	-0.019 	0.047 	
-75.560 	-31.260 	36.052 	-0.066 	-0.177 	0.042 	
-37.989 	4.610 	78.641 	-0.004 	-0.004 	0.015 	
-66.498 	11.529 	-23.051 	-0.052 	-0.104 	0.101 	
22.780 	-74.905 	46.701 	-0.143 	0.076 	-0.041 	
12.364 	-32.974 	-49.844 	0.040 	-0.075 	0.149 	
109.597 	62.360 	60.022 	0.003 	0.100 	-0.021 	
159.896 	-44.175 	90.294 	-0.055 	0.008 	-0.029 	
-18.158 	-78.758 	105.272 	-0.015 	0.028 	0.020 	
-214.900 	-183.904 	675.470 	-0.053 	-0.009 	0.097 	
25.309 	3.999 	114.234 	0.056 	0.062 	0.048 	
2.040 	-48.973 	53.586 	-0.116 	-0.039 	0.148 	
-331.678 	-20.883 	-189.898 	-0.143 	-0.013 	-0.024 	
-18.212 	-79.334 	-8.465 	0.040 	0.068 	0.138 	
-1.452 	-94.733 	67.916 	0.072 	0.165 	-0.111 	
-26.628 	-64.779 	118.048 	0.130 	0.003 	0.024 	
97.179 	-28.946 	-71.213 	-0.140 	-0.018 	-0.054 	
69.093 	-68.228 	9.472 	-0.026 	-0.016 	-0.029 	
-24.992 	-6.362 	41.252 	0.034 	-0.127 	0.048 	
42.669 	-46.307 	61.273 	-0.064 	-0.179 	-0.093 	
1923.523 	1211.486 	-700.299 	0.440 	0.274 	-0.163 	
99.135 	-137.046 	100.203 	-0.013 	-0.293 	0.157 	
86.915 	-22.801 	65.635 	-0.161 	-0.069 	-0.082 	
616.199 	241.382 	4.236 	0.216 	0.125 	-0.009 	
-44.192 	-32.860 	63.678 	-0.186 	-0.108 	-0.028 	
55.321 	-96.125 	171.622 	-0.018 	-0.023 	0.147 	
96.143 	-77.297 	39.633 	-0.192 	0.121 	-0.010 	
-69.454 	-77.004 	61.771 	0.047 	-0.084 	0.028 	
5.702 	-148.528 	10.632 	0.027 	0.027 	0.064 	
-85.806 	-30.877 	102.333 	0.109 	0.004 	0.067 	
142.862 	-135.810 	80.115 	-0.083 	-0.011 	-0.027 	
188.847 	-159.802 	96.556 	0.011 	-0.027 	0.020 	
-77.168 	-61.738 	62.950 	0.092 	-0.005 	-0.060 	
60.526 	-41.617 	11.749 	0.081 	-0.066 	0.071 	
-131.678 	-242.494 	145.957 	0.004 	0.014 	-0.032 	
-36.463 	-110.759 	84.618 	0.109 	0.040 	-0.022 	
-169.631 	-102.966 	105.384 	0.051 	0.053 	-0.011 	
-35.250 	21.636 	131.859 	0.080 	0.061 	0.046 	
-63.670 	-63.861 	-26.522 	0.009 	-0.010 	0.021 	
63.172 	-106.083 	60.152 	-0.019 	-0.177 	0.099 	
-73.212 	-69.528 	165.784 	-0.104 	-0.032 	0.117 	
106.637 	-42.367 	75.580 	0.078 	-0.039 	-0.032 	
-18.629 	-62.333 	-8.512 	-0.099 	-0.007 	-0.053 	
-51.991 	-72.541 	36.483 	0.082 	0.005 	-0.085 	
4.433 	-71.022 	109.083 	-0.134 	0.002 	0.101 	
-150.357 	-39.741 	70.817 	-0.246 	0.028 	-0.009 	
-25.459 	-50.196 	41.739 	-0.078 	0.036 	-0.036 	
67.021 	-62.566 	75.731 	-0.070 	0.039 	0.060 	
15.133 	-57.852 	37.939 	0.136 	-0.054 	-0.110 	
195.742 	-134.721 	-103.460 	-0.007 	-0.046 	-0.034 	
156.692 	-109.113 	12.415 	0.042 	-0.033 	0.067 	
54.831 	-67.172 	29.803 	0.037 	-0.071 	-0.173 	
-63.688 	-86.495 	159.915 	-0.034 	-0.016 	0.028 	
-25.455 	-74.213 	-4.821 	-0.121 	-0.111 	-0.091 	
332.999 	1374.331 	2321.246 	0.067 	0.436 	0.723 	
523.830 	-220.238 	-27.540 	0.454 	-0.160 	-0.071 	
-12.014 	-92.897 	70.046 	-0.010 	0.041 	0.075 	
194.401 	-14.595 	44.605 	-0.033 	0.044 	0.085 	
95.630 	-19.599 	-1.224 	-0.005 	-0.137 	0.032 	
23.888 	-29.033 	55.310 	-0.019 	0.034 	-0.026 	
88.437 	-49.361 	39.827 	0.137 	0.014 	0.057 	
1763.433 	334.491 	-3761.620 	0.276 	0.060 	-0.627 	
-7428.605 	-34478.765 	-54290.849 	-1.525 	-7.107 	-11.197 	
-116.473 	-67.684 	225.480 	0.025 	0.004 	-0.067 	
76.242 	-22.884 	154.074 	-0.035 	0.004 	0.023 	
77.052 	-58.640 	39.436 	0.051 	-0.221 	0.034 	
79.503 	-57.579 	62.521 	0.045 	-0.026 	-0.102 	
-115.818 	-92.059 	120.105 	-0.004 	-0.031 	0.063 	
-17.087 	-102.214 	5.204 	-0.143 	0.024 	-0.095 	
5.505 	-57.319 	70.086 	-0.001 	0.005 	0.087 	
54.032 	-60.434 	-1.830 	-0.028 	0.080 	-0.045 	
35.902 	-149.261 	82.344 	0.052 	-0.069 	0.055 	
-155.443 	-147.324 	24.442 	-0.021 	0.133 	0.085 	
1213.738 	-611.407 	-246.842 	0.294 	-0.130 	-0.058 	
-36.796 	-56.302 	22.109 	-0.181 	0.105 	-0.032 	
-653.507 	-107.991 	-348.769 	-0.256 	-0.054 	-0.127 	
109.473 	17.471 	15.938 	-0.113 	-0.064 	0.064 	
63.805 	-93.214 	58.368 	-0.129 	-0.118 	-0.121 	
2362.313 	863.628 	-390.696 	0.557 	0.205 	-0.095 	
23.690 	-33.924 	70.318 	-0.358 	0.254 	0.205 	
444.128 	-458.337 	-200.473 	0.071 	-0.090 	-0.036 	
519.919 	-216.834 	1562.068 	0.216 	-0.072 	0.647 	
24.524 	-53.484 	79.184 	0.178 	-0.008 	-0.074 	
-11.734 	-70.112 	33.950 	-0.056 	-0.101 	0.159 	
72.066 	-55.665 	47.079 	0.040 	0.058 	0.030 	
-88.227 	-28.521 	111.053 	-0.118 	0.019 	-0.097 	
69.026 	-78.875 	29.582 	0.134 	0.128 	0.200 	
-34.968 	-61.797 	93.463 	-0.166 	0.051 	0.093 	
9.823 	-89.248 	62.649 	-0.092 	-0.099 	0.169 	
41.668 	-146.036 	57.969 	0.029 	0.181 	-0.015 	
-67.693 	-64.685 	134.896 	0.051 	-0.030 	-0.014 	
31.734 	-68.269 	41.327 	-0.071 	-0.040 	-0.088 	
-28.937 	-69.205 	177.837 	-0.056 	-0.064 	-0.091 	
18.929 	-52.698 	68.768 	-0.206 	-0.192 	0.075 	
25.408 	-50.249 	10.234 	-0.153 	-0.105 	-0.127 	
114.472 	-35.910 	60.500 	-0.058 	-0.004 	0.064 	
-60.556 	-122.232 	10.469 	-0.046 	0.039 	-0.049 	
-3.879 	-50.079 	34.918 	-0.283 	-0.065 	0.086 	
41.091 	25.191 	30.020 	-0.040 	0.032 	0.045 	
38.217 	-22.501 	68.243 	0.002 	-0.016 	0.013 	
40.142 	-44.609 	71.331 	-0.156 	-0.088 	0.003 	
761.291 	-209.662 	676.905 	0.265 	-0.090 	0.243 	
30.394 	-55.006 	28.224 	0.144 	0.035 	-0.052 	
-43.514 	-61.131 	75.837 	-0.012 	-0.012 	0.091 	
-448.594 	143.750 	204.443 	-0.058 	0.028 	0.038 	
39.941 	-63.663 	54.080 	0.087 	-0.217 	0.140 	
-18.868 	-160.981 	-48.209 	-0.079 	0.056 	0.050 	
35.957 	-56.302 	34.394 	0.174 	-0.093 	-0.067 	
-4880.552 	2928.794 	1751.903 	-1.005 	0.616 	0.365 	
-1.643 	-69.826 	75.675 	-0.140 	0.118 	-0.098 	
195.619 	-46.336 	112.238 	0.008 	0.044 	0.006 	
193.129 	27.709 	101.186 	0.010 	-0.017 	0.044 	
231.894 	-2.078 	-21.651 	-0.016 	0.019 	-0.016 	
92.693 	-57.308 	35.332 	-0.160 	-0.173 	0.063 	
120.883 	-83.147 	29.970 	-0.045 	-0.022 	-0.042 	
29.049 	-88.811 	66.947 	-0.142 	-0.012 	0.071 	
36.586 	-80.173 	35.278 	-0.052 	-0.138 	0.121 	
41.447 	-0.342 	-59.492 	-0.049 	-0.068 	-0.008 	
-32.523 	-82.334 	39.291 	0.122 	-0.036 	0.121 	
-50.116 	-9.187 	92.368 	0.107 	0.038 	0.081 	
-976.863 	344.963 	-236.323 	-0.172 	0.040 	-0.031 	
-78.585 	-33.673 	113.735 	-0.026 	0.048 	-0.003 	
-20.420 	-84.623 	73.303 	-0.106 	-0.116 	0.001 	
84.709 	-30.970 	70.860 	-0.037 	0.037 	0.005 	
2159.360 	589.609 	-276.032 	0.909 	0.296 	-0.150 	
78.726 	-73.102 	51.344 	-0.008 	-0.136 	0.049 	
91.211 	-146.358 	77.701 	-0.024 	-0.029 	0.015 	
52.201 	-64.033 	62.381 	0.165 	-0.080 	-0.080 	
13.245 	-12.959 	21.183 	-0.185 	-0.082 	0.076 	
68.478 	-84.204 	26.765 	-0.140 	0.040 	0.013 	
0.116 	103.962 	1.759 	0.027 	0.014 	-0.038 	
-18.121 	-100.211 	59.627 	0.065 	0.001 	0.042 	
89.266 	-107.586 	40.811 	-0.019 	0.006 	0.001 	
83.959 	-80.434 	73.836 	-0.014 	-0.018 	-0.107 	
72.073 	-102.252 	42.085 	-0.017 	-0.070 	0.111 	
-41.008 	-80.091 	117.091 	0.050 	0.003 	0.006 	
62.243 	-72.321 	41.455 	-0.146 	0.130 	-0.000 	
376.814 	-91.345 	-396.263 	0.099 	-0.022 	-0.135 	
-8.258 	-140.812 	137.719 	0.026 	0.111 	-0.075 	
60.611 	-28.113 	9.220 	-0.095 	0.026 	-0.063 	
-23.595 	-157.095 	51.700 	0.039 	0.015 	0.094 	
-256.550 	267.185 	-917.722 	-0.046 	0.061 	-0.195 	
89.266 	-81.712 	20.855 	-0.050 	0.053 	0.060 	
-727.140 	382.604 	-1125.028 	-0.314 	0.182 	-0.493 	
-50.082 	-127.839 	75.450 	-0.051 	-0.089 	-0.019 	
-52.835 	-62.463 	67.683 	0.018 	-0.145 	0.017 	
39.910 	-59.111 	18.010 	-0.031 	0.089 	-0.074 	
-103.249 	-56.895 	-52.519 	-0.059 	-0.073 	0.087 	
756.672 	-5377.651 	3788.020 	0.104 	-1.019 	0.717 	
77.526 	-171.490 	72.416 	0.038 	0.085 	-0.023 	
75.494 	-206.014 	51.526 	-0.106 	-0.047 	-0.059 	
-854.918 	-266.851 	567.309 	-0.335 	-0.089 	0.182 	
53.749 	-82.958 	53.369 	0.060 	-0.178 	0.160 	
120.835 	-75.097 	32.340 	0.180 	-0.081 	-0.053 	
92.766 	-188.640 	-24.507 	0.009 	0.067 	0.058 	
-9.877 	29.918 	69.985 	-0.143 	0.018 	0.085 	
-542.295 	-541.382 	-66.530 	-0.100 	-0.101 	-0.012 	
4.310 	-96.840 	49.883 	0.058 	0.042 	-0.112 	
60.225 	-34.329 	45.885 	-0.136 	-0.082 	0.014 	
172.191 	-68.357 	42.694 	-0.078 	0.019 	-0.037 	
10.100 	-73.493 	-19.544 	0.098 	0.015 	0.093 	
1571.268 	-2498.424 	-2177.778 	0.262 	-0.439 	-0.390 	
271.500 	-151.831 	45.478 	-0.029 	0.013 	0.015 	
32.635 	-162.502 	0.956 	-0.169 	0.005 	0.001 	
-52.960 	-160.932 	12.703 	0.004 	-0.004 	0.005 	
130.732 	-94.398 	-15.268 	0.392 	-0.147 	-0.373 	
-105.769 	-58.066 	80.068 	-0.023 	-0.055 	0.019 	
39.551 	0.407 	77.938 	-0.095 	0.197 	0.002 	
94.956 	-77.466 	38.834 	-0.142 	0.063 	0.104 	
148.389 	-2.532 	114.044 	0.123 	0.046 	0.040 	
19.459 	-76.556 	58.584 	-0.172 	-0.046 	0.190 	
43.071 	-199.374 	130.348 	0.003 	0.068 	-0.049 	
147.148 	-25.696 	29.650 	-0.056 	-0.095 	0.070 	
109.369 	-24.520 	35.087 	-0.143 	-0.047 	0.019 	
27.089 	-35.825 	23.889 	0.160 	-0.015 	-0.027 	
16.984 	-76.992 	103.644 	0.021 	-0.013 	-0.073 	
-43.994 	-111.189 	66.454 	-0.054 	0.135 	0.134 	
167.563 	-142.180 	7.311 	0.052 	0.083 	0.106 	
136.365 	-100.273 	-188.950 	-0.013 	-0.043 	0.016 	
59.351 	-498.924 	504.681 	-0.074 	-0.254 	0.190 	
99.878 	-64.398 	31.217 	0.056 	0.063 	0.010 	
-1526.354 	-3125.646 	13524.878 	-0.288 	-0.579 	2.449 	
440.942 	124.132 	-112.388 	0.049 	-0.005 	-0.021 	
-33.162 	57.335 	-1.272 	-0.058 	-0.078 	0.093 	
182.326 	52.301 	14.034 	0.047 	-0.091 	0.065 	
-107.513 	-35.829 	65.326 	0.005 	0.006 	-0.145 	
37.323 	-37.070 	88.592 	0.014 	-0.090 	-0.017 	
52.826 	-67.651 	147.844 	0.085 	-0.025 	-0.037 	
105.742 	52.783 	119.433 	-0.123 	0.028 	0.085 	
46.521 	-66.693 	88.267 	0.037 	0.056 	-0.022 	
49.432 	-49.310 	55.805 	0.155 	0.013 	0.092 	
-61.367 	-33.332 	71.048 	0.082 	-0.042 	0.088 	
-9.928 	-26.426 	9.549 	-0.017 	0.014 	-0.031 	
167.091 	-60.848 	64.950 	-0.056 	0.037 	0.057 	
84.358 	-53.348 	21.146 	0.125 	-0.024 	-0.017 	
-601.458 	-1935.907 	4.220 	-0.133 	-0.397 	-0.007 	
11.773 	-70.625 	15.934 	0.202 	-0.020 	0.033 	
6.032 	-32.560 	39.068 	0.153 	-0.078 	0.139 	
75.983 	-77.655 	45.193 	-0.076 	-0.007 	0.020 	
72.096 	-71.331 	36.569 	0.029 	-0.051 	0.004 	
27.136 	-46.488 	-177.478 	-0.073 	0.005 	0.021 	
190.052 	-94.371 	89.595 	0.035 	-0.048 	0.049 	
84.349 	-56.831 	67.052 	-0.068 	0.024 	0.056 	
99.262 	89.739 	-51.564 	0.042 	0.030 	-0.027 	
-24.276 	-58.411 	98.215 	-0.123 	-0.021 	0.048 	
-99.429 	-69.394 	69.994 	-0.040 	-0.090 	0.069 	
65.994 	31.712 	32.706 	-0.081 	-0.005 	-0.060 	
74.367 	-87.719 	6.103 	-0.169 	-0.174 	-0.027 	
-54.159 	4.722 	44.202 	0.029 	0.100 	0.052 	
-253.759 	162.967 	-708.300 	-0.054 	0.012 	-0.072 	
-60.144 	-46.883 	72.994 	-0.008 	-0.017 	-0.065 	
-1098.757 	255.025 	-714.188 	-0.237 	0.063 	-0.167 	
2055.466 	-1565.965 	-201.106 	0.951 	-0.716 	-0.090 	
60.777 	-78.694 	6.432 	0.013 	0.091 	-0.064 	
-27.019 	-67.636 	40.900 	0.140 	0.065 	-0.037 	
-50.844 	-94.573 	20.061 	0.075 	-0.054 	0.125 	
16.366 	-68.207 	12.035 	-0.122 	0.042 	-0.113 	
-93.161 	-88.073 	13.605 	-0.036 	0.046 	-0.010 	
30.570 	-42.860 	64.086 	0.082 	0.186 	-0.072 	
-214.599 	1.648 	47.122 	0.037 	-0.103 	0.029 	
87.113 	39.662 	-83.096 	0.059 	0.032 	-0.004 	
65.035 	-91.359 	103.073 	-0.027 	0.023 	-0.127 	
176.153 	-84.919 	11.511 	0.109 	0.002 	-0.053 	
-2487.630 	3090.502 	1702.222 	-0.463 	0.559 	0.302 	
-11.044 	-119.288 	25.029 	0.050 	0.175 	0.009 	
106.101 	125.504 	59.618 	0.004 	0.039 	0.008 	
173.152 	-58.948 	66.699 	-0.019 	-0.064 	0.023 	
-55.338 	-57.188 	10.607 	-0.053 	0.039 	-0.005 	
-22.786 	-31.893 	-44.256 	0.042 	0.062 	0.001 	
-476.442 	323.943 	28.425 	-0.120 	0.069 	-0.018 	
-16.530 	-59.937 	-47.202 	-0.041 	0.021 	-0.025 	
48.528 	-35.938 	41.002 	0.190 	0.001 	-0.138 	
169.324 	-139.011 	52.958 	0.075 	0.104 	-0.046 	
193.973 	-47.127 	21.990 	0.047 	0.018 	0.080 	
259.407 	181.130 	-98.161 	0.003 	0.046 	-0.084 	
7.107 	-1.244 	-49.442 	-0.020 	-0.027 	0.016 	
-467.423 	-133.255 	88.675 	-0.171 	-0.047 	0.039 	
7.830 	-41.050 	118.845 	0.034 	-0.055 	0.057 	
21.772 	-17.699 	40.293 	0.086 	0.035 	-0.081 	
70.188 	-213.972 	28.154 	-0.080 	-0.021 	-0.024 	
85.166 	-26.083 	72.995 	0.028 	-0.122 	0.074 	
129.275 	20.862 	121.682 	-0.013 	0.063 	0.019 	
14.874 	-16.417 	34.559 	-0.075 	-0.180 	-0.152 	
78850.193 	6424.379 	63423.166 	23.366 	1.917 	18.839 	
39.615 	-38.295 	77.549 	0.021 	0.139 	-0.170 	
163.264 	-79.416 	-23.349 	0.000 	-0.059 	-0.048 	
197.510 	-59.492 	130.746 	0.087 	-0.057 	0.061 	
73.658 	-16.701 	75.890 	-0.091 	-0.041 	0.014 	
39.356 	52.581 	-27.831 	-0.110 	-0.062 	-0.039 	
-151.490 	-148.316 	5.323 	-0.006 	0.109 	0.016 	
46.623 	-35.792 	97.806 	0.067 	0.180 	0.103 	
71.836 	-93.597 	77.178 	-0.145 	-0.120 	-0.084 	
19.357 	-79.279 	27.749 	0.012 	0.031 	0.105 	
45.129 	-1.868 	60.036 	-0.093 	-0.112 	-0.129 	
8.961 	-59.373 	88.549 	-0.153 	-0.012 	-0.219 	
-59.294 	-54.634 	60.433 	-0.030 	-0.152 	-0.082 	
1123.931 	2120.562 	2198.309 	0.152 	0.345 	0.362 	
-15.802 	-145.677 	45.812 	-0.022 	-0.094 	0.049 	
-174.448 	5954.535 	-3869.323 	-0.072 	1.121 	-0.729 	
-25.789 	-62.365 	51.239 	-0.087 	0.071 	-0.071 	
-7109.809 	-9007.837 	-3381.245 	-2.939 	-3.666 	-1.397 	
19.634 	-22.667 	44.017 	-0.112 	-0.202 	-0.072 	
57.104 	-89.040 	82.364 	0.111 	-0.152 	0.113 	
6914.685 	33851.201 	55669.013 	1.431 	6.974 	11.464 	
-77.683 	-161.317 	79.014 	-0.021 	-0.054 	0.075 	
47.182 	5.294 	16.104 	-0.007 	0.206 	0.031 	
-16.262 	-154.496 	-40.305 	-0.109 	-0.091 	-0.052 	
135.182 	-65.877 	71.486 	-0.066 	-0.023 	-0.183 	
96.722 	-93.337 	31.991 	-0.157 	0.036 	-0.053 	
16.540 	-79.286 	30.194 	-0.252 	0.032 	-0.071 	
-49.948 	-171.079 	92.916 	0.005 	-0.023 	0.019 	
-448.192 	475.981 	-44.963 	-0.091 	0.025 	-0.013 	
65.819 	68.177 	3.314 	-0.149 	-0.022 	0.016 	
939.677 	-337.234 	366.436 	0.192 	-0.080 	0.081 	
-6.480 	-62.681 	60.409 	0.101 	0.174 	0.069 	
37.273 	-26.294 	58.605 	-0.109 	-0.096 	-0.082 	
17.955 	-34.479 	96.674 	-0.191 	-0.013 	-0.029 	
174.216 	-28.776 	27.251 	0.009 	-0.164 	-0.031 	
-35.095 	-77.001 	100.184 	-0.013 	0.056 	0.066 	
-120.588 	-45.849 	25.433 	0.020 	-0.036 	0.071 	
103.235 	-62.713 	68.688 	0.116 	-0.075 	-0.056 	
61.273 	-91.453 	28.177 	-0.024 	0.051 	0.081 	
-65.512 	-113.617 	129.869 	-0.015 	-0.009 	-0.016 	
57.956 	17.823 	54.407 	-0.064 	-0.026 	0.035 	
60.517 	-90.177 	-32.289 	-0.031 	0.003 	-0.005 	
702.617 	-989.697 	573.957 	0.142 	-0.200 	0.106 	
-604.563 	271.151 	202.303 	-0.085 	0.001 	0.040 	
-138.440 	-181.694 	79.233 	-0.110 	-0.028 	0.019 	
-23.305 	-85.939 	45.703 	0.088 	0.001 	0.075 	
177.878 	-195.317 	62.809 	0.061 	0.042 	-0.001 	
14.083 	-46.408 	-2.883 	0.165 	0.024 	0.057 	
68.740 	-72.730 	3.937 	0.007 	0.045 	-0.074 	
-1230.562 	7525.570 	493.993 	-0.247 	1.412 	0.093 	
22.596 	-61.321 	148.088 	0.002 	-0.043 	0.109 	
-59.744 	-66.442 	26.912 	0.032 	0.079 	-0.002 	
-303.756 	-95.201 	89.909 	-0.024 	0.010 	-0.013 	
-37.410 	-47.147 	40.297 	-0.069 	-0.177 	-0.006 	
-1.850 	4.322 	-15.976 	-0.093 	0.052 	-0.058 	
14.338 	-69.128 	21.589 	0.082 	0.077 	0.206 	
-22.649 	-94.257 	65.964 	-0.085 	-0.032 	-0.087 	
-68.720 	-101.528 	45.572 	-0.074 	-0.131 	0.066 	
-76.569 	-143.151 	16.836 	-0.083 	-0.036 	0.013 	
116.442 	-79.883 	51.874 	-0.009 	0.022 	-0.028 	
-8.241 	-19.197 	90.651 	0.129 	-0.054 	-0.055 	
-8.439 	-147.971 	127.646 	-0.001 	-0.058 	0.054 	
-128.934 	45.540 	-64.359 	0.039 	-0.051 	0.027 	
25.710 	22.674 	-95.101 	-0.010 	-0.026 	0.055 	
527.684 	117.313 	-12.626 	0.060 	0.034 	-0.000 	
-28.181 	-50.135 	53.079 	-0.162 	0.138 	-0.097 	
-2991.531 	-3457.766 	-1621.390 	-0.522 	-0.568 	-0.262 	
-130.930 	-31.640 	27.538 	-0.086 	-0.036 	0.053 	
119.411 	22.821 	148.685 	-0.033 	-0.097 	-0.001 	
-857.188 	-1210.821 	534.886 	-0.182 	-0.260 	0.110 	
125.850 	-200.391 	129.523 	0.031 	-0.032 	0.023 	
-625.106 	246.151 	727.841 	-0.136 	0.064 	0.165 	
-21.468 	-69.766 	38.937 	-0.134 	0.028 	0.130 	
46.784 	-66.258 	48.367 	-0.177 	0.032 	-0.040 	
89.420 	-61.700 	17.035 	0.138 	-0.015 	-0.108 	
14.604 	-75.656 	64.663 	0.006 	-0.061 	-0.027 	
93.729 	27.989 	25.100 	-0.022 	-0.036 	-0.005 	
86.466 	-68.293 	52.083 	0.138 	0.103 	-0.017 	
1.462 	-29.732 	265.969 	0.028 	-0.052 	-0.021 	
-56.151 	18.485 	103.151 	-0.061 	0.000 	0.067 	
-34.888 	50.489 	24.831 	-0.009 	0.146 	-0.048 	
80.234 	-72.908 	-65.463 	0.068 	-0.031 	-0.084 	
-44.819 	-84.003 	61.282 	-0.130 	-0.057 	0.069 	
-359.503 	-27.653 	82.871 	-0.027 	0.010 	0.023 	
66.559 	-60.673 	54.671 	-0.237 	0.062 	0.008 	
4.532 	-82.093 	100.503 	0.087 	-0.155 	0.135 	
-71.326 	-159.296 	85.994 	-0.043 	-0.040 	-0.038 	
56.329 	-75.310 	54.161 	-0.088 	0.034 	-0.080 	
124.440 	153.831 	33.705 	0.086 	0.026 	0.017 	
90.039 	-53.341 	39.106 	-0.093 	0.013 	-0.001 	
-3.680 	-28.916 	-75.807 	-0.119 	0.041 	-0.051 	
22.691 	-58.240 	37.014 	-0.129 	-0.208 	-0.190 	
-2759.202 	12266.867 	15722.127 	-1.661 	6.956 	8.885 	
24.749 	-67.954 	26.169 	-0.069 	-0.198 	-0.125 	
-80.620 	-89.534 	39.518 	-0.031 	-0.124 	-0.140 	
-19.434 	-31.472 	43.748 	-0.009 	0.000 	-0.047 	
-173.401 	189.683 	-99.469 	-0.127 	0.133 	-0.095 	
-76.775 	-226.036 	65.635 	0.024 	0.036 	0.010 	
17.345 	-6.232 	7.406 	0.011 	-0.145 	0.092 	
-110.166 	-92.480 	119.821 	-0.015 	-0.120 	-0.001 	
-49.335 	-247.977 	58.030 	0.016 	0.011 	-0.019 	
-24.181 	-48.904 	67.386 	0.005 	0.109 	-0.063 	
-39.932 	-19.963 	55.954 	-0.098 	0.074 	-0.110 	
-190.708 	-103.792 	-11.349 	0.068 	-0.020 	-0.004 	
-862.494 	-1082.160 	3714.859 	-0.163 	-0.177 	0.621 	
-26.655 	-66.129 	-1.005 	0.066 	-0.022 	-0.190 	
-33.893 	-68.323 	78.063 	0.094 	0.017 	-0.130 	
67.883 	-23.821 	160.971 	-0.014 	0.013 	0.029 	
-1.290 	-94.068 	-58.842 	0.014 	-0.043 	-0.036 	
132.260 	-63.728 	-16.203 	-0.055 	-0.010 	0.107 	
79.076 	-94.095 	26.022 	0.094 	-0.028 	0.084 	
92.391 	-57.990 	71.256 	0.022 	-0.087 	0.040 	
-37.460 	-59.745 	33.750 	0.240 	0.005 	-0.048 	
38.207 	-71.903 	74.220 	0.160 	-0.018 	-0.003 	
12.284 	-115.472 	-17.305 	0.066 	0.088 	0.030 	
-5.230 	-34.403 	93.843 	-0.020 	0.045 	-0.066 	
-22.640 	-61.887 	45.389 	-0.096 	0.070 	0.049 	
-53.795 	7.588 	82.109 	0.066 	-0.053 	-0.027 	
22.277 	-80.843 	59.058 	-0.032 	-0.053 	0.154 	
-135.315 	-8.642 	65.308 	-0.066 	-0.027 	-0.034 	
11.205 	-65.916 	65.594 	0.025 	0.180 	-0.053 	
76.913 	-99.621 	99.596 	-0.051 	0.100 	-0.076 	
-13.850 	-78.845 	31.521 	0.070 	-0.011 	-0.022 	
22.457 	-58.480 	83.324 	0.118 	0.141 	-0.114 	
-698.543 	-1087.694 	-1660.593 	-0.254 	-0.331 	-0.516 	
121.173 	-11.693 	-43.282 	-0.066 	-0.036 	0.010 	
38.703 	-80.420 	-74.901 	-0.143 	-0.022 	0.037 	
288.712 	-30.607 	-0.631 	0.055 	-0.011 	0.005 	
-108.310 	-71.101 	55.672 	-0.030 	0.002 	0.013 	
-80.794 	-68.044 	123.168 	-0.076 	-0.024 	0.069 	
77.993 	-103.148 	119.947 	-0.010 	0.134 	0.121 	
28.863 	-85.773 	-23.618 	0.066 	0.017 	0.003 	
56.222 	-81.891 	48.304 	-0.095 	-0.078 	0.099 	
-19.764 	-67.408 	200.264 	-0.121 	-0.044 	-0.047 	
28.971 	-64.806 	6.107 	0.051 	0.075 	-0.135 	
-17.598 	-73.590 	35.204 	0.168 	0.106 	0.020 	
-237.050 	-6945.229 	-1188.030 	-0.060 	-1.308 	-0.223 	
-27.963 	76.689 	-7.622 	0.005 	0.020 	-0.031 	
122.003 	-59.230 	-45.705 	-0.020 	0.027 	-0.001 	
-77716.506 	-7003.526 	-63659.226 	-23.128 	-2.071 	-18.899 	
-49.435 	-44.182 	47.390 	0.062 	0.099 	0.118 	
38.246 	-32.003 	55.356 	0.120 	-0.200 	0.147 	
70.526 	-28.414 	73.756 	-0.016 	-0.112 	0.156 	
56.210 	-13.340 	59.992 	0.036 	0.059 	0.161 	
30.383 	49.231 	72.389 	-0.020 	-0.090 	-0.079 	
6.312 	-55.981 	12.452 	0.124 	0.107 	0.071 	
91.379 	-73.555 	48.159 	0.083 	0.002 	-0.108 	
-37.628 	-115.745 	-2.856 	-0.056 	-0.092 	-0.024 	
-75.155 	-39.075 	38.506 	0.018 	-0.102 	-0.061 	
3138.256 	-12414.911 	-15569.453 	1.676 	-7.008 	-8.818 	
189.870 	-0.161 	-4.219 	0.045 	0.014 	0.044 	
-61.876 	6.327 	3.959 	-0.059 	0.065 	-0.024 	
-113.735 	-35.410 	54.060 	0.102 	-0.065 	-0.025 	
4269.699 	-3263.585 	-2608.309 	0.881 	-0.660 	-0.534 	
-62.918 	57.608 	8.408 	0.030 	-0.020 	0.036 	
-1374.067 	-630.691 	470.094 	-0.707 	-0.257 	0.187 	
-4.640 	-110.050 	1.347 	0.056 	0.046 	0.096 	
