## Las primeras 500 lineas corresponden a la esfera 1 
##las siguienets 500 lineas a la esfera 2
## Las primeras tres columnas corresponden a la posición en 'x', 'y' y 'z', las siguientes tres a las velocidades
-125.040 	-180.115 	56.734 	0.024 	-0.001 	0.034 	
22.858 	-61.183 	72.272 	-0.013 	-0.102 	0.041 	
-2.866 	-44.031 	41.169 	-0.009 	-0.149 	0.054 	
-2037.749 	2434.340 	-396.760 	-0.336 	0.400 	-0.072 	
154.266 	-107.665 	79.177 	0.055 	0.037 	0.056 	
57.692 	91.016 	49.051 	-0.101 	0.259 	0.005 	
53.874 	59.390 	26.854 	0.050 	0.105 	0.012 	
87.957 	-30.522 	71.074 	0.043 	0.106 	-0.083 	
-16.604 	-66.570 	45.752 	-0.118 	-0.099 	-0.065 	
71.373 	-64.769 	68.420 	0.138 	-0.078 	-0.000 	
-412.336 	2209.873 	-1188.126 	-0.072 	0.379 	-0.203 	
28.490 	-80.367 	27.954 	0.019 	-0.014 	0.104 	
1563.536 	-2073.511 	1472.524 	0.265 	-0.350 	0.250 	
18.919 	40.200 	47.839 	0.030 	0.043 	-0.002 	
87.807 	-66.234 	26.561 	-0.035 	0.075 	0.012 	
126.945 	-20.615 	2.612 	-0.063 	-0.066 	0.078 	
107.922 	-103.234 	104.293 	0.028 	-0.093 	0.075 	
-112.282 	75.026 	79.852 	-0.071 	0.006 	-0.088 	
18.285 	-67.314 	42.514 	0.091 	0.004 	-0.013 	
82.580 	-144.469 	13.911 	-0.026 	0.006 	0.027 	
76.748 	-125.699 	41.008 	-0.079 	-0.098 	0.126 	
107.869 	-83.463 	28.866 	-0.006 	-0.200 	-0.089 	
11.113 	-92.135 	75.215 	-0.033 	-0.144 	0.095 	
159.457 	-82.766 	81.447 	0.018 	0.056 	-0.069 	
-24.957 	-65.576 	68.509 	0.151 	0.010 	-0.045 	
-151.994 	-147.821 	132.333 	-0.054 	-0.025 	0.018 	
53.463 	-60.433 	63.732 	-0.001 	-0.140 	-0.020 	
-16.828 	-36.438 	58.230 	0.066 	-0.007 	0.041 	
-200.264 	-54.152 	89.338 	0.041 	-0.000 	0.086 	
85.271 	-15.284 	-22.953 	-0.100 	-0.058 	-0.019 	
-195.893 	75.130 	50.955 	0.011 	-0.064 	0.019 	
22.284 	-56.226 	94.170 	-0.106 	0.022 	0.148 	
28.762 	-39.838 	74.172 	-0.070 	-0.205 	-0.020 	
44.814 	-69.458 	38.026 	0.036 	0.057 	-0.073 	
-20.429 	0.998 	66.272 	-0.008 	0.011 	0.080 	
46.302 	-59.984 	49.368 	-0.173 	0.109 	-0.013 	
-55.013 	-168.639 	107.534 	-0.035 	0.090 	-0.102 	
113.193 	-21.086 	5.755 	0.041 	0.013 	-0.020 	
-110.971 	-64.333 	81.591 	0.150 	0.006 	-0.044 	
41.855 	-45.338 	46.470 	-0.013 	0.075 	0.040 	
25.645 	-29.226 	40.516 	-0.073 	0.065 	0.039 	
23.461 	-75.266 	62.583 	-0.117 	-0.023 	-0.012 	
-39.700 	-97.793 	79.608 	0.101 	0.075 	0.019 	
143.491 	-23.901 	102.902 	0.031 	-0.041 	-0.010 	
-27.504 	39.987 	56.336 	-0.078 	-0.017 	0.047 	
6.862 	-56.739 	84.143 	-0.047 	-0.048 	0.170 	
67.335 	-35.505 	48.878 	0.183 	0.050 	-0.157 	
46.385 	-62.659 	49.022 	-0.073 	0.036 	0.138 	
24.745 	49.725 	48.342 	-0.130 	0.058 	-0.033 	
19.950 	-60.478 	14.763 	-0.052 	-0.021 	0.080 	
145.142 	167.020 	197.875 	-0.036 	-0.029 	-0.022 	
53.378 	-42.643 	82.228 	-0.143 	-0.132 	-0.083 	
-15.810 	-20.657 	15.114 	-0.012 	0.019 	-0.029 	
-18.571 	-40.392 	68.791 	0.059 	0.083 	0.047 	
35.638 	-45.633 	64.931 	0.028 	-0.058 	0.085 	
88.607 	-82.935 	126.390 	-0.000 	0.053 	-0.060 	
77.885 	-56.411 	73.264 	-0.090 	0.213 	0.055 	
3.347 	-19.694 	60.377 	0.166 	0.093 	-0.064 	
155.676 	-234.287 	-9.852 	-0.027 	0.029 	0.003 	
-9.142 	-70.267 	16.675 	-0.008 	0.021 	-0.082 	
-38.618 	-54.073 	39.458 	0.175 	-0.029 	0.095 	
-47.440 	-91.400 	18.578 	0.035 	-0.101 	-0.062 	
-168.485 	-204.349 	-0.823 	-0.038 	-0.036 	0.017 	
80.109 	-158.597 	38.903 	-0.020 	0.026 	-0.003 	
100.140 	114.632 	65.760 	0.061 	0.081 	0.021 	
48.918 	-104.517 	28.602 	0.015 	-0.063 	0.058 	
-1016.353 	-1755.355 	-1429.608 	-0.178 	-0.289 	-0.237 	
22.041 	-216.470 	195.016 	-0.031 	-0.015 	0.017 	
22.278 	-66.779 	39.015 	0.155 	-0.007 	0.027 	
13.422 	-41.812 	73.131 	0.090 	-0.093 	0.211 	
-7.309 	-27.269 	35.064 	0.141 	-0.011 	-0.046 	
34.992 	-51.863 	49.706 	-0.095 	-0.086 	-0.054 	
100.779 	-131.974 	-49.224 	-0.049 	0.084 	0.059 	
-10.590 	-55.332 	65.954 	-0.091 	0.059 	-0.140 	
45.823 	-60.913 	-14.158 	0.006 	-0.039 	-0.184 	
47.774 	-107.138 	-102.587 	0.093 	-0.009 	0.016 	
106.025 	-55.986 	23.729 	0.174 	0.112 	-0.012 	
832.490 	1250.821 	2203.181 	0.134 	0.198 	0.351 	
46.045 	21.256 	47.275 	-0.036 	0.077 	0.037 	
52.691 	-43.622 	67.783 	0.037 	0.031 	-0.004 	
-89.156 	-71.806 	184.474 	0.031 	-0.036 	-0.000 	
10.139 	-55.296 	76.551 	0.227 	0.117 	-0.076 	
54.536 	-66.109 	41.620 	0.062 	-0.154 	-0.238 	
-88.501 	-386.189 	615.330 	0.001 	-0.024 	0.055 	
-10.015 	-9.300 	43.685 	-0.166 	-0.055 	0.076 	
246.274 	-49.640 	59.500 	-0.061 	-0.003 	-0.044 	
100.455 	-70.238 	173.165 	0.041 	-0.031 	0.009 	
66.289 	-18.036 	77.302 	0.089 	0.104 	0.018 	
30.647 	-37.732 	48.616 	-0.057 	-0.116 	0.080 	
-5.648 	-17.392 	75.819 	-0.093 	-0.049 	-0.098 	
-3.369 	-54.508 	87.162 	-0.090 	0.041 	-0.194 	
-131.515 	-39.886 	-53.125 	-0.031 	0.013 	0.113 	
35.818 	-58.403 	18.557 	-0.193 	-0.097 	-0.003 	
-102.181 	-122.443 	7.587 	0.049 	-0.116 	0.106 	
58.391 	-60.831 	-2.869 	0.129 	-0.069 	-0.006 	
68.349 	-243.131 	-1.380 	-0.042 	0.028 	-0.000 	
15.094 	-60.615 	41.667 	0.043 	0.035 	-0.010 	
3667.674 	-3952.271 	-3.366 	0.612 	-0.667 	0.004 	
5303.410 	-4869.522 	-10124.509 	0.871 	-0.795 	-1.651 	
75.469 	-164.194 	3.081 	0.036 	-0.074 	-0.062 	
-14.086 	-77.155 	82.115 	-0.008 	-0.137 	0.044 	
-11.948 	-102.561 	5.105 	0.090 	0.038 	0.143 	
57.826 	-51.160 	92.478 	-0.015 	-0.069 	-0.045 	
-25.972 	-45.321 	33.439 	0.036 	-0.039 	-0.070 	
4678.331 	-3281.779 	2806.689 	0.754 	-0.523 	0.450 	
-4523.218 	5972.666 	10765.847 	-0.730 	0.971 	1.752 	
3011.228 	-74.069 	246.727 	0.616 	-0.008 	0.048 	
-1527.486 	1313.703 	554.981 	-0.688 	0.597 	0.250 	
18.045 	-30.263 	66.970 	-0.012 	-0.006 	-0.115 	
590.394 	-87.922 	267.157 	0.040 	0.032 	0.027 	
44.462 	-51.642 	106.261 	-0.004 	-0.001 	0.174 	
45.892 	-61.974 	83.178 	-0.170 	-0.072 	-0.038 	
-1866.570 	-584.573 	134.053 	-0.437 	-0.104 	0.022 	
248.301 	76.468 	-67.553 	-0.021 	0.019 	0.014 	
57.867 	8.018 	39.111 	-0.103 	-0.082 	0.052 	
4.508 	-49.523 	49.900 	0.047 	0.084 	-0.001 	
67.407 	-2.908 	18.111 	-0.042 	-0.105 	-0.045 	
261.136 	-314.082 	14.029 	0.035 	0.053 	-0.018 	
68.501 	-30.682 	128.322 	0.084 	0.131 	-0.049 	
74.648 	-55.826 	26.924 	0.121 	0.047 	-0.107 	
-184.342 	-107.752 	-73.474 	-0.028 	0.018 	0.091 	
26.037 	-52.747 	97.500 	0.097 	0.184 	-0.101 	
-12.084 	-44.267 	-11.925 	-0.081 	0.065 	-0.029 	
31.298 	0.550 	78.639 	0.029 	-0.096 	-0.055 	
415.600 	54.243 	70.794 	0.001 	-0.029 	-0.007 	
-32.010 	-100.318 	58.200 	0.125 	-0.014 	-0.028 	
28.053 	-63.272 	53.104 	-0.019 	0.028 	0.017 	
6.439 	-75.483 	43.196 	0.201 	-0.031 	-0.093 	
-30.641 	-45.684 	61.277 	-0.121 	-0.003 	0.168 	
125.690 	-107.282 	12.120 	-0.072 	-0.032 	-0.027 	
-16.372 	-65.737 	48.175 	-0.078 	0.167 	-0.003 	
87.686 	-64.125 	85.790 	-0.103 	-0.011 	-0.027 	
129.601 	-42.278 	40.235 	0.089 	0.018 	0.087 	
458.259 	876.961 	-357.215 	0.302 	0.654 	-0.271 	
-4.780 	-56.647 	47.934 	-0.035 	0.004 	-0.050 	
20.690 	-119.418 	155.383 	-0.054 	-0.015 	-0.049 	
7.491 	-45.711 	46.046 	-0.077 	0.034 	0.086 	
-221.702 	-357.321 	130.837 	-0.044 	-0.112 	0.009 	
-28188.916 	-8333.356 	-16737.389 	-5.694 	-1.675 	-3.368 	
-3531.512 	3015.486 	-1806.744 	-0.556 	0.480 	-0.285 	
35.784 	-73.860 	91.837 	-0.113 	-0.170 	0.152 	
-1467.026 	-289.942 	923.612 	-0.289 	-0.060 	0.173 	
1016.019 	93.921 	-193.668 	0.190 	0.016 	-0.063 	
66.357 	-25.022 	97.786 	0.083 	0.117 	-0.073 	
-598.868 	1852.565 	-621.232 	-0.671 	1.959 	-0.679 	
53.232 	-96.902 	72.949 	-0.326 	0.024 	0.324 	
-4.072 	-117.642 	86.288 	0.147 	-0.051 	-0.088 	
-114.772 	-24.546 	118.992 	0.068 	0.009 	-0.008 	
25.946 	-158.350 	7.666 	0.133 	-0.129 	-0.024 	
235.201 	-1906.471 	723.341 	0.195 	-1.941 	0.716 	
19.429 	-82.372 	107.146 	-0.044 	-0.084 	-0.044 	
-88.389 	-149.057 	-7.979 	0.027 	0.001 	0.030 	
23.625 	-96.422 	83.987 	-0.070 	0.016 	-0.098 	
-11.882 	-50.630 	39.261 	-0.003 	0.089 	0.152 	
-12.511 	-49.077 	58.579 	0.046 	0.125 	-0.032 	
49.007 	-63.387 	56.965 	0.141 	0.188 	0.104 	
-26.206 	-64.897 	48.153 	0.136 	-0.060 	-0.044 	
26.865 	-73.188 	57.518 	-0.133 	0.002 	0.054 	
665.474 	460.254 	-656.824 	0.103 	0.094 	-0.117 	
61.988 	-20.477 	80.493 	-0.158 	-0.079 	0.069 	
60.760 	-16.664 	96.846 	0.135 	-0.061 	0.077 	
-186.355 	-42.259 	77.968 	-0.011 	0.048 	-0.084 	
-193.542 	132.562 	254.566 	-0.033 	-0.022 	0.012 	
-19.111 	-47.015 	70.832 	-0.027 	-0.056 	0.059 	
-23.466 	-125.569 	99.693 	0.114 	-0.030 	-0.072 	
69.063 	-61.677 	89.479 	0.130 	-0.008 	0.136 	
-19.443 	-144.804 	-3.000 	-0.128 	-0.046 	-0.019 	
131.019 	-49.078 	51.520 	-0.083 	-0.074 	0.077 	
18.621 	-28.319 	40.978 	0.207 	-0.094 	0.041 	
22.665 	-81.305 	52.798 	-0.109 	-0.176 	0.066 	
-47.992 	-132.764 	25.720 	-0.128 	-0.082 	-0.088 	
1537.332 	-28343.932 	-16441.483 	0.817 	-15.883 	-9.238 	
127.930 	-27.293 	32.133 	0.083 	-0.031 	0.027 	
64.141 	-48.445 	95.811 	-0.031 	0.154 	0.114 	
3.630 	-25.475 	81.434 	-0.117 	0.105 	0.042 	
122.675 	-93.289 	-0.854 	-0.165 	-0.035 	0.019 	
22.033 	-59.645 	73.808 	-0.084 	0.003 	0.012 	
101.896 	36.816 	42.780 	0.012 	-0.060 	-0.078 	
202.902 	-27.167 	-233.127 	-0.022 	-0.031 	0.039 	
103.956 	-128.163 	7.258 	-0.095 	0.045 	0.050 	
191.556 	-61.730 	52.717 	0.379 	0.042 	0.119 	
71.006 	-65.382 	7.928 	0.236 	0.011 	-0.081 	
5.264 	-82.830 	43.118 	-0.013 	-0.043 	-0.054 	
-110.108 	-64.461 	31.921 	0.059 	0.093 	-0.065 	
73.484 	-53.666 	-51.378 	0.148 	-0.026 	-0.005 	
-5.266 	-74.174 	53.875 	0.061 	0.090 	-0.027 	
39.506 	-160.843 	-45.612 	-0.127 	-0.116 	-0.001 	
-687.825 	439.780 	949.295 	-0.203 	0.102 	0.211 	
126.600 	-59.921 	82.505 	0.090 	0.134 	0.001 	
208.846 	-29.550 	-15.669 	-0.118 	-0.053 	-0.028 	
144.562 	-7.232 	-26.501 	-0.015 	-0.033 	-0.096 	
37.054 	-66.652 	49.935 	-0.097 	-0.075 	0.094 	
-398.783 	-784.644 	389.910 	-0.312 	-0.534 	0.264 	
-30.629 	-120.099 	63.841 	0.112 	0.079 	-0.017 	
-172.037 	-100.716 	20.179 	0.026 	-0.011 	0.011 	
35.249 	-52.385 	43.057 	0.102 	0.041 	0.057 	
4516.738 	532.694 	896.798 	0.887 	0.117 	0.177 	
63.553 	-90.878 	46.994 	-0.006 	0.063 	0.065 	
105.734 	-47.813 	51.187 	-0.093 	0.076 	0.072 	
-16.295 	-70.343 	40.314 	0.000 	-0.030 	-0.169 	
-15.653 	-49.583 	66.181 	-0.103 	-0.102 	0.189 	
126.222 	-150.453 	-10.985 	0.185 	0.009 	-0.050 	
15.680 	-125.963 	-15.895 	-0.115 	-0.045 	0.017 	
-8.880 	-40.638 	58.108 	0.055 	-0.019 	-0.088 	
194.201 	-335.745 	673.197 	0.008 	-0.051 	0.094 	
-147.094 	-17.628 	25.676 	-0.014 	0.025 	0.059 	
42.771 	-104.902 	-87.729 	-0.021 	-0.058 	0.007 	
1206.558 	-1289.610 	-404.007 	0.392 	-0.401 	-0.133 	
25.870 	-78.844 	98.701 	0.108 	0.074 	0.008 	
33.751 	-38.424 	65.820 	-0.136 	-0.187 	-0.093 	
73.569 	-47.061 	109.543 	-0.056 	0.044 	-0.117 	
638.226 	-270.278 	116.158 	0.045 	-0.026 	-0.004 	
-27.574 	-47.715 	49.254 	-0.192 	0.024 	-0.027 	
3.334 	-103.356 	81.823 	-0.113 	-0.119 	0.061 	
20.301 	-88.024 	67.553 	0.080 	0.085 	0.229 	
283.108 	-72.599 	24.255 	-0.073 	0.014 	0.042 	
-143.809 	-23.536 	-4.071 	-0.001 	-0.071 	-0.080 	
-31.847 	-145.265 	1.176 	-0.078 	-0.117 	-0.088 	
-18.620 	-174.838 	101.654 	-0.039 	0.011 	0.077 	
11.236 	-66.260 	76.874 	0.066 	0.004 	0.081 	
-34.488 	-51.751 	78.519 	0.160 	0.149 	0.019 	
83.397 	-97.273 	47.747 	-0.137 	-0.032 	0.131 	
5.195 	-57.397 	51.163 	-0.251 	-0.129 	0.194 	
117.248 	-58.453 	2.361 	0.122 	-0.063 	-0.043 	
95.839 	-45.142 	-37.433 	-0.003 	-0.030 	0.055 	
60.447 	-17.087 	79.969 	0.036 	0.039 	0.075 	
22.853 	-34.654 	66.859 	0.022 	0.086 	0.076 	
8.303 	-66.821 	3.080 	0.088 	-0.049 	0.121 	
-0.193 	-79.558 	66.140 	0.122 	-0.013 	0.035 	
32.884 	-54.704 	80.876 	0.200 	-0.093 	-0.000 	
12.840 	-67.624 	80.528 	0.215 	-0.119 	-0.063 	
-15.679 	-42.602 	70.475 	0.060 	-0.075 	-0.015 	
160.193 	-11.280 	113.544 	0.012 	0.027 	0.014 	
21.495 	-115.813 	55.017 	0.144 	0.108 	-0.058 	
-101.738 	-56.655 	70.061 	0.024 	-0.156 	0.026 	
384.375 	-579.234 	-381.816 	0.035 	-0.117 	-0.078 	
-72.723 	-89.307 	64.303 	-0.026 	0.026 	-0.042 	
31.854 	-84.441 	37.644 	-0.110 	-0.191 	-0.025 	
-66.299 	-134.439 	-16.119 	0.120 	0.050 	0.037 	
-141.439 	44.297 	-59.816 	-0.017 	0.062 	-0.037 	
-113.800 	-113.729 	115.522 	0.008 	-0.089 	-0.010 	
15.572 	-61.232 	45.247 	0.034 	-0.136 	-0.038 	
79.957 	-105.009 	135.980 	-0.107 	-0.103 	0.018 	
35.746 	-193.259 	3.019 	-0.162 	-0.063 	-0.030 	
7761.362 	9044.507 	3371.471 	3.031 	3.585 	1.316 	
638.440 	-139.633 	-95.042 	0.155 	-0.034 	-0.030 	
8.762 	-87.732 	67.184 	-0.137 	-0.155 	0.045 	
-3.033 	-90.033 	75.896 	0.008 	-0.091 	-0.064 	
3.260 	-149.688 	110.288 	0.032 	0.124 	0.030 	
97.766 	-75.841 	6.860 	0.019 	-0.022 	-0.068 	
1995.904 	1261.091 	445.744 	0.329 	0.214 	0.073 	
-83.031 	-128.408 	102.088 	0.069 	-0.054 	-0.001 	
50.305 	-50.756 	61.638 	-0.148 	0.080 	-0.105 	
184.034 	-17.359 	-2.218 	-0.106 	-0.009 	-0.124 	
50.527 	-14.998 	53.574 	-0.126 	-0.014 	-0.087 	
81.954 	-88.260 	45.647 	0.089 	-0.043 	-0.097 	
-49.008 	-96.833 	134.235 	-0.080 	0.038 	-0.066 	
55.523 	-23.648 	-64.584 	0.129 	0.003 	0.032 	
2103.091 	1228.828 	-1305.534 	0.345 	0.210 	-0.210 	
-16.347 	-25.045 	54.085 	-0.024 	-0.121 	-0.041 	
-1541.810 	28011.356 	16352.395 	-0.911 	15.733 	9.160 	
39.789 	46.993 	-31.612 	0.031 	0.001 	-0.013 	
-106.931 	-94.810 	-65.366 	-0.036 	0.037 	-0.003 	
26.365 	-30.022 	75.977 	-0.029 	-0.060 	-0.009 	
-78.756 	-113.352 	-57.863 	0.103 	0.067 	-0.031 	
33.327 	-127.499 	-61.372 	-0.047 	0.039 	-0.053 	
-1.470 	-73.403 	13.191 	-0.037 	0.099 	-0.204 	
-3693.753 	-392.597 	-140.041 	-0.714 	-0.066 	-0.025 	
-105.571 	-43.285 	227.500 	-0.003 	0.040 	0.076 	
-13.893 	1.482 	-49.747 	0.009 	-0.015 	0.069 	
-6.124 	-36.892 	28.852 	0.016 	-0.118 	0.063 	
39.935 	-76.730 	93.957 	0.010 	-0.064 	0.165 	
-19.108 	-84.499 	66.971 	-0.074 	0.054 	-0.031 	
62.826 	-50.965 	59.545 	-0.012 	0.109 	0.144 	
26.241 	2.938 	72.421 	0.011 	-0.097 	0.083 	
-74.705 	-89.408 	19.956 	-0.101 	0.020 	-0.051 	
-27.944 	-68.291 	41.909 	-0.116 	-0.015 	0.033 	
2125.198 	-400.578 	67.442 	0.406 	-0.081 	0.006 	
0.582 	-17.312 	110.137 	-0.058 	0.007 	0.193 	
58.066 	-82.201 	28.495 	-0.081 	-0.092 	-0.026 	
-0.244 	-42.491 	113.411 	0.078 	-0.050 	0.124 	
67.940 	14.124 	36.702 	-0.079 	0.112 	-0.006 	
-1165.547 	-604.191 	-2585.051 	-0.189 	-0.102 	-0.421 	
81.390 	-54.028 	-23.268 	-0.120 	-0.038 	0.004 	
-59.598 	-36.417 	90.013 	-0.193 	-0.002 	-0.096 	
72.772 	-55.204 	43.466 	-0.045 	-0.070 	0.054 	
48.458 	-168.366 	36.101 	0.052 	-0.045 	-0.071 	
33.170 	-14.163 	51.550 	-0.069 	0.079 	0.083 	
19.987 	-35.418 	78.755 	-0.123 	0.022 	0.011 	
-87.675 	-33.166 	204.001 	-0.072 	-0.003 	-0.028 	
45.359 	-56.973 	151.881 	0.010 	-0.023 	0.090 	
31.763 	-21.375 	66.067 	-0.018 	-0.046 	0.003 	
101.630 	-120.026 	16.464 	0.026 	-0.091 	0.006 	
20.594 	-96.418 	32.724 	-0.039 	-0.060 	0.068 	
34.228 	-51.382 	59.416 	-0.073 	-0.072 	0.048 	
-18.506 	-73.718 	69.451 	-0.067 	0.109 	0.057 	
330.633 	-358.623 	32.923 	-0.039 	-0.040 	0.000 	
-146.922 	-86.384 	105.919 	-0.001 	-0.012 	0.046 	
11.165 	-53.849 	43.514 	-0.116 	0.059 	0.001 	
29.761 	-56.944 	32.697 	0.075 	-0.095 	-0.056 	
4.426 	-74.859 	56.354 	-0.029 	-0.203 	-0.051 	
16.284 	-65.195 	95.154 	-0.008 	-0.049 	0.052 	
32.866 	-52.041 	45.761 	0.069 	0.050 	-0.105 	
24.187 	-108.030 	65.580 	-0.016 	-0.021 	0.119 	
110.482 	-65.944 	-17.172 	0.106 	-0.026 	0.016 	
105.158 	-33.411 	75.181 	0.032 	-0.086 	0.134 	
-242.375 	7.219 	51.786 	-0.039 	0.055 	0.028 	
45.479 	-122.275 	57.252 	-0.033 	0.046 	0.139 	
55.953 	-43.780 	54.808 	0.027 	0.018 	-0.084 	
26.176 	-56.429 	94.687 	0.069 	-0.018 	0.132 	
55.517 	-17.378 	53.649 	0.031 	0.059 	0.071 	
-26.720 	-46.808 	37.701 	-0.183 	0.078 	-0.035 	
-88.465 	-131.718 	-25.316 	-0.040 	-0.113 	-0.024 	
-53.436 	-143.219 	2.802 	-0.023 	0.100 	0.143 	
-1005.837 	-1724.220 	1702.271 	-0.182 	-0.287 	0.298 	
119.448 	-282.465 	4.237 	-0.022 	-0.016 	-0.004 	
141.141 	-43.364 	76.407 	-0.032 	0.091 	0.108 	
61.737 	-85.297 	-58.734 	-0.042 	-0.032 	-0.159 	
63.046 	-47.993 	52.241 	0.013 	0.010 	0.068 	
30.923 	-59.081 	33.107 	0.127 	0.020 	-0.063 	
85.181 	-25.189 	146.513 	-0.117 	-0.030 	0.075 	
137.351 	-51.147 	164.570 	0.019 	-0.029 	-0.011 	
91.304 	-46.722 	97.614 	0.050 	0.054 	-0.078 	
-40.845 	-64.628 	71.552 	-0.038 	0.026 	-0.015 	
-928.625 	50.250 	-1173.502 	-0.308 	0.050 	-0.434 	
94.436 	-5.451 	67.172 	-0.065 	0.047 	0.002 	
136.419 	8.692 	108.036 	0.027 	-0.026 	0.079 	
29.555 	-38.222 	80.423 	-0.225 	-0.021 	0.009 	
42.338 	-125.908 	19.289 	-0.103 	-0.028 	0.060 	
-1100.473 	4272.482 	470.754 	-0.192 	0.719 	0.084 	
-33.787 	137.924 	-28.813 	-0.038 	-0.034 	0.079 	
51.867 	-51.549 	107.245 	0.159 	0.025 	-0.059 	
-14.086 	-79.683 	86.267 	-0.112 	0.083 	0.040 	
158.924 	-52.578 	53.388 	-0.093 	0.131 	0.101 	
42.483 	-83.915 	83.140 	-0.008 	-0.072 	-0.066 	
-105.937 	-197.937 	-26.820 	-0.064 	-0.047 	-0.005 	
78.882 	-67.479 	35.073 	-0.011 	-0.023 	-0.088 	
8.014 	-71.478 	55.729 	-0.168 	-0.020 	-0.048 	
83.186 	-70.418 	72.516 	0.000 	0.089 	0.082 	
-345.502 	-70.185 	65.058 	-0.062 	-0.039 	-0.003 	
-112.263 	-81.810 	-77.138 	-0.017 	0.023 	-0.074 	
23.130 	21.861 	28.310 	-0.143 	0.105 	-0.028 	
109.345 	-56.521 	45.179 	0.160 	-0.091 	0.016 	
85.723 	-74.762 	128.357 	-0.061 	-0.038 	-0.043 	
132.341 	-78.277 	46.612 	0.025 	-0.021 	-0.010 	
12.348 	-60.689 	70.473 	0.192 	-0.052 	-0.159 	
7.970 	-91.870 	28.193 	0.232 	-0.003 	-0.051 	
102.892 	-43.174 	36.167 	-0.129 	-0.029 	0.092 	
15.524 	-73.775 	43.903 	-0.251 	-0.148 	-0.003 	
-91.164 	-104.462 	45.834 	-0.393 	-0.055 	0.107 	
48.287 	-37.358 	43.707 	0.024 	0.021 	-0.054 	
74.675 	-71.612 	27.412 	0.164 	-0.026 	-0.099 	
12.347 	-62.328 	54.649 	-0.028 	0.050 	0.042 	
-130.116 	-108.621 	110.411 	-0.017 	-0.072 	-0.036 	
226.833 	56.246 	-149.077 	0.004 	-0.016 	-0.002 	
75.752 	-9.674 	58.244 	-0.172 	-0.008 	-0.068 	
-32.296 	-85.698 	46.454 	-0.149 	-0.015 	-0.016 	
-25.176 	-3.787 	168.776 	0.025 	0.045 	0.109 	
127.120 	-84.124 	55.591 	-0.052 	-0.030 	0.088 	
-1020.592 	-524.774 	736.803 	-0.277 	-0.124 	0.149 	
-4.037 	-60.603 	82.100 	0.048 	0.019 	-0.040 	
56.210 	-25.688 	48.973 	-0.094 	0.145 	-0.012 	
-20.274 	-58.134 	57.118 	0.164 	-0.007 	0.075 	
75.384 	13.520 	-6.615 	-0.054 	-0.030 	-0.043 	
-157.242 	-42.817 	101.668 	-0.069 	0.042 	-0.002 	
5.756 	-64.931 	6.840 	0.191 	0.044 	0.159 	
397.710 	-288.979 	-448.953 	0.044 	-0.034 	-0.016 	
115.489 	-72.903 	104.272 	0.021 	0.027 	0.059 	
30.184 	-34.976 	-22.519 	-0.078 	0.075 	-0.038 	
78.191 	-97.081 	51.776 	-0.023 	0.122 	0.094 	
131.657 	-85.514 	61.077 	-0.024 	-0.048 	0.123 	
-17.550 	25.113 	11.647 	-0.193 	-0.086 	0.047 	
-624.093 	-195.912 	198.569 	-0.131 	-0.044 	0.005 	
597.961 	-729.282 	-79.791 	0.076 	-0.092 	-0.004 	
254.927 	61.539 	46.840 	0.024 	0.031 	-0.017 	
-13.831 	-61.365 	39.486 	-0.060 	-0.175 	0.061 	
-13.629 	-53.561 	68.600 	0.007 	0.149 	0.006 	
-29.652 	-93.964 	50.161 	0.114 	0.011 	-0.105 	
93.631 	-109.925 	30.924 	0.101 	0.008 	-0.003 	
62.055 	-95.190 	-29.058 	-0.062 	-0.014 	0.027 	
-10.868 	-64.705 	64.991 	0.015 	-0.130 	0.095 	
-23.161 	-171.719 	-13.014 	-0.012 	0.064 	0.003 	
108.923 	1.331 	60.846 	0.126 	0.080 	-0.034 	
11.878 	-209.582 	52.732 	0.034 	0.074 	0.036 	
41.133 	-81.742 	44.286 	0.011 	0.028 	0.117 	
211.770 	-57.917 	60.236 	-0.069 	0.128 	-0.019 	
133.213 	-56.856 	47.847 	0.021 	-0.008 	0.065 	
-30.185 	-54.620 	42.274 	-0.056 	0.002 	0.174 	
-121.378 	-116.350 	48.711 	-0.015 	-0.014 	0.155 	
6.280 	-78.120 	74.795 	-0.103 	-0.132 	0.128 	
-90.390 	-22.768 	123.242 	0.067 	-0.018 	-0.027 	
80.081 	16.926 	29.286 	0.030 	-0.098 	0.084 	
130.561 	-39.764 	141.496 	0.041 	0.054 	-0.102 	
39.647 	-50.359 	56.527 	-0.067 	-0.036 	-0.065 	
78.002 	-48.023 	65.848 	0.009 	0.139 	0.192 	
113.316 	5.080 	69.580 	0.001 	-0.041 	0.099 	
398.055 	490.906 	-28.050 	0.013 	0.092 	-0.008 	
-1256.052 	1365.250 	584.955 	-0.404 	0.454 	0.185 	
-34.574 	-22.170 	-40.219 	0.031 	0.049 	-0.143 	
-44.574 	-92.134 	30.295 	-0.044 	-0.024 	0.083 	
-32.170 	-39.120 	32.845 	-0.187 	-0.058 	-0.055 	
-7.959 	-84.144 	53.755 	0.162 	-0.103 	-0.046 	
318.796 	407.640 	647.717 	0.041 	0.041 	0.062 	
-64.943 	-104.369 	132.270 	0.013 	0.127 	0.038 	
90.316 	-6.969 	-14.773 	0.098 	-0.059 	-0.028 	
95.841 	-70.239 	7.385 	-0.149 	0.070 	0.018 	
1646.187 	-1889.539 	2.097 	0.260 	-0.303 	0.004 	
33.888 	-60.640 	119.736 	-0.017 	-0.099 	-0.083 	
184.031 	-18.305 	25.992 	0.030 	-0.074 	0.107 	
20.846 	-25.390 	110.557 	-0.071 	-0.019 	0.061 	
-9.670 	-67.422 	40.172 	0.063 	0.049 	-0.018 	
96.587 	-25.289 	48.168 	-0.083 	0.143 	-0.082 	
60.905 	-20.915 	131.948 	-0.017 	0.081 	-0.006 	
-21.462 	-53.362 	59.039 	0.092 	0.038 	-0.036 	
36.905 	-78.292 	51.355 	0.086 	-0.137 	-0.081 	
108.775 	-55.091 	87.095 	0.017 	-0.037 	-0.120 	
38.255 	-71.503 	47.122 	-0.125 	-0.048 	-0.029 	
691.773 	-1786.485 	-35.106 	0.118 	-0.286 	-0.015 	
246.171 	40.035 	269.182 	-0.001 	0.022 	0.008 	
149.668 	14.679 	20.009 	0.033 	0.023 	-0.072 	
-45.051 	16.621 	-10.106 	-0.110 	0.038 	-0.023 	
-71.070 	-204.746 	137.113 	0.041 	-0.112 	0.066 	
1.980 	-160.185 	53.299 	0.084 	0.021 	0.055 	
55.070 	-81.070 	61.584 	0.099 	0.065 	-0.049 	
62.820 	18.667 	84.189 	0.029 	0.017 	0.105 	
-97.214 	-117.048 	80.209 	0.054 	-0.157 	-0.001 	
70.398 	-59.684 	85.688 	-0.019 	-0.023 	0.122 	
-205.899 	9.880 	1.460 	0.032 	0.029 	0.006 	
172.800 	-100.502 	-57.230 	-0.072 	-0.036 	0.044 	
171.404 	41.835 	-1.588 	-0.044 	-0.029 	0.089 	
25.983 	-58.930 	58.749 	-0.123 	-0.103 	0.095 	
18.123 	-88.262 	30.699 	-0.115 	0.025 	-0.019 	
569.729 	-180.088 	326.703 	0.062 	-0.038 	0.037 	
5.844 	-41.671 	56.618 	0.034 	0.003 	0.073 	
22.435 	-72.952 	51.982 	0.099 	0.077 	0.068 	
113.687 	-21.687 	97.057 	-0.005 	-0.119 	-0.027 	
280.699 	17.305 	201.679 	0.065 	0.045 	0.055 	
-8.267 	-82.711 	63.092 	0.065 	-0.018 	0.026 	
56.261 	-58.923 	41.690 	-0.054 	0.074 	0.066 	
-25.081 	-82.804 	102.216 	-0.009 	-0.040 	-0.118 	
-51.904 	-93.303 	-18.579 	0.011 	-0.036 	0.125 	
9.093 	-86.848 	57.890 	-0.165 	-0.092 	0.133 	
1542.193 	3548.356 	-13235.963 	0.265 	0.621 	-2.368 	
5.236 	-4.107 	-2.735 	0.115 	-0.123 	0.028 	
-4.903 	-53.035 	44.746 	0.003 	-0.068 	0.088 	
185.779 	35.524 	-27.055 	-0.018 	-0.044 	-0.029 	
21.112 	-100.811 	68.123 	0.054 	0.039 	0.065 	
8.235 	-77.344 	63.236 	0.196 	0.024 	-0.069 	
-14.717 	-15.109 	53.778 	-0.213 	-0.122 	0.012 	
-2.307 	-78.457 	58.493 	-0.227 	-0.057 	0.206 	
-33.084 	-97.383 	43.966 	-0.006 	-0.036 	0.023 	
-34.747 	-116.661 	42.150 	-0.008 	0.127 	-0.027 	
-25.756 	-55.459 	46.045 	-0.082 	-0.020 	0.192 	
260.037 	19.691 	70.749 	0.020 	-0.044 	-0.017 	
48.846 	-42.976 	63.250 	0.006 	0.129 	0.060 	
-43.855 	-35.779 	42.790 	0.034 	-0.062 	0.030 	
158.532 	-100.581 	-28.630 	0.038 	0.042 	-0.035 	
-1.575 	-30.669 	40.368 	-0.044 	0.033 	-0.079 	
31.758 	-31.977 	60.198 	0.149 	-0.000 	0.043 	
40.990 	-98.519 	92.209 	0.159 	0.035 	-0.102 	
43.928 	-73.770 	144.396 	0.149 	0.055 	-0.029 	
63.582 	83.717 	235.020 	-0.040 	-0.005 	0.013 	
-68.840 	-101.054 	11.266 	-0.052 	-0.003 	-0.017 	
53.535 	-42.174 	46.363 	0.032 	0.020 	-0.057 	
158.250 	195.597 	256.183 	-0.007 	0.032 	0.009 	
-3709.208 	403.393 	-2918.983 	-2.458 	0.225 	-1.894 	
-115.046 	-112.042 	142.436 	-0.042 	-0.031 	0.101 	
726.469 	-354.733 	-363.579 	0.078 	-0.062 	-0.048 	
18.695 	-66.632 	57.891 	-0.182 	0.075 	0.090 	
4056.658 	-447.065 	2858.164 	2.624 	-0.332 	1.887 	
71.512 	-9.535 	45.833 	-0.116 	0.036 	-0.091 	
-47.465 	-69.827 	27.386 	0.072 	-0.008 	0.043 	
47.550 	19.475 	25.038 	0.038 	0.060 	-0.115 	
-32.326 	33.760 	55.779 	0.043 	-0.024 	-0.093 	
127.166 	-0.558 	3.493 	-0.037 	-0.057 	-0.037 	
119.570 	-16.918 	19.275 	0.152 	0.126 	-0.024 	
158.544 	21.497 	90.848 	0.058 	-0.031 	0.052 	
-56.301 	672.607 	-64.423 	-0.058 	0.294 	-0.039 	
-78.552 	-94.951 	39.755 	0.160 	0.006 	-0.017 	
-20.073 	-63.152 	51.316 	0.020 	-0.084 	0.179 	
-8.716 	-57.752 	35.835 	-0.056 	0.052 	0.074 	
0.970 	-84.202 	44.489 	-0.040 	0.076 	0.025 	
-12.881 	49.222 	-60.684 	0.024 	-0.059 	0.053 	
67.850 	-67.794 	24.506 	-0.100 	-0.045 	-0.110 	
-112.013 	-109.796 	73.304 	0.031 	-0.139 	0.035 	
54.331 	-9.369 	42.622 	0.025 	0.027 	0.053 	
94.240 	-73.105 	38.759 	-0.108 	-0.064 	-0.200 	
3353.283 	1300.542 	1454.539 	0.569 	0.233 	0.255 	
9.783 	-111.057 	55.662 	0.017 	-0.087 	-0.105 	
-1.211 	-51.669 	63.870 	-0.006 	-0.182 	-0.011 	
-127.750 	14.479 	167.306 	-0.053 	0.003 	0.045 	
-68.994 	-84.104 	-0.125 	-0.043 	0.021 	0.044 	
-22.912 	-196.311 	-45.974 	0.052 	-0.105 	-0.050 	
29.931 	-73.496 	28.531 	0.046 	0.164 	-0.070 	
62.516 	-46.751 	42.324 	-0.118 	-0.097 	-0.065 	
138.611 	-41.240 	61.674 	-0.090 	0.064 	0.039 	
-22.787 	-66.223 	61.475 	0.061 	-0.099 	0.069 	
14.719 	-89.046 	71.285 	-0.018 	0.184 	-0.130 	
136.095 	-74.029 	22.768 	-0.001 	-0.060 	0.019 	
59.018 	39.039 	58.633 	-0.055 	-0.051 	-0.064 	
-106.801 	-51.421 	-29.882 	0.007 	-0.004 	0.043 	
-51.412 	-590.605 	1089.381 	-0.039 	-0.079 	0.164 	
-66.850 	-61.283 	124.289 	0.003 	-0.018 	-0.073 	
-4.906 	-177.380 	65.915 	0.018 	0.010 	0.048 	
-29.494 	-57.925 	25.270 	-0.109 	-0.197 	-0.072 	
3.745 	-88.515 	82.560 	0.020 	-0.044 	0.063 	
5.907 	-74.318 	57.524 	-0.046 	-0.216 	-0.183 	
56.546 	-108.510 	-58.839 	0.024 	0.036 	0.158 	
569.597 	-95.488 	297.954 	0.068 	-0.024 	0.051 	
161.888 	-109.374 	-62.000 	0.088 	-0.028 	-0.019 	
-486.677 	268.024 	-308.346 	-0.140 	0.123 	-0.114 	
-72.206 	-97.528 	86.466 	-0.029 	-0.052 	-0.095 	
80.846 	-38.378 	69.603 	0.029 	-0.033 	-0.080 	
308.304 	-174.459 	48.963 	-0.008 	0.013 	-0.003 	
5.981 	-27.852 	47.546 	-0.210 	-0.045 	-0.128 	
20.263 	-64.942 	48.723 	-0.091 	-0.179 	-0.128 	
-95.386 	-33.290 	3.707 	-0.120 	-0.072 	-0.027 	
10.491 	-23.872 	97.901 	-0.017 	0.015 	0.099 	
-27.745 	-17.509 	78.610 	-0.088 	-0.105 	0.071 	
12.011 	-87.216 	36.444 	-0.099 	-0.191 	-0.009 	
-20.645 	-72.250 	41.068 	-0.138 	0.022 	0.043 	
37.364 	-76.428 	32.238 	0.053 	-0.133 	-0.028 	
-1117.959 	406.059 	-1527.588 	-0.246 	0.093 	-0.306 	
142.722 	-58.248 	88.784 	-0.064 	0.081 	-0.145 	
115.803 	25.631 	65.401 	-0.049 	-0.035 	0.031 	
104.037 	-45.777 	153.868 	-0.012 	-0.025 	-0.091 	
-130.502 	-30.569 	60.424 	0.027 	-0.003 	-0.048 	
-6.437 	-123.783 	-7.159 	-0.022 	0.002 	0.121 	
-13.894 	-81.647 	62.185 	-0.085 	-0.092 	-0.093 	
92.415 	-96.747 	33.300 	0.037 	-0.026 	-0.027 	
178.875 	184.913 	-66.131 	0.017 	0.051 	-0.021 	
-15.908 	-10.999 	50.736 	-0.175 	-0.189 	-0.011 	
-604.409 	-228.024 	64.378 	-0.063 	-0.039 	0.046 	
-39.841 	-51.075 	28.832 	-0.100 	-0.082 	-0.028 	
-37.341 	-54.329 	101.138 	-0.179 	-0.036 	0.055 	
-128.458 	-49.484 	46.299 	-0.066 	-0.002 	-0.044 	
137.368 	-135.459 	38.179 	0.049 	0.033 	-0.036 	
67.124 	-82.496 	42.143 	-0.126 	-0.022 	-0.058 	
-37.088 	-143.793 	2.483 	0.059 	0.001 	0.080 	
-131.577 	-31.181 	-165.668 	0.014 	0.005 	0.029 	
-37.805 	-7.810 	61.028 	0.067 	-0.064 	0.086 	
76.180 	-29.069 	29.878 	0.093 	0.063 	0.059 	
358.826 	-537.191 	443.565 	0.116 	-0.219 	0.174 	
46.288 	-40.419 	96.542 	-0.054 	-0.012 	0.157 	
62.819 	-42.927 	62.544 	-0.033 	-0.090 	0.061 	
49.300 	-48.134 	111.923 	0.005 	-0.073 	0.278 	
39.306 	129.077 	64.141 	-0.011 	-0.007 	0.032 	
7.722 	-111.055 	163.972 	-0.118 	0.065 	0.026 	
2.621 	-59.816 	72.119 	0.150 	-0.029 	0.101 	
43.305 	-61.298 	43.133 	-0.214 	0.144 	0.047 	
69.858 	-60.094 	79.451 	-0.137 	-0.047 	0.048 	
-31.213 	-92.029 	47.857 	0.128 	-0.059 	-0.005 	
288.181 	-670.487 	396.359 	-0.005 	-0.075 	0.050 	
78.460 	-76.374 	70.755 	-0.086 	-0.030 	-0.062 	
41.605 	-90.928 	62.478 	-0.117 	-0.021 	-0.010 	
109.389 	-6.786 	81.118 	-0.123 	-0.015 	0.131 	
69.042 	16.180 	105.575 	-0.047 	-0.031 	0.051 	
6.723 	-48.850 	79.218 	-0.092 	0.106 	0.246 	
37.779 	-60.562 	62.953 	0.204 	0.048 	0.090 	
7.162 	-10.347 	32.677 	-0.042 	-0.027 	0.018 	
-66.931 	-69.551 	38.548 	0.024 	-0.108 	-0.000 	
-77.751 	-2.290 	65.553 	-0.076 	0.036 	0.073 	
121.958 	-57.763 	87.959 	-0.086 	0.016 	0.069 	
-50.771 	55.408 	23.002 	-0.092 	-0.002 	0.053 	
-17.819 	-22.392 	84.574 	0.101 	0.008 	0.010 	
-1.464 	-51.381 	80.822 	0.212 	0.030 	0.054 	
44.418 	-71.020 	55.257 	0.180 	-0.028 	0.036 	
140.825 	-78.526 	86.331 	-0.118 	0.004 	0.083 	
27422.308 	7660.146 	16964.941 	5.490 	1.541 	3.410 	
-18.957 	-168.149 	56.553 	0.020 	-0.032 	0.010 	
-73.831 	-91.389 	-57.796 	0.009 	-0.032 	-0.029 	
-6.320 	-89.528 	56.368 	-0.010 	0.080 	0.111 	
-8.732 	-64.617 	75.646 	0.063 	-0.043 	0.035 	
136.624 	34.312 	129.529 	-0.065 	0.024 	0.037 	
32.971 	-49.684 	67.608 	0.237 	-0.084 	-0.024 	
15.497 	-64.329 	59.389 	-0.203 	-0.031 	0.115 	
-0.986 	-77.150 	76.843 	0.043 	-0.076 	-0.120 	
-29.670 	-16.572 	-1.611 	0.096 	-0.085 	0.019 	
-51.143 	-31.789 	61.894 	0.111 	0.007 	0.122 	
13.080 	-126.488 	163.110 	0.072 	-0.022 	-0.039 	
139.131 	-25.718 	-5.936 	-0.021 	-0.088 	-0.026 	
-10.155 	-104.791 	53.910 	0.117 	-0.179 	0.020 	
-470.745 	1127.236 	-368.951 	-0.099 	0.218 	-0.079 	
272.719 	56.855 	-41.631 	-0.065 	-0.027 	0.017 	
-23.675 	-32.224 	120.233 	-0.137 	0.045 	-0.006 	
-14.509 	-77.942 	83.061 	0.035 	0.146 	-0.090 	
36.283 	-74.925 	40.286 	-0.146 	-0.029 	-0.113 	
186.717 	25.033 	-49.372 	0.026 	0.026 	-0.057 	
-3.350 	-48.286 	4.113 	0.010 	0.034 	0.026 	
42.371 	-62.076 	48.342 	0.190 	-0.023 	-0.141 	
40.855 	-34.435 	47.102 	0.100 	0.001 	0.092 	
23.829 	136.016 	41.828 	-0.110 	-0.030 	-0.015 	
-100.674 	-64.459 	111.713 	-0.019 	-0.003 	-0.053 	
-74.953 	-14.399 	130.054 	-0.058 	0.077 	0.031 	
774.818 	55.428 	-96.402 	0.065 	0.000 	-0.007 	
47.675 	-32.784 	19.579 	-0.073 	0.117 	0.008 	
-5.993 	-13.082 	119.356 	0.054 	0.014 	-0.055 	
-122.550 	-9.912 	-31.087 	-0.095 	0.046 	-0.098 	
87.801 	-18.772 	96.866 	-0.012 	0.060 	0.023 	
1008.840 	124.250 	1294.915 	0.390 	0.077 	0.449 	
-254.389 	-58.415 	59.882 	-0.034 	-0.019 	0.047 	
-81.009 	-50.711 	40.724 	-0.037 	-0.191 	0.046 	
-37.711 	3.014 	79.725 	0.008 	-0.027 	0.005 	
-71.448 	0.092 	-11.902 	-0.042 	-0.113 	0.112 	
8.469 	-64.776 	42.807 	-0.122 	0.113 	-0.027 	
16.632 	-41.150 	-33.027 	0.042 	-0.081 	0.172 	
109.497 	72.205 	57.801 	-0.004 	0.087 	-0.022 	
153.159 	-43.570 	86.750 	-0.074 	0.004 	-0.038 	
-19.255 	-75.318 	105.805 	-0.006 	0.036 	-0.011 	
-220.454 	-184.848 	685.639 	-0.053 	-0.009 	0.096 	
31.142 	9.487 	118.189 	0.055 	0.043 	0.028 	
-9.356 	-54.966 	68.757 	-0.108 	-0.079 	0.133 	
-346.587 	-22.286 	-192.377 	-0.141 	-0.013 	-0.023 	
-13.388 	-71.575 	7.553 	0.054 	0.079 	0.169 	
6.634 	-74.691 	55.786 	0.073 	0.222 	-0.108 	
-12.264 	-64.479 	118.830 	0.143 	0.002 	-0.010 	
82.144 	-31.032 	-76.160 	-0.146 	-0.022 	-0.040 	
65.260 	-69.654 	7.953 	-0.047 	-0.006 	0.000 	
-20.333 	-21.457 	46.795 	0.057 	-0.162 	0.058 	
36.139 	-65.274 	50.355 	-0.062 	-0.193 	-0.125 	
1969.670 	1240.282 	-717.435 	0.439 	0.274 	-0.163 	
97.344 	-167.126 	116.170 	-0.021 	-0.280 	0.148 	
68.603 	-31.400 	57.090 	-0.189 	-0.097 	-0.081 	
638.885 	254.530 	3.308 	0.216 	0.125 	-0.009 	
-62.100 	-45.172 	60.266 	-0.154 	-0.125 	-0.034 	
53.291 	-98.295 	186.240 	-0.021 	-0.018 	0.132 	
74.681 	-67.404 	44.569 	-0.197 	0.109 	0.057 	
-62.967 	-85.429 	64.495 	0.076 	-0.077 	0.024 	
8.772 	-144.550 	17.754 	0.031 	0.048 	0.072 	
-73.704 	-30.812 	109.186 	0.121 	-0.003 	0.063 	
133.523 	-136.362 	77.020 	-0.095 	0.001 	-0.032 	
189.595 	-162.299 	98.453 	0.003 	-0.021 	0.017 	
-65.828 	-62.366 	56.377 	0.125 	-0.007 	-0.065 	
68.013 	-49.432 	21.087 	0.061 	-0.082 	0.106 	
-131.047 	-240.790 	142.493 	0.008 	0.019 	-0.034 	
-24.200 	-105.255 	81.415 	0.125 	0.067 	-0.040 	
-163.686 	-97.299 	104.026 	0.062 	0.055 	-0.015 	
-26.566 	27.363 	136.130 	0.085 	0.048 	0.035 	
-61.997 	-64.919 	-23.484 	0.023 	-0.011 	0.037 	
60.488 	-122.672 	70.019 	-0.032 	-0.141 	0.089 	
-83.723 	-72.828 	177.403 	-0.097 	-0.031 	0.106 	
113.303 	-46.838 	71.440 	0.049 	-0.045 	-0.046 	
-28.211 	-63.626 	-12.384 	-0.083 	-0.017 	-0.023 	
-41.767 	-71.475 	28.089 	0.110 	0.017 	-0.072 	
-9.172 	-70.457 	117.570 	-0.127 	0.009 	0.062 	
-175.504 	-36.942 	69.786 	-0.234 	0.025 	-0.010 	
-31.218 	-47.344 	38.832 	-0.028 	0.014 	-0.019 	
57.981 	-57.736 	80.703 	-0.099 	0.049 	0.035 	
30.282 	-64.445 	30.161 	0.145 	-0.063 	-0.038 	
194.814 	-139.425 	-106.802 	-0.011 	-0.044 	-0.029 	
160.369 	-112.183 	19.706 	0.028 	-0.025 	0.072 	
58.069 	-73.947 	14.070 	0.025 	-0.058 	-0.131 	
-66.853 	-88.010 	162.153 	-0.026 	-0.013 	0.014 	
-37.218 	-85.331 	-13.007 	-0.105 	-0.102 	-0.066 	
340.032 	1420.066 	2397.195 	0.067 	0.436 	0.723 	
571.415 	-237.001 	-34.941 	0.453 	-0.159 	-0.070 	
-11.859 	-85.717 	76.179 	0.014 	0.091 	0.042 	
190.214 	-10.186 	53.486 	-0.046 	0.039 	0.084 	
94.442 	-34.608 	3.108 	-0.018 	-0.148 	0.051 	
21.972 	-28.083 	53.397 	-0.015 	-0.017 	-0.014 	
101.567 	-49.306 	46.567 	0.114 	-0.009 	0.068 	
1792.414 	340.770 	-3827.490 	0.276 	0.060 	-0.627 	
-7588.690 	-35225.047 	-55466.505 	-1.525 	-7.107 	-11.197 	
-113.533 	-67.183 	218.083 	0.031 	0.005 	-0.074 	
72.104 	-22.841 	155.655 	-0.044 	-0.003 	0.007 	
81.032 	-80.638 	44.558 	0.021 	-0.187 	0.053 	
82.190 	-60.424 	51.209 	0.004 	-0.031 	-0.114 	
-115.176 	-95.526 	126.101 	0.014 	-0.034 	0.051 	
-31.405 	-98.954 	-3.765 	-0.129 	0.038 	-0.075 	
6.636 	-57.937 	77.515 	0.023 	-0.015 	0.067 	
49.756 	-52.645 	-3.778 	-0.049 	0.064 	0.006 	
41.192 	-155.396 	87.666 	0.049 	-0.048 	0.047 	
-157.213 	-133.124 	33.383 	-0.012 	0.138 	0.086 	
1244.638 	-625.098 	-252.889 	0.294 	-0.130 	-0.058 	
-54.205 	-45.693 	20.268 	-0.152 	0.095 	-0.005 	
-680.400 	-113.613 	-362.133 	-0.256 	-0.054 	-0.127 	
96.933 	9.995 	23.098 	-0.127 	-0.079 	0.072 	
49.470 	-103.296 	45.429 	-0.143 	-0.074 	-0.122 	
2420.798 	885.170 	-400.678 	0.557 	0.205 	-0.095 	
-13.206 	-9.708 	90.927 	-0.346 	0.212 	0.185 	
451.498 	-467.784 	-204.249 	0.070 	-0.090 	-0.036 	
542.572 	-224.390 	1630.046 	0.216 	-0.072 	0.647 	
41.990 	-54.688 	69.276 	0.155 	-0.011 	-0.115 	
-16.323 	-78.210 	51.886 	-0.025 	-0.055 	0.180 	
74.469 	-50.632 	50.390 	0.005 	0.039 	0.032 	
-99.681 	-26.943 	100.356 	-0.101 	0.011 	-0.105 	
80.992 	-63.347 	51.040 	0.100 	0.154 	0.196 	
-50.856 	-56.531 	101.816 	-0.138 	0.049 	0.068 	
0.510 	-97.034 	79.466 	-0.083 	-0.049 	0.149 	
44.495 	-125.475 	56.267 	0.026 	0.216 	-0.017 	
-61.816 	-67.500 	132.263 	0.061 	-0.025 	-0.035 	
23.867 	-70.804 	34.409 	-0.078 	-0.011 	-0.041 	
-34.631 	-75.838 	167.505 	-0.052 	-0.062 	-0.106 	
-3.097 	-72.911 	74.245 	-0.203 	-0.189 	0.033 	
9.507 	-62.029 	-0.721 	-0.152 	-0.118 	-0.081 	
106.778 	-36.929 	66.897 	-0.088 	-0.016 	0.059 	
-64.628 	-117.418 	5.866 	-0.032 	0.052 	-0.039 	
-31.720 	-56.683 	46.333 	-0.247 	-0.054 	0.109 	
36.890 	26.978 	35.136 	-0.040 	0.003 	0.052 	
37.775 	-26.934 	68.773 	-0.011 	-0.069 	-0.007 	
23.331 	-54.710 	69.891 	-0.163 	-0.104 	-0.028 	
789.064 	-219.076 	702.397 	0.264 	-0.090 	0.243 	
45.070 	-52.257 	25.335 	0.133 	0.018 	-0.007 	
-43.138 	-62.802 	83.082 	0.021 	-0.015 	0.051 	
-454.575 	146.652 	208.409 	-0.056 	0.027 	0.038 	
47.830 	-85.041 	66.935 	0.065 	-0.188 	0.107 	
-26.658 	-155.006 	-41.609 	-0.070 	0.054 	0.073 	
53.183 	-66.418 	30.055 	0.153 	-0.096 	-0.017 	
-4986.089 	2993.462 	1790.219 	-1.005 	0.616 	0.365 	
-15.517 	-56.253 	63.882 	-0.115 	0.142 	-0.119 	
195.858 	-41.817 	112.557 	-0.003 	0.042 	0.000 	
193.762 	25.616 	105.582 	0.002 	-0.023 	0.040 	
229.777 	-0.169 	-23.150 	-0.024 	0.017 	-0.013 	
73.843 	-75.637 	43.412 	-0.194 	-0.170 	0.091 	
114.918 	-84.601 	26.223 	-0.070 	-0.006 	-0.030 	
13.291 	-87.403 	72.934 	-0.157 	0.030 	0.039 	
30.923 	-91.892 	48.714 	-0.058 	-0.083 	0.133 	
36.256 	-7.942 	-59.506 	-0.050 	-0.076 	0.007 	
-17.896 	-85.405 	53.574 	0.155 	-0.019 	0.149 	
-38.085 	-6.003 	100.097 	0.122 	0.022 	0.065 	
-994.959 	349.115 	-239.611 	-0.172 	0.039 	-0.031 	
-80.665 	-28.931 	112.576 	-0.011 	0.042 	-0.020 	
-29.673 	-95.304 	72.044 	-0.072 	-0.087 	-0.023 	
79.480 	-28.107 	71.377 	-0.062 	0.012 	0.001 	
2254.814 	620.725 	-291.732 	0.909 	0.296 	-0.150 	
75.977 	-86.421 	55.257 	-0.041 	-0.114 	0.027 	
88.206 	-148.544 	78.994 	-0.034 	-0.013 	0.009 	
67.793 	-71.256 	52.742 	0.133 	-0.059 	-0.100 	
-5.691 	-23.307 	30.660 	-0.175 	-0.117 	0.104 	
53.239 	-78.243 	30.140 	-0.144 	0.072 	0.051 	
3.049 	104.894 	-2.018 	0.029 	0.004 	-0.034 	
-10.426 	-97.410 	63.660 	0.082 	0.052 	0.033 	
85.864 	-105.282 	40.814 	-0.044 	0.039 	0.001 	
80.880 	-80.380 	61.325 	-0.046 	0.016 	-0.128 	
69.717 	-107.603 	53.751 	-0.030 	-0.032 	0.110 	
-34.885 	-79.377 	116.413 	0.067 	0.011 	-0.020 	
46.069 	-59.628 	42.074 	-0.178 	0.102 	0.030 	
387.157 	-93.610 	-410.417 	0.098 	-0.022 	-0.134 	
-5.347 	-128.526 	129.094 	0.029 	0.123 	-0.090 	
50.123 	-26.561 	4.126 	-0.105 	0.004 	-0.034 	
-19.033 	-154.567 	61.433 	0.048 	0.033 	0.090 	
-261.324 	273.585 	-938.184 	-0.045 	0.061 	-0.195 	
82.785 	-74.987 	28.673 	-0.075 	0.074 	0.089 	
-760.095 	401.709 	-1176.780 	-0.314 	0.182 	-0.493 	
-54.683 	-136.137 	73.076 	-0.037 	-0.070 	-0.025 	
-48.904 	-77.398 	68.925 	0.056 	-0.138 	0.006 	
36.319 	-50.123 	12.673 	-0.037 	0.079 	-0.028 	
-108.942 	-64.591 	-42.865 	-0.050 	-0.073 	0.097 	
767.552 	-5484.643 	3863.331 	0.104 	-1.019 	0.717 	
81.145 	-161.695 	69.841 	0.031 	0.102 	-0.026 	
64.145 	-210.274 	45.302 	-0.110 	-0.034 	-0.060 	
-890.069 	-276.145 	586.390 	-0.335 	-0.088 	0.182 	
62.084 	-100.384 	62.918 	0.214 	-0.194 	-0.229 	
138.280 	-83.252 	27.192 	0.154 	-0.073 	-0.046 	
93.489 	-181.017 	-18.139 	0.004 	0.078 	0.064 	
-24.498 	30.633 	78.513 	-0.136 	-0.004 	0.078 	
-552.777 	-551.998 	-67.811 	-0.100 	-0.101 	-0.012 	
10.706 	-89.307 	38.748 	0.064 	0.102 	-0.098 	
44.518 	-45.123 	48.661 	-0.162 	-0.123 	0.035 	
162.697 	-65.876 	39.293 	-0.100 	0.027 	-0.029 	
20.484 	-71.514 	-7.954 	0.099 	0.023 	0.128 	
1598.776 	-2544.492 	-2218.772 	0.262 	-0.439 	-0.390 	
268.174 	-150.329 	47.093 	-0.034 	0.016 	0.015 	
14.816 	-161.046 	1.593 	-0.170 	0.024 	0.011 	
-52.087 	-160.484 	13.488 	0.013 	0.013 	0.010 	
171.384 	-109.521 	-53.885 	0.383 	-0.141 	-0.364 	
-107.396 	-63.970 	81.692 	-0.012 	-0.058 	0.012 	
29.338 	19.296 	77.522 	-0.099 	0.164 	-0.010 	
76.651 	-66.018 	44.473 	-0.231 	0.102 	0.043 	
160.691 	1.897 	117.762 	0.111 	0.038 	0.031 	
2.563 	-78.155 	78.163 	-0.154 	0.006 	0.164 	
43.245 	-191.654 	124.875 	0.001 	0.079 	-0.055 	
140.227 	-36.143 	37.204 	-0.077 	-0.104 	0.074 	
93.268 	-30.432 	37.464 	-0.164 	-0.066 	0.028 	
43.676 	-38.955 	23.155 	0.155 	-0.044 	0.011 	
19.273 	-77.559 	93.868 	0.025 	0.001 	-0.113 	
-48.328 	-95.671 	80.248 	-0.025 	0.159 	0.127 	
172.442 	-133.015 	18.649 	0.041 	0.091 	0.110 	
134.857 	-104.776 	-187.020 	-0.015 	-0.042 	0.021 	
51.584 	-525.539 	524.579 	-0.074 	-0.253 	0.189 	
103.825 	-57.895 	33.134 	0.021 	0.061 	0.024 	
-1556.551 	-3186.485 	13782.023 	-0.288 	-0.579 	2.449 	
446.053 	123.556 	-114.531 	0.048 	-0.006 	-0.020 	
-39.003 	48.429 	8.941 	-0.053 	-0.091 	0.101 	
186.887 	42.380 	20.962 	0.039 	-0.098 	0.066 	
-106.104 	-35.939 	49.856 	0.023 	-0.010 	-0.149 	
38.524 	-47.569 	84.255 	0.007 	-0.109 	-0.065 	
61.429 	-70.048 	142.725 	0.078 	-0.021 	-0.060 	
92.591 	55.155 	127.939 	-0.128 	0.017 	0.077 	
49.309 	-59.688 	82.938 	0.003 	0.080 	-0.093 	
62.833 	-48.225 	65.607 	0.104 	0.005 	0.084 	
-51.283 	-38.553 	79.544 	0.110 	-0.057 	0.074 	
-11.048 	-25.992 	8.039 	-0.005 	-0.005 	0.002 	
160.606 	-57.032 	70.738 	-0.070 	0.036 	0.052 	
96.407 	-56.578 	20.851 	0.104 	-0.037 	0.010 	
-615.417 	-1977.537 	3.501 	-0.133 	-0.396 	-0.007 	
33.231 	-72.045 	22.215 	0.202 	-0.008 	0.089 	
22.447 	-42.711 	54.720 	0.161 	-0.114 	0.154 	
67.805 	-77.768 	47.681 	-0.083 	0.006 	0.020 	
74.876 	-76.582 	38.825 	0.022 	-0.039 	0.041 	
19.501 	-45.995 	-174.877 	-0.073 	0.004 	0.028 	
193.060 	-99.208 	94.454 	0.023 	-0.044 	0.044 	
75.188 	-54.686 	72.128 	-0.102 	0.013 	0.041 	
103.471 	92.553 	-54.114 	0.039 	0.023 	-0.022 	
-35.973 	-60.577 	101.484 	-0.101 	-0.019 	0.015 	
-102.672 	-78.622 	77.057 	-0.022 	-0.085 	0.065 	
57.178 	29.834 	26.748 	-0.088 	-0.030 	-0.053 	
56.004 	-104.897 	4.719 	-0.180 	-0.153 	-0.001 	
-50.246 	14.173 	49.858 	0.045 	0.080 	0.055 	
-259.445 	164.254 	-715.882 	-0.054 	0.012 	-0.072 	
-59.256 	-48.986 	65.556 	0.025 	-0.022 	-0.077 	
-1123.661 	261.605 	-731.721 	-0.237 	0.063 	-0.167 	
2155.317 	-1641.184 	-210.520 	0.951 	-0.716 	-0.090 	
61.807 	-68.223 	1.664 	0.008 	0.107 	-0.026 	
-9.761 	-61.185 	39.223 	0.175 	0.064 	0.004 	
-41.753 	-99.014 	33.920 	0.099 	-0.028 	0.138 	
3.894 	-63.580 	2.577 	-0.114 	0.040 	-0.070 	
-95.988 	-83.010 	13.095 	-0.017 	0.050 	-0.000 	
39.066 	-25.702 	55.770 	0.078 	0.141 	-0.076 	
-210.349 	-9.287 	50.133 	0.044 	-0.105 	0.029 	
93.109 	42.700 	-83.028 	0.056 	0.026 	0.005 	
61.541 	-88.021 	88.251 	-0.040 	0.041 	-0.156 	
186.796 	-84.483 	6.221 	0.095 	0.006 	-0.048 	
-2536.276 	3149.176 	1733.918 	-0.463 	0.559 	0.302 	
-5.373 	-99.359 	26.760 	0.060 	0.207 	0.026 	
106.362 	129.090 	60.417 	0.001 	0.029 	0.007 	
169.794 	-65.607 	68.857 	-0.043 	-0.062 	0.018 	
-59.599 	-53.352 	11.295 	-0.028 	0.034 	0.018 	
-17.987 	-25.670 	-43.113 	0.049 	0.056 	0.020 	
-489.015 	331.129 	26.538 	-0.119 	0.068 	-0.018 	
-20.555 	-57.741 	-48.761 	-0.035 	0.021 	-0.005 	
67.421 	-37.546 	28.182 	0.170 	-0.029 	-0.108 	
176.576 	-127.686 	48.144 	0.063 	0.112 	-0.046 	
198.184 	-45.277 	30.487 	0.033 	0.017 	0.082 	
259.652 	185.825 	-106.871 	0.001 	0.044 	-0.082 	
5.117 	-4.574 	-46.883 	-0.018 	-0.036 	0.032 	
-485.271 	-138.148 	92.777 	-0.169 	-0.046 	0.039 	
11.556 	-47.254 	122.950 	0.037 	-0.063 	0.021 	
30.693 	-16.322 	32.823 	0.084 	-0.007 	-0.060 	
61.593 	-215.524 	25.768 	-0.083 	-0.009 	-0.022 	
85.984 	-40.447 	78.709 	-0.011 	-0.146 	0.035 	
127.515 	27.045 	123.274 	-0.020 	0.055 	0.011 	
7.170 	-36.908 	20.187 	-0.071 	-0.209 	-0.120 	
81303.596 	6625.631 	65401.285 	23.366 	1.917 	18.839 	
40.950 	-25.426 	58.669 	-0.001 	0.103 	-0.186 	
162.661 	-85.532 	-27.943 	-0.012 	-0.058 	-0.040 	
206.100 	-65.461 	136.767 	0.077 	-0.056 	0.054 	
63.207 	-21.195 	76.468 	-0.118 	-0.029 	0.021 	
28.039 	44.773 	-31.663 	-0.104 	-0.083 	-0.032 	
-151.641 	-136.582 	7.191 	0.003 	0.114 	0.020 	
53.329 	-18.038 	106.625 	0.061 	0.158 	0.067 	
55.601 	-103.988 	66.648 	-0.163 	-0.074 	-0.113 	
20.611 	-73.901 	41.223 	0.012 	0.074 	0.150 	
35.046 	-15.903 	46.553 	-0.102 	-0.159 	-0.122 	
-6.814 	-60.248 	63.163 	-0.143 	-0.002 	-0.256 	
-60.665 	-70.685 	51.737 	0.003 	-0.151 	-0.083 	
1139.930 	2156.795 	2236.362 	0.152 	0.345 	0.362 	
-17.871 	-154.491 	51.121 	-0.017 	-0.074 	0.053 	
-182.005 	6072.275 	-3945.860 	-0.072 	1.121 	-0.729 	
-30.911 	-54.641 	44.555 	0.001 	0.062 	-0.050 	
-7418.358 	-9392.777 	-3527.930 	-2.939 	-3.666 	-1.397 	
8.083 	-46.067 	37.704 	-0.108 	-0.242 	-0.042 	
68.031 	-103.555 	92.919 	0.097 	-0.124 	0.089 	
7064.964 	34583.463 	56872.700 	1.431 	6.974 	11.464 	
-78.946 	-166.099 	86.823 	-0.003 	-0.036 	0.071 	
46.274 	25.787 	20.311 	-0.010 	0.183 	0.049 	
-27.805 	-163.210 	-45.959 	-0.110 	-0.071 	-0.053 	
126.970 	-68.042 	51.885 	-0.091 	-0.019 	-0.189 	
78.538 	-88.518 	28.353 	-0.185 	0.056 	-0.020 	
-9.267 	-74.438 	24.757 	-0.240 	0.057 	-0.033 	
-49.136 	-172.781 	94.693 	0.011 	-0.009 	0.015 	
-457.687 	478.526 	-46.319 	-0.090 	0.024 	-0.013 	
50.007 	65.076 	5.350 	-0.152 	-0.037 	0.023 	
959.771 	-345.616 	374.928 	0.191 	-0.080 	0.081 	
4.289 	-45.058 	66.745 	0.102 	0.154 	0.050 	
25.462 	-39.007 	50.341 	-0.112 	-0.142 	-0.073 	
-1.807 	-36.771 	91.425 	-0.184 	-0.031 	-0.071 	
174.335 	-46.150 	24.209 	-0.006 	-0.167 	-0.027 	
-35.200 	-70.605 	105.777 	0.010 	0.065 	0.040 	
-117.675 	-49.709 	33.181 	0.036 	-0.038 	0.077 	
113.703 	-70.311 	62.122 	0.085 	-0.069 	-0.068 	
58.172 	-83.964 	37.875 	-0.037 	0.092 	0.102 	
-68.996 	-127.722 	121.081 	-0.037 	-0.159 	-0.100 	
50.837 	13.562 	57.851 	-0.072 	-0.055 	0.030 	
57.274 	-89.563 	-31.645 	-0.031 	0.008 	0.018 	
717.553 	-1010.635 	585.042 	0.142 	-0.199 	0.106 	
-613.421 	271.206 	206.447 	-0.084 	0.000 	0.039 	
-149.613 	-184.280 	81.089 	-0.103 	-0.022 	0.017 	
-12.387 	-82.626 	54.159 	0.120 	0.058 	0.086 	
183.982 	-190.569 	62.640 	0.055 	0.048 	-0.002 	
31.477 	-44.697 	5.201 	0.166 	0.008 	0.097 	
68.385 	-67.586 	-1.590 	-0.015 	0.052 	-0.031 	
-1256.505 	7673.798 	503.743 	-0.247 	1.412 	0.093 	
22.894 	-65.866 	158.213 	0.004 	-0.043 	0.085 	
-54.439 	-58.290 	27.504 	0.068 	0.076 	0.014 	
-306.109 	-94.120 	88.537 	-0.020 	0.011 	-0.013 	
-42.023 	-66.083 	40.483 	-0.019 	-0.178 	0.009 	
-11.374 	9.030 	-21.146 	-0.088 	0.038 	-0.041 	
22.298 	-63.694 	44.886 	0.065 	0.031 	0.238 	
-30.119 	-95.675 	56.155 	-0.059 	0.003 	-0.100 	
-75.377 	-114.332 	52.514 	-0.054 	-0.113 	0.065 	
-84.702 	-146.254 	18.356 	-0.072 	-0.023 	0.016 	
114.149 	-76.865 	48.679 	-0.035 	0.035 	-0.031 	
6.204 	-26.416 	83.367 	0.141 	-0.085 	-0.090 	
-8.397 	-153.241 	132.677 	0.002 	-0.043 	0.042 	
-124.713 	39.965 	-61.185 	0.042 	-0.055 	0.033 	
24.615 	19.670 	-88.769 	-0.010 	-0.032 	0.066 	
533.925 	120.845 	-12.645 	0.059 	0.033 	-0.000 	
-42.759 	-37.091 	42.814 	-0.125 	0.120 	-0.097 	
-3046.300 	-3517.360 	-1648.890 	-0.522 	-0.568 	-0.262 	
-139.191 	-35.619 	33.239 	-0.072 	-0.040 	0.056 	
115.637 	12.296 	148.049 	-0.039 	-0.104 	-0.012 	
-876.297 	-1238.131 	546.449 	-0.182 	-0.260 	0.110 	
128.901 	-203.392 	131.704 	0.027 	-0.025 	0.019 	
-639.403 	252.871 	745.108 	-0.136 	0.064 	0.164 	
-32.749 	-64.711 	53.214 	-0.076 	0.066 	0.136 	
27.242 	-62.484 	45.217 	-0.193 	0.036 	-0.016 	
102.636 	-63.521 	7.285 	0.114 	-0.020 	-0.080 	
21.949 	-77.853 	60.067 	0.073 	-0.000 	-0.046 	
90.794 	23.204 	24.935 	-0.034 	-0.056 	0.002 	
98.906 	-57.441 	49.717 	0.101 	0.103 	-0.026 	
4.386 	-35.287 	263.387 	0.028 	-0.053 	-0.028 	
-61.983 	17.774 	109.645 	-0.050 	-0.014 	0.057 	
-35.672 	65.023 	19.854 	-0.006 	0.131 	-0.046 	
87.062 	-76.032 	-73.466 	0.062 	-0.029 	-0.069 	
-56.689 	-89.221 	68.098 	-0.099 	-0.042 	0.061 	
-362.176 	-26.666 	85.244 	-0.024 	0.009 	0.022 	
39.559 	-54.337 	54.887 	-0.275 	0.058 	-0.003 	
14.018 	-97.139 	112.706 	0.092 	-0.132 	0.099 	
-75.771 	-163.049 	81.718 	-0.042 	-0.033 	-0.041 	
45.195 	-69.400 	45.226 	-0.128 	0.080 	-0.084 	
133.337 	156.216 	35.552 	0.083 	0.020 	0.018 	
78.620 	-52.595 	39.919 	-0.127 	-0.002 	0.017 	
-16.043 	-24.832 	-80.365 	-0.116 	0.037 	-0.036 	
10.553 	-77.013 	21.730 	-0.105 	-0.157 	-0.112 	
-2933.565 	12997.291 	16655.103 	-1.661 	6.956 	8.885 	
17.560 	-87.615 	15.664 	-0.067 	-0.173 	-0.076 	
-82.757 	-102.142 	25.227 	-0.010 	-0.115 	-0.132 	
-18.805 	-33.377 	39.001 	0.019 	-0.037 	-0.039 	
-186.628 	203.571 	-109.419 	-0.125 	0.131 	-0.094 	
-74.014 	-221.737 	66.630 	0.029 	0.046 	0.009 	
18.565 	-22.760 	18.435 	0.012 	-0.171 	0.119 	
-111.637 	-104.792 	119.427 	-0.011 	-0.115 	-0.007 	
-47.482 	-246.384 	56.053 	0.019 	0.020 	-0.019 	
-20.217 	-39.748 	59.692 	0.066 	0.066 	-0.077 	
-48.934 	-13.553 	44.485 	-0.073 	0.049 	-0.107 	
-183.129 	-105.790 	-11.610 	0.076 	-0.018 	-0.001 	
-879.651 	-1100.705 	3780.099 	-0.163 	-0.177 	0.621 	
-18.822 	-68.011 	-19.596 	0.080 	-0.014 	-0.162 	
-23.019 	-65.587 	62.465 	0.122 	0.028 	-0.178 	
66.365 	-22.749 	162.912 	-0.015 	0.007 	0.008 	
0.376 	-98.293 	-61.749 	0.017 	-0.038 	-0.019 	
125.652 	-64.735 	-4.244 	-0.072 	-0.009 	0.122 	
88.328 	-95.451 	35.967 	0.083 	0.001 	0.103 	
92.763 	-66.984 	74.451 	-0.015 	-0.083 	0.021 	
-9.991 	-58.787 	31.028 	0.278 	0.011 	0.005 	
53.793 	-71.875 	72.384 	0.137 	0.013 	-0.033 	
19.331 	-105.532 	-13.081 	0.067 	0.102 	0.051 	
-6.329 	-30.903 	85.275 	0.000 	0.021 	-0.098 	
-31.810 	-54.977 	50.935 	-0.069 	0.059 	0.043 	
-45.962 	0.995 	78.869 	0.085 	-0.073 	-0.035 	
17.675 	-83.506 	73.986 	-0.057 	-0.010 	0.125 	
-141.575 	-11.866 	61.625 	-0.054 	-0.034 	-0.036 	
14.139 	-46.562 	59.042 	0.030 	0.177 	-0.066 	
70.569 	-88.004 	90.431 	-0.072 	0.121 	-0.100 	
-5.280 	-78.099 	31.498 	0.093 	0.024 	0.019 	
34.613 	-44.163 	68.214 	0.110 	0.123 	-0.171 	
-725.231 	-1122.409 	-1714.721 	-0.254 	-0.331 	-0.515 	
113.781 	-15.827 	-41.509 	-0.075 	-0.043 	0.024 	
23.702 	-82.593 	-70.137 	-0.143 	-0.020 	0.054 	
294.151 	-31.791 	-0.060 	0.049 	-0.012 	0.006 	
-110.464 	-70.754 	57.110 	-0.011 	0.005 	0.014 	
-88.037 	-70.510 	129.759 	-0.062 	-0.023 	0.056 	
76.514 	-88.360 	131.682 	-0.018 	0.146 	0.102 	
35.704 	-83.447 	-21.917 	0.064 	0.027 	0.030 	
45.216 	-87.629 	59.043 	-0.115 	-0.033 	0.103 	
-32.358 	-72.001 	194.658 	-0.118 	-0.043 	-0.060 	
34.097 	-56.706 	-5.724 	0.048 	0.077 	-0.093 	
1.582 	-61.971 	40.584 	0.187 	0.113 	0.075 	
-243.368 	-7082.619 	-1211.459 	-0.060 	-1.308 	-0.223 	
-27.286 	78.161 	-10.631 	0.008 	0.008 	-0.026 	
119.350 	-56.405 	-45.093 	-0.031 	0.027 	0.013 	
-80144.923 	-7220.966 	-65643.592 	-23.128 	-2.071 	-18.899 	
-40.984 	-34.716 	59.714 	0.098 	0.079 	0.115 	
50.046 	-55.315 	69.916 	0.104 	-0.232 	0.121 	
67.612 	-41.256 	88.787 	-0.041 	-0.131 	0.129 	
59.513 	-9.572 	76.441 	0.027 	0.014 	0.152 	
28.315 	38.580 	63.814 	-0.019 	-0.113 	-0.085 	
19.835 	-45.476 	22.124 	0.132 	0.090 	0.113 	
97.658 	-72.500 	36.610 	0.036 	0.018 	-0.101 	
-42.944 	-124.724 	-4.524 	-0.045 	-0.079 	-0.008 	
-72.074 	-49.869 	32.584 	0.041 	-0.106 	-0.051 	
3314.235 	-13150.717 	-16495.358 	1.676 	-7.008 	-8.818 	
194.100 	0.996 	0.607 	0.035 	0.008 	0.048 	
-67.363 	12.532 	1.837 	-0.046 	0.053 	-0.017 	
-102.114 	-42.408 	51.791 	0.118 	-0.065 	-0.019 	
4362.224 	-3332.933 	-2664.359 	0.881 	-0.660 	-0.534 	
-59.263 	54.853 	12.415 	0.040 	-0.032 	0.041 	
-1448.290 	-657.651 	489.760 	-0.707 	-0.257 	0.187 	
1.444 	-104.124 	12.528 	0.060 	0.069 	0.118 	
