## Las primeras 500 lineas corresponden a la esfera 1 
##las siguienets 500 lineas a la esfera 2
## Las primeras tres columnas corresponden a la posición en 'x', 'y' y 'z', las siguientes tres a las velocidades
-23.774 	-1661.738 	170.275 	-0.010 	-0.245 	0.028 	
543.103 	-511.801 	-9.375 	0.086 	-0.077 	-0.002 	
625.576 	2118.597 	1425.349 	0.098 	0.314 	0.206 	
-1994.567 	2207.167 	1456.447 	-0.303 	0.333 	0.221 	
-405.173 	-447.901 	2064.018 	-0.054 	-0.066 	0.314 	
2216.375 	1421.307 	2518.448 	0.342 	0.215 	0.375 	
2287.689 	-1147.636 	-2232.332 	0.345 	-0.169 	-0.337 	
-2154.545 	-1230.443 	790.047 	-0.321 	-0.178 	0.123 	
1864.006 	591.784 	1240.443 	0.277 	0.095 	0.186 	
712.049 	673.438 	982.962 	0.105 	0.098 	0.151 	
1892.345 	-150.698 	106.966 	0.279 	-0.021 	0.014 	
-404.636 	-1722.499 	284.441 	-0.056 	-0.256 	0.045 	
383.996 	-1224.962 	186.223 	0.067 	-0.182 	0.029 	
1370.370 	1952.495 	1880.484 	0.199 	0.292 	0.279 	
-90.180 	1636.268 	-2628.295 	-0.016 	0.249 	-0.392 	
-930.877 	-163.822 	9.560 	-0.139 	-0.018 	0.003 	
-1057.006 	2121.097 	-866.175 	-0.162 	0.314 	-0.131 	
224.217 	1195.994 	-2370.269 	0.032 	0.171 	-0.358 	
-3112.977 	-2302.902 	-1315.314 	-0.474 	-0.342 	-0.200 	
1092.830 	-2691.653 	-2320.917 	0.158 	-0.406 	-0.349 	
264.098 	-2496.310 	2994.866 	0.042 	-0.367 	0.452 	
214.192 	925.844 	2590.228 	0.030 	0.137 	0.381 	
-668.684 	-1178.567 	588.482 	-0.099 	-0.168 	0.085 	
-2178.568 	-1725.046 	788.302 	-0.321 	-0.253 	0.115 	
1525.382 	-1075.477 	1744.914 	0.234 	-0.161 	0.256 	
-999.061 	-18.176 	2304.661 	-0.141 	-0.000 	0.341 	
178.612 	-1399.298 	-86.406 	0.032 	-0.204 	-0.010 	
605.339 	-2574.002 	1908.353 	0.088 	-0.392 	0.287 	
-2213.456 	2229.840 	581.996 	-0.326 	0.332 	0.088 	
-1241.021 	-1922.498 	1538.267 	-0.180 	-0.285 	0.233 	
-789.175 	-1336.408 	-2265.426 	-0.116 	-0.196 	-0.340 	
1076.066 	1778.691 	2157.931 	0.158 	0.261 	0.324 	
2171.101 	-815.600 	2007.586 	0.325 	-0.122 	0.302 	
-1396.046 	1480.833 	189.422 	-0.200 	0.220 	0.030 	
231.258 	-773.032 	-2460.683 	0.034 	-0.121 	-0.361 	
402.257 	-321.725 	268.472 	0.069 	-0.043 	0.041 	
-1047.463 	-2114.361 	-2415.041 	-0.158 	-0.314 	-0.369 	
-1010.831 	-2596.153 	1952.465 	-0.144 	-0.387 	0.293 	
-994.480 	-228.755 	1406.529 	-0.151 	-0.031 	0.213 	
1682.443 	-2660.622 	1929.489 	0.251 	-0.399 	0.292 	
2878.032 	1054.719 	-116.154 	0.432 	0.150 	-0.019 	
513.104 	-657.700 	217.792 	0.080 	-0.092 	0.029 	
1080.994 	309.099 	1859.196 	0.147 	0.049 	0.280 	
-121.642 	-1842.065 	-1194.828 	-0.025 	-0.275 	-0.177 	
463.915 	-535.439 	1823.436 	0.075 	-0.081 	0.277 	
252.484 	470.506 	-865.651 	0.044 	0.072 	-0.124 	
2774.894 	215.004 	45.993 	0.407 	0.030 	0.002 	
-652.366 	2577.358 	-683.534 	-0.098 	0.388 	-0.104 	
626.309 	-747.618 	-988.637 	0.100 	-0.114 	-0.146 	
2392.675 	1553.879 	761.488 	0.360 	0.238 	0.114 	
-2187.748 	-817.655 	-1792.484 	-0.324 	-0.126 	-0.273 	
1250.283 	-213.027 	1244.320 	0.180 	-0.031 	0.181 	
2696.691 	-1233.929 	-2648.393 	0.411 	-0.192 	-0.398 	
-200.212 	1682.161 	39.915 	-0.022 	0.249 	0.011 	
-1944.564 	2091.754 	1529.479 	-0.295 	0.310 	0.228 	
-424.948 	-2523.389 	1290.964 	-0.060 	-0.382 	0.197 	
-1044.105 	-41.957 	-1595.927 	-0.148 	-0.009 	-0.242 	
106.266 	-2234.246 	-777.518 	0.022 	-0.334 	-0.118 	
-2614.407 	1874.159 	2237.275 	-0.394 	0.285 	0.340 	
1520.055 	2342.161 	928.356 	0.230 	0.347 	0.133 	
-697.552 	2540.128 	669.981 	-0.112 	0.382 	0.099 	
997.746 	1491.249 	-881.498 	0.154 	0.219 	-0.130 	
-2025.338 	2732.227 	1078.642 	-0.311 	0.412 	0.163 	
1810.990 	528.929 	-911.034 	0.271 	0.086 	-0.136 	
2186.906 	-2520.470 	-2551.121 	0.338 	-0.377 	-0.380 	
3124.313 	-1042.131 	-2610.707 	0.478 	-0.156 	-0.392 	
1995.895 	-1457.618 	-2275.489 	0.309 	-0.219 	-0.342 	
-2871.900 	3140.833 	-910.752 	-0.435 	0.479 	-0.141 	
3107.568 	1447.844 	1870.185 	0.475 	0.218 	0.278 	
-445.958 	887.824 	1121.619 	-0.067 	0.121 	0.169 	
2053.296 	746.810 	795.352 	0.313 	0.106 	0.115 	
860.048 	-131.375 	955.733 	0.136 	-0.015 	0.142 	
-47.303 	1609.708 	-2660.423 	-0.007 	0.238 	-0.397 	
-694.258 	-2008.175 	-806.901 	-0.106 	-0.300 	-0.118 	
-1224.384 	1036.886 	1619.060 	-0.191 	0.154 	0.240 	
1196.363 	-351.382 	-640.683 	0.178 	-0.052 	-0.085 	
-73.102 	-603.451 	-1871.256 	-0.012 	-0.083 	-0.280 	
2337.120 	1380.303 	-2207.160 	0.354 	0.208 	-0.337 	
295.834 	-504.832 	-1035.186 	0.041 	-0.072 	-0.158 	
-26.979 	-665.539 	2244.201 	0.000 	-0.103 	0.334 	
-408.962 	2055.126 	648.535 	-0.067 	0.301 	0.098 	
594.206 	-1075.540 	-729.155 	0.082 	-0.158 	-0.104 	
1323.134 	1694.642 	2190.839 	0.196 	0.257 	0.327 	
-565.313 	-1758.837 	2240.872 	-0.087 	-0.260 	0.339 	
1744.201 	-917.874 	-429.317 	0.265 	-0.131 	-0.070 	
-1588.711 	-2231.739 	-2171.581 	-0.233 	-0.332 	-0.322 	
1661.254 	-531.783 	-1057.866 	0.250 	-0.083 	-0.170 	
-1738.323 	-1852.456 	1993.459 	-0.268 	-0.277 	0.300 	
-2381.425 	-2347.633 	1547.892 	-0.352 	-0.353 	0.235 	
-2155.474 	-960.189 	-225.676 	-0.317 	-0.149 	-0.028 	
2835.865 	1307.889 	2004.324 	0.426 	0.204 	0.299 	
71.264 	1104.831 	2030.301 	0.009 	0.169 	0.305 	
204.271 	-490.720 	194.388 	0.035 	-0.077 	0.031 	
-331.303 	-2427.208 	-996.251 	-0.045 	-0.367 	-0.144 	
2331.847 	-1544.325 	2312.690 	0.349 	-0.227 	0.345 	
-874.302 	1518.935 	-2450.011 	-0.117 	0.212 	-0.373 	
2353.692 	586.129 	1507.580 	0.358 	0.086 	0.226 	
2529.385 	577.861 	-1675.234 	0.386 	0.087 	-0.250 	
2874.966 	2262.603 	355.641 	0.441 	0.338 	0.054 	
1549.976 	-1226.062 	1553.961 	0.225 	-0.188 	0.229 	
-1814.440 	2388.161 	1328.755 	-0.271 	0.352 	0.203 	
-2976.069 	-2132.054 	-911.317 	-0.452 	-0.319 	-0.132 	
803.313 	-2771.860 	1593.166 	0.122 	-0.419 	0.238 	
-1203.299 	-268.469 	2106.167 	-0.178 	-0.034 	0.319 	
1515.615 	-645.706 	825.653 	0.235 	-0.097 	0.127 	
-2512.310 	1269.743 	2310.306 	-0.371 	0.191 	0.343 	
-2495.772 	-1739.243 	1646.315 	-0.380 	-0.258 	0.250 	
-2908.405 	3050.674 	-1236.770 	-0.441 	0.465 	-0.186 	
1819.916 	-1182.733 	96.130 	0.269 	-0.180 	0.020 	
3074.152 	-284.737 	-973.793 	0.467 	-0.047 	-0.140 	
-745.533 	-265.791 	1509.893 	-0.109 	-0.042 	0.230 	
664.794 	-907.028 	1360.158 	0.092 	-0.136 	0.204 	
1204.896 	-11.660 	436.503 	0.175 	-0.007 	0.062 	
-467.169 	2621.947 	-948.360 	-0.074 	0.388 	-0.136 	
-1772.953 	2413.534 	2427.232 	-0.268 	0.363 	0.367 	
-268.151 	2594.529 	2512.187 	-0.037 	0.392 	0.377 	
790.608 	-2705.106 	-459.619 	0.117 	-0.405 	-0.061 	
-2859.300 	-832.228 	2698.111 	-0.426 	-0.131 	0.403 	
1951.520 	-1190.880 	-1000.506 	0.291 	-0.184 	-0.143 	
-207.575 	1908.139 	360.802 	-0.038 	0.283 	0.057 	
-1328.400 	297.531 	1671.407 	-0.195 	0.046 	0.256 	
1526.093 	-2138.569 	-960.542 	0.231 	-0.324 	-0.144 	
1235.271 	-377.839 	-2022.366 	0.184 	-0.049 	-0.304 	
2490.099 	-1135.209 	2562.345 	0.369 	-0.172 	0.386 	
-2740.607 	928.950 	1359.082 	-0.416 	0.136 	0.202 	
777.592 	-326.877 	-975.262 	0.111 	-0.044 	-0.141 	
-2833.095 	-1811.925 	-1069.257 	-0.423 	-0.270 	-0.155 	
-3011.784 	-2780.771 	1132.391 	-0.459 	-0.418 	0.168 	
-2197.439 	1139.526 	-2673.289 	-0.330 	0.173 	-0.395 	
-2336.206 	-2455.094 	937.298 	-0.345 	-0.371 	0.140 	
-258.249 	-1633.903 	1288.383 	-0.044 	-0.242 	0.195 	
-643.004 	2092.249 	-1195.019 	-0.099 	0.315 	-0.184 	
-1642.573 	1353.520 	17.640 	-0.247 	0.199 	0.002 	
35.732 	768.550 	-2348.801 	0.000 	0.111 	-0.348 	
2909.044 	-2667.041 	256.442 	0.434 	-0.399 	0.034 	
-377.552 	-2079.544 	-1085.179 	-0.051 	-0.310 	-0.169 	
307.379 	-1623.323 	727.131 	0.041 	-0.242 	0.102 	
-1915.929 	-2469.413 	1939.497 	-0.281 	-0.374 	0.293 	
2275.603 	-1091.625 	-1127.302 	0.341 	-0.160 	-0.168 	
1000.137 	-2025.609 	617.043 	0.159 	-0.301 	0.096 	
-1952.197 	-1224.481 	-1558.045 	-0.286 	-0.186 	-0.233 	
2535.280 	-736.294 	-678.549 	0.372 	-0.106 	-0.102 	
-1732.995 	2610.555 	632.455 	-0.262 	0.387 	0.099 	
-2092.650 	-2190.192 	352.180 	-0.315 	-0.327 	0.057 	
-672.222 	801.285 	967.940 	-0.105 	0.114 	0.144 	
1600.343 	-346.491 	2260.411 	0.238 	-0.051 	0.331 	
-1184.736 	-148.279 	-947.965 	-0.173 	-0.015 	-0.142 	
-37.006 	1352.752 	2030.878 	-0.009 	0.200 	0.296 	
2433.552 	-2267.295 	-2643.195 	0.359 	-0.341 	-0.399 	
-198.236 	1881.141 	-1343.635 	-0.024 	0.276 	-0.203 	
2425.622 	-2626.391 	663.667 	0.365 	-0.393 	0.093 	
-1882.594 	-738.217 	1639.663 	-0.276 	-0.106 	0.244 	
645.880 	1445.614 	2806.607 	0.094 	0.211 	0.421 	
-2838.752 	-2782.089 	-1052.667 	-0.426 	-0.416 	-0.162 	
-2395.235 	-141.363 	-2697.115 	-0.360 	-0.017 	-0.405 	
-237.995 	-1132.470 	-964.013 	-0.043 	-0.170 	-0.144 	
2660.996 	-602.086 	1926.602 	0.414 	-0.089 	0.284 	
-2521.798 	-1295.391 	2500.104 	-0.379 	-0.198 	0.374 	
-1226.011 	-1974.773 	2792.997 	-0.180 	-0.298 	0.422 	
298.442 	-1954.215 	1638.158 	0.044 	-0.294 	0.248 	
2716.676 	-2251.556 	2067.522 	0.416 	-0.339 	0.313 	
-858.090 	499.824 	531.503 	-0.123 	0.077 	0.075 	
-941.044 	-84.649 	1556.299 	-0.155 	-0.001 	0.247 	
1365.957 	200.917 	-100.150 	0.210 	0.033 	-0.009 	
143.150 	-1006.071 	547.205 	0.019 	-0.150 	0.078 	
-1032.518 	-26.130 	-352.755 	-0.157 	-0.003 	-0.047 	
-961.162 	1551.035 	-1366.619 	-0.142 	0.233 	-0.205 	
3086.259 	-663.012 	-186.129 	0.465 	-0.107 	-0.027 	
892.288 	-64.254 	-309.702 	0.134 	-0.016 	-0.039 	
1048.574 	-578.895 	-598.949 	0.150 	-0.090 	-0.082 	
-1743.860 	524.830 	2920.229 	-0.259 	0.078 	0.440 	
1688.026 	1125.823 	110.909 	0.262 	0.164 	0.018 	
-2518.731 	492.396 	1072.987 	-0.380 	0.071 	0.159 	
696.332 	-170.906 	-830.507 	0.101 	-0.031 	-0.125 	
-2907.095 	-1292.743 	2455.209 	-0.441 	-0.194 	0.367 	
-2269.109 	-862.026 	-178.902 	-0.340 	-0.126 	-0.023 	
-1137.216 	-627.415 	-625.942 	-0.169 	-0.094 	-0.096 	
1765.757 	1574.439 	2222.208 	0.267 	0.237 	0.326 	
545.619 	-536.448 	2248.517 	0.084 	-0.079 	0.338 	
2648.575 	1649.316 	2857.735 	0.397 	0.253 	0.432 	
2283.950 	2081.275 	2294.083 	0.342 	0.314 	0.352 	
2457.034 	-2089.389 	-2129.861 	0.367 	-0.316 	-0.320 	
1802.481 	2546.255 	140.587 	0.278 	0.380 	0.020 	
-1268.366 	130.307 	710.492 	-0.193 	0.016 	0.112 	
-507.970 	200.036 	-1621.823 	-0.073 	0.033 	-0.249 	
-389.667 	1171.652 	1290.177 	-0.065 	0.174 	0.192 	
-2864.377 	-2544.637 	1563.103 	-0.431 	-0.378 	0.242 	
-1120.798 	895.687 	-1018.003 	-0.167 	0.137 	-0.149 	
-777.375 	-2390.663 	-1827.435 	-0.117 	-0.354 	-0.275 	
-1312.197 	-2327.848 	-1402.484 	-0.189 	-0.348 	-0.210 	
214.317 	-2557.336 	-2107.902 	0.031 	-0.381 	-0.314 	
2271.342 	914.453 	175.595 	0.348 	0.137 	0.030 	
2516.442 	-203.083 	-1757.068 	0.378 	-0.032 	-0.259 	
-1088.604 	389.552 	140.708 	-0.154 	0.056 	0.026 	
-1146.688 	1241.359 	674.756 	-0.179 	0.184 	0.102 	
2581.955 	-1174.942 	-17.676 	0.385 	-0.181 	-0.008 	
-1488.366 	982.998 	-2687.593 	-0.225 	0.145 	-0.405 	
2666.015 	-204.345 	1701.513 	0.397 	-0.024 	0.258 	
571.921 	903.194 	761.288 	0.094 	0.138 	0.118 	
1661.768 	-517.831 	-1091.291 	0.253 	-0.072 	-0.153 	
-1616.614 	2037.035 	470.031 	-0.241 	0.298 	0.073 	
-2.105 	-2014.835 	1220.011 	0.006 	-0.295 	0.180 	
-249.077 	-214.689 	-2165.012 	-0.031 	-0.031 	-0.321 	
-789.722 	118.433 	452.653 	-0.121 	0.019 	0.069 	
-290.760 	-2296.287 	-2314.677 	-0.041 	-0.340 	-0.352 	
-611.853 	-990.566 	2368.778 	-0.088 	-0.151 	0.345 	
2918.614 	-402.225 	-2098.572 	0.442 	-0.066 	-0.313 	
-621.512 	412.850 	-428.268 	-0.091 	0.059 	-0.060 	
2436.598 	-2533.225 	2332.287 	0.372 	-0.377 	0.350 	
-832.269 	-870.463 	793.101 	-0.123 	-0.124 	0.117 	
-752.519 	-74.686 	2385.384 	-0.108 	-0.006 	0.355 	
569.098 	1253.775 	265.629 	0.094 	0.187 	0.041 	
-2647.272 	2749.137 	-1991.535 	-0.401 	0.413 	-0.299 	
166.275 	-697.722 	-2706.277 	0.034 	-0.102 	-0.405 	
-465.253 	-1398.929 	1690.337 	-0.067 	-0.200 	0.254 	
-1614.876 	-1268.539 	-1134.100 	-0.247 	-0.190 	-0.168 	
1458.596 	2634.151 	-2252.602 	0.221 	0.396 	-0.346 	
-1572.486 	199.945 	1687.112 	-0.242 	0.029 	0.251 	
-70.516 	364.933 	1274.759 	-0.015 	0.055 	0.184 	
-430.510 	-510.825 	850.985 	-0.052 	-0.085 	0.105 	
2528.911 	-633.200 	-1610.406 	0.378 	-0.102 	-0.244 	
2956.969 	-2778.499 	43.294 	0.442 	-0.418 	0.013 	
-2168.822 	-1600.993 	-122.200 	-0.331 	-0.242 	-0.020 	
88.793 	-2239.108 	595.691 	0.009 	-0.330 	0.093 	
-1054.789 	150.356 	2194.312 	-0.160 	0.017 	0.324 	
-1431.003 	2718.447 	117.996 	-0.208 	0.406 	0.022 	
-1991.925 	-2113.572 	908.114 	-0.297 	-0.312 	0.134 	
2450.832 	-998.916 	-2049.991 	0.370 	-0.148 	-0.313 	
-1748.025 	-2539.710 	1646.768 	-0.263 	-0.374 	0.247 	
-1191.370 	-38.792 	997.554 	-0.177 	-0.013 	0.152 	
-1264.728 	266.631 	2577.233 	-0.189 	0.040 	0.390 	
-2269.402 	1680.574 	-403.506 	-0.338 	0.251 	-0.052 	
-2183.917 	755.350 	79.140 	-0.333 	0.113 	0.013 	
-800.184 	724.708 	-1327.028 	-0.118 	0.113 	-0.196 	
2392.560 	3033.055 	-2747.543 	0.358 	0.463 	-0.416 	
-1967.158 	1090.524 	1540.912 	-0.299 	0.163 	0.237 	
-2207.210 	-246.741 	-2322.093 	-0.326 	-0.039 	-0.348 	
1336.099 	-1875.813 	872.138 	0.203 	-0.284 	0.124 	
2031.710 	2172.304 	-181.129 	0.314 	0.326 	-0.023 	
2266.659 	1182.210 	-2546.807 	0.337 	0.180 	-0.377 	
1492.545 	716.916 	-1708.272 	0.221 	0.105 	-0.248 	
-1109.649 	-2156.555 	-635.848 	-0.163 	-0.316 	-0.097 	
2074.066 	-944.908 	222.562 	0.314 	-0.139 	0.025 	
-559.090 	2276.975 	562.211 	-0.044 	0.372 	0.096 	
606.055 	-1602.231 	2353.100 	0.092 	-0.237 	0.344 	
-1359.896 	886.508 	-1059.456 	-0.203 	0.130 	-0.162 	
-2006.912 	-78.675 	993.632 	-0.305 	-0.012 	0.153 	
2177.070 	-740.029 	2162.612 	0.332 	-0.113 	0.316 	
603.421 	-1609.591 	-2444.179 	0.096 	-0.243 	-0.358 	
3015.950 	506.476 	-1679.934 	0.459 	0.076 	-0.253 	
1015.798 	-635.668 	2135.638 	0.159 	-0.094 	0.318 	
-1774.331 	2353.455 	-519.682 	-0.257 	0.353 	-0.077 	
-1136.641 	-1102.337 	953.745 	-0.172 	-0.164 	0.147 	
-961.866 	-1237.098 	486.158 	-0.142 	-0.185 	0.082 	
2659.805 	36.349 	1182.661 	0.401 	0.012 	0.181 	
-1808.470 	176.954 	1661.968 	-0.271 	0.026 	0.257 	
-11.174 	1062.017 	-2025.973 	-0.008 	0.160 	-0.308 	
-1919.930 	-2525.039 	-2513.610 	-0.282 	-0.377 	-0.382 	
1370.367 	2162.885 	-989.981 	0.202 	0.321 	-0.147 	
-2671.133 	1280.391 	1586.897 	-0.402 	0.192 	0.234 	
-2791.599 	170.563 	1067.913 	-0.423 	0.030 	0.160 	
867.256 	-2235.659 	-2260.020 	0.127 	-0.338 	-0.332 	
-3696.001 	62.233 	-14.632 	-0.593 	-0.015 	-0.005 	
-2525.545 	-1026.562 	1343.810 	-0.375 	-0.155 	0.206 	
1534.193 	-592.028 	-1833.426 	0.228 	-0.089 	-0.281 	
772.117 	506.002 	335.939 	0.121 	0.076 	0.058 	
-75.292 	-987.107 	635.756 	-0.013 	-0.153 	0.087 	
-2717.946 	235.099 	-1572.319 	-0.411 	0.032 	-0.240 	
2217.168 	-229.025 	3012.491 	0.336 	-0.032 	0.457 	
-535.442 	-932.042 	1539.574 	-0.080 	-0.144 	0.223 	
1003.557 	-1587.204 	-620.722 	0.146 	-0.236 	-0.090 	
386.979 	-405.040 	428.580 	0.062 	-0.066 	0.059 	
-2403.001 	-2847.900 	-1428.258 	-0.362 	-0.431 	-0.214 	
1365.575 	-1283.381 	-2318.936 	0.204 	-0.185 	-0.342 	
576.738 	815.656 	-592.257 	0.092 	0.146 	-0.087 	
-1088.173 	-313.418 	903.229 	-0.161 	-0.039 	0.140 	
3058.521 	1524.483 	-242.652 	0.467 	0.226 	-0.038 	
687.796 	-334.295 	-1569.346 	0.100 	-0.050 	-0.237 	
-2216.389 	768.152 	-2764.149 	-0.330 	0.118 	-0.414 	
1061.579 	837.270 	835.101 	0.164 	0.119 	0.130 	
2690.802 	195.560 	-2210.406 	0.398 	0.026 	-0.328 	
-1094.935 	360.516 	-1401.155 	-0.163 	0.058 	-0.213 	
-2721.385 	2465.133 	1038.889 	-0.415 	0.371 	0.157 	
100.989 	-2144.631 	-2549.552 	0.020 	-0.320 	-0.387 	
1921.872 	2432.800 	-1518.794 	0.290 	0.364 	-0.237 	
1386.212 	-1099.809 	293.907 	0.205 	-0.163 	0.051 	
1413.959 	-2356.812 	-1913.633 	0.209 	-0.350 	-0.293 	
901.687 	-1106.260 	1556.110 	0.131 	-0.166 	0.232 	
1193.351 	-1185.115 	1896.025 	0.179 	-0.174 	0.284 	
2419.554 	2666.828 	-2364.353 	0.361 	0.403 	-0.361 	
2257.957 	-411.693 	1641.547 	0.343 	-0.057 	0.252 	
978.762 	-645.193 	-551.120 	0.150 	-0.092 	-0.082 	
-1114.024 	-1032.976 	2036.036 	-0.172 	-0.152 	0.306 	
-1282.042 	-588.570 	2231.518 	-0.191 	-0.094 	0.334 	
519.996 	-1335.760 	-855.067 	0.079 	-0.198 	-0.130 	
-1811.849 	-288.750 	-49.871 	-0.270 	-0.046 	-0.009 	
-314.743 	2287.144 	-2812.885 	-0.040 	0.347 	-0.422 	
-2154.307 	-704.941 	1436.493 	-0.328 	-0.105 	0.214 	
-98.109 	-2189.322 	2341.538 	-0.016 	-0.322 	0.356 	
-1060.470 	825.981 	2193.690 	-0.153 	0.127 	0.327 	
-303.624 	-97.900 	1551.984 	-0.049 	-0.017 	0.233 	
1960.647 	-1486.330 	12.661 	0.297 	-0.225 	-0.004 	
-133.109 	-990.521 	651.025 	-0.007 	-0.145 	0.102 	
-561.038 	-979.261 	2213.769 	-0.076 	-0.145 	0.333 	
-2767.137 	-777.139 	748.451 	-0.420 	-0.117 	0.113 	
-731.156 	-1823.525 	-395.573 	-0.115 	-0.269 	-0.059 	
783.136 	-2682.836 	1437.264 	0.114 	-0.408 	0.215 	
971.063 	-2015.194 	-532.452 	0.143 	-0.302 	-0.075 	
1132.797 	-2475.030 	-291.316 	0.172 	-0.373 	-0.038 	
739.670 	110.975 	2242.025 	0.105 	0.013 	0.335 	
-2481.768 	1208.643 	163.844 	-0.374 	0.180 	0.023 	
-576.001 	603.517 	1145.711 	-0.079 	0.086 	0.168 	
-969.764 	-1449.194 	2355.818 	-0.148 	-0.217 	0.358 	
-2043.737 	-2442.231 	2135.488 	-0.306 	-0.363 	0.327 	
1467.323 	1669.368 	-2562.453 	0.218 	0.248 	-0.380 	
-878.109 	1513.461 	-2445.296 	-0.135 	0.243 	-0.352 	
-167.911 	-2079.608 	-1677.425 	-0.016 	-0.311 	-0.252 	
-41.431 	-156.466 	378.461 	0.003 	-0.029 	0.055 	
1814.937 	-846.956 	469.779 	0.273 	-0.127 	0.065 	
1446.666 	857.378 	-1582.845 	0.226 	0.128 	-0.235 	
-1783.985 	-2418.730 	1404.772 	-0.263 	-0.369 	0.207 	
3004.903 	-598.738 	-2731.243 	0.457 	-0.090 	-0.413 	
-449.310 	1939.420 	660.591 	-0.060 	0.293 	0.096 	
-1570.573 	2194.890 	-1899.186 	-0.237 	0.329 	-0.287 	
-2123.072 	1444.185 	-749.860 	-0.310 	0.216 	-0.112 	
-30.885 	727.582 	-267.741 	-0.009 	0.100 	-0.040 	
-2339.089 	935.928 	200.394 	-0.343 	0.147 	0.028 	
-118.801 	-2042.147 	-1568.285 	-0.020 	-0.302 	-0.228 	
-1928.007 	-1108.365 	110.448 	-0.290 	-0.164 	0.010 	
1496.102 	1185.813 	-1523.575 	0.232 	0.178 	-0.225 	
-1872.148 	2664.004 	358.465 	-0.282 	0.396 	0.061 	
1371.505 	-243.121 	-1981.873 	0.209 	-0.035 	-0.296 	
-266.166 	215.695 	-556.555 	-0.036 	0.025 	-0.077 	
-2587.639 	-1350.129 	-2422.905 	-0.387 	-0.209 	-0.367 	
1195.623 	-500.341 	390.476 	0.175 	-0.077 	0.062 	
-2130.257 	-525.783 	2352.484 	-0.319 	-0.077 	0.354 	
2105.598 	-224.741 	1960.958 	0.316 	-0.037 	0.288 	
762.291 	-218.845 	-1800.125 	0.109 	-0.038 	-0.268 	
2199.433 	885.614 	-170.327 	0.326 	0.134 	-0.029 	
963.793 	454.091 	1598.671 	0.141 	0.071 	0.237 	
-188.879 	1222.609 	-2029.527 	-0.032 	0.183 	-0.300 	
2742.475 	-2005.461 	-857.728 	0.419 	-0.300 	-0.125 	
-2470.561 	-2488.985 	2601.323 	-0.373 	-0.376 	0.391 	
-2147.452 	-1498.045 	-60.192 	-0.319 	-0.223 	-0.010 	
1648.267 	389.328 	565.537 	0.238 	0.058 	0.085 	
2703.712 	-672.795 	721.415 	0.405 	-0.097 	0.103 	
-2244.509 	836.567 	1224.411 	-0.333 	0.129 	0.191 	
88.606 	-153.933 	27.551 	0.007 	-0.022 	0.008 	
-759.492 	-1570.620 	2175.331 	-0.107 	-0.232 	0.329 	
-291.628 	-1321.674 	-1041.442 	-0.040 	-0.200 	-0.150 	
2608.199 	-1042.438 	-1776.982 	0.391 	-0.163 	-0.264 	
299.711 	-1551.933 	-1465.401 	0.037 	-0.230 	-0.216 	
2030.824 	-2164.662 	2722.841 	0.310 	-0.320 	0.407 	
-2511.164 	-1016.525 	-1322.423 	-0.373 	-0.147 	-0.194 	
-2279.572 	-627.250 	-860.100 	-0.346 	-0.099 	-0.127 	
359.157 	-574.570 	2085.424 	0.063 	-0.087 	0.310 	
1583.149 	-1545.289 	1163.849 	0.246 	-0.231 	0.170 	
-1441.024 	1166.184 	1229.526 	-0.222 	0.171 	0.186 	
-2475.914 	-1375.585 	2073.880 	-0.369 	-0.199 	0.313 	
-1940.876 	-17.002 	657.898 	-0.292 	-0.004 	0.103 	
-1565.916 	-1840.737 	289.191 	-0.230 	-0.272 	0.040 	
2468.060 	2337.916 	1560.974 	0.374 	0.343 	0.232 	
2452.634 	1355.825 	-470.068 	0.375 	0.206 	-0.072 	
-2344.872 	-2203.622 	590.714 	-0.350 	-0.328 	0.093 	
-1937.399 	586.079 	1099.197 	-0.293 	0.082 	0.166 	
-1568.495 	246.177 	1326.434 	-0.227 	0.041 	0.202 	
-1459.828 	-715.623 	-2793.035 	-0.220 	-0.111 	-0.425 	
-1360.366 	-1487.435 	-2154.973 	-0.206 	-0.227 	-0.326 	
2942.088 	2999.386 	-1408.245 	0.445 	0.456 	-0.209 	
2815.201 	1009.728 	-2262.576 	0.424 	0.148 	-0.345 	
-712.006 	-1184.385 	-775.243 	-0.106 	-0.181 	-0.113 	
-752.201 	-1141.399 	1835.520 	-0.111 	-0.178 	0.273 	
735.962 	-164.571 	301.724 	0.116 	-0.027 	0.041 	
906.293 	283.001 	598.058 	0.139 	0.037 	0.087 	
-1621.428 	1710.648 	1637.803 	-0.248 	0.256 	0.245 	
-1830.483 	2182.884 	-2519.298 	-0.276 	0.323 	-0.377 	
-735.853 	-1681.811 	-2779.536 	-0.108 	-0.246 	-0.419 	
2233.362 	-1107.931 	-1729.866 	0.328 	-0.164 	-0.257 	
-33.830 	20.088 	-1720.356 	-0.004 	0.004 	-0.258 	
871.404 	2163.750 	914.625 	0.132 	0.328 	0.141 	
1432.115 	-220.983 	-20.074 	0.221 	-0.032 	-0.004 	
1142.287 	1299.604 	1574.392 	0.173 	0.191 	0.244 	
801.398 	-1077.079 	-1178.492 	0.125 	-0.159 	-0.171 	
2497.520 	-2015.362 	-1727.527 	0.384 	-0.303 	-0.259 	
800.469 	647.120 	-1655.986 	0.122 	0.097 	-0.250 	
-1787.662 	-1923.045 	-48.857 	-0.264 	-0.293 	-0.006 	
1490.775 	949.101 	1213.161 	0.215 	0.139 	0.181 	
2118.790 	786.486 	276.504 	0.326 	0.112 	0.040 	
-195.541 	-2404.602 	2250.111 	-0.027 	-0.357 	0.344 	
198.838 	893.215 	2271.798 	0.038 	0.133 	0.334 	
2034.007 	-100.064 	2192.940 	0.313 	-0.014 	0.326 	
2335.125 	899.850 	-115.687 	0.347 	0.130 	-0.012 	
-1555.316 	-2952.171 	2928.975 	-0.231 	-0.446 	0.445 	
-3019.292 	-2465.729 	2714.700 	-0.457 	-0.368 	0.410 	
2843.552 	2304.192 	9.092 	0.435 	0.341 	0.001 	
2890.349 	581.365 	2454.558 	0.435 	0.080 	0.372 	
1078.929 	320.055 	1871.480 	0.163 	0.042 	0.273 	
-1878.456 	-305.295 	-2333.696 	-0.282 	-0.044 	-0.348 	
2049.355 	1033.968 	-870.875 	0.316 	0.155 	-0.132 	
-685.368 	1414.099 	-2421.496 	-0.106 	0.208 	-0.358 	
1100.268 	1161.469 	-362.042 	0.163 	0.173 	-0.056 	
1672.089 	-1038.334 	-1454.325 	0.253 	-0.153 	-0.214 	
2235.082 	2102.681 	2611.019 	0.336 	0.321 	0.395 	
286.534 	2328.123 	-1682.897 	0.036 	0.346 	-0.250 	
-2392.740 	466.280 	1001.765 	-0.354 	0.074 	0.153 	
718.310 	-2572.782 	1766.040 	0.113 	-0.385 	0.259 	
844.386 	-1032.117 	-267.623 	0.123 	-0.158 	-0.039 	
2061.166 	149.379 	-214.381 	0.309 	0.028 	-0.036 	
-1248.296 	1177.860 	-1837.065 	-0.183 	0.180 	-0.278 	
1307.421 	-2294.981 	1308.160 	0.193 	-0.347 	0.198 	
2248.798 	2264.098 	111.125 	0.343 	0.339 	0.020 	
1511.887 	-2451.733 	2255.576 	0.226 	-0.361 	0.338 	
2684.627 	-211.103 	578.329 	0.403 	-0.024 	0.090 	
2993.917 	2385.945 	1581.103 	0.448 	0.359 	0.239 	
802.338 	-1987.476 	1102.493 	0.128 	-0.299 	0.166 	
-1536.911 	-2743.870 	2568.290 	-0.232 	-0.416 	0.386 	
1157.554 	-556.130 	-582.430 	0.177 	-0.077 	-0.086 	
-201.214 	61.237 	435.336 	-0.034 	0.005 	0.061 	
-2402.379 	3020.529 	2453.518 	-0.366 	0.460 	0.368 	
137.626 	259.741 	2318.639 	0.029 	0.041 	0.342 	
-360.548 	2356.978 	2147.651 	-0.056 	0.358 	0.318 	
1991.973 	-2129.098 	2339.633 	0.305 	-0.325 	0.354 	
-2123.151 	-2243.212 	2287.473 	-0.320 	-0.330 	0.344 	
-2494.927 	-1603.924 	1882.789 	-0.375 	-0.237 	0.283 	
-1860.349 	1735.706 	847.312 	-0.274 	0.264 	0.131 	
-425.306 	-2879.993 	548.859 	-0.055 	-0.432 	0.081 	
342.158 	-1368.848 	1956.401 	0.055 	-0.203 	0.293 	
-85.540 	274.288 	314.844 	-0.014 	0.035 	0.052 	
-2252.076 	-2555.167 	-2085.993 	-0.343 	-0.384 	-0.307 	
-1309.706 	-80.062 	1435.175 	-0.192 	-0.016 	0.213 	
2046.486 	763.873 	337.024 	0.302 	0.118 	0.053 	
1022.719 	-1455.699 	1903.232 	0.157 	-0.222 	0.289 	
-2108.371 	-1234.433 	-1794.244 	-0.313 	-0.181 	-0.266 	
98.040 	-1294.462 	-536.357 	0.009 	-0.220 	-0.078 	
2764.459 	194.951 	48.442 	0.411 	0.027 	0.019 	
-1321.066 	-1903.239 	-1764.783 	-0.195 	-0.287 	-0.259 	
2223.347 	-1365.973 	146.816 	0.338 	-0.201 	0.024 	
-703.655 	1896.811 	1657.956 	-0.098 	0.278 	0.247 	
457.053 	-683.044 	2367.050 	0.069 	-0.101 	0.349 	
2364.527 	-337.240 	1270.653 	0.357 	-0.053 	0.186 	
-732.099 	114.001 	-2839.891 	-0.106 	0.020 	-0.428 	
-1283.618 	-460.440 	-51.298 	-0.191 	-0.076 	-0.003 	
568.374 	2199.514 	1153.421 	0.082 	0.328 	0.175 	
-2502.687 	645.086 	-463.320 	-0.379 	0.093 	-0.072 	
1407.919 	-1392.136 	739.538 	0.208 	-0.203 	0.106 	
-504.255 	505.333 	-582.545 	-0.082 	0.072 	-0.087 	
2073.088 	-2205.151 	455.419 	0.311 	-0.331 	0.073 	
252.282 	-508.092 	777.887 	0.030 	-0.073 	0.114 	
2747.470 	-2241.395 	914.123 	0.419 	-0.333 	0.137 	
-1265.204 	256.312 	-176.543 	-0.182 	0.037 	-0.025 	
-2142.329 	282.272 	2314.890 	-0.323 	0.050 	0.345 	
2841.934 	1103.292 	-277.013 	0.427 	0.159 	-0.033 	
-1705.903 	2149.909 	-1315.725 	-0.251 	0.326 	-0.194 	
-1690.163 	2080.485 	-767.952 	-0.245 	0.312 	-0.116 	
2041.196 	-661.683 	-280.196 	0.301 	-0.090 	-0.040 	
-2216.143 	496.202 	2097.942 	-0.328 	0.077 	0.314 	
2339.174 	-1361.637 	-2753.386 	0.360 	-0.200 	-0.413 	
-1952.856 	-2649.902 	-1457.716 	-0.293 	-0.395 	-0.219 	
-568.046 	-304.931 	2055.567 	-0.079 	-0.047 	0.302 	
-165.483 	-1371.678 	-202.273 	-0.026 	-0.204 	-0.038 	
-212.579 	-374.719 	1039.167 	-0.024 	-0.057 	0.160 	
1673.312 	738.348 	653.490 	0.257 	0.113 	0.102 	
1047.159 	-2172.606 	7.987 	0.163 	-0.318 	0.005 	
1489.447 	-2458.072 	-2396.762 	0.218 	-0.370 	-0.360 	
-1606.403 	2418.282 	-697.078 	-0.240 	0.358 	-0.107 	
-2026.663 	2273.512 	619.931 	-0.298 	0.345 	0.092 	
0.538 	-221.089 	-750.669 	0.002 	-0.035 	-0.115 	
-158.546 	-2158.075 	1615.715 	-0.015 	-0.321 	0.241 	
728.876 	-860.421 	2457.204 	0.108 	-0.124 	0.373 	
2423.442 	1942.993 	-2544.463 	0.370 	0.298 	-0.384 	
51.598 	-1417.809 	-541.194 	0.006 	-0.212 	-0.074 	
2874.768 	1981.798 	-80.632 	0.440 	0.295 	-0.013 	
-1073.604 	1653.965 	-2948.866 	-0.154 	0.245 	-0.442 	
-92.420 	200.285 	-542.605 	-0.015 	0.023 	-0.084 	
-2223.218 	-552.806 	959.559 	-0.325 	-0.085 	0.146 	
1283.767 	-357.241 	10.360 	0.190 	-0.061 	0.000 	
-807.698 	-550.726 	2300.715 	-0.123 	-0.082 	0.335 	
-450.149 	144.535 	-2841.399 	-0.066 	0.026 	-0.426 	
2167.739 	901.039 	1010.069 	0.317 	0.136 	0.148 	
-2313.736 	-1456.356 	-3155.890 	-0.344 	-0.217 	-0.481 	
2579.841 	-531.689 	625.802 	0.383 	-0.075 	0.096 	
1608.608 	-2621.837 	392.509 	0.238 	-0.395 	0.064 	
1351.221 	2476.516 	-1664.388 	0.210 	0.367 	-0.247 	
2111.526 	660.629 	-1787.045 	0.313 	0.104 	-0.265 	
102.082 	-2933.586 	2518.598 	0.021 	-0.445 	0.376 	
1008.354 	-888.334 	867.579 	0.160 	-0.132 	0.128 	
102.485 	2773.104 	1270.221 	0.024 	0.415 	0.192 	
2273.573 	-1461.819 	-1732.671 	0.349 	-0.221 	-0.260 	
1131.720 	2581.348 	-123.602 	0.174 	0.387 	-0.012 	
1350.009 	755.672 	-827.420 	0.195 	0.114 	-0.122 	
2278.496 	2558.042 	-635.597 	0.338 	0.377 	-0.095 	
1262.353 	1367.486 	-852.387 	0.199 	0.204 	-0.126 	
938.661 	-733.940 	-367.278 	0.148 	-0.115 	-0.056 	
817.955 	-595.318 	913.305 	0.124 	-0.088 	0.126 	
-750.744 	-1882.749 	-1176.968 	-0.117 	-0.282 	-0.171 	
-2724.094 	-910.018 	2029.790 	-0.403 	-0.133 	0.303 	
-2325.693 	-2015.028 	-255.558 	-0.345 	-0.306 	-0.043 	
647.580 	2377.469 	1277.789 	0.095 	0.360 	0.190 	
-579.200 	-800.946 	1094.883 	-0.093 	-0.119 	0.164 	
1562.162 	-2625.631 	354.475 	0.242 	-0.394 	0.057 	
-2679.775 	-1097.771 	1686.240 	-0.422 	-0.163 	0.250 	
1957.237 	-2436.589 	-2560.352 	0.271 	-0.371 	-0.381 	
-2520.070 	-1040.666 	-2177.432 	-0.404 	-0.151 	-0.327 	
-854.291 	-2397.554 	1175.484 	-0.148 	-0.355 	0.183 	
1754.369 	1355.617 	-357.717 	0.232 	0.198 	-0.056 	
-1686.104 	-2304.666 	1391.073 	-0.284 	-0.347 	0.212 	
3007.018 	-2372.354 	-2442.529 	0.429 	-0.361 	-0.371 	
2099.492 	-1627.102 	1447.664 	0.289 	-0.244 	0.223 	
-942.283 	-1431.030 	-2408.534 	-0.173 	-0.210 	-0.360 	
1158.386 	1394.367 	-1910.054 	0.146 	0.208 	-0.290 	
2099.904 	863.208 	280.776 	0.291 	0.131 	0.036 	
401.047 	89.544 	639.492 	0.024 	0.008 	0.094 	
-2699.163 	2440.150 	2627.120 	-0.435 	0.365 	0.391 	
989.581 	-1977.681 	1024.441 	0.114 	-0.297 	0.154 	
983.942 	2964.765 	2652.006 	0.123 	0.447 	0.393 	
-164.241 	2276.800 	1666.198 	-0.045 	0.342 	0.244 	
1872.596 	-814.201 	1094.056 	0.260 	-0.119 	0.167 	
617.626 	-2768.468 	2612.544 	0.060 	-0.415 	0.392 	
-355.502 	2599.972 	931.602 	-0.077 	0.389 	0.146 	
1455.871 	-2619.127 	2363.467 	0.195 	-0.396 	0.351 	
450.711 	716.791 	1314.607 	0.039 	0.106 	0.198 	
-1123.511 	2662.611 	-2697.941 	-0.188 	0.397 	-0.404 	
726.184 	906.126 	57.752 	0.091 	0.137 	0.010 	
1980.057 	161.160 	-331.963 	0.265 	0.028 	-0.053 	
-3034.050 	1042.919 	-1530.028 	-0.488 	0.157 	-0.229 	
261.363 	2045.147 	1249.755 	0.009 	0.310 	0.191 	
259.152 	-936.520 	14.032 	0.015 	-0.144 	0.005 	
-294.004 	-2056.278 	-363.466 	-0.072 	-0.311 	-0.050 	
-1939.452 	-493.351 	-604.681 	-0.323 	-0.073 	-0.091 	
-847.661 	1274.124 	-2682.260 	-0.147 	0.189 	-0.400 	
510.580 	978.000 	-459.054 	0.058 	0.144 	-0.063 	
-1065.150 	2639.545 	818.991 	-0.180 	0.399 	0.127 	
-1862.326 	1892.015 	-2435.585 	-0.312 	0.283 	-0.369 	
58.805 	2444.497 	1998.318 	-0.019 	0.368 	0.294 	
792.142 	-2699.175 	2343.270 	0.092 	-0.401 	0.352 	
739.888 	-2239.608 	306.560 	0.089 	-0.331 	0.050 	
376.147 	-445.271 	-2120.280 	0.026 	-0.064 	-0.316 	
-2190.161 	753.504 	2471.446 	-0.358 	0.107 	0.374 	
-2915.330 	1683.359 	19.052 	-0.466 	0.244 	0.005 	
2352.021 	86.573 	-1676.431 	0.329 	0.013 	-0.245 	
-1305.929 	-1069.496 	-1552.675 	-0.219 	-0.154 	-0.236 	
-1997.259 	-1416.396 	-849.961 	-0.318 	-0.205 	-0.127 	
1476.814 	-2515.854 	-1563.222 	0.189 	-0.375 	-0.235 	
-2010.384 	803.856 	-1702.193 	-0.325 	0.123 	-0.247 	
-1160.234 	-451.470 	-722.750 	-0.205 	-0.063 	-0.111 	
2378.064 	2848.944 	-1488.566 	0.334 	0.434 	-0.219 	
1087.072 	-1804.011 	-1584.639 	0.137 	-0.266 	-0.242 	
-1907.928 	2238.710 	-2462.340 	-0.312 	0.328 	-0.373 	
-773.990 	-1348.439 	-1103.091 	-0.132 	-0.202 	-0.165 	
-11.546 	-430.396 	794.303 	-0.035 	-0.067 	0.118 	
-10.760 	46.201 	111.931 	-0.029 	0.009 	0.015 	
1038.410 	2950.899 	-235.946 	0.138 	0.444 	-0.035 	
1076.414 	-1714.764 	-832.247 	0.144 	-0.256 	-0.122 	
1728.051 	1191.093 	962.668 	0.231 	0.179 	0.144 	
-2290.018 	-342.614 	1549.229 	-0.369 	-0.044 	0.227 	
-755.333 	1861.800 	1677.517 	-0.137 	0.287 	0.256 	
-1955.074 	1190.464 	2069.482 	-0.327 	0.179 	0.308 	
-882.467 	-542.679 	-1134.961 	-0.153 	-0.076 	-0.165 	
-1825.603 	-1290.439 	-1004.102 	-0.292 	-0.199 	-0.150 	
-1871.444 	22.863 	258.216 	-0.304 	0.009 	0.035 	
-678.390 	-2353.148 	791.851 	-0.121 	-0.346 	0.122 	
730.118 	-330.991 	-84.009 	0.085 	-0.049 	-0.014 	
1479.988 	843.516 	1392.405 	0.204 	0.126 	0.202 	
-54.609 	-287.643 	-2461.755 	-0.040 	-0.040 	-0.366 	
-91.339 	-1302.523 	-1156.677 	-0.036 	-0.189 	-0.174 	
1248.317 	-191.474 	2402.033 	0.163 	-0.030 	0.359 	
291.289 	-745.754 	480.774 	0.012 	-0.113 	0.078 	
301.400 	-2335.375 	2562.936 	0.022 	-0.346 	0.387 	
856.620 	506.173 	1195.247 	0.103 	0.078 	0.178 	
163.428 	-2185.233 	-265.135 	-0.009 	-0.327 	-0.040 	
85.064 	-2165.667 	-1153.070 	-0.019 	-0.321 	-0.174 	
-2398.940 	-2119.642 	-173.911 	-0.386 	-0.311 	-0.025 	
-2440.191 	-1688.517 	-755.061 	-0.399 	-0.253 	-0.112 	
2375.451 	-2367.011 	-634.839 	0.337 	-0.357 	-0.100 	
-590.409 	-1103.996 	-1317.808 	-0.117 	-0.171 	-0.199 	
-654.277 	-407.795 	187.087 	-0.131 	-0.063 	0.029 	
-962.388 	2067.589 	-1451.966 	-0.166 	0.313 	-0.220 	
-1214.621 	978.099 	860.241 	-0.211 	0.151 	0.125 	
-567.902 	785.054 	-1381.227 	-0.117 	0.121 	-0.206 	
-2220.911 	-1694.111 	1134.303 	-0.353 	-0.250 	0.169 	
1262.899 	-1890.844 	-453.547 	0.169 	-0.281 	-0.063 	
1932.540 	537.829 	2020.639 	0.258 	0.083 	0.302 	
-2320.293 	1465.296 	1887.968 	-0.369 	0.219 	0.279 	
-1197.081 	676.543 	794.172 	-0.213 	0.101 	0.117 	
-1467.779 	-2047.988 	2924.614 	-0.242 	-0.300 	0.440 	
-1593.260 	-1533.082 	218.024 	-0.265 	-0.232 	0.039 	
-1743.787 	266.275 	-2031.797 	-0.284 	0.038 	-0.306 	
2248.192 	22.670 	-2147.102 	0.319 	0.001 	-0.320 	
415.009 	964.732 	2402.022 	0.041 	0.148 	0.357 	
-1616.285 	1376.649 	1235.289 	-0.263 	0.203 	0.181 	
-905.187 	1409.414 	1870.364 	-0.153 	0.210 	0.280 	
-2489.275 	2131.502 	412.325 	-0.400 	0.327 	0.064 	
-735.727 	-951.154 	-1134.175 	-0.132 	-0.149 	-0.163 	
-965.949 	-2119.702 	560.688 	-0.171 	-0.315 	0.091 	
2746.956 	2407.313 	-1799.897 	0.395 	0.364 	-0.271 	
154.525 	-1827.691 	-1774.508 	0.004 	-0.273 	-0.271 	
-1526.865 	-2453.099 	-2103.282 	-0.255 	-0.375 	-0.313 	
869.397 	3062.589 	-1220.997 	0.101 	0.463 	-0.188 	
678.031 	-1576.512 	2193.617 	0.071 	-0.239 	0.329 	
2893.096 	-248.823 	-1792.636 	0.414 	-0.040 	-0.270 	
807.773 	-391.651 	459.581 	0.090 	-0.059 	0.068 	
591.812 	2688.960 	-1443.516 	0.059 	0.404 	-0.218 	
-1866.233 	-1070.030 	-1066.513 	-0.302 	-0.153 	-0.158 	
-1096.770 	2436.166 	-613.889 	-0.191 	0.356 	-0.089 	
-1007.788 	-517.043 	-2244.372 	-0.173 	-0.077 	-0.335 	
1197.904 	-2606.025 	-1181.363 	0.158 	-0.394 	-0.173 	
1734.255 	-687.833 	-30.384 	0.231 	-0.097 	0.000 	
2627.911 	35.127 	1620.156 	0.374 	0.005 	0.243 	
1401.509 	2016.692 	-2753.156 	0.193 	0.302 	-0.415 	
-2191.478 	812.129 	1771.527 	-0.346 	0.122 	0.263 	
-334.213 	2.635 	757.359 	-0.069 	0.001 	0.116 	
-918.033 	2146.691 	1855.323 	-0.166 	0.323 	0.279 	
2867.043 	2357.835 	-527.446 	0.407 	0.355 	-0.081 	
-2468.521 	297.450 	1812.695 	-0.397 	0.038 	0.269 	
-2843.468 	712.314 	-2027.837 	-0.447 	0.109 	-0.305 	
-1878.882 	-1002.732 	-450.229 	-0.308 	-0.153 	-0.070 	
799.664 	854.471 	-1207.513 	0.088 	0.128 	-0.185 	
2022.173 	2728.613 	-1774.043 	0.280 	0.415 	-0.271 	
-1922.781 	1086.391 	-86.284 	-0.314 	0.157 	-0.016 	
376.936 	199.473 	544.678 	0.025 	0.026 	0.081 	
403.043 	-2151.120 	-1100.922 	0.027 	-0.322 	-0.166 	
-2215.075 	-327.019 	-1358.765 	-0.363 	-0.049 	-0.199 	
2912.402 	1848.552 	-1743.777 	0.419 	0.281 	-0.263 	
1904.420 	444.556 	1486.793 	0.263 	0.071 	0.216 	
670.996 	2408.334 	504.628 	0.073 	0.355 	0.074 	
821.295 	-670.128 	-985.450 	0.092 	-0.103 	-0.141 	
2165.315 	2127.852 	-1859.410 	0.294 	0.321 	-0.279 	
2686.108 	654.259 	-806.581 	0.384 	0.099 	-0.120 	
-1728.604 	711.650 	-510.564 	-0.291 	0.100 	-0.072 	
-1201.477 	-2338.946 	-694.602 	-0.203 	-0.342 	-0.106 	
1359.498 	2882.058 	-2708.805 	0.177 	0.436 	-0.406 	
2480.473 	1029.151 	-692.470 	0.347 	0.159 	-0.103 	
-1977.840 	-1676.772 	-1629.523 	-0.325 	-0.252 	-0.239 	
-2633.972 	167.828 	1449.173 	-0.427 	0.027 	0.221 	
2756.588 	-1512.426 	2256.472 	0.395 	-0.226 	0.333 	
2075.988 	172.521 	1177.575 	0.278 	0.027 	0.177 	
626.440 	2097.577 	1655.907 	0.071 	0.319 	0.249 	
-2613.865 	2310.142 	-1852.989 	-0.423 	0.345 	-0.284 	
-2487.315 	227.060 	2623.436 	-0.390 	0.034 	0.394 	
2549.694 	-1895.219 	-1214.733 	0.357 	-0.291 	-0.184 	
-1253.222 	1104.649 	1147.133 	-0.222 	0.164 	0.174 	
1384.989 	1791.906 	725.449 	0.181 	0.267 	0.112 	
2048.134 	-356.650 	1024.999 	0.286 	-0.056 	0.155 	
1839.707 	871.438 	955.892 	0.246 	0.124 	0.138 	
-2037.310 	-567.211 	2456.145 	-0.326 	-0.085 	0.372 	
2708.103 	-2127.708 	1305.087 	0.384 	-0.318 	0.197 	
-670.103 	1873.376 	-2537.977 	-0.132 	0.280 	-0.381 	
-2329.917 	-2268.339 	3728.512 	-0.414 	-0.366 	0.615 	
458.833 	1483.234 	64.911 	0.048 	0.220 	0.008 	
669.843 	27.084 	374.567 	0.079 	0.006 	0.061 	
1052.588 	2120.678 	2597.348 	0.138 	0.324 	0.389 	
-2078.881 	335.495 	-190.814 	-0.340 	0.057 	-0.027 	
-2691.187 	813.946 	-2458.256 	-0.428 	0.124 	-0.365 	
1034.127 	1349.471 	407.754 	0.135 	0.202 	0.061 	
-785.599 	-1915.584 	692.469 	-0.146 	-0.290 	0.102 	
1456.302 	-506.726 	-1079.296 	0.201 	-0.078 	-0.160 	
-668.918 	-364.747 	1884.429 	-0.126 	-0.059 	0.277 	
-2242.658 	2003.158 	2671.957 	-0.359 	0.304 	0.406 	
1699.345 	-1372.604 	215.193 	0.232 	-0.204 	0.039 	
-2020.282 	-1263.837 	-685.941 	-0.334 	-0.187 	-0.103 	
208.718 	2096.957 	1156.937 	0.003 	0.312 	0.173 	
-934.198 	-697.819 	-2523.852 	-0.157 	-0.105 	-0.375 	
-1824.136 	131.986 	-2122.346 	-0.306 	0.024 	-0.316 	
147.800 	1477.713 	173.288 	0.001 	0.224 	0.025 	
-1572.220 	-1327.721 	103.885 	-0.265 	-0.193 	0.022 	
-2340.794 	-2524.546 	2736.932 	-0.379 	-0.379 	0.417 	
642.843 	-17.183 	911.904 	0.074 	-0.004 	0.137 	
2696.501 	1157.831 	-995.377 	0.376 	0.171 	-0.147 	
2774.911 	-1895.251 	1944.683 	0.394 	-0.287 	0.293 	
-2812.598 	-1404.156 	-26.414 	-0.446 	-0.205 	-0.006 	
-1094.069 	428.453 	-2041.436 	-0.195 	0.065 	-0.300 	
92.894 	-190.792 	1282.642 	-0.017 	-0.025 	0.195 	
2041.227 	-886.875 	-469.514 	0.271 	-0.136 	-0.070 	
356.384 	-46.445 	-1723.682 	0.032 	-0.007 	-0.259 	
2935.747 	-2396.153 	-3095.937 	0.418 	-0.358 	-0.471 	
-235.988 	-1577.158 	-595.812 	-0.058 	-0.229 	-0.095 	
-1356.155 	2206.314 	2381.750 	-0.225 	0.330 	0.355 	
1880.469 	321.343 	-2102.196 	0.251 	0.048 	-0.316 	
-899.380 	2169.525 	1255.790 	-0.165 	0.325 	0.185 	
-1938.135 	-645.178 	-1106.473 	-0.320 	-0.094 	-0.172 	
121.628 	70.233 	625.526 	-0.012 	0.007 	0.086 	
-974.471 	-1203.074 	1553.938 	-0.175 	-0.177 	0.233 	
-187.004 	1540.864 	573.345 	-0.054 	0.223 	0.089 	
608.754 	-432.335 	-1649.179 	0.059 	-0.068 	-0.243 	
-1038.457 	-886.347 	2126.949 	-0.180 	-0.125 	0.319 	
2668.730 	-904.414 	-2759.322 	0.377 	-0.141 	-0.412 	
2636.491 	-92.740 	-2335.281 	0.375 	-0.015 	-0.356 	
1272.112 	76.080 	2567.531 	0.158 	0.013 	0.383 	
-595.167 	-1494.777 	-1169.918 	-0.113 	-0.222 	-0.166 	
971.513 	-2784.980 	2462.524 	0.121 	-0.409 	0.368 	
-2095.985 	-1085.937 	2437.732 	-0.333 	-0.163 	0.363 	
-1243.200 	-295.900 	-2244.517 	-0.212 	-0.041 	-0.333 	
-199.697 	2272.735 	174.363 	-0.061 	0.343 	0.031 	
1031.439 	1112.131 	-2339.330 	0.130 	0.164 	-0.349 	
1554.629 	1710.380 	-2256.131 	0.211 	0.261 	-0.339 	
-2794.794 	377.884 	1604.810 	-0.442 	0.058 	0.240 	
-1751.861 	-405.774 	2080.650 	-0.288 	-0.069 	0.309 	
-66.649 	1705.451 	1313.085 	-0.042 	0.255 	0.201 	
-314.455 	2641.633 	2411.371 	-0.065 	0.395 	0.362 	
-1760.055 	-858.512 	2539.207 	-0.294 	-0.130 	0.378 	
1551.421 	1502.189 	-767.878 	0.202 	0.224 	-0.111 	
-121.687 	-667.900 	789.685 	-0.051 	-0.094 	0.117 	
-1788.219 	2457.291 	-2252.237 	-0.294 	0.374 	-0.335 	
2369.833 	1994.832 	281.924 	0.338 	0.300 	0.043 	
2013.161 	2399.316 	866.740 	0.285 	0.359 	0.132 	
-2457.369 	-2476.694 	-1286.802 	-0.400 	-0.375 	-0.193 	
2550.313 	-1594.739 	1601.221 	0.351 	-0.244 	0.241 	
-834.980 	-423.915 	392.901 	-0.141 	-0.064 	0.057 	
-2147.018 	601.950 	1104.670 	-0.354 	0.091 	0.163 	
-2441.544 	-904.490 	245.577 	-0.399 	-0.135 	0.038 	
2694.668 	1473.805 	2273.576 	0.382 	0.219 	0.336 	
2804.466 	-919.651 	-195.313 	0.395 	-0.137 	-0.033 	
669.512 	-2264.172 	-777.264 	0.083 	-0.337 	-0.116 	
-1483.501 	1194.092 	-806.328 	-0.241 	0.176 	-0.123 	
-358.053 	-2138.786 	-2396.812 	-0.087 	-0.321 	-0.360 	
-2991.837 	-1009.879 	2303.042 	-0.477 	-0.156 	0.340 	
-2085.844 	498.005 	1477.120 	-0.345 	0.074 	0.218 	
604.936 	-2068.686 	1237.109 	0.059 	-0.312 	0.189 	
-149.486 	-1452.858 	242.693 	-0.046 	-0.211 	0.039 	
-303.747 	-281.688 	-883.666 	-0.063 	-0.041 	-0.130 	
329.951 	-1115.209 	666.070 	0.016 	-0.161 	0.099 	
-1888.323 	-1325.255 	101.607 	-0.305 	-0.200 	0.022 	
-2614.839 	1155.324 	-416.226 	-0.426 	0.174 	-0.059 	
-2033.233 	-1965.280 	-1672.544 	-0.330 	-0.298 	-0.250 	
2756.631 	-2536.030 	707.601 	0.394 	-0.384 	0.107 	
-1080.008 	2445.736 	826.763 	-0.190 	0.362 	0.130 	
-1983.360 	-806.079 	-104.693 	-0.316 	-0.128 	-0.014 	
2696.681 	-881.246 	2581.693 	0.380 	-0.135 	0.391 	
511.423 	313.822 	1894.896 	0.055 	0.043 	0.287 	
840.044 	-531.312 	-1858.642 	0.097 	-0.083 	-0.273 	
-616.868 	1315.765 	63.734 	-0.121 	0.198 	0.008 	
2989.056 	2619.825 	1555.170 	0.421 	0.396 	0.230 	
-1944.697 	-1051.141 	3517.481 	-0.324 	-0.162 	0.539 	
-2165.570 	570.304 	-1758.440 	-0.344 	0.083 	-0.264 	
-1211.512 	-298.174 	920.673 	-0.211 	-0.040 	0.136 	
2746.940 	-1257.594 	-2196.633 	0.382 	-0.188 	-0.328 	
-1548.603 	1075.141 	282.360 	-0.256 	0.159 	0.041 	
-742.292 	1653.124 	146.261 	-0.139 	0.240 	0.022 	
664.247 	391.987 	2384.624 	0.078 	0.066 	0.354 	
-772.157 	-1321.133 	862.373 	-0.136 	-0.200 	0.130 	
-1473.942 	1533.587 	1188.416 	-0.241 	0.225 	0.182 	
1183.604 	971.077 	741.043 	0.152 	0.142 	0.120 	
-321.035 	-152.617 	974.156 	-0.079 	-0.020 	0.148 	
2426.016 	-1704.770 	1960.469 	0.334 	-0.253 	0.298 	
738.564 	2326.919 	-102.525 	0.090 	0.350 	-0.012 	
-1468.994 	1144.578 	1488.420 	-0.243 	0.176 	0.220 	
-2583.333 	-764.122 	-2237.181 	-0.410 	-0.110 	-0.336 	
2559.924 	1274.248 	1697.700 	0.356 	0.199 	0.252 	
1576.445 	-1808.600 	-928.431 	0.218 	-0.269 	-0.140 	
-1167.972 	-212.342 	1646.342 	-0.202 	-0.028 	0.238 	
-146.607 	-1180.774 	2634.762 	-0.052 	-0.182 	0.387 	
-360.677 	-2177.685 	2338.070 	-0.080 	-0.332 	0.340 	
-2576.464 	1776.536 	-1871.693 	-0.408 	0.262 	-0.283 	
1998.596 	-526.174 	-364.139 	0.280 	-0.081 	-0.051 	
913.953 	1239.617 	1345.516 	0.113 	0.192 	0.206 	
-659.079 	-991.162 	-1441.291 	-0.124 	-0.155 	-0.210 	
-1032.880 	-544.985 	761.555 	-0.187 	-0.080 	0.115 	
-2018.438 	279.440 	404.561 	-0.318 	0.041 	0.062 	
1754.903 	-320.959 	-274.449 	0.235 	-0.052 	-0.040 	
1421.104 	-1193.678 	1562.431 	0.196 	-0.177 	0.237 	
-651.557 	-1185.454 	1784.259 	-0.130 	-0.181 	0.265 	
-2757.806 	11.321 	1965.912 	-0.440 	0.002 	0.294 	
-1522.058 	438.922 	620.690 	-0.261 	0.067 	0.094 	
2501.414 	-1835.277 	-67.589 	0.345 	-0.281 	-0.012 	
-465.182 	567.154 	-1426.382 	-0.098 	0.079 	-0.208 	
-805.185 	990.624 	2499.730 	-0.140 	0.144 	0.375 	
2019.576 	-1718.159 	-564.420 	0.279 	-0.256 	-0.082 	
2747.732 	-331.667 	-1281.120 	0.391 	-0.052 	-0.187 	
2370.986 	2295.740 	2966.539 	0.328 	0.343 	0.446 	
2098.825 	-2768.369 	-1434.853 	0.290 	-0.413 	-0.210 	
2331.936 	803.738 	846.433 	0.330 	0.119 	0.124 	
2904.578 	-1569.650 	900.509 	0.418 	-0.235 	0.136 	
364.125 	-2089.427 	1603.543 	0.031 	-0.306 	0.242 	
820.342 	262.706 	-2008.025 	0.105 	0.039 	-0.301 	
2515.784 	1802.438 	1310.690 	0.346 	0.272 	0.201 	
-789.115 	-529.825 	24.411 	-0.150 	-0.080 	0.007 	
-1860.237 	132.630 	-1929.996 	-0.306 	0.015 	-0.295 	
373.982 	1302.277 	935.257 	0.026 	0.197 	0.147 	
-1818.856 	124.704 	1899.482 	-0.298 	0.027 	0.283 	
-974.787 	-938.949 	2452.106 	-0.174 	-0.149 	0.363 	
-2673.457 	1329.426 	738.491 	-0.431 	0.202 	0.112 	
-2723.139 	1318.566 	2253.466 	-0.426 	0.196 	0.340 	
-897.926 	-376.395 	1956.477 	-0.161 	-0.052 	0.288 	
2745.536 	-1867.847 	-2226.120 	0.382 	-0.280 	-0.340 	
340.521 	-2715.370 	2731.485 	0.019 	-0.409 	0.409 	
-1394.366 	1435.546 	507.799 	-0.231 	0.215 	0.075 	
-2487.698 	982.396 	2053.378 	-0.391 	0.146 	0.310 	
-1933.044 	-20.224 	1603.323 	-0.306 	-0.000 	0.240 	
124.558 	1257.220 	1645.402 	-0.014 	0.183 	0.247 	
601.772 	-823.195 	-277.734 	0.071 	-0.122 	-0.040 	
630.995 	366.774 	397.889 	0.066 	0.047 	0.059 	
-819.844 	-2022.051 	948.846 	-0.142 	-0.307 	0.140 	
800.150 	-518.714 	851.379 	0.095 	-0.079 	0.122 	
1887.603 	738.474 	1489.047 	0.264 	0.112 	0.217 	
1149.286 	286.912 	-1568.461 	0.143 	0.043 	-0.235 	
568.646 	153.287 	-829.885 	0.058 	0.025 	-0.125 	
-2861.763 	-2042.031 	2796.372 	-0.459 	-0.308 	0.424 	
-1773.458 	2512.128 	1630.411 	-0.293 	0.373 	0.249 	
-1001.856 	-2363.420 	1973.218 	-0.173 	-0.351 	0.294 	
-487.041 	-578.480 	1854.109 	-0.099 	-0.093 	0.271 	
-757.992 	-493.503 	-637.704 	-0.147 	-0.076 	-0.099 	
3034.620 	990.479 	2732.608 	0.435 	0.151 	0.409 	
-653.920 	-2419.358 	-2399.836 	-0.116 	-0.362 	-0.361 	
1202.928 	2822.472 	-378.129 	0.156 	0.428 	-0.060 	
830.010 	2894.681 	-2697.075 	0.105 	0.437 	-0.401 	
-390.699 	1895.002 	1077.157 	-0.082 	0.286 	0.162 	
-1017.069 	1760.718 	-270.113 	-0.178 	0.262 	-0.047 	
385.827 	1103.073 	-3076.727 	0.033 	0.162 	-0.468 	
-1111.687 	347.942 	-795.892 	-0.186 	0.054 	-0.116 	
-2.581 	219.799 	-1754.838 	-0.022 	0.032 	-0.267 	
2121.087 	1662.386 	-789.319 	0.301 	0.248 	-0.118 	
-2576.635 	1748.096 	-1756.430 	-0.414 	0.265 	-0.271 	
2566.015 	2516.574 	1569.351 	0.369 	0.376 	0.237 	
-1882.657 	1721.911 	1813.262 	-0.312 	0.256 	0.278 	
910.473 	926.419 	1981.956 	0.105 	0.133 	0.296 	
-2933.393 	1760.484 	-1559.408 	-0.470 	0.268 	-0.236 	
-1583.437 	2490.182 	-889.715 	-0.258 	0.371 	-0.128 	
-1644.875 	1119.399 	842.949 	-0.265 	0.165 	0.132 	
-272.889 	-907.542 	1348.779 	-0.077 	-0.135 	0.192 	
1.067 	-1093.402 	-2375.108 	-0.025 	-0.156 	-0.355 	
-2630.546 	-802.850 	-1347.986 	-0.413 	-0.122 	-0.206 	
1827.071 	295.810 	-386.929 	0.251 	0.046 	-0.049 	
2021.077 	-35.727 	-269.236 	0.275 	-0.009 	-0.032 	
-1127.605 	-510.240 	2370.799 	-0.198 	-0.079 	0.351 	
2405.919 	-1636.267 	-1576.265 	0.338 	-0.240 	-0.241 	
926.496 	-318.336 	1332.373 	0.110 	-0.045 	0.199 	
2888.436 	-2546.765 	-1551.907 	0.414 	-0.378 	-0.237 	
892.506 	-1878.032 	267.726 	0.109 	-0.280 	0.035 	
-721.504 	-2402.248 	140.586 	-0.135 	-0.360 	0.021 	
784.895 	2307.175 	-329.149 	0.098 	0.338 	-0.049 	
1601.730 	-459.839 	-517.926 	0.212 	-0.062 	-0.075 	
-1031.810 	-377.603 	119.689 	-0.176 	-0.061 	0.021 	
-363.219 	1752.736 	-437.237 	-0.087 	0.265 	-0.065 	
1595.664 	-2080.192 	-2684.563 	0.220 	-0.316 	-0.408 	
-2246.995 	1935.122 	697.703 	-0.366 	0.290 	0.113 	
-488.006 	-1212.159 	1800.112 	-0.104 	-0.178 	0.262 	
1192.886 	1532.273 	-85.290 	0.145 	0.230 	-0.015 	
1854.353 	2448.740 	-2184.156 	0.251 	0.371 	-0.325 	
-2416.588 	424.570 	49.015 	-0.389 	0.057 	0.012 	
1838.150 	1418.627 	432.781 	0.249 	0.208 	0.070 	
-2861.928 	2680.368 	2759.784 	-0.459 	0.398 	0.417 	
456.795 	457.931 	1019.488 	0.048 	0.068 	0.147 	
1512.565 	-699.201 	-278.572 	0.197 	-0.108 	-0.038 	
2389.259 	1443.339 	2142.125 	0.328 	0.217 	0.320 	
-388.716 	-351.724 	-313.002 	-0.089 	-0.057 	-0.039 	
2467.478 	-2072.200 	-2070.066 	0.350 	-0.310 	-0.313 	
2000.387 	-68.322 	-1041.418 	0.275 	-0.009 	-0.158 	
-2392.854 	-2355.172 	-357.130 	-0.385 	-0.352 	-0.046 	
-2130.957 	2449.048 	2490.130 	-0.348 	0.375 	0.370 	
1616.656 	-2955.721 	1849.780 	0.217 	-0.451 	0.277 	
1779.730 	-1846.002 	-300.986 	0.240 	-0.275 	-0.039 	
2876.589 	-2535.059 	2504.226 	0.414 	-0.380 	0.374 	
-1155.839 	-484.922 	-1054.103 	-0.197 	-0.070 	-0.155 	
3100.827 	2501.987 	1607.725 	0.448 	0.379 	0.237 	
1456.606 	1249.034 	-1168.512 	0.185 	0.186 	-0.177 	
42.387 	2164.281 	-790.092 	-0.016 	0.328 	-0.115 	
-2965.026 	555.139 	-1079.739 	-0.475 	0.083 	-0.157 	
-3312.683 	2486.350 	4096.615 	-0.521 	0.378 	0.616 	
1019.056 	-526.351 	2211.770 	0.135 	-0.078 	0.328 	
-1397.278 	-587.471 	-774.027 	-0.241 	-0.086 	-0.113 	
-2664.030 	1057.983 	2155.430 	-0.417 	0.160 	0.322 	
-1250.872 	1321.961 	-1500.528 	-0.211 	0.198 	-0.232 	
-52.045 	322.201 	-492.253 	-0.026 	0.044 	-0.074 	
-2468.265 	-376.052 	-1276.855 	-0.400 	-0.054 	-0.191 	
75.383 	-781.112 	-427.200 	-0.015 	-0.122 	-0.066 	
2870.856 	-328.910 	-196.523 	0.407 	-0.049 	-0.035 	
-559.126 	733.031 	492.960 	-0.114 	0.107 	0.082 	
1183.001 	-2100.643 	-259.017 	0.144 	-0.313 	-0.042 	
1884.021 	-2457.447 	-1146.628 	0.260 	-0.366 	-0.178 	
-1479.710 	-1649.342 	1101.661 	-0.241 	-0.248 	0.164 	
-554.022 	1660.749 	2138.615 	-0.109 	0.244 	0.318 	
1460.332 	2738.523 	1826.892 	0.194 	0.418 	0.274 	
-2979.018 	1407.671 	-324.040 	-0.473 	0.217 	-0.051 	
-276.625 	65.099 	-1902.190 	-0.069 	0.005 	-0.282 	
-1328.007 	945.816 	-2534.871 	-0.222 	0.136 	-0.376 	
-2450.617 	-761.489 	360.558 	-0.397 	-0.119 	0.054 	
1226.972 	998.516 	974.240 	0.160 	0.152 	0.139 	
593.550 	-564.529 	-2101.185 	0.058 	-0.087 	-0.312 	
509.150 	1993.081 	1010.165 	0.053 	0.296 	0.150 	
80.357 	765.468 	1436.790 	-0.015 	0.119 	0.212 	
-1172.153 	-1753.501 	1837.509 	-0.200 	-0.260 	0.278 	
-7.360 	-335.925 	-943.532 	-0.030 	-0.051 	-0.137 	
-719.601 	2624.217 	1631.535 	-0.139 	0.387 	0.248 	
-1489.358 	608.110 	-184.491 	-0.245 	0.087 	-0.021 	
-2445.314 	-1471.360 	243.347 	-0.399 	-0.218 	0.036 	
1897.919 	-1033.893 	-2842.391 	0.263 	-0.154 	-0.429 	
-2342.781 	3155.735 	-1372.957 	-0.381 	0.481 	-0.204 	
-1102.185 	1244.932 	-2599.820 	-0.183 	0.188 	-0.389 	
1963.612 	-1235.155 	-432.808 	0.267 	-0.179 	-0.062 	
275.343 	550.888 	-472.553 	0.012 	0.086 	-0.071 	
-764.204 	2282.832 	-1103.887 	-0.144 	0.342 	-0.164 	
-631.103 	317.718 	1848.946 	-0.123 	0.052 	0.272 	
-2072.925 	-2032.542 	2474.918 	-0.343 	-0.301 	0.371 	
1311.550 	1889.830 	1749.821 	0.175 	0.276 	0.262 	
337.392 	1744.119 	2317.491 	0.030 	0.260 	0.350 	
962.856 	1226.501 	-1502.046 	0.115 	0.176 	-0.225 	
1712.431 	1456.471 	-2485.081 	0.233 	0.218 	-0.377 	
212.006 	-1074.802 	-2137.226 	0.005 	-0.168 	-0.319 	
-2072.108 	1403.526 	-960.815 	-0.343 	0.206 	-0.142 	
1354.320 	113.710 	-13.918 	0.180 	0.018 	0.001 	
-2262.767 	2242.590 	160.166 	-0.364 	0.341 	0.014 	
-1093.592 	-2103.687 	-908.132 	-0.189 	-0.313 	-0.139 	
531.174 	-1362.783 	-2150.709 	0.046 	-0.206 	-0.322 	
-564.349 	-712.151 	1708.241 	-0.117 	-0.105 	0.257 	
-184.703 	-2542.942 	1157.059 	-0.051 	-0.382 	0.177 	
1795.422 	1317.931 	-1887.685 	0.251 	0.196 	-0.283 	
232.087 	1569.835 	-1483.209 	0.010 	0.239 	-0.228 	
9.152 	1941.127 	-1646.690 	-0.030 	0.289 	-0.244 	
-1459.116 	1954.788 	-1136.085 	-0.238 	0.295 	-0.170 	
-2879.405 	-1056.812 	337.343 	-0.459 	-0.162 	0.056 	
-1746.558 	-805.426 	-1476.904 	-0.278 	-0.123 	-0.220 	
3039.158 	-1756.424 	2581.521 	0.432 	-0.263 	0.384 	
-2740.200 	1267.615 	-458.014 	-0.439 	0.194 	-0.067 	
-323.658 	-937.809 	1357.064 	-0.077 	-0.133 	0.214 	
-761.047 	-949.206 	-1940.460 	-0.134 	-0.143 	-0.284 	
-1202.308 	-2589.440 	2395.124 	-0.208 	-0.387 	0.357 	
-299.838 	-954.738 	1365.034 	-0.078 	-0.141 	0.199 	
202.668 	-2556.411 	584.005 	0.009 	-0.386 	0.088 	
-850.718 	-385.163 	170.535 	-0.161 	-0.062 	0.027 	
-969.940 	-888.365 	-952.551 	-0.173 	-0.136 	-0.138 	
-666.158 	-1085.009 	1390.469 	-0.092 	-0.137 	0.163 	
1014.123 	-2328.197 	1436.726 	0.130 	-0.354 	0.214 	
-1620.228 	-472.228 	1452.543 	-0.261 	-0.075 	0.217 	
2588.698 	1356.803 	-2170.172 	0.371 	0.205 	-0.327 	
-420.125 	1459.914 	2544.427 	-0.090 	0.214 	0.376 	
897.857 	2162.703 	1717.866 	0.116 	0.322 	0.256 	
1708.409 	1854.745 	1158.430 	0.238 	0.280 	0.174 	
1385.906 	-1569.467 	533.008 	0.183 	-0.229 	0.082 	
-1103.939 	-438.897 	-1822.888 	-0.195 	-0.061 	-0.266 	
-1590.278 	1690.307 	987.064 	-0.257 	0.252 	0.152 	
299.299 	-1001.186 	1670.387 	0.013 	-0.152 	0.250 	
854.354 	-1919.780 	1391.921 	0.102 	-0.295 	0.210 	
-832.939 	-1872.503 	173.396 	-0.155 	-0.271 	0.026 	
338.891 	-1670.226 	-341.477 	0.020 	-0.251 	-0.056 	
-211.004 	-1683.695 	-760.978 	-0.065 	-0.248 	-0.112 	
2244.044 	-389.569 	-2217.471 	0.312 	-0.058 	-0.331 	
1139.356 	587.137 	2631.090 	0.138 	0.090 	0.396 	
-1960.552 	1253.364 	1712.666 	-0.318 	0.189 	0.261 	
2855.795 	-1555.435 	2616.942 	0.410 	-0.231 	0.398 	
-1844.578 	933.596 	411.991 	-0.296 	0.141 	0.058 	
181.937 	426.135 	2343.179 	0.002 	0.070 	0.347 	
-2897.184 	1289.017 	1773.975 	-0.461 	0.201 	0.266 	
-1024.436 	-1772.068 	519.336 	-0.182 	-0.271 	0.078 	
1374.611 	-275.321 	-1491.897 	0.185 	-0.037 	-0.226 	
-1002.173 	-2507.388 	2880.936 	-0.176 	-0.377 	0.439 	
-2274.374 	2236.142 	160.098 	-0.381 	0.329 	0.034 	
540.987 	-2666.713 	-2445.393 	0.055 	-0.396 	-0.365 	
-2883.686 	-696.560 	-2619.137 	-0.451 	-0.106 	-0.392 	
-1370.942 	3.775 	-1649.161 	-0.238 	-0.001 	-0.246 	
17.554 	147.983 	-253.425 	-0.019 	0.019 	-0.038 	
-2890.298 	-712.091 	2747.684 	-0.461 	-0.113 	0.414 	
-965.328 	-111.046 	-177.237 	-0.168 	-0.023 	-0.017 	
2532.729 	-1398.477 	1625.136 	0.357 	-0.215 	0.250 	
-2600.609 	-2042.523 	-2125.562 	-0.419 	-0.304 	-0.316 	
-2458.359 	737.348 	-21.961 	-0.384 	0.108 	-0.003 	
491.425 	883.914 	-2609.501 	0.053 	0.137 	-0.393 	
-1806.782 	654.391 	1235.457 	-0.290 	0.091 	0.188 	
2687.071 	-2588.500 	1876.932 	0.373 	-0.393 	0.283 	
-829.145 	1567.781 	-1816.110 	-0.143 	0.230 	-0.273 	
-2900.362 	226.703 	1496.509 	-0.460 	0.033 	0.227 	
1135.514 	-2077.152 	2320.223 	0.142 	-0.311 	0.352 	
-2843.803 	1934.343 	-260.858 	-0.451 	0.290 	-0.043 	
-2669.786 	1155.899 	930.381 	-0.419 	0.169 	0.146 	
444.676 	-1995.182 	543.032 	0.047 	-0.302 	0.081 	
-1007.054 	-2042.961 	1253.592 	-0.175 	-0.312 	0.192 	
594.583 	-1480.375 	-2449.077 	0.071 	-0.226 	-0.363 	
-2282.345 	-1377.016 	1223.973 	-0.365 	-0.202 	0.183 	
-2841.171 	-1073.637 	-1371.187 	-0.457 	-0.163 	-0.209 	
1545.506 	-2526.422 	-2367.835 	0.209 	-0.385 	-0.353 	
-2577.091 	-1723.524 	-2033.503 	-0.413 	-0.260 	-0.312 	
661.329 	-811.476 	-183.548 	0.073 	-0.120 	-0.026 	
1338.767 	2459.051 	1250.574 	0.173 	0.370 	0.183 	
2247.903 	634.739 	1510.264 	0.307 	0.093 	0.230 	
1195.797 	-1431.776 	-1675.754 	0.157 	-0.221 	-0.246 	
2846.194 	-2496.268 	2146.369 	0.399 	-0.375 	0.327 	
-2636.880 	-1228.914 	-468.223 	-0.423 	-0.184 	-0.072 	
-1573.881 	2538.268 	1223.056 	-0.267 	0.378 	0.189 	
-862.143 	1584.377 	2302.950 	-0.157 	0.231 	0.348 	
1561.165 	444.248 	2051.884 	0.209 	0.068 	0.308 	
-427.409 	-2150.361 	2298.402 	-0.092 	-0.317 	0.343 	
-2152.421 	1448.909 	1005.150 	-0.345 	0.221 	0.149 	
1725.303 	2179.385 	200.954 	0.236 	0.330 	0.033 	
-1486.407 	-1070.281 	-1086.828 	-0.242 	-0.165 	-0.163 	
-319.342 	-1760.966 	2247.103 	-0.075 	-0.271 	0.332 	
2113.018 	351.600 	363.397 	0.290 	0.049 	0.062 	
-2650.654 	-2698.375 	1724.032 	-0.418 	-0.408 	0.257 	
-992.131 	-899.081 	-732.366 	-0.168 	-0.127 	-0.112 	
2017.255 	-2087.130 	587.957 	0.277 	-0.309 	0.093 	
-342.042 	1387.410 	736.047 	-0.081 	0.200 	0.108 	
-632.092 	-1129.856 	-275.652 	-0.124 	-0.163 	-0.044 	
1356.298 	146.284 	-1477.071 	0.176 	0.023 	-0.215 	
-2309.898 	2365.907 	1642.528 	-0.376 	0.358 	0.240 	
2684.093 	-2306.118 	312.517 	0.382 	-0.348 	0.052 	
2312.962 	-95.159 	1775.209 	0.327 	-0.015 	0.268 	
606.505 	2317.328 	-33.230 	0.061 	0.353 	-0.007 	
407.097 	641.251 	1477.715 	0.043 	0.091 	0.217 	
-2921.509 	1835.257 	2399.890 	-0.469 	0.272 	0.361 	
-2175.930 	-734.521 	986.062 	-0.344 	-0.115 	0.149 	
2340.038 	458.634 	-619.745 	0.319 	0.067 	-0.095 	
-1532.192 	-503.126 	-2171.453 	-0.247 	-0.075 	-0.323 	
