## Las primeras 500 lineas corresponden a la esfera 1 
##las siguienets 500 lineas a la esfera 2
## Las primeras tres columnas corresponden a la posición en 'x', 'y' y 'z', las siguientes tres a las velocidades
-25.474 	-1704.604 	175.122 	-0.010 	-0.245 	0.028 	
558.127 	-525.298 	-9.775 	0.086 	-0.077 	-0.002 	
642.811 	2173.566 	1461.424 	0.098 	0.314 	0.206 	
-2047.668 	2265.481 	1495.141 	-0.303 	0.333 	0.221 	
-414.559 	-459.445 	2118.965 	-0.054 	-0.066 	0.314 	
2276.200 	1458.895 	2584.012 	0.342 	0.215 	0.375 	
2348.017 	-1177.201 	-2291.229 	0.345 	-0.169 	-0.337 	
-2210.729 	-1261.535 	811.604 	-0.321 	-0.178 	0.123 	
1912.419 	608.485 	1272.909 	0.277 	0.095 	0.186 	
730.417 	690.634 	1009.458 	0.105 	0.098 	0.151 	
1941.145 	-154.417 	109.339 	0.279 	-0.021 	0.014 	
-414.403 	-1767.322 	292.347 	-0.056 	-0.256 	0.045 	
395.679 	-1256.773 	191.225 	0.067 	-0.182 	0.029 	
1405.124 	2003.650 	1929.388 	0.199 	0.292 	0.279 	
-92.980 	1679.818 	-2696.914 	-0.016 	0.249 	-0.392 	
-955.233 	-166.950 	10.139 	-0.139 	-0.018 	0.003 	
-1085.372 	2176.005 	-889.135 	-0.162 	0.314 	-0.131 	
229.752 	1225.963 	-2432.976 	0.032 	0.171 	-0.358 	
-3195.927 	-2362.715 	-1350.280 	-0.474 	-0.342 	-0.200 	
1120.461 	-2762.661 	-2381.992 	0.158 	-0.406 	-0.349 	
271.495 	-2560.608 	3074.020 	0.042 	-0.367 	0.452 	
219.359 	949.801 	2656.850 	0.030 	0.137 	0.381 	
-686.092 	-1208.048 	603.300 	-0.099 	-0.168 	0.085 	
-2234.811 	-1769.406 	808.372 	-0.321 	-0.253 	0.115 	
1566.331 	-1103.579 	1789.749 	0.234 	-0.161 	0.256 	
-1023.808 	-18.254 	2364.406 	-0.141 	-0.000 	0.341 	
184.211 	-1434.982 	-88.201 	0.032 	-0.204 	-0.010 	
620.727 	-2642.629 	1958.537 	0.088 	-0.392 	0.287 	
-2270.485 	2288.018 	597.397 	-0.326 	0.332 	0.088 	
-1272.561 	-1972.286 	1579.058 	-0.180 	-0.284 	0.233 	
-809.462 	-1370.760 	-2324.894 	-0.116 	-0.196 	-0.340 	
1103.785 	1824.386 	2214.607 	0.158 	0.261 	0.324 	
2228.029 	-836.886 	2060.518 	0.325 	-0.122 	0.302 	
-1430.979 	1519.289 	194.617 	-0.200 	0.220 	0.030 	
237.158 	-794.222 	-2523.857 	0.034 	-0.121 	-0.361 	
414.255 	-329.232 	275.636 	0.069 	-0.043 	0.041 	
-1075.097 	-2169.262 	-2479.649 	-0.158 	-0.314 	-0.369 	
-1035.956 	-2663.946 	2003.657 	-0.144 	-0.387 	0.293 	
-1020.973 	-234.234 	1443.754 	-0.151 	-0.031 	0.213 	
1726.395 	-2730.406 	1980.546 	0.251 	-0.399 	0.292 	
2953.626 	1080.907 	-119.506 	0.432 	0.150 	-0.019 	
527.063 	-673.760 	222.814 	0.080 	-0.092 	0.029 	
1106.765 	317.882 	1908.377 	0.147 	0.051 	0.282 	
-126.015 	-1890.250 	-1225.878 	-0.025 	-0.275 	-0.177 	
477.119 	-549.599 	1871.846 	0.075 	-0.081 	0.277 	
260.149 	483.165 	-887.357 	0.044 	0.072 	-0.124 	
2846.092 	220.053 	46.290 	0.406 	0.028 	0.002 	
-669.437 	2645.197 	-701.765 	-0.098 	0.388 	-0.104 	
643.758 	-767.553 	-1014.144 	0.100 	-0.114 	-0.146 	
2455.639 	1595.593 	781.402 	0.360 	0.238 	0.114 	
-2244.427 	-839.702 	-1840.253 	-0.324 	-0.126 	-0.273 	
1281.849 	-218.478 	1275.923 	0.180 	-0.031 	0.181 	
2768.589 	-1267.494 	-2718.010 	0.411 	-0.192 	-0.398 	
-204.106 	1725.751 	41.827 	-0.022 	0.249 	0.011 	
-1996.270 	2146.061 	1569.321 	-0.295 	0.310 	0.228 	
-435.396 	-2590.321 	1325.487 	-0.060 	-0.382 	0.197 	
-1070.088 	-43.530 	-1638.289 	-0.148 	-0.009 	-0.242 	
110.148 	-2292.735 	-798.203 	0.022 	-0.334 	-0.118 	
-2683.419 	1924.034 	2296.689 	-0.394 	0.285 	0.339 	
1560.296 	2402.886 	951.684 	0.230 	0.347 	0.133 	
-717.068 	2606.945 	687.345 	-0.112 	0.382 	0.099 	
1024.725 	1529.620 	-904.248 	0.154 	0.219 	-0.130 	
-2079.714 	2804.396 	1107.211 	-0.311 	0.412 	0.163 	
1858.485 	543.899 	-934.793 	0.271 	0.086 	-0.136 	
2246.014 	-2586.519 	-2617.595 	0.338 	-0.377 	-0.380 	
3207.958 	-1069.358 	-2679.365 	0.478 	-0.156 	-0.392 	
2050.047 	-1495.948 	-2335.338 	0.309 	-0.219 	-0.342 	
-2948.011 	3224.664 	-935.348 	-0.435 	0.479 	-0.141 	
3190.607 	1486.075 	1918.880 	0.474 	0.218 	0.278 	
-457.608 	908.966 	1151.189 	-0.067 	0.121 	0.169 	
2108.065 	765.355 	815.540 	0.313 	0.106 	0.115 	
883.915 	-134.085 	980.657 	0.136 	-0.015 	0.142 	
-48.617 	1651.395 	-2729.813 	-0.008 	0.238 	-0.396 	
-712.792 	-2060.683 	-827.568 	-0.106 	-0.300 	-0.118 	
-1257.818 	1063.807 	1661.013 	-0.191 	0.154 	0.240 	
1227.534 	-360.399 	-655.636 	0.178 	-0.052 	-0.085 	
-75.285 	-617.907 	-1920.292 	-0.012 	-0.083 	-0.280 	
2399.032 	1416.700 	-2266.192 	0.354 	0.208 	-0.337 	
302.969 	-517.410 	-1062.802 	0.041 	-0.072 	-0.158 	
-26.965 	-683.557 	2302.702 	0.000 	-0.103 	0.334 	
-420.734 	2107.820 	665.757 	-0.067 	0.301 	0.098 	
608.552 	-1103.142 	-747.330 	0.082 	-0.158 	-0.104 	
1357.363 	1739.630 	2248.113 	0.196 	0.257 	0.327 	
-580.618 	-1804.310 	2300.184 	-0.087 	-0.260 	0.339 	
1790.637 	-940.801 	-441.500 	0.265 	-0.131 	-0.070 	
-1629.513 	-2289.891 	-2227.928 	-0.233 	-0.332 	-0.322 	
1704.922 	-546.351 	-1087.741 	0.250 	-0.083 	-0.171 	
-1785.229 	-1900.975 	2045.969 	-0.268 	-0.277 	0.300 	
-2442.982 	-2409.344 	1588.997 	-0.352 	-0.353 	0.235 	
-2210.976 	-986.256 	-230.572 	-0.317 	-0.149 	-0.028 	
2910.373 	1343.660 	2056.689 	0.426 	0.204 	0.299 	
72.816 	1134.404 	2083.615 	0.009 	0.169 	0.305 	
210.399 	-504.262 	199.756 	0.035 	-0.077 	0.031 	
-339.179 	-2491.479 	-1021.528 	-0.045 	-0.367 	-0.144 	
2392.913 	-1584.038 	2373.094 	0.349 	-0.227 	0.345 	
-895.419 	1555.615 	-2514.505 	-0.124 	0.209 	-0.365 	
2416.308 	601.168 	1547.091 	0.358 	0.086 	0.226 	
2596.885 	593.078 	-1719.030 	0.386 	0.087 	-0.250 	
2952.122 	2321.681 	365.071 	0.441 	0.338 	0.054 	
1589.412 	-1259.038 	1594.100 	0.225 	-0.188 	0.229 	
-1861.929 	2449.743 	1364.262 	-0.271 	0.352 	0.203 	
-3055.208 	-2187.808 	-934.342 	-0.452 	-0.319 	-0.132 	
824.637 	-2845.091 	1634.810 	0.122 	-0.418 	0.238 	
-1234.507 	-274.447 	2162.064 	-0.178 	-0.034 	0.319 	
1556.691 	-662.625 	847.871 	0.235 	-0.097 	0.127 	
-2577.248 	1303.179 	2370.290 	-0.371 	0.191 	0.343 	
-2562.274 	-1784.374 	1690.083 	-0.380 	-0.258 	0.250 	
-2985.590 	3131.999 	-1269.296 	-0.441 	0.465 	-0.186 	
1866.932 	-1214.291 	99.662 	0.269 	-0.180 	0.020 	
3155.829 	-292.995 	-998.250 	0.467 	-0.047 	-0.140 	
-764.578 	-273.144 	1550.085 	-0.109 	-0.042 	0.230 	
680.864 	-930.905 	1395.821 	0.092 	-0.136 	0.204 	
1235.439 	-12.851 	447.294 	0.175 	-0.007 	0.062 	
-480.104 	2689.917 	-972.228 	-0.074 	0.388 	-0.136 	
-1819.774 	2476.977 	2491.476 	-0.268 	0.363 	0.367 	
-274.546 	2663.164 	2578.086 	-0.037 	0.392 	0.377 	
811.008 	-2776.042 	-470.245 	0.117 	-0.405 	-0.061 	
-2933.867 	-855.105 	2768.598 	-0.426 	-0.131 	0.403 	
2002.497 	-1223.145 	-1025.599 	0.291 	-0.184 	-0.143 	
-214.233 	1957.669 	370.849 	-0.038 	0.283 	0.057 	
-1362.569 	305.506 	1716.219 	-0.195 	0.046 	0.256 	
1566.446 	-2195.315 	-985.720 	0.231 	-0.324 	-0.144 	
1267.455 	-386.327 	-2075.537 	0.184 	-0.048 	-0.304 	
2554.615 	-1165.382 	2629.829 	0.369 	-0.172 	0.386 	
-2813.431 	952.803 	1394.462 	-0.416 	0.136 	0.202 	
796.948 	-334.493 	-999.991 	0.111 	-0.044 	-0.141 	
-2907.126 	-1859.229 	-1096.321 	-0.423 	-0.270 	-0.155 	
-3092.101 	-2853.870 	1161.811 	-0.459 	-0.418 	0.168 	
-2255.267 	1169.792 	-2742.378 	-0.330 	0.173 	-0.395 	
-2396.542 	-2519.947 	961.830 	-0.345 	-0.371 	0.140 	
-265.869 	-1676.302 	1322.490 	-0.044 	-0.242 	0.195 	
-660.392 	2147.430 	-1227.149 	-0.099 	0.315 	-0.184 	
-1685.874 	1388.286 	17.964 	-0.247 	0.199 	0.002 	
35.790 	787.894 	-2409.765 	0.000 	0.111 	-0.348 	
2984.910 	-2736.800 	262.454 	0.434 	-0.399 	0.034 	
-386.535 	-2133.858 	-1114.805 	-0.051 	-0.310 	-0.169 	
314.519 	-1665.692 	745.065 	0.041 	-0.242 	0.102 	
-1965.048 	-2534.854 	1990.736 	-0.281 	-0.374 	0.293 	
2335.346 	-1119.611 	-1156.729 	0.341 	-0.160 	-0.168 	
1027.883 	-2078.331 	633.811 	0.159 	-0.301 	0.096 	
-2002.218 	-1257.089 	-1598.797 	-0.286 	-0.186 	-0.233 	
2600.402 	-754.812 	-696.465 	0.372 	-0.106 	-0.102 	
-1778.886 	2678.361 	649.716 	-0.262 	0.387 	0.099 	
-2147.764 	-2247.444 	362.210 	-0.315 	-0.327 	0.057 	
-690.565 	821.171 	993.190 	-0.105 	0.114 	0.144 	
1642.069 	-355.441 	2318.408 	0.238 	-0.051 	0.331 	
-1215.033 	-150.969 	-972.783 	-0.173 	-0.015 	-0.142 	
-38.623 	1387.811 	2082.716 	-0.009 	0.200 	0.296 	
2496.418 	-2327.021 	-2712.930 	0.359 	-0.341 	-0.398 	
-202.388 	1929.511 	-1379.086 	-0.024 	0.276 	-0.203 	
2489.548 	-2695.079 	679.879 	0.365 	-0.392 	0.093 	
-1930.806 	-756.756 	1682.396 	-0.275 	-0.106 	0.244 	
662.360 	1482.470 	2880.361 	0.094 	0.211 	0.421 	
-2913.295 	-2854.959 	-1080.930 	-0.426 	-0.416 	-0.161 	
-2458.309 	-144.349 	-2768.024 	-0.360 	-0.017 	-0.405 	
-245.467 	-1162.134 	-989.141 	-0.043 	-0.170 	-0.144 	
2733.397 	-617.722 	1976.235 	0.414 	-0.089 	0.284 	
-2588.138 	-1330.126 	2565.486 	-0.379 	-0.198 	0.374 	
-1257.465 	-2026.942 	2866.868 	-0.180 	-0.298 	0.422 	
306.185 	-2005.666 	1681.473 	0.044 	-0.294 	0.247 	
2789.431 	-2310.949 	2122.273 	0.416 	-0.339 	0.313 	
-879.595 	513.260 	544.693 	-0.123 	0.077 	0.075 	
-968.192 	-84.840 	1599.477 	-0.155 	-0.001 	0.247 	
1402.769 	206.759 	-101.774 	0.210 	0.033 	-0.009 	
146.495 	-1032.235 	560.828 	0.019 	-0.149 	0.078 	
-1060.050 	-26.678 	-360.984 	-0.157 	-0.003 	-0.047 	
-986.093 	1591.723 	-1402.518 	-0.142 	0.232 	-0.205 	
3167.623 	-681.774 	-190.792 	0.465 	-0.107 	-0.027 	
915.705 	-67.042 	-316.526 	0.134 	-0.016 	-0.039 	
1074.858 	-594.711 	-613.302 	0.150 	-0.090 	-0.082 	
-1789.183 	538.429 	2997.219 	-0.259 	0.078 	0.440 	
1733.916 	1154.493 	114.136 	0.262 	0.164 	0.018 	
-2585.303 	504.736 	1100.848 	-0.380 	0.071 	0.159 	
714.066 	-176.420 	-852.323 	0.101 	-0.032 	-0.125 	
-2984.347 	-1326.678 	2519.511 	-0.441 	-0.194 	0.367 	
-2328.581 	-884.017 	-182.901 	-0.340 	-0.126 	-0.023 	
-1166.739 	-643.838 	-642.687 	-0.169 	-0.094 	-0.096 	
1812.422 	1615.962 	2279.201 	0.267 	0.237 	0.326 	
560.309 	-550.256 	2307.741 	0.084 	-0.079 	0.338 	
2717.974 	1693.545 	2933.357 	0.397 	0.253 	0.432 	
2343.818 	2136.219 	2355.704 	0.342 	0.314 	0.352 	
2521.205 	-2144.658 	-2185.827 	0.367 	-0.316 	-0.320 	
1851.109 	2612.786 	144.123 	0.278 	0.380 	0.020 	
-1302.149 	133.144 	730.130 	-0.193 	0.016 	0.112 	
-520.682 	205.742 	-1665.325 	-0.073 	0.033 	-0.249 	
-400.975 	1202.116 	1323.816 	-0.065 	0.174 	0.192 	
-2939.854 	-2610.707 	1605.397 	-0.431 	-0.378 	0.242 	
-1150.053 	919.595 	-1044.024 	-0.167 	0.137 	-0.149 	
-797.899 	-2452.573 	-1875.553 	-0.117 	-0.354 	-0.275 	
-1345.283 	-2388.683 	-1439.229 	-0.189 	-0.348 	-0.210 	
219.684 	-2623.976 	-2162.801 	0.031 	-0.381 	-0.314 	
2332.275 	938.436 	180.819 	0.348 	0.137 	0.030 	
2582.577 	-208.717 	-1802.326 	0.378 	-0.032 	-0.259 	
-1115.579 	399.327 	145.332 	-0.154 	0.056 	0.026 	
-1178.098 	1273.493 	692.532 	-0.179 	0.184 	0.102 	
2649.298 	-1206.675 	-19.085 	0.385 	-0.181 	-0.008 	
-1527.727 	1008.415 	-2758.415 	-0.225 	0.145 	-0.405 	
2735.509 	-208.628 	1746.744 	0.397 	-0.024 	0.258 	
588.374 	927.282 	781.983 	0.094 	0.138 	0.118 	
1706.088 	-530.436 	-1117.927 	0.253 	-0.072 	-0.152 	
-1658.827 	2089.215 	482.808 	-0.241 	0.298 	0.073 	
-1.119 	-2066.411 	1251.495 	0.006 	-0.295 	0.180 	
-254.420 	-220.092 	-2221.142 	-0.031 	-0.031 	-0.321 	
-810.823 	121.716 	464.643 	-0.121 	0.019 	0.069 	
-297.863 	-2355.795 	-2376.201 	-0.041 	-0.340 	-0.352 	
-627.193 	-1016.937 	2429.149 	-0.088 	-0.151 	0.345 	
2995.902 	-413.697 	-2153.343 	0.442 	-0.066 	-0.313 	
-637.399 	423.121 	-438.775 	-0.091 	0.059 	-0.060 	
2501.718 	-2599.220 	2393.579 	0.372 	-0.377 	0.350 	
-853.764 	-892.089 	813.556 	-0.123 	-0.124 	0.117 	
-771.340 	-75.744 	2447.581 	-0.108 	-0.006 	0.355 	
585.550 	1286.449 	272.734 	0.094 	0.187 	0.041 	
-2717.417 	2821.445 	-2043.808 	-0.401 	0.413 	-0.299 	
172.229 	-715.622 	-2777.220 	0.034 	-0.102 	-0.405 	
-476.910 	-1433.909 	1734.827 	-0.067 	-0.200 	0.254 	
-1658.143 	-1301.734 	-1163.415 	-0.247 	-0.190 	-0.167 	
1497.224 	2703.526 	-2313.155 	0.221 	0.396 	-0.346 	
-1614.906 	205.066 	1731.012 	-0.242 	0.029 	0.251 	
-73.126 	374.504 	1306.958 	-0.015 	0.055 	0.184 	
-439.680 	-525.704 	869.367 	-0.052 	-0.085 	0.105 	
2595.078 	-651.095 	-1653.154 	0.378 	-0.102 	-0.244 	
3034.392 	-2851.595 	45.525 	0.442 	-0.418 	0.013 	
-2226.829 	-1643.326 	-125.692 	-0.331 	-0.242 	-0.020 	
90.347 	-2296.837 	611.969 	0.009 	-0.330 	0.093 	
-1082.867 	153.348 	2250.954 	-0.160 	0.017 	0.324 	
-1467.352 	2789.411 	121.899 	-0.208 	0.405 	0.022 	
-2043.872 	-2168.207 	931.532 	-0.297 	-0.312 	0.134 	
2515.574 	-1024.874 	-2104.692 	0.370 	-0.148 	-0.313 	
-1794.015 	-2605.079 	1690.051 	-0.263 	-0.374 	0.247 	
-1222.412 	-41.129 	1024.129 	-0.177 	-0.013 	0.152 	
-1297.823 	273.556 	2645.452 	-0.189 	0.040 	0.390 	
-2328.496 	1724.417 	-412.629 	-0.338 	0.251 	-0.052 	
-2242.208 	775.088 	81.353 	-0.333 	0.113 	0.013 	
-820.906 	744.432 	-1361.288 	-0.118 	0.113 	-0.196 	
2455.169 	3114.089 	-2820.320 	0.358 	0.463 	-0.416 	
-2019.501 	1119.004 	1582.327 	-0.299 	0.163 	0.237 	
-2264.175 	-253.568 	-2382.995 	-0.325 	-0.039 	-0.348 	
1371.604 	-1925.561 	893.887 	0.203 	-0.284 	0.124 	
2086.739 	2229.287 	-185.190 	0.314 	0.326 	-0.023 	
2325.571 	1213.724 	-2612.707 	0.337 	0.180 	-0.377 	
1531.142 	735.293 	-1751.590 	0.221 	0.105 	-0.248 	
-1138.086 	-2211.936 	-652.794 	-0.162 	-0.316 	-0.097 	
2128.937 	-969.154 	226.899 	0.314 	-0.139 	0.025 	
-566.758 	2341.988 	579.069 	-0.044 	0.371 	0.096 	
622.222 	-1643.670 	2413.228 	0.092 	-0.237 	0.344 	
-1395.464 	909.301 	-1087.825 	-0.203 	0.130 	-0.162 	
-2060.274 	-80.805 	1020.423 	-0.305 	-0.012 	0.153 	
2235.120 	-759.879 	2217.924 	0.332 	-0.113 	0.316 	
620.189 	-1652.135 	-2506.861 	0.096 	-0.243 	-0.358 	
3096.302 	519.728 	-1724.268 	0.459 	0.076 	-0.253 	
1043.637 	-652.170 	2191.251 	0.159 	-0.094 	0.318 	
-1819.237 	2415.292 	-533.093 	-0.257 	0.353 	-0.077 	
-1166.662 	-1131.091 	979.424 	-0.172 	-0.164 	0.147 	
-986.638 	-1269.395 	500.524 	-0.142 	-0.185 	0.082 	
2730.012 	38.434 	1214.348 	0.401 	0.012 	0.181 	
-1855.903 	181.539 	1706.956 	-0.271 	0.026 	0.257 	
-12.580 	1089.967 	-2079.801 	-0.008 	0.160 	-0.308 	
-1969.282 	-2590.968 	-2580.479 	-0.282 	-0.377 	-0.382 	
1405.721 	2218.974 	-1015.664 	0.202 	0.320 	-0.147 	
-2741.551 	1314.007 	1627.890 	-0.402 	0.192 	0.234 	
-2865.626 	175.768 	1095.879 	-0.423 	0.030 	0.160 	
889.481 	-2294.781 	-2318.159 	0.127 	-0.338 	-0.332 	
-3799.728 	59.589 	-15.495 	-0.593 	-0.015 	-0.005 	
-2591.164 	-1053.727 	1379.801 	-0.375 	-0.155 	0.206 	
1574.009 	-607.639 	-1882.525 	0.228 	-0.089 	-0.281 	
793.226 	519.270 	346.057 	0.121 	0.076 	0.058 	
-77.610 	-1013.840 	651.056 	-0.013 	-0.153 	0.087 	
-2789.815 	240.708 	-1614.330 	-0.411 	0.032 	-0.240 	
2276.029 	-234.569 	3092.466 	0.336 	-0.032 	0.457 	
-549.437 	-957.295 	1578.625 	-0.080 	-0.144 	0.223 	
1029.031 	-1628.508 	-636.448 	0.146 	-0.236 	-0.090 	
397.743 	-416.603 	438.885 	0.062 	-0.066 	0.059 	
-2466.390 	-2923.388 	-1465.620 	-0.362 	-0.431 	-0.213 	
1401.255 	-1315.713 	-2378.861 	0.204 	-0.185 	-0.342 	
592.879 	841.243 	-607.485 	0.092 	0.146 	-0.087 	
-1116.408 	-320.253 	927.756 	-0.161 	-0.039 	0.140 	
3140.201 	1564.116 	-249.246 	0.467 	0.226 	-0.038 	
705.270 	-342.963 	-1610.799 	0.100 	-0.050 	-0.237 	
-2274.159 	788.872 	-2836.536 	-0.330 	0.118 	-0.414 	
1090.278 	858.087 	857.808 	0.164 	0.119 	0.130 	
2760.399 	200.166 	-2267.765 	0.398 	0.026 	-0.328 	
-1123.423 	370.697 	-1438.468 	-0.163 	0.058 	-0.213 	
-2793.955 	2529.978 	1066.397 	-0.415 	0.371 	0.157 	
104.505 	-2200.684 	-2617.349 	0.020 	-0.320 	-0.387 	
1972.610 	2496.569 	-1560.184 	0.290 	0.364 	-0.237 	
1422.171 	-1128.363 	302.869 	0.205 	-0.163 	0.051 	
1450.540 	-2418.047 	-1964.856 	0.209 	-0.350 	-0.293 	
924.629 	-1135.257 	1596.694 	0.131 	-0.166 	0.232 	
1224.651 	-1215.579 	1945.729 	0.179 	-0.174 	0.284 	
2482.663 	2737.287 	-2427.585 	0.361 	0.403 	-0.361 	
2317.919 	-421.655 	1685.573 	0.343 	-0.057 	0.252 	
1005.027 	-661.240 	-565.469 	0.150 	-0.092 	-0.082 	
-1144.066 	-1059.603 	2089.535 	-0.172 	-0.152 	0.306 	
-1315.423 	-605.040 	2289.922 	-0.191 	-0.094 	0.334 	
533.864 	-1370.331 	-877.807 	0.079 	-0.198 	-0.130 	
-1859.165 	-296.774 	-51.498 	-0.270 	-0.046 	-0.009 	
-321.715 	2347.898 	-2886.759 	-0.040 	0.347 	-0.422 	
-2211.698 	-723.372 	1473.893 	-0.328 	-0.105 	0.214 	
-100.873 	-2245.750 	2403.752 	-0.016 	-0.322 	0.355 	
-1087.194 	848.219 	2250.859 	-0.153 	0.127 	0.327 	
-312.225 	-100.858 	1592.692 	-0.049 	-0.017 	0.233 	
2012.643 	-1525.775 	12.026 	0.297 	-0.225 	-0.004 	
-134.353 	-1015.893 	668.930 	-0.007 	-0.145 	0.102 	
-574.265 	-1004.643 	2272.048 	-0.076 	-0.145 	0.333 	
-2840.706 	-797.605 	768.282 	-0.420 	-0.117 	0.113 	
-751.349 	-1870.613 	-405.937 	-0.115 	-0.269 	-0.059 	
803.123 	-2754.285 	1474.822 	0.114 	-0.408 	0.215 	
996.128 	-2068.121 	-545.546 	0.143 	-0.302 	-0.075 	
1162.920 	-2540.214 	-297.989 	0.172 	-0.372 	-0.038 	
758.124 	113.172 	2300.635 	0.105 	0.013 	0.335 	
-2547.167 	1240.101 	167.887 	-0.374 	0.180 	0.023 	
-589.803 	618.645 	1175.116 	-0.079 	0.086 	0.168 	
-995.743 	-1487.163 	2418.519 	-0.148 	-0.217 	0.358 	
-2097.370 	-2505.739 	2192.706 	-0.306 	-0.363 	0.327 	
1505.450 	1712.834 	-2628.924 	0.218 	0.248 	-0.380 	
-901.100 	1556.447 	-2507.613 	-0.128 	0.246 	-0.360 	
-170.691 	-2134.030 	-1721.452 	-0.016 	-0.311 	-0.252 	
-40.979 	-161.567 	388.067 	0.003 	-0.029 	0.055 	
1862.784 	-869.167 	481.189 	0.273 	-0.127 	0.065 	
1486.169 	879.801 	-1624.052 	0.226 	0.128 	-0.235 	
-1830.017 	-2483.245 	1441.042 	-0.263 	-0.369 	0.207 	
3084.961 	-614.522 	-2803.477 	0.457 	-0.090 	-0.413 	
-459.893 	1990.715 	677.394 	-0.060 	0.293 	0.096 	
-1612.094 	2252.421 	-1949.382 	-0.237 	0.329 	-0.287 	
-2177.353 	1481.912 	-769.494 	-0.310 	0.216 	-0.112 	
-32.436 	745.153 	-274.678 	-0.009 	0.100 	-0.040 	
-2399.125 	961.594 	205.328 	-0.343 	0.147 	0.028 	
-122.295 	-2095.041 	-1608.158 	-0.020 	-0.302 	-0.228 	
-1978.836 	-1136.990 	112.195 	-0.290 	-0.164 	0.010 	
1536.684 	1216.934 	-1562.994 	0.232 	0.178 	-0.225 	
-1921.437 	2733.222 	369.078 	-0.282 	0.396 	0.061 	
1408.027 	-249.289 	-2033.666 	0.209 	-0.035 	-0.296 	
-272.433 	219.982 	-569.972 	-0.036 	0.024 	-0.077 	
-2655.339 	-1386.655 	-2487.160 	-0.387 	-0.209 	-0.367 	
1226.319 	-513.736 	401.266 	0.175 	-0.077 	0.062 	
-2186.119 	-539.304 	2414.471 	-0.319 	-0.077 	0.354 	
2160.900 	-231.174 	2011.397 	0.316 	-0.037 	0.288 	
781.429 	-225.560 	-1847.035 	0.109 	-0.038 	-0.268 	
2256.432 	909.104 	-175.390 	0.326 	0.134 	-0.029 	
988.394 	466.451 	1640.166 	0.141 	0.071 	0.237 	
-194.505 	1254.652 	-2082.048 	-0.032 	0.183 	-0.300 	
2815.819 	-2057.905 	-879.596 	0.419 	-0.300 	-0.125 	
-2535.896 	-2554.787 	2669.665 	-0.373 	-0.376 	0.391 	
-2203.231 	-1537.120 	-61.916 	-0.319 	-0.223 	-0.010 	
1689.978 	399.461 	580.385 	0.238 	0.058 	0.085 	
2774.660 	-689.848 	739.507 	0.405 	-0.097 	0.103 	
-2302.845 	859.142 	1257.838 	-0.333 	0.129 	0.191 	
89.822 	-157.759 	28.923 	0.007 	-0.022 	0.008 	
-778.143 	-1611.192 	2232.831 	-0.107 	-0.232 	0.329 	
-298.541 	-1356.751 	-1067.737 	-0.039 	-0.200 	-0.150 	
2676.586 	-1070.887 	-1823.248 	0.391 	-0.163 	-0.264 	
306.226 	-1592.153 	-1503.203 	0.037 	-0.230 	-0.216 	
2085.080 	-2220.629 	2794.076 	0.310 	-0.320 	0.407 	
-2576.499 	-1042.184 	-1356.287 	-0.373 	-0.147 	-0.193 	
-2340.145 	-644.514 	-882.263 	-0.346 	-0.099 	-0.127 	
370.108 	-589.716 	2139.694 	0.063 	-0.087 	0.310 	
1626.176 	-1585.796 	1193.627 	0.246 	-0.231 	0.170 	
-1479.885 	1196.165 	1262.138 	-0.222 	0.171 	0.186 	
-2540.543 	-1410.387 	2128.581 	-0.369 	-0.199 	0.313 	
-1991.987 	-17.734 	675.941 	-0.292 	-0.004 	0.103 	
-1606.123 	-1888.317 	296.211 	-0.230 	-0.272 	0.040 	
2533.499 	2397.913 	1601.590 	0.374 	0.343 	0.232 	
2518.236 	1391.953 	-482.687 	0.375 	0.206 	-0.072 	
-2406.200 	-2261.017 	607.049 	-0.350 	-0.328 	0.093 	
-1988.663 	600.509 	1128.295 	-0.293 	0.082 	0.166 	
-1608.277 	253.333 	1361.772 	-0.227 	0.041 	0.202 	
-1498.325 	-735.090 	-2867.326 	-0.220 	-0.111 	-0.424 	
-1396.371 	-1527.124 	-2212.104 	-0.206 	-0.227 	-0.326 	
3019.963 	3079.158 	-1444.819 	0.445 	0.456 	-0.209 	
2889.405 	1035.640 	-2322.984 	0.424 	0.148 	-0.345 	
-730.589 	-1216.016 	-795.089 	-0.106 	-0.181 	-0.113 	
-771.560 	-1172.562 	1883.277 	-0.111 	-0.178 	0.273 	
756.228 	-169.330 	308.960 	0.116 	-0.027 	0.041 	
930.566 	289.393 	613.282 	0.139 	0.037 	0.087 	
-1664.871 	1755.481 	1680.733 	-0.248 	0.256 	0.245 	
-1878.711 	2239.486 	-2585.322 	-0.276 	0.323 	-0.377 	
-754.799 	-1724.916 	-2852.901 	-0.108 	-0.246 	-0.419 	
2290.844 	-1136.684 	-1774.850 	0.328 	-0.164 	-0.257 	
-34.598 	20.831 	-1765.441 	-0.004 	0.004 	-0.258 	
894.529 	2221.178 	939.325 	0.132 	0.328 	0.141 	
1470.775 	-226.611 	-20.701 	0.221 	-0.032 	-0.004 	
1172.615 	1333.077 	1617.039 	0.173 	0.191 	0.244 	
823.296 	-1104.965 	-1208.434 	0.125 	-0.159 	-0.171 	
2564.678 	-2068.431 	-1772.933 	0.384 	-0.303 	-0.259 	
821.813 	664.127 	-1699.678 	0.122 	0.097 	-0.250 	
-1833.929 	-1974.273 	-49.936 	-0.264 	-0.293 	-0.006 	
1528.473 	973.416 	1244.802 	0.215 	0.139 	0.181 	
2175.903 	806.058 	283.427 	0.326 	0.112 	0.040 	
-200.213 	-2467.143 	2310.381 	-0.027 	-0.357 	0.344 	
205.439 	916.538 	2330.274 	0.038 	0.133 	0.334 	
2088.698 	-102.487 	2250.050 	0.313 	-0.014 	0.326 	
2395.802 	922.601 	-117.839 	0.347 	0.130 	-0.012 	
-1595.689 	-3030.134 	3006.786 	-0.231 	-0.445 	0.445 	
-3099.321 	-2530.101 	2786.405 	-0.457 	-0.368 	0.410 	
2919.604 	2363.889 	9.323 	0.435 	0.341 	0.001 	
2966.485 	595.381 	2519.610 	0.435 	0.080 	0.372 	
1107.461 	327.203 	1919.056 	0.163 	0.040 	0.271 	
-1927.822 	-313.080 	-2394.637 	-0.282 	-0.044 	-0.348 	
2104.620 	1061.128 	-893.968 	0.316 	0.155 	-0.132 	
-703.844 	1450.436 	-2484.214 	-0.106 	0.208 	-0.358 	
1128.848 	1191.694 	-371.765 	0.163 	0.173 	-0.056 	
1716.280 	-1065.048 	-1491.850 	0.253 	-0.153 	-0.214 	
2293.852 	2158.850 	2680.173 	0.336 	0.321 	0.395 	
292.881 	2388.712 	-1726.633 	0.036 	0.346 	-0.250 	
-2454.721 	479.190 	1028.533 	-0.354 	0.074 	0.153 	
738.076 	-2640.080 	1811.450 	0.113 	-0.385 	0.259 	
865.860 	-1059.740 	-274.528 	0.123 	-0.158 	-0.039 	
2115.149 	154.268 	-220.731 	0.308 	0.028 	-0.036 	
-1280.283 	1209.290 	-1885.715 	-0.183 	0.180 	-0.278 	
1341.136 	-2355.774 	1342.793 	0.193 	-0.347 	0.198 	
2308.833 	2323.396 	114.621 	0.343 	0.339 	0.020 	
1551.428 	-2514.910 	2314.681 	0.226 	-0.361 	0.338 	
2755.122 	-215.388 	594.157 	0.403 	-0.024 	0.090 	
3072.234 	2448.755 	1622.868 	0.448 	0.359 	0.239 	
824.664 	-2039.773 	1131.510 	0.128 	-0.299 	0.166 	
-1577.487 	-2816.670 	2635.797 	-0.232 	-0.416 	0.386 	
1188.571 	-569.540 	-597.508 	0.177 	-0.077 	-0.086 	
-207.077 	62.109 	446.074 	-0.033 	0.005 	0.061 	
-2466.512 	3101.067 	2517.849 	-0.366 	0.460 	0.368 	
142.739 	266.838 	2378.536 	0.029 	0.041 	0.342 	
-370.405 	2419.620 	2203.309 	-0.056 	0.358 	0.318 	
2045.371 	-2185.936 	2401.611 	0.305 	-0.325 	0.354 	
-2179.117 	-2300.894 	2347.593 	-0.320 	-0.330 	0.344 	
-2560.633 	-1645.373 	1932.364 	-0.375 	-0.237 	0.283 	
-1908.333 	1781.885 	870.191 	-0.274 	0.264 	0.131 	
-434.998 	-2955.550 	563.114 	-0.055 	-0.432 	0.081 	
351.749 	-1404.386 	2007.691 	0.055 	-0.203 	0.293 	
-88.032 	280.414 	323.909 	-0.014 	0.035 	0.052 	
-2312.182 	-2622.374 	-2139.747 	-0.343 	-0.384 	-0.307 	
-1343.259 	-82.948 	1472.473 	-0.192 	-0.016 	0.213 	
2099.288 	784.535 	346.305 	0.302 	0.118 	0.053 	
1050.128 	-1494.586 	1953.837 	0.157 	-0.222 	0.289 	
-2163.126 	-1266.074 	-1840.768 	-0.313 	-0.181 	-0.266 	
99.611 	-1333.047 	-550.004 	0.009 	-0.220 	-0.078 	
2836.373 	199.751 	51.767 	0.411 	0.028 	0.019 	
-1355.261 	-1953.483 	-1810.172 	-0.195 	-0.287 	-0.259 	
2282.547 	-1401.204 	151.006 	0.338 	-0.201 	0.024 	
-720.888 	1945.527 	1701.133 	-0.099 	0.278 	0.247 	
469.060 	-700.634 	2428.177 	0.069 	-0.101 	0.349 	
2426.945 	-346.449 	1303.281 	0.357 	-0.053 	0.186 	
-750.656 	117.550 	-2914.780 	-0.106 	0.020 	-0.428 	
-1317.029 	-473.681 	-51.858 	-0.191 	-0.076 	-0.003 	
582.682 	2256.915 	1184.109 	0.082 	0.328 	0.175 	
-2568.983 	661.305 	-475.872 	-0.379 	0.093 	-0.072 	
1444.231 	-1427.746 	758.128 	0.207 	-0.203 	0.106 	
-518.664 	517.866 	-597.846 	-0.082 	0.072 	-0.087 	
2127.594 	-2263.133 	468.144 	0.311 	-0.331 	0.073 	
257.605 	-520.858 	797.817 	0.030 	-0.073 	0.114 	
2820.754 	-2299.743 	938.021 	0.419 	-0.333 	0.137 	
-1297.058 	262.776 	-180.991 	-0.182 	0.037 	-0.025 	
-2198.882 	290.940 	2375.182 	-0.323 	0.050 	0.345 	
2916.605 	1131.177 	-282.847 	0.427 	0.159 	-0.033 	
-1749.801 	2206.963 	-1349.605 	-0.251 	0.326 	-0.194 	
-1733.089 	2135.040 	-788.208 	-0.245 	0.312 	-0.116 	
2093.907 	-677.447 	-287.237 	0.301 	-0.090 	-0.040 	
-2273.535 	509.599 	2152.852 	-0.328 	0.077 	0.314 	
2402.115 	-1396.646 	-2825.612 	0.360 	-0.200 	-0.413 	
-2004.055 	-2718.979 	-1495.965 	-0.293 	-0.395 	-0.219 	
-581.803 	-313.128 	2108.496 	-0.079 	-0.047 	0.302 	
-170.114 	-1407.314 	-208.926 	-0.026 	-0.204 	-0.038 	
-216.860 	-384.610 	1067.223 	-0.024 	-0.057 	0.160 	
1718.230 	758.102 	671.395 	0.257 	0.113 	0.102 	
1075.651 	-2228.330 	8.946 	0.163 	-0.318 	0.005 	
1527.682 	-2522.782 	-2459.731 	0.219 	-0.370 	-0.360 	
-1648.335 	2480.944 	-715.766 	-0.240 	0.358 	-0.107 	
-2078.770 	2333.869 	635.956 	-0.298 	0.345 	0.092 	
0.895 	-227.199 	-770.782 	0.002 	-0.035 	-0.115 	
-161.084 	-2214.270 	1657.833 	-0.015 	-0.321 	0.241 	
747.760 	-882.190 	2522.449 	0.108 	-0.124 	0.373 	
2488.105 	1995.099 	-2611.615 	0.369 	0.298 	-0.384 	
52.723 	-1454.865 	-554.124 	0.006 	-0.212 	-0.074 	
2951.705 	2033.447 	-82.993 	0.440 	0.295 	-0.013 	
-1100.527 	1696.797 	-3026.176 	-0.154 	0.245 	-0.442 	
-95.046 	204.382 	-557.256 	-0.015 	0.023 	-0.084 	
-2280.003 	-567.616 	985.072 	-0.324 	-0.085 	0.146 	
1317.018 	-367.845 	10.391 	0.190 	-0.061 	0.000 	
-829.250 	-565.162 	2359.323 	-0.123 	-0.082 	0.335 	
-461.658 	149.070 	-2915.897 	-0.066 	0.026 	-0.426 	
2223.204 	924.804 	1035.969 	0.317 	0.136 	0.148 	
-2373.884 	-1494.357 	-3240.034 	-0.344 	-0.217 	-0.481 	
2646.941 	-544.794 	642.654 	0.383 	-0.075 	0.096 	
1650.228 	-2690.917 	403.656 	0.238 	-0.395 	0.064 	
1388.045 	2540.677 	-1707.656 	0.210 	0.367 	-0.247 	
2166.306 	678.809 	-1833.348 	0.313 	0.104 	-0.265 	
105.672 	-3011.502 	2584.347 	0.021 	-0.445 	0.376 	
1036.358 	-911.420 	889.955 	0.160 	-0.132 	0.128 	
106.670 	2845.779 	1303.803 	0.024 	0.415 	0.192 	
2334.692 	-1500.522 	-1778.121 	0.349 	-0.221 	-0.260 	
1162.151 	2649.151 	-125.624 	0.174 	0.387 	-0.012 	
1384.158 	775.602 	-848.788 	0.195 	0.114 	-0.122 	
2337.590 	2624.074 	-652.197 	0.338 	0.377 	-0.095 	
1297.158 	1403.164 	-874.471 	0.199 	0.204 	-0.126 	
964.633 	-754.050 	-377.000 	0.148 	-0.115 	-0.056 	
839.579 	-610.789 	935.354 	0.124 	-0.088 	0.126 	
-771.179 	-1932.104 	-1206.811 	-0.117 	-0.282 	-0.171 	
-2794.644 	-933.289 	2082.856 	-0.403 	-0.133 	0.303 	
-2386.049 	-2068.594 	-263.148 	-0.345 	-0.306 	-0.043 	
664.143 	2440.400 	1311.110 	0.095 	0.360 	0.190 	
-595.461 	-821.744 	1123.507 	-0.093 	-0.119 	0.164 	
1604.503 	-2694.501 	364.471 	0.242 	-0.394 	0.057 	
-2753.575 	-1126.372 	1730.004 	-0.422 	-0.163 	0.250 	
2004.629 	-2501.586 	-2626.937 	0.271 	-0.371 	-0.380 	
-2590.739 	-1067.026 	-2234.646 	-0.404 	-0.151 	-0.327 	
-880.156 	-2459.593 	1207.499 	-0.148 	-0.354 	0.183 	
1795.029 	1390.212 	-367.451 	0.232 	0.198 	-0.056 	
-1735.768 	-2365.366 	1428.126 	-0.284 	-0.347 	0.212 	
3082.089 	-2435.492 	-2507.378 	0.429 	-0.361 	-0.371 	
2150.100 	-1669.855 	1486.752 	0.289 	-0.244 	0.223 	
-972.586 	-1467.765 	-2471.451 	-0.173 	-0.210 	-0.360 	
1183.862 	1430.792 	-1960.803 	0.146 	0.208 	-0.290 	
2150.803 	886.127 	287.144 	0.291 	0.131 	0.036 	
405.295 	90.998 	655.972 	0.024 	0.008 	0.094 	
-2775.364 	2504.038 	2695.540 	-0.435 	0.365 	0.391 	
1009.464 	-2029.578 	1051.403 	0.114 	-0.297 	0.154 	
1005.524 	3043.020 	2720.719 	0.123 	0.447 	0.393 	
-172.176 	2336.599 	1708.962 	-0.045 	0.342 	0.244 	
1918.134 	-834.938 	1123.332 	0.260 	-0.118 	0.167 	
628.119 	-2841.032 	2681.159 	0.060 	-0.415 	0.392 	
-368.927 	2667.975 	957.196 	-0.077 	0.389 	0.146 	
1489.987 	-2688.431 	2424.968 	0.195 	-0.396 	0.351 	
457.469 	735.373 	1349.215 	0.039 	0.106 	0.198 	
-1156.351 	2732.166 	-2768.564 	-0.188 	0.397 	-0.404 	
742.147 	930.110 	59.489 	0.091 	0.137 	0.010 	
2026.402 	166.022 	-341.243 	0.265 	0.028 	-0.053 	
-3119.477 	1070.392 	-1570.097 	-0.488 	0.157 	-0.229 	
262.934 	2099.433 	1283.217 	0.009 	0.310 	0.191 	
261.696 	-961.776 	14.890 	0.015 	-0.144 	0.005 	
-306.657 	-2110.665 	-372.275 	-0.072 	-0.311 	-0.050 	
-1995.952 	-506.166 	-620.683 	-0.323 	-0.073 	-0.091 	
-873.456 	1307.212 	-2752.251 	-0.147 	0.189 	-0.400 	
520.754 	1003.199 	-470.160 	0.058 	0.144 	-0.063 	
-1096.582 	2709.411 	841.246 	-0.180 	0.399 	0.127 	
-1916.851 	1941.491 	-2500.242 	-0.312 	0.283 	-0.369 	
55.404 	2508.825 	2049.830 	-0.019 	0.368 	0.294 	
808.249 	-2769.303 	2404.881 	0.092 	-0.401 	0.352 	
755.413 	-2297.495 	315.350 	0.089 	-0.331 	0.050 	
380.785 	-456.485 	-2175.658 	0.027 	-0.064 	-0.316 	
-2252.877 	772.273 	2536.917 	-0.358 	0.107 	0.374 	
-2996.906 	1726.051 	19.941 	-0.466 	0.244 	0.005 	
2409.666 	88.832 	-1719.304 	0.329 	0.013 	-0.245 	
-1344.294 	-1096.518 	-1593.903 	-0.219 	-0.154 	-0.236 	
-2052.923 	-1452.247 	-872.247 	-0.318 	-0.205 	-0.127 	
1509.968 	-2581.533 	-1604.345 	0.189 	-0.375 	-0.235 	
-2067.262 	825.293 	-1745.491 	-0.325 	0.122 	-0.247 	
-1196.164 	-462.434 	-742.201 	-0.205 	-0.063 	-0.111 	
2436.441 	2924.859 	-1526.880 	0.334 	0.434 	-0.219 	
1111.084 	-1850.565 	-1627.015 	0.137 	-0.266 	-0.242 	
-1962.493 	2296.134 	-2527.668 	-0.312 	0.328 	-0.373 	
-797.018 	-1383.824 	-1131.903 	-0.132 	-0.202 	-0.165 	
-17.669 	-442.104 	814.984 	-0.035 	-0.067 	0.118 	
-15.787 	47.750 	114.592 	-0.029 	0.009 	0.015 	
1062.638 	3028.569 	-242.130 	0.138 	0.444 	-0.035 	
1101.568 	-1759.562 	-853.663 	0.144 	-0.256 	-0.122 	
1768.522 	1222.357 	987.793 	0.231 	0.179 	0.144 	
-2354.599 	-350.249 	1589.007 	-0.369 	-0.044 	0.227 	
-779.226 	1911.959 	1722.288 	-0.136 	0.287 	0.256 	
-2012.303 	1221.719 	2123.372 	-0.327 	0.179 	0.308 	
-909.300 	-555.936 	-1163.822 	-0.153 	-0.076 	-0.165 	
-1876.756 	-1325.197 	-1030.410 	-0.292 	-0.199 	-0.150 	
-1924.673 	24.439 	264.312 	-0.304 	0.009 	0.035 	
-699.569 	-2413.764 	813.276 	-0.121 	-0.346 	0.122 	
744.954 	-339.633 	-86.500 	0.085 	-0.049 	-0.014 	
1515.628 	865.602 	1427.761 	0.204 	0.126 	0.202 	
-61.670 	-294.591 	-2525.739 	-0.040 	-0.040 	-0.366 	
-97.645 	-1335.630 	-1187.096 	-0.036 	-0.189 	-0.174 	
1276.856 	-196.733 	2464.790 	0.163 	-0.030 	0.359 	
293.413 	-765.446 	494.446 	0.012 	-0.113 	0.078 	
305.331 	-2395.836 	2630.579 	0.022 	-0.345 	0.387 	
874.652 	519.767 	1226.422 	0.103 	0.078 	0.178 	
161.926 	-2242.419 	-272.187 	-0.009 	-0.327 	-0.040 	
81.748 	-2221.842 	-1183.516 	-0.019 	-0.321 	-0.174 	
-2466.401 	-2174.119 	-178.239 	-0.385 	-0.311 	-0.025 	
-2509.954 	-1732.829 	-774.687 	-0.399 	-0.253 	-0.112 	
2434.409 	-2429.532 	-652.410 	0.337 	-0.357 	-0.100 	
-610.952 	-1133.889 	-1352.705 	-0.117 	-0.171 	-0.199 	
-677.189 	-418.875 	192.147 	-0.131 	-0.063 	0.029 	
-991.506 	2122.448 	-1490.509 	-0.166 	0.313 	-0.220 	
-1251.506 	1004.501 	882.072 	-0.211 	0.151 	0.125 	
-588.427 	806.173 	-1417.280 	-0.117 	0.121 	-0.206 	
-2282.643 	-1737.872 	1163.854 	-0.353 	-0.250 	0.169 	
1292.477 	-1940.059 	-464.656 	0.169 	-0.281 	-0.063 	
1977.680 	552.394 	2073.415 	0.258 	0.083 	0.302 	
-2384.782 	1503.611 	1936.749 	-0.368 	0.219 	0.279 	
-1234.331 	694.184 	814.733 	-0.213 	0.101 	0.117 	
-1510.213 	-2100.449 	3001.608 	-0.242 	-0.300 	0.440 	
-1639.563 	-1573.723 	224.835 	-0.265 	-0.232 	0.039 	
-1793.557 	272.967 	-2085.292 	-0.284 	0.038 	-0.306 	
2304.010 	22.887 	-2203.018 	0.319 	0.001 	-0.319 	
422.163 	990.663 	2464.422 	0.041 	0.148 	0.357 	
-1662.386 	1412.123 	1266.925 	-0.263 	0.203 	0.181 	
-931.958 	1446.075 	1919.323 	-0.153 	0.209 	0.280 	
-2559.215 	2188.799 	423.453 	-0.400 	0.327 	0.064 	
-758.847 	-977.218 	-1162.678 	-0.132 	-0.149 	-0.163 	
-995.827 	-2174.834 	576.646 	-0.171 	-0.315 	0.091 	
2816.153 	2470.930 	-1847.235 	0.395 	0.364 	-0.270 	
155.277 	-1875.470 	-1821.921 	0.004 	-0.273 	-0.271 	
-1571.416 	-2518.647 	-2157.972 	-0.255 	-0.375 	-0.312 	
887.133 	3143.532 	-1253.868 	0.101 	0.463 	-0.188 	
690.476 	-1618.286 	2251.220 	0.071 	-0.239 	0.329 	
2965.617 	-255.805 	-1839.907 	0.414 	-0.040 	-0.270 	
823.476 	-401.977 	471.466 	0.090 	-0.059 	0.068 	
602.172 	2759.726 	-1481.606 	0.059 	0.404 	-0.218 	
-1919.159 	-1096.764 	-1094.129 	-0.302 	-0.153 	-0.158 	
-1130.167 	2498.460 	-629.416 	-0.191 	0.356 	-0.089 	
-1037.988 	-530.452 	-2303.011 	-0.173 	-0.077 	-0.335 	
1225.617 	-2675.034 	-1211.579 	0.158 	-0.394 	-0.173 	
1774.656 	-704.855 	-30.338 	0.231 	-0.097 	0.000 	
2693.437 	36.037 	1662.731 	0.374 	0.005 	0.243 	
1435.252 	2069.501 	-2825.784 	0.193 	0.302 	-0.415 	
-2251.983 	833.562 	1817.558 	-0.346 	0.122 	0.263 	
-346.372 	2.871 	777.661 	-0.069 	0.001 	0.116 	
-947.115 	2203.279 	1904.125 	-0.166 	0.323 	0.279 	
2938.283 	2419.900 	-541.578 	0.407 	0.355 	-0.081 	
-2537.967 	304.038 	1859.794 	-0.397 	0.038 	0.269 	
-2921.604 	731.425 	-2081.179 	-0.446 	0.109 	-0.305 	
-1932.700 	-1029.478 	-462.436 	-0.308 	-0.153 	-0.070 	
815.110 	876.807 	-1239.879 	0.088 	0.128 	-0.185 	
2071.226 	2801.201 	-1821.435 	0.280 	0.415 	-0.271 	
-1977.739 	1113.801 	-88.999 	-0.314 	0.157 	-0.016 	
381.281 	203.937 	558.935 	0.025 	0.025 	0.081 	
407.775 	-2207.483 	-1129.947 	0.027 	-0.322 	-0.166 	
-2278.536 	-335.577 	-1393.567 	-0.363 	-0.049 	-0.199 	
2985.754 	1897.712 	-1789.877 	0.419 	0.281 	-0.263 	
1950.365 	457.045 	1524.609 	0.263 	0.071 	0.216 	
683.717 	2470.408 	517.641 	0.073 	0.355 	0.074 	
837.480 	-688.212 	-1010.186 	0.092 	-0.103 	-0.141 	
2216.772 	2184.008 	-1908.259 	0.294 	0.321 	-0.279 	
2753.263 	671.598 	-827.616 	0.384 	0.099 	-0.120 	
-1779.443 	729.133 	-523.203 	-0.290 	0.100 	-0.072 	
-1237.051 	-2398.858 	-713.149 	-0.203 	-0.342 	-0.106 	
1390.511 	2958.331 	-2779.881 	0.177 	0.436 	-0.406 	
2541.138 	1056.923 	-710.548 	0.347 	0.159 	-0.103 	
-2034.750 	-1720.876 	-1671.281 	-0.325 	-0.252 	-0.239 	
-2708.741 	172.565 	1487.837 	-0.427 	0.027 	0.221 	
2825.676 	-1552.008 	2314.830 	0.395 	-0.226 	0.333 	
2124.658 	177.229 	1208.588 	0.278 	0.027 	0.177 	
638.943 	2153.385 	1699.444 	0.071 	0.319 	0.249 	
-2687.870 	2370.497 	-1902.639 	-0.423 	0.345 	-0.284 	
-2555.512 	233.051 	2692.415 	-0.390 	0.034 	0.394 	
2612.252 	-1946.104 	-1246.902 	0.357 	-0.291 	-0.184 	
-1292.076 	1133.412 	1177.631 	-0.222 	0.164 	0.174 	
1416.655 	1838.618 	745.040 	0.181 	0.267 	0.112 	
2098.174 	-366.368 	1052.055 	0.286 	-0.056 	0.155 	
1882.693 	893.115 	980.002 	0.246 	0.124 	0.138 	
-2094.396 	-582.139 	2521.303 	-0.326 	-0.085 	0.372 	
2775.297 	-2183.273 	1339.638 	0.384 	-0.318 	0.197 	
-693.248 	1922.373 	-2604.613 	-0.132 	0.280 	-0.381 	
-2402.390 	-2332.455 	3836.126 	-0.414 	-0.366 	0.615 	
467.161 	1521.782 	66.398 	0.048 	0.220 	0.009 	
683.586 	28.212 	385.222 	0.079 	0.006 	0.061 	
1076.805 	2177.340 	2665.402 	0.138 	0.324 	0.389 	
-2138.336 	345.436 	-195.477 	-0.340 	0.057 	-0.027 	
-2766.081 	835.608 	-2522.167 	-0.428 	0.124 	-0.365 	
1057.819 	1384.792 	418.429 	0.135 	0.202 	0.061 	
-811.224 	-1966.323 	710.262 	-0.146 	-0.290 	0.102 	
1491.455 	-520.378 	-1107.282 	0.201 	-0.078 	-0.160 	
-690.956 	-375.101 	1932.914 	-0.126 	-0.059 	0.277 	
-2305.462 	2056.425 	2743.069 	-0.359 	0.304 	0.406 	
1739.903 	-1408.245 	222.083 	0.232 	-0.204 	0.039 	
-2078.646 	-1296.589 	-703.920 	-0.333 	-0.187 	-0.103 	
209.289 	2151.576 	1187.298 	0.003 	0.312 	0.174 	
-961.686 	-716.163 	-2589.555 	-0.157 	-0.105 	-0.375 	
-1877.651 	136.167 	-2177.667 	-0.306 	0.024 	-0.316 	
147.986 	1516.987 	177.667 	0.001 	0.224 	0.025 	
-1618.553 	-1361.538 	107.741 	-0.265 	-0.193 	0.022 	
-2407.166 	-2590.781 	2809.926 	-0.379 	-0.378 	0.417 	
655.743 	-17.933 	935.958 	0.074 	-0.004 	0.137 	
2762.294 	1187.792 	-1021.106 	0.376 	0.171 	-0.147 	
2843.940 	-1945.461 	1995.903 	0.394 	-0.287 	0.293 	
-2890.573 	-1440.009 	-27.411 	-0.446 	-0.205 	-0.006 	
-1128.222 	439.781 	-2093.920 	-0.195 	0.065 	-0.300 	
89.895 	-195.153 	1316.703 	-0.017 	-0.025 	0.195 	
2088.707 	-910.612 	-481.762 	0.271 	-0.136 	-0.070 	
361.965 	-47.647 	-1768.952 	0.032 	-0.007 	-0.259 	
3008.859 	-2458.759 	-3178.420 	0.418 	-0.358 	-0.471 	
-246.135 	-1617.145 	-612.443 	-0.058 	-0.228 	-0.095 	
-1395.561 	2264.072 	2443.920 	-0.225 	0.330 	0.355 	
1924.328 	329.711 	-2157.429 	0.251 	0.048 	-0.316 	
-928.328 	2226.415 	1288.172 	-0.165 	0.325 	0.185 	
-1994.077 	-661.715 	-1136.498 	-0.320 	-0.094 	-0.172 	
119.606 	71.535 	640.591 	-0.012 	0.007 	0.086 	
-1005.107 	-1234.037 	1594.646 	-0.175 	-0.177 	0.233 	
-196.381 	1579.834 	588.873 	-0.054 	0.223 	0.089 	
618.997 	-444.288 	-1691.704 	0.059 	-0.068 	-0.243 	
-1069.889 	-908.167 	2182.761 	-0.180 	-0.125 	0.319 	
2734.711 	-929.117 	-2831.458 	0.377 	-0.141 	-0.412 	
2702.193 	-95.368 	-2397.620 	0.375 	-0.015 	-0.356 	
1299.693 	78.441 	2634.634 	0.158 	0.013 	0.383 	
-614.960 	-1533.607 	-1199.015 	-0.113 	-0.222 	-0.166 	
992.685 	-2856.605 	2526.972 	0.121 	-0.409 	0.368 	
-2154.342 	-1114.467 	2501.185 	-0.333 	-0.163 	0.363 	
-1280.308 	-303.151 	-2302.803 	-0.212 	-0.041 	-0.333 	
-210.407 	2332.735 	179.806 	-0.061 	0.343 	0.031 	
1054.174 	1140.759 	-2400.446 	0.130 	0.164 	-0.349 	
1591.587 	1756.020 	-2315.485 	0.211 	0.261 	-0.339 	
-2872.118 	388.012 	1646.860 	-0.442 	0.058 	0.240 	
-1802.278 	-417.930 	2134.797 	-0.288 	-0.069 	0.309 	
-74.083 	1750.068 	1348.340 	-0.042 	0.255 	0.201 	
-325.873 	2710.692 	2474.799 	-0.065 	0.395 	0.362 	
-1811.574 	-881.252 	2605.368 	-0.294 	-0.130 	0.378 	
1586.791 	1541.311 	-787.383 	0.202 	0.224 	-0.111 	
-130.595 	-684.429 	810.222 	-0.051 	-0.094 	0.117 	
-1839.722 	2522.656 	-2310.815 	-0.294 	0.373 	-0.335 	
2428.960 	2047.300 	289.400 	0.338 	0.300 	0.043 	
2062.989 	2462.102 	889.790 	0.285 	0.359 	0.132 	
-2527.315 	-2542.301 	-1320.626 	-0.400 	-0.375 	-0.193 	
2611.648 	-1637.491 	1643.343 	0.350 	-0.244 	0.241 	
-859.711 	-435.051 	402.845 	-0.141 	-0.064 	0.057 	
-2208.941 	617.838 	1133.197 	-0.354 	0.091 	0.163 	
-2511.337 	-928.197 	252.165 	-0.399 	-0.135 	0.038 	
2761.497 	1512.073 	2332.327 	0.382 	0.219 	0.336 	
2873.575 	-943.690 	-201.076 	0.395 	-0.137 	-0.033 	
684.103 	-2323.172 	-797.592 	0.083 	-0.337 	-0.116 	
-1525.649 	1224.849 	-827.863 	-0.241 	0.176 	-0.123 	
-373.347 	-2194.960 	-2459.783 	-0.087 	-0.321 	-0.360 	
-3075.352 	-1037.231 	2362.500 	-0.477 	-0.156 	0.340 	
-2146.264 	511.040 	1515.324 	-0.345 	0.074 	0.218 	
615.245 	-2123.200 	1270.144 	0.059 	-0.311 	0.189 	
-157.611 	-1489.743 	249.570 	-0.046 	-0.211 	0.039 	
-314.725 	-288.872 	-906.440 	-0.063 	-0.041 	-0.130 	
332.802 	-1143.327 	683.384 	0.016 	-0.161 	0.099 	
-1941.768 	-1360.206 	105.424 	-0.305 	-0.200 	0.022 	
-2689.458 	1185.809 	-426.491 	-0.426 	0.174 	-0.059 	
-2090.931 	-2017.418 	-1716.238 	-0.330 	-0.298 	-0.250 	
2825.544 	-2603.190 	726.271 	0.394 	-0.384 	0.107 	
-1113.221 	2509.105 	849.510 	-0.190 	0.362 	0.130 	
-2038.604 	-828.542 	-107.072 	-0.316 	-0.128 	-0.014 	
2763.147 	-904.903 	2650.112 	0.380 	-0.135 	0.391 	
521.124 	321.355 	1945.074 	0.055 	0.043 	0.287 	
856.972 	-545.883 	-1906.350 	0.097 	-0.083 	-0.273 	
-638.090 	1350.426 	65.069 	-0.121 	0.198 	0.008 	
3062.679 	2689.041 	1595.339 	0.421 	0.395 	0.230 	
-2001.395 	-1079.444 	3611.761 	-0.324 	-0.162 	0.539 	
-2225.697 	584.905 	-1804.575 	-0.344 	0.083 	-0.264 	
-1248.353 	-305.114 	944.530 	-0.210 	-0.040 	0.136 	
2813.741 	-1290.456 	-2254.026 	0.382 	-0.188 	-0.328 	
-1593.404 	1102.981 	289.497 	-0.256 	0.159 	0.041 	
-766.621 	1695.151 	150.108 	-0.139 	0.240 	0.022 	
677.849 	403.489 	2446.571 	0.078 	0.066 	0.354 	
-795.998 	-1356.115 	885.156 	-0.136 	-0.200 	0.130 	
-1516.145 	1572.922 	1220.251 	-0.241 	0.225 	0.182 	
1210.143 	995.957 	762.080 	0.152 	0.142 	0.120 	
-334.855 	-156.184 	1000.130 	-0.079 	-0.020 	0.148 	
2484.468 	-1749.086 	2012.655 	0.334 	-0.253 	0.298 	
754.290 	2388.136 	-104.607 	0.090 	0.350 	-0.012 	
-1511.450 	1175.396 	1526.888 	-0.243 	0.176 	0.220 	
-2655.008 	-783.369 	-2295.971 	-0.410 	-0.110 	-0.336 	
2622.185 	1309.030 	1741.834 	0.356 	0.199 	0.252 	
1614.563 	-1855.653 	-952.860 	0.218 	-0.269 	-0.140 	
-1203.249 	-217.320 	1687.971 	-0.202 	-0.028 	0.238 	
-155.628 	-1212.581 	2702.514 	-0.052 	-0.182 	0.387 	
-374.716 	-2235.836 	2397.492 	-0.080 	-0.332 	0.340 	
-2647.845 	1822.418 	-1921.293 	-0.408 	0.262 	-0.283 	
2047.658 	-540.289 	-373.117 	0.280 	-0.081 	-0.051 	
933.679 	1273.264 	1381.539 	0.113 	0.192 	0.206 	
-680.795 	-1018.219 	-1478.010 	-0.124 	-0.155 	-0.210 	
-1065.557 	-559.039 	781.597 	-0.187 	-0.080 	0.115 	
-2074.121 	286.625 	415.478 	-0.318 	0.041 	0.062 	
1795.939 	-329.981 	-281.431 	0.234 	-0.052 	-0.040 	
1455.437 	-1224.607 	1603.887 	0.196 	-0.177 	0.237 	
-674.371 	-1217.115 	1830.661 	-0.130 	-0.181 	0.265 	
-2834.803 	11.707 	2017.280 	-0.440 	0.002 	0.294 	
-1567.650 	450.662 	637.056 	-0.261 	0.067 	0.094 	
2561.775 	-1884.466 	-69.734 	0.345 	-0.281 	-0.012 	
-482.251 	580.925 	-1462.749 	-0.098 	0.079 	-0.208 	
-829.653 	1015.879 	2565.358 	-0.140 	0.144 	0.375 	
2068.355 	-1763.041 	-578.739 	0.279 	-0.256 	-0.082 	
2816.217 	-340.787 	-1313.903 	0.391 	-0.052 	-0.187 	
2428.394 	2355.798 	3044.611 	0.328 	0.343 	0.446 	
2149.492 	-2840.622 	-1471.516 	0.290 	-0.413 	-0.209 	
2389.605 	824.556 	868.063 	0.329 	0.119 	0.124 	
2977.730 	-1610.757 	924.253 	0.418 	-0.235 	0.136 	
369.567 	-2142.931 	1645.820 	0.031 	-0.306 	0.242 	
838.716 	269.614 	-2060.685 	0.105 	0.039 	-0.301 	
2576.403 	1850.022 	1345.896 	0.346 	0.272 	0.201 	
-815.393 	-543.890 	25.565 	-0.150 	-0.080 	0.007 	
-1913.817 	135.223 	-1981.645 	-0.306 	0.015 	-0.295 	
378.463 	1336.775 	960.898 	0.026 	0.197 	0.147 	
-1870.974 	129.364 	1949.035 	-0.298 	0.027 	0.283 	
-1005.247 	-965.066 	2515.622 	-0.174 	-0.149 	0.363 	
-2748.859 	1364.798 	758.144 	-0.431 	0.202 	0.112 	
-2797.696 	1352.857 	2312.974 	-0.426 	0.196 	0.340 	
-926.082 	-385.414 	2006.922 	-0.161 	-0.052 	0.288 	
2812.435 	-1916.828 	-2285.693 	0.382 	-0.280 	-0.340 	
343.773 	-2786.973 	2803.064 	0.019 	-0.409 	0.409 	
-1434.747 	1473.108 	520.899 	-0.231 	0.215 	0.075 	
-2556.121 	1007.998 	2107.594 	-0.391 	0.146 	0.310 	
-1986.528 	-20.306 	1645.267 	-0.306 	-0.000 	0.240 	
122.111 	1289.277 	1688.615 	-0.014 	0.183 	0.247 	
614.281 	-844.610 	-284.668 	0.071 	-0.122 	-0.040 	
642.487 	374.988 	408.233 	0.066 	0.047 	0.059 	
-844.667 	-2075.855 	973.323 	-0.142 	-0.307 	0.140 	
816.830 	-532.530 	872.814 	0.095 	-0.079 	0.122 	
1933.730 	758.116 	1526.979 	0.264 	0.112 	0.217 	
1174.312 	294.497 	-1609.500 	0.143 	0.043 	-0.234 	
578.877 	157.708 	-851.839 	0.058 	0.025 	-0.125 	
-2942.161 	-2095.910 	2870.625 	-0.459 	-0.308 	0.424 	
-1824.785 	2577.450 	1673.973 	-0.293 	0.373 	0.249 	
-1032.123 	-2424.902 	2024.732 	-0.173 	-0.351 	0.294 	
-504.425 	-594.800 	1901.595 	-0.099 	-0.093 	0.271 	
-783.654 	-506.840 	-654.955 	-0.147 	-0.076 	-0.099 	
3110.705 	1016.874 	2804.259 	0.435 	0.151 	0.409 	
-674.213 	-2482.709 	-2462.992 	-0.116 	-0.362 	-0.361 	
1230.151 	2897.361 	-388.659 	0.156 	0.428 	-0.060 	
848.443 	2971.094 	-2767.311 	0.105 	0.437 	-0.401 	
-405.093 	1945.055 	1105.574 	-0.082 	0.286 	0.162 	
-1048.269 	1806.517 	-278.326 	-0.178 	0.262 	-0.047 	
391.616 	1131.486 	-3158.666 	0.033 	0.162 	-0.468 	
-1144.253 	357.397 	-816.265 	-0.186 	0.054 	-0.116 	
-6.385 	225.463 	-1801.549 	-0.022 	0.032 	-0.267 	
2173.697 	1705.756 	-810.049 	0.301 	0.248 	-0.118 	
-2649.093 	1794.495 	-1803.785 	-0.414 	0.265 	-0.271 	
2630.599 	2582.457 	1610.740 	0.369 	0.376 	0.237 	
-1937.170 	1766.655 	1861.868 	-0.311 	0.256 	0.278 	
928.837 	949.673 	2033.823 	0.105 	0.133 	0.296 	
-3015.569 	1807.303 	-1600.788 	-0.470 	0.268 	-0.236 	
-1628.620 	2555.138 	-912.141 	-0.258 	0.371 	-0.128 	
-1691.294 	1148.213 	866.082 	-0.265 	0.165 	0.132 	
-286.305 	-931.183 	1382.459 	-0.077 	-0.135 	0.192 	
-3.351 	-1120.624 	-2437.195 	-0.025 	-0.156 	-0.355 	
-2702.782 	-824.145 	-1384.084 	-0.413 	-0.122 	-0.206 	
1871.070 	303.866 	-395.521 	0.251 	0.046 	-0.049 	
2069.159 	-37.264 	-274.847 	0.275 	-0.009 	-0.032 	
-1162.268 	-524.090 	2432.250 	-0.198 	-0.079 	0.351 	
2465.093 	-1678.341 	-1618.421 	0.338 	-0.240 	-0.241 	
945.712 	-326.191 	1367.112 	0.110 	-0.045 	0.198 	
2960.885 	-2612.863 	-1593.465 	0.414 	-0.378 	-0.237 	
911.592 	-1926.978 	273.834 	0.109 	-0.280 	0.035 	
-745.191 	-2465.324 	144.229 	-0.135 	-0.360 	0.021 	
801.964 	2366.293 	-337.639 	0.098 	0.338 	-0.049 	
1638.870 	-470.702 	-530.988 	0.212 	-0.062 	-0.075 	
-1062.527 	-388.304 	123.433 	-0.175 	-0.061 	0.021 	
-378.442 	1799.047 	-448.598 	-0.087 	0.265 	-0.065 	
1634.231 	-2135.407 	-2755.951 	0.220 	-0.316 	-0.408 	
-2310.970 	1985.801 	717.451 	-0.366 	0.290 	0.113 	
-506.189 	-1243.221 	1845.964 	-0.104 	-0.177 	0.262 	
1218.331 	1572.503 	-87.885 	0.145 	0.230 	-0.015 	
1898.332 	2513.682 	-2241.108 	0.251 	0.371 	-0.325 	
-2484.636 	434.519 	51.031 	-0.389 	0.057 	0.012 	
1881.764 	1454.942 	445.086 	0.249 	0.207 	0.070 	
-2942.284 	2750.040 	2832.790 	-0.459 	0.398 	0.417 	
465.203 	469.787 	1045.206 	0.048 	0.068 	0.147 	
1547.120 	-718.155 	-285.203 	0.197 	-0.108 	-0.038 	
2446.581 	1481.334 	2198.166 	0.328 	0.217 	0.320 	
-404.252 	-361.630 	-319.888 	-0.089 	-0.057 	-0.039 	
2528.795 	-2126.429 	-2124.802 	0.350 	-0.310 	-0.313 	
2048.511 	-69.927 	-1068.989 	0.275 	-0.009 	-0.158 	
-2460.170 	-2416.797 	-365.185 	-0.385 	-0.352 	-0.046 	
-2191.804 	2514.595 	2554.792 	-0.348 	0.375 	0.369 	
1654.552 	-3034.683 	1898.209 	0.217 	-0.451 	0.277 	
1821.704 	-1894.148 	-307.807 	0.240 	-0.275 	-0.039 	
2949.034 	-2601.584 	2569.695 	0.414 	-0.380 	0.374 	
-1190.325 	-497.253 	-1081.200 	-0.197 	-0.070 	-0.155 	
3179.220 	2568.292 	1649.274 	0.448 	0.379 	0.237 	
1489.020 	1281.666 	-1199.480 	0.185 	0.186 	-0.177 	
39.525 	2221.642 	-810.277 	-0.016 	0.328 	-0.115 	
-3048.221 	569.657 	-1107.245 	-0.475 	0.083 	-0.157 	
-3403.929 	2552.482 	4204.469 	-0.521 	0.378 	0.616 	
1042.652 	-540.008 	2269.166 	0.135 	-0.078 	0.328 	
-1439.526 	-602.542 	-793.797 	-0.241 	-0.086 	-0.113 	
-2737.053 	1086.017 	2211.694 	-0.417 	0.160 	0.321 	
-1287.869 	1356.614 	-1541.176 	-0.211 	0.198 	-0.232 	
-56.667 	329.861 	-505.242 	-0.026 	0.044 	-0.074 	
-2538.200 	-385.510 	-1310.277 	-0.400 	-0.054 	-0.191 	
72.844 	-802.399 	-438.722 	-0.015 	-0.122 	-0.066 	
2942.003 	-337.572 	-202.718 	0.407 	-0.049 	-0.035 	
-579.160 	751.791 	507.251 	-0.114 	0.107 	0.082 	
1208.167 	-2155.416 	-266.417 	0.144 	-0.313 	-0.042 	
1929.494 	-2521.451 	-1177.792 	0.260 	-0.366 	-0.178 	
-1521.853 	-1692.793 	1130.290 	-0.241 	-0.248 	0.164 	
-573.145 	1703.457 	2194.330 	-0.109 	0.244 	0.318 	
1494.250 	2811.625 	1874.766 	0.194 	0.418 	0.274 	
-3061.740 	1445.701 	-333.011 	-0.473 	0.217 	-0.051 	
-288.616 	65.986 	-1951.532 	-0.069 	0.005 	-0.282 	
-1366.834 	969.668 	-2600.660 	-0.222 	0.136 	-0.376 	
-2520.015 	-782.391 	370.020 	-0.397 	-0.119 	0.054 	
1254.884 	1025.033 	998.591 	0.159 	0.152 	0.139 	
603.684 	-579.823 	-2155.834 	0.058 	-0.087 	-0.312 	
518.471 	2044.844 	1036.358 	0.053 	0.296 	0.150 	
77.670 	786.340 	1473.871 	-0.015 	0.119 	0.212 	
-1207.175 	-1799.047 	1886.121 	-0.200 	-0.260 	0.278 	
-12.574 	-344.897 	-967.448 	-0.030 	-0.051 	-0.137 	
-743.908 	2691.943 	1674.960 	-0.139 	0.387 	0.248 	
-1532.149 	623.304 	-188.147 	-0.245 	0.087 	-0.021 	
-2515.203 	-1509.548 	249.690 	-0.399 	-0.218 	0.036 	
1944.028 	-1060.929 	-2917.471 	0.263 	-0.154 	-0.429 	
-2409.461 	3239.870 	-1408.590 	-0.381 	0.481 	-0.204 	
-1134.194 	1277.891 	-2667.972 	-0.183 	0.188 	-0.389 	
2010.393 	-1266.435 	-443.586 	0.267 	-0.179 	-0.062 	
277.511 	565.944 	-484.933 	0.012 	0.086 	-0.071 	
-789.348 	2342.607 	-1132.650 	-0.144 	0.342 	-0.164 	
-652.696 	326.740 	1896.596 	-0.123 	0.052 	0.272 	
-2133.022 	-2085.277 	2539.861 	-0.343 	-0.301 	0.371 	
1342.142 	1938.088 	1795.651 	0.175 	0.276 	0.262 	
342.666 	1789.597 	2378.793 	0.030 	0.260 	0.350 	
982.967 	1257.335 	-1541.345 	0.115 	0.176 	-0.225 	
1753.137 	1494.554 	-2550.966 	0.233 	0.218 	-0.376 	
212.922 	-1104.144 	-2193.077 	0.005 	-0.168 	-0.319 	
-2132.062 	1439.550 	-985.583 	-0.343 	0.206 	-0.142 	
1385.802 	116.938 	-13.766 	0.180 	0.018 	0.001 	
-2326.800 	2302.089 	162.655 	-0.367 	0.339 	0.014 	
-1126.746 	-2158.437 	-932.425 	-0.189 	-0.313 	-0.139 	
539.216 	-1398.827 	-2207.133 	0.046 	-0.206 	-0.322 	
-584.838 	-730.609 	1753.140 	-0.117 	-0.105 	0.257 	
-193.642 	-2609.871 	1188.108 	-0.051 	-0.382 	0.177 	
1839.426 	1352.153 	-1937.189 	0.251 	0.196 	-0.283 	
233.894 	1611.666 	-1523.041 	0.010 	0.239 	-0.228 	
3.970 	1991.699 	-1689.338 	-0.030 	0.289 	-0.244 	
-1500.832 	2006.357 	-1165.842 	-0.238 	0.295 	-0.170 	
-2959.764 	-1085.124 	347.058 	-0.459 	-0.162 	0.056 	
-1795.264 	-826.944 	-1515.370 	-0.278 	-0.123 	-0.220 	
3114.734 	-1802.457 	2648.631 	0.432 	-0.263 	0.383 	
-2816.963 	1301.562 	-469.717 	-0.439 	0.194 	-0.067 	
-337.135 	-961.143 	1394.565 	-0.077 	-0.134 	0.214 	
-784.461 	-974.231 	-1990.090 	-0.134 	-0.143 	-0.284 	
-1238.687 	-2657.116 	2457.604 	-0.208 	-0.387 	0.357 	
-313.526 	-979.276 	1399.797 	-0.079 	-0.140 	0.199 	
204.210 	-2623.966 	599.419 	0.009 	-0.386 	0.088 	
-878.944 	-395.927 	175.305 	-0.161 	-0.062 	0.027 	
-1000.140 	-912.172 	-976.692 	-0.173 	-0.136 	-0.138 	
-682.341 	-1108.943 	1419.074 	-0.092 	-0.137 	0.163 	
1036.930 	-2390.180 	1474.171 	0.130 	-0.354 	0.214 	
-1665.887 	-485.374 	1490.547 	-0.261 	-0.075 	0.217 	
2653.677 	1392.639 	-2227.415 	0.371 	0.205 	-0.327 	
-435.879 	1497.302 	2610.280 	-0.090 	0.214 	0.376 	
918.193 	2219.013 	1762.685 	0.116 	0.322 	0.256 	
1749.979 	1903.807 	1188.946 	0.238 	0.280 	0.174 	
1417.846 	-1609.535 	547.353 	0.183 	-0.229 	0.082 	
-1138.079 	-449.526 	-1869.501 	-0.195 	-0.061 	-0.266 	
-1635.182 	1734.475 	1013.724 	-0.257 	0.252 	0.152 	
301.647 	-1027.701 	1714.169 	0.013 	-0.152 	0.250 	
872.219 	-1971.357 	1428.723 	0.102 	-0.295 	0.210 	
-859.991 	-1919.910 	177.909 	-0.155 	-0.271 	0.026 	
342.353 	-1714.140 	-351.337 	0.020 	-0.251 	-0.056 	
-222.393 	-1727.091 	-780.501 	-0.065 	-0.248 	-0.112 	
2298.666 	-399.648 	-2275.323 	0.312 	-0.058 	-0.331 	
1163.497 	602.834 	2700.302 	0.138 	0.090 	0.395 	
-2016.169 	1286.464 	1758.366 	-0.318 	0.189 	0.261 	
2927.531 	-1595.802 	2686.637 	0.410 	-0.231 	0.398 	
-1896.415 	958.246 	422.077 	-0.296 	0.141 	0.058 	
182.239 	438.429 	2403.944 	0.002 	0.070 	0.347 	
-2977.788 	1324.180 	1820.531 	-0.461 	0.201 	0.266 	
-1056.216 	-1819.532 	532.941 	-0.182 	-0.271 	0.078 	
1407.006 	-281.762 	-1531.388 	0.185 	-0.037 	-0.226 	
-1032.918 	-2573.391 	2957.828 	-0.176 	-0.377 	0.439 	
-2340.742 	2293.936 	166.028 	-0.378 	0.331 	0.034 	
550.664 	-2736.040 	-2509.190 	0.055 	-0.396 	-0.365 	
-2962.643 	-715.090 	-2687.750 	-0.451 	-0.106 	-0.392 	
-1412.574 	3.648 	-1692.237 	-0.238 	-0.001 	-0.246 	
14.246 	151.346 	-260.052 	-0.019 	0.019 	-0.038 	
-2970.952 	-731.869 	2820.159 	-0.461 	-0.113 	0.414 	
-994.777 	-115.072 	-180.216 	-0.168 	-0.023 	-0.017 	
2595.142 	-1436.065 	1668.832 	0.357 	-0.215 	0.250 	
-2673.909 	-2095.802 	-2180.772 	-0.419 	-0.304 	-0.315 	
-2525.641 	756.185 	-22.433 	-0.384 	0.108 	-0.003 	
500.735 	907.894 	-2678.262 	0.053 	0.137 	-0.393 	
-1857.597 	670.395 	1268.279 	-0.290 	0.091 	0.188 	
2752.403 	-2657.318 	1926.373 	0.373 	-0.393 	0.283 	
-854.196 	1608.014 	-1863.890 	-0.143 	0.230 	-0.273 	
-2980.778 	232.459 	1536.200 	-0.459 	0.033 	0.227 	
1160.281 	-2131.516 	2381.758 	0.142 	-0.311 	0.352 	
-2922.755 	1985.015 	-268.406 	-0.451 	0.290 	-0.043 	
-2743.161 	1185.546 	955.871 	-0.419 	0.169 	0.146 	
452.979 	-2048.087 	557.269 	0.047 	-0.302 	0.081 	
-1037.714 	-2097.552 	1287.209 	-0.175 	-0.312 	0.192 	
606.927 	-1519.914 	-2512.611 	0.071 	-0.226 	-0.363 	
-2346.183 	-1412.395 	1255.961 	-0.365 	-0.202 	0.183 	
-2921.122 	-1102.223 	-1407.691 	-0.457 	-0.163 	-0.209 	
1582.121 	-2593.829 	-2429.625 	0.209 	-0.385 	-0.353 	
-2649.347 	-1769.039 	-2088.130 	-0.413 	-0.260 	-0.312 	
674.079 	-832.447 	-188.076 	0.073 	-0.120 	-0.026 	
1368.981 	2523.811 	1282.661 	0.173 	0.370 	0.183 	
2301.606 	651.032 	1550.530 	0.307 	0.093 	0.230 	
1223.334 	-1470.455 	-1718.803 	0.157 	-0.221 	-0.246 	
2915.980 	-2561.919 	2203.562 	0.399 	-0.375 	0.327 	
-2710.942 	-1261.104 	-480.818 	-0.423 	-0.184 	-0.072 	
-1620.631 	2604.468 	1256.190 	-0.267 	0.378 	0.189 	
-889.592 	1624.806 	2363.898 	-0.157 	0.231 	0.348 	
1597.816 	456.133 	2105.773 	0.209 	0.068 	0.308 	
-443.445 	-2205.787 	2358.373 	-0.092 	-0.317 	0.343 	
-2212.732 	1487.639 	1031.249 	-0.345 	0.221 	0.149 	
1766.561 	2237.121 	206.714 	0.236 	0.330 	0.033 	
-1528.812 	-1099.184 	-1115.393 	-0.242 	-0.165 	-0.163 	
-332.536 	-1808.318 	2305.256 	-0.075 	-0.271 	0.332 	
2163.768 	360.189 	374.186 	0.290 	0.049 	0.062 	
-2723.813 	-2769.812 	1769.061 	-0.418 	-0.408 	0.257 	
-1021.486 	-921.298 	-751.929 	-0.168 	-0.127 	-0.112 	
2065.783 	-2141.254 	604.211 	0.277 	-0.309 	0.093 	
-356.182 	1422.457 	755.010 	-0.081 	0.200 	0.108 	
-653.731 	-1158.323 	-283.361 	-0.124 	-0.163 	-0.044 	
1387.017 	150.240 	-1514.728 	0.176 	0.023 	-0.215 	
-2375.780 	2428.541 	1684.500 	-0.376 	0.358 	0.240 	
2750.934 	-2366.993 	321.615 	0.382 	-0.348 	0.052 	
2370.131 	-97.736 	1822.112 	0.327 	-0.015 	0.268 	
617.169 	2379.075 	-34.455 	0.061 	0.353 	-0.007 	
414.631 	657.209 	1515.640 	0.043 	0.091 	0.217 	
-3003.601 	1882.845 	2463.043 	-0.469 	0.272 	0.361 	
-2236.180 	-754.582 	1012.176 	-0.344 	-0.115 	0.149 	
2395.872 	470.358 	-636.418 	0.319 	0.067 	-0.095 	
-1575.441 	-516.263 	-2227.902 	-0.247 	-0.075 	-0.323 	
