## Las primeras 500 lineas corresponden a la esfera 1 
##las siguienets 500 lineas a la esfera 2
## Las primeras tres columnas corresponden a la posición en 'x', 'y' y 'z', las siguientes tres a las velocidades
-26.349 	-1726.646 	177.615 	-0.010 	-0.245 	0.028 	
565.853 	-532.239 	-9.980 	0.086 	-0.077 	-0.002 	
651.674 	2201.832 	1479.976 	0.098 	0.314 	0.206 	
-2074.974 	2295.467 	1515.041 	-0.303 	0.333 	0.221 	
-419.389 	-465.382 	2147.220 	-0.054 	-0.066 	0.314 	
2306.965 	1478.225 	2617.727 	0.342 	0.215 	0.375 	
2379.041 	-1192.405 	-2321.516 	0.345 	-0.169 	-0.337 	
-2239.621 	-1277.523 	822.689 	-0.321 	-0.178 	0.123 	
1937.315 	617.074 	1289.605 	0.277 	0.095 	0.186 	
739.862 	699.477 	1023.084 	0.105 	0.098 	0.151 	
1966.239 	-156.330 	110.558 	0.279 	-0.021 	0.014 	
-419.425 	-1790.371 	296.413 	-0.056 	-0.256 	0.045 	
401.686 	-1273.130 	193.797 	0.067 	-0.182 	0.029 	
1422.995 	2029.956 	1954.536 	0.199 	0.292 	0.279 	
-94.410 	1702.206 	-2732.208 	-0.016 	0.249 	-0.392 	
-967.758 	-168.560 	10.437 	-0.139 	-0.018 	0.003 	
-1099.960 	2204.241 	-900.942 	-0.162 	0.314 	-0.131 	
232.598 	1241.374 	-2465.222 	0.032 	0.171 	-0.358 	
-3238.584 	-2393.475 	-1368.262 	-0.474 	-0.342 	-0.200 	
1134.672 	-2799.177 	-2413.400 	0.158 	-0.406 	-0.349 	
275.299 	-2593.673 	3114.724 	0.042 	-0.367 	0.452 	
222.017 	962.121 	2691.107 	0.030 	0.137 	0.381 	
-695.044 	-1223.207 	610.922 	-0.099 	-0.168 	0.085 	
-2263.734 	-1792.217 	818.693 	-0.321 	-0.253 	0.115 	
1587.388 	-1118.032 	1812.804 	0.234 	-0.161 	0.256 	
-1036.534 	-18.295 	2395.128 	-0.141 	-0.000 	0.341 	
187.090 	-1453.331 	-89.123 	0.032 	-0.204 	-0.010 	
628.641 	-2677.920 	1984.343 	0.088 	-0.392 	0.287 	
-2299.811 	2317.935 	605.317 	-0.326 	0.332 	0.088 	
-1288.780 	-1997.889 	1600.036 	-0.180 	-0.284 	0.233 	
-819.895 	-1388.426 	-2355.475 	-0.116 	-0.196 	-0.340 	
1118.041 	1847.884 	2243.753 	0.158 	0.261 	0.324 	
2257.305 	-847.832 	2087.739 	0.325 	-0.122 	0.302 	
-1448.943 	1539.063 	197.289 	-0.200 	0.220 	0.030 	
240.192 	-805.119 	-2556.344 	0.034 	-0.121 	-0.361 	
420.424 	-333.093 	279.321 	0.069 	-0.043 	0.041 	
-1089.308 	-2197.495 	-2512.873 	-0.158 	-0.314 	-0.369 	
-1048.877 	-2698.806 	2029.984 	-0.144 	-0.387 	0.293 	
-1034.597 	-237.051 	1462.897 	-0.151 	-0.031 	0.213 	
1748.997 	-2766.293 	2006.802 	0.251 	-0.399 	0.292 	
2992.499 	1094.374 	-121.232 	0.432 	0.150 	-0.019 	
534.240 	-682.017 	225.397 	0.080 	-0.092 	0.029 	
1120.025 	322.566 	1933.858 	0.147 	0.053 	0.284 	
-128.264 	-1915.028 	-1241.844 	-0.025 	-0.275 	-0.177 	
483.908 	-556.881 	1896.741 	0.075 	-0.081 	0.277 	
264.090 	489.674 	-898.518 	0.044 	0.072 	-0.124 	
2882.661 	222.560 	46.465 	0.406 	0.028 	0.002 	
-678.216 	2680.083 	-711.140 	-0.098 	0.388 	-0.104 	
652.731 	-777.804 	-1027.259 	0.100 	-0.114 	-0.146 	
2488.018 	1617.044 	791.643 	0.360 	0.238 	0.114 	
-2273.573 	-851.040 	-1864.818 	-0.324 	-0.126 	-0.273 	
1298.081 	-221.281 	1292.174 	0.180 	-0.031 	0.181 	
2805.564 	-1284.754 	-2753.810 	0.411 	-0.192 	-0.398 	
-206.109 	1748.167 	42.811 	-0.022 	0.249 	0.011 	
-2022.861 	2173.990 	1589.809 	-0.295 	0.310 	0.228 	
-440.769 	-2624.740 	1343.240 	-0.060 	-0.382 	0.197 	
-1083.450 	-44.340 	-1660.073 	-0.148 	-0.009 	-0.242 	
112.144 	-2322.810 	-808.840 	0.022 	-0.334 	-0.118 	
-2718.909 	1949.682 	2327.243 	-0.394 	0.285 	0.339 	
1580.990 	2434.113 	963.681 	0.230 	0.347 	0.133 	
-727.105 	2641.303 	696.276 	-0.112 	0.382 	0.099 	
1038.600 	1549.351 	-915.947 	0.154 	0.219 	-0.130 	
-2107.677 	2841.508 	1121.904 	-0.311 	0.412 	0.163 	
1882.909 	551.598 	-947.010 	0.271 	0.086 	-0.136 	
2276.410 	-2620.484 	-2651.780 	0.338 	-0.377 	-0.380 	
3250.972 	-1083.359 	-2714.672 	0.478 	-0.156 	-0.392 	
2077.896 	-1515.659 	-2366.115 	0.309 	-0.219 	-0.342 	
-2987.152 	3267.775 	-947.998 	-0.435 	0.479 	-0.141 	
3233.309 	1505.735 	1943.922 	0.474 	0.218 	0.278 	
-463.600 	919.838 	1166.395 	-0.067 	0.121 	0.169 	
2136.229 	774.892 	825.922 	0.313 	0.106 	0.115 	
896.187 	-135.478 	993.472 	0.136 	-0.015 	0.142 	
-49.304 	1672.838 	-2765.489 	-0.008 	0.238 	-0.396 	
-722.323 	-2087.684 	-838.196 	-0.106 	-0.300 	-0.118 	
-1275.013 	1077.651 	1682.585 	-0.191 	0.154 	0.240 	
1243.563 	-365.038 	-663.323 	0.178 	-0.052 	-0.085 	
-76.408 	-625.341 	-1945.508 	-0.012 	-0.083 	-0.280 	
2430.871 	1435.418 	-2296.549 	0.354 	0.208 	-0.337 	
306.639 	-523.878 	-1077.001 	0.041 	-0.072 	-0.158 	
-26.958 	-692.822 	2332.784 	0.000 	-0.103 	0.334 	
-426.789 	2134.914 	674.615 	-0.067 	0.301 	0.098 	
615.929 	-1117.335 	-756.676 	0.082 	-0.158 	-0.104 	
1374.964 	1762.765 	2277.565 	0.196 	0.257 	0.327 	
-588.488 	-1827.694 	2330.684 	-0.087 	-0.260 	0.339 	
1814.516 	-952.589 	-447.764 	0.265 	-0.131 	-0.070 	
-1650.495 	-2319.796 	-2256.904 	-0.233 	-0.332 	-0.322 	
1727.378 	-553.822 	-1103.143 	0.250 	-0.083 	-0.171 	
-1809.350 	-1925.927 	2072.971 	-0.268 	-0.277 	0.300 	
-2474.638 	-2441.079 	1610.136 	-0.352 	-0.353 	0.235 	
-2239.517 	-999.659 	-233.089 	-0.317 	-0.149 	-0.028 	
2948.689 	1362.055 	2083.617 	0.426 	0.204 	0.299 	
73.614 	1149.613 	2111.031 	0.009 	0.169 	0.305 	
213.552 	-511.225 	202.519 	0.035 	-0.077 	0.031 	
-343.230 	-2524.529 	-1034.526 	-0.045 	-0.367 	-0.144 	
2424.317 	-1604.461 	2404.157 	0.349 	-0.227 	0.345 	
-906.706 	1574.442 	-2547.152 	-0.127 	0.210 	-0.361 	
2448.504 	608.903 	1567.410 	0.358 	0.086 	0.226 	
2631.596 	600.903 	-1741.552 	0.386 	0.087 	-0.250 	
2991.800 	2352.062 	369.920 	0.441 	0.338 	0.054 	
1609.688 	-1275.994 	1614.742 	0.225 	-0.188 	0.229 	
-1886.351 	2481.411 	1382.522 	-0.271 	0.352 	0.203 	
-3095.906 	-2216.479 	-946.183 	-0.452 	-0.319 	-0.132 	
835.603 	-2882.748 	1656.225 	0.122 	-0.418 	0.238 	
-1250.555 	-277.522 	2190.807 	-0.178 	-0.034 	0.319 	
1577.814 	-671.325 	859.295 	0.235 	-0.097 	0.127 	
-2610.644 	1320.372 	2401.136 	-0.371 	0.191 	0.343 	
-2596.472 	-1807.582 	1712.591 	-0.380 	-0.258 	0.250 	
-3025.283 	3173.822 	-1286.022 	-0.441 	0.465 	-0.186 	
1891.108 	-1230.519 	101.478 	0.269 	-0.180 	0.020 	
3197.831 	-297.242 	-1010.827 	0.467 	-0.047 	-0.140 	
-774.373 	-276.925 	1570.754 	-0.109 	-0.042 	0.230 	
689.127 	-943.183 	1414.160 	0.092 	-0.136 	0.204 	
1251.144 	-13.464 	452.842 	0.174 	-0.007 	0.062 	
-486.756 	2724.870 	-984.501 	-0.074 	0.388 	-0.136 	
-1843.853 	2509.603 	2524.514 	-0.268 	0.362 	0.367 	
-277.836 	2698.461 	2611.971 	-0.037 	0.392 	0.376 	
821.499 	-2812.519 	-475.710 	0.117 	-0.405 	-0.061 	
-2972.214 	-866.868 	2804.847 	-0.426 	-0.131 	0.403 	
2028.711 	-1239.736 	-1038.502 	0.291 	-0.184 	-0.143 	
-217.658 	1983.139 	376.017 	-0.038 	0.283 	0.057 	
-1380.142 	309.605 	1739.262 	-0.195 	0.046 	0.256 	
1587.197 	-2224.495 	-998.667 	0.231 	-0.324 	-0.144 	
1284.007 	-390.691 	-2102.879 	0.184 	-0.048 	-0.304 	
2587.794 	-1180.899 	2664.532 	0.369 	-0.172 	0.386 	
-2850.879 	965.069 	1412.656 	-0.416 	0.136 	0.202 	
806.901 	-338.410 	-1012.705 	0.111 	-0.044 	-0.141 	
-2945.196 	-1883.555 	-1110.238 	-0.423 	-0.270 	-0.155 	
-3133.404 	-2891.462 	1176.940 	-0.459 	-0.418 	0.168 	
-2285.005 	1185.356 	-2777.907 	-0.330 	0.173 	-0.395 	
-2427.569 	-2553.296 	974.446 	-0.345 	-0.371 	0.140 	
-269.788 	-1698.105 	1340.029 	-0.044 	-0.242 	0.195 	
-669.335 	2175.807 	-1243.671 	-0.099 	0.315 	-0.184 	
-1708.141 	1406.163 	18.131 	-0.247 	0.199 	0.002 	
35.819 	797.842 	-2441.115 	0.000 	0.111 	-0.348 	
3023.924 	-2772.674 	265.546 	0.433 	-0.399 	0.034 	
-391.154 	-2161.787 	-1130.040 	-0.051 	-0.310 	-0.169 	
318.191 	-1687.480 	754.287 	0.041 	-0.242 	0.102 	
-1990.308 	-2568.506 	2017.087 	-0.281 	-0.374 	0.293 	
2366.067 	-1134.003 	-1171.862 	0.341 	-0.160 	-0.168 	
1042.151 	-2105.442 	642.434 	0.159 	-0.301 	0.096 	
-2027.941 	-1273.857 	-1619.753 	-0.286 	-0.186 	-0.233 	
2633.889 	-764.335 	-705.678 	0.372 	-0.106 	-0.102 	
-1802.486 	2713.230 	658.593 	-0.262 	0.387 	0.099 	
-2176.105 	-2276.884 	367.369 	-0.315 	-0.327 	0.057 	
-699.997 	831.395 	1006.175 	-0.105 	0.114 	0.144 	
1663.526 	-360.043 	2348.231 	0.238 	-0.051 	0.331 	
-1230.612 	-152.354 	-985.545 	-0.173 	-0.015 	-0.142 	
-39.454 	1405.838 	2109.373 	-0.009 	0.200 	0.296 	
2528.748 	-2357.736 	-2748.792 	0.359 	-0.341 	-0.398 	
-204.523 	1954.385 	-1397.316 	-0.024 	0.276 	-0.203 	
2522.422 	-2730.402 	688.217 	0.365 	-0.392 	0.093 	
-1955.599 	-766.288 	1704.372 	-0.275 	-0.106 	0.244 	
670.835 	1501.423 	2918.288 	0.094 	0.211 	0.421 	
-2951.629 	-2892.433 	-1095.465 	-0.426 	-0.416 	-0.161 	
-2490.745 	-145.886 	-2804.488 	-0.360 	-0.017 	-0.405 	
-249.311 	-1177.389 	-1002.062 	-0.043 	-0.170 	-0.144 	
2770.629 	-625.762 	2001.760 	0.414 	-0.089 	0.284 	
-2622.254 	-1347.988 	2599.109 	-0.379 	-0.198 	0.374 	
-1273.641 	-2053.770 	2904.856 	-0.180 	-0.298 	0.422 	
310.168 	-2032.126 	1703.747 	0.044 	-0.294 	0.247 	
2826.847 	-2341.493 	2150.430 	0.416 	-0.339 	0.313 	
-890.653 	520.168 	551.477 	-0.123 	0.077 	0.075 	
-982.154 	-84.941 	1621.681 	-0.155 	-0.001 	0.247 	
1421.699 	209.760 	-102.606 	0.210 	0.033 	-0.009 	
148.214 	-1045.689 	567.835 	0.019 	-0.149 	0.078 	
-1074.207 	-26.961 	-365.214 	-0.157 	-0.003 	-0.047 	
-998.914 	1612.647 	-1420.978 	-0.142 	0.232 	-0.205 	
3209.463 	-691.422 	-193.190 	0.465 	-0.107 	-0.027 	
927.746 	-68.477 	-320.034 	0.134 	-0.016 	-0.039 	
1088.375 	-602.845 	-620.679 	0.150 	-0.090 	-0.082 	
-1812.492 	545.422 	3036.810 	-0.259 	0.078 	0.440 	
1757.514 	1169.235 	115.796 	0.262 	0.164 	0.018 	
-2619.534 	511.082 	1115.176 	-0.380 	0.071 	0.159 	
723.186 	-179.257 	-863.541 	0.101 	-0.032 	-0.125 	
-3024.074 	-1344.128 	2552.578 	-0.441 	-0.194 	0.367 	
-2359.161 	-895.327 	-184.957 	-0.340 	-0.126 	-0.023 	
-1181.921 	-652.282 	-651.298 	-0.169 	-0.094 	-0.096 	
1836.419 	1637.316 	2308.509 	0.267 	0.237 	0.326 	
567.862 	-557.358 	2338.195 	0.084 	-0.079 	0.338 	
2753.663 	1716.290 	2972.245 	0.397 	0.253 	0.432 	
2374.605 	2164.475 	2387.394 	0.342 	0.314 	0.352 	
2554.207 	-2173.076 	-2214.595 	0.367 	-0.316 	-0.320 	
1876.116 	2646.999 	145.941 	0.278 	0.380 	0.020 	
-1319.521 	134.601 	740.230 	-0.193 	0.016 	0.112 	
-527.219 	208.677 	-1687.694 	-0.073 	0.033 	-0.249 	
-406.790 	1217.781 	1341.114 	-0.065 	0.174 	0.192 	
-2978.668 	-2644.684 	1627.148 	-0.431 	-0.378 	0.242 	
-1165.098 	931.889 	-1057.404 	-0.167 	0.137 	-0.149 	
-808.453 	-2484.410 	-1900.297 	-0.117 	-0.354 	-0.275 	
-1362.298 	-2419.966 	-1458.125 	-0.189 	-0.348 	-0.210 	
222.444 	-2658.245 	-2191.033 	0.031 	-0.381 	-0.314 	
2363.607 	950.767 	183.507 	0.348 	0.137 	0.030 	
2616.587 	-211.615 	-1825.599 	0.378 	-0.032 	-0.259 	
-1129.450 	404.352 	147.710 	-0.154 	0.056 	0.026 	
-1194.251 	1290.017 	701.675 	-0.179 	0.184 	0.102 	
2683.928 	-1222.994 	-19.809 	0.385 	-0.181 	-0.008 	
-1547.968 	1021.486 	-2794.834 	-0.225 	0.145 	-0.405 	
2771.245 	-210.830 	1770.003 	0.397 	-0.024 	0.258 	
596.835 	939.667 	792.626 	0.094 	0.138 	0.118 	
1728.877 	-536.938 	-1131.583 	0.253 	-0.072 	-0.152 	
-1680.536 	2116.047 	489.380 	-0.241 	0.298 	0.073 	
-0.612 	-2092.933 	1267.686 	0.006 	-0.295 	0.180 	
-257.168 	-222.871 	-2250.006 	-0.031 	-0.031 	-0.321 	
-821.673 	123.403 	470.809 	-0.121 	0.019 	0.069 	
-301.517 	-2386.396 	-2407.840 	-0.041 	-0.340 	-0.352 	
-635.081 	-1030.498 	2460.191 	-0.088 	-0.151 	0.345 	
3035.647 	-419.596 	-2181.510 	0.442 	-0.066 	-0.313 	
-645.567 	428.402 	-444.178 	-0.091 	0.059 	-0.060 	
2535.207 	-2633.158 	2425.098 	0.372 	-0.377 	0.350 	
-864.817 	-903.210 	824.075 	-0.123 	-0.124 	0.117 	
-781.019 	-76.289 	2479.563 	-0.108 	-0.006 	0.355 	
594.010 	1303.250 	276.387 	0.094 	0.187 	0.041 	
-2753.490 	2858.631 	-2070.689 	-0.401 	0.413 	-0.299 	
175.291 	-724.828 	-2813.700 	0.034 	-0.102 	-0.405 	
-482.906 	-1451.895 	1757.705 	-0.067 	-0.200 	0.254 	
-1680.394 	-1318.802 	-1178.488 	-0.247 	-0.190 	-0.167 	
1517.089 	2739.202 	-2344.295 	0.221 	0.396 	-0.346 	
-1636.721 	207.699 	1753.586 	-0.242 	0.029 	0.251 	
-74.469 	379.425 	1323.516 	-0.015 	0.055 	0.184 	
-444.394 	-533.356 	878.820 	-0.052 	-0.085 	0.105 	
2629.105 	-660.298 	-1675.138 	0.378 	-0.102 	-0.244 	
3074.206 	-2889.184 	46.673 	0.442 	-0.418 	0.013 	
-2256.658 	-1665.093 	-127.486 	-0.331 	-0.242 	-0.020 	
91.146 	-2326.523 	620.341 	0.009 	-0.330 	0.093 	
-1097.306 	154.885 	2280.081 	-0.160 	0.017 	0.324 	
-1486.045 	2825.903 	123.907 	-0.208 	0.405 	0.022 	
-2070.586 	-2196.302 	943.576 	-0.297 	-0.312 	0.134 	
2548.868 	-1038.224 	-2132.821 	0.370 	-0.148 	-0.313 	
-1817.667 	-2638.694 	1712.310 	-0.263 	-0.373 	0.247 	
-1238.375 	-42.332 	1037.795 	-0.177 	-0.013 	0.152 	
-1314.843 	277.116 	2680.531 	-0.189 	0.040 	0.390 	
-2358.884 	1746.963 	-417.321 	-0.338 	0.251 	-0.052 	
-2272.185 	785.238 	82.492 	-0.333 	0.113 	0.013 	
-831.561 	754.574 	-1378.905 	-0.118 	0.113 	-0.196 	
2487.367 	3155.762 	-2857.746 	0.358 	0.463 	-0.416 	
-2046.417 	1133.650 	1603.625 	-0.299 	0.163 	0.237 	
-2293.469 	-257.079 	-2414.314 	-0.325 	-0.039 	-0.348 	
1389.862 	-1951.143 	905.072 	0.203 	-0.284 	0.124 	
2115.038 	2258.590 	-187.278 	0.314 	0.326 	-0.023 	
2355.868 	1229.930 	-2646.595 	0.337 	0.180 	-0.377 	
1550.990 	744.744 	-1773.864 	0.221 	0.105 	-0.247 	
-1152.710 	-2240.415 	-661.509 	-0.162 	-0.316 	-0.097 	
2157.152 	-981.623 	229.129 	0.313 	-0.139 	0.025 	
-570.701 	2375.420 	587.740 	-0.044 	0.371 	0.096 	
630.536 	-1664.980 	2444.145 	0.092 	-0.237 	0.344 	
-1413.754 	921.021 	-1102.413 	-0.203 	0.130 	-0.162 	
-2087.715 	-81.900 	1034.200 	-0.305 	-0.012 	0.153 	
2264.972 	-770.088 	2246.367 	0.332 	-0.113 	0.316 	
628.811 	-1674.010 	-2539.094 	0.096 	-0.243 	-0.358 	
3137.624 	526.542 	-1747.067 	0.459 	0.076 	-0.253 	
1057.953 	-660.654 	2219.850 	0.159 	-0.094 	0.318 	
-1842.330 	2447.091 	-539.990 	-0.257 	0.353 	-0.077 	
-1182.098 	-1145.877 	992.629 	-0.172 	-0.164 	0.147 	
-999.376 	-1286.003 	507.912 	-0.142 	-0.185 	0.082 	
2766.115 	39.506 	1230.643 	0.401 	0.012 	0.181 	
-1880.294 	183.896 	1730.091 	-0.271 	0.026 	0.257 	
-13.304 	1104.341 	-2107.481 	-0.008 	0.160 	-0.308 	
-1994.662 	-2624.872 	-2614.866 	-0.282 	-0.377 	-0.382 	
1423.902 	2247.818 	-1028.871 	0.202 	0.320 	-0.147 	
-2777.764 	1331.293 	1648.972 	-0.402 	0.192 	0.234 	
-2903.693 	178.446 	1110.261 	-0.423 	0.030 	0.160 	
900.911 	-2325.185 	-2348.057 	0.127 	-0.338 	-0.332 	
-3853.070 	58.230 	-15.939 	-0.593 	-0.015 	-0.005 	
-2624.907 	-1067.697 	1398.310 	-0.375 	-0.155 	0.206 	
1594.484 	-615.667 	-1907.773 	0.227 	-0.089 	-0.281 	
804.080 	526.090 	351.261 	0.121 	0.076 	0.058 	
-78.816 	-1027.586 	658.929 	-0.013 	-0.153 	0.087 	
-2826.773 	243.592 	-1635.934 	-0.411 	0.032 	-0.240 	
2306.298 	-237.419 	3133.592 	0.336 	-0.032 	0.457 	
-556.634 	-970.282 	1598.706 	-0.080 	-0.144 	0.223 	
1042.131 	-1649.748 	-644.535 	0.146 	-0.236 	-0.090 	
403.278 	-422.548 	444.183 	0.061 	-0.066 	0.059 	
-2498.989 	-2962.207 	-1484.834 	-0.362 	-0.431 	-0.213 	
1419.603 	-1332.339 	-2409.677 	0.204 	-0.185 	-0.342 	
601.178 	854.400 	-615.314 	0.092 	0.146 	-0.087 	
-1130.930 	-323.767 	940.369 	-0.161 	-0.039 	0.140 	
3182.205 	1584.497 	-252.636 	0.467 	0.226 	-0.038 	
714.255 	-347.422 	-1632.116 	0.100 	-0.050 	-0.237 	
-2303.868 	799.528 	-2873.761 	-0.330 	0.118 	-0.414 	
1105.037 	868.793 	869.485 	0.164 	0.119 	0.130 	
2796.189 	202.533 	-2297.262 	0.398 	0.026 	-0.328 	
-1138.071 	375.932 	-1457.656 	-0.163 	0.058 	-0.213 	
-2831.275 	2563.325 	1080.544 	-0.415 	0.371 	0.157 	
106.313 	-2229.509 	-2652.213 	0.020 	-0.320 	-0.387 	
1998.702 	2529.363 	-1581.469 	0.290 	0.364 	-0.237 	
1440.662 	-1143.046 	307.478 	0.205 	-0.163 	0.051 	
1469.353 	-2449.537 	-1991.198 	0.209 	-0.350 	-0.293 	
936.427 	-1150.168 	1617.563 	0.131 	-0.166 	0.232 	
1240.746 	-1231.245 	1971.288 	0.179 	-0.174 	0.284 	
2515.118 	2773.521 	-2460.102 	0.361 	0.403 	-0.361 	
2348.754 	-426.777 	1708.214 	0.343 	-0.057 	0.252 	
1018.537 	-669.489 	-572.848 	0.150 	-0.092 	-0.082 	
-1159.513 	-1073.294 	2117.047 	-0.172 	-0.152 	0.306 	
-1332.588 	-613.509 	2319.954 	-0.191 	-0.094 	0.334 	
540.995 	-1388.107 	-889.499 	0.079 	-0.198 	-0.130 	
-1883.496 	-300.901 	-52.335 	-0.270 	-0.046 	-0.009 	
-325.301 	2379.141 	-2924.749 	-0.040 	0.347 	-0.422 	
-2241.210 	-732.850 	1493.126 	-0.328 	-0.105 	0.214 	
-102.295 	-2274.768 	2435.744 	-0.016 	-0.322 	0.355 	
-1100.936 	859.655 	2280.257 	-0.153 	0.127 	0.327 	
-316.649 	-102.380 	1613.624 	-0.049 	-0.017 	0.233 	
2039.381 	-1546.059 	11.700 	0.297 	-0.225 	-0.004 	
-134.977 	-1028.938 	678.133 	-0.007 	-0.145 	0.102 	
-581.069 	-1017.696 	2302.018 	-0.076 	-0.145 	0.333 	
-2878.538 	-808.129 	778.480 	-0.420 	-0.117 	0.113 	
-761.733 	-1894.826 	-411.266 	-0.115 	-0.269 	-0.059 	
813.401 	-2791.026 	1494.138 	0.114 	-0.408 	0.215 	
1009.018 	-2095.337 	-552.278 	0.143 	-0.302 	-0.075 	
1178.410 	-2573.733 	-301.420 	0.172 	-0.372 	-0.038 	
767.614 	114.302 	2330.773 	0.105 	0.013 	0.335 	
-2580.798 	1256.277 	169.967 	-0.374 	0.180 	0.023 	
-596.901 	626.424 	1190.237 	-0.079 	0.086 	0.168 	
-1009.102 	-1506.688 	2450.761 	-0.148 	-0.217 	0.358 	
-2124.951 	-2538.398 	2222.131 	-0.306 	-0.363 	0.327 	
1525.057 	1735.187 	-2663.106 	0.218 	0.248 	-0.380 	
-912.495 	1578.585 	-2540.179 	-0.125 	0.245 	-0.363 	
-172.120 	-2162.014 	-1744.089 	-0.016 	-0.311 	-0.252 	
-40.746 	-164.191 	393.008 	0.003 	-0.029 	0.055 	
1887.388 	-880.589 	487.055 	0.273 	-0.127 	0.065 	
1506.484 	891.331 	-1645.242 	0.226 	0.128 	-0.235 	
-1853.688 	-2516.420 	1459.695 	-0.263 	-0.369 	0.207 	
3126.131 	-622.639 	-2840.624 	0.457 	-0.090 	-0.413 	
-465.334 	2017.096 	686.035 	-0.060 	0.293 	0.096 	
-1633.446 	2282.006 	-1975.196 	-0.237 	0.329 	-0.287 	
-2205.266 	1501.312 	-779.590 	-0.310 	0.216 	-0.112 	
-33.233 	754.186 	-278.245 	-0.009 	0.100 	-0.040 	
-2429.997 	974.792 	207.865 	-0.343 	0.147 	0.028 	
-124.092 	-2122.241 	-1628.665 	-0.020 	-0.302 	-0.228 	
-2004.974 	-1151.711 	113.094 	-0.290 	-0.164 	0.010 	
1557.552 	1232.937 	-1583.264 	0.232 	0.178 	-0.225 	
-1946.784 	2768.816 	374.537 	-0.282 	0.395 	0.061 	
1426.807 	-252.462 	-2060.299 	0.209 	-0.035 	-0.296 	
-275.654 	222.186 	-576.871 	-0.036 	0.024 	-0.077 	
-2690.154 	-1405.439 	-2520.203 	-0.387 	-0.209 	-0.367 	
1242.104 	-520.624 	406.813 	0.175 	-0.077 	0.062 	
-2214.844 	-546.258 	2446.348 	-0.319 	-0.077 	0.354 	
2189.338 	-234.483 	2037.335 	0.316 	-0.037 	0.288 	
791.270 	-229.015 	-1871.157 	0.109 	-0.038 	-0.268 	
2285.746 	921.184 	-177.991 	0.326 	0.134 	-0.029 	
1001.044 	472.806 	1661.505 	0.141 	0.071 	0.237 	
-197.397 	1271.129 	-2109.056 	-0.032 	0.183 	-0.300 	
2853.535 	-2084.874 	-890.841 	0.419 	-0.300 	-0.125 	
-2569.494 	-2588.627 	2704.811 	-0.373 	-0.376 	0.391 	
-2231.914 	-1557.216 	-62.804 	-0.319 	-0.223 	-0.010 	
1711.427 	404.672 	588.020 	0.238 	0.058 	0.085 	
2811.143 	-698.617 	748.810 	0.405 	-0.097 	0.103 	
-2332.843 	870.750 	1275.028 	-0.333 	0.129 	0.191 	
90.447 	-159.727 	29.630 	0.007 	-0.022 	0.008 	
-787.734 	-1632.056 	2262.400 	-0.107 	-0.232 	0.329 	
-302.096 	-1374.788 	-1081.258 	-0.039 	-0.200 	-0.150 	
2711.753 	-1085.517 	-1847.040 	0.391 	-0.163 	-0.264 	
309.576 	-1612.836 	-1522.641 	0.037 	-0.230 	-0.216 	
2112.981 	-2249.411 	2830.708 	0.310 	-0.320 	0.407 	
-2610.097 	-1055.379 	-1373.701 	-0.373 	-0.147 	-0.193 	
-2371.293 	-653.392 	-893.659 	-0.346 	-0.099 	-0.127 	
375.739 	-597.505 	2167.602 	0.063 	-0.087 	0.310 	
1648.301 	-1606.626 	1208.940 	0.246 	-0.231 	0.170 	
-1499.869 	1211.583 	1278.908 	-0.222 	0.171 	0.186 	
-2573.778 	-1428.285 	2156.711 	-0.369 	-0.199 	0.313 	
-2018.270 	-18.110 	685.221 	-0.292 	-0.004 	0.103 	
-1626.799 	-1912.783 	299.821 	-0.230 	-0.272 	0.040 	
2567.152 	2428.767 	1622.478 	0.374 	0.343 	0.232 	
2551.971 	1410.531 	-489.177 	0.375 	0.206 	-0.072 	
-2437.737 	-2290.531 	615.450 	-0.350 	-0.328 	0.093 	
-2015.025 	607.930 	1143.260 	-0.293 	0.082 	0.166 	
-1628.734 	257.013 	1379.944 	-0.227 	0.041 	0.202 	
-1518.122 	-745.101 	-2905.530 	-0.220 	-0.111 	-0.424 	
-1414.887 	-1547.534 	-2241.482 	-0.206 	-0.227 	-0.326 	
3060.011 	3120.182 	-1463.627 	0.445 	0.456 	-0.209 	
2927.565 	1048.966 	-2354.049 	0.424 	0.148 	-0.345 	
-740.145 	-1232.282 	-805.294 	-0.106 	-0.181 	-0.113 	
-781.512 	-1188.589 	1907.833 	-0.111 	-0.178 	0.273 	
766.649 	-171.778 	312.681 	0.116 	-0.027 	0.041 	
943.046 	292.679 	621.110 	0.139 	0.037 	0.087 	
-1687.213 	1778.535 	1702.809 	-0.248 	0.256 	0.245 	
-1903.516 	2268.595 	-2619.273 	-0.276 	0.323 	-0.377 	
-764.542 	-1747.083 	-2890.628 	-0.108 	-0.246 	-0.419 	
2320.404 	-1151.471 	-1797.983 	0.328 	-0.164 	-0.257 	
-34.992 	21.213 	-1788.626 	-0.004 	0.004 	-0.258 	
906.420 	2250.710 	952.027 	0.132 	0.328 	0.141 	
1490.655 	-229.506 	-21.024 	0.221 	-0.032 	-0.004 	
1188.211 	1350.290 	1638.969 	0.173 	0.191 	0.244 	
834.557 	-1119.305 	-1223.830 	0.125 	-0.159 	-0.171 	
2599.214 	-2095.722 	-1796.284 	0.384 	-0.303 	-0.259 	
832.789 	672.872 	-1722.145 	0.122 	0.097 	-0.250 	
-1857.722 	-2000.616 	-50.491 	-0.264 	-0.293 	-0.006 	
1547.859 	985.918 	1261.074 	0.215 	0.139 	0.181 	
2205.267 	816.129 	286.991 	0.326 	0.112 	0.040 	
-202.616 	-2499.303 	2341.376 	-0.027 	-0.357 	0.344 	
208.833 	928.531 	2360.345 	0.038 	0.133 	0.334 	
2116.823 	-103.733 	2279.417 	0.312 	-0.014 	0.326 	
2427.002 	934.300 	-118.945 	0.347 	0.130 	-0.012 	
-1616.452 	-3070.227 	3046.801 	-0.231 	-0.445 	0.445 	
-3140.477 	-2563.204 	2823.281 	-0.457 	-0.368 	0.410 	
2958.714 	2394.588 	9.442 	0.435 	0.341 	0.001 	
3005.639 	602.588 	2553.063 	0.435 	0.080 	0.372 	
1122.124 	330.710 	1943.329 	0.163 	0.038 	0.269 	
-1953.209 	-317.084 	-2425.975 	-0.282 	-0.044 	-0.348 	
2133.040 	1075.094 	-905.842 	0.316 	0.155 	-0.132 	
-713.348 	1469.123 	-2516.466 	-0.106 	0.208 	-0.358 	
1143.545 	1207.236 	-376.764 	0.163 	0.173 	-0.056 	
1739.005 	-1078.786 	-1511.146 	0.252 	-0.153 	-0.214 	
2324.075 	2187.735 	2715.736 	0.336 	0.321 	0.395 	
296.145 	2419.870 	-1749.124 	0.036 	0.346 	-0.250 	
-2486.594 	485.829 	1042.301 	-0.354 	0.074 	0.153 	
748.241 	-2674.687 	1834.802 	0.113 	-0.385 	0.259 	
876.902 	-1073.943 	-278.078 	0.123 	-0.158 	-0.039 	
2142.906 	156.781 	-223.998 	0.308 	0.028 	-0.036 	
-1296.732 	1225.453 	-1910.732 	-0.183 	0.180 	-0.278 	
1358.474 	-2387.035 	1360.604 	0.193 	-0.347 	0.198 	
2339.706 	2353.890 	116.420 	0.343 	0.339 	0.020 	
1571.761 	-2547.400 	2345.076 	0.226 	-0.361 	0.338 	
2791.372 	-217.593 	602.296 	0.403 	-0.024 	0.090 	
3112.511 	2481.059 	1644.347 	0.448 	0.359 	0.239 	
836.146 	-2066.665 	1146.432 	0.128 	-0.299 	0.166 	
-1598.354 	-2854.107 	2670.513 	-0.232 	-0.416 	0.386 	
1204.517 	-576.437 	-605.260 	0.177 	-0.077 	-0.086 	
-210.091 	62.557 	451.597 	-0.033 	0.005 	0.061 	
-2499.494 	3142.484 	2550.931 	-0.366 	0.460 	0.368 	
145.369 	270.490 	2409.336 	0.029 	0.041 	0.342 	
-375.474 	2451.834 	2231.932 	-0.056 	0.358 	0.318 	
2072.831 	-2215.166 	2433.483 	0.305 	-0.325 	0.354 	
-2207.898 	-2330.558 	2378.510 	-0.320 	-0.330 	0.344 	
-2594.422 	-1666.688 	1957.858 	-0.375 	-0.237 	0.283 	
-1933.008 	1805.631 	881.957 	-0.274 	0.264 	0.131 	
-439.982 	-2994.405 	570.445 	-0.055 	-0.432 	0.081 	
356.681 	-1422.661 	2034.066 	0.055 	-0.203 	0.293 	
-89.313 	283.561 	328.572 	-0.014 	0.035 	0.052 	
-2343.092 	-2656.935 	-2167.389 	-0.343 	-0.384 	-0.307 	
-1360.513 	-84.433 	1491.654 	-0.192 	-0.016 	0.213 	
2126.446 	795.163 	351.073 	0.302 	0.118 	0.053 	
1064.223 	-1514.583 	1979.859 	0.157 	-0.222 	0.289 	
-2191.284 	-1282.344 	-1864.692 	-0.313 	-0.181 	-0.266 	
100.418 	-1352.892 	-557.021 	0.009 	-0.221 	-0.078 	
2873.396 	202.307 	53.455 	0.412 	0.029 	0.019 	
-1372.845 	-1979.321 	-1833.513 	-0.195 	-0.287 	-0.259 	
2312.988 	-1419.320 	153.160 	0.338 	-0.201 	0.024 	
-729.760 	1970.573 	1723.339 	-0.099 	0.278 	0.247 	
475.234 	-709.679 	2459.609 	0.069 	-0.100 	0.349 	
2459.042 	-351.185 	1320.060 	0.357 	-0.053 	0.186 	
-760.199 	119.375 	-2953.291 	-0.106 	0.020 	-0.428 	
-1334.208 	-480.490 	-52.145 	-0.191 	-0.076 	-0.003 	
590.040 	2286.432 	1199.892 	0.082 	0.328 	0.175 	
-2603.074 	669.645 	-482.326 	-0.379 	0.093 	-0.072 	
1462.903 	-1446.058 	767.687 	0.207 	-0.203 	0.106 	
-526.074 	524.308 	-605.713 	-0.082 	0.072 	-0.087 	
2155.623 	-2292.949 	474.689 	0.311 	-0.331 	0.073 	
260.342 	-527.423 	808.064 	0.030 	-0.073 	0.114 	
2858.440 	-2329.749 	950.310 	0.419 	-0.333 	0.137 	
-1313.438 	266.098 	-183.277 	-0.182 	0.037 	-0.025 	
-2227.964 	295.399 	2406.185 	-0.323 	0.050 	0.344 	
2955.004 	1145.515 	-285.845 	0.427 	0.159 	-0.033 	
-1772.376 	2236.303 	-1367.027 	-0.251 	0.326 	-0.194 	
-1755.164 	2163.095 	-798.625 	-0.245 	0.312 	-0.116 	
2121.012 	-685.552 	-290.858 	0.301 	-0.090 	-0.040 	
-2303.048 	516.488 	2181.089 	-0.328 	0.077 	0.314 	
2434.483 	-1414.649 	-2862.754 	0.360 	-0.200 	-0.413 	
-2030.385 	-2754.501 	-1515.635 	-0.293 	-0.395 	-0.219 	
-588.879 	-317.345 	2135.711 	-0.079 	-0.047 	0.302 	
-172.495 	-1425.639 	-212.347 	-0.026 	-0.204 	-0.038 	
-219.061 	-389.696 	1081.649 	-0.024 	-0.057 	0.160 	
1741.330 	768.260 	680.602 	0.257 	0.113 	0.102 	
1090.303 	-2256.984 	9.439 	0.163 	-0.318 	0.005 	
1547.348 	-2556.063 	-2492.111 	0.219 	-0.370 	-0.360 	
-1669.899 	2513.166 	-725.377 	-0.240 	0.358 	-0.107 	
-2105.566 	2364.906 	644.197 	-0.298 	0.345 	0.092 	
1.078 	-230.342 	-781.125 	0.002 	-0.035 	-0.115 	
-162.389 	-2243.168 	1679.491 	-0.014 	-0.321 	0.241 	
757.471 	-893.384 	2556.000 	0.108 	-0.124 	0.373 	
2521.359 	2021.895 	-2646.148 	0.369 	0.298 	-0.384 	
53.303 	-1473.917 	-560.772 	0.006 	-0.212 	-0.074 	
2991.270 	2060.008 	-84.207 	0.440 	0.295 	-0.013 	
-1114.372 	1718.824 	-3065.932 	-0.154 	0.245 	-0.442 	
-96.397 	206.490 	-564.788 	-0.015 	0.023 	-0.084 	
-2309.204 	-575.233 	998.192 	-0.324 	-0.085 	0.146 	
1334.117 	-373.298 	10.407 	0.190 	-0.061 	0.000 	
-840.334 	-572.586 	2389.459 	-0.123 	-0.082 	0.335 	
-467.578 	151.402 	-2954.207 	-0.066 	0.026 	-0.426 	
2251.726 	937.023 	1049.288 	0.317 	0.136 	0.148 	
-2404.816 	-1513.899 	-3283.306 	-0.344 	-0.217 	-0.481 	
2681.447 	-551.534 	651.320 	0.383 	-0.075 	0.096 	
1671.619 	-2726.442 	409.379 	0.238 	-0.395 	0.064 	
1406.982 	2573.672 	-1729.907 	0.210 	0.367 	-0.247 	
2194.476 	688.157 	-1857.160 	0.313 	0.104 	-0.265 	
107.519 	-3051.569 	2618.158 	0.021 	-0.445 	0.376 	
1050.758 	-923.291 	901.462 	0.160 	-0.132 	0.128 	
108.823 	2883.151 	1321.073 	0.024 	0.415 	0.192 	
2366.123 	-1520.425 	-1801.494 	0.349 	-0.221 	-0.260 	
1177.800 	2684.019 	-126.665 	0.174 	0.387 	-0.012 	
1401.719 	785.850 	-859.775 	0.195 	0.114 	-0.122 	
2367.979 	2658.031 	-660.733 	0.338 	0.377 	-0.095 	
1315.057 	1421.510 	-885.827 	0.199 	0.204 	-0.126 	
977.989 	-764.391 	-382.000 	0.148 	-0.115 	-0.056 	
850.697 	-618.740 	946.688 	0.124 	-0.088 	0.126 	
-781.687 	-1957.484 	-1222.157 	-0.117 	-0.282 	-0.170 	
-2830.924 	-945.257 	2110.145 	-0.403 	-0.133 	0.303 	
-2417.088 	-2096.140 	-267.049 	-0.345 	-0.306 	-0.043 	
672.660 	2472.760 	1328.246 	0.095 	0.360 	0.190 	
-603.823 	-832.439 	1138.228 	-0.093 	-0.119 	0.164 	
1626.288 	-2729.916 	369.621 	0.242 	-0.393 	0.057 	
-2791.525 	-1141.080 	1752.511 	-0.422 	-0.163 	0.250 	
2029.002 	-2535.010 	-2661.179 	0.271 	-0.371 	-0.380 	
-2627.081 	-1080.582 	-2264.069 	-0.404 	-0.151 	-0.327 	
-893.457 	-2491.494 	1223.963 	-0.148 	-0.354 	0.183 	
1815.938 	1408.001 	-372.457 	0.232 	0.198 	-0.056 	
-1761.309 	-2396.583 	1447.181 	-0.284 	-0.347 	0.212 	
3120.695 	-2467.961 	-2540.728 	0.429 	-0.361 	-0.371 	
2176.124 	-1691.840 	1506.854 	0.289 	-0.244 	0.223 	
-988.169 	-1486.656 	-2503.806 	-0.173 	-0.210 	-0.359 	
1196.964 	1449.523 	-1986.901 	0.146 	0.208 	-0.290 	
2176.978 	897.903 	290.419 	0.291 	0.131 	0.036 	
407.478 	91.746 	664.445 	0.024 	0.008 	0.094 	
-2814.552 	2536.893 	2730.725 	-0.435 	0.365 	0.391 	
1019.687 	-2056.265 	1065.269 	0.114 	-0.297 	0.154 	
1016.623 	3083.264 	2756.055 	0.123 	0.447 	0.393 	
-176.257 	2367.349 	1730.953 	-0.045 	0.342 	0.244 	
1941.550 	-845.601 	1138.387 	0.260 	-0.118 	0.167 	
633.514 	-2878.348 	2716.444 	0.060 	-0.415 	0.392 	
-375.831 	2702.944 	970.358 	-0.077 	0.389 	0.146 	
1507.532 	-2724.071 	2456.595 	0.195 	-0.396 	0.351 	
460.944 	744.927 	1367.013 	0.039 	0.106 	0.198 	
-1173.240 	2767.936 	-2804.883 	-0.188 	0.397 	-0.404 	
750.356 	942.442 	60.383 	0.091 	0.137 	0.010 	
2050.235 	168.521 	-346.012 	0.265 	0.028 	-0.053 	
-3163.408 	1084.521 	-1590.702 	-0.488 	0.157 	-0.229 	
263.741 	2127.351 	1300.421 	0.009 	0.310 	0.191 	
263.005 	-974.763 	15.331 	0.015 	-0.144 	0.005 	
-313.164 	-2138.632 	-376.805 	-0.072 	-0.311 	-0.050 	
-2025.007 	-512.758 	-628.912 	-0.323 	-0.073 	-0.091 	
-886.722 	1324.228 	-2788.242 	-0.147 	0.189 	-0.400 	
525.986 	1016.155 	-475.871 	0.058 	0.144 	-0.063 	
-1112.747 	2745.336 	852.691 	-0.180 	0.399 	0.127 	
-1944.890 	1966.936 	-2533.493 	-0.312 	0.283 	-0.369 	
53.654 	2541.905 	2076.319 	-0.019 	0.368 	0.294 	
816.533 	-2805.366 	2436.566 	0.092 	-0.401 	0.352 	
763.397 	-2327.261 	319.870 	0.089 	-0.331 	0.050 	
383.170 	-462.253 	-2204.134 	0.027 	-0.064 	-0.316 	
-2285.130 	781.925 	2570.584 	-0.358 	0.107 	0.374 	
-3038.855 	1748.005 	20.398 	-0.466 	0.244 	0.005 	
2439.311 	89.994 	-1741.352 	0.329 	0.013 	-0.245 	
-1364.024 	-1110.413 	-1615.103 	-0.219 	-0.154 	-0.236 	
-2081.547 	-1470.681 	-883.706 	-0.318 	-0.205 	-0.127 	
1527.017 	-2615.307 	-1625.493 	0.189 	-0.375 	-0.235 	
-2096.511 	836.317 	-1767.757 	-0.325 	0.122 	-0.247 	
-1214.641 	-468.073 	-752.203 	-0.205 	-0.063 	-0.111 	
2466.462 	2963.899 	-1546.584 	0.334 	0.434 	-0.219 	
1123.431 	-1874.505 	-1648.806 	0.137 	-0.266 	-0.242 	
-1990.552 	2325.663 	-2561.266 	-0.312 	0.328 	-0.373 	
-808.858 	-1402.020 	-1146.719 	-0.132 	-0.202 	-0.165 	
-20.819 	-448.126 	825.619 	-0.035 	-0.067 	0.118 	
-18.371 	48.544 	115.962 	-0.029 	0.009 	0.015 	
1075.099 	3068.510 	-245.310 	0.138 	0.444 	-0.035 	
1114.502 	-1782.598 	-864.675 	0.144 	-0.256 	-0.122 	
1789.334 	1238.433 	1000.714 	0.231 	0.179 	0.144 	
-2387.809 	-354.176 	1609.463 	-0.369 	-0.044 	0.227 	
-791.504 	1937.759 	1745.308 	-0.136 	0.287 	0.256 	
-2041.734 	1237.792 	2151.083 	-0.327 	0.179 	0.308 	
-923.099 	-562.754 	-1178.661 	-0.153 	-0.076 	-0.165 	
-1903.062 	-1343.070 	-1043.939 	-0.292 	-0.199 	-0.150 	
-1952.045 	25.249 	267.447 	-0.304 	0.009 	0.035 	
-710.460 	-2444.934 	824.294 	-0.121 	-0.346 	0.122 	
752.582 	-344.078 	-87.779 	0.085 	-0.049 	-0.014 	
1533.955 	876.959 	1445.941 	0.204 	0.126 	0.202 	
-65.301 	-298.164 	-2558.640 	-0.040 	-0.040 	-0.366 	
-100.889 	-1352.655 	-1202.736 	-0.036 	-0.189 	-0.174 	
1291.532 	-199.437 	2497.061 	0.163 	-0.030 	0.359 	
294.505 	-775.572 	501.476 	0.012 	-0.113 	0.078 	
307.353 	-2426.929 	2665.365 	0.022 	-0.345 	0.386 	
883.924 	526.758 	1242.453 	0.103 	0.078 	0.178 	
161.153 	-2271.825 	-275.814 	-0.009 	-0.327 	-0.040 	
80.042 	-2250.729 	-1199.173 	-0.019 	-0.321 	-0.174 	
-2501.092 	-2202.131 	-180.465 	-0.385 	-0.311 	-0.025 	
-2545.829 	-1755.616 	-784.780 	-0.399 	-0.253 	-0.112 	
2464.729 	-2461.683 	-661.445 	0.337 	-0.357 	-0.100 	
-621.518 	-1149.261 	-1370.650 	-0.117 	-0.171 	-0.199 	
-688.974 	-424.573 	194.749 	-0.131 	-0.063 	0.029 	
-1006.481 	2150.658 	-1510.329 	-0.166 	0.313 	-0.220 	
-1270.475 	1018.078 	893.298 	-0.211 	0.151 	0.125 	
-598.983 	817.032 	-1435.820 	-0.117 	0.121 	-0.206 	
-2314.388 	-1760.376 	1179.051 	-0.353 	-0.250 	0.169 	
1307.686 	-1965.367 	-470.368 	0.169 	-0.281 	-0.063 	
2000.892 	559.883 	2100.554 	0.258 	0.083 	0.302 	
-2417.945 	1523.314 	1961.835 	-0.368 	0.219 	0.279 	
-1253.487 	703.256 	825.307 	-0.213 	0.101 	0.117 	
-1532.034 	-2127.427 	3041.202 	-0.242 	-0.300 	0.440 	
-1663.375 	-1594.622 	228.337 	-0.265 	-0.232 	0.039 	
-1819.152 	276.406 	-2112.802 	-0.284 	0.038 	-0.306 	
2332.715 	22.998 	-2231.771 	0.319 	0.001 	-0.319 	
425.841 	1003.997 	2496.511 	0.041 	0.148 	0.357 	
-1686.091 	1430.365 	1283.193 	-0.263 	0.203 	0.181 	
-945.726 	1464.927 	1944.499 	-0.153 	0.209 	0.280 	
-2595.180 	2218.264 	429.176 	-0.400 	0.327 	0.064 	
-770.736 	-990.622 	-1177.335 	-0.132 	-0.149 	-0.163 	
-1011.191 	-2203.183 	584.852 	-0.171 	-0.315 	0.091 	
2851.739 	2503.646 	-1871.579 	0.395 	0.364 	-0.270 	
155.663 	-1900.041 	-1846.303 	0.004 	-0.273 	-0.271 	
-1594.327 	-2552.354 	-2186.096 	-0.255 	-0.375 	-0.312 	
896.255 	3185.156 	-1270.772 	0.101 	0.462 	-0.188 	
696.875 	-1639.768 	2280.842 	0.071 	-0.239 	0.329 	
3002.911 	-259.396 	-1864.216 	0.414 	-0.040 	-0.270 	
831.550 	-407.286 	477.577 	0.090 	-0.059 	0.068 	
607.499 	2796.118 	-1501.193 	0.059 	0.404 	-0.218 	
-1946.374 	-1110.512 	-1108.330 	-0.302 	-0.153 	-0.158 	
-1147.342 	2530.494 	-637.400 	-0.191 	0.356 	-0.089 	
-1053.519 	-537.348 	-2333.164 	-0.173 	-0.077 	-0.335 	
1239.869 	-2710.521 	-1227.118 	0.158 	-0.394 	-0.173 	
1795.432 	-713.608 	-30.315 	0.231 	-0.097 	0.000 	
2727.133 	36.504 	1684.626 	0.374 	0.005 	0.243 	
1452.605 	2096.658 	-2863.133 	0.193 	0.302 	-0.415 	
-2283.098 	844.584 	1841.229 	-0.346 	0.122 	0.263 	
-352.624 	2.990 	788.101 	-0.069 	0.001 	0.116 	
-962.070 	2232.379 	1929.221 	-0.166 	0.323 	0.279 	
2974.918 	2451.817 	-548.845 	0.407 	0.355 	-0.081 	
-2573.679 	307.426 	1884.015 	-0.397 	0.038 	0.269 	
-2961.785 	741.253 	-2108.610 	-0.446 	0.109 	-0.305 	
-1960.375 	-1043.233 	-468.712 	-0.307 	-0.153 	-0.070 	
823.052 	888.292 	-1256.522 	0.088 	0.128 	-0.185 	
2096.452 	2838.530 	-1845.807 	0.280 	0.415 	-0.271 	
-2006.001 	1127.896 	-90.394 	-0.314 	0.157 	-0.015 	
383.515 	206.230 	566.269 	0.025 	0.025 	0.081 	
410.207 	-2236.467 	-1144.872 	0.027 	-0.322 	-0.166 	
-2311.171 	-339.978 	-1411.463 	-0.363 	-0.049 	-0.199 	
3023.476 	1922.993 	-1813.585 	0.419 	0.281 	-0.263 	
1973.991 	463.468 	1544.055 	0.263 	0.071 	0.216 	
690.259 	2502.328 	524.334 	0.073 	0.355 	0.074 	
845.801 	-697.512 	-1022.904 	0.092 	-0.103 	-0.141 	
2243.235 	2212.887 	-1933.381 	0.294 	0.321 	-0.279 	
2787.796 	680.514 	-838.432 	0.384 	0.099 	-0.120 	
-1805.587 	738.122 	-529.701 	-0.290 	0.100 	-0.072 	
-1255.344 	-2429.665 	-722.687 	-0.203 	-0.342 	-0.106 	
1406.461 	2997.556 	-2816.432 	0.177 	0.436 	-0.406 	
2572.335 	1071.204 	-719.844 	0.347 	0.159 	-0.103 	
-2064.016 	-1743.557 	-1692.755 	-0.325 	-0.252 	-0.239 	
-2747.190 	175.001 	1507.721 	-0.427 	0.027 	0.221 	
2861.204 	-1572.364 	2344.841 	0.395 	-0.226 	0.333 	
2149.686 	179.651 	1224.537 	0.278 	0.027 	0.177 	
645.373 	2182.084 	1721.832 	0.071 	0.319 	0.249 	
-2725.928 	2401.535 	-1928.172 	-0.423 	0.345 	-0.284 	
-2590.581 	236.132 	2727.887 	-0.390 	0.034 	0.394 	
2644.422 	-1972.271 	-1263.445 	0.357 	-0.291 	-0.184 	
-1312.059 	1148.202 	1193.315 	-0.222 	0.164 	0.174 	
1432.939 	1862.639 	755.114 	0.181 	0.267 	0.112 	
2123.907 	-371.366 	1065.968 	0.286 	-0.056 	0.155 	
1904.798 	904.261 	992.399 	0.246 	0.124 	0.138 	
-2123.753 	-589.816 	2554.808 	-0.326 	-0.085 	0.372 	
2809.852 	-2211.848 	1357.407 	0.384 	-0.317 	0.197 	
-705.151 	1947.568 	-2638.881 	-0.132 	0.280 	-0.381 	
-2439.660 	-2365.428 	3891.469 	-0.414 	-0.366 	0.615 	
471.442 	1541.604 	67.163 	0.048 	0.220 	0.009 	
690.652 	28.790 	390.701 	0.079 	0.006 	0.061 	
1089.258 	2206.478 	2700.398 	0.138 	0.324 	0.389 	
-2168.910 	350.548 	-197.873 	-0.340 	0.057 	-0.027 	
-2804.596 	846.747 	-2555.033 	-0.428 	0.124 	-0.365 	
1070.003 	1402.953 	423.919 	0.135 	0.202 	0.061 	
-824.402 	-1992.415 	719.413 	-0.146 	-0.290 	0.102 	
1509.534 	-527.399 	-1121.672 	0.201 	-0.078 	-0.160 	
-702.289 	-380.426 	1957.847 	-0.126 	-0.059 	0.277 	
-2337.760 	2083.818 	2779.638 	-0.359 	0.304 	0.406 	
1760.760 	-1426.572 	225.626 	0.232 	-0.204 	0.039 	
-2108.658 	-1313.432 	-713.167 	-0.333 	-0.187 	-0.103 	
209.584 	2179.661 	1202.915 	0.003 	0.312 	0.174 	
-975.822 	-725.597 	-2623.341 	-0.157 	-0.105 	-0.375 	
-1905.171 	138.318 	-2206.113 	-0.306 	0.024 	-0.316 	
148.082 	1537.182 	179.919 	0.001 	0.224 	0.025 	
-1642.381 	-1378.929 	109.725 	-0.265 	-0.193 	0.022 	
-2441.300 	-2624.843 	2847.462 	-0.379 	-0.378 	0.417 	
662.377 	-18.320 	948.326 	0.074 	-0.004 	0.137 	
2796.128 	1203.200 	-1034.337 	0.376 	0.171 	-0.147 	
2879.438 	-1971.281 	2022.244 	0.394 	-0.287 	0.293 	
-2930.670 	-1458.446 	-27.924 	-0.446 	-0.205 	-0.006 	
-1145.786 	445.607 	-2120.909 	-0.195 	0.065 	-0.300 	
88.351 	-197.397 	1334.218 	-0.017 	-0.025 	0.195 	
2113.121 	-922.819 	-488.059 	0.271 	-0.136 	-0.070 	
364.835 	-48.266 	-1792.231 	0.032 	-0.007 	-0.259 	
3046.458 	-2490.956 	-3220.838 	0.418 	-0.358 	-0.471 	
-251.352 	-1637.707 	-620.997 	-0.058 	-0.228 	-0.095 	
-1415.826 	2293.773 	2475.890 	-0.225 	0.330 	0.355 	
1946.883 	334.014 	-2185.832 	0.251 	0.048 	-0.316 	
-943.215 	2255.669 	1304.825 	-0.165 	0.325 	0.185 	
-2022.844 	-670.220 	-1151.937 	-0.320 	-0.094 	-0.172 	
118.567 	72.204 	648.337 	-0.012 	0.007 	0.086 	
-1020.860 	-1249.958 	1615.581 	-0.175 	-0.177 	0.233 	
-201.203 	1599.873 	596.860 	-0.054 	0.223 	0.089 	
624.265 	-450.434 	-1713.570 	0.059 	-0.068 	-0.243 	
-1086.052 	-919.388 	2211.461 	-0.180 	-0.125 	0.319 	
2768.642 	-941.821 	-2868.553 	0.377 	-0.141 	-0.412 	
2735.981 	-96.719 	-2429.678 	0.375 	-0.015 	-0.356 	
1313.876 	79.655 	2669.141 	0.158 	0.013 	0.383 	
-625.139 	-1553.573 	-1213.977 	-0.113 	-0.222 	-0.166 	
1003.572 	-2893.438 	2560.114 	0.121 	-0.409 	0.368 	
-2184.353 	-1129.138 	2533.815 	-0.333 	-0.163 	0.363 	
-1299.391 	-306.881 	-2332.775 	-0.212 	-0.041 	-0.333 	
-215.914 	2363.588 	182.607 	-0.061 	0.343 	0.031 	
1065.866 	1155.481 	-2431.874 	0.130 	0.164 	-0.349 	
1610.594 	1779.491 	-2346.008 	0.211 	0.261 	-0.339 	
-2911.881 	393.220 	1668.483 	-0.442 	0.058 	0.240 	
-1828.204 	-424.181 	2162.641 	-0.288 	-0.069 	0.309 	
-77.906 	1773.012 	1366.470 	-0.042 	0.255 	0.201 	
-331.743 	2746.203 	2507.419 	-0.065 	0.395 	0.362 	
-1838.069 	-892.945 	2639.390 	-0.294 	-0.130 	0.378 	
1604.979 	1561.429 	-797.413 	0.202 	0.224 	-0.111 	
-135.176 	-692.929 	820.782 	-0.051 	-0.094 	0.117 	
-1866.209 	2556.270 	-2340.940 	-0.294 	0.373 	-0.335 	
2459.366 	2074.282 	293.244 	0.338 	0.300 	0.043 	
2088.612 	2494.390 	901.644 	0.285 	0.359 	0.132 	
-2563.285 	-2576.040 	-1338.020 	-0.400 	-0.375 	-0.193 	
2643.189 	-1659.475 	1665.005 	0.350 	-0.244 	0.241 	
-872.428 	-440.777 	407.957 	-0.141 	-0.064 	0.057 	
-2240.784 	626.008 	1147.869 	-0.354 	0.091 	0.163 	
-2547.227 	-940.388 	255.554 	-0.399 	-0.135 	0.038 	
2795.864 	1531.752 	2362.540 	0.382 	0.219 	0.336 	
2909.113 	-956.052 	-204.040 	0.395 	-0.137 	-0.033 	
691.607 	-2353.511 	-808.045 	0.083 	-0.337 	-0.116 	
-1547.324 	1240.665 	-838.937 	-0.241 	0.176 	-0.123 	
-381.212 	-2223.848 	-2492.165 	-0.087 	-0.321 	-0.360 	
-3118.299 	-1051.297 	2393.077 	-0.477 	-0.156 	0.340 	
-2177.335 	517.743 	1534.970 	-0.345 	0.074 	0.218 	
620.547 	-2151.232 	1287.132 	0.059 	-0.311 	0.189 	
-161.788 	-1508.710 	253.106 	-0.046 	-0.211 	0.039 	
-320.370 	-292.567 	-918.149 	-0.063 	-0.041 	-0.130 	
334.266 	-1157.785 	692.286 	0.016 	-0.161 	0.099 	
-1969.251 	-1378.178 	107.387 	-0.305 	-0.200 	0.022 	
-2727.831 	1201.487 	-431.769 	-0.426 	0.174 	-0.059 	
-2120.603 	-2044.228 	-1738.708 	-0.330 	-0.298 	-0.250 	
2860.983 	-2637.728 	735.872 	0.394 	-0.384 	0.107 	
-1130.301 	2541.693 	861.207 	-0.190 	0.362 	0.130 	
-2067.013 	-840.095 	-108.296 	-0.316 	-0.128 	-0.014 	
2797.327 	-917.069 	2685.296 	0.380 	-0.135 	0.391 	
526.113 	325.229 	1970.878 	0.055 	0.043 	0.287 	
865.677 	-553.376 	-1930.882 	0.097 	-0.083 	-0.273 	
-649.004 	1368.249 	65.756 	-0.121 	0.198 	0.008 	
3100.542 	2724.634 	1615.998 	0.421 	0.395 	0.230 	
-2030.552 	-1094.000 	3660.245 	-0.324 	-0.162 	0.539 	
-2256.617 	592.414 	-1828.299 	-0.344 	0.083 	-0.264 	
-1267.295 	-308.682 	956.798 	-0.210 	-0.040 	0.136 	
2848.093 	-1307.355 	-2283.541 	0.382 	-0.188 	-0.328 	
-1616.443 	1117.298 	293.168 	-0.256 	0.159 	0.041 	
-779.132 	1716.762 	152.086 	-0.139 	0.240 	0.022 	
684.844 	409.404 	2478.425 	0.078 	0.066 	0.354 	
-808.258 	-1374.102 	896.872 	-0.136 	-0.200 	0.130 	
-1537.850 	1593.148 	1236.621 	-0.241 	0.225 	0.182 	
1223.789 	1008.750 	772.901 	0.152 	0.142 	0.120 	
-341.962 	-158.019 	1013.486 	-0.079 	-0.020 	0.148 	
2514.528 	-1771.876 	2039.492 	0.334 	-0.253 	0.298 	
762.376 	2419.616 	-105.678 	0.090 	0.350 	-0.012 	
-1533.283 	1191.244 	1546.669 	-0.243 	0.176 	0.220 	
-2691.867 	-793.267 	-2326.203 	-0.410 	-0.110 	-0.336 	
2654.203 	1326.917 	1764.530 	0.356 	0.199 	0.252 	
1634.164 	-1879.850 	-965.422 	0.218 	-0.269 	-0.140 	
-1221.389 	-219.879 	1709.376 	-0.202 	-0.028 	0.238 	
-160.268 	-1228.937 	2737.354 	-0.052 	-0.182 	0.387 	
-381.941 	-2265.738 	2428.046 	-0.080 	-0.332 	0.339 	
-2684.554 	1846.012 	-1946.797 	-0.408 	0.262 	-0.283 	
2072.887 	-547.550 	-377.732 	0.280 	-0.081 	-0.051 	
943.823 	1290.565 	1400.064 	0.113 	0.192 	0.206 	
-691.963 	-1032.133 	-1496.890 	-0.124 	-0.155 	-0.210 	
-1082.361 	-566.266 	791.904 	-0.187 	-0.080 	0.115 	
-2102.754 	290.320 	421.092 	-0.318 	0.041 	0.062 	
1817.041 	-334.622 	-285.021 	0.234 	-0.052 	-0.040 	
1473.095 	-1240.512 	1625.205 	0.196 	-0.177 	0.237 	
-686.105 	-1233.394 	1854.523 	-0.130 	-0.181 	0.265 	
-2874.398 	11.906 	2043.696 	-0.440 	0.002 	0.294 	
-1591.095 	456.699 	645.472 	-0.260 	0.067 	0.094 	
2592.815 	-1909.761 	-70.837 	0.345 	-0.281 	-0.012 	
-491.030 	588.007 	-1481.450 	-0.098 	0.079 	-0.208 	
-842.236 	1028.866 	2599.106 	-0.140 	0.144 	0.375 	
2093.439 	-1786.121 	-586.101 	0.279 	-0.256 	-0.082 	
2851.435 	-345.477 	-1330.763 	0.391 	-0.052 	-0.187 	
2457.917 	2386.683 	3084.760 	0.328 	0.343 	0.446 	
2175.548 	-2877.777 	-1490.370 	0.290 	-0.413 	-0.209 	
2419.258 	835.262 	879.187 	0.329 	0.119 	0.124 	
3015.349 	-1631.896 	936.463 	0.418 	-0.235 	0.136 	
372.364 	-2170.443 	1667.561 	0.031 	-0.306 	0.242 	
848.164 	273.165 	-2087.764 	0.105 	0.039 	-0.301 	
2607.577 	1874.491 	1364.001 	0.346 	0.272 	0.201 	
-828.906 	-551.121 	26.161 	-0.150 	-0.080 	0.007 	
-1941.369 	136.556 	-2008.207 	-0.306 	0.015 	-0.295 	
380.767 	1354.515 	974.083 	0.026 	0.197 	0.147 	
-1897.775 	131.759 	1974.515 	-0.298 	0.027 	0.283 	
-1020.911 	-978.496 	2548.283 	-0.174 	-0.149 	0.363 	
-2787.634 	1382.987 	768.251 	-0.431 	0.202 	0.112 	
-2836.036 	1370.489 	2343.576 	-0.426 	0.196 	0.340 	
-940.560 	-390.053 	2032.862 	-0.161 	-0.052 	0.288 	
2846.838 	-1942.017 	-2316.329 	0.382 	-0.280 	-0.340 	
345.446 	-2823.796 	2839.873 	0.019 	-0.409 	0.409 	
-1455.513 	1492.423 	527.637 	-0.231 	0.215 	0.075 	
-2591.309 	1021.164 	2135.474 	-0.391 	0.146 	0.310 	
-2014.031 	-20.347 	1666.836 	-0.306 	-0.000 	0.240 	
120.852 	1305.761 	1710.838 	-0.014 	0.183 	0.247 	
620.716 	-855.622 	-288.229 	0.072 	-0.122 	-0.040 	
648.396 	379.211 	413.552 	0.066 	0.047 	0.059 	
-857.432 	-2103.523 	985.910 	-0.142 	-0.307 	0.140 	
825.407 	-539.639 	883.839 	0.095 	-0.079 	0.123 	
1957.450 	768.216 	1546.484 	0.264 	0.112 	0.217 	
1187.181 	298.397 	-1630.603 	0.143 	0.043 	-0.234 	
584.138 	159.980 	-863.128 	0.058 	0.025 	-0.125 	
-2983.506 	-2123.619 	2908.811 	-0.459 	-0.308 	0.424 	
-1851.181 	2611.040 	1696.374 	-0.293 	0.373 	0.249 	
-1047.688 	-2456.519 	2051.223 	-0.173 	-0.351 	0.294 	
-513.367 	-603.193 	1926.014 	-0.099 	-0.093 	0.271 	
-796.851 	-513.699 	-663.826 	-0.147 	-0.076 	-0.099 	
3149.832 	1030.447 	2841.106 	0.435 	0.151 	0.409 	
-684.648 	-2515.286 	-2495.469 	-0.116 	-0.362 	-0.361 	
1244.150 	2935.873 	-394.073 	0.156 	0.428 	-0.060 	
857.922 	3010.390 	-2803.431 	0.105 	0.437 	-0.401 	
-412.496 	1970.793 	1120.187 	-0.082 	0.286 	0.162 	
-1064.315 	1830.068 	-282.549 	-0.178 	0.262 	-0.047 	
394.593 	1146.097 	-3200.803 	0.033 	0.162 	-0.468 	
-1160.999 	362.258 	-826.740 	-0.186 	0.054 	-0.116 	
-8.341 	228.374 	-1825.570 	-0.022 	0.032 	-0.267 	
2200.751 	1728.058 	-820.709 	0.301 	0.248 	-0.118 	
-2686.355 	1818.357 	-1828.141 	-0.414 	0.265 	-0.271 	
2663.811 	2616.336 	1632.025 	0.369 	0.376 	0.236 	
-1965.204 	1789.663 	1886.863 	-0.311 	0.256 	0.278 	
938.280 	961.630 	2060.495 	0.105 	0.133 	0.296 	
-3057.828 	1831.379 	-1622.069 	-0.470 	0.268 	-0.236 	
-1651.856 	2588.541 	-923.672 	-0.258 	0.371 	-0.128 	
-1715.165 	1163.030 	877.979 	-0.265 	0.165 	0.132 	
-293.226 	-943.360 	1399.786 	-0.077 	-0.135 	0.193 	
-5.623 	-1134.623 	-2469.122 	-0.025 	-0.156 	-0.355 	
-2739.928 	-835.097 	-1402.647 	-0.413 	-0.122 	-0.206 	
1893.696 	308.007 	-399.937 	0.251 	0.046 	-0.049 	
2093.884 	-38.053 	-277.732 	0.275 	-0.009 	-0.032 	
-1180.094 	-531.213 	2463.848 	-0.198 	-0.079 	0.351 	
2495.523 	-1699.977 	-1640.101 	0.338 	-0.240 	-0.241 	
955.593 	-330.231 	1384.975 	0.110 	-0.045 	0.198 	
2998.143 	-2646.854 	-1614.837 	0.414 	-0.378 	-0.237 	
921.406 	-1952.147 	276.976 	0.109 	-0.280 	0.035 	
-757.373 	-2497.759 	146.102 	-0.135 	-0.360 	0.021 	
810.742 	2396.694 	-342.004 	0.098 	0.338 	-0.048 	
1657.968 	-476.289 	-537.704 	0.212 	-0.062 	-0.075 	
-1078.320 	-393.807 	125.359 	-0.175 	-0.061 	0.021 	
-386.270 	1822.861 	-454.440 	-0.087 	0.265 	-0.065 	
1654.065 	-2163.802 	-2792.662 	0.220 	-0.315 	-0.408 	
-2343.869 	2011.863 	727.607 	-0.366 	0.290 	0.113 	
-515.543 	-1259.194 	1869.542 	-0.104 	-0.177 	0.262 	
1231.416 	1593.189 	-89.219 	0.145 	0.230 	-0.015 	
1920.948 	2547.079 	-2270.396 	0.251 	0.371 	-0.325 	
-2519.628 	439.635 	52.069 	-0.389 	0.057 	0.012 	
1904.192 	1473.616 	451.414 	0.249 	0.207 	0.070 	
-2983.609 	2785.869 	2870.334 	-0.459 	0.398 	0.417 	
469.526 	475.883 	1058.431 	0.048 	0.068 	0.147 	
1564.889 	-727.902 	-288.613 	0.197 	-0.108 	-0.038 	
2476.060 	1500.872 	2226.986 	0.328 	0.217 	0.320 	
-412.242 	-366.723 	-323.428 	-0.089 	-0.057 	-0.039 	
2560.326 	-2154.319 	-2152.963 	0.350 	-0.310 	-0.313 	
2073.257 	-70.753 	-1083.166 	0.275 	-0.009 	-0.158 	
-2494.788 	-2448.486 	-369.327 	-0.385 	-0.352 	-0.046 	
-2223.096 	2548.303 	2588.045 	-0.348 	0.375 	0.369 	
1674.040 	-3075.288 	1923.115 	0.217 	-0.451 	0.277 	
1843.288 	-1918.906 	-311.315 	0.240 	-0.275 	-0.039 	
2986.290 	-2635.796 	2603.363 	0.414 	-0.380 	0.374 	
-1208.058 	-503.594 	-1095.132 	-0.197 	-0.070 	-0.155 	
3219.532 	2602.389 	1670.641 	0.448 	0.379 	0.237 	
1505.689 	1298.446 	-1215.405 	0.185 	0.186 	-0.177 	
38.053 	2251.139 	-820.657 	-0.016 	0.328 	-0.115 	
-3091.003 	577.123 	-1121.390 	-0.475 	0.083 	-0.157 	
-3450.855 	2586.492 	4259.935 	-0.521 	0.378 	0.616 	
1054.786 	-547.033 	2298.680 	0.135 	-0.078 	0.328 	
-1461.250 	-610.293 	-803.963 	-0.241 	-0.086 	-0.113 	
-2774.604 	1100.434 	2240.627 	-0.417 	0.160 	0.321 	
-1306.895 	1374.433 	-1562.079 	-0.211 	0.198 	-0.232 	
-59.046 	333.795 	-511.922 	-0.026 	0.044 	-0.074 	
-2574.163 	-390.374 	-1327.464 	-0.400 	-0.054 	-0.191 	
71.538 	-813.346 	-444.646 	-0.015 	-0.122 	-0.066 	
2978.589 	-342.027 	-205.903 	0.406 	-0.049 	-0.035 	
-589.463 	761.436 	514.601 	-0.114 	0.107 	0.082 	
1221.108 	-2183.581 	-270.222 	0.144 	-0.313 	-0.042 	
1952.878 	-2554.365 	-1193.818 	0.260 	-0.366 	-0.178 	
-1543.525 	-1715.137 	1145.013 	-0.241 	-0.248 	0.164 	
-582.979 	1725.419 	2222.981 	-0.109 	0.244 	0.318 	
1511.693 	2849.218 	1899.386 	0.194 	0.418 	0.274 	
-3104.278 	1465.258 	-337.624 	-0.473 	0.217 	-0.051 	
-294.782 	66.441 	-1976.905 	-0.069 	0.005 	-0.282 	
-1386.801 	981.934 	-2634.492 	-0.222 	0.136 	-0.376 	
-2555.702 	-793.142 	374.885 	-0.397 	-0.119 	0.054 	
1269.236 	1038.668 	1011.112 	0.159 	0.151 	0.139 	
608.895 	-587.687 	-2183.936 	0.058 	-0.087 	-0.312 	
523.264 	2071.463 	1049.829 	0.053 	0.296 	0.150 	
76.289 	797.073 	1492.939 	-0.015 	0.119 	0.212 	
-1225.185 	-1822.469 	1911.119 	-0.200 	-0.260 	0.278 	
-15.256 	-349.511 	-979.744 	-0.030 	-0.051 	-0.137 	
-756.408 	2726.771 	1697.291 	-0.139 	0.387 	0.248 	
-1554.153 	631.117 	-190.025 	-0.244 	0.087 	-0.021 	
-2551.142 	-1529.185 	252.951 	-0.399 	-0.218 	0.036 	
1967.741 	-1074.832 	-2956.080 	0.263 	-0.154 	-0.429 	
-2443.752 	3283.137 	-1426.915 	-0.381 	0.481 	-0.204 	
-1150.654 	1294.840 	-2703.019 	-0.183 	0.188 	-0.389 	
2034.449 	-1282.519 	-449.128 	0.267 	-0.179 	-0.062 	
278.625 	573.685 	-491.299 	0.012 	0.086 	-0.071 	
-802.279 	2373.345 	-1147.441 	-0.144 	0.342 	-0.164 	
-663.801 	331.377 	1921.098 	-0.123 	0.052 	0.272 	
-2163.927 	-2112.397 	2573.257 	-0.343 	-0.301 	0.371 	
1357.874 	1962.905 	1819.221 	0.175 	0.276 	0.262 	
345.377 	1812.983 	2410.317 	0.030 	0.260 	0.350 	
993.309 	1273.190 	-1561.554 	0.115 	0.176 	-0.225 	
1774.071 	1514.139 	-2584.847 	0.233 	0.218 	-0.376 	
213.394 	-1119.233 	-2221.797 	0.005 	-0.168 	-0.319 	
-2162.893 	1458.075 	-998.319 	-0.343 	0.206 	-0.141 	
1401.991 	118.599 	-13.690 	0.180 	0.018 	0.001 	
-2359.909 	2332.582 	163.972 	-0.368 	0.338 	0.015 	
-1143.794 	-2186.591 	-944.916 	-0.189 	-0.313 	-0.139 	
543.351 	-1417.362 	-2236.149 	0.046 	-0.206 	-0.322 	
-595.375 	-740.102 	1776.229 	-0.117 	-0.105 	0.257 	
-198.240 	-2644.288 	1204.075 	-0.051 	-0.382 	0.177 	
1862.055 	1369.752 	-1962.646 	0.251 	0.196 	-0.283 	
234.823 	1633.178 	-1543.524 	0.010 	0.239 	-0.228 	
1.305 	2017.705 	-1711.270 	-0.030 	0.289 	-0.244 	
-1522.285 	2032.877 	-1181.144 	-0.238 	0.295 	-0.170 	
-3001.088 	-1099.684 	352.054 	-0.459 	-0.162 	0.056 	
-1820.311 	-838.010 	-1535.149 	-0.278 	-0.123 	-0.220 	
3153.599 	-1826.130 	2683.143 	0.432 	-0.263 	0.383 	
-2856.437 	1319.019 	-475.734 	-0.439 	0.194 	-0.067 	
-344.009 	-973.170 	1413.857 	-0.076 	-0.134 	0.214 	
-796.501 	-987.100 	-2015.610 	-0.134 	-0.143 	-0.284 	
-1257.395 	-2691.918 	2489.735 	-0.208 	-0.387 	0.357 	
-320.605 	-991.845 	1417.659 	-0.079 	-0.139 	0.198 	
205.003 	-2658.704 	607.346 	0.009 	-0.386 	0.088 	
-893.459 	-401.462 	177.757 	-0.161 	-0.062 	0.027 	
-1015.669 	-924.415 	-989.106 	-0.173 	-0.136 	-0.138 	
-690.661 	-1121.250 	1433.784 	-0.092 	-0.137 	0.163 	
1048.657 	-2422.054 	1493.427 	0.130 	-0.354 	0.214 	
-1689.367 	-492.134 	1510.090 	-0.261 	-0.075 	0.217 	
2687.091 	1411.068 	-2256.852 	0.371 	0.205 	-0.327 	
-443.981 	1516.528 	2644.143 	-0.090 	0.214 	0.376 	
928.650 	2247.969 	1785.733 	0.116 	0.322 	0.256 	
1771.356 	1929.036 	1204.638 	0.238 	0.280 	0.174 	
1434.271 	-1630.138 	554.730 	0.182 	-0.229 	0.082 	
-1155.636 	-454.993 	-1893.470 	-0.195 	-0.061 	-0.266 	
-1658.274 	1757.186 	1027.434 	-0.257 	0.252 	0.152 	
302.854 	-1041.336 	1736.683 	0.013 	-0.151 	0.250 	
881.406 	-1997.881 	1447.648 	0.102 	-0.295 	0.210 	
-873.902 	-1944.287 	180.230 	-0.155 	-0.271 	0.026 	
344.133 	-1736.721 	-356.407 	0.020 	-0.251 	-0.056 	
-228.251 	-1749.405 	-790.538 	-0.065 	-0.248 	-0.112 	
2326.756 	-404.831 	-2305.072 	0.312 	-0.058 	-0.331 	
1175.912 	610.906 	2735.892 	0.138 	0.090 	0.395 	
-2044.770 	1303.485 	1781.866 	-0.318 	0.189 	0.261 	
2964.422 	-1616.562 	2722.478 	0.410 	-0.231 	0.398 	
-1923.072 	970.923 	427.264 	-0.296 	0.141 	0.058 	
182.394 	444.749 	2435.191 	0.002 	0.070 	0.347 	
-3019.238 	1342.262 	1844.472 	-0.461 	0.201 	0.266 	
-1072.559 	-1843.939 	539.938 	-0.182 	-0.271 	0.078 	
1423.665 	-285.074 	-1551.696 	0.185 	-0.037 	-0.226 	
-1048.729 	-2607.334 	2997.369 	-0.176 	-0.377 	0.439 	
-2374.693 	2323.759 	169.044 	-0.377 	0.332 	0.033 	
555.641 	-2771.691 	-2541.997 	0.055 	-0.396 	-0.365 	
-3003.248 	-724.619 	-2723.034 	-0.451 	-0.106 	-0.392 	
-1433.982 	3.582 	-1714.388 	-0.238 	-0.001 	-0.246 	
12.545 	153.075 	-263.459 	-0.019 	0.019 	-0.038 	
-3012.428 	-742.043 	2857.428 	-0.461 	-0.113 	0.414 	
-1009.920 	-117.143 	-181.747 	-0.168 	-0.023 	-0.017 	
2627.238 	-1455.396 	1691.304 	0.357 	-0.215 	0.250 	
-2711.603 	-2123.200 	-2209.164 	-0.419 	-0.304 	-0.315 	
-2560.239 	765.872 	-22.675 	-0.384 	0.108 	-0.003 	
505.523 	920.226 	-2713.622 	0.053 	0.137 	-0.393 	
-1883.729 	678.624 	1285.157 	-0.290 	0.091 	0.188 	
2786.001 	-2692.708 	1951.799 	0.373 	-0.393 	0.283 	
-867.080 	1628.703 	-1888.461 	-0.143 	0.230 	-0.273 	
-3022.129 	235.421 	1556.612 	-0.459 	0.033 	0.227 	
1173.016 	-2159.472 	2413.401 	0.142 	-0.311 	0.352 	
-2963.356 	2011.073 	-272.286 	-0.451 	0.290 	-0.043 	
-2780.894 	1200.792 	968.979 	-0.419 	0.169 	0.146 	
457.249 	-2075.292 	564.590 	0.047 	-0.302 	0.081 	
-1053.481 	-2125.624 	1304.497 	-0.175 	-0.312 	0.192 	
613.274 	-1540.250 	-2545.282 	0.071 	-0.226 	-0.363 	
-2379.012 	-1430.589 	1272.410 	-0.365 	-0.202 	0.183 	
-2962.236 	-1116.923 	-1426.463 	-0.457 	-0.163 	-0.209 	
1600.947 	-2628.489 	-2461.403 	0.209 	-0.385 	-0.353 	
-2686.504 	-1792.445 	-2116.222 	-0.413 	-0.260 	-0.312 	
680.633 	-843.231 	-190.408 	0.073 	-0.120 	-0.026 	
1384.518 	2557.112 	1299.162 	0.173 	0.370 	0.183 	
2329.224 	659.410 	1571.236 	0.307 	0.093 	0.230 	
1237.495 	-1490.346 	-1740.939 	0.157 	-0.221 	-0.246 	
2951.868 	-2595.680 	2232.974 	0.399 	-0.375 	0.327 	
-2749.027 	-1277.658 	-487.295 	-0.423 	-0.184 	-0.072 	
-1644.673 	2638.510 	1273.230 	-0.267 	0.378 	0.189 	
-903.708 	1645.596 	2395.240 	-0.157 	0.231 	0.348 	
1616.663 	462.245 	2133.485 	0.209 	0.068 	0.308 	
-451.684 	-2234.293 	2389.216 	-0.092 	-0.317 	0.343 	
-2243.746 	1507.556 	1044.671 	-0.345 	0.221 	0.149 	
1787.778 	2266.811 	209.676 	0.236 	0.330 	0.033 	
-1550.619 	-1114.048 	-1130.082 	-0.242 	-0.165 	-0.163 	
-339.323 	-1832.670 	2335.161 	-0.075 	-0.271 	0.332 	
2189.865 	364.606 	379.734 	0.290 	0.049 	0.062 	
-2761.436 	-2806.548 	1792.218 	-0.418 	-0.408 	0.257 	
-1036.581 	-932.722 	-761.989 	-0.168 	-0.127 	-0.112 	
2090.738 	-2169.087 	612.569 	0.277 	-0.309 	0.093 	
-363.454 	1440.480 	764.761 	-0.081 	0.200 	0.108 	
-664.858 	-1172.962 	-287.325 	-0.124 	-0.163 	-0.044 	
1402.814 	152.274 	-1534.093 	0.176 	0.023 	-0.215 	
-2409.660 	2460.749 	1706.084 	-0.376 	0.358 	0.240 	
2785.307 	-2398.299 	326.294 	0.382 	-0.348 	0.052 	
2399.530 	-99.061 	1846.232 	0.327 	-0.015 	0.268 	
622.655 	2410.828 	-35.086 	0.061 	0.353 	-0.007 	
418.505 	665.415 	1535.141 	0.043 	0.091 	0.217 	
-3045.818 	1907.318 	2495.520 	-0.469 	0.272 	0.361 	
-2267.162 	-764.896 	1025.605 	-0.344 	-0.115 	0.149 	
2424.583 	476.387 	-644.991 	0.319 	0.067 	-0.095 	
-1597.681 	-523.019 	-2256.930 	-0.247 	-0.075 	-0.323 	
