## Las primeras 500 lineas corresponden a la esfera 1 
##las siguienets 500 lineas a la esfera 2
## Las primeras tres columnas corresponden a la posición en 'x', 'y' y 'z', las siguientes tres a las velocidades
-88.804 	-160.982 	78.695 	0.091 	0.064 	0.030 	
-3.563 	-47.905 	20.201 	0.004 	0.063 	-0.039 	
44.343 	-94.733 	65.935 	0.077 	0.071 	-0.040 	
-2262.751 	2702.216 	-445.063 	-0.336 	0.400 	-0.072 	
161.148 	-69.095 	103.516 	-0.033 	0.071 	0.015 	
-11.387 	245.637 	53.017 	-0.103 	0.212 	0.006 	
79.981 	99.226 	40.290 	0.030 	0.023 	0.026 	
67.692 	-9.531 	18.555 	-0.085 	-0.045 	-0.050 	
-24.753 	-97.339 	51.628 	0.101 	0.015 	0.055 	
97.751 	-85.776 	51.049 	-0.048 	0.017 	-0.046 	
-460.604 	2463.534 	-1324.072 	-0.072 	0.378 	-0.203 	
23.157 	-35.290 	83.894 	0.006 	0.033 	-0.046 	
1741.304 	-2307.739 	1640.042 	0.265 	-0.349 	0.250 	
40.741 	21.324 	48.193 	0.026 	-0.104 	0.006 	
5.109 	-55.266 	70.454 	-0.125 	-0.059 	0.116 	
31.399 	-84.098 	74.440 	-0.243 	-0.083 	0.097 	
100.181 	-142.902 	129.521 	-0.046 	-0.031 	0.002 	
-147.179 	64.774 	19.910 	-0.033 	-0.035 	-0.088 	
25.222 	-51.500 	78.180 	-0.104 	-0.048 	-0.003 	
39.265 	-85.089 	55.005 	-0.155 	0.269 	0.139 	
6.990 	-139.519 	117.605 	-0.118 	0.050 	0.080 	
73.226 	-184.435 	-8.455 	-0.080 	-0.109 	-0.028 	
-4.725 	-110.246 	85.281 	-0.007 	0.066 	-0.053 	
147.034 	-49.249 	41.090 	-0.076 	0.044 	-0.055 	
68.712 	-64.196 	53.196 	0.031 	0.013 	0.051 	
-172.569 	-155.557 	136.163 	-0.009 	0.000 	-0.006 	
4.283 	-77.208 	47.086 	-0.109 	0.098 	0.054 	
47.885 	-94.316 	44.331 	0.063 	-0.020 	-0.003 	
-153.822 	-55.184 	140.007 	0.098 	-0.004 	0.062 	
5.682 	-71.330 	17.686 	-0.119 	-0.100 	0.181 	
-176.561 	23.949 	63.430 	0.049 	-0.090 	0.018 	
-31.925 	-57.423 	113.557 	-0.035 	-0.031 	-0.074 	
-21.780 	-125.271 	31.219 	-0.060 	-0.020 	-0.048 	
25.067 	-58.362 	58.196 	-0.076 	-0.073 	0.137 	
-1.969 	-59.213 	91.464 	0.073 	-0.171 	-0.046 	
-73.889 	-53.660 	86.075 	-0.073 	-0.058 	0.058 	
-55.413 	-77.444 	29.149 	0.059 	0.178 	-0.112 	
107.767 	-37.141 	14.938 	-0.064 	-0.064 	0.047 	
46.056 	-68.766 	51.430 	0.283 	0.022 	-0.031 	
20.381 	-79.302 	69.465 	-0.026 	-0.066 	-0.051 	
6.030 	-91.150 	70.413 	0.039 	-0.137 	-0.042 	
-10.659 	-56.347 	57.067 	0.045 	-0.041 	0.039 	
67.081 	-40.359 	48.467 	0.115 	-0.024 	-0.054 	
125.345 	-59.853 	75.697 	-0.094 	-0.059 	-0.064 	
-57.315 	-15.407 	79.084 	-0.001 	-0.146 	0.021 	
-3.078 	-86.796 	104.621 	0.019 	-0.022 	-0.087 	
147.937 	-36.595 	-28.727 	0.071 	-0.029 	-0.080 	
-8.998 	-62.587 	61.273 	-0.011 	-0.071 	-0.074 	
-54.442 	47.272 	27.863 	-0.105 	-0.053 	-0.029 	
22.943 	-63.796 	96.578 	0.049 	0.039 	0.020 	
117.232 	139.563 	178.262 	-0.047 	-0.054 	-0.038 	
-47.951 	-99.097 	17.822 	-0.109 	-0.018 	-0.045 	
11.430 	-71.691 	50.911 	0.096 	-0.201 	0.196 	
56.505 	-74.642 	52.202 	0.119 	-0.110 	-0.038 	
10.583 	-70.339 	49.651 	-0.053 	0.109 	-0.102 	
47.073 	-39.924 	41.671 	-0.120 	0.011 	-0.167 	
-15.945 	25.026 	67.175 	-0.136 	0.030 	-0.039 	
104.649 	-41.019 	36.439 	0.084 	-0.117 	0.001 	
128.545 	-201.210 	-3.183 	-0.056 	0.072 	0.018 	
10.125 	-55.379 	52.607 	0.073 	-0.032 	0.195 	
95.511 	-65.791 	78.826 	0.117 	-0.047 	-0.009 	
4.852 	-125.988 	15.362 	0.094 	0.002 	0.060 	
-183.224 	-219.553 	14.129 	-0.006 	-0.009 	0.027 	
50.743 	-101.106 	41.720 	-0.045 	0.110 	0.010 	
132.935 	155.071 	74.664 	0.038 	0.040 	0.009 	
25.452 	-67.434 	76.677 	-0.088 	0.164 	-0.011 	
-1135.817 	-1948.747 	-1588.186 	-0.178 	-0.289 	-0.237 	
1.199 	-214.024 	194.994 	-0.031 	0.022 	-0.018 	
49.083 	-53.367 	78.688 	-0.077 	-0.001 	-0.004 	
76.172 	-105.545 	137.217 	0.072 	-0.063 	0.010 	
66.461 	-85.227 	73.909 	0.011 	-0.059 	0.088 	
-12.047 	-65.488 	67.007 	0.027 	0.009 	0.040 	
49.028 	-56.132 	26.320 	-0.117 	0.134 	0.198 	
-8.332 	-30.064 	-19.678 	0.106 	0.013 	-0.135 	
42.784 	-85.039 	-87.737 	-0.015 	-0.028 	-0.055 	
102.987 	-105.124 	-66.384 	0.069 	0.016 	0.090 	
179.758 	4.407 	34.332 	0.066 	0.070 	0.030 	
922.466 	1383.108 	2438.030 	0.134 	0.197 	0.350 	
17.886 	17.698 	66.247 	-0.042 	-0.086 	0.019 	
8.408 	-79.663 	59.985 	-0.144 	-0.092 	-0.045 	
-64.207 	-97.352 	147.895 	0.058 	-0.024 	-0.108 	
126.590 	-39.044 	13.617 	0.099 	-0.033 	-0.069 	
69.365 	-130.321 	-68.162 	0.001 	-0.060 	-0.111 	
-87.813 	-401.393 	650.795 	0.001 	-0.021 	0.051 	
-66.459 	-102.276 	94.091 	0.004 	-0.153 	0.046 	
182.697 	-52.333 	30.262 	-0.133 	-0.006 	-0.042 	
110.962 	-85.540 	150.569 	-0.013 	-0.013 	-0.077 	
81.474 	-16.848 	68.644 	-0.041 	-0.081 	-0.024 	
-23.753 	-172.543 	110.317 	-0.084 	-0.166 	0.063 	
-12.057 	-107.295 	22.856 	0.061 	-0.125 	-0.014 	
15.271 	-58.234 	-23.414 	0.069 	-0.033 	-0.062 	
-132.642 	-39.179 	37.544 	0.034 	-0.013 	0.153 	
-54.615 	-102.347 	88.500 	-0.053 	-0.032 	0.109 	
-43.474 	-177.088 	84.107 	0.119 	-0.035 	0.109 	
114.557 	-78.930 	46.684 	0.004 	-0.007 	0.125 	
35.602 	-203.415 	5.563 	-0.056 	0.095 	0.023 	
27.007 	-76.972 	77.986 	-0.018 	-0.006 	-0.038 	
4077.913 	-4398.812 	-0.583 	0.612 	-0.666 	0.004 	
5886.762 	-5402.182 	-11230.396 	0.871 	-0.795 	-1.651 	
88.833 	-186.806 	-23.634 	0.004 	0.000 	-0.017 	
21.199 	-65.704 	45.978 	0.105 	0.113 	-0.072 	
36.618 	-6.968 	104.262 	0.033 	0.133 	0.050 	
-1.969 	-64.114 	21.808 	-0.121 	0.055 	-0.029 	
43.184 	-78.044 	82.537 	0.114 	0.019 	0.142 	
5183.524 	-3632.393 	3108.344 	0.754 	-0.523 	0.450 	
-5012.304 	6623.141 	11939.453 	-0.730 	0.971 	1.752 	
3423.722 	-79.470 	279.062 	0.616 	-0.008 	0.048 	
-1988.252 	1713.642 	722.602 	-0.688 	0.597 	0.250 	
18.398 	-89.741 	37.880 	0.002 	-0.043 	0.091 	
615.077 	-66.597 	284.756 	0.034 	0.032 	0.025 	
31.470 	-58.128 	158.315 	-0.029 	-0.015 	-0.005 	
-40.059 	-83.123 	24.802 	-0.036 	0.003 	-0.050 	
-2159.275 	-653.992 	148.804 	-0.437 	-0.104 	0.022 	
226.348 	82.796 	-53.217 	-0.045 	-0.000 	0.029 	
-25.027 	-113.795 	69.262 	-0.116 	-0.183 	0.003 	
32.896 	-81.372 	70.528 	0.018 	-0.092 	0.063 	
12.068 	-103.330 	50.778 	-0.115 	-0.080 	0.166 	
279.882 	-273.183 	2.905 	0.020 	0.069 	-0.015 	
97.011 	23.869 	59.789 	0.002 	0.022 	-0.126 	
122.765 	-42.503 	-0.074 	0.025 	-0.004 	0.007 	
-189.386 	-92.649 	-4.507 	0.016 	0.027 	0.114 	
79.068 	-2.937 	-2.875 	0.051 	-0.018 	-0.125 	
-39.526 	-24.316 	17.590 	0.006 	-0.014 	0.101 	
23.820 	-116.127 	41.532 	-0.068 	-0.113 	0.006 	
410.818 	33.520 	65.690 	-0.015 	-0.033 	-0.008 	
64.186 	-33.989 	59.663 	0.073 	0.095 	0.075 	
-2.320 	-73.130 	46.222 	-0.017 	-0.032 	0.024 	
116.536 	-52.846 	42.126 	0.088 	0.047 	0.047 	
-45.919 	-74.626 	129.846 	0.037 	-0.063 	0.030 	
42.359 	-95.119 	23.691 	-0.170 	0.087 	0.086 	
-3.483 	-19.041 	59.896 	0.096 	-0.048 	0.024 	
-36.874 	-59.881 	39.415 	-0.169 	-0.020 	-0.021 	
141.872 	-45.375 	93.953 	-0.048 	-0.020 	0.067 	
660.704 	1314.390 	-538.870 	0.302 	0.652 	-0.271 	
35.886 	-76.987 	70.505 	0.040 	-0.036 	0.018 	
-12.619 	-102.677 	81.518 	-0.031 	0.084 	-0.184 	
9.743 	-76.461 	61.427 	0.081 	-0.056 	-0.080 	
-248.414 	-428.134 	135.628 	-0.036 	-0.100 	0.006 	
-32003.830 	-9455.768 	-18993.942 	-5.694 	-1.675 	-3.368 	
-3903.729 	3337.102 	-1997.756 	-0.556 	0.480 	-0.285 	
-43.419 	-150.886 	128.074 	-0.100 	-0.081 	-0.058 	
-1660.105 	-329.898 	1039.566 	-0.288 	-0.060 	0.173 	
1142.589 	104.614 	-235.963 	0.188 	0.016 	-0.063 	
87.791 	18.027 	39.556 	-0.009 	-0.001 	-0.078 	
-1048.246 	3165.286 	-1076.327 	-0.671 	1.959 	-0.679 	
-162.111 	-52.196 	238.990 	-0.305 	0.072 	0.208 	
80.715 	-73.338 	18.133 	0.074 	0.165 	-0.068 	
-36.490 	-34.315 	90.443 	0.169 	-0.057 	-0.094 	
108.073 	-213.959 	5.010 	0.109 	-0.046 	0.009 	
365.509 	-3206.627 	1202.918 	0.194 	-1.940 	0.716 	
8.415 	-64.715 	21.502 	0.035 	0.132 	-0.098 	
-43.473 	-126.979 	29.596 	0.116 	0.080 	0.084 	
-6.124 	-40.121 	29.528 	0.008 	0.017 	0.012 	
40.644 	-55.568 	96.641 	0.104 	-0.078 	-0.051 	
39.940 	-69.064 	50.652 	0.074 	-0.140 	0.053 	
88.972 	24.190 	102.898 	0.013 	0.067 	0.038 	
76.562 	-48.683 	57.587 	0.046 	0.047 	0.033 	
-24.434 	-53.072 	57.332 	0.042 	0.023 	0.012 	
734.215 	522.729 	-734.882 	0.102 	0.093 	-0.116 	
-29.416 	-98.844 	38.333 	-0.057 	-0.064 	-0.145 	
113.955 	-79.647 	100.402 	0.011 	-0.092 	-0.045 	
-176.165 	-12.727 	18.959 	0.045 	0.035 	-0.084 	
-211.853 	113.932 	258.668 	-0.021 	-0.033 	0.000 	
31.372 	-82.388 	46.830 	0.119 	0.056 	-0.038 	
53.875 	-74.060 	33.732 	0.067 	0.197 	-0.051 	
109.339 	-56.181 	117.999 	0.001 	0.014 	-0.032 	
-91.443 	-143.876 	6.198 	-0.073 	0.044 	0.042 	
19.086 	-77.789 	73.213 	-0.240 	0.050 	-0.068 	
116.600 	-111.174 	78.248 	0.071 	-0.083 	0.034 	
-27.264 	-101.494 	71.649 	-0.004 	0.076 	-0.021 	
-108.285 	-154.805 	-23.343 	-0.056 	0.001 	-0.052 	
2084.412 	-38985.469 	-22630.756 	0.817 	-15.883 	-9.238 	
138.896 	-65.223 	59.445 	-0.050 	-0.066 	0.044 	
38.693 	20.982 	112.458 	-0.030 	0.044 	-0.037 	
-44.928 	-23.488 	71.508 	-0.020 	-0.082 	-0.046 	
-13.736 	-74.532 	57.383 	-0.193 	0.126 	0.156 	
-7.963 	-49.183 	49.653 	0.018 	-0.002 	0.044 	
83.780 	-40.010 	4.300 	-0.070 	-0.167 	-0.014 	
183.959 	-48.622 	-200.135 	-0.034 	-0.033 	0.060 	
10.496 	-50.347 	70.144 	-0.177 	0.166 	0.136 	
428.836 	-31.425 	129.650 	0.341 	0.045 	0.112 	
191.657 	-63.580 	-8.141 	0.132 	-0.004 	0.003 	
19.479 	-49.182 	74.151 	0.055 	0.056 	0.033 	
-35.766 	-10.682 	6.137 	0.158 	0.046 	-0.004 	
155.402 	-70.461 	-18.606 	0.088 	-0.022 	0.092 	
44.133 	-59.594 	74.984 	0.065 	-0.087 	0.072 	
-45.429 	-217.528 	-27.875 	-0.123 	-0.055 	0.048 	
-823.715 	507.928 	1090.390 	-0.202 	0.101 	0.210 	
150.755 	15.167 	65.430 	-0.010 	0.084 	-0.037 	
105.291 	-68.193 	-18.317 	-0.193 	-0.063 	0.037 	
115.429 	-39.562 	-66.562 	-0.070 	-0.059 	-0.020 	
-18.395 	-80.181 	67.179 	0.011 	0.016 	-0.047 	
-607.732 	-1141.986 	566.478 	-0.311 	-0.533 	0.263 	
64.286 	-11.198 	59.141 	0.103 	0.111 	0.016 	
-129.771 	-102.310 	31.548 	0.107 	0.009 	0.024 	
24.920 	-51.059 	61.867 	-0.081 	-0.013 	-0.054 	
5110.932 	610.951 	1015.399 	0.887 	0.117 	0.177 	
2.069 	-21.485 	71.158 	-0.119 	0.013 	0.005 	
-17.350 	-55.652 	72.630 	-0.204 	-0.099 	-0.044 	
20.218 	-65.108 	14.980 	0.072 	0.017 	0.095 	
-25.160 	-111.485 	113.719 	0.033 	-0.051 	-0.018 	
233.105 	-129.508 	-33.958 	0.136 	0.045 	-0.022 	
-49.272 	-119.311 	31.399 	-0.054 	0.064 	0.116 	
15.250 	-82.808 	59.570 	-0.038 	0.059 	0.054 	
199.258 	-369.425 	734.436 	0.007 	-0.049 	0.089 	
-132.449 	-14.417 	68.980 	0.059 	-0.018 	0.064 	
26.388 	-131.851 	-55.133 	-0.029 	-0.017 	0.091 	
1469.319 	-1558.402 	-492.828 	0.392 	-0.401 	-0.132 	
54.640 	-37.859 	29.014 	-0.054 	-0.009 	-0.118 	
-30.786 	-140.888 	15.876 	-0.075 	-0.067 	-0.044 	
3.397 	-63.450 	-0.157 	-0.107 	-0.076 	-0.091 	
666.268 	-286.882 	113.552 	0.039 	-0.024 	-0.004 	
-81.996 	-67.468 	44.162 	-0.001 	-0.055 	0.019 	
-46.979 	-115.715 	83.130 	-0.028 	0.061 	-0.043 	
41.032 	-17.698 	144.105 	0.016 	0.075 	0.019 	
218.223 	-62.073 	53.532 	-0.126 	0.017 	0.044 	
-120.350 	-73.857 	-45.453 	0.070 	-0.076 	-0.040 	
-70.136 	-190.996 	-36.018 	-0.042 	-0.034 	-0.030 	
-36.445 	-135.100 	137.995 	-0.014 	0.114 	0.067 	
36.026 	-54.354 	47.381 	-0.030 	-0.022 	-0.043 	
94.588 	-30.039 	45.411 	0.148 	-0.079 	-0.061 	
-36.829 	-48.694 	88.446 	-0.147 	0.110 	-0.047 	
-108.358 	-117.495 	164.188 	-0.118 	-0.059 	0.128 	
155.721 	-98.042 	-1.547 	0.004 	-0.040 	0.021 	
69.842 	-74.474 	44.157 	-0.098 	-0.052 	0.198 	
57.704 	-42.276 	90.130 	-0.060 	-0.109 	-0.064 	
31.938 	-72.397 	62.815 	-0.018 	-0.198 	-0.053 	
31.267 	-46.751 	121.762 	-0.002 	0.065 	0.081 	
25.392 	-41.412 	60.962 	-0.052 	-0.019 	0.025 	
116.252 	-81.509 	31.555 	0.046 	0.019 	-0.078 	
109.867 	-80.439 	1.641 	0.069 	0.055 	-0.107 	
49.244 	-88.655 	60.778 	0.091 	-0.016 	0.077 	
143.914 	-3.810 	107.197 	-0.061 	-0.008 	-0.034 	
89.303 	4.749 	41.373 	0.046 	0.146 	0.020 	
-45.385 	-147.997 	78.816 	0.135 	-0.097 	-0.010 	
406.908 	-656.560 	-433.508 	0.033 	-0.114 	-0.076 	
-30.265 	-58.943 	39.052 	0.170 	0.043 	0.017 	
-39.554 	-124.444 	57.193 	-0.065 	0.045 	0.062 	
32.767 	-72.030 	55.586 	0.157 	0.164 	0.208 	
-142.577 	77.272 	-76.243 	0.011 	0.037 	-0.013 	
-91.323 	-161.488 	96.629 	0.134 	0.045 	-0.065 	
32.380 	-74.396 	58.307 	-0.027 	0.129 	0.044 	
-0.337 	-138.690 	108.086 	-0.117 	0.011 	-0.101 	
-70.397 	-208.664 	-6.624 	-0.149 	0.013 	0.000 	
9792.440 	11446.502 	4253.487 	3.031 	3.585 	1.316 	
740.620 	-162.484 	-114.364 	0.150 	-0.034 	-0.028 	
-50.121 	-90.315 	66.249 	-0.006 	0.072 	-0.024 	
25.249 	-54.919 	39.575 	0.056 	0.108 	0.040 	
27.339 	-27.671 	76.186 	0.036 	0.181 	-0.167 	
71.068 	-70.336 	14.893 	-0.125 	0.024 	0.098 	
2216.497 	1404.590 	494.340 	0.329 	0.214 	0.072 	
-14.226 	-136.676 	81.683 	0.131 	0.048 	-0.063 	
-33.991 	-65.215 	40.791 	-0.027 	-0.085 	0.072 	
91.936 	-32.680 	-69.096 	-0.159 	-0.038 	-0.069 	
-19.068 	-100.836 	54.429 	-0.029 	-0.139 	0.084 	
89.978 	-82.776 	5.492 	-0.029 	0.032 	-0.007 	
-65.934 	-59.458 	58.561 	0.052 	0.048 	-0.145 	
129.870 	-35.001 	-10.007 	0.083 	-0.039 	0.128 	
2334.237 	1369.340 	-1446.440 	0.345 	0.210 	-0.210 	
51.592 	-88.088 	55.775 	0.091 	0.078 	0.031 	
-2152.103 	38552.385 	22489.532 	-0.911 	15.733 	9.160 	
56.056 	21.834 	-18.720 	0.023 	-0.078 	0.053 	
-114.950 	-66.246 	-49.279 	0.011 	0.044 	0.054 	
1.978 	-90.613 	42.321 	0.008 	0.011 	0.035 	
2.051 	-60.204 	-48.677 	0.135 	0.084 	0.068 	
2.119 	-86.956 	-66.226 	-0.044 	0.076 	0.044 	
-12.509 	-5.395 	-60.197 	-0.002 	0.084 	-0.047 	
-4172.080 	-436.536 	-156.718 	-0.714 	-0.066 	-0.025 	
-100.072 	-19.431 	263.854 	0.018 	0.031 	0.035 	
7.409 	-37.219 	29.669 	0.050 	-0.112 	0.178 	
26.775 	-118.546 	107.838 	0.053 	-0.059 	0.064 	
26.426 	-88.128 	133.838 	-0.033 	0.022 	-0.036 	
18.746 	-43.000 	47.225 	0.131 	-0.035 	0.035 	
0.415 	-42.345 	83.813 	-0.098 	-0.118 	-0.077 	
28.195 	-107.876 	55.050 	-0.005 	-0.106 	-0.147 	
-100.693 	-66.833 	6.516 	0.017 	0.039 	0.012 	
-15.883 	-49.700 	74.461 	0.132 	0.003 	-0.003 	
2397.225 	-454.827 	71.596 	0.406 	-0.081 	0.006 	
-28.405 	-33.015 	193.755 	-0.030 	-0.042 	0.072 	
-12.379 	-56.657 	74.633 	-0.080 	0.164 	0.070 	
57.748 	-83.759 	124.620 	0.070 	-0.048 	-0.082 	
2.172 	39.524 	44.923 	-0.100 	-0.031 	0.028 	
-1292.140 	-672.201 	-2867.014 	-0.189 	-0.101 	-0.421 	
-9.413 	-78.922 	49.080 	-0.106 	-0.003 	0.235 	
-148.069 	-54.530 	16.946 	-0.080 	-0.058 	-0.086 	
-15.598 	-64.638 	64.622 	-0.104 	0.074 	-0.022 	
74.273 	-163.603 	-2.846 	0.024 	0.051 	-0.041 	
3.603 	-53.918 	84.017 	0.011 	-0.179 	-0.034 	
-20.771 	-78.493 	37.900 	0.050 	-0.086 	-0.046 	
-123.461 	-40.709 	167.662 	-0.031 	-0.020 	-0.079 	
48.143 	-76.482 	164.818 	-0.008 	-0.027 	-0.046 	
16.454 	-97.783 	42.640 	-0.016 	0.014 	-0.028 	
85.040 	-142.777 	27.256 	-0.066 	0.021 	0.030 	
-4.280 	-43.217 	80.750 	0.012 	0.132 	-0.015 	
-4.463 	-70.223 	44.453 	0.036 	0.027 	0.047 	
15.751 	-45.041 	51.392 	0.133 	-0.096 	-0.051 	
301.340 	-382.007 	33.223 	-0.048 	-0.029 	0.001 	
-123.063 	-91.323 	123.541 	0.077 	-0.001 	0.004 	
-14.643 	-70.149 	57.824 	0.099 	-0.038 	-0.010 	
67.457 	-74.010 	63.334 	-0.049 	0.074 	0.084 	
16.779 	-130.842 	19.556 	0.012 	0.017 	-0.012 	
18.285 	-62.089 	32.694 	0.031 	0.074 	-0.137 	
47.723 	-69.188 	59.606 	-0.068 	-0.063 	0.107 	
4.522 	-45.350 	79.831 	-0.015 	0.137 	-0.112 	
143.476 	-74.672 	24.108 	-0.014 	-0.003 	0.085 	
77.788 	-93.828 	127.698 	-0.100 	-0.070 	0.014 	
-257.208 	39.919 	70.169 	-0.007 	0.042 	0.027 	
6.392 	-32.702 	91.475 	-0.052 	0.138 	-0.079 	
22.500 	-50.033 	-74.465 	-0.076 	-0.024 	-0.186 	
46.871 	-67.939 	93.234 	-0.020 	0.003 	-0.135 	
33.567 	-55.148 	72.882 	-0.099 	-0.173 	-0.039 	
-93.975 	-45.244 	46.375 	-0.036 	-0.041 	0.026 	
-96.902 	-191.033 	-24.283 	0.011 	-0.064 	0.022 	
-29.349 	-57.318 	115.014 	0.098 	0.145 	0.145 	
-1127.696 	-1916.338 	1901.989 	-0.182 	-0.287 	0.298 	
100.198 	-280.489 	3.967 	-0.036 	0.022 	0.004 	
84.222 	-3.008 	124.812 	-0.131 	0.027 	0.032 	
29.075 	-101.963 	-135.643 	-0.052 	-0.019 	-0.080 	
8.287 	-73.496 	55.944 	-0.114 	-0.116 	-0.102 	
42.402 	-62.108 	73.712 	-0.082 	-0.006 	0.091 	
-3.538 	-48.442 	153.931 	-0.129 	-0.048 	-0.060 	
128.931 	-69.974 	133.341 	-0.049 	-0.025 	-0.084 	
66.166 	-38.720 	23.417 	-0.121 	-0.052 	-0.085 	
24.274 	-62.722 	42.980 	0.182 	-0.085 	-0.019 	
-1134.558 	83.548 	-1463.906 	-0.307 	0.050 	-0.433 	
18.778 	-40.332 	61.238 	-0.140 	-0.200 	-0.010 	
132.510 	-24.529 	141.090 	-0.039 	-0.068 	0.016 	
-78.596 	-87.542 	38.205 	-0.068 	-0.077 	-0.076 	
-18.990 	-79.242 	74.884 	-0.038 	0.179 	0.043 	
-1229.169 	4754.400 	527.001 	-0.192 	0.719 	0.084 	
-53.506 	98.698 	29.832 	-0.016 	-0.087 	0.095 	
97.348 	-50.368 	17.806 	-0.030 	-0.028 	-0.133 	
-21.328 	-36.925 	49.696 	0.085 	-0.020 	-0.081 	
53.817 	11.458 	112.571 	-0.204 	0.042 	0.057 	
7.970 	-62.811 	27.954 	-0.048 	0.048 	0.014 	
-138.157 	-215.995 	-22.473 	-0.032 	-0.009 	0.017 	
18.100 	-66.135 	33.315 	-0.157 	0.016 	0.125 	
-24.244 	-58.236 	45.381 	0.075 	0.027 	0.024 	
36.783 	-29.638 	70.715 	-0.129 	-0.054 	-0.092 	
-380.258 	-95.922 	63.264 	-0.042 	-0.038 	-0.003 	
-110.798 	-65.838 	-108.894 	0.018 	0.025 	-0.023 	
-60.670 	52.958 	24.487 	-0.100 	-0.002 	0.015 	
164.211 	-109.973 	56.762 	0.023 	-0.062 	0.016 	
12.621 	-71.597 	45.524 	-0.170 	0.077 	-0.177 	
92.586 	-77.911 	40.777 	-0.137 	0.012 	-0.005 	
107.411 	-77.670 	-4.739 	0.097 	0.007 	-0.022 	
125.215 	-41.309 	55.454 	0.085 	0.088 	0.073 	
-43.424 	-69.439 	78.257 	-0.206 	-0.031 	-0.025 	
-104.326 	-103.101 	52.330 	-0.102 	0.019 	-0.000 	
-331.119 	-133.743 	117.345 	-0.339 	-0.038 	0.104 	
22.627 	-82.398 	61.514 	-0.117 	-0.059 	0.037 	
135.367 	-69.251 	5.613 	0.024 	0.019 	0.002 	
19.017 	-78.776 	56.967 	0.050 	-0.079 	0.009 	
-113.156 	-144.267 	77.895 	0.069 	-0.032 	-0.059 	
224.149 	42.205 	-143.653 	-0.012 	-0.026 	0.018 	
-47.157 	-85.520 	38.185 	-0.121 	-0.172 	0.037 	
-62.703 	-74.367 	45.509 	0.040 	0.037 	0.022 	
-2.494 	13.549 	216.765 	0.040 	0.009 	0.039 	
44.323 	-71.343 	89.063 	-0.203 	0.073 	-0.033 	
-1205.550 	-607.865 	836.084 	-0.276 	-0.124 	0.148 	
37.270 	-70.872 	39.935 	0.019 	-0.015 	0.059 	
-5.819 	-17.451 	50.699 	-0.064 	-0.116 	0.025 	
55.767 	-63.440 	69.879 	-0.054 	0.049 	-0.029 	
25.622 	-39.633 	0.917 	-0.091 	-0.128 	0.084 	
-183.316 	-19.892 	92.922 	-0.010 	0.025 	-0.022 	
82.472 	-43.171 	121.760 	0.033 	0.003 	0.088 	
425.862 	-310.787 	-458.216 	0.040 	-0.032 	-0.012 	
86.086 	-48.305 	105.691 	-0.117 	0.032 	-0.059 	
-20.045 	-8.310 	-3.474 	-0.058 	-0.004 	0.087 	
-5.048 	-17.906 	65.194 	-0.138 	-0.007 	-0.044 	
70.603 	-89.810 	117.517 	-0.150 	0.033 	0.033 	
-111.920 	-69.333 	54.876 	-0.075 	-0.175 	0.068 	
-710.323 	-224.679 	201.760 	-0.126 	-0.042 	0.004 	
647.911 	-790.100 	-82.054 	0.074 	-0.090 	-0.003 	
260.157 	75.190 	35.316 	-0.007 	0.010 	-0.017 	
-16.173 	-124.040 	102.255 	0.016 	-0.004 	0.074 	
45.076 	-50.391 	57.030 	0.116 	-0.161 	-0.015 	
52.495 	-39.594 	63.544 	0.087 	0.081 	0.070 	
113.700 	-66.294 	45.197 	-0.066 	0.089 	0.046 	
14.406 	-67.108 	43.714 	-0.068 	0.087 	0.240 	
29.315 	-71.791 	34.314 	0.042 	0.124 	-0.057 	
-22.274 	-93.907 	22.347 	0.028 	0.167 	0.133 	
163.860 	26.671 	38.817 	0.046 	0.003 	-0.031 	
32.297 	-120.153 	74.054 	0.024 	0.221 	0.020 	
11.526 	-45.226 	67.358 	-0.055 	-0.025 	-0.070 	
137.736 	19.081 	44.317 	-0.150 	0.092 	-0.022 	
76.818 	-77.934 	64.782 	-0.201 	-0.042 	-0.024 	
-9.915 	-57.350 	101.224 	0.122 	-0.046 	-0.007 	
-101.257 	-111.972 	146.284 	0.072 	0.026 	0.125 	
-40.039 	-109.603 	91.486 	-0.026 	0.022 	-0.050 	
-10.198 	-54.761 	71.008 	0.182 	-0.106 	-0.157 	
57.774 	-92.416 	84.592 	-0.129 	-0.167 	0.041 	
127.582 	-13.741 	50.353 	-0.057 	0.013 	-0.154 	
-17.900 	-86.750 	72.526 	-0.008 	0.010 	0.095 	
31.362 	15.190 	154.884 	-0.102 	0.051 	0.077 	
75.577 	-53.728 	114.184 	-0.117 	-0.130 	0.008 	
405.527 	550.848 	-32.944 	0.010 	0.087 	-0.007 	
-1526.858 	1669.159 	709.118 	-0.404 	0.453 	0.185 	
-2.394 	-1.465 	-106.371 	0.056 	0.016 	-0.062 	
-10.031 	-69.408 	84.920 	0.143 	0.080 	0.022 	
-91.357 	-96.713 	31.977 	-0.007 	-0.081 	0.028 	
67.959 	-52.574 	49.261 	0.032 	0.117 	0.070 	
346.069 	434.598 	688.540 	0.040 	0.039 	0.060 	
-29.004 	-16.908 	117.650 	0.092 	0.107 	-0.086 	
130.546 	-65.431 	-1.403 	0.015 	-0.105 	0.065 	
-29.771 	-49.523 	76.670 	-0.161 	-0.083 	0.125 	
1820.176 	-2092.584 	4.796 	0.260 	-0.303 	0.004 	
7.367 	-70.480 	9.692 	-0.028 	0.103 	-0.100 	
176.895 	-73.058 	98.404 	-0.056 	-0.081 	0.097 	
-14.761 	-66.483 	81.030 	-0.004 	-0.088 	-0.155 	
52.000 	-59.950 	69.801 	0.090 	-0.032 	-0.005 	
8.407 	20.155 	13.104 	-0.147 	-0.007 	-0.017 	
37.233 	-4.767 	82.415 	-0.052 	-0.056 	-0.126 	
59.473 	-73.754 	65.844 	0.048 	0.032 	0.013 	
57.776 	-85.377 	27.388 	-0.026 	0.079 	0.045 	
72.373 	-72.151 	4.623 	-0.090 	-0.002 	-0.066 	
7.764 	-89.203 	46.473 	0.067 	-0.046 	0.046 	
770.799 	-1977.771 	-45.244 	0.118 	-0.285 	-0.015 	
240.769 	52.178 	269.029 	-0.015 	0.014 	-0.009 	
150.914 	11.622 	-16.928 	-0.025 	-0.029 	-0.037 	
-100.683 	20.155 	-4.851 	-0.054 	-0.024 	0.034 	
-37.891 	-264.959 	172.212 	0.055 	-0.070 	0.040 	
50.565 	-89.854 	79.655 	0.035 	0.207 	-0.008 	
48.011 	-36.148 	38.414 	-0.086 	-0.008 	0.027 	
64.635 	-14.923 	131.399 	-0.026 	-0.104 	0.021 	
-38.626 	-195.199 	70.058 	0.109 	-0.065 	-0.032 	
19.715 	-65.403 	101.714 	-0.098 	0.013 	-0.095 	
-170.168 	22.571 	9.821 	0.075 	0.007 	0.020 	
107.679 	-114.683 	-9.607 	-0.125 	0.004 	0.104 	
123.368 	2.639 	64.166 	-0.104 	-0.094 	0.103 	
-1.872 	-71.916 	50.041 	0.065 	0.066 	-0.059 	
-2.287 	-41.604 	77.288 	0.088 	0.006 	0.059 	
609.472 	-205.197 	350.245 	0.057 	-0.037 	0.034 	
34.389 	-104.592 	46.429 	0.016 	-0.031 	-0.061 	
31.260 	-59.273 	60.944 	-0.079 	-0.118 	-0.019 	
55.524 	-104.216 	48.041 	-0.187 	-0.054 	-0.092 	
317.819 	45.222 	233.863 	0.046 	0.038 	0.042 	
46.630 	-50.391 	52.267 	0.023 	0.042 	-0.054 	
2.273 	-57.554 	72.730 	-0.030 	-0.080 	-0.048 	
24.610 	-63.312 	-1.450 	0.123 	0.076 	-0.058 	
-5.283 	-89.916 	96.014 	0.131 	0.070 	0.154 	
-60.598 	-83.751 	108.998 	-0.040 	0.046 	0.008 	
1719.644 	3964.631 	-14822.589 	0.265 	0.621 	-2.368 	
72.794 	-104.096 	70.855 	0.040 	-0.094 	0.158 	
37.099 	-72.611 	70.437 	0.091 	0.065 	-0.066 	
159.233 	-4.593 	-35.715 	-0.063 	-0.075 	0.006 	
28.893 	-20.238 	46.146 	-0.009 	0.059 	-0.072 	
88.968 	-38.341 	34.623 	0.025 	0.025 	0.008 	
-85.137 	-138.019 	43.983 	-0.023 	-0.176 	-0.015 	
-101.293 	-94.114 	146.613 	-0.106 	-0.018 	0.078 	
27.264 	-60.481 	65.115 	0.117 	0.229 	-0.018 	
2.609 	-12.563 	56.374 	0.128 	0.080 	0.062 	
-25.955 	-72.936 	131.641 	0.051 	-0.029 	0.043 	
259.290 	-14.755 	58.128 	-0.023 	-0.057 	-0.020 	
21.011 	-44.374 	64.667 	-0.064 	-0.152 	-0.037 	
59.812 	-90.369 	54.163 	0.145 	0.023 	0.027 	
146.724 	-63.201 	-33.608 	-0.060 	0.059 	0.028 	
18.291 	-65.119 	54.223 	0.131 	-0.089 	0.124 	
61.768 	-87.935 	58.009 	-0.088 	-0.046 	-0.038 	
92.364 	-26.507 	3.973 	-0.006 	0.109 	-0.093 	
123.284 	-38.847 	73.454 	0.053 	0.033 	-0.162 	
35.155 	71.878 	232.553 	-0.044 	-0.031 	-0.021 	
-62.527 	-84.673 	22.975 	0.088 	0.044 	0.054 	
13.617 	-88.737 	128.481 	-0.097 	-0.065 	0.093 	
151.089 	211.924 	258.267 	-0.014 	0.017 	-0.002 	
-5356.352 	554.098 	-4188.261 	-2.458 	0.225 	-1.894 	
-126.072 	-124.510 	192.745 	0.005 	-0.008 	0.052 	
777.552 	-395.893 	-394.863 	0.075 	-0.061 	-0.046 	
-59.619 	-42.486 	66.864 	-0.032 	-0.012 	-0.018 	
5814.737 	-669.412 	4122.219 	2.624 	-0.332 	1.887 	
-22.637 	-51.077 	33.936 	-0.105 	-0.156 	0.073 	
53.190 	-53.502 	74.894 	0.092 	0.018 	0.044 	
62.091 	24.031 	-24.630 	-0.002 	-0.039 	-0.040 	
14.003 	-25.938 	6.913 	0.092 	-0.165 	-0.030 	
75.101 	-66.269 	9.171 	-0.129 	-0.133 	0.070 	
195.096 	47.924 	11.750 	0.084 	0.074 	-0.002 	
175.588 	-15.093 	117.485 	-0.008 	-0.071 	0.024 	
-94.831 	868.100 	-90.548 	-0.057 	0.290 	-0.039 	
69.396 	-44.194 	71.105 	0.188 	0.105 	0.099 	
48.230 	-85.070 	106.174 	0.094 	0.016 	-0.052 	
38.467 	-63.025 	78.361 	0.131 	-0.050 	-0.065 	
32.338 	-41.176 	75.711 	0.099 	-0.044 	-0.001 	
9.425 	-15.334 	-0.995 	0.043 	-0.147 	0.139 	
-10.604 	-69.154 	31.937 	-0.082 	0.044 	0.147 	
-62.798 	-181.544 	87.981 	0.107 	-0.063 	0.005 	
26.005 	-73.874 	73.524 	-0.113 	-0.183 	-0.028 	
-6.701 	-86.918 	-51.156 	-0.158 	0.003 	-0.064 	
3734.624 	1456.615 	1625.323 	0.569 	0.233 	0.255 	
16.496 	-89.615 	18.925 	-0.001 	0.130 	0.038 	
22.287 	-96.591 	44.932 	0.031 	0.107 	-0.014 	
-150.999 	9.011 	186.452 	-0.017 	-0.019 	0.013 	
-54.789 	-65.535 	59.524 	0.098 	0.022 	0.120 	
14.574 	-249.114 	-66.737 	0.057 	-0.057 	-0.015 	
49.670 	-4.989 	62.263 	0.012 	-0.009 	0.100 	
-31.443 	-85.009 	69.124 	-0.087 	0.043 	0.101 	
30.271 	-32.738 	74.662 	-0.224 	-0.064 	-0.011 	
61.905 	-54.964 	54.454 	0.070 	0.045 	-0.087 	
22.207 	1.743 	5.493 	0.025 	0.035 	-0.046 	
87.301 	-89.533 	51.794 	-0.144 	0.040 	0.071 	
10.835 	-55.907 	26.001 	-0.072 	-0.247 	0.014 	
-75.148 	-59.796 	21.858 	0.099 	-0.025 	0.117 	
-77.779 	-643.297 	1198.800 	-0.039 	-0.078 	0.163 	
-7.864 	-70.747 	48.442 	0.207 	-0.000 	-0.120 	
9.370 	-125.401 	86.192 	0.024 	0.157 	0.002 	
-55.539 	-163.636 	23.996 	0.008 	-0.102 	0.027 	
19.825 	-57.173 	50.255 	0.031 	0.057 	-0.082 	
-21.710 	-150.759 	2.121 	-0.032 	-0.045 	-0.019 	
47.537 	-53.191 	91.571 	-0.089 	0.128 	0.235 	
613.154 	-111.436 	330.665 	0.062 	-0.023 	0.047 	
206.909 	-120.683 	-59.524 	0.047 	-0.009 	0.021 	
-579.324 	349.633 	-384.039 	-0.137 	0.121 	-0.112 	
-46.242 	-102.655 	18.892 	0.099 	0.044 	-0.077 	
19.589 	-82.978 	33.266 	-0.203 	-0.037 	0.052 	
293.495 	-161.847 	47.059 	-0.036 	0.025 	-0.003 	
-92.796 	-103.453 	8.519 	-0.083 	-0.121 	-0.002 	
-23.064 	-129.102 	20.876 	-0.056 	-0.036 	0.031 	
-145.751 	-87.533 	1.507 	-0.034 	-0.081 	0.018 	
8.305 	-58.485 	103.879 	0.023 	-0.099 	-0.095 	
-32.071 	-114.512 	79.315 	0.062 	-0.117 	-0.063 	
-29.845 	-122.894 	58.364 	-0.031 	0.043 	0.032 	
-28.391 	-57.851 	73.291 	0.126 	0.009 	0.010 	
40.449 	-82.784 	58.564 	-0.065 	0.105 	0.097 	
-1282.760 	467.997 	-1732.144 	-0.246 	0.092 	-0.305 	
52.497 	-18.657 	-5.633 	-0.186 	0.010 	-0.099 	
50.443 	-45.486 	70.204 	-0.162 	-0.203 	-0.042 	
61.212 	-66.021 	51.729 	-0.158 	-0.031 	-0.208 	
-79.512 	-46.968 	30.892 	0.134 	-0.053 	-0.025 	
6.518 	-62.700 	92.112 	0.076 	0.189 	0.086 	
-13.851 	-90.892 	26.290 	0.059 	0.042 	0.049 	
64.779 	-64.228 	38.161 	-0.120 	0.098 	0.056 	
186.494 	212.519 	-77.215 	0.007 	0.032 	-0.012 	
-69.045 	-162.142 	58.935 	-0.006 	-0.195 	0.014 	
-644.756 	-253.757 	94.925 	-0.057 	-0.037 	0.046 	
-48.894 	-100.876 	47.716 	0.061 	-0.046 	0.063 	
-108.782 	-88.967 	104.266 	-0.049 	-0.051 	-0.031 	
-140.834 	-50.947 	21.017 	0.027 	0.016 	-0.044 	
142.038 	-89.606 	19.227 	-0.043 	0.100 	-0.017 	
-31.861 	-46.673 	73.023 	-0.061 	0.035 	0.124 	
16.362 	-90.430 	69.186 	0.098 	0.203 	0.093 	
-115.500 	-29.253 	-135.647 	0.034 	-0.000 	0.062 	
53.626 	-99.960 	69.032 	0.149 	-0.117 	-0.128 	
86.428 	-34.043 	84.540 	-0.070 	-0.076 	0.069 	
436.148 	-683.016 	558.968 	0.114 	-0.216 	0.171 	
5.356 	-71.007 	130.298 	-0.051 	-0.056 	-0.054 	
-1.542 	-74.248 	57.773 	-0.106 	0.075 	-0.118 	
39.504 	-92.823 	249.478 	-0.025 	-0.061 	0.162 	
31.003 	104.113 	81.766 	-0.013 	-0.069 	0.020 	
-62.489 	-57.906 	143.365 	-0.084 	0.082 	-0.088 	
69.905 	-66.000 	49.885 	0.028 	0.040 	-0.141 	
-65.790 	-31.805 	86.604 	-0.106 	-0.024 	0.051 	
-24.161 	-57.930 	34.953 	-0.057 	0.033 	-0.084 	
61.355 	-33.635 	63.646 	0.053 	0.121 	0.064 	
284.593 	-719.379 	429.016 	-0.006 	-0.071 	0.048 	
-32.123 	-52.029 	46.683 	-0.147 	-0.001 	0.062 	
-12.843 	-29.478 	43.755 	0.036 	0.079 	-0.025 	
13.211 	-66.751 	116.629 	-0.136 	-0.139 	-0.058 	
27.565 	-46.330 	108.978 	-0.072 	-0.154 	-0.072 	
-35.812 	-11.508 	181.021 	-0.043 	0.026 	0.096 	
118.920 	-39.309 	78.926 	0.048 	-0.008 	-0.005 	
15.888 	-102.536 	73.859 	0.081 	-0.125 	0.044 	
12.331 	-112.207 	57.749 	0.179 	0.030 	0.043 	
-97.968 	-3.257 	106.980 	0.013 	-0.034 	0.050 	
24.228 	-51.430 	76.010 	-0.164 	-0.007 	-0.206 	
-93.483 	27.024 	59.385 	-0.035 	-0.079 	0.055 	
49.263 	-91.185 	39.978 	0.021 	-0.146 	-0.064 	
110.045 	-68.816 	42.225 	0.074 	-0.062 	-0.088 	
90.963 	-51.634 	55.293 	-0.049 	0.045 	-0.022 	
20.453 	-59.665 	101.639 	-0.235 	0.037 	-0.084 	
31100.330 	8692.670 	19249.338 	5.490 	1.541 	3.410 	
-0.317 	-139.414 	64.613 	0.031 	0.126 	0.009 	
-50.984 	-107.846 	-50.441 	0.056 	-0.013 	0.053 	
32.426 	-35.615 	64.476 	0.085 	-0.044 	-0.102 	
40.290 	-55.072 	36.224 	0.060 	0.017 	0.004 	
78.008 	29.120 	132.344 	-0.106 	-0.042 	-0.029 	
121.751 	-93.786 	39.288 	0.026 	-0.017 	-0.039 	
-57.892 	-76.447 	87.669 	-0.025 	-0.025 	-0.020 	
31.453 	-58.500 	34.418 	0.024 	0.061 	0.087 	
51.487 	-85.607 	88.927 	0.090 	-0.049 	0.187 	
66.578 	-68.935 	78.094 	0.149 	-0.081 	-0.115 	
56.538 	-115.836 	98.421 	0.044 	0.065 	-0.157 	
90.870 	-90.080 	8.272 	-0.130 	-0.072 	0.086 	
69.837 	-149.947 	68.461 	0.097 	0.019 	0.026 	
-536.833 	1272.571 	-421.432 	-0.098 	0.216 	-0.078 	
218.512 	33.580 	-26.109 	-0.098 	-0.044 	0.031 	
-85.922 	-29.559 	79.758 	-0.036 	-0.033 	-0.092 	
59.399 	-46.388 	27.444 	0.098 	-0.035 	0.026 	
-41.297 	-57.404 	48.973 	-0.015 	0.015 	0.103 	
192.399 	34.575 	-76.558 	-0.007 	0.004 	-0.026 	
23.761 	-68.528 	89.829 	0.066 	-0.094 	0.121 	
114.591 	-73.211 	4.669 	0.038 	-0.020 	-0.008 	
45.015 	-79.398 	67.773 	-0.111 	-0.032 	-0.082 	
-46.969 	95.428 	33.124 	-0.101 	-0.091 	-0.012 	
-72.389 	-69.110 	56.212 	0.129 	0.001 	-0.104 	
-92.648 	19.082 	128.708 	0.003 	0.022 	-0.029 	
816.664 	55.469 	-100.864 	0.060 	-0.000 	-0.006 	
7.777 	-22.454 	68.466 	-0.035 	-0.110 	0.098 	
46.075 	-68.741 	37.877 	0.087 	-0.182 	-0.116 	
-171.157 	13.259 	-84.930 	-0.055 	0.026 	-0.066 	
47.652 	-23.808 	79.738 	-0.105 	-0.101 	-0.076 	
1269.631 	175.717 	1595.609 	0.389 	0.077 	0.448 	
-265.195 	-70.699 	90.422 	0.001 	-0.018 	0.044 	
-54.673 	-161.540 	76.348 	0.095 	-0.116 	0.050 	
9.554 	-80.057 	56.622 	0.149 	-0.215 	-0.063 	
-58.694 	-93.785 	79.708 	0.103 	-0.144 	0.137 	
-15.100 	-51.731 	71.501 	0.069 	-0.101 	0.078 	
28.764 	-78.643 	133.531 	-0.031 	-0.003 	0.210 	
95.954 	108.914 	43.241 	-0.034 	0.025 	-0.020 	
47.636 	-53.303 	47.405 	-0.262 	-0.062 	-0.046 	
18.390 	-60.219 	28.532 	0.102 	-0.031 	-0.124 	
-255.173 	-190.534 	748.642 	-0.051 	-0.008 	0.092 	
65.349 	-4.398 	103.791 	0.033 	-0.086 	-0.068 	
-37.888 	-92.420 	93.615 	0.017 	-0.023 	-0.043 	
-437.789 	-31.638 	-205.506 	-0.132 	-0.014 	-0.017 	
56.245 	-47.708 	131.127 	0.097 	-0.005 	0.077 	
51.006 	20.127 	28.601 	0.049 	0.048 	0.006 	
72.010 	-61.334 	33.532 	0.027 	-0.004 	-0.173 	
-19.871 	-51.545 	-70.698 	-0.150 	-0.039 	0.057 	
4.780 	-62.897 	84.570 	-0.094 	0.014 	0.160 	
46.742 	-138.055 	76.854 	0.099 	-0.067 	0.020 	
-36.614 	-132.706 	17.352 	-0.090 	-0.006 	0.012 	
2264.003 	1423.934 	-826.731 	0.439 	0.274 	-0.163 	
76.833 	-339.384 	205.972 	-0.036 	-0.242 	0.125 	
-66.123 	-112.403 	54.075 	-0.133 	-0.074 	0.047 	
781.907 	337.460 	-2.500 	0.212 	0.123 	-0.009 	
-109.589 	-128.417 	38.152 	-0.007 	-0.106 	-0.026 	
35.156 	-103.481 	249.065 	-0.031 	0.003 	0.061 	
-43.208 	50.389 	38.439 	-0.160 	0.106 	0.007 	
41.494 	-93.647 	61.762 	0.172 	0.117 	-0.039 	
14.907 	-34.003 	78.639 	0.011 	0.192 	0.083 	
34.072 	-54.601 	102.747 	0.187 	-0.076 	-0.125 	
37.411 	-97.669 	47.698 	-0.205 	0.159 	-0.041 	
176.896 	-164.551 	103.297 	-0.041 	0.015 	-0.002 	
71.929 	-67.848 	66.109 	0.154 	0.007 	0.087 	
45.093 	-87.320 	102.851 	-0.111 	0.015 	0.056 	
-117.524 	-216.925 	114.087 	0.035 	0.055 	-0.051 	
58.799 	-18.515 	35.154 	0.087 	0.048 	-0.028 	
-92.657 	-58.289 	87.121 	0.160 	0.051 	-0.042 	
37.253 	33.628 	136.907 	0.100 	-0.032 	-0.031 	
-9.926 	-72.966 	42.094 	0.151 	-0.006 	0.186 	
24.443 	-166.935 	111.066 	-0.066 	0.000 	0.034 	
-124.613 	-85.115 	237.579 	-0.044 	-0.014 	0.066 	
86.446 	-80.035 	30.049 	-0.126 	-0.042 	-0.043 	
-54.116 	-75.434 	25.442 	0.013 	-0.023 	0.128 	
66.615 	-62.991 	62.836 	0.135 	-0.034 	0.164 	
-60.629 	-59.278 	96.824 	0.005 	0.026 	-0.075 	
-315.220 	-24.881 	63.910 	-0.191 	0.015 	-0.009 	
24.167 	-76.543 	75.971 	0.181 	-0.084 	0.045 	
4.944 	-65.313 	40.692 	0.165 	-0.024 	-0.048 	
56.910 	-67.537 	63.678 	-0.079 	0.061 	0.089 	
179.280 	-163.246 	-116.950 	-0.035 	-0.028 	-0.001 	
151.261 	-111.563 	70.694 	-0.057 	0.029 	0.072 	
50.066 	-85.474 	-2.260 	-0.044 	0.017 	0.072 	
-70.198 	-87.477 	147.014 	0.015 	0.008 	-0.059 	
-83.720 	-139.231 	-16.522 	-0.036 	-0.058 	0.039 	
384.903 	1711.827 	2881.716 	0.067 	0.435 	0.723 	
872.792 	-343.145 	-81.797 	0.448 	-0.158 	-0.070 	
36.978 	-47.054 	37.873 	0.095 	-0.066 	-0.028 	
132.980 	1.913 	105.557 	-0.122 	-0.009 	0.067 	
37.622 	-117.636 	73.911 	-0.142 	-0.033 	0.116 	
7.847 	-98.384 	57.930 	0.043 	-0.037 	0.028 	
126.211 	-51.602 	103.042 	-0.030 	0.015 	0.084 	
1977.316 	380.831 	-4247.751 	0.276 	0.060 	-0.627 	
-8610.187 	-39987.037 	-62968.305 	-1.525 	-7.107 	-11.197 	
-78.786 	-65.122 	149.786 	0.078 	-0.002 	-0.137 	
42.357 	-38.941 	124.421 	-0.046 	-0.052 	-0.138 	
52.309 	-154.209 	75.618 	-0.083 	-0.033 	0.034 	
19.287 	-74.312 	36.189 	-0.146 	0.052 	0.135 	
-82.139 	-110.563 	140.604 	0.084 	-0.001 	-0.008 	
-93.828 	-62.838 	-16.319 	-0.052 	0.057 	0.030 	
48.461 	-67.028 	39.075 	0.038 	0.031 	-0.045 	
7.295 	-46.042 	71.466 	-0.033 	-0.113 	0.156 	
62.189 	-145.233 	101.750 	0.025 	0.072 	0.007 	
-140.467 	-34.886 	90.204 	0.065 	0.146 	0.077 	
1441.341 	-712.243 	-291.351 	0.293 	-0.130 	-0.057 	
-111.928 	-7.268 	36.182 	-0.037 	0.024 	0.039 	
-850.801 	-149.379 	-446.681 	-0.253 	-0.053 	-0.125 	
-11.121 	-96.343 	81.738 	-0.152 	-0.197 	0.022 	
-52.654 	-90.516 	17.317 	-0.131 	0.073 	0.047 	
2793.848 	1022.565 	-464.341 	0.557 	0.205 	-0.095 	
-229.182 	105.157 	197.010 	-0.308 	0.155 	0.147 	
497.023 	-526.538 	-227.413 	0.066 	-0.086 	-0.033 	
687.019 	-272.571 	2063.487 	0.215 	-0.072 	0.647 	
78.879 	-71.179 	18.223 	-0.023 	-0.021 	-0.006 	
18.083 	-73.064 	121.871 	0.080 	0.049 	-0.007 	
-0.161 	-76.082 	57.608 	-0.150 	-0.062 	-0.016 	
-135.506 	-34.243 	22.365 	-0.011 	-0.038 	-0.116 	
101.285 	23.204 	145.522 	-0.010 	0.093 	0.096 	
-100.539 	-36.039 	115.630 	-0.023 	0.013 	-0.016 	
-29.376 	-78.164 	108.643 	-0.008 	0.068 	-0.052 	
35.276 	40.847 	63.989 	-0.046 	0.175 	0.025 	
12.771 	-72.669 	53.440 	0.172 	0.050 	-0.200 	
13.056 	-62.437 	76.546 	0.066 	-0.013 	0.041 	
-46.582 	-98.919 	56.585 	0.046 	0.027 	-0.208 	
-85.762 	-145.320 	62.452 	-0.064 	-0.058 	-0.043 	
-72.778 	-123.720 	11.199 	-0.080 	-0.063 	0.082 	
-5.707 	-77.201 	57.033 	-0.165 	-0.083 	-0.160 	
-53.266 	-63.810 	12.629 	0.073 	0.087 	0.073 	
-124.067 	-87.869 	109.331 	-0.071 	-0.041 	0.075 	
14.267 	-34.805 	73.809 	-0.027 	-0.225 	0.042 	
16.047 	-97.065 	44.135 	0.010 	-0.060 	0.010 	
-13.366 	-87.152 	43.452 	0.074 	0.036 	-0.012 	
965.603 	-279.007 	864.460 	0.263 	-0.089 	0.241 	
83.645 	-75.635 	84.437 	-0.037 	-0.052 	0.092 	
36.466 	-68.426 	49.956 	0.158 	0.008 	-0.130 	
-489.835 	163.809 	232.659 	-0.049 	0.024 	0.035 	
60.314 	-152.946 	102.886 	-0.030 	-0.031 	-0.001 	
-56.826 	-96.602 	37.510 	0.010 	0.128 	0.164 	
101.567 	-89.803 	51.718 	-0.008 	0.052 	0.035 	
-5659.491 	3406.095 	2034.703 	-1.005 	0.616 	0.365 	
-25.855 	-42.767 	14.340 	0.005 	-0.069 	0.075 	
169.330 	-16.346 	101.670 	-0.077 	0.031 	-0.030 	
175.626 	-2.554 	125.363 	-0.056 	-0.062 	0.014 	
197.623 	5.779 	-24.085 	-0.072 	-0.000 	0.010 	
-76.430 	-110.836 	84.954 	-0.186 	0.033 	0.014 	
16.753 	-59.012 	50.468 	-0.194 	0.068 	0.131 	
-67.167 	-37.874 	73.881 	-0.048 	0.049 	-0.040 	
-12.241 	-57.021 	93.943 	-0.028 	0.124 	-0.050 	
2.465 	-70.544 	-13.753 	-0.043 	-0.099 	0.146 	
87.420 	-33.493 	76.654 	0.087 	0.062 	-0.066 	
59.718 	-36.486 	99.992 	0.136 	-0.124 	-0.081 	
-1109.716 	375.322 	-260.389 	-0.170 	0.039 	-0.031 	
-53.620 	-27.173 	84.557 	0.095 	-0.056 	-0.069 	
-21.223 	-89.951 	44.451 	0.094 	0.077 	-0.019 	
-1.970 	-83.827 	53.721 	-0.102 	-0.080 	-0.021 	
2863.741 	819.235 	-391.893 	0.909 	0.296 	-0.149 	
11.193 	-92.474 	61.657 	-0.120 	0.119 	-0.001 	
41.508 	-113.838 	69.252 	-0.123 	0.143 	-0.038 	
91.181 	-80.814 	10.424 	-0.047 	0.054 	-0.005 	
-52.994 	-123.124 	118.271 	0.009 	-0.120 	0.092 	
-43.762 	-39.626 	94.642 	-0.082 	-0.013 	0.054 	
23.310 	85.750 	-16.463 	0.030 	-0.060 	-0.007 	
56.564 	0.523 	54.076 	0.069 	0.088 	-0.035 	
4.303 	-37.672 	66.161 	-0.173 	0.037 	0.103 	
-0.415 	-49.306 	18.691 	-0.160 	0.033 	0.073 	
12.708 	-54.316 	86.766 	-0.116 	0.147 	-0.065 	
42.708 	-60.678 	29.842 	0.129 	0.017 	-0.153 	
-34.791 	-72.424 	63.572 	0.006 	-0.111 	-0.003 	
451.547 	-107.926 	-498.558 	0.094 	-0.021 	-0.129 	
25.903 	-22.037 	14.564 	0.060 	0.120 	-0.184 	
-16.301 	-67.714 	59.332 	-0.041 	-0.123 	0.203 	
22.835 	-78.040 	97.770 	0.074 	0.198 	-0.020 	
-291.576 	314.156 	-1067.969 	-0.045 	0.060 	-0.193 	
-4.502 	-33.426 	94.880 	-0.101 	-0.025 	0.024 	
-970.184 	523.491 	-1506.685 	-0.313 	0.182 	-0.492 	
-56.995 	-146.216 	52.988 	0.027 	0.040 	-0.028 	
32.595 	-106.251 	56.115 	0.132 	0.108 	-0.031 	
9.414 	-56.381 	73.365 	-0.040 	-0.148 	0.182 	
-116.398 	-108.736 	39.547 	0.035 	-0.053 	0.142 	
836.974 	-6167.337 	4343.872 	0.104 	-1.019 	0.717 	
67.241 	-50.131 	48.217 	-0.134 	0.195 	-0.020 	
-9.140 	-204.004 	4.272 	-0.103 	0.055 	-0.051 	
-1113.690 	-335.297 	707.745 	-0.333 	-0.088 	0.181 	
183.277 	-193.840 	-76.831 	0.161 	-0.113 	-0.190 	
207.413 	-117.674 	7.120 	0.066 	-0.036 	-0.019 	
79.519 	-99.140 	40.675 	-0.063 	0.184 	0.116 	
-95.781 	-6.620 	115.792 	-0.075 	-0.095 	0.032 	
-618.421 	-618.626 	-75.710 	-0.097 	-0.098 	-0.011 	
52.032 	-29.778 	60.492 	0.023 	-0.011 	0.131 	
-41.039 	-97.303 	80.064 	-0.058 	-0.001 	0.011 	
42.409 	-54.599 	37.046 	-0.273 	-0.022 	0.059 	
56.237 	-45.076 	127.893 	-0.020 	0.038 	0.162 	
1774.275 	-2838.397 	-2480.303 	0.262 	-0.439 	-0.390 	
232.095 	-134.242 	57.236 	-0.076 	0.033 	0.015 	
-86.000 	-108.372 	29.893 	-0.105 	0.123 	0.073 	
-22.823 	-111.756 	29.259 	0.083 	0.137 	0.046 	
418.993 	-200.367 	-290.431 	0.363 	-0.133 	-0.348 	
-70.675 	-85.875 	60.947 	0.134 	-0.013 	-0.042 	
-31.416 	86.359 	59.325 	-0.081 	0.053 	-0.035 	
-111.488 	-67.793 	90.423 	-0.224 	0.017 	0.003 	
213.598 	17.058 	123.549 	0.050 	0.010 	-0.008 	
-65.450 	-59.516 	99.259 	-0.055 	0.012 	-0.078 	
36.688 	-103.219 	66.026 	-0.030 	0.221 	-0.128 	
33.043 	-92.761 	91.425 	-0.232 	-0.017 	0.027 	
-44.904 	-96.019 	78.656 	-0.135 	-0.079 	0.062 	
70.248 	-77.279 	77.984 	-0.082 	-0.016 	0.082 	
17.358 	-42.964 	12.489 	-0.012 	0.026 	-0.004 	
-25.651 	9.895 	121.238 	0.071 	0.117 	0.005 	
171.956 	-57.312 	92.708 	-0.044 	0.124 	0.106 	
120.361 	-130.731 	-162.234 	-0.028 	-0.034 	0.054 	
1.985 	-693.940 	650.153 	-0.074 	-0.250 	0.186 	
58.045 	-40.546 	64.795 	-0.173 	-0.041 	0.048 	
-1749.236 	-3574.694 	15422.844 	-0.288 	-0.579 	2.449 	
475.059 	118.259 	-126.633 	0.039 	-0.010 	-0.016 	
-51.490 	-46.397 	84.227 	0.042 	-0.195 	0.109 	
192.340 	-35.811 	66.719 	-0.028 	-0.131 	0.068 	
-51.783 	-59.822 	-31.061 	0.127 	-0.052 	-0.075 	
6.422 	-73.762 	28.101 	-0.069 	0.069 	0.046 	
82.519 	-65.773 	54.661 	-0.067 	0.040 	-0.183 	
1.999 	43.461 	162.287 	-0.136 	-0.051 	0.023 	
13.630 	-62.342 	27.498 	-0.084 	-0.109 	0.046 	
50.578 	-57.910 	70.220 	-0.150 	-0.050 	-0.071 	
59.838 	-89.882 	53.286 	0.134 	-0.058 	-0.141 	
3.929 	-80.958 	71.733 	0.075 	-0.133 	0.139 	
63.286 	-38.298 	85.150 	-0.231 	-0.014 	-0.033 	
105.183 	-85.140 	50.174 	-0.092 	-0.037 	0.054 	
-704.406 	-2242.944 	-1.081 	-0.133 	-0.396 	-0.007 	
112.267 	-56.619 	101.717 	0.035 	0.025 	0.073 	
85.527 	-107.947 	108.488 	0.033 	-0.044 	0.010 	
-18.098 	-46.292 	67.572 	-0.112 	-0.015 	0.023 	
23.380 	-47.204 	71.551 	-0.157 	0.057 	-0.010 	
-27.856 	-44.270 	-140.305 	-0.067 	0.000 	0.076 	
186.473 	-120.256 	114.924 	-0.040 	-0.019 	0.017 	
-39.505 	-77.996 	38.237 	-0.294 	-0.142 	-0.081 	
123.369 	94.780 	-59.376 	0.021 	-0.015 	0.005 	
-50.998 	-73.671 	64.378 	0.061 	-0.023 	-0.102 	
-81.300 	-122.065 	105.777 	0.082 	-0.040 	0.017 	
-4.756 	-43.795 	18.109 	-0.061 	-0.221 	0.059 	
-68.140 	-155.148 	37.253 	-0.168 	-0.001 	0.073 	
0.764 	28.815 	84.413 	0.097 	-0.041 	0.037 	
-295.274 	172.111 	-763.012 	-0.053 	0.011 	-0.069 	
35.470 	-73.980 	42.357 	0.208 	-0.027 	0.066 	
-1282.172 	303.481 	-843.330 	-0.236 	0.062 	-0.166 	
2792.352 	-2121.069 	-270.572 	0.951 	-0.716 	-0.090 	
45.813 	-25.354 	44.192 	-0.061 	-0.012 	0.151 	
80.071 	-54.642 	92.309 	0.028 	-0.036 	0.044 	
53.859 	-36.074 	98.445 	0.136 	0.130 	0.047 	
-39.675 	-54.077 	21.951 	-0.008 	-0.010 	0.114 	
-64.079 	-50.719 	33.342 	0.113 	0.031 	0.065 	
65.516 	-33.387 	35.624 	-0.022 	-0.110 	-0.000 	
-160.458 	-82.663 	69.856 	0.112 	-0.108 	0.027 	
123.205 	48.128 	-64.634 	0.034 	-0.009 	0.048 	
-2.400 	-25.605 	2.968 	-0.109 	0.068 	-0.020 	
226.907 	-76.636 	-17.256 	0.030 	0.015 	-0.023 	
-2846.653 	3523.535 	1936.144 	-0.463 	0.559 	0.302 	
55.610 	10.635 	103.262 	0.087 	0.055 	0.121 	
102.962 	129.782 	67.690 	-0.011 	-0.023 	0.011 	
79.346 	-83.884 	56.857 	-0.227 	0.013 	-0.048 	
-26.646 	-52.920 	61.754 	0.152 	-0.057 	0.116 	
24.851 	-13.018 	11.842 	0.066 	-0.039 	0.149 	
-567.420 	375.563 	14.594 	-0.115 	0.065 	-0.018 	
-28.025 	-48.352 	-9.114 	0.018 	0.002 	0.127 	
128.993 	-83.445 	-5.397 	0.029 	-0.070 	-0.003 	
189.649 	-44.793 	18.518 	-0.023 	0.127 	-0.035 	
191.256 	-35.658 	87.244 	-0.052 	0.009 	0.080 	
257.254 	211.113 	-159.232 	-0.008 	0.032 	-0.074 	
-2.931 	-44.324 	19.258 	0.003 	-0.081 	0.188 	
-595.657 	-168.814 	118.631 	-0.161 	-0.045 	0.038 	
32.480 	-78.077 	57.421 	0.010 	0.053 	-0.191 	
60.527 	-79.481 	50.829 	-0.027 	-0.110 	0.125 	
-1.799 	-196.177 	20.153 	-0.105 	0.067 	0.002 	
5.992 	-102.251 	52.610 	-0.177 	0.055 	-0.085 	
98.820 	42.606 	121.043 	-0.068 	-0.013 	-0.021 	
-28.763 	-167.012 	13.064 	-0.039 	-0.134 	0.066 	
96958.647 	7909.809 	78023.567 	23.366 	1.917 	18.839 	
28.474 	18.697 	-56.252 	-0.024 	0.017 	-0.123 	
147.386 	-120.475 	-38.829 	-0.047 	-0.037 	0.009 	
242.372 	-101.113 	163.620 	0.034 	-0.050 	0.028 	
-18.812 	-93.258 	40.504 	-0.077 	-0.098 	-0.060 	
-36.086 	-34.247 	-26.886 	-0.077 	-0.150 	0.057 	
-127.085 	-52.230 	28.323 	0.076 	0.133 	0.044 	
79.015 	48.332 	113.053 	0.020 	0.045 	-0.023 	
-55.168 	-88.370 	4.921 	-0.120 	0.068 	-0.022 	
26.139 	-45.730 	85.452 	-0.007 	-0.045 	-0.089 	
-25.485 	-145.387 	44.970 	-0.070 	-0.129 	0.073 	
-59.169 	-65.100 	-57.319 	-0.039 	-0.013 	-0.115 	
-3.006 	-137.545 	14.124 	0.122 	-0.044 	-0.007 	
1241.991 	2387.926 	2479.110 	0.152 	0.345 	0.362 	
-13.663 	-164.001 	82.946 	0.020 	0.053 	0.033 	
-230.221 	6823.548 	-4434.226 	-0.072 	1.121 	-0.729 	
49.795 	-71.016 	64.377 	0.148 	0.013 	0.027 	
-9387.187 	-11849.056 	-4463.922 	-2.939 	-3.666 	-1.397 	
-23.392 	-163.447 	64.754 	-0.005 	-0.081 	0.055 	
107.556 	-151.878 	124.163 	0.027 	-0.028 	0.019 	
8023.885 	39255.987 	64553.375 	1.431 	6.974 	11.464 	
-62.520 	-162.490 	118.116 	0.048 	0.045 	0.019 	
36.624 	107.757 	63.298 	-0.018 	0.079 	0.068 	
-93.163 	-192.621 	-62.241 	-0.084 	-0.022 	-0.001 	
20.868 	-71.589 	-36.592 	-0.190 	0.003 	-0.052 	
-53.194 	-38.715 	83.290 	-0.139 	0.008 	0.113 	
-123.329 	-43.077 	44.071 	-0.107 	0.031 	0.055 	
-30.458 	-144.738 	91.076 	0.048 	0.100 	-0.033 	
-517.056 	493.321 	-54.701 	-0.087 	0.020 	-0.012 	
-48.344 	4.661 	35.533 	-0.126 	-0.146 	0.067 	
1087.138 	-398.832 	428.812 	0.189 	-0.079 	0.080 	
75.302 	-37.861 	66.502 	0.044 	-0.118 	-0.030 	
-10.026 	-124.606 	58.229 	-0.008 	-0.034 	0.048 	
-65.728 	-93.076 	14.647 	-0.019 	-0.095 	-0.079 	
138.584 	-151.886 	16.028 	-0.093 	-0.135 	0.001 	
10.196 	-45.325 	65.044 	0.152 	-0.030 	-0.131 	
-52.423 	-80.658 	87.006 	0.169 	-0.041 	0.066 	
124.729 	-90.479 	15.353 	-0.052 	0.005 	-0.052 	
6.423 	-41.077 	73.508 	-0.068 	-0.085 	-0.033 	
-75.101 	-206.701 	39.547 	0.016 	-0.074 	-0.127 	
7.035 	-101.845 	60.503 	-0.013 	-0.201 	-0.044 	
25.005 	-74.714 	45.393 	-0.076 	0.019 	0.234 	
812.546 	-1143.794 	655.523 	0.141 	-0.198 	0.105 	
-668.294 	270.688 	232.456 	-0.080 	-0.002 	0.038 	
-204.707 	-188.317 	89.905 	-0.063 	0.007 	0.010 	
70.107 	-43.249 	58.869 	0.041 	0.006 	-0.082 	
206.386 	-145.633 	60.220 	0.010 	0.084 	-0.005 	
96.972 	-78.428 	109.121 	0.013 	-0.062 	0.124 	
15.948 	-56.671 	72.138 	-0.100 	-0.033 	0.232 	
-1422.041 	8619.613 	565.958 	-0.247 	1.412 	0.093 	
26.231 	-89.132 	172.024 	0.005 	-0.023 	-0.040 	
58.519 	-64.296 	75.086 	0.206 	-0.139 	0.038 	
-311.518 	-85.900 	78.506 	0.005 	0.014 	-0.016 	
1.035 	-135.087 	58.372 	0.102 	-0.005 	0.021 	
-56.256 	8.528 	-23.242 	-0.045 	-0.035 	0.032 	
50.257 	-53.377 	119.558 	0.003 	0.005 	-0.010 	
2.603 	-58.281 	28.472 	0.135 	0.065 	0.069 	
-80.898 	-165.053 	93.741 	0.028 	-0.040 	0.050 	
-105.194 	-137.324 	37.524 	0.013 	0.047 	0.041 	
33.712 	-54.814 	46.625 	-0.201 	-0.017 	0.090 	
82.798 	-104.038 	20.321 	0.050 	-0.054 	-0.053 	
-2.676 	-154.554 	135.292 	0.013 	0.040 	-0.036 	
-84.203 	-7.547 	-26.434 	0.084 	-0.089 	0.076 	
17.211 	-17.563 	-16.399 	-0.012 	-0.087 	0.163 	
570.551 	142.177 	-12.398 	0.051 	0.030 	0.001 	
-90.002 	13.337 	18.393 	-0.035 	0.037 	-0.021 	
-3395.751 	-3897.598 	-1824.353 	-0.522 	-0.567 	-0.262 	
-157.501 	-66.433 	72.789 	0.014 	-0.050 	0.057 	
67.646 	-71.155 	106.629 	-0.118 	-0.131 	-0.135 	
-997.999 	-1412.077 	620.102 	-0.181 	-0.259 	0.110 	
137.104 	-205.942 	135.960 	-0.002 	0.017 	-0.005 	
-730.016 	295.452 	854.624 	-0.135 	0.063 	0.163 	
-4.467 	-47.100 	95.911 	0.119 	-0.043 	-0.039 	
-29.847 	-54.719 	71.557 	0.077 	-0.050 	0.051 	
145.559 	-71.502 	-9.503 	0.016 	-0.003 	0.017 	
34.997 	-42.620 	66.848 	-0.042 	-0.061 	0.062 	
35.876 	-64.540 	54.794 	-0.143 	-0.218 	0.104 	
120.679 	-9.124 	43.311 	-0.029 	0.030 	0.004 	
23.854 	-72.494 	225.740 	0.030 	-0.057 	-0.088 	
-74.528 	-14.463 	128.331 	0.011 	-0.079 	-0.005 	
-32.229 	128.849 	-5.284 	0.012 	0.067 	-0.028 	
117.198 	-91.584 	-93.272 	0.029 	-0.018 	0.004 	
-73.097 	-92.750 	85.027 	0.050 	0.023 	-0.004 	
-372.039 	-21.553 	99.509 	-0.006 	0.006 	0.020 	
-91.007 	-70.239 	53.875 	-0.100 	-0.070 	0.005 	
64.204 	-157.325 	141.780 	0.053 	-0.054 	0.004 	
-82.353 	-157.090 	55.305 	0.029 	0.054 	-0.036 	
-23.180 	-62.720 	68.434 	-0.017 	-0.092 	0.074 	
183.101 	157.705 	48.359 	0.065 	-0.013 	0.020 	
-36.311 	-80.355 	63.853 	-0.096 	-0.049 	-0.005 	
-84.239 	-7.572 	-78.866 	-0.086 	0.014 	0.034 	
-39.478 	-141.531 	10.942 	-0.039 	-0.038 	0.056 	
-4046.161 	17658.090 	22608.381 	-1.661 	6.956 	8.885 	
-28.050 	-147.306 	17.395 	-0.072 	0.004 	0.045 	
-58.314 	-158.817 	-42.836 	0.065 	-0.057 	-0.066 	
37.401 	-102.575 	68.974 	0.114 	-0.071 	0.033 	
-267.809 	287.891 	-170.249 	-0.118 	0.122 	-0.088 	
-45.367 	-165.355 	71.988 	0.053 	0.134 	0.014 	
4.818 	-121.977 	114.205 	-0.045 	-0.055 	0.075 	
-91.174 	-161.113 	96.724 	0.003 	-0.144 	-0.044 	
-29.536 	-211.267 	43.749 	0.034 	0.091 	-0.017 	
54.960 	-79.923 	47.259 	0.076 	-0.095 	0.081 	
-63.200 	-16.872 	-6.226 	0.021 	-0.046 	-0.039 	
-111.979 	-111.852 	-2.239 	0.142 	0.004 	0.034 	
-989.115 	-1219.026 	4196.330 	-0.163 	-0.177 	0.621 	
42.308 	-74.243 	-83.045 	0.093 	-0.009 	-0.041 	
83.737 	-71.001 	-3.023 	0.145 	0.003 	0.021 	
37.686 	-44.596 	116.687 	-0.075 	-0.070 	-0.141 	
17.018 	-109.929 	-40.677 	0.028 	0.006 	0.082 	
16.003 	-57.370 	89.527 	-0.253 	0.028 	0.067 	
77.054 	-51.882 	89.972 	-0.127 	0.099 	0.048 	
17.014 	-71.173 	54.538 	-0.195 	0.100 	-0.042 	
137.494 	-67.052 	108.729 	0.132 	-0.011 	0.119 	
70.127 	-53.350 	23.693 	-0.076 	0.020 	-0.039 	
52.856 	-27.084 	84.671 	-0.010 	0.050 	0.191 	
24.468 	-94.162 	31.808 	0.054 	-0.121 	0.028 	
27.044 	-59.969 	65.188 	0.188 	-0.178 	-0.032 	
56.057 	-102.275 	51.300 	0.176 	-0.135 	-0.019 	
-4.446 	-55.191 	60.444 	0.036 	0.029 	-0.148 	
-151.093 	-45.398 	36.105 	0.029 	-0.062 	-0.038 	
41.092 	-21.308 	29.541 	0.029 	-0.079 	-0.000 	
-13.366 	-25.844 	10.819 	-0.108 	-0.003 	-0.069 	
58.238 	-40.118 	84.994 	0.034 	0.039 	0.015 	
68.836 	-38.496 	-19.401 	0.007 	-0.050 	-0.056 	
-895.458 	-1343.820 	-2059.943 	-0.254 	-0.330 	-0.515 	
44.699 	-59.728 	12.607 	-0.132 	-0.087 	0.164 	
-63.094 	-88.805 	5.746 	-0.097 	0.003 	0.180 	
315.438 	-40.584 	6.452 	0.016 	-0.014 	0.013 	
-70.225 	-67.935 	66.998 	0.136 	-0.018 	0.008 	
-103.011 	-84.942 	143.438 	0.019 	-0.024 	-0.014 	
42.593 	11.349 	149.932 	-0.074 	0.127 	-0.038 	
56.915 	-57.052 	67.427 	-0.067 	0.022 	0.230 	
-30.475 	-51.512 	66.015 	-0.028 	0.082 	-0.074 	
-97.362 	-97.969 	123.507 	-0.061 	-0.024 	-0.146 	
60.099 	-25.263 	-4.114 	0.023 	0.008 	0.084 	
94.959 	-45.854 	89.907 	0.044 	-0.042 	0.040 	
-283.687 	-7959.280 	-1360.952 	-0.060 	-1.308 	-0.223 	
-15.091 	61.200 	-15.525 	0.027 	-0.059 	0.012 	
75.968 	-43.172 	-0.321 	-0.100 	0.004 	0.133 	
-95640.534 	-8608.442 	-78305.738 	-23.128 	-2.071 	-18.899 	
53.492 	-51.080 	88.327 	0.114 	-0.130 	-0.055 	
81.440 	-168.617 	102.406 	0.005 	-0.113 	0.012 	
13.566 	-113.701 	109.112 	-0.101 	-0.054 	-0.063 	
53.783 	-36.329 	130.698 	-0.054 	-0.070 	0.002 	
19.326 	-101.172 	33.380 	0.002 	-0.245 	0.084 	
79.788 	-55.629 	114.046 	0.022 	-0.068 	0.086 	
69.944 	-60.373 	2.660 	-0.094 	0.004 	0.031 	
-54.022 	-149.218 	14.433 	0.015 	0.012 	0.067 	
13.224 	-106.911 	35.548 	0.189 	-0.013 	0.072 	
4437.150 	-17845.858 	-22403.513 	1.676 	-7.008 	-8.818 	
196.089 	-2.716 	38.981 	-0.030 	-0.019 	0.064 	
-76.128 	24.503 	3.015 	0.014 	-0.017 	0.019 	
36.588 	-84.938 	50.392 	0.294 	0.012 	0.023 	
4952.602 	-3775.425 	-3022.003 	0.881 	-0.660 	-0.534 	
-14.115 	1.842 	50.346 	0.098 	-0.140 	0.067 	
-1921.597 	-829.555 	615.157 	-0.706 	-0.256 	0.187 	
42.258 	-15.921 	108.963 	0.074 	0.099 	0.081 	
