## Las primeras 500 lineas corresponden a la esfera 1 
##las siguienets 500 lineas a la esfera 2
## Las primeras tres columnas corresponden a la posición en 'x', 'y' y 'z', las siguientes tres a las velocidades
-65.109 	-144.071 	85.114 	0.122 	0.085 	0.025 	
-1.200 	-42.622 	23.104 	0.024 	-0.007 	0.056 	
57.520 	-67.517 	53.303 	0.033 	0.139 	-0.050 	
-2338.289 	2792.148 	-461.279 	-0.336 	0.400 	-0.072 	
150.103 	-52.879 	105.299 	-0.066 	0.073 	0.001 	
-34.398 	292.505 	54.423 	-0.102 	0.205 	0.006 	
86.292 	102.527 	46.408 	0.026 	0.007 	0.027 	
45.982 	-25.661 	11.535 	-0.106 	-0.099 	-0.009 	
3.957 	-84.328 	63.951 	0.153 	0.118 	0.051 	
80.858 	-79.294 	43.903 	-0.110 	0.043 	-0.012 	
-476.806 	2548.674 	-1369.701 	-0.072 	0.378 	-0.203 	
22.528 	-40.773 	66.010 	-0.023 	-0.094 	-0.098 	
1800.979 	-2386.368 	1696.277 	0.265 	-0.349 	0.250 	
45.534 	-8.922 	50.504 	0.013 	-0.169 	0.015 	
-16.639 	-70.753 	85.160 	-0.063 	-0.069 	0.008 	
-21.652 	-93.637 	88.007 	-0.212 	-0.003 	0.038 	
87.961 	-147.521 	127.394 	-0.063 	-0.009 	-0.020 	
-153.265 	55.395 	0.621 	-0.021 	-0.048 	-0.083 	
0.961 	-66.603 	66.011 	-0.105 	-0.081 	-0.092 	
0.889 	-25.522 	83.444 	-0.175 	0.222 	0.098 	
-18.928 	-123.636 	130.746 	-0.109 	0.088 	0.034 	
54.476 	-206.162 	-13.288 	-0.087 	-0.085 	-0.015 	
-3.150 	-86.963 	67.996 	0.031 	0.148 	-0.101 	
124.926 	-40.572 	29.708 	-0.121 	0.031 	-0.044 	
64.373 	-64.116 	65.033 	-0.069 	-0.022 	0.050 	
-172.814 	-154.616 	134.063 	0.006 	0.008 	-0.013 	
-14.498 	-55.985 	60.975 	-0.023 	0.067 	0.067 	
54.158 	-90.015 	46.963 	-0.002 	0.061 	0.037 	
-129.201 	-56.398 	152.425 	0.121 	-0.005 	0.047 	
-14.890 	-88.656 	68.494 	-0.060 	-0.047 	0.233 	
-163.546 	2.510 	67.245 	0.067 	-0.101 	0.016 	
-34.270 	-65.923 	89.793 	0.021 	-0.043 	-0.143 	
-33.842 	-125.840 	23.262 	-0.047 	0.011 	-0.016 	
8.649 	-76.807 	85.437 	-0.071 	-0.081 	0.086 	
18.642 	-88.456 	68.961 	0.080 	-0.081 	-0.147 	
-84.008 	-67.484 	96.055 	-0.017 	-0.063 	0.031 	
-33.564 	-42.649 	8.951 	0.121 	0.145 	-0.058 	
88.102 	-54.345 	28.918 	-0.115 	-0.087 	0.079 	
100.307 	-64.370 	47.710 	0.199 	0.016 	-0.004 	
15.704 	-87.467 	54.966 	-0.013 	0.005 	-0.039 	
17.603 	-109.729 	56.153 	0.054 	-0.023 	-0.067 	
7.408 	-72.238 	65.674 	0.104 	-0.092 	0.007 	
83.882 	-52.491 	40.881 	0.033 	-0.074 	-0.017 	
97.782 	-72.974 	60.056 	-0.159 	-0.056 	-0.072 	
-51.011 	-53.824 	81.248 	0.060 	-0.190 	-0.012 	
8.042 	-86.497 	74.549 	0.072 	0.035 	-0.179 	
161.459 	-43.839 	-44.458 	0.050 	-0.034 	-0.060 	
-1.236 	-78.791 	46.374 	0.079 	-0.045 	-0.046 	
-76.817 	33.295 	22.156 	-0.093 	-0.073 	-0.021 	
31.633 	-56.431 	87.417 	0.021 	0.029 	-0.111 	
106.099 	126.245 	169.121 	-0.052 	-0.065 	-0.044 	
-68.128 	-100.491 	12.503 	-0.073 	0.003 	-0.006 	
31.628 	-105.999 	93.471 	0.075 	-0.106 	0.160 	
73.112 	-95.479 	51.087 	0.032 	-0.059 	0.018 	
1.419 	-56.141 	37.354 	-0.023 	-0.002 	0.034 	
18.437 	-44.580 	12.487 	-0.135 	-0.049 	-0.089 	
-44.653 	26.994 	58.067 	-0.118 	-0.011 	-0.041 	
117.461 	-68.778 	38.499 	0.031 	-0.125 	0.015 	
114.368 	-183.127 	1.866 	-0.070 	0.090 	0.027 	
29.147 	-67.920 	89.305 	0.080 	-0.072 	0.081 	
114.514 	-75.521 	73.916 	0.052 	-0.042 	-0.035 	
26.795 	-119.899 	33.171 	0.099 	0.062 	0.093 	
-183.399 	-220.682 	20.368 	0.005 	-0.001 	0.029 	
38.329 	-66.511 	53.090 	-0.085 	0.211 	0.079 	
140.823 	162.683 	76.494 	0.032 	0.028 	0.008 	
3.419 	-36.317 	68.515 	-0.092 	0.088 	-0.053 	
-1175.911 	-2013.651 	-1641.405 	-0.178 	-0.288 	-0.236 	
-5.668 	-207.464 	189.434 	-0.030 	0.036 	-0.032 	
27.498 	-60.511 	69.870 	-0.126 	-0.055 	-0.057 	
89.730 	-117.157 	135.135 	0.048 	-0.040 	-0.027 	
60.764 	-90.756 	87.938 	-0.058 	0.008 	0.034 	
0.788 	-61.649 	69.599 	0.089 	0.014 	-0.033 	
16.606 	-38.085 	77.425 	-0.149 	0.025 	0.225 	
16.421 	-29.479 	-44.677 	0.113 	-0.006 	-0.089 	
39.108 	-90.564 	-96.927 	-0.017 	-0.022 	-0.027 	
116.926 	-100.555 	-43.381 	0.054 	0.025 	0.115 	
192.199 	18.796 	41.447 	0.045 	0.058 	0.033 	
952.666 	1427.507 	2516.856 	0.134 	0.197 	0.350 	
9.074 	-9.332 	69.751 	-0.035 	-0.159 	0.012 	
-18.820 	-89.578 	49.694 	-0.082 	0.012 	0.009 	
-48.957 	-101.119 	119.331 	0.080 	-0.009 	-0.148 	
144.954 	-46.941 	-0.200 	0.065 	-0.036 	-0.050 	
68.795 	-142.501 	-90.738 	-0.006 	-0.049 	-0.090 	
-87.452 	-406.093 	661.983 	0.002 	-0.020 	0.049 	
-60.694 	-133.270 	101.339 	0.043 	-0.121 	0.024 	
149.190 	-53.921 	21.239 	-0.169 	-0.008 	-0.037 	
105.057 	-87.377 	129.401 	-0.043 	-0.003 	-0.112 	
65.075 	-41.695 	61.777 	-0.106 	-0.134 	-0.041 	
-42.054 	-206.182 	122.402 	-0.078 	-0.135 	0.045 	
3.034 	-129.323 	25.476 	0.073 	-0.070 	0.035 	
30.586 	-65.929 	-30.911 	0.066 	-0.033 	-0.006 	
-125.593 	-50.161 	69.337 	0.038 	-0.062 	0.134 	
-61.539 	-106.482 	108.019 	-0.010 	-0.007 	0.067 	
-16.077 	-180.573 	106.897 	0.124 	0.003 	0.093 	
108.264 	-78.351 	74.253 	-0.057 	0.015 	0.120 	
22.430 	-178.837 	11.979 	-0.061 	0.125 	0.035 	
21.642 	-78.141 	53.673 	-0.049 	0.009 	-0.132 	
4215.671 	-4548.760 	0.351 	0.612 	-0.666 	0.004 	
6082.662 	-5581.059 	-11601.774 	0.871 	-0.795 	-1.651 	
88.584 	-184.554 	-25.859 	-0.006 	0.020 	-0.003 	
43.578 	-44.169 	40.501 	0.086 	0.054 	0.016 	
43.646 	17.615 	112.235 	0.029 	0.088 	0.024 	
-22.731 	-52.549 	26.613 	-0.065 	0.046 	0.064 	
63.779 	-70.254 	104.371 	0.069 	0.040 	0.055 	
5353.171 	-3750.131 	3209.641 	0.754 	-0.523 	0.450 	
-5176.549 	6841.583 	12333.573 	-0.730 	0.971 	1.752 	
3562.206 	-81.284 	289.917 	0.615 	-0.008 	0.048 	
-2142.939 	1847.910 	778.878 	-0.687 	0.597 	0.250 	
20.774 	-86.514 	64.306 	0.022 	0.091 	0.105 	
622.399 	-59.530 	290.397 	0.032 	0.031 	0.025 	
24.590 	-62.249 	151.106 	-0.032 	-0.021 	-0.059 	
-43.942 	-80.943 	20.200 	0.006 	0.016 	0.010 	
-2257.485 	-677.281 	153.755 	-0.436 	-0.103 	0.022 	
215.371 	81.899 	-46.172 	-0.053 	-0.008 	0.034 	
-47.584 	-148.251 	69.157 	-0.084 	-0.127 	-0.002 	
35.093 	-90.408 	75.779 	0.006 	0.006 	-0.016 	
-11.556 	-111.041 	87.638 	-0.093 	0.004 	0.148 	
283.775 	-257.201 	-0.347 	0.014 	0.073 	-0.014 	
94.346 	23.864 	32.220 	-0.026 	-0.021 	-0.113 	
125.357 	-44.936 	4.808 	-0.002 	-0.019 	0.035 	
-183.476 	-86.372 	21.912 	0.037 	0.029 	0.120 	
88.350 	-10.359 	-27.314 	0.032 	-0.045 	-0.092 	
-33.547 	-33.004 	43.731 	0.051 	-0.070 	0.132 	
9.163 	-129.875 	46.954 	-0.062 	-0.019 	0.043 	
406.790 	25.883 	63.875 	-0.021 	-0.035 	-0.008 	
70.825 	-18.785 	77.249 	-0.013 	0.058 	0.049 	
1.826 	-68.140 	63.470 	0.037 	0.005 	0.099 	
130.214 	-43.554 	53.077 	0.036 	0.036 	0.048 	
-34.783 	-88.232 	130.934 	0.062 	-0.057 	-0.022 	
1.954 	-68.804 	54.231 	-0.182 	0.138 	0.183 	
19.530 	-41.340 	66.716 	0.109 	-0.158 	0.034 	
-67.719 	-66.764 	40.386 	-0.106 	-0.039 	0.031 	
126.579 	-50.871 	107.389 	-0.089 	-0.028 	0.051 	
728.618 	1461.130 	-599.806 	0.302 	0.652 	-0.271 	
38.507 	-76.375 	67.577 	-0.017 	0.041 	-0.029 	
-12.769 	-76.111 	38.157 	0.046 	0.140 	-0.174 	
31.767 	-84.267 	47.295 	0.089 	0.007 	-0.019 	
-256.228 	-450.271 	136.861 	-0.034 	-0.097 	0.005 	
-33284.957 	-9832.697 	-19751.739 	-5.694 	-1.675 	-3.368 	
-4028.716 	3445.098 	-2061.896 	-0.555 	0.480 	-0.285 	
-64.980 	-164.821 	111.751 	-0.090 	-0.042 	-0.085 	
-1724.844 	-343.302 	1078.446 	-0.288 	-0.060 	0.173 	
1184.780 	108.154 	-250.084 	0.187 	0.016 	-0.063 	
83.719 	13.201 	23.986 	-0.028 	-0.040 	-0.060 	
-1199.144 	3606.087 	-1229.144 	-0.671 	1.959 	-0.679 	
-229.916 	-36.137 	284.771 	-0.298 	0.071 	0.200 	
89.229 	-37.348 	8.334 	0.015 	0.148 	-0.022 	
6.624 	-53.940 	60.391 	0.212 	-0.135 	-0.158 	
131.622 	-222.224 	7.495 	0.100 	-0.028 	0.013 	
409.265 	-3643.201 	1363.954 	0.194 	-1.940 	0.716 	
18.564 	-37.733 	12.343 	0.055 	0.098 	0.014 	
-13.926 	-103.060 	50.928 	0.149 	0.142 	0.108 	
-0.395 	-46.390 	38.703 	0.045 	-0.085 	0.079 	
62.651 	-79.198 	68.292 	0.042 	-0.178 	-0.191 	
51.225 	-93.577 	64.918 	0.025 	-0.062 	0.078 	
89.695 	36.080 	110.345 	-0.008 	0.040 	0.029 	
76.340 	-42.883 	64.821 	-0.044 	0.001 	0.027 	
-5.976 	-56.354 	63.260 	0.116 	-0.063 	0.022 	
757.131 	543.566 	-760.903 	0.102 	0.092 	-0.115 	
-37.582 	-108.286 	11.056 	-0.020 	-0.023 	-0.096 	
111.261 	-98.213 	87.537 	-0.035 	-0.071 	-0.068 	
-163.923 	-5.746 	0.623 	0.064 	0.027 	-0.078 	
-216.174 	106.012 	258.205 	-0.017 	-0.037 	-0.004 	
55.154 	-64.100 	41.863 	0.098 	0.063 	-0.031 	
62.086 	-31.764 	30.789 	0.010 	0.160 	0.013 	
106.136 	-53.505 	106.192 	-0.028 	0.009 	-0.069 	
-104.841 	-131.542 	17.647 	-0.045 	0.066 	0.059 	
-26.819 	-63.090 	51.158 	-0.153 	0.072 	-0.102 	
128.466 	-126.672 	84.751 	0.036 	-0.056 	0.024 	
-22.086 	-78.148 	63.866 	0.056 	0.129 	-0.051 	
-118.787 	-153.188 	-33.364 	-0.038 	0.013 	-0.037 	
2268.133 	-42559.120 	-24709.243 	0.817 	-15.883 	-9.238 	
121.812 	-79.297 	68.685 	-0.105 	-0.058 	0.038 	
32.004 	25.514 	102.154 	-0.031 	-0.003 	-0.054 	
-43.656 	-48.621 	61.447 	0.039 	-0.142 	-0.043 	
-45.920 	-44.696 	91.811 	-0.106 	0.118 	0.134 	
3.237 	-61.249 	63.665 	0.073 	-0.112 	0.075 	
63.479 	-79.050 	8.264 	-0.107 	-0.169 	0.054 	
175.687 	-56.074 	-185.644 	-0.039 	-0.033 	0.069 	
-25.628 	-20.553 	96.091 	-0.141 	0.093 	0.085 	
504.964 	-21.321 	154.775 	0.336 	0.045 	0.111 	
218.930 	-64.369 	-6.378 	0.111 	-0.004 	0.011 	
30.018 	-49.250 	73.149 	0.029 	-0.061 	-0.034 	
1.772 	-6.103 	7.222 	0.172 	-0.005 	0.019 	
171.427 	-75.025 	4.171 	0.055 	-0.018 	0.108 	
49.855 	-79.305 	79.835 	-0.006 	-0.082 	-0.021 	
-72.584 	-227.600 	-15.736 	-0.118 	-0.035 	0.059 	
-869.230 	530.726 	1137.619 	-0.202 	0.101 	0.210 	
145.806 	31.719 	56.874 	-0.033 	0.063 	-0.039 	
58.998 	-81.467 	-3.893 	-0.218 	-0.051 	0.096 	
98.182 	-53.263 	-68.133 	-0.083 	-0.063 	0.006 	
-3.690 	-73.305 	48.013 	0.119 	0.025 	-0.115 	
-677.777 	-1261.770 	625.672 	-0.311 	-0.532 	0.263 	
83.560 	6.977 	62.609 	0.070 	0.055 	0.014 	
-101.182 	-99.411 	38.289 	0.149 	0.017 	0.036 	
4.108 	-63.617 	52.156 	0.004 	-0.093 	-0.077 	
5310.458 	637.229 	1055.225 	0.887 	0.117 	0.177 	
-19.922 	-30.103 	69.791 	-0.074 	-0.089 	-0.013 	
-53.038 	-78.070 	62.343 	-0.114 	-0.100 	-0.047 	
34.767 	-58.290 	48.234 	0.057 	0.021 	0.193 	
-15.047 	-119.535 	104.230 	0.058 	-0.018 	-0.065 	
262.345 	-118.860 	-38.359 	0.124 	0.049 	-0.017 	
-56.365 	-100.148 	59.323 	-0.006 	0.106 	0.131 	
10.277 	-61.418 	66.448 	-0.026 	0.111 	0.021 	
200.788 	-380.464 	754.374 	0.007 	-0.049 	0.088 	
-116.157 	-20.161 	82.918 	0.087 	-0.034 	0.059 	
19.575 	-133.519 	-31.298 	-0.031 	0.004 	0.122 	
1557.493 	-1648.598 	-522.629 	0.392 	-0.401 	-0.132 	
40.088 	-47.124 	10.478 	-0.075 	-0.073 	-0.043 	
-46.927 	-151.559 	11.040 	-0.066 	-0.027 	-0.001 	
-18.338 	-80.522 	-12.071 	-0.088 	-0.073 	-0.020 	
674.863 	-292.153 	112.591 	0.037 	-0.023 	-0.004 	
-75.482 	-80.284 	49.636 	0.059 	-0.059 	0.028 	
-47.603 	-96.051 	72.016 	0.029 	0.111 	-0.051 	
44.134 	-3.672 	143.321 	0.011 	0.050 	-0.025 	
187.097 	-58.038 	63.516 	-0.152 	0.018 	0.045 	
-102.483 	-90.391 	-52.193 	0.088 	-0.072 	-0.020 	
-78.576 	-196.829 	-41.090 	-0.034 	-0.018 	-0.015 	
-38.210 	-107.169 	148.693 	-0.001 	0.133 	0.027 	
21.883 	-69.619 	42.932 	-0.066 	-0.074 	0.027 	
122.220 	-51.543 	32.879 	0.100 	-0.106 	-0.049 	
-64.999 	-28.886 	74.095 	-0.106 	0.060 	-0.073 	
-133.137 	-129.831 	190.985 	-0.103 	-0.051 	0.113 	
153.287 	-105.402 	4.695 	-0.026 	-0.025 	0.034 	
36.327 	-85.044 	86.828 	-0.180 	-0.025 	0.155 	
37.761 	-71.246 	66.239 	-0.120 	-0.138 	-0.141 	
25.751 	-105.244 	50.058 	-0.044 	-0.091 	-0.046 	
31.085 	-34.823 	131.248 	-0.005 	0.044 	0.006 	
11.643 	-60.019 	67.940 	-0.066 	-0.144 	0.032 	
121.474 	-75.582 	15.965 	0.004 	0.032 	-0.060 	
118.826 	-72.029 	-19.695 	0.025 	0.032 	-0.071 	
60.408 	-81.672 	69.719 	0.014 	0.077 	0.005 	
126.977 	-7.584 	98.077 	-0.089 	-0.027 	-0.047 	
97.508 	34.439 	45.777 	0.031 	0.118 	0.013 	
-13.644 	-165.221 	74.801 	0.144 	-0.054 	-0.023 	
414.228 	-682.124 	-450.532 	0.032 	-0.113 	-0.075 	
15.142 	-56.904 	49.708 	0.216 	-0.049 	0.083 	
-48.666 	-108.295 	70.942 	-0.014 	0.099 	0.059 	
61.158 	-40.509 	97.028 	0.104 	0.113 	0.146 	
-139.313 	84.719 	-78.421 	0.018 	0.029 	-0.006 	
-60.609 	-152.067 	80.460 	0.146 	0.060 	-0.079 	
22.700 	-49.666 	68.544 	-0.063 	0.073 	0.049 	
-25.746 	-130.159 	81.896 	-0.106 	0.068 	-0.133 	
-102.725 	-203.381 	-5.761 	-0.137 	0.033 	0.007 	
10474.518 	12253.141 	4549.686 	3.031 	3.585 	1.316 	
774.180 	-170.058 	-120.661 	0.148 	-0.034 	-0.028 	
-43.345 	-71.519 	59.653 	0.064 	0.090 	-0.030 	
37.328 	-44.186 	56.538 	0.038 	-0.019 	0.090 	
34.653 	1.814 	38.305 	0.029 	0.090 	-0.162 	
39.383 	-63.682 	46.178 	-0.150 	0.031 	0.191 	
2290.527 	1452.745 	510.649 	0.329 	0.214 	0.072 	
16.010 	-117.990 	64.962 	0.135 	0.126 	-0.085 	
-32.815 	-82.933 	59.351 	0.037 	-0.070 	0.080 	
55.078 	-41.924 	-81.438 	-0.167 	-0.044 	-0.041 	
-21.846 	-124.295 	73.202 	0.002 	-0.073 	0.081 	
78.085 	-70.549 	12.408 	-0.094 	0.083 	0.064 	
-46.602 	-52.703 	27.501 	0.121 	0.009 	-0.123 	
143.848 	-46.947 	21.372 	0.041 	-0.067 	0.146 	
2411.827 	1416.505 	-1493.735 	0.345 	0.210 	-0.210 	
65.246 	-67.696 	56.764 	0.020 	0.091 	-0.011 	
-2357.052 	42092.283 	24550.511 	-0.911 	15.733 	9.160 	
60.321 	0.871 	-4.240 	0.013 	-0.110 	0.078 	
-110.322 	-57.052 	-34.876 	0.031 	0.039 	0.074 	
6.802 	-77.109 	56.799 	0.030 	0.115 	0.095 	
32.756 	-42.253 	-27.951 	0.136 	0.074 	0.118 	
-7.442 	-69.293 	-52.001 	-0.042 	0.080 	0.084 	
-12.359 	11.725 	-67.802 	0.003 	0.069 	-0.022 	
-4332.686 	-451.290 	-162.317 	-0.714 	-0.066 	-0.025 	
-95.399 	-12.735 	270.300 	0.023 	0.028 	0.023 	
18.458 	-72.462 	76.115 	0.033 	-0.176 	0.212 	
37.242 	-126.474 	117.057 	0.040 	-0.013 	0.019 	
18.331 	-80.231 	117.874 	-0.038 	0.048 	-0.111 	
44.404 	-63.290 	57.674 	0.086 	-0.121 	0.043 	
-12.406 	-73.479 	57.851 	0.001 	-0.137 	-0.128 	
25.147 	-119.994 	25.084 	-0.026 	-0.017 	-0.107 	
-92.794 	-58.723 	11.786 	0.053 	0.032 	0.035 	
19.044 	-61.068 	68.683 	0.162 	-0.090 	-0.046 	
2488.501 	-473.033 	72.991 	0.406 	-0.081 	0.006 	
-34.359 	-42.991 	206.835 	-0.023 	-0.047 	0.045 	
-19.577 	-29.281 	85.633 	0.010 	0.067 	0.036 	
66.709 	-95.511 	98.906 	0.011 	-0.037 	-0.142 	
-19.312 	27.560 	51.755 	-0.091 	-0.075 	0.033 	
-1334.635 	-695.032 	-2961.664 	-0.189 	-0.101 	-0.421 	
-24.348 	-73.237 	97.898 	-0.035 	0.038 	0.180 	
-162.706 	-67.616 	-0.862 	-0.052 	-0.058 	-0.074 	
-28.829 	-51.492 	61.227 	-0.014 	0.035 	-0.009 	
78.227 	-149.053 	-9.905 	0.010 	0.078 	-0.021 	
12.618 	-90.542 	69.768 	0.063 	-0.117 	-0.085 	
-2.242 	-92.580 	37.854 	0.103 	-0.024 	0.057 	
-128.527 	-45.857 	147.805 	-0.013 	-0.027 	-0.097 	
44.853 	-81.770 	148.985 	-0.022 	-0.020 	-0.096 	
19.333 	-94.573 	52.146 	0.068 	-0.050 	0.158 	
67.216 	-133.148 	35.670 	-0.093 	0.067 	0.046 	
6.485 	-28.265 	70.477 	0.061 	0.003 	-0.067 	
8.977 	-73.725 	65.006 	0.056 	0.001 	0.084 	
44.783 	-73.782 	43.272 	0.108 	-0.126 	-0.016 	
290.095 	-388.206 	33.408 	-0.052 	-0.026 	0.001 	
-102.537 	-91.129 	122.186 	0.106 	0.003 	-0.016 	
14.583 	-73.102 	57.573 	0.131 	0.018 	0.052 	
43.037 	-58.955 	75.063 	-0.155 	0.054 	0.014 	
17.684 	-119.841 	22.620 	0.002 	0.080 	0.045 	
25.281 	-50.189 	11.592 	0.031 	0.040 	-0.046 	
25.619 	-79.334 	77.851 	-0.114 	-0.021 	0.037 	
3.582 	-28.354 	53.126 	0.009 	0.020 	-0.107 	
135.041 	-74.760 	43.530 	-0.062 	0.003 	0.087 	
52.186 	-106.641 	125.119 	-0.125 	-0.042 	-0.037 	
-257.733 	48.898 	76.155 	0.002 	0.038 	0.026 	
-2.929 	-12.750 	67.412 	-0.030 	0.040 	-0.122 	
5.318 	-55.771 	-112.889 	-0.076 	-0.027 	-0.158 	
37.964 	-65.731 	52.901 	-0.045 	-0.018 	-0.194 	
11.554 	-92.565 	56.221 	-0.065 	-0.132 	-0.091 	
-96.934 	-56.343 	52.865 	0.010 	-0.056 	0.032 	
-92.922 	-203.604 	-18.002 	0.024 	-0.048 	0.035 	
-5.031 	-27.336 	140.519 	0.116 	0.121 	0.087 	
-1168.597 	-1980.819 	1969.022 	-0.182 	-0.287 	0.298 	
91.675 	-274.070 	5.130 	-0.040 	0.035 	0.007 	
52.091 	-0.133 	128.052 	-0.152 	-0.001 	-0.006 	
17.291 	-105.733 	-151.553 	-0.052 	-0.015 	-0.062 	
-16.565 	-87.954 	34.766 	-0.101 	-0.005 	-0.070 	
21.676 	-65.547 	85.234 	-0.125 	-0.010 	0.005 	
-31.054 	-60.365 	134.580 	-0.113 	-0.059 	-0.113 	
114.090 	-74.882 	111.086 	-0.085 	-0.017 	-0.114 	
34.893 	-54.911 	13.191 	-0.149 	-0.086 	-0.001 	
59.095 	-79.803 	52.800 	0.124 	-0.042 	0.102 	
-1203.640 	94.725 	-1561.330 	-0.307 	0.050 	-0.433 	
7.403 	-81.154 	65.056 	-0.025 	-0.161 	-0.010 	
121.040 	-40.912 	141.812 	-0.063 	-0.077 	-0.011 	
-88.297 	-105.279 	22.489 	-0.023 	-0.093 	-0.069 	
-17.670 	-38.403 	74.669 	0.048 	0.156 	-0.032 	
-1272.383 	4916.220 	545.888 	-0.192 	0.719 	0.084 	
-55.038 	74.985 	50.502 	-0.003 	-0.119 	0.090 	
85.358 	-58.414 	-7.104 	-0.074 	-0.042 	-0.085 	
4.050 	-50.499 	35.777 	0.132 	-0.102 	-0.031 	
7.614 	16.573 	121.887 	-0.203 	0.004 	0.027 	
5.301 	-53.434 	42.570 	0.034 	0.048 	0.100 	
-144.102 	-216.636 	-17.976 	-0.021 	0.003 	0.023 	
-12.991 	-68.901 	71.282 	-0.087 	-0.010 	0.165 	
1.474 	-59.312 	54.119 	0.154 	-0.054 	0.055 	
5.917 	-55.566 	50.473 	-0.139 	-0.179 	-0.075 	
-389.095 	-104.312 	62.705 	-0.036 	-0.037 	-0.002 	
-105.564 	-60.300 	-112.461 	0.028 	0.025 	-0.008 	
-80.825 	49.075 	28.714 	-0.081 	-0.031 	0.022 	
166.026 	-122.419 	60.346 	-0.006 	-0.048 	0.016 	
-19.221 	-55.088 	17.865 	-0.122 	0.065 	-0.069 	
52.751 	-72.691 	43.903 	-0.221 	0.044 	0.042 	
129.259 	-69.922 	-2.640 	0.083 	0.045 	0.027 	
138.092 	-24.020 	71.950 	0.034 	0.066 	0.071 	
-82.122 	-76.542 	69.842 	-0.138 	-0.030 	-0.044 	
-122.767 	-97.946 	52.173 	-0.061 	0.026 	0.001 	
-406.789 	-142.170 	140.622 	-0.334 	-0.037 	0.103 	
0.527 	-82.157 	66.084 	-0.067 	0.049 	-0.002 	
135.272 	-65.816 	7.645 	-0.023 	0.012 	0.019 	
25.233 	-86.560 	61.760 	-0.013 	0.012 	0.021 	
-93.853 	-149.131 	63.847 	0.102 	-0.010 	-0.068 	
220.671 	35.971 	-138.880 	-0.018 	-0.029 	0.025 	
-68.343 	-120.535 	49.039 	-0.069 	-0.139 	0.057 	
-46.885 	-64.688 	49.778 	0.124 	0.027 	0.006 	
6.641 	14.543 	223.356 	0.041 	-0.000 	0.020 	
-3.080 	-55.144 	69.356 	-0.207 	0.038 	-0.142 	
-1267.517 	-635.699 	869.328 	-0.275 	-0.124 	0.148 	
37.366 	-72.534 	60.331 	-0.020 	0.005 	0.100 	
-15.131 	-53.579 	58.992 	-0.007 	-0.216 	0.051 	
38.928 	-55.064 	66.020 	-0.105 	0.003 	-0.015 	
4.901 	-70.221 	30.695 	-0.087 	-0.135 	0.189 	
-183.377 	-14.869 	87.550 	0.009 	0.019 	-0.026 	
85.861 	-44.456 	136.101 	-0.001 	-0.013 	0.042 	
434.855 	-317.806 	-460.692 	0.039 	-0.031 	-0.010 	
53.337 	-44.214 	85.656 	-0.176 	0.010 	-0.114 	
-30.126 	-13.200 	21.396 	-0.030 	-0.043 	0.128 	
-30.144 	-29.360 	55.124 	-0.086 	-0.094 	-0.041 	
36.093 	-75.372 	117.582 	-0.160 	0.080 	-0.039 	
-124.168 	-108.525 	69.727 	-0.035 	-0.171 	0.064 	
-738.539 	-234.177 	202.648 	-0.125 	-0.042 	0.004 	
664.398 	-810.177 	-82.751 	0.073 	-0.089 	-0.003 	
257.421 	76.821 	31.652 	-0.017 	0.004 	-0.016 	
-11.035 	-119.943 	113.988 	0.027 	0.041 	0.027 	
64.361 	-90.225 	56.472 	0.052 	-0.167 	0.016 	
66.302 	-30.259 	78.284 	0.035 	0.009 	0.057 	
91.793 	-47.351 	55.642 	-0.131 	0.075 	0.047 	
1.724 	-52.239 	95.800 	-0.040 	0.041 	0.184 	
35.475 	-45.608 	34.290 	0.017 	0.086 	0.052 	
-7.430 	-54.999 	62.083 	0.102 	0.143 	0.227 	
172.087 	25.415 	32.157 	0.028 	-0.014 	-0.028 	
34.374 	-60.889 	73.716 	-0.025 	0.291 	-0.030 	
4.616 	-63.351 	51.798 	-0.124 	-0.130 	0.003 	
101.424 	36.750 	39.950 	-0.174 	0.063 	-0.016 	
23.553 	-81.930 	53.851 	-0.264 	0.010 	-0.060 	
20.424 	-67.469 	83.291 	0.136 	-0.042 	-0.157 	
-82.864 	-104.866 	171.629 	0.090 	0.036 	0.100 	
-42.776 	-99.189 	75.456 	0.004 	0.073 	-0.091 	
34.037 	-79.362 	37.604 	0.201 	-0.086 	-0.111 	
24.569 	-121.608 	87.540 	-0.160 	-0.093 	-0.012 	
110.006 	-13.188 	16.836 	-0.096 	-0.011 	-0.140 	
-16.155 	-76.992 	87.666 	0.020 	0.069 	0.038 	
8.816 	24.178 	168.857 	-0.099 	0.030 	0.049 	
45.589 	-82.791 	108.445 	-0.152 	-0.123 	-0.063 	
407.633 	570.312 	-34.495 	0.009 	0.086 	-0.007 	
-1617.752 	1771.160 	750.793 	-0.404 	0.453 	0.185 	
10.378 	1.165 	-118.035 	0.057 	0.008 	-0.042 	
28.675 	-52.930 	81.294 	0.189 	0.024 	-0.061 	
-95.276 	-110.137 	50.839 	-0.007 	-0.045 	0.101 	
68.790 	-31.481 	66.305 	-0.018 	0.054 	0.085 	
355.029 	443.335 	701.848 	0.040 	0.038 	0.059 	
-5.935 	2.193 	94.226 	0.112 	0.060 	-0.120 	
130.120 	-88.187 	16.533 	-0.023 	-0.091 	0.090 	
-58.687 	-70.231 	98.637 	-0.099 	-0.097 	0.073 	
1878.565 	-2160.725 	5.704 	0.259 	-0.303 	0.004 	
2.650 	-47.235 	-2.529 	-0.013 	0.097 	-0.013 	
160.951 	-90.398 	119.026 	-0.085 	-0.073 	0.085 	
-8.748 	-79.668 	47.859 	0.076 	-0.015 	-0.115 	
56.230 	-73.580 	61.069 	-0.021 	-0.054 	-0.065 	
-23.639 	13.591 	11.558 	-0.137 	-0.050 	0.004 	
24.493 	-27.053 	52.010 	-0.061 	-0.146 	-0.136 	
72.919 	-49.542 	67.375 	0.052 	0.132 	-0.003 	
45.345 	-62.073 	46.706 	-0.079 	0.122 	0.119 	
49.541 	-70.524 	-1.294 	-0.111 	0.014 	0.013 	
22.300 	-92.148 	61.602 	0.025 	0.033 	0.096 	
797.301 	-2041.911 	-48.643 	0.118 	-0.285 	-0.015 	
236.737 	55.026 	266.504 	-0.020 	0.011 	-0.014 	
143.295 	3.421 	-23.690 	-0.042 	-0.044 	-0.023 	
-110.452 	12.933 	4.205 	-0.033 	-0.040 	0.047 	
-25.167 	-279.290 	180.476 	0.057 	-0.058 	0.033 	
50.242 	-40.298 	70.317 	-0.039 	0.199 	-0.065 	
24.837 	-51.284 	50.052 	-0.108 	-0.126 	0.078 	
56.274 	-41.419 	130.878 	-0.048 	-0.130 	-0.028 	
-13.530 	-205.639 	62.652 	0.113 	-0.028 	-0.034 	
-3.069 	-61.703 	68.086 	-0.076 	0.000 	-0.217 	
-151.410 	22.957 	14.808 	0.092 	-0.004 	0.025 	
76.614 	-110.295 	17.461 	-0.150 	0.039 	0.140 	
96.171 	-22.142 	86.381 	-0.140 	-0.129 	0.093 	
12.729 	-59.931 	44.070 	0.060 	0.052 	0.024 	
18.900 	-53.965 	79.637 	0.100 	-0.114 	-0.052 	
622.034 	-213.371 	357.705 	0.055 	-0.036 	0.033 	
32.996 	-103.213 	37.653 	-0.030 	0.035 	-0.010 	
13.275 	-88.458 	60.938 	-0.069 	-0.120 	0.008 	
13.048 	-104.761 	38.765 	-0.171 	0.037 	0.019 	
327.699 	53.657 	242.996 	0.041 	0.037 	0.039 	
44.004 	-51.468 	43.754 	-0.044 	-0.068 	-0.016 	
0.769 	-68.949 	58.051 	0.008 	0.017 	-0.065 	
50.913 	-47.089 	-5.537 	0.110 	0.064 	0.020 	
22.055 	-70.162 	122.743 	0.121 	0.094 	0.075 	
-64.723 	-72.776 	105.858 	0.005 	0.051 	-0.035 	
1779.236 	4104.424 	-15355.409 	0.265 	0.621 	-2.368 	
75.956 	-118.764 	103.349 	-0.007 	-0.042 	0.130 	
50.587 	-58.928 	52.870 	0.023 	0.044 	-0.077 	
142.986 	-22.580 	-32.333 	-0.081 	-0.085 	0.024 	
26.802 	-16.733 	33.219 	-0.009 	-0.026 	-0.040 	
88.489 	-37.183 	39.403 	-0.031 	-0.017 	0.033 	
-85.996 	-174.176 	42.853 	0.011 	-0.143 	0.003 	
-122.424 	-97.353 	161.412 	-0.083 	-0.012 	0.055 	
49.138 	-19.939 	59.891 	0.077 	0.134 	-0.024 	
32.045 	-4.384 	70.581 	0.130 	-0.004 	0.060 	
-12.394 	-78.891 	134.477 	0.069 	-0.024 	-0.019 	
252.393 	-28.034 	53.489 	-0.038 	-0.060 	-0.021 	
3.217 	-81.021 	57.391 	-0.077 	-0.142 	-0.022 	
79.717 	-74.613 	58.579 	0.040 	0.102 	0.023 	
130.768 	-50.050 	-24.289 	-0.083 	0.056 	0.055 	
47.045 	-81.833 	80.708 	0.112 	-0.052 	0.097 	
33.700 	-81.105 	49.588 	-0.162 	0.103 	-0.022 	
87.831 	-5.175 	-13.414 	-0.032 	0.082 	-0.064 	
130.683 	-33.495 	36.562 	0.012 	0.012 	-0.163 	
25.102 	63.788 	226.426 	-0.045 	-0.041 	-0.034 	
-36.371 	-73.550 	39.926 	0.151 	0.064 	0.101 	
-7.386 	-100.622 	142.397 	-0.090 	-0.043 	0.033 	
147.721 	215.237 	257.313 	-0.016 	0.012 	-0.006 	
-5909.488 	604.707 	-4614.504 	-2.458 	0.225 	-1.894 	
-123.496 	-125.611 	202.502 	0.017 	-0.002 	0.034 	
794.318 	-409.543 	-405.127 	0.074 	-0.060 	-0.045 	
-60.120 	-48.878 	63.152 	0.032 	-0.047 	-0.015 	
6405.128 	-744.079 	4546.710 	2.624 	-0.332 	1.887 	
-38.890 	-89.246 	56.070 	-0.031 	-0.164 	0.109 	
63.397 	-57.059 	78.717 	0.004 	-0.040 	-0.010 	
60.355 	12.032 	-30.306 	-0.012 	-0.066 	-0.011 	
34.275 	-67.195 	8.984 	0.087 	-0.191 	0.058 	
42.216 	-93.301 	33.450 	-0.161 	-0.096 	0.146 	
212.611 	63.411 	11.596 	0.072 	0.064 	0.001 	
170.982 	-31.651 	121.471 	-0.034 	-0.077 	0.010 	
-107.714 	933.263 	-99.247 	-0.057 	0.289 	-0.039 	
104.382 	-25.200 	89.938 	0.129 	0.069 	0.071 	
64.683 	-77.799 	84.771 	0.045 	0.048 	-0.135 	
64.201 	-71.932 	57.905 	0.092 	-0.050 	-0.088 	
48.789 	-61.290 	68.776 	0.040 	-0.127 	-0.053 	
20.390 	-55.105 	36.274 	0.052 	-0.210 	0.202 	
-17.974 	-60.700 	71.167 	0.035 	0.029 	0.171 	
-36.963 	-191.500 	87.857 	0.122 	-0.024 	-0.006 	
1.597 	-105.826 	61.509 	-0.091 	-0.089 	-0.067 	
-41.163 	-85.255 	-61.528 	-0.148 	0.011 	-0.029 	
3862.664 	1509.018 	1682.667 	0.569 	0.233 	0.255 	
16.465 	-56.053 	40.241 	0.001 	0.151 	0.154 	
24.770 	-63.062 	49.550 	-0.011 	0.168 	0.051 	
-153.640 	4.090 	188.259 	-0.006 	-0.025 	0.003 	
-24.383 	-62.438 	84.251 	0.172 	0.008 	0.089 	
27.364 	-260.418 	-69.136 	0.056 	-0.044 	-0.006 	
50.020 	-15.409 	83.499 	-0.009 	-0.083 	0.084 	
-43.895 	-72.424 	87.120 	-0.022 	0.064 	0.056 	
-18.394 	-60.268 	66.451 	-0.180 	-0.170 	-0.061 	
70.699 	-48.642 	37.987 	0.009 	0.007 	-0.045 	
27.762 	4.154 	-1.268 	0.025 	-0.012 	-0.015 	
43.932 	-74.017 	65.048 	-0.233 	0.099 	0.043 	
-4.289 	-107.773 	45.277 	-0.062 	-0.188 	0.132 	
-45.161 	-66.591 	51.427 	0.161 	-0.022 	0.154 	
-86.614 	-660.876 	1235.312 	-0.039 	-0.078 	0.162 	
41.413 	-64.979 	33.858 	0.222 	0.035 	0.000 	
15.021 	-81.232 	80.920 	0.019 	0.241 	-0.064 	
-51.832 	-182.316 	31.362 	0.025 	-0.066 	0.038 	
28.315 	-53.708 	41.970 	0.045 	-0.020 	0.023 	
-28.381 	-156.837 	1.490 	-0.027 	-0.010 	0.013 	
24.093 	-30.627 	136.586 	-0.105 	0.074 	0.172 	
626.932 	-116.685 	341.114 	0.060 	-0.023 	0.046 	
215.995 	-122.078 	-53.652 	0.034 	-0.004 	0.031 	
-610.014 	376.742 	-409.135 	-0.136 	0.120 	-0.111 	
-21.575 	-89.001 	7.988 	0.122 	0.073 	-0.015 	
-21.440 	-84.377 	56.966 	-0.146 	0.021 	0.136 	
284.168 	-155.759 	46.459 	-0.047 	0.029 	-0.003 	
-107.639 	-129.271 	10.257 	-0.049 	-0.109 	0.019 	
-34.217 	-130.677 	31.942 	-0.042 	0.022 	0.060 	
-150.462 	-105.276 	6.897 	-0.008 	-0.076 	0.030 	
14.876 	-74.868 	66.575 	0.016 	-0.032 	-0.223 	
-15.294 	-133.973 	62.485 	0.085 	-0.051 	-0.077 	
-33.149 	-106.425 	66.124 	0.007 	0.108 	0.031 	
7.749 	-62.550 	67.014 	0.192 	-0.075 	-0.062 	
19.834 	-55.088 	76.662 	-0.117 	0.107 	0.072 	
-1338.052 	488.776 	-1800.767 	-0.246 	0.092 	-0.305 	
9.885 	-20.036 	-22.199 	-0.190 	-0.021 	-0.050 	
10.200 	-95.499 	57.266 	-0.200 	-0.173 	-0.062 	
19.606 	-70.450 	14.663 	-0.192 	-0.004 	-0.112 	
-43.047 	-61.983 	29.209 	0.194 	-0.076 	0.019 	
24.204 	-26.363 	98.712 	0.079 	0.128 	-0.013 	
1.546 	-74.622 	50.299 	0.060 	0.112 	0.179 	
30.025 	-45.808 	55.295 	-0.177 	0.055 	0.085 	
187.647 	219.107 	-79.669 	0.004 	0.027 	-0.010 	
-68.306 	-201.872 	62.207 	0.011 	-0.160 	0.014 	
-657.444 	-262.114 	105.171 	-0.055 	-0.037 	0.046 	
-29.035 	-104.949 	63.148 	0.111 	0.008 	0.076 	
-115.755 	-99.942 	96.017 	-0.010 	-0.047 	-0.045 	
-131.826 	-47.573 	12.390 	0.053 	0.013 	-0.034 	
127.373 	-65.713 	16.586 	-0.088 	0.107 	-0.007 	
-38.272 	-45.609 	96.445 	-0.002 	-0.021 	0.075 	
39.901 	-40.678 	78.040 	0.085 	0.199 	-0.003 	
-106.941 	-29.671 	-120.251 	0.042 	-0.004 	0.075 	
81.060 	-116.935 	39.075 	0.100 	-0.044 	-0.129 	
63.149 	-55.567 	95.244 	-0.137 	-0.111 	0.020 	
461.851 	-731.609 	597.404 	0.114 	-0.216 	0.171 	
-4.159 	-82.710 	109.003 	-0.033 	-0.045 	-0.139 	
-13.294 	-60.146 	36.185 	-0.005 	0.055 	-0.050 	
33.237 	-106.682 	283.425 	-0.029 	-0.061 	0.141 	
28.033 	85.922 	85.687 	-0.013 	-0.093 	0.015 	
-78.459 	-40.824 	119.509 	-0.056 	0.070 	-0.124 	
65.982 	-56.833 	18.706 	-0.069 	0.036 	-0.134 	
-83.559 	-41.003 	95.349 	-0.053 	-0.055 	0.030 	
-30.015 	-52.714 	25.278 	0.007 	0.010 	-0.008 	
71.138 	-18.144 	75.357 	0.040 	0.005 	0.068 	
283.183 	-735.264 	439.693 	-0.006 	-0.070 	0.047 	
-56.986 	-57.872 	63.223 	-0.072 	-0.043 	0.080 	
-0.890 	-21.026 	42.264 	0.067 	-0.005 	0.011 	
-14.813 	-95.797 	93.564 	-0.114 	-0.103 	-0.149 	
10.882 	-82.209 	79.900 	-0.077 	-0.140 	-0.193 	
-44.432 	-6.926 	199.964 	-0.034 	0.015 	0.073 	
124.785 	-42.879 	75.662 	0.003 	-0.023 	-0.021 	
33.244 	-120.667 	79.316 	0.067 	-0.038 	0.010 	
50.656 	-92.658 	66.157 	0.163 	0.139 	0.018 	
-92.435 	-13.833 	117.175 	0.036 	-0.059 	0.037 	
-12.528 	-60.815 	31.076 	-0.142 	-0.075 	-0.158 	
-98.818 	6.421 	71.519 	-0.012 	-0.104 	0.052 	
48.578 	-115.435 	35.216 	-0.023 	-0.068 	0.005 	
121.156 	-81.740 	23.927 	0.028 	-0.051 	-0.079 	
69.927 	-44.804 	51.110 	-0.134 	0.008 	-0.015 	
-29.526 	-55.643 	70.007 	-0.191 	-0.003 	-0.182 	
32335.487 	9039.413 	20016.486 	5.490 	1.541 	3.410 	
7.751 	-101.972 	64.952 	0.040 	0.216 	-0.006 	
-36.755 	-109.357 	-34.792 	0.070 	0.000 	0.087 	
46.387 	-57.128 	42.840 	0.042 	-0.126 	-0.093 	
46.817 	-53.629 	45.802 	-0.020 	-0.024 	0.066 	
52.632 	16.302 	123.120 	-0.118 	-0.072 	-0.053 	
122.339 	-94.380 	31.126 	-0.019 	0.012 	-0.033 	
-56.443 	-81.604 	79.190 	0.041 	-0.024 	-0.053 	
31.143 	-50.005 	66.780 	-0.025 	-0.003 	0.162 	
67.348 	-91.229 	123.272 	0.056 	-0.009 	0.121 	
88.041 	-83.669 	48.601 	0.047 	-0.044 	-0.131 	
61.512 	-93.377 	58.793 	-0.007 	0.143 	-0.191 	
57.137 	-100.963 	32.486 	-0.173 	-0.021 	0.129 	
88.507 	-140.618 	73.973 	0.068 	0.063 	0.022 	
-558.960 	1321.212 	-438.998 	-0.098 	0.216 	-0.078 	
194.841 	22.738 	-18.483 	-0.113 	-0.053 	0.037 	
-88.813 	-39.815 	58.381 	0.011 	-0.058 	-0.096 	
74.121 	-58.656 	39.274 	0.026 	-0.068 	0.077 	
-35.127 	-57.182 	72.263 	0.088 	-0.026 	0.094 	
189.748 	34.664 	-81.276 	-0.016 	-0.003 	-0.016 	
36.394 	-84.986 	107.856 	0.044 	-0.056 	0.038 	
118.984 	-77.485 	4.782 	0.004 	-0.015 	0.014 	
12.921 	-77.637 	48.447 	-0.162 	0.040 	-0.055 	
-69.654 	74.029 	31.911 	-0.097 	-0.105 	0.001 	
-34.285 	-71.733 	36.261 	0.204 	-0.027 	-0.059 	
-90.103 	21.709 	120.557 	0.020 	0.001 	-0.043 	
830.100 	55.381 	-102.237 	0.059 	-0.000 	-0.006 	
1.037 	-60.322 	85.285 	-0.015 	-0.217 	0.030 	
61.900 	-103.109 	21.870 	0.054 	-0.123 	-0.034 	
-182.395 	18.588 	-98.784 	-0.046 	0.022 	-0.058 	
20.730 	-58.452 	59.382 	-0.136 	-0.208 	-0.090 	
1357.138 	192.985 	1696.498 	0.389 	0.077 	0.448 	
-263.840 	-74.756 	100.059 	0.011 	-0.018 	0.042 	
-31.165 	-183.294 	86.480 	0.111 	-0.078 	0.040 	
41.972 	-115.586 	44.851 	0.129 	-0.106 	-0.045 	
-29.956 	-122.591 	105.766 	0.145 	-0.108 	0.093 	
7.792 	-73.724 	84.464 	0.136 	-0.086 	0.010 	
21.368 	-78.528 	174.038 	-0.033 	0.003 	0.155 	
87.309 	112.222 	39.053 	-0.043 	0.003 	-0.016 	
-13.172 	-63.232 	43.936 	-0.257 	-0.045 	0.041 	
38.634 	-71.612 	17.516 	0.082 	-0.049 	0.015 	
-266.575 	-192.328 	769.129 	-0.050 	-0.008 	0.090 	
69.225 	-29.625 	85.129 	-0.003 	-0.140 	-0.102 	
-29.750 	-93.743 	77.834 	0.060 	0.016 	-0.093 	
-467.099 	-34.893 	-209.075 	-0.129 	-0.015 	-0.015 	
74.004 	-48.115 	141.136 	0.066 	-0.005 	0.018 	
60.826 	25.698 	31.731 	0.039 	0.002 	0.021 	
71.205 	-63.378 	0.626 	-0.029 	-0.015 	-0.114 	
-52.394 	-60.797 	-54.115 	-0.138 	-0.044 	0.090 	
-10.653 	-59.519 	108.731 	-0.045 	0.006 	0.056 	
66.559 	-146.980 	80.101 	0.077 	-0.014 	0.009 	
-53.570 	-131.203 	23.534 	-0.059 	0.019 	0.043 	
2362.803 	1485.577 	-863.418 	0.439 	0.274 	-0.163 	
68.700 	-393.023 	233.743 	-0.037 	-0.236 	0.122 	
-91.208 	-125.902 	64.442 	-0.093 	-0.047 	0.044 	
829.398 	365.008 	-4.414 	0.211 	0.122 	-0.008 	
-106.068 	-150.120 	33.691 	0.034 	-0.085 	-0.014 	
28.410 	-101.969 	261.176 	-0.030 	0.009 	0.047 	
-77.967 	71.242 	40.011 	-0.148 	0.081 	0.007 	
75.399 	-61.997 	60.148 	0.101 	0.138 	0.018 	
17.650 	-1.730 	91.472 	0.013 	0.106 	0.038 	
67.024 	-67.721 	68.299 	0.122 	0.008 	-0.185 	
-10.887 	-56.839 	45.086 	-0.211 	0.187 	0.022 	
165.717 	-159.734 	102.201 	-0.058 	0.028 	-0.008 	
93.737 	-66.340 	82.881 	0.053 	0.006 	0.061 	
18.973 	-78.854 	105.709 	-0.120 	0.056 	-0.033 	
-108.298 	-202.618 	101.855 	0.048 	0.073 	-0.058 	
74.649 	-14.740 	31.934 	0.053 	-0.011 	-0.002 	
-49.573 	-48.884 	76.662 	0.227 	0.022 	-0.049 	
59.318 	22.540 	127.099 	0.095 	-0.069 	-0.058 	
31.566 	-69.991 	80.773 	0.169 	0.028 	0.143 	
9.017 	-162.438 	116.408 	-0.071 	0.040 	0.012 	
-133.603 	-88.190 	250.931 	-0.036 	-0.013 	0.053 	
51.554 	-85.185 	25.668 	-0.182 	-0.002 	0.012 	
-47.343 	-75.951 	59.103 	0.069 	0.010 	0.165 	
87.207 	-72.553 	95.354 	0.055 	-0.040 	0.120 	
-54.394 	-54.895 	76.040 	0.060 	0.017 	-0.107 	
-357.441 	-21.738 	61.862 	-0.184 	0.013 	-0.009 	
58.062 	-82.676 	78.224 	0.120 	0.006 	-0.034 	
41.816 	-67.645 	39.324 	0.149 	0.004 	0.039 	
31.412 	-54.517 	80.541 	-0.150 	0.041 	0.044 	
170.685 	-168.884 	-116.186 	-0.042 	-0.022 	0.008 	
134.803 	-103.039 	85.933 	-0.091 	0.046 	0.063 	
38.309 	-78.062 	22.648 	-0.061 	0.054 	0.154 	
-63.865 	-85.449 	129.697 	0.042 	0.011 	-0.097 	
-89.669 	-150.304 	-5.150 	-0.017 	-0.040 	0.061 	
399.968 	1809.785 	3044.394 	0.067 	0.435 	0.723 	
973.422 	-378.585 	-97.439 	0.447 	-0.157 	-0.069 	
53.039 	-68.584 	44.014 	0.001 	-0.086 	0.055 	
103.038 	-2.802 	118.544 	-0.145 	-0.033 	0.047 	
3.158 	-114.567 	94.431 	-0.157 	0.052 	0.066 	
18.697 	-95.364 	63.667 	0.047 	0.079 	0.017 	
114.056 	-49.882 	118.112 	-0.076 	-0.010 	0.034 	
2039.402 	394.283 	-4388.865 	0.276 	0.060 	-0.627 	
-8953.226 	-41586.213 	-65487.567 	-1.525 	-7.107 	-11.197 	
-58.054 	-66.072 	114.813 	0.108 	-0.007 	-0.177 	
30.878 	-54.302 	83.820 	-0.065 	-0.097 	-0.234 	
32.084 	-155.562 	82.376 	-0.096 	0.021 	0.025 	
-14.472 	-60.527 	70.466 	-0.128 	0.040 	0.137 	
-60.525 	-109.084 	135.369 	0.109 	0.015 	-0.041 	
-102.489 	-50.707 	-6.617 	-0.025 	0.050 	0.055 	
49.759 	-63.941 	39.398 	-0.024 	-0.002 	0.058 	
6.452 	-75.368 	94.329 	0.022 	-0.136 	0.036 	
65.115 	-124.666 	100.532 	0.001 	0.114 	-0.020 	
-122.846 	-3.321 	106.497 	0.092 	0.133 	0.067 	
1507.241 	-741.435 	-304.228 	0.293 	-0.130 	-0.057 	
-117.183 	-4.025 	45.476 	-0.010 	0.005 	0.044 	
-907.646 	-161.351 	-474.846 	-0.252 	-0.053 	-0.125 	
-41.635 	-135.035 	81.161 	-0.118 	-0.147 	-0.018 	
-77.147 	-73.160 	32.917 	-0.084 	0.077 	0.088 	
2919.081 	1068.681 	-485.709 	0.557 	0.205 	-0.095 	
-297.927 	139.716 	229.807 	-0.303 	0.152 	0.145 	
511.792 	-545.740 	-234.874 	0.065 	-0.085 	-0.033 	
735.496 	-288.741 	2208.947 	0.215 	-0.072 	0.646 	
69.442 	-73.790 	21.748 	-0.069 	0.000 	0.041 	
35.464 	-61.577 	110.469 	0.072 	0.051 	-0.096 	
-25.038 	-82.120 	52.531 	-0.058 	-0.006 	-0.014 	
-134.975 	-44.345 	-1.962 	0.015 	-0.051 	-0.099 	
97.556 	42.171 	164.944 	-0.023 	0.076 	0.077 	
-102.153 	-34.394 	109.972 	0.009 	0.002 	-0.034 	
-26.898 	-61.760 	89.219 	0.032 	0.072 	-0.126 	
24.723 	75.871 	69.434 	-0.047 	0.139 	0.024 	
47.661 	-60.273 	17.960 	0.205 	-0.005 	-0.159 	
25.150 	-60.292 	76.750 	0.012 	0.021 	-0.045 	
-31.347 	-89.688 	12.496 	0.090 	0.056 	-0.170 	
-96.657 	-155.431 	51.727 	-0.039 	-0.028 	-0.054 	
-87.467 	-135.211 	32.150 	-0.051 	-0.039 	0.102 	
-33.484 	-90.377 	25.133 	-0.089 	-0.039 	-0.113 	
-31.437 	-47.392 	35.164 	0.127 	0.053 	0.128 	
-136.216 	-96.607 	124.839 	-0.039 	-0.036 	0.062 	
11.866 	-90.865 	75.063 	0.006 	-0.227 	-0.039 	
15.304 	-85.556 	46.339 	-0.054 	0.226 	-0.018 	
5.591 	-71.761 	47.465 	0.084 	0.106 	0.055 	
1024.676 	-299.088 	918.695 	0.262 	-0.089 	0.241 	
67.277 	-84.346 	99.284 	-0.105 	-0.025 	0.037 	
64.932 	-66.381 	27.161 	0.089 	0.019 	-0.070 	
-500.632 	169.073 	240.416 	-0.047 	0.023 	0.034 	
51.871 	-154.895 	100.357 	-0.045 	0.013 	-0.022 	
-45.573 	-66.120 	75.328 	0.098 	0.136 	0.160 	
84.528 	-75.397 	55.556 	-0.132 	0.068 	0.020 	
-5885.625 	3544.661 	2116.803 	-1.005 	0.616 	0.365 	
-19.196 	-62.215 	38.719 	0.062 	-0.100 	0.144 	
149.055 	-10.740 	93.934 	-0.104 	0.017 	-0.039 	
160.778 	-18.077 	126.780 	-0.077 	-0.076 	-0.002 	
179.632 	4.906 	-20.682 	-0.088 	-0.008 	0.020 	
-113.471 	-101.327 	86.788 	-0.143 	0.049 	0.006 	
-19.409 	-51.851 	81.972 	-0.125 	-0.005 	0.119 	
-71.696 	-30.914 	64.434 	0.006 	0.011 	-0.043 	
-11.950 	-34.379 	73.002 	0.021 	0.063 	-0.126 	
-5.705 	-90.210 	28.015 	-0.028 	-0.070 	0.230 	
100.162 	-24.311 	60.540 	0.030 	0.021 	-0.074 	
81.566 	-67.796 	72.855 	0.056 	-0.148 	-0.147 	
-1148.004 	384.022 	-267.297 	-0.170 	0.039 	-0.031 	
-27.065 	-46.385 	66.534 	0.148 	-0.122 	-0.090 	
9.304 	-70.096 	46.914 	0.151 	0.073 	0.069 	
-16.817 	-88.569 	49.266 	-0.047 	0.042 	-0.052 	
3068.180 	885.891 	-425.524 	0.909 	0.296 	-0.149 	
-11.106 	-54.531 	57.876 	-0.062 	0.205 	-0.013 	
11.434 	-70.265 	57.571 	-0.094 	0.209 	-0.065 	
75.567 	-68.915 	11.768 	-0.081 	0.042 	0.024 	
-48.667 	-147.223 	135.336 	0.028 	-0.095 	0.059 	
-57.368 	-46.623 	100.804 	-0.038 	-0.047 	0.003 	
30.049 	69.738 	-16.836 	0.029 	-0.082 	0.004 	
69.750 	13.424 	47.099 	0.049 	0.031 	-0.028 	
-27.754 	-40.719 	88.637 	-0.115 	-0.050 	0.082 	
-33.431 	-44.096 	41.706 	-0.120 	-0.009 	0.128 	
-9.003 	-28.596 	64.028 	-0.073 	0.068 	-0.115 	
67.802 	-58.051 	6.027 	0.093 	0.002 	-0.068 	
-25.517 	-94.266 	62.473 	0.076 	-0.069 	-0.009 	
472.648 	-112.693 	-527.447 	0.093 	-0.021 	-0.128 	
38.582 	0.180 	-21.606 	0.053 	0.081 	-0.141 	
-15.221 	-91.362 	96.384 	0.051 	-0.081 	0.121 	
36.175 	-34.229 	82.004 	0.041 	0.160 	-0.111 	
-301.664 	327.690 	-1111.286 	-0.045 	0.060 	-0.192 	
-22.371 	-46.634 	90.940 	-0.060 	-0.088 	-0.061 	
-1040.677 	564.348 	-1617.374 	-0.313 	0.182 	-0.492 	
-47.736 	-132.626 	47.290 	0.056 	0.081 	-0.022 	
59.513 	-73.428 	52.174 	0.094 	0.166 	-0.000 	
2.187 	-85.260 	103.761 	-0.024 	-0.108 	0.082 	
-104.137 	-118.804 	71.631 	0.074 	-0.035 	0.140 	
860.287 	-6396.593 	4505.244 	0.104 	-1.019 	0.717 	
32.241 	-15.600 	47.571 	-0.171 	0.109 	0.008 	
-31.961 	-188.293 	-5.553 	-0.100 	0.084 	-0.035 	
-1188.571 	-355.113 	748.373 	-0.333 	-0.088 	0.180 	
218.604 	-218.577 	-118.849 	0.154 	-0.107 	-0.184 	
220.226 	-125.011 	3.354 	0.048 	-0.029 	-0.014 	
54.304 	-55.948 	69.949 	-0.161 	0.171 	0.129 	
-109.595 	-29.598 	120.357 	-0.046 	-0.110 	0.009 	
-640.034 	-640.613 	-78.265 	-0.096 	-0.097 	-0.011 	
54.367 	-42.978 	87.991 	-0.002 	-0.104 	0.099 	
-49.712 	-94.506 	79.354 	-0.009 	0.024 	-0.021 	
-15.706 	-66.960 	53.945 	-0.228 	-0.067 	0.110 	
50.361 	-39.051 	157.554 	-0.032 	0.019 	0.104 	
1833.200 	-2937.079 	-2568.114 	0.262 	-0.439 	-0.390 	
212.838 	-126.149 	60.429 	-0.099 	0.039 	0.013 	
-96.847 	-82.313 	36.437 	-0.013 	0.111 	0.022 	
-0.411 	-72.857 	48.110 	0.128 	0.197 	0.157 	
500.563 	-230.293 	-368.475 	0.362 	-0.133 	-0.346 	
-32.296 	-84.313 	52.106 	0.204 	0.045 	-0.016 	
-49.027 	95.513 	51.164 	-0.076 	0.028 	-0.037 	
-157.994 	-64.327 	89.868 	-0.192 	0.013 	-0.007 	
223.114 	18.447 	120.962 	0.035 	0.003 	-0.014 	
-70.744 	-57.617 	77.144 	0.009 	0.004 	-0.112 	
26.343 	-46.007 	39.184 	-0.069 	0.239 	-0.101 	
-19.021 	-88.832 	87.480 	-0.226 	0.046 	-0.057 	
-67.970 	-110.471 	90.861 	-0.075 	-0.050 	0.044 	
43.448 	-76.208 	87.612 	-0.149 	0.020 	-0.006 	
15.522 	-42.686 	19.352 	-0.001 	-0.024 	0.065 	
-8.104 	32.375 	119.667 	0.084 	0.083 	-0.018 	
158.713 	-29.872 	115.398 	-0.072 	0.119 	0.095 	
113.523 	-138.028 	-148.826 	-0.033 	-0.030 	0.066 	
-14.666 	-750.054 	691.907 	-0.074 	-0.249 	0.185 	
13.073 	-57.880 	73.786 	-0.213 	-0.125 	0.025 	
-1813.944 	-3705.063 	15973.864 	-0.288 	-0.579 	2.449 	
483.496 	115.917 	-130.127 	0.036 	-0.011 	-0.015 	
-35.811 	-90.694 	103.057 	0.096 	-0.191 	0.053 	
182.984 	-65.548 	81.831 	-0.056 	-0.132 	0.065 	
-20.970 	-71.713 	-43.657 	0.151 	-0.040 	-0.029 	
-2.747 	-55.960 	50.671 	-0.009 	0.057 	0.150 	
57.722 	-57.839 	23.259 	-0.132 	0.027 	-0.084 	
-27.954 	29.690 	165.263 	-0.130 	-0.071 	0.003 	
-6.725 	-83.707 	48.762 	-0.077 	-0.060 	0.129 	
9.079 	-74.783 	57.560 	-0.265 	-0.082 	-0.071 	
81.158 	-93.480 	31.022 	0.061 	0.013 	-0.078 	
23.676 	-101.518 	92.811 	0.086 	-0.052 	0.050 	
8.676 	-55.359 	74.347 	-0.242 	-0.132 	-0.090 	
81.552 	-87.610 	64.703 	-0.136 	0.021 	0.058 	
-734.264 	-2331.992 	-2.617 	-0.133 	-0.396 	-0.007 	
115.652 	-50.907 	115.955 	-0.006 	0.034 	0.066 	
88.823 	-114.185 	107.307 	-0.004 	-0.012 	-0.021 	
-34.623 	-58.678 	71.041 	-0.048 	-0.068 	0.007 	
-12.315 	-48.173 	69.280 	-0.150 	-0.069 	-0.017 	
-42.516 	-44.482 	-121.057 	-0.063 	-0.002 	0.095 	
175.190 	-123.474 	117.696 	-0.061 	-0.009 	0.007 	
-100.648 	-106.349 	23.392 	-0.250 	-0.096 	-0.044 	
127.390 	89.984 	-57.256 	0.015 	-0.027 	0.014 	
-28.305 	-78.520 	43.157 	0.146 	-0.022 	-0.074 	
-58.954 	-128.221 	106.376 	0.116 	-0.014 	-0.017 	
-7.232 	-93.266 	45.597 	0.015 	-0.200 	0.178 	
-103.629 	-152.026 	54.699 	-0.139 	0.024 	0.083 	
23.438 	13.959 	91.166 	0.103 	-0.092 	0.023 	
-307.139 	174.621 	-778.388 	-0.053 	0.011 	-0.068 	
72.888 	-74.609 	65.771 	0.108 	0.018 	0.129 	
-1335.267 	317.505 	-880.717 	-0.236 	0.062 	-0.166 	
3006.249 	-2282.201 	-290.735 	0.951 	-0.716 	-0.090 	
29.107 	-39.889 	79.038 	-0.089 	-0.122 	0.143 	
78.708 	-62.851 	96.300 	-0.037 	-0.040 	-0.010 	
80.713 	-12.604 	102.733 	0.102 	0.083 	-0.002 	
-35.068 	-59.739 	52.974 	0.055 	-0.040 	0.157 	
-32.163 	-48.682 	50.915 	0.177 	-0.018 	0.092 	
53.997 	-65.489 	40.518 	-0.093 	-0.168 	0.062 	
-131.847 	-106.189 	75.682 	0.145 	-0.101 	0.023 	
129.777 	44.633 	-52.325 	0.025 	-0.022 	0.061 	
-25.175 	-14.863 	4.085 	-0.093 	0.028 	0.028 	
231.709 	-73.080 	-21.717 	0.013 	0.016 	-0.016 	
-2950.874 	3649.239 	2004.048 	-0.463 	0.559 	0.302 	
73.051 	18.722 	128.310 	0.067 	0.020 	0.101 	
99.792 	122.642 	69.958 	-0.017 	-0.040 	0.009 	
18.583 	-82.682 	50.608 	-0.294 	0.019 	0.003 	
14.381 	-69.857 	85.012 	0.203 	-0.082 	0.062 	
38.864 	-29.842 	49.761 	0.054 	-0.115 	0.188 	
-593.123 	390.007 	10.620 	-0.114 	0.064 	-0.018 	
-20.271 	-50.344 	26.805 	0.050 	-0.035 	0.201 	
131.783 	-96.933 	-2.808 	-0.004 	-0.049 	0.025 	
181.609 	-16.883 	11.468 	-0.048 	0.120 	-0.028 	
176.436 	-34.212 	104.407 	-0.081 	0.004 	0.073 	
255.166 	218.031 	-175.614 	-0.011 	0.029 	-0.072 	
1.414 	-71.449 	65.540 	0.077 	-0.126 	0.229 	
-631.623 	-178.947 	127.200 	-0.159 	-0.045 	0.038 	
32.933 	-60.347 	22.955 	-0.007 	0.088 	-0.104 	
43.805 	-92.601 	75.683 	-0.105 	-0.004 	0.089 	
-25.605 	-177.241 	21.808 	-0.106 	0.101 	0.014 	
-27.148 	-78.885 	38.397 	-0.112 	0.138 	-0.029 	
81.636 	36.680 	114.426 	-0.083 	-0.041 	-0.040 	
-36.571 	-192.806 	29.724 	-0.030 	-0.096 	0.080 	
102215.940 	8341.063 	82262.393 	23.366 	1.917 	18.839 	
23.020 	20.708 	-81.416 	-0.025 	0.001 	-0.101 	
134.853 	-127.337 	-34.897 	-0.065 	-0.024 	0.026 	
248.791 	-112.034 	169.214 	0.023 	-0.047 	0.022 	
-31.143 	-108.589 	31.848 	-0.035 	-0.041 	-0.017 	
-50.726 	-69.275 	-9.229 	-0.052 	-0.159 	0.101 	
-106.934 	-23.326 	39.471 	0.105 	0.121 	0.055 	
82.341 	54.932 	106.649 	0.010 	0.013 	-0.033 	
-78.517 	-72.909 	5.922 	-0.085 	0.069 	0.025 	
21.179 	-62.829 	56.700 	-0.035 	-0.098 	-0.132 	
-39.728 	-168.919 	62.065 	-0.056 	-0.082 	0.078 	
-66.339 	-68.096 	-80.058 	-0.025 	-0.013 	-0.088 	
24.507 	-141.509 	16.627 	0.120 	0.009 	0.029 	
1276.254 	2465.521 	2560.608 	0.152 	0.345 	0.362 	
-9.077 	-146.436 	88.621 	0.021 	0.105 	0.016 	
-246.413 	7075.835 	-4598.226 	-0.072 	1.121 	-0.729 	
60.702 	-78.533 	67.731 	-0.026 	-0.058 	0.005 	
-10048.360 	-12673.924 	-4778.246 	-2.939 	-3.666 	-1.397 	
-24.062 	-176.295 	76.987 	-0.001 	-0.033 	0.053 	
111.053 	-155.610 	126.651 	0.005 	-0.005 	0.003 	
8345.911 	40825.118 	67132.706 	1.431 	6.974 	11.464 	
-48.909 	-149.992 	120.164 	0.071 	0.065 	-0.002 	
32.333 	123.026 	78.621 	-0.019 	0.057 	0.067 	
-111.067 	-196.388 	-60.840 	-0.075 	-0.011 	0.013 	
-21.706 	-70.443 	-42.978 	-0.192 	-0.007 	-0.014 	
-79.164 	-40.464 	104.963 	-0.096 	-0.021 	0.079 	
-139.779 	-30.458 	58.917 	-0.047 	0.060 	0.073 	
-17.420 	-116.673 	80.599 	0.069 	0.153 	-0.061 	
-536.547 	497.773 	-57.412 	-0.086 	0.019 	-0.012 	
-72.900 	-32.663 	51.793 	-0.089 	-0.185 	0.079 	
1129.620 	-416.612 	446.803 	0.189 	-0.079 	0.080 	
75.465 	-68.476 	56.926 	-0.051 	-0.147 	-0.043 	
-9.759 	-123.990 	69.108 	0.007 	0.040 	0.048 	
-65.262 	-111.329 	1.482 	0.018 	-0.070 	-0.037 	
115.495 	-179.890 	17.068 	-0.111 	-0.114 	0.007 	
32.608 	-74.055 	35.653 	0.081 	-0.153 	-0.106 	
-9.137 	-88.174 	94.563 	0.210 	-0.025 	-0.014 	
109.115 	-86.191 	6.094 	-0.084 	0.033 	-0.028 	
-4.174 	-68.927 	67.754 	-0.022 	-0.122 	-0.034 	
-70.192 	-220.448 	11.404 	0.027 	-0.049 	-0.122 	
6.692 	-134.464 	50.064 	0.006 	-0.100 	-0.042 	
8.394 	-65.538 	95.574 	-0.070 	0.050 	0.166 	
844.336 	-1188.359 	679.107 	0.141 	-0.198 	0.105 	
-686.120 	270.205 	241.028 	-0.079 	-0.002 	0.038 	
-217.581 	-186.003 	91.942 	-0.051 	0.014 	0.008 	
70.111 	-49.712 	41.475 	-0.035 	-0.060 	-0.078 	
206.978 	-125.602 	58.969 	-0.002 	0.094 	-0.005 	
95.636 	-90.637 	132.690 	-0.021 	-0.047 	0.086 	
-5.576 	-68.243 	113.516 	-0.084 	-0.064 	0.130 	
-1477.631 	8937.231 	586.851 	-0.247 	1.412 	0.093 	
27.082 	-92.856 	157.875 	0.002 	-0.009 	-0.086 	
95.617 	-92.826 	76.511 	0.128 	-0.109 	-0.012 	
-309.534 	-82.764 	74.844 	0.013 	0.014 	-0.016 	
22.971 	-127.262 	63.748 	0.091 	0.077 	0.022 	
-64.456 	-1.915 	-13.336 	-0.028 	-0.058 	0.056 	
47.830 	-53.343 	109.069 	-0.027 	-0.009 	-0.084 	
37.360 	-52.885 	51.811 	0.162 	-0.014 	0.120 	
-73.203 	-170.426 	103.028 	0.044 	-0.009 	0.033 	
-99.291 	-124.073 	46.905 	0.043 	0.069 	0.044 	
-10.663 	-63.931 	70.332 	-0.178 	-0.067 	0.105 	
89.846 	-111.320 	11.761 	0.010 	-0.015 	-0.025 	
0.484 	-141.533 	123.322 	0.014 	0.078 	-0.071 	
-62.457 	-29.418 	-6.520 	0.113 	-0.106 	0.101 	
14.980 	-42.569 	27.176 	-0.005 	-0.148 	0.224 	
581.722 	148.898 	-12.187 	0.048 	0.029 	0.001 	
-95.464 	19.416 	14.610 	-0.014 	0.017 	-0.013 	
-3513.094 	-4025.279 	-1883.271 	-0.522 	-0.567 	-0.262 	
-151.066 	-77.858 	85.165 	0.044 	-0.050 	0.053 	
35.513 	-95.634 	68.458 	-0.164 	-0.066 	-0.200 	
-1038.789 	-1470.384 	644.792 	-0.181 	-0.259 	0.110 	
135.349 	-200.523 	133.824 	-0.013 	0.031 	-0.014 	
-760.236 	309.649 	891.175 	-0.134 	0.063 	0.162 	
23.342 	-63.369 	72.853 	0.119 	-0.093 	-0.149 	
2.926 	-69.785 	75.598 	0.193 	-0.061 	-0.031 	
145.384 	-71.895 	-3.081 	-0.019 	0.000 	0.041 	
19.951 	-64.853 	76.468 	-0.132 	-0.110 	0.001 	
2.341 	-107.502 	79.489 	-0.150 	-0.145 	0.087 	
110.800 	-6.404 	44.874 	-0.060 	-0.004 	0.009 	
30.364 	-85.135 	203.063 	0.028 	-0.055 	-0.115 	
-69.427 	-34.625 	123.983 	0.034 	-0.101 	-0.035 	
-29.087 	142.221 	-11.029 	0.015 	0.052 	-0.023 	
122.526 	-95.276 	-90.075 	0.018 	-0.014 	0.024 	
-54.699 	-85.534 	81.456 	0.116 	0.047 	-0.033 	
-372.614 	-20.289 	103.925 	0.000 	0.005 	0.019 	
-107.794 	-86.178 	54.923 	-0.051 	-0.071 	0.005 	
74.886 	-166.748 	140.114 	0.042 	-0.030 	-0.018 	
-73.212 	-141.499 	47.134 	0.052 	0.085 	-0.035 	
-15.905 	-80.728 	80.254 	0.074 	-0.067 	0.032 	
197.021 	153.723 	52.880 	0.059 	-0.022 	0.020 	
-50.580 	-86.525 	61.918 	-0.029 	-0.003 	-0.013 	
-102.335 	-5.401 	-69.279 	-0.075 	0.005 	0.051 	
-44.285 	-145.380 	27.520 	-0.008 	0.015 	0.095 	
-4419.794 	19223.284 	24607.616 	-1.661 	6.956 	8.885 	
-44.631 	-140.786 	28.377 	-0.079 	0.041 	0.055 	
-42.866 	-169.971 	-55.315 	0.072 	-0.042 	-0.045 	
58.053 	-107.996 	72.265 	0.070 	0.022 	0.001 	
-294.137 	314.979 	-189.898 	-0.116 	0.119 	-0.087 	
-31.081 	-129.948 	74.841 	0.076 	0.185 	0.009 	
-5.279 	-130.299 	125.973 	-0.046 	-0.020 	0.030 	
-84.700 	-186.678 	85.138 	0.042 	-0.097 	-0.055 	
-21.326 	-186.965 	40.477 	0.038 	0.126 	-0.012 	
63.190 	-89.807 	70.853 	-0.009 	0.009 	0.101 	
-55.837 	-29.358 	-11.988 	0.042 	-0.065 	-0.009 	
-76.544 	-109.822 	8.748 	0.174 	0.016 	0.065 	
-1025.870 	-1258.754 	4336.087 	-0.163 	-0.177 	0.621 	
62.545 	-76.405 	-89.266 	0.086 	-0.009 	-0.014 	
112.347 	-70.178 	7.349 	0.112 	0.004 	0.066 	
20.546 	-64.780 	73.785 	-0.028 	-0.097 	-0.253 	
23.171 	-106.314 	-17.490 	0.026 	0.027 	0.126 	
-35.554 	-55.497 	93.835 	-0.200 	-0.010 	-0.026 	
44.790 	-34.014 	96.527 	-0.156 	0.052 	-0.001 	
-21.332 	-53.447 	47.339 	-0.127 	0.048 	-0.001 	
163.552 	-69.048 	133.094 	0.102 	-0.007 	0.098 	
47.452 	-52.029 	23.238 	-0.122 	-0.013 	0.037 	
48.008 	-22.809 	122.065 	-0.030 	-0.004 	0.142 	
31.551 	-110.902 	43.645 	0.006 	-0.019 	0.060 	
64.284 	-96.824 	55.672 	0.133 	-0.129 	-0.038 	
88.736 	-123.287 	48.472 	0.119 	-0.061 	-0.008 	
4.496 	-59.220 	33.305 	-0.000 	-0.060 	-0.069 	
-140.791 	-59.851 	27.781 	0.062 	-0.066 	-0.035 	
45.182 	-48.177 	35.346 	0.003 	-0.161 	0.059 	
-34.281 	-30.728 	0.519 	-0.079 	-0.038 	-0.022 	
58.056 	-35.245 	78.827 	-0.028 	-0.012 	-0.050 	
68.445 	-51.329 	-26.261 	-0.011 	-0.063 	-0.005 	
-952.601 	-1418.142 	-2175.822 	-0.254 	-0.330 	-0.515 	
11.645 	-76.680 	61.794 	-0.172 	-0.046 	0.258 	
-78.538 	-87.434 	50.549 	-0.041 	0.013 	0.210 	
317.872 	-43.896 	9.538 	0.006 	-0.015 	0.015 	
-31.123 	-72.800 	66.353 	0.211 	-0.024 	-0.022 	
-96.125 	-90.623 	137.708 	0.043 	-0.024 	-0.038 	
25.477 	37.022 	138.079 	-0.076 	0.100 	-0.066 	
34.726 	-56.664 	110.462 	-0.116 	-0.015 	0.146 	
-27.213 	-40.935 	50.857 	0.049 	0.008 	-0.058 	
-107.894 	-102.150 	88.246 	-0.035 	-0.012 	-0.169 	
62.315 	-27.847 	20.526 	-0.006 	-0.034 	0.135 	
98.058 	-57.160 	95.278 	-0.014 	-0.057 	0.008 	
-297.227 	-8253.674 	-1411.154 	-0.060 	-1.308 	-0.223 	
-8.402 	45.118 	-11.076 	0.032 	-0.085 	0.028 	
49.280 	-47.056 	36.878 	-0.147 	-0.048 	0.199 	
-100844.285 	-9074.385 	-82557.951 	-23.128 	-2.071 	-18.899 	
68.903 	-80.906 	67.149 	0.013 	-0.121 	-0.126 	
80.776 	-190.495 	103.815 	-0.010 	-0.083 	0.001 	
-8.813 	-120.307 	89.507 	-0.097 	0.001 	-0.111 	
40.273 	-55.270 	124.273 	-0.068 	-0.093 	-0.063 	
17.309 	-145.879 	58.851 	-0.018 	-0.158 	0.120 	
79.309 	-70.849 	127.114 	-0.021 	-0.067 	0.032 	
45.634 	-59.919 	19.678 	-0.188 	0.059 	0.175 	
-46.804 	-142.084 	31.366 	0.057 	0.053 	0.075 	
55.556 	-99.609 	53.215 	0.171 	0.080 	0.087 	
4814.247 	-19422.583 	-24387.594 	1.676 	-7.008 	-8.818 	
186.514 	-7.920 	53.455 	-0.054 	-0.027 	0.064 	
-71.084 	17.987 	8.829 	0.031 	-0.041 	0.033 	
96.028 	-70.386 	61.454 	0.224 	0.083 	0.055 	
5150.856 	-3924.017 	-3142.102 	0.881 	-0.660 	-0.534 	
10.668 	-39.606 	66.621 	0.119 	-0.240 	0.075 	
-2080.451 	-887.246 	657.241 	-0.706 	-0.256 	0.187 	
57.664 	1.838 	122.558 	0.061 	0.061 	0.047 	
