## Las primeras 500 lineas corresponden a la esfera 1 
##las siguienets 500 lineas a la esfera 2
## Las primeras tres columnas corresponden a la posición en 'x', 'y' y 'z', las siguientes tres a las velocidades
-39.799 	-125.537 	88.337 	0.153 	0.118 	0.009 	
5.245 	-49.126 	39.904 	0.046 	-0.066 	0.126 	
57.947 	-45.647 	45.688 	-0.027 	0.095 	-0.027 	
-2400.391 	2866.084 	-474.610 	-0.336 	0.400 	-0.072 	
135.346 	-39.741 	104.484 	-0.094 	0.069 	-0.010 	
-53.167 	329.962 	55.588 	-0.101 	0.200 	0.006 	
90.598 	102.599 	51.367 	0.020 	-0.007 	0.027 	
25.245 	-48.375 	14.400 	-0.112 	-0.150 	0.037 	
33.855 	-62.647 	75.156 	0.145 	0.098 	0.032 	
54.412 	-69.196 	46.131 	-0.172 	0.061 	0.037 	
-490.125 	2618.663 	-1407.209 	-0.072 	0.378 	-0.203 	
17.102 	-68.201 	50.048 	-0.040 	-0.188 	-0.061 	
1850.038 	-2451.009 	1742.507 	0.265 	-0.349 	0.250 	
45.831 	-46.681 	54.753 	-0.014 	-0.242 	0.029 	
-23.474 	-81.803 	80.453 	-0.015 	-0.045 	-0.060 	
-56.090 	-90.509 	89.946 	-0.160 	0.033 	-0.014 	
74.845 	-147.011 	121.915 	-0.079 	0.015 	-0.039 	
-156.110 	45.676 	-14.366 	-0.010 	-0.057 	-0.078 	
-7.450 	-85.639 	41.873 	0.001 	-0.126 	-0.159 	
-29.965 	10.380 	98.856 	-0.159 	0.172 	0.073 	
-37.712 	-105.125 	133.164 	-0.093 	0.111 	-0.010 	
38.102 	-220.222 	-15.285 	-0.090 	-0.067 	-0.006 	
8.344 	-54.098 	51.434 	0.085 	0.157 	-0.074 	
99.923 	-36.617 	22.710 	-0.151 	0.011 	-0.031 	
46.334 	-70.447 	70.267 	-0.127 	-0.039 	-0.001 	
-170.436 	-152.528 	131.113 	0.019 	0.015 	-0.019 	
-14.305 	-50.352 	69.120 	0.024 	-0.002 	0.031 	
46.540 	-73.212 	54.318 	-0.111 	0.094 	0.022 	
-105.323 	-57.518 	159.534 	0.137 	-0.007 	0.029 	
-22.495 	-93.013 	107.091 	-0.024 	-0.009 	0.179 	
-149.367 	-17.062 	70.196 	0.089 	-0.113 	0.016 	
-24.426 	-73.278 	58.970 	0.083 	-0.041 	-0.179 	
-40.884 	-120.815 	23.724 	-0.028 	0.044 	0.021 	
-1.995 	-87.804 	92.207 	-0.048 	-0.044 	-0.009 	
29.839 	-97.496 	44.094 	0.044 	-0.014 	-0.112 	
-83.158 	-79.247 	99.918 	0.026 	-0.064 	0.010 	
-9.397 	-18.520 	2.088 	0.138 	0.114 	-0.018 	
60.761 	-71.264 	47.728 	-0.186 	-0.092 	0.125 	
132.732 	-61.926 	47.540 	0.155 	0.010 	0.001 	
10.947 	-76.702 	52.373 	-0.043 	0.102 	0.006 	
27.098 	-105.658 	44.782 	0.044 	0.067 	-0.047 	
25.071 	-75.769 	66.585 	0.067 	0.028 	-0.024 	
82.978 	-68.080 	39.805 	-0.047 	-0.092 	0.004 	
60.962 	-81.200 	47.711 	-0.239 	-0.030 	-0.060 	
-32.597 	-89.723 	74.310 	0.136 	-0.180 	-0.069 	
19.831 	-72.838 	40.034 	0.040 	0.103 	-0.171 	
169.220 	-50.404 	-54.235 	0.035 	-0.036 	-0.046 	
14.491 	-79.175 	48.405 	0.082 	0.035 	0.062 	
-92.780 	17.998 	18.800 	-0.081 	-0.092 	-0.017 	
28.280 	-56.395 	55.532 	-0.060 	-0.052 	-0.191 	
96.182 	113.395 	160.471 	-0.056 	-0.075 	-0.050 	
-78.828 	-99.542 	13.804 	-0.042 	0.009 	0.020 	
43.588 	-121.138 	118.961 	0.055 	-0.066 	0.118 	
72.248 	-102.042 	56.251 	-0.037 	-0.012 	0.032 	
1.517 	-61.590 	52.444 	0.013 	-0.080 	0.121 	
-5.479 	-55.755 	2.441 	-0.123 	-0.070 	-0.021 	
-65.109 	22.208 	50.443 	-0.103 	-0.040 	-0.041 	
119.533 	-91.147 	41.851 	-0.008 	-0.115 	0.020 	
100.279 	-164.918 	7.894 	-0.083 	0.108 	0.038 	
40.832 	-80.519 	94.899 	0.047 	-0.061 	-0.016 	
119.222 	-83.737 	66.244 	0.001 	-0.042 	-0.045 	
42.986 	-101.749 	53.750 	0.069 	0.138 	0.125 	
-181.675 	-220.088 	25.866 	0.014 	0.007 	0.031 	
20.782 	-34.395 	65.991 	-0.113 	0.112 	0.071 	
146.436 	167.057 	77.808 	0.028 	0.019 	0.007 	
-12.469 	-27.804 	57.167 	-0.078 	0.004 	-0.070 	
-1208.869 	-2067.003 	-1685.151 	-0.178 	-0.288 	-0.236 	
-11.148 	-199.643 	182.446 	-0.029 	0.049 	-0.044 	
4.670 	-78.117 	55.813 	-0.093 	-0.114 	-0.068 	
96.756 	-122.953 	127.660 	0.027 	-0.022 	-0.053 	
46.524 	-84.722 	88.574 	-0.094 	0.060 	-0.032 	
19.176 	-70.721 	61.705 	0.107 	-0.118 	-0.003 	
-9.828 	-39.720 	113.593 	-0.136 	-0.035 	0.167 	
37.236 	-31.663 	-58.232 	0.112 	-0.017 	-0.059 	
35.755 	-94.201 	-100.120 	-0.019 	-0.018 	-0.007 	
125.518 	-95.112 	-20.094 	0.037 	0.034 	0.137 	
199.005 	28.643 	47.510 	0.029 	0.049 	0.033 	
977.491 	1464.005 	2581.653 	0.134 	0.197 	0.350 	
3.375 	-46.625 	70.094 	-0.022 	-0.255 	-0.012 	
-26.438 	-80.280 	52.712 	-0.013 	0.045 	0.028 	
-31.077 	-100.634 	88.196 	0.117 	0.019 	-0.190 	
154.336 	-54.439 	-7.781 	0.036 	-0.044 	-0.033 	
67.391 	-150.747 	-106.006 	-0.009 	-0.041 	-0.075 	
-87.111 	-409.811 	670.921 	0.002 	-0.020 	0.048 	
-50.333 	-152.602 	103.987 	0.067 	-0.089 	0.004 	
114.477 	-55.864 	15.404 	-0.204 	-0.014 	-0.027 	
94.180 	-86.881 	106.047 	-0.076 	0.011 	-0.142 	
39.556 	-71.145 	53.749 	-0.177 	-0.179 	-0.042 	
-55.975 	-229.304 	129.887 	-0.072 	-0.116 	0.036 	
16.775 	-137.485 	34.850 	0.073 	-0.018 	0.066 	
42.514 	-71.911 	-27.834 	0.062 	-0.031 	0.039 	
-115.648 	-62.224 	93.685 	0.070 	-0.068 	0.128 	
-60.223 	-106.107 	117.542 	0.023 	0.012 	0.035 	
6.880 	-177.125 	122.494 	0.124 	0.034 	0.076 	
93.873 	-74.694 	94.735 	-0.094 	0.020 	0.099 	
10.788 	-152.641 	20.036 	-0.064 	0.160 	0.054 	
13.904 	-71.752 	41.833 	0.002 	0.039 	-0.002 	
4328.935 	-4672.047 	1.120 	0.612 	-0.666 	0.004 	
6243.735 	-5728.136 	-11907.129 	0.871 	-0.795 	-1.651 	
86.696 	-179.416 	-25.188 	-0.014 	0.036 	0.010 	
55.987 	-42.297 	47.226 	0.052 	-0.026 	0.056 	
48.509 	30.694 	115.286 	0.024 	0.054 	0.009 	
-30.536 	-48.062 	44.054 	-0.022 	-0.002 	0.122 	
73.133 	-63.028 	109.604 	0.033 	0.037 	0.003 	
5492.656 	-3846.937 	3292.929 	0.754 	-0.523 	0.450 	
-5311.595 	7021.190 	12657.627 	-0.730 	0.971 	1.752 	
3676.058 	-82.775 	298.842 	0.615 	-0.008 	0.048 	
-2270.113 	1958.296 	825.144 	-0.687 	0.597 	0.250 	
20.431 	-65.056 	75.884 	-0.022 	0.132 	0.005 	
628.085 	-53.750 	294.915 	0.030 	0.031 	0.024 	
18.600 	-66.563 	135.335 	-0.034 	-0.025 	-0.114 	
-38.387 	-77.297 	26.486 	0.054 	0.023 	0.059 	
-2338.207 	-696.423 	157.826 	-0.436 	-0.103 	0.022 	
204.922 	79.898 	-39.510 	-0.060 	-0.014 	0.038 	
-61.446 	-168.238 	68.916 	-0.065 	-0.090 	-0.001 	
31.991 	-82.814 	69.203 	-0.045 	0.079 	-0.052 	
-26.308 	-106.421 	110.938 	-0.064 	0.043 	0.102 	
285.956 	-243.248 	-2.797 	0.009 	0.077 	-0.013 	
87.744 	17.446 	12.342 	-0.045 	-0.049 	-0.101 	
122.553 	-50.062 	13.503 	-0.031 	-0.038 	0.059 	
-174.887 	-80.892 	44.431 	0.056 	0.030 	0.123 	
93.070 	-19.898 	-41.861 	0.019 	-0.058 	-0.066 	
-19.647 	-53.430 	69.906 	0.101 	-0.152 	0.137 	
-2.432 	-128.247 	56.514 	-0.062 	0.040 	0.058 	
402.551 	19.370 	62.356 	-0.025 	-0.036 	-0.008 	
74.153 	-24.771 	93.975 	0.030 	-0.111 	0.147 	
14.817 	-67.476 	73.979 	0.100 	-0.005 	0.006 	
133.400 	-37.988 	61.907 	-0.001 	0.023 	0.048 	
-21.539 	-97.864 	122.400 	0.081 	-0.046 	-0.073 	
-24.890 	-48.408 	86.871 	-0.124 	0.080 	0.152 	
37.220 	-77.832 	68.828 	0.058 	-0.209 	-0.024 	
-83.464 	-74.253 	47.799 	-0.065 	-0.039 	0.049 	
106.542 	-56.417 	115.448 	-0.128 	-0.031 	0.035 	
784.439 	1581.742 	-649.892 	0.302 	0.652 	-0.271 	
23.753 	-65.404 	64.032 	-0.117 	0.035 	0.010 	
-1.553 	-50.275 	14.269 	0.072 	0.129 	-0.090 	
44.870 	-76.628 	49.277 	0.050 	0.069 	0.053 	
-262.287 	-467.929 	137.763 	-0.032 	-0.094 	0.005 	
-34338.328 	-10142.617 	-20374.817 	-5.694 	-1.675 	-3.368 	
-4131.481 	3533.891 	-2114.632 	-0.555 	0.480 	-0.285 	
-79.489 	-171.870 	94.408 	-0.066 	-0.031 	-0.099 	
-1778.041 	-354.318 	1110.394 	-0.287 	-0.060 	0.173 	
1219.368 	111.048 	-261.666 	0.187 	0.016 	-0.063 	
77.102 	3.137 	14.425 	-0.044 	-0.069 	-0.043 	
-1323.213 	3968.514 	-1354.791 	-0.671 	1.959 	-0.679 	
-284.705 	-23.075 	321.425 	-0.294 	0.070 	0.196 	
89.601 	-11.945 	6.732 	-0.009 	0.126 	0.002 	
43.340 	-84.095 	37.362 	0.181 	-0.153 	-0.081 	
149.253 	-226.271 	10.311 	0.091 	-0.016 	0.017 	
445.241 	-4002.151 	1496.357 	0.194 	-1.940 	0.716 	
28.684 	-24.274 	20.113 	0.053 	0.049 	0.067 	
17.486 	-69.008 	69.748 	0.185 	0.216 	0.086 	
11.710 	-70.146 	59.259 	0.081 	-0.160 	0.130 	
65.635 	-106.169 	35.470 	-0.005 	-0.115 	-0.159 	
53.053 	-96.503 	77.926 	-0.009 	0.020 	0.056 	
86.452 	41.332 	114.852 	-0.025 	0.017 	0.019 	
66.252 	-47.098 	71.497 	-0.079 	-0.043 	0.028 	
22.344 	-73.260 	65.147 	0.178 	-0.088 	-0.009 	
775.916 	560.651 	-782.233 	0.101 	0.092 	-0.115 	
-39.364 	-110.285 	-2.928 	-0.000 	0.000 	-0.056 	
101.327 	-108.927 	72.951 	-0.070 	-0.044 	-0.088 	
-150.631 	-1.309 	-13.162 	0.079 	0.021 	-0.071 	
-219.018 	98.893 	257.134 	-0.014 	-0.040 	-0.007 	
66.008 	-55.903 	40.173 	0.032 	0.026 	0.007 	
61.424 	-7.075 	35.194 	-0.015 	0.110 	0.034 	
97.402 	-53.003 	91.146 	-0.068 	-0.007 	-0.093 	
-110.896 	-118.115 	29.313 	-0.019 	0.078 	0.069 	
-48.096 	-52.302 	37.072 	-0.077 	0.042 	-0.051 	
132.849 	-135.202 	88.559 	0.011 	-0.037 	0.017 	
-6.018 	-54.673 	55.437 	0.115 	0.106 	-0.030 	
-124.580 	-150.044 	-39.031 	-0.025 	0.021 	-0.025 	
2419.193 	-45497.454 	-26418.222 	0.817 	-15.883 	-9.238 	
98.007 	-87.540 	75.585 	-0.152 	-0.035 	0.033 	
26.212 	21.165 	91.091 	-0.033 	-0.045 	-0.065 	
-26.311 	-75.431 	54.914 	0.162 	-0.130 	-0.019 	
-61.928 	-26.428 	113.606 	-0.072 	0.083 	0.104 	
13.073 	-88.951 	80.544 	0.042 	-0.139 	0.072 	
41.010 	-106.981 	23.528 	-0.134 	-0.126 	0.112 	
168.057 	-62.265 	-172.267 	-0.043 	-0.034 	0.076 	
-49.587 	-7.237 	109.167 	-0.119 	0.054 	0.059 	
566.949 	-13.066 	175.299 	0.334 	0.044 	0.111 	
238.251 	-65.113 	-3.995 	0.098 	-0.004 	0.014 	
27.469 	-64.229 	62.887 	-0.060 	-0.110 	-0.078 	
33.933 	-10.756 	13.680 	0.173 	-0.046 	0.051 	
179.189 	-78.166 	24.913 	0.029 	-0.016 	0.115 	
44.750 	-91.671 	72.796 	-0.048 	-0.039 	-0.058 	
-93.779 	-232.560 	-4.118 	-0.111 	-0.019 	0.066 	
-906.614 	549.443 	1176.402 	-0.202 	0.101 	0.210 	
138.292 	41.902 	49.683 	-0.048 	0.047 	-0.039 	
17.363 	-88.526 	20.011 	-0.229 	-0.024 	0.167 	
81.847 	-65.031 	-64.869 	-0.093 	-0.064 	0.030 	
22.144 	-69.825 	39.518 	0.135 	-0.005 	0.021 	
-735.338 	-1360.202 	674.315 	-0.311 	-0.532 	0.263 	
94.491 	14.065 	64.946 	0.048 	0.022 	0.011 	
-70.219 	-95.378 	46.275 	0.189 	0.028 	0.052 	
-14.318 	-79.592 	62.421 	-0.088 	-0.047 	0.105 	
5474.507 	658.835 	1087.969 	0.887 	0.117 	0.177 	
-28.195 	-54.255 	65.349 	-0.008 	-0.169 	-0.040 	
-67.378 	-95.152 	54.529 	-0.045 	-0.076 	-0.040 	
37.993 	-59.766 	82.556 	-0.019 	-0.029 	0.154 	
-3.592 	-118.156 	88.346 	0.063 	0.029 	-0.106 	
284.402 	-109.559 	-41.133 	0.115 	0.051 	-0.013 	
-50.009 	-77.653 	83.138 	0.083 	0.130 	0.112 	
8.137 	-53.766 	67.930 	0.017 	-0.012 	-0.007 	
201.989 	-389.447 	770.551 	0.006 	-0.048 	0.087 	
-97.481 	-27.837 	93.375 	0.116 	-0.050 	0.054 	
13.633 	-130.781 	-5.840 	-0.033 	0.028 	0.154 	
1629.971 	-1722.738 	-547.124 	0.392 	-0.401 	-0.132 	
24.903 	-62.688 	9.781 	-0.084 	-0.089 	0.035 	
-57.589 	-154.062 	12.980 	-0.049 	-0.000 	0.021 	
-33.162 	-93.142 	-11.295 	-0.071 	-0.063 	0.027 	
681.637 	-296.378 	111.774 	0.036 	-0.023 	-0.004 	
-59.811 	-90.799 	56.699 	0.112 	-0.056 	0.050 	
-35.814 	-74.041 	63.059 	0.103 	0.122 	-0.042 	
45.677 	3.465 	135.613 	0.005 	0.027 	-0.057 	
156.564 	-54.869 	71.634 	-0.179 	0.016 	0.042 	
-84.806 	-103.262 	-54.137 	0.103 	-0.067 	-0.001 	
-84.185 	-199.106 	-42.713 	-0.027 	-0.006 	-0.003 	
-36.958 	-81.709 	149.930 	0.015 	0.140 	-0.014 	
6.973 	-83.200 	56.361 	-0.077 	-0.055 	0.094 	
137.311 	-71.545 	23.982 	0.061 	-0.109 	-0.049 	
-81.300 	-21.119 	59.674 	-0.071 	0.026 	-0.080 	
-151.074 	-138.764 	210.934 	-0.092 	-0.046 	0.103 	
146.062 	-108.741 	11.984 	-0.053 	-0.011 	0.045 	
1.240 	-85.830 	107.454 	-0.192 	0.009 	0.067 	
12.490 	-89.963 	42.216 	-0.155 	-0.059 	-0.101 	
16.750 	-113.924 	45.929 	-0.048 	0.001 	-0.000 	
29.702 	-28.709 	128.385 	-0.009 	0.021 	-0.037 	
3.437 	-80.309 	59.114 	-0.008 	-0.073 	-0.080 	
119.151 	-68.191 	6.819 	-0.024 	0.044 	-0.034 	
121.714 	-65.940 	-30.289 	0.006 	0.034 	-0.044 	
56.999 	-67.920 	62.795 	-0.053 	0.072 	-0.053 	
108.123 	-14.776 	88.350 	-0.114 	-0.051 	-0.057 	
101.720 	53.961 	47.732 	0.015 	0.094 	0.011 	
13.018 	-171.393 	70.270 	0.144 	-0.012 	-0.024 	
420.167 	-703.007 	-464.417 	0.032 	-0.113 	-0.075 	
50.866 	-68.879 	67.873 	0.155 	-0.080 	0.098 	
-45.953 	-84.110 	79.607 	0.046 	0.166 	0.023 	
77.461 	-22.247 	120.063 	0.076 	0.087 	0.107 	
-135.479 	89.513 	-79.040 	0.023 	0.023 	-0.001 	
-31.607 	-137.376 	65.552 	0.167 	0.102 	-0.081 	
12.081 	-46.021 	72.519 	-0.053 	-0.041 	-0.010 	
-42.053 	-111.766 	55.877 	-0.067 	0.126 	-0.140 	
-126.954 	-196.091 	-3.973 	-0.125 	0.045 	0.013 	
11035.336 	12916.376 	4793.227 	3.031 	3.585 	1.316 	
801.532 	-176.251 	-125.779 	0.147 	-0.033 	-0.028 	
-22.352 	-55.089 	54.551 	0.152 	0.073 	-0.016 	
39.471 	-56.041 	72.410 	-0.020 	-0.106 	0.073 	
39.549 	14.175 	10.057 	0.024 	0.046 	-0.144 	
8.447 	-59.712 	82.472 	-0.175 	0.010 	0.159 	
2351.378 	1492.327 	524.054 	0.329 	0.214 	0.072 	
38.510 	-86.832 	48.351 	0.100 	0.207 	-0.083 	
-19.167 	-91.086 	73.450 	0.108 	-0.014 	0.065 	
23.803 	-50.484 	-86.819 	-0.170 	-0.048 	-0.017 	
-19.916 	-131.905 	87.152 	0.021 	-0.009 	0.069 	
57.206 	-58.709 	25.599 	-0.119 	0.074 	0.144 	
-19.670 	-52.818 	9.287 	0.162 	-0.008 	-0.072 	
147.999 	-60.353 	48.383 	0.004 	-0.075 	0.147 	
2475.611 	1455.278 	-1532.613 	0.345 	0.210 	-0.210 	
62.380 	-53.606 	52.602 	-0.047 	0.061 	-0.027 	
-2525.565 	45002.865 	26245.094 	-0.911 	15.733 	9.160 	
61.545 	-22.242 	12.673 	-0.001 	-0.141 	0.106 	
-102.992 	-50.148 	-19.427 	0.049 	0.035 	0.093 	
11.774 	-51.432 	72.534 	0.009 	0.150 	0.057 	
57.262 	-30.164 	-2.105 	0.128 	0.054 	0.162 	
-14.848 	-54.997 	-33.107 	-0.037 	0.074 	0.121 	
-11.334 	23.274 	-70.183 	0.007 	0.056 	-0.004 	
-4464.731 	-463.420 	-166.920 	-0.714 	-0.066 	-0.025 	
-90.659 	-7.787 	273.597 	0.028 	0.025 	0.013 	
21.866 	-100.235 	107.082 	0.009 	-0.128 	0.127 	
43.459 	-125.305 	117.166 	0.026 	0.031 	-0.018 	
10.892 	-70.318 	89.403 	-0.043 	0.058 	-0.199 	
51.960 	-81.814 	62.380 	-0.010 	-0.077 	-0.008 	
-6.415 	-94.047 	39.431 	0.058 	-0.077 	-0.054 	
19.293 	-118.556 	9.638 	-0.034 	0.030 	-0.060 	
-80.114 	-53.688 	19.959 	0.084 	0.021 	0.054 	
42.203 	-76.585 	57.804 	0.039 	-0.058 	-0.080 	
2563.525 	-487.997 	74.137 	0.405 	-0.081 	0.006 	
-38.087 	-51.922 	213.202 	-0.017 	-0.050 	0.024 	
-15.302 	-22.506 	88.802 	0.036 	0.008 	0.000 	
64.479 	-98.288 	68.471 	-0.021 	0.005 	-0.184 	
-34.936 	10.138 	58.025 	-0.077 	-0.114 	0.035 	
-1369.570 	-713.802 	-3039.475 	-0.189 	-0.101 	-0.421 	
-27.804 	-66.295 	124.909 	-0.005 	0.034 	0.115 	
-170.678 	-78.462 	-13.686 	-0.034 	-0.059 	-0.065 	
-24.502 	-50.759 	59.726 	0.058 	-0.029 	-0.003 	
78.951 	-132.591 	-11.915 	-0.003 	0.100 	0.001 	
23.799 	-102.044 	51.022 	0.057 	-0.016 	-0.103 	
17.307 	-89.863 	55.138 	0.103 	0.059 	0.118 	
-129.100 	-51.503 	128.688 	0.008 	-0.033 	-0.110 	
39.543 	-84.575 	126.835 	-0.037 	-0.010 	-0.146 	
28.434 	-93.278 	81.670 	0.032 	0.061 	0.141 	
46.516 	-116.453 	44.813 	-0.133 	0.114 	0.050 	
18.014 	-36.415 	57.324 	0.064 	-0.099 	-0.061 	
21.515 	-77.524 	67.823 	0.088 	-0.005 	0.000 	
60.858 	-90.530 	45.625 	0.061 	-0.063 	0.041 	
280.338 	-392.661 	33.600 	-0.054 	-0.022 	0.001 	
-80.211 	-90.039 	117.400 	0.136 	0.009 	-0.037 	
33.331 	-64.898 	65.414 	0.072 	0.060 	0.008 	
9.666 	-52.985 	71.293 	-0.160 	-0.036 	-0.055 	
18.541 	-100.340 	35.660 	0.004 	0.136 	0.102 	
31.808 	-52.339 	9.831 	0.053 	-0.352 	0.000 	
1.995 	-77.687 	77.468 	-0.123 	0.027 	-0.048 	
6.635 	-30.927 	36.042 	0.025 	-0.046 	-0.070 	
119.533 	-73.559 	59.459 	-0.105 	0.009 	0.086 	
27.620 	-111.767 	113.830 	-0.139 	-0.012 	-0.086 	
-256.655 	55.514 	80.972 	0.009 	0.034 	0.026 	
-6.930 	-12.090 	45.181 	-0.013 	-0.031 	-0.114 	
-8.610 	-60.817 	-140.466 	-0.075 	-0.028 	-0.141 	
27.340 	-66.862 	25.799 	-0.072 	-0.009 	-0.098 	
-0.050 	-108.149 	44.067 	-0.058 	-0.038 	-0.043 	
-90.937 	-67.460 	59.067 	0.057 	-0.064 	0.034 	
-87.746 	-211.240 	-10.753 	0.032 	-0.035 	0.044 	
17.263 	-7.012 	153.345 	0.123 	0.099 	0.054 	
-1202.219 	-2033.825 	2024.126 	-0.182 	-0.286 	0.298 	
83.872 	-266.424 	6.654 	-0.044 	0.047 	0.010 	
23.836 	-2.594 	124.104 	-0.153 	-0.027 	-0.037 	
7.608 	-108.285 	-161.836 	-0.052 	-0.013 	-0.049 	
-31.290 	-85.164 	28.331 	-0.058 	0.030 	-0.003 	
-0.502 	-70.369 	74.639 	-0.104 	-0.035 	-0.106 	
-49.690 	-71.982 	108.911 	-0.085 	-0.066 	-0.165 	
94.287 	-76.899 	87.542 	-0.139 	0.004 	-0.138 	
7.656 	-71.157 	20.787 	-0.144 	-0.090 	0.087 	
76.188 	-84.450 	72.521 	0.058 	-0.005 	0.098 	
-1260.417 	103.913 	-1641.404 	-0.307 	0.050 	-0.433 	
4.677 	-105.822 	59.781 	-0.010 	-0.104 	-0.022 	
107.234 	-55.785 	137.198 	-0.087 	-0.082 	-0.041 	
-89.908 	-121.446 	11.465 	0.005 	-0.081 	-0.050 	
-5.646 	-16.511 	65.384 	0.078 	0.079 	-0.062 	
-1307.913 	5049.267 	561.417 	-0.192 	0.719 	0.084 	
-54.800 	51.091 	66.972 	0.006 	-0.140 	0.088 	
68.950 	-66.410 	-18.685 	-0.105 	-0.042 	-0.040 	
28.143 	-73.471 	39.997 	0.115 	-0.135 	0.076 	
-29.258 	14.768 	124.870 	-0.194 	-0.023 	0.006 	
13.737 	-54.267 	65.487 	0.058 	-0.058 	0.137 	
-147.025 	-215.229 	-13.210 	-0.011 	0.012 	0.028 	
-25.259 	-68.817 	94.329 	-0.048 	-0.001 	0.083 	
28.801 	-74.121 	63.304 	0.126 	-0.069 	0.065 	
-14.066 	-92.551 	46.666 	-0.081 	-0.188 	0.030 	
-395.396 	-111.096 	62.272 	-0.032 	-0.036 	-0.002 	
-99.649 	-55.731 	-112.800 	0.036 	0.025 	0.005 	
-94.496 	41.680 	33.104 	-0.067 	-0.049 	0.025 	
162.999 	-130.258 	63.187 	-0.027 	-0.036 	0.015 	
-39.356 	-45.485 	11.565 	-0.097 	0.034 	-0.005 	
8.765 	-62.037 	55.676 	-0.249 	0.050 	0.092 	
142.005 	-61.909 	5.252 	0.052 	0.039 	0.056 	
141.615 	-13.053 	84.774 	0.004 	0.053 	0.068 	
-103.299 	-82.129 	61.093 	-0.093 	-0.029 	-0.049 	
-130.836 	-92.697 	52.815 	-0.026 	0.030 	0.006 	
-468.194 	-148.924 	159.568 	-0.330 	-0.036 	0.102 	
-9.915 	-68.413 	57.373 	-0.039 	0.084 	-0.064 	
127.568 	-63.915 	12.568 	-0.060 	0.007 	0.035 	
19.485 	-78.693 	69.551 	-0.030 	0.118 	0.056 	
-72.939 	-148.603 	50.992 	0.124 	0.018 	-0.068 	
216.780 	30.277 	-133.798 	-0.024 	-0.032 	0.030 	
-78.402 	-144.250 	59.634 	-0.040 	-0.117 	0.056 	
-16.412 	-61.533 	55.999 	0.194 	0.007 	0.059 	
14.312 	13.812 	225.524 	0.042 	-0.008 	0.004 	
-37.999 	-53.698 	43.634 	-0.168 	-0.011 	-0.116 	
-1318.420 	-658.563 	896.631 	-0.275 	-0.124 	0.148 	
27.274 	-70.478 	75.143 	-0.093 	0.024 	0.028 	
-8.731 	-94.017 	69.059 	0.068 	-0.200 	0.045 	
14.733 	-60.986 	63.444 	-0.137 	-0.063 	-0.020 	
-7.840 	-90.077 	74.310 	-0.047 	-0.071 	0.252 	
-180.096 	-11.838 	82.480 	0.026 	0.013 	-0.029 	
83.614 	-49.596 	141.189 	0.022 	-0.056 	0.002 	
442.085 	-323.466 	-462.502 	0.039 	-0.030 	-0.009 	
18.472 	-49.804 	60.638 	-0.205 	-0.084 	-0.150 	
-33.074 	-25.467 	47.298 	0.001 	-0.093 	0.151 	
-39.388 	-54.041 	48.543 	-0.000 	-0.161 	-0.021 	
5.530 	-60.596 	103.451 	-0.167 	0.073 	-0.118 	
-127.751 	-138.432 	81.745 	-0.004 	-0.154 	0.063 	
-761.485 	-241.931 	203.318 	-0.123 	-0.042 	0.003 	
677.855 	-826.565 	-83.304 	0.073 	-0.088 	-0.003 	
253.515 	77.085 	28.756 	-0.025 	-0.001 	-0.015 	
-5.676 	-109.301 	114.294 	0.032 	0.078 	-0.026 	
68.099 	-114.641 	59.254 	-0.001 	-0.098 	0.014 	
69.242 	-33.091 	86.214 	-0.005 	-0.033 	0.026 	
61.844 	-36.999 	64.863 	-0.188 	0.032 	0.051 	
-4.395 	-48.413 	123.292 	-0.027 	0.003 	0.115 	
36.927 	-36.748 	48.958 	-0.003 	0.009 	0.101 	
14.075 	-38.590 	99.359 	0.124 	0.053 	0.167 	
175.839 	21.775 	27.341 	0.013 	-0.025 	-0.025 	
24.115 	-15.212 	65.155 	-0.065 	0.201 	-0.055 	
8.840 	-86.808 	48.191 	0.046 	-0.105 	0.016 	
68.130 	45.624 	38.085 	-0.185 	0.033 	-0.007 	
-26.460 	-73.937 	48.070 	-0.252 	0.048 	0.005 	
41.272 	-71.876 	47.528 	0.087 	-0.015 	-0.189 	
-65.036 	-97.746 	188.015 	0.102 	0.041 	0.077 	
-37.681 	-80.511 	57.951 	0.059 	0.127 	-0.087 	
67.315 	-90.627 	22.665 	0.158 	-0.042 	-0.052 	
-5.826 	-133.051 	82.715 	-0.168 	-0.029 	-0.036 	
89.994 	-17.288 	-7.270 	-0.120 	-0.033 	-0.118 	
-10.193 	-63.274 	85.983 	0.042 	0.070 	-0.052 	
-9.299 	28.221 	176.096 	-0.096 	0.014 	0.030 	
14.406 	-101.921 	91.962 	-0.180 	-0.072 	-0.118 	
409.231 	586.086 	-35.739 	0.008 	0.085 	-0.007 	
-1692.473 	1855.011 	785.052 	-0.404 	0.453 	0.185 	
21.014 	2.048 	-124.400 	0.057 	0.002 	-0.027 	
55.793 	-57.825 	64.091 	0.113 	-0.055 	-0.117 	
-93.658 	-117.390 	69.408 	0.025 	-0.032 	0.098 	
61.658 	-26.538 	81.750 	-0.055 	0.002 	0.077 	
362.326 	450.408 	712.651 	0.039 	0.038 	0.058 	
15.792 	8.686 	70.603 	0.121 	0.010 	-0.132 	
122.101 	-102.878 	34.312 	-0.063 	-0.067 	0.100 	
-73.375 	-86.961 	109.807 	-0.060 	-0.085 	0.045 	
1926.560 	-2216.735 	6.451 	0.259 	-0.303 	0.004 	
1.279 	-31.425 	0.184 	-0.003 	0.071 	0.040 	
143.235 	-103.325 	133.587 	-0.106 	-0.067 	0.071 	
10.438 	-77.884 	36.778 	0.121 	0.032 	-0.004 	
49.165 	-80.266 	51.272 	-0.065 	-0.002 	-0.010 	
-47.708 	1.308 	13.895 	-0.123 	-0.082 	0.022 	
13.051 	-61.624 	30.662 	-0.061 	-0.217 	-0.080 	
73.359 	-28.621 	62.187 	-0.032 	0.084 	-0.037 	
24.955 	-44.698 	69.831 	-0.146 	0.046 	0.123 	
27.897 	-67.362 	7.717 	-0.124 	0.022 	0.086 	
18.817 	-76.331 	70.160 	-0.018 	0.129 	-0.024 	
819.079 	-2094.616 	-51.436 	0.118 	-0.285 	-0.015 	
232.579 	56.867 	263.519 	-0.025 	0.009 	-0.018 	
134.110 	-5.857 	-26.712 	-0.057 	-0.056 	-0.009 	
-114.824 	4.343 	13.831 	-0.014 	-0.052 	0.057 	
-14.431 	-289.136 	186.132 	0.058 	-0.049 	0.028 	
40.041 	-10.253 	58.759 	-0.058 	0.120 	-0.045 	
3.843 	-80.882 	68.056 	-0.118 	-0.146 	0.101 	
45.443 	-66.732 	121.198 	-0.070 	-0.142 	-0.079 	
7.263 	-208.108 	56.448 	0.112 	0.001 	-0.033 	
-9.979 	-66.428 	31.545 	-0.010 	-0.046 	-0.159 	
-133.033 	21.256 	19.773 	0.107 	-0.015 	0.029 	
45.371 	-99.120 	46.286 	-0.188 	0.088 	0.174 	
66.877 	-48.405 	101.190 	-0.177 	-0.154 	0.062 	
22.324 	-56.621 	57.356 	0.036 	-0.028 	0.116 	
35.251 	-75.683 	57.998 	0.062 	-0.112 	-0.145 	
632.090 	-220.001 	363.688 	0.054 	-0.036 	0.032 	
25.819 	-90.792 	41.886 	-0.050 	0.098 	0.060 	
0.964 	-98.858 	60.721 	-0.061 	-0.001 	-0.031 	
-16.903 	-90.416 	48.467 	-0.135 	0.120 	0.080 	
335.000 	60.264 	249.974 	0.038 	0.035 	0.036 	
34.238 	-69.262 	47.340 	-0.068 	-0.117 	0.065 	
8.025 	-66.140 	48.376 	0.064 	0.008 	-0.011 	
69.478 	-37.368 	2.815 	0.089 	0.041 	0.067 	
43.761 	-53.269 	130.250 	0.111 	0.086 	0.010 	
-58.992 	-64.083 	95.442 	0.056 	0.045 	-0.075 	
1828.233 	4219.365 	-15793.505 	0.265 	0.621 	-2.368 	
72.540 	-123.678 	124.818 	-0.029 	-0.013 	0.102 	
48.383 	-55.508 	40.803 	-0.035 	-0.006 	-0.040 	
126.309 	-39.115 	-26.095 	-0.100 	-0.094 	0.044 	
24.377 	-27.363 	29.014 	-0.018 	-0.087 	-0.006 	
78.028 	-43.712 	47.301 	-0.085 	-0.055 	0.052 	
-82.501 	-198.375 	43.878 	0.026 	-0.119 	0.008 	
-136.354 	-99.287 	170.266 	-0.068 	-0.009 	0.041 	
61.046 	-0.852 	55.715 	0.053 	0.076 	-0.020 	
54.993 	-11.005 	80.656 	0.115 	-0.067 	0.044 	
1.130 	-82.868 	125.482 	0.076 	-0.018 	-0.080 	
244.046 	-39.406 	49.626 	-0.052 	-0.062 	-0.021 	
-6.897 	-98.517 	56.880 	-0.038 	-0.052 	0.015 	
78.754 	-57.201 	60.612 	-0.048 	0.084 	0.005 	
113.698 	-40.320 	-11.791 	-0.102 	0.048 	0.080 	
63.640 	-88.181 	91.781 	0.060 	-0.022 	0.029 	
-0.951 	-60.591 	51.577 	-0.174 	0.110 	0.052 	
80.526 	8.021 	-23.286 	-0.046 	0.061 	-0.043 	
129.836 	-33.150 	7.085 	-0.020 	-0.008 	-0.154 	
16.735 	55.366 	219.151 	-0.045 	-0.050 	-0.045 	
-1.312 	-61.519 	62.785 	0.222 	0.060 	0.141 	
-23.452 	-107.119 	144.148 	-0.083 	-0.027 	-0.014 	
144.608 	217.154 	255.945 	-0.018 	0.008 	-0.009 	
-6364.287 	646.318 	-4964.969 	-2.458 	0.225 	-1.894 	
-119.668 	-125.652 	207.671 	0.025 	0.002 	0.022 	
807.970 	-420.705 	-413.483 	0.073 	-0.060 	-0.045 	
-47.662 	-60.757 	61.160 	0.105 	-0.079 	-0.009 	
6890.558 	-805.472 	4895.733 	2.624 	-0.332 	1.887 	
-39.157 	-114.644 	77.498 	0.025 	-0.111 	0.113 	
58.340 	-66.534 	72.104 	-0.062 	-0.059 	-0.065 	
57.296 	-2.136 	-30.201 	-0.021 	-0.086 	0.013 	
49.060 	-100.356 	27.186 	0.057 	-0.163 	0.131 	
9.983 	-104.944 	64.036 	-0.181 	-0.018 	0.173 	
225.027 	74.524 	11.960 	0.063 	0.057 	0.003 	
162.435 	-45.931 	121.946 	-0.058 	-0.077 	-0.005 	
-118.290 	986.698 	-106.377 	-0.057 	0.289 	-0.038 	
125.334 	-14.128 	101.497 	0.100 	0.052 	0.054 	
66.287 	-70.118 	55.322 	-0.029 	0.035 	-0.169 	
75.121 	-79.540 	44.276 	0.022 	-0.032 	-0.055 	
53.686 	-87.047 	57.358 	0.013 	-0.126 	-0.050 	
24.367 	-90.924 	81.035 	-0.004 	-0.146 	0.248 	
-9.247 	-58.324 	90.295 	0.057 	-0.013 	0.062 	
-12.794 	-192.190 	86.577 	0.139 	0.014 	-0.003 	
-13.818 	-113.153 	49.562 	-0.077 	0.003 	-0.057 	
-67.598 	-82.835 	-64.515 	-0.138 	0.015 	-0.004 	
3967.935 	1552.103 	1729.813 	0.569 	0.233 	0.255 	
16.930 	-38.801 	73.057 	0.006 	0.028 	0.174 	
17.808 	-40.276 	64.964 	-0.061 	0.083 	0.105 	
-153.893 	-1.020 	188.023 	0.003 	-0.030 	-0.006 	
9.398 	-63.415 	92.911 	0.191 	-0.023 	0.003 	
37.721 	-267.674 	-69.716 	0.055 	-0.034 	0.000 	
46.309 	-35.886 	95.736 	-0.032 	-0.134 	0.045 	
-42.638 	-61.348 	93.074 	0.037 	0.047 	0.010 	
-47.758 	-88.614 	54.319 	-0.131 	-0.133 	-0.050 	
66.016 	-53.546 	34.823 	-0.057 	-0.055 	0.009 	
32.131 	-1.091 	-1.420 	0.022 	-0.045 	0.014 	
-3.612 	-55.956 	66.710 	-0.252 	0.095 	-0.001 	
-13.760 	-135.320 	71.635 	-0.043 	-0.113 	0.146 	
-11.216 	-70.466 	80.857 	0.198 	-0.018 	0.149 	
-93.871 	-675.290 	1265.252 	-0.039 	-0.078 	0.162 	
77.728 	-59.070 	42.572 	0.162 	0.026 	0.075 	
18.945 	-36.869 	60.357 	0.039 	0.203 	-0.131 	
-46.106 	-191.979 	39.154 	0.036 	-0.039 	0.046 	
34.288 	-63.119 	53.241 	0.016 	-0.086 	0.097 	
-32.860 	-156.250 	6.006 	-0.021 	0.017 	0.036 	
4.803 	-18.493 	164.657 	-0.103 	0.059 	0.133 	
637.960 	-120.971 	349.539 	0.059 	-0.023 	0.045 	
221.401 	-122.436 	-47.366 	0.024 	-0.000 	0.037 	
-635.116 	398.937 	-429.669 	-0.135 	0.120 	-0.111 	
2.176 	-73.814 	10.986 	0.136 	0.090 	0.051 	
-43.502 	-77.340 	81.049 	-0.089 	0.050 	0.119 	
274.713 	-150.047 	45.987 	-0.056 	0.033 	-0.002 	
-114.338 	-148.036 	15.517 	-0.025 	-0.094 	0.035 	
-40.700 	-123.327 	44.956 	-0.023 	0.058 	0.081 	
-150.043 	-118.887 	13.166 	0.014 	-0.071 	0.039 	
13.263 	-71.934 	31.362 	-0.034 	0.035 	-0.114 	
1.508 	-137.604 	48.993 	0.095 	0.013 	-0.067 	
-26.150 	-80.680 	70.844 	0.071 	0.166 	0.017 	
41.067 	-76.532 	58.125 	0.186 	-0.065 	-0.034 	
1.096 	-43.460 	83.778 	-0.089 	0.023 	0.002 	
-1383.497 	505.854 	-1857.167 	-0.246 	0.092 	-0.305 	
-24.571 	-25.713 	-28.184 	-0.182 	-0.040 	-0.015 	
-23.846 	-118.913 	49.213 	-0.166 	-0.091 	-0.024 	
-14.943 	-70.539 	0.964 	-0.179 	0.000 	-0.040 	
-1.626 	-76.493 	39.296 	0.255 	-0.080 	0.096 	
38.507 	-7.481 	92.640 	0.079 	0.081 	-0.047 	
17.769 	-54.328 	79.622 	0.101 	0.076 	0.104 	
-2.135 	-46.940 	72.051 	-0.154 	-0.061 	0.080 	
188.119 	223.606 	-81.251 	0.001 	0.022 	-0.008 	
-65.316 	-229.313 	64.832 	0.020 	-0.137 	0.014 	
-667.575 	-268.873 	113.588 	-0.054 	-0.036 	0.045 	
-5.607 	-96.501 	76.171 	0.127 	0.093 	0.044 	
-115.003 	-107.845 	85.549 	0.019 	-0.039 	-0.064 	
-119.779 	-45.751 	7.004 	0.078 	0.006 	-0.024 	
108.612 	-46.882 	16.432 	-0.112 	0.095 	0.007 	
-35.242 	-52.705 	104.251 	0.033 	-0.056 	0.007 	
52.690 	-9.777 	74.609 	0.058 	0.140 	-0.026 	
-98.498 	-30.691 	-105.207 	0.049 	-0.008 	0.088 	
96.553 	-121.765 	16.858 	0.069 	-0.010 	-0.111 	
33.994 	-76.566 	92.088 	-0.173 	-0.116 	-0.060 	
482.907 	-771.449 	628.913 	0.114 	-0.215 	0.170 	
-7.227 	-88.662 	75.760 	0.002 	-0.019 	-0.225 	
-11.315 	-53.307 	34.143 	0.028 	0.016 	0.026 	
27.703 	-117.722 	308.429 	-0.030 	-0.059 	0.130 	
25.475 	66.576 	87.899 	-0.014 	-0.116 	0.010 	
-86.503 	-30.020 	94.280 	-0.032 	0.046 	-0.145 	
50.350 	-52.615 	-1.035 	-0.095 	0.013 	-0.079 	
-89.942 	-52.311 	100.047 	-0.017 	-0.066 	0.019 	
-23.855 	-53.317 	30.246 	0.054 	-0.018 	0.059 	
66.211 	-10.327 	77.129 	-0.073 	0.074 	-0.067 	
281.954 	-748.139 	448.368 	-0.007 	-0.069 	0.047 	
-63.969 	-66.705 	77.461 	-0.005 	-0.053 	0.072 	
12.524 	-30.006 	47.143 	0.074 	-0.093 	0.040 	
-32.380 	-109.969 	62.347 	-0.071 	-0.050 	-0.178 	
-3.382 	-93.758 	42.867 	-0.092 	0.013 	-0.154 	
-50.120 	-4.906 	211.820 	-0.028 	0.007 	0.056 	
121.849 	-48.228 	70.930 	-0.034 	-0.036 	-0.030 	
43.434 	-121.826 	79.134 	0.043 	0.025 	-0.012 	
75.283 	-63.204 	67.748 	0.092 	0.168 	-0.006 	
-83.795 	-26.643 	122.334 	0.058 	-0.079 	0.017 	
-35.709 	-74.869 	9.633 	-0.108 	-0.076 	-0.084 	
-98.973 	-14.795 	80.874 	0.012 	-0.126 	0.049 	
42.144 	-122.707 	39.627 	-0.043 	-0.008 	0.040 	
123.381 	-89.672 	10.319 	-0.004 	-0.034 	-0.065 	
40.101 	-49.300 	49.884 	-0.182 	-0.058 	0.006 	
-58.399 	-62.275 	36.908 	-0.120 	-0.053 	-0.166 	
33351.060 	9324.513 	20647.252 	5.490 	1.541 	3.410 	
17.050 	-51.689 	59.345 	0.059 	0.303 	-0.059 	
-22.825 	-107.979 	-15.683 	0.080 	0.016 	0.122 	
50.900 	-82.305 	34.266 	0.006 	-0.128 	-0.007 	
36.659 	-63.860 	59.683 	-0.089 	-0.088 	0.084 	
30.369 	0.095 	111.316 	-0.123 	-0.105 	-0.076 	
116.004 	-90.219 	25.433 	-0.049 	0.031 	-0.026 	
-40.909 	-85.750 	68.559 	0.121 	-0.012 	-0.055 	
27.177 	-63.253 	90.742 	-0.033 	-0.103 	0.078 	
75.788 	-91.551 	141.744 	0.036 	0.005 	0.080 	
91.294 	-89.325 	26.348 	-0.009 	-0.020 	-0.111 	
55.944 	-63.253 	27.229 	-0.054 	0.171 	-0.142 	
21.316 	-98.887 	59.574 	-0.213 	0.050 	0.153 	
98.541 	-125.904 	77.420 	0.040 	0.096 	0.015 	
-577.130 	1361.150 	-453.421 	-0.098 	0.216 	-0.078 	
172.672 	12.110 	-10.936 	-0.128 	-0.063 	0.044 	
-82.713 	-52.323 	41.492 	0.054 	-0.079 	-0.085 	
72.504 	-72.535 	56.117 	-0.049 	-0.080 	0.098 	
-13.615 	-65.788 	84.384 	0.142 	-0.062 	0.039 	
186.020 	33.682 	-83.596 	-0.024 	-0.008 	-0.009 	
42.976 	-92.912 	107.552 	0.023 	-0.029 	-0.038 	
117.484 	-78.484 	10.599 	-0.019 	0.003 	0.046 	
-15.025 	-68.709 	48.145 	-0.131 	0.041 	0.043 	
-86.857 	52.824 	32.615 	-0.089 	-0.125 	0.006 	
7.586 	-76.709 	34.543 	0.247 	-0.026 	0.047 	
-85.135 	20.196 	111.559 	0.034 	-0.018 	-0.054 	
840.932 	55.273 	-103.323 	0.058 	-0.001 	-0.006 	
0.583 	-99.956 	82.531 	0.002 	-0.187 	-0.051 	
69.674 	-122.147 	19.410 	0.029 	-0.083 	0.005 	
-190.192 	22.268 	-108.900 	-0.039 	0.018 	-0.052 	
-4.159 	-95.734 	44.565 	-0.108 	-0.180 	-0.080 	
1429.067 	207.179 	1779.425 	0.389 	0.077 	0.448 	
-260.879 	-78.072 	107.643 	0.021 	-0.018 	0.040 	
-11.220 	-195.299 	92.302 	0.103 	-0.049 	0.019 	
63.958 	-128.559 	38.313 	0.108 	-0.035 	-0.021 	
-1.522 	-138.939 	119.781 	0.157 	-0.068 	0.059 	
32.483 	-86.735 	76.985 	0.118 	-0.047 	-0.089 	
15.200 	-77.930 	199.667 	-0.033 	0.004 	0.124 	
79.091 	111.131 	36.582 	-0.046 	-0.014 	-0.011 	
-54.113 	-72.380 	55.327 	-0.183 	-0.051 	0.082 	
51.519 	-79.426 	27.369 	0.055 	-0.035 	0.094 	
-275.860 	-193.765 	785.743 	-0.050 	-0.008 	0.089 	
63.777 	-57.886 	62.370 	-0.058 	-0.170 	-0.138 	
-14.393 	-86.046 	58.476 	0.109 	0.071 	-0.103 	
-490.771 	-37.599 	-211.755 	-0.127 	-0.015 	-0.014 	
84.461 	-47.999 	140.439 	0.003 	0.020 	-0.014 	
67.227 	22.700 	36.627 	0.031 	-0.034 	0.032 	
64.042 	-65.603 	-15.360 	-0.043 	-0.010 	-0.065 	
-76.594 	-69.121 	-35.223 	-0.123 	-0.046 	0.114 	
-16.986 	-60.456 	112.629 	-0.023 	-0.015 	-0.013 	
78.864 	-146.103 	81.088 	0.056 	0.023 	0.001 	
-61.554 	-125.608 	33.942 	-0.027 	0.042 	0.071 	
2444.024 	1536.252 	-893.576 	0.439 	0.274 	-0.163 	
61.854 	-436.225 	256.084 	-0.037 	-0.232 	0.120 	
-105.695 	-132.682 	72.124 	-0.064 	-0.026 	0.040 	
868.286 	387.567 	-5.976 	0.210 	0.122 	-0.008 	
-97.613 	-163.897 	32.127 	0.056 	-0.064 	-0.003 	
22.793 	-100.144 	268.589 	-0.031 	0.011 	0.033 	
-104.121 	84.655 	41.244 	-0.136 	0.064 	0.007 	
87.318 	-39.216 	62.758 	0.031 	0.109 	0.011 	
20.494 	13.767 	96.590 	0.018 	0.063 	0.019 	
81.714 	-67.621 	33.480 	0.041 	0.001 	-0.173 	
-45.646 	-28.021 	52.658 	-0.163 	0.125 	0.052 	
153.463 	-153.313 	100.221 	-0.075 	0.041 	-0.014 	
98.753 	-65.672 	92.581 	-0.002 	-0.002 	0.046 	
-2.868 	-68.064 	91.646 	-0.110 	0.057 	-0.121 	
-98.094 	-187.631 	90.565 	0.063 	0.090 	-0.064 	
81.662 	-20.458 	33.301 	0.022 	-0.049 	0.016 	
-2.408 	-51.962 	64.586 	0.274 	-0.068 	-0.083 	
75.668 	6.909 	114.648 	0.080 	-0.098 	-0.075 	
57.569 	-65.129 	101.520 	0.112 	0.023 	0.085 	
-4.276 	-151.888 	116.567 	-0.072 	0.075 	-0.011 	
-139.691 	-90.562 	259.887 	-0.030 	-0.012 	0.044 	
16.350 	-81.454 	36.818 	-0.200 	0.044 	0.112 	
-28.391 	-73.281 	88.635 	0.121 	0.017 	0.150 	
93.823 	-79.127 	114.192 	0.019 	-0.033 	0.083 	
-36.596 	-54.968 	55.084 	0.131 	-0.018 	-0.117 	
-391.073 	-19.351 	60.254 	-0.179 	0.012 	-0.008 	
74.027 	-79.233 	65.898 	0.052 	0.026 	-0.089 	
65.367 	-64.499 	51.866 	0.095 	0.013 	0.084 	
5.220 	-53.559 	80.012 	-0.135 	-0.028 	-0.054 	
162.431 	-172.594 	-114.020 	-0.048 	-0.018 	0.015 	
114.624 	-93.136 	96.429 	-0.128 	0.061 	0.049 	
24.966 	-66.706 	59.673 	-0.089 	0.060 	0.247 	
-53.199 	-82.954 	108.148 	0.075 	0.018 	-0.138 	
-91.234 	-156.103 	7.746 	-0.000 	-0.023 	0.078 	
412.354 	1890.321 	3178.139 	0.067 	0.435 	0.723 	
1056.015 	-407.675 	-110.277 	0.446 	-0.157 	-0.069 	
46.797 	-81.827 	55.808 	-0.047 	-0.045 	0.077 	
74.164 	-10.788 	125.153 	-0.166 	-0.054 	0.023 	
-25.831 	-100.807 	102.331 	-0.150 	0.093 	0.021 	
25.225 	-68.444 	63.955 	0.007 	0.173 	-0.015 	
101.187 	-52.175 	120.551 	-0.075 	-0.014 	-0.001 	
2090.447 	405.342 	-4504.886 	0.276 	0.060 	-0.627 	
-9235.282 	-42901.091 	-67558.959 	-1.525 	-7.107 	-11.197 	
-34.074 	-67.333 	76.930 	0.160 	-0.011 	-0.232 	
15.817 	-71.924 	37.967 	-0.083 	-0.113 	-0.218 	
13.419 	-147.492 	85.791 	-0.106 	0.067 	0.011 	
-34.215 	-58.101 	95.188 	-0.091 	-0.002 	0.103 	
-38.146 	-104.862 	124.501 	0.135 	0.031 	-0.077 	
-104.937 	-42.118 	5.277 	-0.002 	0.042 	0.073 	
39.658 	-66.811 	53.029 	-0.088 	-0.041 	0.097 	
11.335 	-97.342 	91.638 	0.031 	-0.094 	-0.056 	
62.880 	-99.911 	94.276 	-0.029 	0.155 	-0.052 	
-104.157 	19.912 	118.095 	0.110 	0.118 	0.058 	
1561.375 	-765.415 	-314.803 	0.292 	-0.130 	-0.057 	
-116.901 	-4.625 	53.779 	0.013 	-0.011 	0.046 	
-954.268 	-171.182 	-497.934 	-0.252 	-0.053 	-0.125 	
-61.548 	-159.034 	76.453 	-0.097 	-0.114 	-0.032 	
-88.406 	-59.488 	51.218 	-0.039 	0.068 	0.107 	
3022.037 	1106.590 	-503.275 	0.556 	0.205 	-0.095 	
-353.786 	167.647 	256.397 	-0.301 	0.150 	0.143 	
523.761 	-561.352 	-240.903 	0.064 	-0.084 	-0.032 	
775.345 	-302.034 	2328.518 	0.215 	-0.072 	0.646 	
52.644 	-71.320 	34.711 	-0.111 	0.024 	0.106 	
17.525 	11.527 	104.922 	-0.353 	0.922 	0.096 	
-23.431 	-84.267 	51.871 	0.090 	-0.001 	0.033 	
-130.212 	-54.157 	-19.027 	0.036 	-0.055 	-0.085 	
92.653 	55.021 	177.985 	-0.030 	0.063 	0.064 	
-97.706 	-35.232 	102.518 	0.040 	-0.012 	-0.048 	
-15.277 	-52.638 	60.992 	0.093 	0.025 	-0.163 	
16.056 	99.586 	73.905 	-0.046 	0.118 	0.024 	
83.491 	-60.898 	-4.981 	0.185 	0.008 	-0.091 	
25.525 	-60.232 	61.953 	0.001 	-0.033 	-0.100 	
-12.548 	-78.052 	-14.070 	0.109 	0.067 	-0.117 	
-101.864 	-158.359 	42.053 	-0.016 	-0.005 	-0.052 	
-94.496 	-140.450 	52.097 	-0.024 	-0.018 	0.112 	
-46.727 	-95.475 	8.478 	-0.057 	-0.020 	-0.068 	
-4.974 	-43.202 	64.099 	0.158 	-0.017 	0.171 	
-141.447 	-102.956 	135.171 	-0.018 	-0.032 	0.050 	
12.699 	-123.659 	63.140 	0.001 	-0.134 	-0.075 	
5.424 	-43.417 	54.109 	-0.045 	0.191 	0.083 	
21.913 	-56.022 	66.060 	0.087 	0.035 	0.116 	
1073.182 	-315.584 	963.232 	0.262 	-0.089 	0.241 	
44.059 	-86.969 	100.373 	-0.145 	-0.002 	-0.028 	
76.014 	-63.115 	17.854 	0.032 	0.016 	-0.028 	
-509.143 	173.223 	246.657 	-0.045 	0.022 	0.033 	
42.282 	-149.001 	94.824 	-0.059 	0.052 	-0.038 	
-21.274 	-45.299 	100.828 	0.155 	0.074 	0.111 	
52.241 	-61.529 	60.651 	-0.210 	0.066 	0.028 	
-6071.555 	3658.591 	2184.307 	-1.005 	0.616 	0.365 	
-1.552 	-81.778 	70.353 	0.132 	-0.110 	0.164 	
127.441 	-9.169 	86.023 	-0.129 	-0.002 	-0.047 	
144.609 	-32.840 	124.222 	-0.098 	-0.082 	-0.024 	
162.038 	2.776 	-16.087 	-0.102 	-0.015 	0.030 	
-136.492 	-92.138 	87.453 	-0.109 	0.051 	0.001 	
-38.017 	-51.737 	95.735 	-0.080 	-0.003 	0.043 	
-66.961 	-31.658 	56.964 	0.044 	-0.019 	-0.038 	
-5.877 	-30.150 	49.761 	0.045 	-0.016 	-0.113 	
-7.364 	-96.323 	76.211 	0.021 	0.010 	0.273 	
102.188 	-22.976 	46.862 	-0.008 	-0.005 	-0.072 	
84.230 	-93.686 	43.662 	-0.023 	-0.126 	-0.157 	
-1179.399 	391.143 	-272.953 	-0.170 	0.038 	-0.031 	
6.151 	-73.591 	50.116 	0.210 	-0.162 	-0.070 	
32.866 	-59.666 	67.516 	0.085 	0.019 	0.134 	
-22.790 	-77.189 	47.771 	-0.007 	0.078 	0.042 	
3236.258 	940.694 	-453.174 	0.908 	0.296 	-0.149 	
-19.481 	-25.486 	57.559 	-0.024 	0.117 	0.001 	
-4.207 	-39.344 	51.574 	-0.066 	0.121 	-0.010 	
56.245 	-57.693 	25.950 	-0.133 	0.033 	0.075 	
-42.431 	-162.727 	143.909 	0.039 	-0.073 	0.035 	
-60.280 	-57.527 	97.991 	0.008 	-0.072 	-0.033 	
35.375 	52.656 	-15.019 	0.028 	-0.103 	0.016 	
77.327 	15.785 	42.360 	0.032 	-0.004 	-0.023 	
-44.826 	-55.070 	99.600 	-0.065 	-0.100 	0.037 	
-48.409 	-50.771 	67.519 	-0.044 	-0.064 	0.141 	
-19.685 	-23.818 	44.221 	-0.042 	-0.012 	-0.095 	
81.441 	-59.440 	-2.224 	0.052 	-0.026 	-0.033 	
-7.289 	-100.438 	61.605 	0.123 	0.011 	-0.001 	
489.835 	-116.602 	-550.975 	0.093 	-0.021 	-0.127 	
48.257 	13.124 	-45.263 	0.051 	0.060 	-0.116 	
-3.558 	-103.354 	112.472 	0.087 	-0.038 	0.054 	
43.040 	-12.036 	58.668 	0.023 	0.093 	-0.144 	
-309.936 	338.789 	-1146.815 	-0.045 	0.060 	-0.192 	
-30.188 	-72.066 	75.982 	-0.014 	-0.166 	-0.101 	
-1098.620 	597.929 	-1708.355 	-0.313 	0.181 	-0.492 	
-34.708 	-114.587 	43.731 	0.086 	0.113 	-0.013 	
70.100 	-44.609 	55.875 	0.019 	0.130 	0.030 	
-2.474 	-102.311 	111.929 	-0.043 	-0.091 	0.013 	
-87.692 	-123.776 	96.430 	0.104 	-0.017 	0.127 	
879.455 	-6585.091 	4637.925 	0.104 	-1.019 	0.717 	
0.401 	-1.848 	50.191 	-0.171 	0.041 	0.020 	
-49.840 	-170.673 	-10.514 	-0.093 	0.106 	-0.018 	
-1250.074 	-371.392 	781.740 	-0.332 	-0.088 	0.180 	
246.671 	-238.062 	-152.478 	0.150 	-0.104 	-0.180 	
228.003 	-129.933 	1.044 	0.036 	-0.024 	-0.011 	
18.393 	-28.894 	88.833 	-0.214 	0.115 	0.077 	
-115.751 	-50.759 	120.504 	-0.020 	-0.118 	-0.007 	
-657.659 	-658.560 	-80.334 	-0.095 	-0.097 	-0.011 	
49.656 	-65.428 	100.537 	-0.044 	-0.138 	0.037 	
-45.282 	-86.442 	72.185 	0.062 	0.069 	-0.047 	
-47.409 	-81.007 	77.730 	-0.118 	-0.086 	0.136 	
43.628 	-36.336 	173.467 	-0.040 	0.010 	0.069 	
1881.646 	-3018.211 	-2640.309 	0.262 	-0.439 	-0.390 	
192.170 	-116.430 	61.398 	-0.119 	0.061 	0.002 	
-95.479 	-61.976 	41.825 	0.030 	0.109 	0.038 	
26.337 	-44.487 	79.105 	0.135 	0.085 	0.142 	
567.379 	-254.813 	-432.420 	0.361 	-0.132 	-0.345 	
10.536 	-71.905 	57.197 	0.258 	0.060 	0.071 	
-62.562 	99.096 	44.362 	-0.070 	0.011 	-0.036 	
-191.457 	-62.156 	88.141 	-0.171 	0.011 	-0.011 	
228.540 	18.446 	117.896 	0.024 	-0.003 	-0.019 	
-63.154 	-58.451 	55.754 	0.072 	-0.015 	-0.114 	
13.659 	-8.392 	24.867 	-0.066 	0.173 	-0.059 	
-55.647 	-78.262 	72.074 	-0.158 	0.063 	-0.101 	
-78.528 	-117.729 	97.208 	-0.041 	-0.029 	0.025 	
11.949 	-71.186 	79.128 	-0.179 	0.031 	-0.098 	
15.997 	-51.944 	38.059 	0.003 	-0.084 	0.141 	
8.042 	45.095 	115.148 	0.090 	0.055 	-0.030 	
143.903 	-9.085 	132.504 	-0.089 	0.104 	0.087 	
107.090 	-143.305 	-135.716 	-0.037 	-0.027 	0.076 	
-28.350 	-796.062 	726.119 	-0.074 	-0.248 	0.185 	
-22.954 	-84.262 	68.480 	-0.171 	-0.143 	-0.058 	
-1867.148 	-3812.254 	16426.924 	-0.288 	-0.579 	2.449 	
489.976 	113.803 	-132.800 	0.034 	-0.012 	-0.014 	
-15.161 	-123.087 	108.013 	0.124 	-0.154 	0.002 	
170.491 	-89.763 	93.272 	-0.080 	-0.129 	0.059 	
6.737 	-78.200 	-45.760 	0.151 	-0.033 	0.007 	
-0.085 	-54.299 	78.974 	0.040 	-0.028 	0.129 	
30.190 	-54.815 	13.599 	-0.163 	0.009 	-0.022 	
-51.199 	15.125 	164.327 	-0.121 	-0.086 	-0.014 	
-15.621 	-87.714 	73.060 	-0.017 	0.007 	0.120 	
-34.628 	-83.417 	50.134 	-0.224 	0.025 	-0.017 	
88.564 	-88.546 	19.786 	0.021 	0.038 	-0.042 	
38.238 	-105.981 	97.469 	0.067 	0.004 	0.001 	
-29.497 	-84.831 	50.819 	-0.166 	-0.151 	-0.149 	
48.907 	-79.355 	72.526 	-0.212 	0.061 	0.018 	
-758.805 	-2405.183 	-3.879 	-0.133 	-0.396 	-0.007 	
108.413 	-45.795 	126.565 	-0.060 	0.019 	0.043 	
85.051 	-113.986 	101.292 	-0.036 	0.015 	-0.044 	
-34.961 	-72.166 	71.259 	0.042 	-0.090 	-0.007 	
-34.349 	-67.414 	62.748 	-0.084 	-0.129 	-0.042 	
-53.703 	-45.135 	-101.960 	-0.058 	-0.005 	0.112 	
162.307 	-124.440 	118.241 	-0.079 	-0.001 	-0.002 	
-144.156 	-123.438 	16.536 	-0.224 	-0.088 	-0.032 	
129.645 	84.023 	-54.070 	0.009 	-0.037 	0.021 	
3.257 	-78.987 	36.173 	0.198 	0.020 	0.007 	
-35.239 	-128.572 	100.652 	0.141 	0.015 	-0.045 	
-2.335 	-122.684 	80.175 	0.030 	-0.121 	0.184 	
-126.620 	-145.781 	69.866 	-0.111 	0.043 	0.081 	
41.868 	-7.447 	93.890 	0.089 	-0.143 	0.003 	
-316.836 	176.640 	-790.873 	-0.052 	0.011 	-0.067 	
86.309 	-70.690 	86.045 	0.043 	0.022 	0.095 	
-1378.879 	329.024 	-911.428 	-0.236 	0.062 	-0.166 	
3182.110 	-2414.680 	-307.312 	0.951 	-0.716 	-0.090 	
11.835 	-69.055 	97.059 	-0.099 	-0.177 	0.047 	
67.549 	-70.840 	90.322 	-0.085 	-0.045 	-0.055 	
97.241 	0.054 	100.523 	0.077 	0.055 	-0.020 	
-18.792 	-70.526 	81.423 	0.119 	-0.077 	0.137 	
5.656 	-59.340 	69.089 	0.234 	-0.097 	0.080 	
32.291 	-92.028 	57.629 	-0.137 	-0.108 	0.103 	
-101.855 	-124.283 	79.045 	0.178 	-0.092 	0.013 	
133.576 	39.623 	-40.061 	0.016 	-0.033 	0.071 	
-40.790 	-12.683 	11.917 	-0.075 	-0.004 	0.056 	
232.835 	-69.946 	-24.047 	-0.000 	0.017 	-0.009 	
-3036.563 	3752.591 	2059.879 	-0.463 	0.559 	0.302 	
83.956 	20.388 	144.881 	0.052 	-0.001 	0.079 	
96.095 	113.872 	71.457 	-0.023 	-0.055 	0.007 	
-32.066 	-72.246 	56.015 	-0.256 	0.051 	0.046 	
49.644 	-82.812 	86.732 	0.170 	-0.061 	-0.025 	
45.013 	-59.128 	83.808 	0.005 	-0.194 	0.160 	
-614.047 	401.727 	7.366 	-0.113 	0.063 	-0.018 	
-7.915 	-62.395 	68.694 	0.098 	-0.096 	0.232 	
128.794 	-104.492 	3.686 	-0.029 	-0.032 	0.045 	
170.946 	4.694 	6.858 	-0.067 	0.113 	-0.022 	
159.221 	-34.117 	117.542 	-0.106 	-0.004 	0.068 	
253.049 	223.203 	-188.652 	-0.012 	0.027 	-0.069 	
18.719 	-90.941 	98.254 	0.095 	-0.088 	0.133 	
-660.854 	-187.238 	134.207 	-0.157 	-0.045 	0.038 	
30.309 	-39.293 	9.964 	-0.043 	0.423 	-0.007 	
20.518 	-86.655 	86.916 	-0.137 	0.063 	0.032 	
-44.572 	-155.603 	25.805 	-0.098 	0.133 	0.029 	
-41.364 	-51.852 	39.247 	-0.048 	0.143 	0.035 	
65.602 	26.661 	106.005 	-0.092 	-0.068 	-0.051 	
-41.702 	-207.846 	45.166 	-0.025 	-0.067 	0.086 	
106538.603 	8695.649 	85747.650 	23.366 	1.917 	18.839 	
18.393 	19.988 	-98.604 	-0.025 	-0.009 	-0.085 	
121.546 	-130.645 	-28.629 	-0.079 	-0.012 	0.042 	
252.222 	-120.583 	172.765 	0.014 	-0.045 	0.017 	
-34.982 	-112.846 	31.916 	-0.008 	-0.007 	0.019 	
-57.689 	-98.488 	12.939 	-0.021 	-0.155 	0.138 	
-85.162 	-2.527 	50.174 	0.130 	0.102 	0.061 	
83.262 	54.999 	99.946 	0.000 	-0.012 	-0.039 	
-91.599 	-60.222 	13.044 	-0.055 	0.068 	0.051 	
12.008 	-81.622 	39.362 	-0.049 	-0.090 	-0.064 	
-49.068 	-180.808 	76.514 	-0.045 	-0.047 	0.077 	
-70.172 	-70.602 	-94.541 	-0.017 	-0.013 	-0.069 	
45.845 	-135.794 	24.475 	0.109 	0.054 	0.056 	
1304.421 	2529.314 	2627.610 	0.152 	0.345 	0.362 	
-4.804 	-121.835 	89.446 	0.026 	0.167 	-0.011 	
-259.726 	7283.269 	-4733.070 	-0.072 	1.121 	-0.729 	
55.374 	-85.870 	69.125 	-0.050 	-0.009 	-0.004 	
-10591.991 	-13352.148 	-5036.691 	-2.939 	-3.666 	-1.397 	
-23.759 	-179.596 	86.422 	0.005 	-0.003 	0.048 	
110.418 	-154.977 	126.022 	-0.012 	0.012 	-0.010 	
8610.688 	42115.293 	69253.490 	1.431 	6.974 	11.464 	
-34.428 	-135.249 	117.421 	0.087 	0.095 	-0.030 	
28.690 	132.120 	90.919 	-0.020 	0.041 	0.065 	
-124.124 	-197.687 	-57.575 	-0.066 	-0.003 	0.022 	
-55.234 	-72.130 	-42.945 	-0.175 	-0.009 	0.015 	
-93.838 	-45.063 	117.589 	-0.064 	-0.029 	0.056 	
-146.411 	-20.093 	72.347 	-0.027 	0.055 	0.071 	
-3.030 	-82.857 	66.480 	0.088 	0.212 	-0.093 	
-552.415 	501.255 	-59.603 	-0.085 	0.018 	-0.012 	
-85.378 	-68.933 	66.903 	-0.045 	-0.203 	0.080 	
1164.456 	-431.201 	461.562 	0.188 	-0.079 	0.080 	
59.054 	-92.736 	50.478 	-0.122 	-0.106 	-0.030 	
-7.639 	-110.172 	77.022 	0.019 	0.110 	0.032 	
-59.949 	-122.622 	-2.331 	0.040 	-0.052 	-0.005 	
93.775 	-199.256 	18.775 	-0.123 	-0.095 	0.012 	
46.737 	-98.683 	20.888 	0.075 	-0.113 	-0.051 	
29.939 	-87.498 	85.524 	0.198 	0.033 	-0.095 	
91.426 	-78.677 	3.720 	-0.109 	0.046 	0.004 	
3.631 	-87.347 	58.177 	0.076 	-0.061 	-0.056 	
-64.731 	-227.925 	-10.763 	0.032 	-0.032 	-0.117 	
7.807 	-146.652 	43.490 	0.004 	-0.036 	-0.028 	
-3.641 	-58.173 	118.401 	-0.060 	0.031 	0.087 	
870.439 	-1224.951 	698.471 	0.141 	-0.198 	0.105 	
-700.565 	269.703 	248.017 	-0.078 	-0.003 	0.038 	
-226.199 	-183.021 	93.303 	-0.042 	0.019 	0.007 	
59.613 	-62.717 	30.203 	-0.083 	-0.083 	-0.034 	
205.740 	-109.573 	59.332 	-0.018 	0.084 	0.005 	
89.685 	-98.237 	145.500 	-0.044 	-0.036 	0.053 	
-19.710 	-80.252 	131.332 	-0.068 	-0.065 	0.065 	
-1523.338 	9198.382 	604.030 	-0.247 	1.412 	0.093 	
27.031 	-93.355 	137.837 	-0.003 	0.004 	-0.133 	
115.204 	-110.548 	73.805 	0.083 	-0.084 	-0.015 	
-306.455 	-80.097 	71.790 	0.020 	0.015 	-0.017 	
37.750 	-105.720 	66.893 	0.066 	0.157 	0.009 	
-67.929 	-14.329 	-1.078 	-0.009 	-0.076 	0.077 	
69.142 	-122.080 	69.458 	0.347 	-0.909 	-0.393 	
61.186 	-61.132 	71.987 	0.092 	-0.068 	0.091 	
-63.947 	-168.220 	108.130 	0.055 	0.029 	0.019 	
-88.251 	-109.655 	55.977 	0.076 	0.086 	0.054 	
-38.266 	-76.542 	84.777 	-0.112 	-0.068 	0.029 	
89.160 	-111.554 	9.840 	-0.017 	0.011 	0.004 	
2.658 	-123.579 	107.147 	0.009 	0.118 	-0.106 	
-38.596 	-50.498 	14.622 	0.150 	-0.119 	0.130 	
14.925 	-75.798 	75.784 	0.008 	-0.190 	0.268 	
590.522 	154.268 	-11.969 	0.047 	0.029 	0.001 	
-96.337 	21.003 	13.222 	0.006 	-0.000 	-0.000 	
-3609.573 	-4130.258 	-1931.714 	-0.522 	-0.567 	-0.262 	
-140.533 	-87.053 	94.465 	0.071 	-0.050 	0.046 	
2.038 	-99.363 	33.908 	-0.183 	0.021 	-0.156 	
-1072.300 	-1518.290 	665.078 	-0.181 	-0.259 	0.110 	
131.951 	-193.528 	130.647 	-0.024 	0.044 	-0.021 	
-785.016 	321.288 	921.153 	-0.134 	0.063 	0.162 	
37.129 	-75.866 	48.110 	0.052 	-0.042 	-0.094 	
35.931 	-77.827 	60.579 	0.148 	-0.006 	-0.112 	
138.280 	-70.952 	6.383 	-0.058 	0.012 	0.061 	
-1.335 	-84.260 	66.870 	-0.102 	-0.080 	-0.092 	
-24.835 	-128.774 	92.535 	-0.138 	-0.089 	0.054 	
96.889 	-9.877 	47.087 	-0.090 	-0.034 	0.015 	
35.127 	-94.865 	179.192 	0.023 	-0.050 	-0.144 	
-60.854 	-54.975 	114.204 	0.061 	-0.118 	-0.072 	
-26.032 	150.837 	-14.937 	0.017 	0.041 	-0.019 	
125.075 	-97.642 	-84.183 	0.009 	-0.011 	0.040 	
-28.914 	-75.567 	71.289 	0.161 	0.054 	-0.070 	
-372.077 	-19.423 	107.360 	0.005 	0.004 	0.018 	
-114.017 	-99.291 	56.125 	-0.015 	-0.072 	0.010 	
81.766 	-170.312 	135.192 	0.032 	-0.009 	-0.035 	
-60.994 	-123.176 	41.465 	0.083 	0.112 	-0.027 	
1.002 	-88.985 	81.166 	0.102 	-0.022 	-0.024 	
207.393 	148.996 	56.614 	0.053 	-0.029 	0.020 	
-49.594 	-84.848 	61.335 	0.045 	0.021 	0.007 	
-115.171 	-5.054 	-58.679 	-0.064 	-0.002 	0.064 	
-44.700 	-135.822 	47.281 	0.008 	0.081 	0.113 	
-4727.004 	20510.221 	26251.431 	-1.661 	6.956 	8.885 	
-55.735 	-131.635 	42.278 	-0.043 	0.067 	0.085 	
-29.116 	-176.561 	-62.134 	0.076 	-0.029 	-0.029 	
66.653 	-97.441 	70.794 	0.002 	0.093 	-0.014 	
-315.520 	336.908 	-205.829 	-0.115 	0.118 	-0.086 	
-13.375 	-91.199 	75.531 	0.120 	0.244 	-0.016 	
-13.446 	-131.086 	127.681 	-0.041 	0.011 	-0.012 	
-75.691 	-202.586 	74.476 	0.055 	-0.075 	-0.060 	
-14.118 	-160.381 	38.920 	0.041 	0.163 	-0.003 	
55.998 	-82.661 	85.126 	-0.070 	0.056 	0.053 	
-46.176 	-42.783 	-10.275 	0.064 	-0.080 	0.029 	
-41.734 	-105.116 	23.197 	0.204 	0.036 	0.094 	
-1056.089 	-1291.418 	4450.991 	-0.163 	-0.177 	0.621 	
77.990 	-77.934 	-89.954 	0.080 	-0.007 	0.007 	
131.272 	-71.096 	20.635 	0.088 	-0.007 	0.073 	
9.999 	-77.287 	27.815 	-0.090 	-0.022 	-0.204 	
27.704 	-99.093 	10.232 	0.022 	0.053 	0.178 	
-67.394 	-59.689 	84.989 	-0.143 	-0.035 	-0.061 	
14.792 	-29.253 	91.418 	-0.162 	-0.004 	-0.055 	
-39.277 	-48.748 	51.089 	-0.075 	-0.005 	0.030 	
180.645 	-70.279 	149.994 	0.084 	-0.006 	0.085 	
22.189 	-58.813 	37.163 	-0.150 	-0.061 	0.116 	
41.246 	-25.736 	144.791 	-0.042 	-0.026 	0.104 	
29.521 	-106.586 	56.339 	-0.028 	0.071 	0.072 	
83.565 	-112.986 	49.960 	0.078 	-0.057 	-0.025 	
107.640 	-131.342 	47.437 	0.087 	-0.028 	-0.003 	
6.001 	-71.446 	30.896 	0.021 	-0.077 	0.043 	
-126.986 	-72.183 	21.989 	0.088 	-0.067 	-0.027 	
42.520 	-80.527 	55.477 	-0.034 	-0.164 	0.145 	
-46.731 	-39.911 	-0.005 	-0.056 	-0.061 	0.015 	
49.034 	-42.625 	66.978 	-0.070 	-0.072 	-0.077 	
65.152 	-63.483 	-23.126 	-0.023 	-0.069 	0.043 	
-999.579 	-1479.242 	-2271.084 	-0.254 	-0.330 	-0.515 	
-16.285 	-79.542 	103.840 	-0.131 	-0.006 	0.190 	
-81.653 	-83.936 	89.088 	0.007 	0.023 	0.203 	
318.206 	-46.738 	12.341 	-0.002 	-0.016 	0.016 	
13.400 	-75.959 	57.991 	0.251 	-0.016 	-0.068 	
-86.020 	-94.545 	128.130 	0.068 	-0.017 	-0.066 	
11.394 	53.161 	124.419 	-0.076 	0.074 	-0.082 	
13.281 	-61.708 	131.394 	-0.116 	-0.036 	0.083 	
-14.521 	-47.906 	43.697 	0.089 	-0.077 	-0.014 	
-112.128 	-103.670 	56.572 	-0.008 	-0.001 	-0.173 	
58.179 	-38.605 	49.263 	-0.044 	-0.092 	0.171 	
91.936 	-68.650 	93.797 	-0.049 	-0.068 	-0.027 	
-308.360 	-8495.729 	-1452.431 	-0.060 	-1.308 	-0.223 	
-2.003 	27.267 	-4.593 	0.037 	-0.109 	0.043 	
17.462 	-64.784 	76.926 	-0.189 	-0.144 	0.198 	
-105122.924 	-9457.494 	-86054.216 	-23.128 	-2.071 	-18.899 	
63.347 	-98.916 	43.685 	-0.062 	-0.071 	-0.119 	
78.067 	-203.749 	103.427 	-0.019 	-0.061 	-0.005 	
-24.926 	-113.953 	66.662 	-0.073 	0.068 	-0.131 	
25.691 	-73.356 	106.413 	-0.088 	-0.101 	-0.133 	
13.194 	-170.520 	80.883 	-0.026 	-0.111 	0.115 	
73.157 	-82.930 	129.192 	-0.045 	-0.063 	-0.009 	
9.788 	-52.536 	59.587 	-0.194 	-0.001 	0.256 	
-35.482 	-129.121 	43.923 	0.065 	0.094 	0.075 	
82.901 	-78.001 	69.106 	0.106 	0.139 	0.082 	
5124.306 	-20719.002 	-26018.950 	1.676 	-7.008 	-8.818 	
174.568 	-13.705 	65.258 	-0.075 	-0.036 	0.063 	
-64.030 	8.515 	16.223 	0.046 	-0.063 	0.047 	
132.514 	-55.902 	70.740 	0.175 	0.077 	0.047 	
5313.863 	-4046.191 	-3240.849 	0.881 	-0.660 	-0.534 	
33.413 	-89.698 	74.278 	0.104 	-0.261 	0.000 	
-2211.037 	-934.669 	691.835 	-0.706 	-0.256 	0.187 	
67.630 	11.113 	128.922 	0.048 	0.039 	0.021 	
