## Las primeras 500 lineas corresponden a la esfera 1 
##las siguienets 500 lineas a la esfera 2
## Las primeras tres columnas corresponden a la posición en 'x', 'y' y 'z', las siguientes tres a las velocidades
-34.326 	-1927.357 	200.330 	-0.010 	-0.245 	0.028 	
636.225 	-595.464 	-11.806 	0.086 	-0.077 	-0.002 	
732.393 	2459.306 	1648.956 	0.098 	0.314 	0.206 	
-2323.676 	2568.557 	1696.338 	-0.303 	0.333 	0.221 	
-463.442 	-519.467 	2404.522 	-0.054 	-0.066 	0.314 	
2587.235 	1654.314 	2924.838 	0.342 	0.215 	0.374 	
2661.672 	-1330.908 	-2597.383 	0.345 	-0.169 	-0.336 	
-2502.784 	-1423.156 	923.677 	-0.321 	-0.178 	0.123 	
2164.080 	695.313 	1441.693 	0.276 	0.095 	0.185 	
825.889 	779.983 	1147.196 	0.105 	0.098 	0.151 	
2194.778 	-173.760 	121.641 	0.279 	-0.021 	0.013 	
-465.159 	-2000.272 	333.456 	-0.056 	-0.256 	0.045 	
456.380 	-1422.083 	217.225 	0.067 	-0.182 	0.029 	
1585.751 	2269.531 	2183.560 	0.198 	0.292 	0.279 	
-107.177 	1905.957 	-3053.901 	-0.015 	0.248 	-0.392 	
-1081.835 	-183.268 	13.154 	-0.139 	-0.018 	0.003 	
-1232.849 	2461.438 	-1008.490 	-0.162 	0.314 	-0.131 	
258.511 	1381.739 	-2758.942 	0.032 	0.171 	-0.358 	
-3627.167 	-2673.683 	-1532.057 	-0.474 	-0.342 	-0.200 	
1264.135 	-3131.798 	-2699.509 	0.158 	-0.406 	-0.349 	
309.954 	-2894.892 	3485.488 	0.042 	-0.367 	0.452 	
246.236 	1074.329 	3003.099 	0.030 	0.137 	0.380 	
-776.588 	-1361.265 	680.364 	-0.099 	-0.168 	0.085 	
-2527.174 	-1999.996 	912.728 	-0.321 	-0.253 	0.115 	
1779.167 	-1249.704 	2022.757 	0.234 	-0.161 	0.256 	
-1152.455 	-18.683 	2674.904 	-0.141 	-0.000 	0.341 	
213.304 	-1620.435 	-97.520 	0.032 	-0.204 	-0.010 	
700.764 	-2999.374 	2219.384 	0.088 	-0.392 	0.287 	
-2566.909 	2590.433 	677.474 	-0.326 	0.332 	0.088 	
-1436.504 	-2231.083 	1791.121 	-0.180 	-0.284 	0.233 	
-914.948 	-1549.351 	-2634.026 	-0.116 	-0.196 	-0.340 	
1247.918 	2061.917 	2509.219 	0.158 	0.261 	0.324 	
2523.976 	-947.512 	2335.732 	0.325 	-0.122 	0.302 	
-1612.594 	1719.153 	221.668 	-0.200 	0.220 	0.030 	
267.822 	-904.386 	-2852.234 	0.034 	-0.121 	-0.361 	
476.611 	-368.309 	312.933 	0.068 	-0.043 	0.041 	
-1218.757 	-2454.674 	-2815.503 	-0.158 	-0.314 	-0.369 	
-1166.581 	-3016.309 	2269.806 	-0.144 	-0.387 	0.292 	
-1158.681 	-262.702 	1637.304 	-0.151 	-0.031 	0.213 	
1954.875 	-3093.198 	2245.996 	0.251 	-0.399 	0.292 	
3346.558 	1217.061 	-136.998 	0.432 	0.150 	-0.019 	
599.585 	-757.186 	248.923 	0.080 	-0.092 	0.029 	
1252.881 	362.120 	2163.524 	0.155 	0.038 	0.268 	
-148.758 	-2140.718 	-1387.254 	-0.025 	-0.275 	-0.177 	
545.733 	-623.225 	2123.497 	0.075 	-0.081 	0.276 	
299.993 	548.918 	-1000.130 	0.044 	0.072 	-0.124 	
3214.754 	242.939 	49.416 	0.404 	0.022 	0.006 	
-758.194 	2997.833 	-796.548 	-0.098 	0.387 	-0.104 	
734.509 	-871.157 	-1146.677 	0.100 	-0.114 	-0.146 	
2782.940 	1812.428 	884.931 	0.360 	0.238 	0.114 	
-2539.064 	-954.338 	-2088.558 	-0.324 	-0.126 	-0.273 	
1445.892 	-246.820 	1440.178 	0.180 	-0.031 	0.180 	
3142.380 	-1441.990 	-3079.918 	0.411 	-0.192 	-0.398 	
-224.354 	1952.322 	51.814 	-0.022 	0.249 	0.011 	
-2265.099 	2428.438 	1776.396 	-0.295 	0.310 	0.227 	
-489.695 	-2938.221 	1504.952 	-0.060 	-0.382 	0.197 	
-1205.166 	-51.728 	-1858.475 	-0.148 	-0.009 	-0.242 	
130.323 	-2596.723 	-905.736 	0.022 	-0.334 	-0.118 	
-3042.204 	2183.308 	2605.579 	-0.394 	0.285 	0.339 	
1769.490 	2718.537 	1072.973 	0.230 	0.347 	0.133 	
-818.536 	2954.234 	777.641 	-0.111 	0.382 	0.099 	
1165.011 	1729.041 	-1022.492 	0.154 	0.219 	-0.130 	
-2362.396 	3179.538 	1255.748 	-0.311 	0.412 	0.163 	
2105.375 	621.703 	-1058.271 	0.271 	0.085 	-0.136 	
2553.308 	-2929.878 	-2963.190 	0.338 	-0.377 	-0.380 	
3642.805 	-1210.913 	-3036.310 	0.478 	-0.156 	-0.392 	
2331.602 	-1695.211 	-2646.458 	0.309 	-0.219 	-0.342 	
-3343.732 	3660.507 	-1063.248 	-0.435 	0.479 	-0.141 	
3622.287 	1684.827 	2172.057 	0.474 	0.218 	0.278 	
-518.199 	1018.825 	1304.893 	-0.067 	0.121 	0.169 	
2392.751 	861.767 	920.499 	0.313 	0.106 	0.115 	
1007.930 	-148.182 	1110.178 	0.136 	-0.015 	0.142 	
-55.835 	1868.345 	-3090.259 	-0.008 	0.239 	-0.396 	
-809.131 	-2333.596 	-935.000 	-0.106 	-0.300 	-0.118 	
-1431.668 	1203.746 	1879.055 	-0.191 	0.154 	0.240 	
1389.532 	-407.366 	-733.302 	0.178 	-0.052 	-0.085 	
-86.625 	-693.052 	-2175.173 	-0.012 	-0.083 	-0.280 	
2720.930 	1605.915 	-2573.083 	0.354 	0.208 	-0.337 	
340.074 	-582.799 	-1206.298 	0.041 	-0.072 	-0.158 	
-26.912 	-777.227 	2606.748 	0.000 	-0.103 	0.334 	
-481.986 	2381.586 	755.313 	-0.067 	0.301 	0.098 	
683.121 	-1246.605 	-841.774 	0.082 	-0.158 	-0.104 	
1535.284 	1973.509 	2545.822 	0.195 	0.257 	0.327 	
-660.170 	-2040.676 	2608.482 	-0.087 	-0.260 	0.339 	
2032.027 	-1059.943 	-504.801 	0.265 	-0.131 	-0.070 	
-1841.626 	-2592.230 	-2520.833 	-0.233 	-0.332 	-0.322 	
1932.029 	-620.691 	-1244.760 	0.250 	-0.080 	-0.174 	
-2029.074 	-2153.212 	2318.940 	-0.268 	-0.277 	0.300 	
-2762.995 	-2730.154 	1802.713 	-0.352 	-0.352 	0.235 	
-2499.489 	-1121.720 	-255.975 	-0.317 	-0.149 	-0.028 	
3297.710 	1529.642 	2328.926 	0.426 	0.204 	0.299 	
80.879 	1288.137 	2360.743 	0.009 	0.169 	0.304 	
242.308 	-574.637 	227.716 	0.035 	-0.077 	0.031 	
-380.117 	-2825.520 	-1152.921 	-0.045 	-0.367 	-0.144 	
2710.404 	-1790.507 	2687.103 	0.349 	-0.227 	0.345 	
-1013.903 	1753.285 	-2839.289 	-0.132 	0.224 	-0.355 	
2741.667 	679.380 	1752.480 	0.357 	0.086 	0.226 	
2947.781 	672.166 	-1946.708 	0.386 	0.087 	-0.250 	
3353.235 	2628.806 	414.081 	0.441 	0.337 	0.054 	
1794.290 	-1430.411 	1802.779 	0.225 	-0.188 	0.229 	
-2108.822 	2769.848 	1548.874 	-0.271 	0.352 	0.203 	
-3466.626 	-2477.654 	-1054.055 	-0.452 	-0.318 	-0.132 	
935.478 	-3225.707 	1851.287 	0.122 	-0.418 	0.238 	
-1396.701 	-305.551 	2452.601 	-0.178 	-0.034 	0.319 	
1770.191 	-750.571 	963.347 	0.235 	-0.097 	0.127 	
-2914.877 	1476.981 	2682.079 	-0.371 	0.191 	0.343 	
-2907.976 	-2018.974 	1917.649 	-0.380 	-0.258 	0.250 	
-3386.886 	3554.828 	-1438.386 	-0.441 	0.465 	-0.186 	
2111.310 	-1378.340 	118.027 	0.268 	-0.180 	0.020 	
3580.411 	-335.935 	-1125.399 	0.466 	-0.047 	-0.140 	
-863.617 	-311.382 	1759.019 	-0.109 	-0.042 	0.230 	
764.382 	-1055.010 	1581.192 	0.092 	-0.136 	0.204 	
1394.162 	-19.066 	503.371 	0.174 	-0.007 	0.062 	
-547.375 	3043.233 	-1096.285 	-0.074 	0.388 	-0.136 	
-2063.219 	2806.792 	2825.466 	-0.267 	0.362 	0.367 	
-307.855 	3020.017 	2920.556 	-0.037 	0.392 	0.376 	
917.069 	-3144.751 	-525.478 	0.117 	-0.405 	-0.061 	
-3321.554 	-973.970 	3135.068 	-0.426 	-0.131 	0.403 	
2267.491 	-1390.852 	-1156.021 	0.291 	-0.184 	-0.143 	
-248.875 	2215.112 	423.119 	-0.038 	0.283 	0.057 	
-1540.228 	346.909 	1949.141 	-0.195 	0.045 	0.256 	
1776.218 	-2490.275 	-1116.594 	0.230 	-0.324 	-0.144 	
1434.793 	-430.430 	-2351.880 	0.184 	-0.048 	-0.304 	
2890.040 	-1322.252 	2980.644 	0.369 	-0.172 	0.385 	
-3191.963 	1076.798 	1578.405 	-0.416 	0.136 	0.202 	
897.551 	-374.105 	-1128.462 	0.111 	-0.044 	-0.141 	
-3291.975 	-2105.160 	-1237.004 	-0.423 	-0.270 	-0.155 	
-3509.661 	-3233.903 	1314.785 	-0.459 	-0.418 	0.168 	
-2555.905 	1327.128 	-3101.554 	-0.330 	0.173 	-0.395 	
-2710.199 	-2857.065 	1089.385 	-0.345 	-0.370 	0.140 	
-305.493 	-1896.671 	1499.795 	-0.044 	-0.242 	0.195 	
-750.821 	2434.292 	-1394.155 	-0.099 	0.315 	-0.183 	
-1910.965 	1568.981 	19.698 	-0.247 	0.198 	0.002 	
36.086 	888.459 	-2726.657 	0.000 	0.110 	-0.348 	
3379.322 	-3099.470 	293.700 	0.433 	-0.398 	0.034 	
-433.218 	-2416.152 	-1268.798 	-0.051 	-0.310 	-0.169 	
351.628 	-1885.910 	838.281 	0.041 	-0.242 	0.102 	
-2220.423 	-2875.039 	2257.141 	-0.281 	-0.374 	0.293 	
2645.886 	-1265.097 	-1309.699 	0.341 	-0.160 	-0.168 	
1172.107 	-2352.359 	720.991 	0.158 	-0.301 	0.096 	
-2262.252 	-1426.595 	-1810.629 	-0.286 	-0.186 	-0.233 	
2938.892 	-851.078 	-789.586 	0.372 	-0.106 	-0.102 	
-2017.481 	3030.819 	739.459 	-0.262 	0.387 	0.099 	
-2434.277 	-2545.031 	414.379 	-0.315 	-0.327 	0.057 	
-785.908 	924.496 	1124.468 	-0.105 	0.113 	0.144 	
1858.967 	-401.965 	2619.870 	0.238 	-0.051 	0.331 	
-1372.501 	-165.012 	-1101.759 	-0.173 	-0.015 	-0.142 	
-47.021 	1570.015 	2352.164 	-0.009 	0.200 	0.296 	
2823.261 	-2637.544 	-3075.465 	0.359 	-0.341 	-0.398 	
-223.973 	2180.947 	-1563.375 	-0.024 	0.276 	-0.202 	
2821.905 	-3052.148 	764.165 	0.365 	-0.392 	0.093 	
-2181.425 	-853.097 	1904.531 	-0.275 	-0.106 	0.244 	
748.028 	1674.061 	3263.754 	0.094 	0.210 	0.421 	
-3300.839 	-3233.795 	-1227.878 	-0.426 	-0.416 	-0.161 	
-2786.214 	-159.887 	-3136.639 	-0.360 	-0.017 	-0.405 	
-284.328 	-1316.391 	-1119.749 	-0.043 	-0.170 	-0.143 	
3109.756 	-699.002 	2234.257 	0.413 	-0.089 	0.283 	
-2933.029 	-1510.699 	2905.373 	-0.379 	-0.198 	0.373 	
-1421.012 	-2298.163 	3250.889 	-0.180 	-0.298 	0.422 	
346.463 	-2273.194 	1906.614 	0.044 	-0.294 	0.247 	
3167.683 	-2619.749 	2406.932 	0.416 	-0.339 	0.313 	
-991.378 	583.064 	613.281 	-0.123 	0.077 	0.075 	
-1109.345 	-85.917 	1823.906 	-0.155 	-0.001 	0.247 	
1594.102 	236.984 	-110.103 	0.210 	0.033 	-0.009 	
163.858 	-1168.195 	631.672 	0.019 	-0.149 	0.078 	
-1203.135 	-29.580 	-403.678 	-0.157 	-0.003 	-0.047 	
-1115.712 	1803.225 	-1589.133 	-0.142 	0.232 	-0.205 	
3590.555 	-779.309 	-215.033 	0.465 	-0.107 	-0.027 	
1037.422 	-81.596 	-351.959 	0.134 	-0.016 	-0.039 	
1211.493 	-677.002 	-687.763 	0.150 	-0.090 	-0.082 	
-2024.821 	609.118 	3397.430 	-0.259 	0.078 	0.440 	
1972.481 	1303.488 	130.934 	0.262 	0.164 	0.018 	
-2931.249 	568.872 	1245.683 	-0.380 	0.070 	0.159 	
806.264 	-205.145 	-965.707 	0.101 	-0.032 	-0.125 	
-3385.949 	-1503.085 	2853.799 	-0.441 	-0.194 	0.367 	
-2637.626 	-998.401 	-203.682 	-0.339 	-0.126 	-0.023 	
-1320.192 	-729.182 	-729.755 	-0.169 	-0.094 	-0.096 	
2055.014 	1831.825 	2575.472 	0.267 	0.237 	0.325 	
636.630 	-622.085 	2615.565 	0.084 	-0.079 	0.338 	
3078.780 	1923.496 	3326.502 	0.396 	0.253 	0.432 	
2655.069 	2421.857 	2676.084 	0.342 	0.314 	0.352 	
2854.864 	-2431.826 	-2476.297 	0.367 	-0.315 	-0.319 	
2103.919 	2958.619 	162.512 	0.278 	0.380 	0.020 	
-1477.740 	147.863 	832.246 	-0.193 	0.016 	0.112 	
-586.753 	235.388 	-1891.433 	-0.073 	0.033 	-0.248 	
-459.765 	1360.439 	1498.664 	-0.065 	0.174 	0.192 	
-3332.227 	-2954.203 	1825.303 	-0.431 	-0.377 	0.242 	
-1302.157 	1043.849 	-1179.277 	-0.167 	0.136 	-0.149 	
-904.595 	-2774.395 	-2125.691 	-0.117 	-0.354 	-0.275 	
-1517.281 	-2704.906 	-1630.246 	-0.189 	-0.347 	-0.210 	
247.588 	-2970.392 	-2448.202 	0.031 	-0.381 	-0.314 	
2648.932 	1063.045 	208.003 	0.348 	0.137 	0.030 	
2926.384 	-238.016 	-2037.602 	0.378 	-0.032 	-0.258 	
-1255.791 	450.091 	169.398 	-0.154 	0.056 	0.026 	
-1341.412 	1440.497 	784.975 	-0.179 	0.183 	0.102 	
2999.337 	-1371.630 	-26.411 	0.385 	-0.181 	-0.008 	
-1732.326 	1140.551 	-3126.551 	-0.225 	0.145 	-0.404 	
3096.726 	-230.875 	1981.867 	0.397 	-0.024 	0.258 	
673.918 	1052.441 	889.586 	0.094 	0.137 	0.118 	
1936.253 	-597.352 	-1254.591 	0.252 	-0.076 	-0.149 	
-1878.293 	2360.442 	549.266 	-0.241 	0.298 	0.073 	
4.005 	-2334.489 	1415.179 	0.006 	-0.294 	0.180 	
-282.184 	-248.192 	-2512.889 	-0.030 	-0.031 	-0.320 	
-920.504 	138.743 	526.983 	-0.120 	0.019 	0.069 	
-334.814 	-2665.105 	-2696.052 	-0.041 	-0.340 	-0.351 	
-706.942 	-1154.013 	2742.838 	-0.088 	-0.151 	0.345 	
3397.683 	-473.341 	-2438.074 	0.441 	-0.066 	-0.313 	
-719.942 	476.470 	-493.389 	-0.091 	0.059 	-0.060 	
2840.297 	-2942.312 	2712.225 	0.372 	-0.377 	0.350 	
-965.473 	-1004.491 	919.904 	-0.123 	-0.123 	0.117 	
-869.225 	-81.282 	2770.818 	-0.108 	-0.006 	0.355 	
671.071 	1456.260 	309.678 	0.094 	0.187 	0.041 	
-3082.113 	3197.375 	-2315.575 	-0.401 	0.413 	-0.299 	
203.186 	-808.694 	-3145.946 	0.034 	-0.102 	-0.405 	
-537.547 	-1615.650 	1966.110 	-0.067 	-0.200 	0.254 	
-1883.084 	-1474.239 	-1315.759 	-0.247 	-0.189 	-0.167 	
1698.074 	3064.193 	-2627.970 	0.221 	0.396 	-0.346 	
-1835.442 	231.664 	1959.187 	-0.242 	0.029 	0.251 	
-86.701 	424.225 	1474.313 	-0.015 	0.055 	0.184 	
-487.305 	-603.054 	964.928 	-0.052 	-0.085 	0.105 	
2939.045 	-744.136 	-1875.393 	0.378 	-0.102 	-0.244 	
3436.895 	-3231.593 	57.163 	0.442 	-0.417 	0.013 	
-2528.334 	-1863.266 	-143.768 	-0.331 	-0.242 	-0.020 	
98.430 	-2596.897 	696.607 	0.009 	-0.330 	0.093 	
-1228.825 	168.818 	2545.373 	-0.160 	0.017 	0.323 	
-1656.340 	3158.291 	142.216 	-0.208 	0.405 	0.022 	
-2313.926 	-2452.200 	1053.289 	-0.297 	-0.312 	0.134 	
2852.146 	-1159.857 	-2389.050 	0.370 	-0.148 	-0.312 	
-2033.122 	-2944.861 	1915.069 	-0.263 	-0.373 	0.247 	
-1383.763 	-53.330 	1162.275 	-0.177 	-0.013 	0.152 	
-1469.876 	309.524 	3000.026 	-0.189 	0.039 	0.390 	
-2635.693 	1952.318 	-460.037 	-0.338 	0.250 	-0.052 	
-2545.241 	877.702 	92.892 	-0.333 	0.113 	0.013 	
-928.595 	846.936 	-1539.366 	-0.118 	0.113 	-0.196 	
2780.696 	3535.401 	-3198.700 	0.358 	0.463 	-0.416 	
-2291.600 	1267.054 	1797.639 	-0.299 	0.163 	0.237 	
-2560.296 	-289.069 	-2699.588 	-0.325 	-0.039 	-0.348 	
1556.147 	-2184.147 	1006.945 	0.203 	-0.284 	0.124 	
2372.829 	2525.503 	-206.273 	0.314 	0.325 	-0.023 	
2631.857 	1377.569 	-2955.275 	0.337 	0.180 	-0.376 	
1731.777 	830.849 	-1976.712 	0.220 	0.105 	-0.247 	
-1285.912 	-2499.816 	-740.913 	-0.162 	-0.316 	-0.097 	
2414.119 	-1095.196 	249.426 	0.313 	-0.138 	0.025 	
-606.611 	2679.909 	666.751 	-0.044 	0.371 	0.096 	
706.275 	-1859.081 	2725.697 	0.092 	-0.237 	0.343 	
-1580.323 	1027.771 	-1235.269 	-0.203 	0.130 	-0.162 	
-2337.640 	-91.867 	1159.711 	-0.305 	-0.012 	0.153 	
2536.895 	-863.101 	2505.387 	0.332 	-0.113 	0.316 	
707.340 	-1873.184 	-2832.685 	0.096 	-0.243 	-0.358 	
3514.016 	588.607 	-1954.752 	0.459 	0.076 	-0.253 	
1188.329 	-737.869 	2480.379 	0.159 	-0.094 	0.318 	
-2052.662 	2736.736 	-602.830 	-0.256 	0.353 	-0.077 	
-1322.668 	-1280.539 	1112.916 	-0.171 	-0.164 	0.147 	
-1115.370 	-1437.254 	575.239 	-0.141 	-0.184 	0.082 	
3094.942 	49.265 	1379.087 	0.401 	0.012 	0.181 	
-2102.447 	205.344 	1940.826 	-0.271 	0.026 	0.257 	
-19.918 	1235.275 	-2359.620 	-0.008 	0.160 	-0.307 	
-2225.864 	-2933.722 	-2928.110 	-0.282 	-0.377 	-0.382 	
1589.522 	2510.537 	-1149.170 	0.202 	0.320 	-0.147 	
-3107.610 	1488.736 	1841.025 	-0.402 	0.192 	0.234 	
-3250.404 	202.850 	1241.302 	-0.423 	0.030 	0.160 	
1005.035 	-2602.141 	-2620.394 	0.127 	-0.338 	-0.332 	
-4338.990 	45.838 	-19.976 	-0.592 	-0.015 	-0.005 	
-2932.247 	-1194.950 	1566.925 	-0.375 	-0.155 	0.206 	
1780.982 	-688.787 	-2137.730 	0.227 	-0.089 	-0.280 	
902.919 	588.148 	398.697 	0.120 	0.076 	0.058 	
-90.211 	-1152.757 	730.816 	-0.014 	-0.153 	0.088 	
-3163.420 	269.856 	-1832.727 	-0.410 	0.032 	-0.240 	
2582.043 	-263.395 	3508.223 	0.336 	-0.032 	0.457 	
-622.175 	-1088.574 	1781.587 	-0.080 	-0.144 	0.223 	
1161.450 	-1843.217 	-718.195 	0.145 	-0.236 	-0.090 	
453.686 	-476.696 	492.390 	0.061 	-0.066 	0.059 	
-2795.952 	-3315.818 	-1659.859 	-0.362 	-0.431 	-0.213 	
1586.753 	-1483.796 	-2690.361 	0.204 	-0.185 	-0.342 	
676.764 	974.230 	-686.582 	0.092 	0.146 	-0.087 	
-1263.259 	-355.769 	1055.276 	-0.161 	-0.039 	0.140 	
3564.810 	1770.144 	-283.516 	0.466 	0.226 	-0.038 	
796.068 	-388.082 	-1826.313 	0.100 	-0.050 	-0.237 	
-2574.500 	896.604 	-3212.845 	-0.330 	0.118 	-0.413 	
1239.488 	966.309 	975.848 	0.164 	0.119 	0.130 	
3122.204 	224.072 	-2565.944 	0.398 	0.026 	-0.328 	
-1271.496 	423.595 	-1632.411 	-0.163 	0.058 	-0.213 	
-3171.219 	2867.083 	1209.420 	-0.414 	0.370 	0.157 	
122.778 	-2492.088 	-2969.774 	0.020 	-0.320 	-0.387 	
2236.401 	2828.092 	-1775.381 	0.290 	0.364 	-0.236 	
1609.093 	-1276.775 	349.455 	0.205 	-0.163 	0.051 	
1640.729 	-2736.387 	-2231.152 	0.209 	-0.350 	-0.293 	
1043.875 	-1285.979 	1807.645 	0.131 	-0.166 	0.232 	
1387.346 	-1373.947 	2204.068 	0.179 	-0.174 	0.284 	
2810.778 	3103.609 	-2756.332 	0.361 	0.402 	-0.361 	
2629.624 	-473.415 	1914.452 	0.342 	-0.057 	0.251 	
1141.700 	-744.527 	-640.080 	0.150 	-0.091 	-0.082 	
-1300.172 	-1197.956 	2367.650 	-0.171 	-0.152 	0.306 	
-1488.891 	-690.641 	2593.499 	-0.191 	-0.094 	0.334 	
605.946 	-1549.994 	-995.969 	0.079 	-0.197 	-0.130 	
-2105.097 	-338.500 	-59.935 	-0.270 	-0.046 	-0.009 	
-357.972 	2663.738 	-3270.814 	-0.040 	0.347 	-0.422 	
-2510.014 	-819.172 	1668.324 	-0.328 	-0.105 	0.214 	
-115.293 	-2539.100 	2727.148 	-0.016 	-0.322 	0.355 	
-1226.122 	963.808 	2548.012 	-0.153 	0.127 	0.326 	
-356.967 	-116.276 	1804.268 	-0.049 	-0.017 	0.232 	
2282.914 	-1730.780 	8.733 	0.297 	-0.225 	-0.004 	
-140.202 	-1147.730 	761.778 	-0.006 	-0.145 	0.102 	
-643.085 	-1136.585 	2575.004 	-0.076 	-0.145 	0.333 	
-3223.111 	-904.004 	871.379 	-0.420 	-0.117 	0.113 	
-856.302 	-2115.354 	-459.810 	-0.115 	-0.269 	-0.059 	
907.033 	-3125.694 	1670.153 	0.114 	-0.408 	0.215 	
1126.446 	-2343.214 	-613.588 	0.143 	-0.302 	-0.075 	
1319.505 	-2879.013 	-332.667 	0.172 	-0.372 	-0.038 	
854.046 	124.595 	2605.268 	0.105 	0.013 	0.335 	
-2887.114 	1403.602 	188.926 	-0.373 	0.180 	0.023 	
-661.553 	697.281 	1327.946 	-0.079 	0.086 	0.168 	
-1130.773 	-1684.530 	2744.413 	-0.148 	-0.217 	0.358 	
-2376.190 	-2835.874 	2490.169 	-0.306 	-0.363 	0.327 	
1703.690 	1938.804 	-2974.456 	0.218 	0.248 	-0.380 	
-1011.863 	1772.853 	-2842.081 	-0.120 	0.230 	-0.369 	
-185.094 	-2416.873 	-1950.188 	-0.016 	-0.311 	-0.251 	
-38.603 	-188.087 	438.018 	0.003 	-0.029 	0.055 	
2111.478 	-984.629 	540.471 	0.273 	-0.127 	0.065 	
1691.544 	996.327 	-1838.268 	0.226 	0.128 	-0.235 	
-2069.272 	-2818.540 	1629.633 	-0.263 	-0.368 	0.207 	
3501.171 	-696.605 	-3179.005 	0.457 	-0.090 	-0.413 	
-514.862 	2257.472 	764.745 	-0.060 	0.293 	0.096 	
-1827.962 	2551.500 	-2210.342 	-0.237 	0.329 	-0.287 	
-2459.522 	1678.019 	-871.566 	-0.310 	0.215 	-0.112 	
-40.488 	836.412 	-310.719 	-0.009 	0.100 	-0.040 	
-2711.183 	1094.998 	230.977 	-0.343 	0.147 	0.028 	
-140.495 	-2370.009 	-1815.504 	-0.020 	-0.302 	-0.228 	
-2243.051 	-1285.831 	121.264 	-0.290 	-0.164 	0.010 	
1747.645 	1378.683 	-1767.888 	0.232 	0.178 	-0.225 	
-2177.677 	3093.013 	424.294 	-0.282 	0.395 	0.061 	
1597.847 	-281.407 	-2302.862 	0.209 	-0.035 	-0.296 	
-304.915 	242.235 	-639.659 	-0.036 	0.024 	-0.077 	
-3007.296 	-1576.546 	-2821.188 	-0.387 	-0.209 	-0.367 	
1385.843 	-583.352 	457.335 	0.175 	-0.076 	0.062 	
-2476.448 	-609.631 	2736.757 	-0.319 	-0.077 	0.354 	
2448.389 	-264.614 	2273.585 	0.316 	-0.037 	0.288 	
880.899 	-260.527 	-2090.827 	0.109 	-0.038 	-0.268 	
2552.806 	1031.202 	-201.634 	0.326 	0.134 	-0.029 	
1116.266 	530.674 	1855.863 	0.140 	0.071 	0.237 	
-223.732 	1421.193 	-2355.069 	-0.032 	0.183 	-0.300 	
3197.093 	-2330.543 	-993.286 	0.419 	-0.300 	-0.125 	
-2875.531 	-2896.892 	3025.010 	-0.373 	-0.376 	0.390 	
-2493.187 	-1740.324 	-70.919 	-0.319 	-0.223 	-0.010 	
1906.792 	452.139 	657.572 	0.238 	0.058 	0.085 	
3143.422 	-778.462 	833.537 	0.405 	-0.097 	0.103 	
-2606.062 	976.452 	1431.619 	-0.333 	0.129 	0.191 	
96.139 	-177.655 	36.122 	0.007 	-0.022 	0.008 	
-875.087 	-1822.083 	2531.725 	-0.106 	-0.232 	0.328 	
-334.458 	-1539.051 	-1204.389 	-0.039 	-0.200 	-0.150 	
3032.072 	-1218.789 	-2063.786 	0.391 	-0.163 	-0.264 	
340.073 	-1801.229 	-1699.674 	0.037 	-0.230 	-0.216 	
2367.158 	-2511.605 	3164.391 	0.310 	-0.320 	0.407 	
-2916.138 	-1175.556 	-1532.325 	-0.373 	-0.147 	-0.193 	
-2654.983 	-734.288 	-997.469 	-0.346 	-0.099 	-0.127 	
427.050 	-668.460 	2421.786 	0.063 	-0.087 	0.310 	
1849.822 	-1796.352 	1348.420 	0.246 	-0.231 	0.170 	
-1681.897 	1352.006 	1431.667 	-0.222 	0.171 	0.186 	
-2876.523 	-1591.316 	2412.949 	-0.369 	-0.199 	0.312 	
-2257.651 	-21.525 	769.767 	-0.292 	-0.004 	0.103 	
-1815.137 	-2135.603 	332.709 	-0.230 	-0.272 	0.040 	
2873.741 	2709.854 	1812.756 	0.374 	0.343 	0.232 	
2859.262 	1579.730 	-548.278 	0.375 	0.206 	-0.072 	
-2724.993 	-2559.364 	691.986 	-0.350 	-0.328 	0.093 	
-2255.153 	675.535 	1279.625 	-0.293 	0.082 	0.166 	
-1815.071 	290.516 	1545.496 	-0.227 	0.041 	0.202 	
-1698.461 	-836.298 	-3253.509 	-0.220 	-0.111 	-0.424 	
-1583.542 	-1733.450 	-2509.073 	-0.206 	-0.227 	-0.326 	
3424.849 	3493.904 	-1634.976 	0.445 	0.456 	-0.209 	
3275.171 	1170.360 	-2637.032 	0.424 	0.148 	-0.345 	
-827.177 	-1380.424 	-898.259 	-0.106 	-0.181 	-0.113 	
-872.034 	-1334.601 	2131.426 	-0.110 	-0.178 	0.273 	
861.527 	-194.087 	346.604 	0.116 	-0.027 	0.041 	
1056.691 	322.581 	692.406 	0.139 	0.036 	0.087 	
-1890.744 	1988.514 	1903.884 	-0.248 	0.256 	0.245 	
-2129.563 	2533.804 	-2928.486 	-0.276 	0.323 	-0.377 	
-853.296 	-1949.012 	-3234.272 	-0.108 	-0.246 	-0.419 	
2589.687 	-1286.175 	-2008.706 	0.328 	-0.164 	-0.257 	
-38.588 	24.710 	-1999.795 	-0.004 	0.004 	-0.257 	
1014.720 	2519.688 	1067.761 	0.132 	0.328 	0.141 	
1671.694 	-255.902 	-23.960 	0.221 	-0.032 	-0.004 	
1330.260 	1507.053 	1838.710 	0.173 	0.191 	0.244 	
937.115 	-1249.900 	-1364.021 	0.125 	-0.159 	-0.171 	
2913.814 	-2344.310 	-2009.016 	0.384 	-0.303 	-0.259 	
932.781 	752.507 	-1926.774 	0.122 	0.097 	-0.249 	
-2074.452 	-2240.537 	-55.521 	-0.264 	-0.292 	-0.006 	
1724.430 	1099.758 	1409.291 	0.215 	0.139 	0.181 	
2472.559 	908.012 	319.536 	0.326 	0.112 	0.040 	
-224.510 	-2792.198 	2623.718 	-0.027 	-0.357 	0.344 	
239.768 	1037.771 	2634.242 	0.038 	0.133 	0.334 	
2373.016 	-115.106 	2546.884 	0.312 	-0.014 	0.326 	
2711.117 	1040.843 	-129.018 	0.346 	0.130 	-0.012 	
-1805.600 	-3435.451 	3411.318 	-0.231 	-0.445 	0.444 	
-3515.394 	-2864.769 	3159.219 	-0.457 	-0.368 	0.410 	
3314.979 	2674.214 	10.535 	0.434 	0.341 	0.001 	
3362.305 	668.251 	2857.802 	0.435 	0.080 	0.372 	
1243.583 	365.767 	2166.807 	0.155 	0.053 	0.285 	
-2184.464 	-353.553 	-2711.413 	-0.282 	-0.044 	-0.348 	
2391.916 	1202.296 	-1013.988 	0.316 	0.155 	-0.132 	
-799.984 	1639.368 	-2810.268 	-0.106 	0.208 	-0.358 	
1277.419 	1348.781 	-422.286 	0.163 	0.173 	-0.055 	
1946.004 	-1203.909 	-1686.892 	0.252 	-0.153 	-0.214 	
2599.409 	2450.860 	3039.688 	0.336 	0.321 	0.395 	
325.874 	2703.677 	-1953.992 	0.036 	0.346 	-0.250 	
-2776.937 	546.330 	1167.778 	-0.354 	0.074 	0.153 	
840.810 	-2989.926 	2047.537 	0.113 	-0.384 	0.259 	
977.448 	-1203.252 	-310.410 	0.123 	-0.158 	-0.039 	
2395.659 	179.632 	-253.807 	0.308 	0.028 	-0.036 	
-1446.561 	1372.676 	-2138.599 	-0.183 	0.180 	-0.278 	
1516.369 	-2671.780 	1522.844 	0.192 	-0.347 	0.198 	
2620.936 	2631.638 	132.806 	0.343 	0.339 	0.020 	
1756.973 	-2843.385 	2621.965 	0.226 	-0.361 	0.338 	
3121.547 	-237.685 	676.441 	0.403 	-0.025 	0.090 	
3479.442 	2775.399 	1840.026 	0.447 	0.359 	0.239 	
940.752 	-2311.612 	1282.364 	0.128 	-0.299 	0.166 	
-1788.441 	-3195.133 	2986.759 	-0.232 	-0.416 	0.386 	
1349.621 	-639.269 	-675.859 	0.177 	-0.077 	-0.086 	
-237.504 	66.592 	501.904 	-0.033 	0.005 	0.061 	
-2799.963 	3519.777 	2852.317 	-0.366 	0.460 	0.368 	
169.336 	303.787 	2689.864 	0.029 	0.041 	0.342 	
-421.649 	2745.268 	2492.649 	-0.056 	0.358 	0.318 	
2322.984 	-2481.437 	2723.819 	0.305 	-0.325 	0.354 	
-2470.064 	-2600.778 	2660.139 	-0.320 	-0.329 	0.343 	
-2902.204 	-1860.844 	2190.090 	-0.375 	-0.237 	0.283 	
-2157.757 	2021.915 	989.161 	-0.274 	0.264 	0.131 	
-485.380 	-3348.296 	637.241 	-0.055 	-0.431 	0.081 	
401.599 	-1589.116 	2274.293 	0.055 	-0.203 	0.293 	
-100.974 	312.148 	371.063 	-0.014 	0.035 	0.052 	
-2624.670 	-2971.768 	-2419.198 	-0.343 	-0.384 	-0.307 	
-1517.643 	-97.971 	1666.378 	-0.192 	-0.017 	0.213 	
2373.950 	892.062 	394.381 	0.302 	0.118 	0.053 	
1192.604 	-1696.717 	2216.878 	0.157 	-0.222 	0.289 	
-2447.760 	-1430.551 	-2082.581 	-0.313 	-0.181 	-0.266 	
107.718 	-1533.740 	-620.916 	0.009 	-0.221 	-0.078 	
3211.585 	228.044 	67.472 	0.413 	0.034 	0.015 	
-1533.026 	-2214.672 	-2046.114 	-0.195 	-0.287 	-0.259 	
2590.238 	-1584.329 	172.770 	0.338 	-0.201 	0.024 	
-810.805 	2198.600 	1925.689 	-0.099 	0.278 	0.247 	
531.486 	-792.050 	2745.847 	0.069 	-0.100 	0.349 	
2751.390 	-394.315 	1472.904 	0.356 	-0.053 	0.186 	
-847.110 	135.993 	-3304.071 	-0.106 	0.020 	-0.428 	
-1490.642 	-542.499 	-54.738 	-0.191 	-0.076 	-0.003 	
657.056 	2555.266 	1343.679 	0.082 	0.328 	0.175 	
-2913.593 	745.624 	-541.081 	-0.379 	0.093 	-0.072 	
1632.969 	-1612.859 	854.738 	0.207 	-0.203 	0.106 	
-593.567 	582.933 	-677.318 	-0.082 	0.071 	-0.087 	
2410.923 	-2564.513 	534.341 	0.311 	-0.331 	0.073 	
285.238 	-587.213 	901.372 	0.030 	-0.073 	0.114 	
3201.725 	-2603.089 	1062.261 	0.419 	-0.333 	0.137 	
-1462.610 	296.338 	-204.072 	-0.182 	0.037 	-0.025 	
-2492.879 	336.019 	2688.564 	-0.323 	0.050 	0.344 	
3304.769 	1276.109 	-313.106 	0.426 	0.159 	-0.033 	
-1978.005 	2503.553 	-1525.707 	-0.251 	0.326 	-0.193 	
-1956.236 	2418.658 	-893.498 	-0.245 	0.312 	-0.116 	
2367.832 	-759.349 	-323.872 	0.301 	-0.090 	-0.040 	
-2571.879 	579.236 	2438.282 	-0.328 	0.076 	0.314 	
2729.362 	-1578.651 	-3201.075 	0.360 	-0.200 	-0.413 	
-2270.245 	-3078.074 	-1694.817 	-0.292 	-0.395 	-0.218 	
-653.356 	-355.820 	2383.548 	-0.079 	-0.047 	0.302 	
-194.159 	-1592.537 	-243.503 	-0.026 	-0.203 	-0.038 	
-239.124 	-436.033 	1213.015 	-0.024 	-0.057 	0.160 	
1951.743 	860.770 	764.487 	0.257 	0.113 	0.102 	
1223.762 	-2517.958 	13.922 	0.163 	-0.318 	0.005 	
1726.601 	-2859.373 	-2787.009 	0.219 	-0.370 	-0.360 	
-1866.343 	2806.668 	-812.937 	-0.240 	0.358 	-0.107 	
-2349.695 	2647.601 	719.270 	-0.298 	0.345 	0.092 	
2.743 	-259.000 	-875.322 	0.002 	-0.035 	-0.115 	
-174.272 	-2506.366 	1876.774 	-0.014 	-0.321 	0.241 	
845.906 	-995.334 	2861.561 	0.108 	-0.124 	0.373 	
2824.288 	2265.999 	-2960.725 	0.369 	0.298 	-0.384 	
58.605 	-1647.348 	-621.306 	0.006 	-0.211 	-0.074 	
3351.673 	2301.966 	-95.260 	0.439 	0.295 	-0.013 	
-1240.493 	1919.462 	-3428.063 	-0.154 	0.245 	-0.442 	
-108.724 	225.729 	-633.326 	-0.015 	0.023 	-0.083 	
-2575.154 	-644.651 	1117.728 	-0.324 	-0.085 	0.146 	
1489.871 	-422.952 	10.548 	0.190 	-0.061 	0.000 	
-941.311 	-640.215 	2663.896 	-0.123 	-0.082 	0.335 	
-521.519 	172.632 	-3303.155 	-0.066 	0.026 	-0.425 	
2511.493 	1048.292 	1170.577 	0.317 	0.136 	0.148 	
-2686.605 	-1691.927 	-3677.494 	-0.344 	-0.217 	-0.481 	
2995.751 	-612.933 	730.274 	0.383 	-0.075 	0.096 	
1866.141 	-3050.038 	461.207 	0.237 	-0.395 	0.063 	
1579.507 	2874.228 	-1932.601 	0.210 	0.366 	-0.247 	
2451.081 	773.297 	-2074.045 	0.313 	0.104 	-0.264 	
124.354 	-3416.541 	2926.172 	0.021 	-0.445 	0.376 	
1181.895 	-1031.386 	1006.255 	0.160 	-0.132 	0.128 	
128.425 	3223.546 	1478.395 	0.024 	0.415 	0.192 	
2652.448 	-1701.724 	-2014.392 	0.349 	-0.221 	-0.260 	
1320.346 	3001.618 	-136.139 	0.174 	0.387 	-0.012 	
1561.676 	879.179 	-959.844 	0.195 	0.114 	-0.122 	
2644.815 	2967.345 	-738.489 	0.338 	0.377 	-0.095 	
1478.104 	1588.607 	-989.258 	0.199 	0.204 	-0.126 	
1099.629 	-858.550 	-427.558 	0.148 	-0.115 	-0.056 	
951.906 	-691.046 	1049.819 	0.123 	-0.088 	0.126 	
-877.384 	-2188.640 	-1361.906 	-0.117 	-0.282 	-0.170 	
-3161.390 	-1054.290 	2358.736 	-0.403 	-0.133 	0.303 	
-2699.843 	-2347.085 	-302.551 	-0.345 	-0.306 	-0.043 	
750.224 	2767.453 	1484.331 	0.095 	0.359 	0.190 	
-679.966 	-929.852 	1272.323 	-0.093 	-0.119 	0.164 	
1825.065 	-3052.460 	416.850 	0.243 	-0.393 	0.058 	
-3137.201 	-1275.060 	1957.535 	-0.421 	-0.163 	0.250 	
2251.046 	-2839.499 	-2973.098 	0.271 	-0.371 	-0.380 	
-2958.129 	-1204.058 	-2532.080 	-0.404 	-0.151 	-0.327 	
-1014.614 	-2782.038 	1373.936 	-0.148 	-0.354 	0.183 	
2006.390 	1570.015 	-418.039 	0.232 	0.198 	-0.056 	
-1994.015 	-2680.981 	1620.786 	-0.284 	-0.347 	0.212 	
3472.376 	-2763.747 	-2844.540 	0.429 	-0.361 	-0.370 	
2413.177 	-1892.101 	1689.969 	0.289 	-0.244 	0.223 	
-1130.108 	-1658.726 	-2798.484 	-0.173 	-0.210 	-0.359 	
1316.315 	1620.129 	-2224.610 	0.146 	0.208 	-0.290 	
2415.447 	1004.902 	320.285 	0.291 	0.130 	0.036 	
427.341 	98.571 	741.565 	0.024 	0.008 	0.094 	
-3171.550 	2836.202 	3051.262 	-0.435 	0.365 	0.391 	
1112.752 	-2299.341 	1191.594 	0.113 	-0.296 	0.154 	
1117.729 	3449.867 	3077.959 	0.123 	0.447 	0.393 	
-213.439 	2647.436 	1931.271 	-0.045 	0.341 	0.244 	
2154.822 	-942.726 	1275.510 	0.260 	-0.118 	0.167 	
682.654 	-3218.263 	3037.855 	0.060 	-0.414 	0.392 	
-438.744 	3021.437 	1090.258 	-0.077 	0.388 	0.146 	
1667.352 	-3048.697 	2744.669 	0.195 	-0.396 	0.351 	
492.577 	831.902 	1529.142 	0.039 	0.106 	0.198 	
-1327.103 	3093.776 	-3135.737 	-0.188 	0.397 	-0.403 	
825.121 	1054.740 	68.550 	0.091 	0.137 	0.010 	
2267.313 	191.254 	-389.387 	0.265 	0.028 	-0.053 	
-3563.594 	1213.222 	-1778.404 	-0.488 	0.157 	-0.229 	
271.054 	2381.675 	1457.053 	0.009 	0.310 	0.191 	
274.931 	-1093.036 	19.378 	0.015 	-0.144 	0.005 	
-372.432 	-2393.327 	-418.067 	-0.072 	-0.310 	-0.050 	
-2289.645 	-572.824 	-703.855 	-0.323 	-0.073 	-0.091 	
-1007.589 	1479.254 	-3116.051 	-0.147 	0.189 	-0.400 	
573.650 	1134.109 	-527.882 	0.058 	0.144 	-0.063 	
-1260.002 	3072.521 	956.958 	-0.180 	0.399 	0.127 	
-2200.322 	2198.744 	-2836.385 	-0.311 	0.283 	-0.369 	
37.692 	2843.215 	2317.605 	-0.019 	0.367 	0.294 	
891.995 	-3133.879 	2725.205 	0.092 	-0.401 	0.352 	
836.118 	-2598.350 	361.054 	0.089 	-0.330 	0.050 	
404.909 	-514.809 	-2463.479 	0.027 	-0.064 	-0.316 	
-2578.932 	869.833 	2877.231 	-0.358 	0.107 	0.374 	
-3420.971 	1947.986 	24.562 	-0.466 	0.244 	0.005 	
2709.341 	100.553 	-1942.187 	0.329 	0.013 	-0.245 	
-1543.742 	-1236.980 	-1808.176 	-0.219 	-0.154 	-0.235 	
-2342.263 	-1638.549 	-988.074 	-0.318 	-0.205 	-0.127 	
1682.326 	-2922.952 	-1818.133 	0.189 	-0.375 	-0.235 	
-2362.954 	936.706 	-1970.575 	-0.325 	0.122 	-0.247 	
-1382.925 	-519.493 	-843.290 	-0.205 	-0.063 	-0.111 	
2739.947 	3319.529 	-1726.089 	0.333 	0.434 	-0.219 	
1235.904 	-2092.557 	-1847.288 	0.137 	-0.266 	-0.242 	
-2246.073 	2594.604 	-2867.356 	-0.311 	0.328 	-0.373 	
-916.675 	-1567.744 	-1281.654 	-0.131 	-0.202 	-0.164 	
-49.520 	-502.995 	922.481 	-0.035 	-0.067 	0.118 	
-41.902 	55.733 	128.474 	-0.029 	0.009 	0.015 	
1188.619 	3432.304 	-274.282 	0.138 	0.444 	-0.035 	
1232.309 	-1992.409 	-964.934 	0.144 	-0.256 	-0.122 	
1978.889 	1384.817 	1118.402 	0.231 	0.178 	0.143 	
-2690.285 	-389.934 	1795.792 	-0.369 	-0.044 	0.227 	
-903.137 	2172.853 	1954.916 	-0.136 	0.287 	0.256 	
-2309.845 	1384.187 	2403.469 	-0.327 	0.178 	0.308 	
-1048.814 	-624.880 	-1313.785 	-0.153 	-0.076 	-0.165 	
-2142.668 	-1505.840 	-1167.159 	-0.292 	-0.198 	-0.150 	
-2201.357 	32.637 	296.034 	-0.304 	0.009 	0.035 	
-809.678 	-2728.806 	924.679 	-0.121 	-0.346 	0.122 	
822.039 	-384.600 	-99.400 	0.085 	-0.049 	-0.014 	
1700.896 	980.410 	1611.485 	0.204 	0.126 	0.202 	
-98.387 	-330.728 	-2858.297 	-0.040 	-0.040 	-0.365 	
-130.486 	-1507.726 	-1345.143 	-0.036 	-0.189 	-0.174 	
1425.201 	-224.067 	2790.991 	0.163 	-0.030 	0.358 	
304.428 	-867.780 	565.511 	0.012 	-0.112 	0.078 	
325.756 	-2710.171 	2982.222 	0.022 	-0.345 	0.386 	
968.353 	590.426 	1388.450 	0.103 	0.078 	0.178 	
154.105 	-2539.630 	-308.848 	-0.009 	-0.326 	-0.040 	
64.492 	-2513.811 	-1341.765 	-0.019 	-0.321 	-0.174 	
-2817.054 	-2457.253 	-200.779 	-0.385 	-0.311 	-0.025 	
-2872.609 	-1963.174 	-876.703 	-0.398 	-0.253 	-0.112 	
2740.910 	-2754.539 	-743.755 	0.337 	-0.357 	-0.100 	
-717.787 	-1289.248 	-1534.072 	-0.117 	-0.171 	-0.199 	
-796.384 	-476.476 	218.460 	-0.131 	-0.063 	0.029 	
-1142.892 	2407.614 	-1690.848 	-0.166 	0.313 	-0.220 	
-1443.278 	1141.735 	995.577 	-0.211 	0.151 	0.125 	
-695.165 	915.892 	-1604.673 	-0.117 	0.120 	-0.206 	
-2603.548 	-1965.348 	1317.478 	-0.353 	-0.250 	0.169 	
1446.196 	-2195.883 	-522.386 	0.169 	-0.281 	-0.063 	
2212.314 	628.094 	2347.733 	0.258 	0.083 	0.301 	
-2720.032 	1702.761 	2190.340 	-0.368 	0.219 	0.279 	
-1427.985 	785.881 	921.634 	-0.213 	0.101 	0.117 	
-1730.813 	-2373.187 	3401.858 	-0.242 	-0.300 	0.440 	
-1880.277 	-1784.955 	260.232 	-0.264 	-0.232 	0.039 	
-2052.343 	307.665 	-2363.376 	-0.284 	0.038 	-0.306 	
2594.204 	23.994 	-2493.672 	0.319 	0.001 	-0.319 	
459.302 	1125.434 	2788.770 	0.041 	0.148 	0.356 	
-1902.001 	1596.511 	1431.376 	-0.263 	0.203 	0.181 	
-1071.144 	1636.646 	2173.814 	-0.153 	0.209 	0.280 	
-2922.759 	2486.660 	481.316 	-0.399 	0.327 	0.064 	
-879.037 	-1112.730 	-1310.814 	-0.132 	-0.149 	-0.163 	
-1151.125 	-2461.359 	659.631 	-0.171 	-0.315 	0.091 	
3175.904 	2801.676 	-2093.351 	0.395 	0.363 	-0.270 	
159.167 	-2123.844 	-2068.360 	0.004 	-0.273 	-0.271 	
-1803.047 	-2859.373 	-2442.292 	-0.255 	-0.374 	-0.312 	
979.344 	3564.324 	-1424.758 	0.101 	0.462 	-0.188 	
755.127 	-1835.451 	2550.691 	0.071 	-0.239 	0.329 	
3342.596 	-292.123 	-2085.667 	0.414 	-0.040 	-0.270 	
905.042 	-455.632 	533.227 	0.090 	-0.059 	0.068 	
656.028 	3127.611 	-1679.619 	0.059 	0.404 	-0.218 	
-2194.258 	-1235.770 	-1237.665 	-0.302 	-0.153 	-0.158 	
-1303.805 	2822.265 	-710.136 	-0.191 	0.356 	-0.089 	
-1195.008 	-600.165 	-2607.805 	-0.173 	-0.077 	-0.335 	
1369.694 	-3033.752 	-1368.659 	0.158 	-0.394 	-0.173 	
1984.639 	-793.329 	-30.127 	0.231 	-0.097 	0.000 	
3034.033 	40.727 	1884.064 	0.374 	0.005 	0.243 	
1610.697 	2344.042 	-3203.351 	0.193 	0.302 	-0.415 	
-2566.514 	944.973 	2056.831 	-0.346 	0.122 	0.263 	
-409.559 	4.037 	883.198 	-0.069 	0.001 	0.116 	
-1098.298 	2497.418 	2157.802 	-0.166 	0.323 	0.279 	
3308.639 	2742.558 	-615.035 	0.407 	0.355 	-0.081 	
-2898.967 	338.292 	2104.622 	-0.397 	0.038 	0.269 	
-3327.811 	830.782 	-2358.490 	-0.446 	0.109 	-0.305 	
-2212.475 	-1168.521 	-525.867 	-0.307 	-0.153 	-0.070 	
895.406 	992.886 	-1408.105 	0.088 	0.128 	-0.185 	
2326.260 	3178.563 	-2067.826 	0.280 	0.415 	-0.271 	
-2263.435 	1256.265 	-103.067 	-0.314 	0.156 	-0.015 	
403.869 	227.013 	633.105 	0.025 	0.025 	0.082 	
432.336 	-2500.448 	-1280.804 	0.027 	-0.322 	-0.166 	
-2608.446 	-380.101 	-1574.460 	-0.362 	-0.049 	-0.199 	
3367.097 	2153.294 	-2029.553 	0.419 	0.281 	-0.263 	
2189.195 	522.003 	1721.154 	0.262 	0.071 	0.216 	
749.844 	2793.058 	585.310 	0.073 	0.354 	0.074 	
921.554 	-782.228 	-1138.705 	0.092 	-0.103 	-0.141 	
2484.290 	2475.959 	-2162.224 	0.294 	0.321 	-0.279 	
3102.329 	761.735 	-936.946 	0.383 	0.099 	-0.120 	
-2043.718 	819.995 	-588.856 	-0.290 	0.100 	-0.072 	
-1421.952 	-2710.219 	-809.565 	-0.203 	-0.342 	-0.106 	
1551.761 	3354.880 	-3149.406 	0.177 	0.436 	-0.406 	
2856.487 	1201.284 	-804.503 	0.346 	0.159 	-0.103 	
-2330.611 	-1950.153 	-1888.348 	-0.325 	-0.252 	-0.238 	
-3097.419 	197.223 	1688.858 	-0.427 	0.027 	0.221 	
3184.830 	-1757.812 	2618.232 	0.395 	-0.226 	0.333 	
2377.634 	201.721 	1369.812 	0.278 	0.027 	0.177 	
703.952 	2443.492 	1925.720 	0.071 	0.319 	0.249 	
-3072.626 	2684.275 	-2160.770 	-0.423 	0.345 	-0.284 	
-2910.036 	264.201 	3050.985 	-0.390 	0.034 	0.394 	
2937.457 	-2210.634 	-1414.150 	0.357 	-0.291 	-0.184 	
-1494.134 	1282.920 	1336.183 	-0.222 	0.164 	0.174 	
1581.261 	2081.416 	846.896 	0.181 	0.267 	0.112 	
2358.280 	-416.886 	1192.703 	0.286 	-0.056 	0.155 	
2106.141 	1005.767 	1105.320 	0.245 	0.124 	0.138 	
-2391.212 	-659.734 	2859.929 	-0.326 	-0.085 	0.372 	
3124.614 	-2472.141 	1519.270 	0.384 	-0.317 	0.197 	
-813.596 	2177.054 	-2951.026 	-0.132 	0.280 	-0.381 	
-2779.211 	-2665.821 	4395.645 	-0.414 	-0.366 	0.615 	
510.434 	1722.115 	74.169 	0.048 	0.220 	0.009 	
754.993 	34.011 	440.625 	0.078 	0.006 	0.061 	
1202.700 	2471.901 	3019.176 	0.138 	0.324 	0.389 	
-2447.392 	397.121 	-219.670 	-0.340 	0.057 	-0.027 	
-3155.446 	948.223 	-2854.420 	-0.428 	0.124 	-0.365 	
1180.972 	1568.350 	473.940 	0.135 	0.202 	0.061 	
-944.457 	-2230.065 	802.777 	-0.146 	-0.290 	0.102 	
1674.248 	-591.359 	-1252.715 	0.201 	-0.078 	-0.160 	
-805.530 	-428.964 	2184.956 	-0.126 	-0.059 	0.277 	
-2631.994 	2333.359 	3112.751 	-0.359 	0.304 	0.406 	
1950.733 	-1593.473 	257.882 	0.232 	-0.203 	0.039 	
-2382.023 	-1466.853 	-797.400 	-0.333 	-0.187 	-0.103 	
212.326 	2435.417 	1345.252 	0.003 	0.312 	0.174 	
-1104.599 	-811.527 	-2931.059 	-0.157 	-0.105 	-0.375 	
-2155.838 	157.924 	-2465.157 	-0.306 	0.024 	-0.316 	
148.952 	1721.113 	200.455 	0.001 	0.224 	0.025 	
-1859.447 	-1537.345 	127.813 	-0.265 	-0.193 	0.022 	
-2752.280 	-2935.120 	3189.372 	-0.379 	-0.378 	0.417 	
722.791 	-21.860 	1060.952 	0.074 	-0.004 	0.137 	
3104.300 	1343.532 	-1154.836 	0.376 	0.171 	-0.147 	
3202.786 	-2206.498 	2262.205 	0.394 	-0.287 	0.293 	
-3295.889 	-1626.387 	-32.586 	-0.445 	-0.205 	-0.006 	
-1305.780 	498.654 	-2366.722 	-0.195 	0.065 	-0.300 	
74.263 	-217.846 	1493.719 	-0.017 	-0.025 	0.194 	
2335.451 	-1033.986 	-545.390 	0.271 	-0.136 	-0.070 	
390.973 	-53.934 	-2004.245 	0.032 	-0.007 	-0.258 	
3388.986 	-2784.266 	-3607.264 	0.418 	-0.358 	-0.471 	
-298.858 	-1824.987 	-698.926 	-0.058 	-0.228 	-0.095 	
-1600.445 	2564.327 	2767.104 	-0.225 	0.330 	0.355 	
2152.340 	373.198 	-2444.527 	0.251 	0.048 	-0.315 	
-1078.830 	2522.122 	1456.520 	-0.165 	0.325 	0.185 	
-2284.875 	-747.715 	-1292.556 	-0.319 	-0.095 	-0.171 	
109.113 	78.257 	718.874 	-0.012 	0.007 	0.086 	
-1164.309 	-1394.958 	1806.281 	-0.175 	-0.177 	0.233 	
-245.154 	1782.383 	669.627 	-0.054 	0.223 	0.089 	
672.296 	-506.375 	-1912.706 	0.059 	-0.068 	-0.243 	
-1233.278 	-1021.612 	2472.848 	-0.180 	-0.125 	0.319 	
3077.750 	-1057.575 	-3206.454 	0.377 	-0.141 	-0.412 	
3043.763 	-109.035 	-2721.672 	0.375 	-0.015 	-0.356 	
1443.053 	90.695 	2983.418 	0.157 	0.013 	0.383 	
-717.860 	-1735.406 	-1350.218 	-0.113 	-0.222 	-0.166 	
1102.712 	-3228.943 	2862.005 	0.121 	-0.409 	0.368 	
-2457.726 	-1262.774 	2831.032 	-0.333 	-0.163 	0.362 	
-1473.223 	-340.879 	-2605.757 	-0.212 	-0.041 	-0.333 	
-266.101 	2644.589 	208.148 	-0.061 	0.343 	0.031 	
1172.369 	1289.582 	-2718.136 	0.130 	0.164 	-0.349 	
1783.737 	1993.275 	-2624.063 	0.211 	0.261 	-0.339 	
-3274.057 	440.625 	1865.437 	-0.442 	0.058 	0.240 	
-2064.357 	-481.120 	2416.249 	-0.288 	-0.069 	0.309 	
-112.741 	1981.992 	1531.604 	-0.042 	0.255 	0.201 	
-385.182 	3069.639 	2804.635 	-0.065 	0.394 	0.362 	
-2079.420 	-999.457 	2949.268 	-0.294 	-0.130 	0.378 	
1770.642 	1744.644 	-888.765 	0.202 	0.223 	-0.111 	
-176.900 	-770.324 	916.968 	-0.051 	-0.094 	0.117 	
-2107.504 	2862.449 	-2615.372 	-0.294 	0.373 	-0.335 	
2736.332 	2320.060 	328.259 	0.338 	0.300 	0.043 	
2322.020 	2788.483 	1009.628 	0.285 	0.359 	0.132 	
-2890.962 	-2883.381 	-1496.476 	-0.400 	-0.375 	-0.193 	
2930.482 	-1859.710 	1862.352 	0.350 	-0.244 	0.241 	
-988.252 	-492.924 	454.482 	-0.141 	-0.064 	0.057 	
-2530.809 	700.425 	1281.537 	-0.354 	0.091 	0.163 	
-2874.126 	-1051.416 	286.453 	-0.399 	-0.135 	0.038 	
3108.914 	1711.013 	2637.746 	0.382 	0.219 	0.336 	
3232.797 	-1068.654 	-231.031 	0.395 	-0.137 	-0.033 	
759.951 	-2629.831 	-903.247 	0.083 	-0.337 	-0.116 	
-1744.757 	1384.710 	-939.796 	-0.241 	0.176 	-0.123 	
-452.848 	-2487.031 	-2787.105 	-0.087 	-0.321 	-0.360 	
-3509.500 	-1179.444 	2671.625 	-0.477 	-0.156 	0.340 	
-2460.344 	578.805 	1713.907 	-0.345 	0.074 	0.218 	
668.858 	-2406.547 	1441.879 	0.059 	-0.311 	0.189 	
-199.832 	-1681.462 	285.315 	-0.046 	-0.211 	0.039 	
-371.764 	-326.238 	-1024.771 	-0.063 	-0.041 	-0.130 	
347.556 	-1289.428 	773.348 	0.016 	-0.160 	0.099 	
-2219.589 	-1541.858 	125.267 	-0.305 	-0.200 	0.022 	
-3077.405 	1344.328 	-479.838 	-0.426 	0.174 	-0.059 	
-2390.887 	-2288.434 	-1943.378 	-0.330 	-0.298 	-0.250 	
3183.792 	-2952.332 	823.331 	0.394 	-0.384 	0.107 	
-1285.889 	2838.541 	967.773 	-0.190 	0.362 	0.130 	
-2325.799 	-945.364 	-119.446 	-0.316 	-0.128 	-0.014 	
3108.671 	-1027.921 	3005.794 	0.380 	-0.135 	0.391 	
571.549 	360.507 	2205.895 	0.055 	0.043 	0.287 	
944.939 	-621.609 	-2154.299 	0.097 	-0.083 	-0.272 	
-748.425 	1530.590 	72.047 	-0.121 	0.198 	0.008 	
3445.482 	3048.813 	1804.213 	0.421 	0.395 	0.230 	
-2296.182 	-1226.603 	4101.911 	-0.324 	-0.162 	0.539 	
-2538.258 	660.809 	-2044.400 	-0.343 	0.083 	-0.263 	
-1439.730 	-341.178 	1068.552 	-0.210 	-0.040 	0.136 	
3160.994 	-1461.296 	-2552.402 	0.382 	-0.188 	-0.328 	
-1826.313 	1247.692 	326.637 	-0.256 	0.159 	0.041 	
-893.099 	1913.582 	170.132 	-0.139 	0.240 	0.022 	
748.546 	463.261 	2768.536 	0.078 	0.066 	0.354 	
-919.927 	-1537.909 	1003.587 	-0.136 	-0.200 	0.130 	
-1735.593 	1777.332 	1385.742 	-0.241 	0.225 	0.182 	
1348.068 	1125.220 	871.512 	0.152 	0.142 	0.120 	
-406.685 	-174.775 	1135.119 	-0.079 	-0.020 	0.148 	
2788.353 	-1979.472 	2283.958 	0.334 	-0.253 	0.298 	
835.980 	2706.344 	-115.409 	0.090 	0.350 	-0.012 	
-1732.167 	1335.589 	1726.809 	-0.243 	0.176 	0.220 	
-3027.618 	-883.457 	-2601.588 	-0.409 	-0.110 	-0.336 	
2945.849 	1489.852 	1971.286 	0.356 	0.199 	0.252 	
1812.697 	-2100.250 	-1079.828 	0.218 	-0.269 	-0.139 	
-1386.602 	-243.183 	1904.324 	-0.201 	-0.028 	0.238 	
-202.556 	-1377.932 	3054.661 	-0.052 	-0.182 	0.387 	
-447.909 	-2538.021 	2706.250 	-0.081 	-0.332 	0.339 	
-3018.959 	2060.923 	-2179.012 	-0.408 	0.262 	-0.283 	
2302.649 	-613.732 	-419.730 	0.280 	-0.081 	-0.051 	
1036.223 	1448.133 	1568.797 	0.113 	0.192 	0.206 	
-793.676 	-1158.912 	-1668.777 	-0.124 	-0.155 	-0.209 	
-1235.400 	-632.063 	885.807 	-0.187 	-0.080 	0.115 	
-2363.543 	323.965 	472.253 	-0.318 	0.041 	0.062 	
2009.220 	-376.912 	-317.711 	0.234 	-0.052 	-0.040 	
1633.995 	-1385.395 	1819.399 	0.196 	-0.177 	0.237 	
-793.029 	-1381.611 	2071.918 	-0.130 	-0.181 	0.265 	
-3235.051 	13.730 	2284.308 	-0.440 	0.002 	0.293 	
-1804.643 	511.676 	722.162 	-0.260 	0.067 	0.094 	
2875.533 	-2140.168 	-80.877 	0.345 	-0.281 	-0.012 	
-571.018 	652.503 	-1651.766 	-0.098 	0.079 	-0.208 	
-956.867 	1147.153 	2906.479 	-0.140 	0.144 	0.375 	
2321.899 	-1996.335 	-653.153 	0.279 	-0.256 	-0.082 	
3172.217 	-388.211 	-1484.342 	0.391 	-0.052 	-0.187 	
2726.870 	2668.033 	3450.502 	0.328 	0.343 	0.446 	
2412.900 	-3216.226 	-1662.123 	0.289 	-0.413 	-0.209 	
2689.295 	932.769 	980.518 	0.329 	0.119 	0.124 	
3358.004 	-1824.465 	1047.697 	0.418 	-0.235 	0.136 	
397.814 	-2420.968 	1865.608 	0.031 	-0.305 	0.241 	
934.229 	305.495 	-2334.381 	0.105 	0.039 	-0.301 	
2891.531 	2097.389 	1528.931 	0.346 	0.272 	0.201 	
-952.002 	-616.924 	31.648 	-0.150 	-0.080 	0.007 	
-2192.315 	148.711 	-2250.206 	-0.306 	0.015 	-0.295 	
401.748 	1516.067 	1094.193 	0.026 	0.197 	0.146 	
-2141.896 	153.585 	2206.550 	-0.298 	0.027 	0.283 	
-1163.589 	-1100.823 	2845.716 	-0.174 	-0.149 	0.363 	
-3140.812 	1548.651 	860.352 	-0.431 	0.202 	0.112 	
-3185.249 	1531.090 	2622.319 	-0.426 	0.196 	0.340 	
-1072.416 	-432.313 	2269.118 	-0.161 	-0.052 	0.288 	
3160.205 	-2171.485 	-2595.397 	0.382 	-0.280 	-0.340 	
360.684 	-3159.215 	3175.169 	0.019 	-0.409 	0.409 	
-1644.678 	1668.328 	589.025 	-0.231 	0.214 	0.075 	
-2911.845 	1141.109 	2389.443 	-0.391 	0.146 	0.310 	
-2264.517 	-20.690 	1863.315 	-0.305 	-0.000 	0.240 	
109.373 	1455.891 	1913.249 	-0.014 	0.183 	0.247 	
679.396 	-955.894 	-320.542 	0.072 	-0.122 	-0.039 	
702.229 	417.626 	462.027 	0.066 	0.047 	0.059 	
-973.713 	-2355.517 	1100.556 	-0.142 	-0.307 	0.140 	
903.548 	-604.477 	984.318 	0.095 	-0.079 	0.123 	
2173.503 	860.176 	1724.113 	0.263 	0.112 	0.217 	
1304.412 	333.894 	-1822.801 	0.143 	0.043 	-0.234 	
632.049 	180.639 	-965.921 	0.058 	0.025 	-0.125 	
-3360.150 	-2376.047 	3256.669 	-0.459 	-0.308 	0.424 	
-2091.646 	2916.985 	1900.409 	-0.293 	0.373 	0.249 	
-1189.478 	-2744.525 	2292.535 	-0.173 	-0.351 	0.294 	
-594.858 	-679.651 	2148.404 	-0.099 	-0.093 	0.271 	
-917.079 	-576.189 	-744.605 	-0.147 	-0.076 	-0.098 	
3506.264 	1154.105 	3176.767 	0.435 	0.151 	0.409 	
-779.702 	-2812.027 	-2791.303 	-0.116 	-0.362 	-0.361 	
1371.652 	3286.671 	-443.365 	0.155 	0.428 	-0.060 	
944.292 	3368.366 	-3132.473 	0.105 	0.437 	-0.401 	
-479.929 	2205.223 	1253.294 	-0.082 	0.286 	0.162 	
-1210.478 	2044.571 	-320.992 	-0.178 	0.262 	-0.047 	
421.703 	1279.199 	-3584.629 	0.033 	0.162 	-0.468 	
-1313.526 	406.509 	-922.135 	-0.186 	0.054 	-0.116 	
-26.178 	254.821 	-2044.337 	-0.022 	0.032 	-0.267 	
2447.185 	1931.188 	-917.798 	0.300 	0.248 	-0.118 	
-3025.799 	2035.753 	-2050.110 	-0.414 	0.265 	-0.271 	
2966.365 	2924.921 	1825.923 	0.369 	0.376 	0.236 	
-2220.569 	1999.229 	2114.519 	-0.311 	0.255 	0.278 	
1024.281 	1070.523 	2303.418 	0.105 	0.133 	0.296 	
-3442.782 	2050.709 	-1815.928 	-0.469 	0.267 	-0.236 	
-1863.523 	2892.770 	-1028.664 	-0.258 	0.371 	-0.128 	
-1932.587 	1297.982 	986.376 	-0.265 	0.165 	0.132 	
-356.890 	-1054.866 	1557.896 	-0.078 	-0.137 	0.193 	
-26.305 	-1262.127 	-2759.908 	-0.025 	-0.155 	-0.355 	
-3078.268 	-934.891 	-1571.730 	-0.413 	-0.122 	-0.206 	
2099.812 	345.667 	-440.130 	0.251 	0.046 	-0.049 	
2319.052 	-45.202 	-303.994 	0.274 	-0.009 	-0.032 	
-1342.467 	-596.112 	2751.592 	-0.198 	-0.079 	0.351 	
2772.701 	-1897.051 	-1837.603 	0.338 	-0.240 	-0.241 	
1045.577 	-367.023 	1547.644 	0.110 	-0.045 	0.198 	
3337.538 	-2956.493 	-1809.534 	0.414 	-0.378 	-0.237 	
1010.790 	-2181.400 	305.600 	0.109 	-0.280 	0.035 	
-868.333 	-2793.164 	163.189 	-0.135 	-0.360 	0.021 	
890.692 	2673.602 	-381.711 	0.097 	0.338 	-0.048 	
1831.901 	-527.191 	-598.838 	0.212 	-0.062 	-0.074 	
-1222.094 	-443.927 	142.914 	-0.175 	-0.061 	0.021 	
-457.595 	2039.762 	-507.623 	-0.087 	0.264 	-0.065 	
1834.753 	-2422.483 	-3127.062 	0.220 	-0.315 	-0.408 	
-2643.533 	2249.267 	820.122 	-0.365 	0.289 	0.113 	
-600.828 	-1404.662 	2084.264 	-0.104 	-0.177 	0.262 	
1350.597 	1781.586 	-101.357 	0.145 	0.230 	-0.015 	
2126.981 	2851.309 	-2537.187 	0.251 	0.371 	-0.325 	
-2838.334 	486.262 	61.537 	-0.389 	0.057 	0.012 	
2108.473 	1643.674 	509.063 	0.249 	0.207 	0.070 	
-3360.071 	3112.258 	3212.359 	-0.459 	0.398 	0.417 	
508.915 	531.392 	1178.883 	0.048 	0.068 	0.147 	
1726.734 	-816.659 	-319.665 	0.197 	-0.108 	-0.038 	
2744.598 	1678.856 	2489.513 	0.327 	0.217 	0.320 	
-485.018 	-413.126 	-355.645 	-0.089 	-0.057 	-0.039 	
2847.551 	-2408.494 	-2409.848 	0.350 	-0.310 	-0.314 	
2298.643 	-78.294 	-1212.284 	0.275 	-0.009 	-0.157 	
-2810.125 	-2737.109 	-407.041 	-0.384 	-0.352 	-0.046 	
-2508.160 	2855.354 	2890.957 	-0.348 	0.374 	0.369 	
1851.562 	-3445.155 	2150.009 	0.216 	-0.451 	0.277 	
2039.882 	-2144.396 	-343.264 	0.240 	-0.275 	-0.039 	
3325.670 	-2947.450 	2910.054 	0.414 	-0.380 	0.374 	
-1369.564 	-561.380 	-1221.990 	-0.197 	-0.070 	-0.155 	
3586.685 	2912.993 	1865.265 	0.448 	0.379 	0.237 	
1657.514 	1451.277 	-1360.449 	0.185 	0.186 	-0.177 	
24.631 	2519.807 	-915.197 	-0.016 	0.328 	-0.115 	
-3480.713 	645.131 	-1250.235 	-0.475 	0.083 	-0.157 	
-3878.374 	2896.341 	4765.262 	-0.521 	0.378 	0.616 	
1165.293 	-611.092 	2567.443 	0.135 	-0.078 	0.328 	
-1659.084 	-680.896 	-896.544 	-0.241 	-0.086 	-0.113 	
-3116.621 	1231.773 	2504.167 	-0.417 	0.160 	0.321 	
-1480.194 	1536.740 	-1752.479 	-0.211 	0.198 	-0.232 	
-80.742 	369.518 	-572.756 	-0.026 	0.043 	-0.074 	
-2901.718 	-434.705 	-1484.021 	-0.399 	-0.054 	-0.191 	
59.655 	-913.058 	-498.579 	-0.014 	-0.122 	-0.066 	
3311.819 	-382.615 	-234.918 	0.406 	-0.049 	-0.035 	
-683.326 	849.255 	581.576 	-0.114 	0.107 	0.082 	
1338.964 	-2440.103 	-304.885 	0.144 	-0.313 	-0.042 	
2165.884 	-2854.170 	-1339.805 	0.260 	-0.366 	-0.178 	
-1740.917 	-1918.654 	1279.126 	-0.241 	-0.248 	0.164 	
-672.582 	1925.455 	2483.942 	-0.109 	0.244 	0.318 	
1670.581 	3191.646 	2123.658 	0.194 	0.418 	0.273 	
-3491.745 	1643.402 	-379.633 	-0.472 	0.217 	-0.051 	
-350.935 	70.571 	-2207.977 	-0.068 	0.005 	-0.282 	
-1568.703 	1093.682 	-2942.681 	-0.222 	0.136 	-0.376 	
-2880.745 	-891.116 	419.187 	-0.396 	-0.120 	0.054 	
1399.954 	1162.820 	1125.138 	0.159 	0.151 	0.139 	
656.336 	-659.316 	-2439.861 	0.058 	-0.087 	-0.312 	
566.908 	2313.936 	1172.571 	0.053 	0.296 	0.150 	
63.712 	894.805 	1666.604 	-0.015 	0.119 	0.212 	
-1389.231 	-2035.802 	2138.816 	-0.200 	-0.260 	0.278 	
-39.686 	-391.534 	-1091.686 	-0.030 	-0.051 	-0.136 	
-870.287 	3043.985 	1900.711 	-0.139 	0.387 	0.248 	
-1754.585 	702.260 	-207.111 	-0.244 	0.087 	-0.021 	
-2878.488 	-1708.051 	282.655 	-0.399 	-0.218 	0.036 	
2183.762 	-1201.499 	-3307.769 	0.263 	-0.154 	-0.429 	
-2756.154 	3677.287 	-1593.847 	-0.381 	0.481 	-0.204 	
-1300.571 	1449.246 	-3022.257 	-0.183 	0.188 	-0.389 	
2253.544 	-1428.995 	-499.592 	0.267 	-0.179 	-0.062 	
288.756 	644.155 	-549.259 	0.012 	0.086 	-0.071 	
-920.074 	2653.304 	-1282.166 	-0.144 	0.341 	-0.164 	
-764.973 	373.585 	2144.260 	-0.123 	0.051 	0.272 	
-2445.466 	-2359.459 	2877.459 	-0.343 	-0.301 	0.371 	
1501.189 	2188.971 	2033.966 	0.175 	0.276 	0.262 	
370.071 	2025.997 	2697.454 	0.030 	0.260 	0.350 	
1087.524 	1417.587 	-1745.620 	0.115 	0.176 	-0.224 	
1964.754 	1692.557 	-2893.465 	0.232 	0.218 	-0.376 	
217.680 	-1256.675 	-2483.397 	0.005 	-0.168 	-0.319 	
-2443.741 	1626.820 	-1114.277 	-0.342 	0.206 	-0.141 	
1549.456 	133.745 	-13.042 	0.180 	0.018 	0.001 	
-2664.540 	2608.449 	177.581 	-0.374 	0.335 	0.018 	
-1299.080 	-2443.026 	-1058.670 	-0.189 	-0.313 	-0.139 	
581.008 	-1586.203 	-2500.444 	0.046 	-0.206 	-0.322 	
-691.354 	-826.561 	1986.536 	-0.117 	-0.105 	0.256 	
-240.143 	-2957.750 	1349.541 	-0.051 	-0.382 	0.177 	
2068.179 	1530.048 	-2194.528 	0.251 	0.195 	-0.283 	
243.270 	1829.113 	-1730.098 	0.010 	0.239 	-0.227 	
-22.987 	2254.579 	-1911.025 	-0.030 	0.289 	-0.244 	
-1717.709 	2274.445 	-1320.516 	-0.238 	0.295 	-0.170 	
-3377.472 	-1232.313 	397.575 	-0.459 	-0.162 	0.056 	
-2048.461 	-938.828 	-1715.290 	-0.278 	-0.123 	-0.220 	
3507.622 	-2041.775 	2997.533 	0.432 	-0.263 	0.383 	
-3215.975 	1478.010 	-530.505 	-0.438 	0.194 	-0.067 	
-404.928 	-1083.710 	1589.446 	-0.073 	-0.136 	0.214 	
-906.185 	-1104.325 	-2248.042 	-0.134 	-0.143 	-0.283 	
-1427.829 	-3008.928 	2782.425 	-0.208 	-0.387 	0.357 	
-386.300 	-1104.712 	1580.216 	-0.081 	-0.136 	0.198 	
212.216 	-2975.083 	679.566 	0.009 	-0.386 	0.088 	
-1025.661 	-451.894 	200.099 	-0.161 	-0.062 	0.027 	
-1157.112 	-1035.923 	-1102.130 	-0.172 	-0.136 	-0.138 	
-766.413 	-1233.302 	1567.792 	-0.092 	-0.137 	0.163 	
1155.466 	-2712.374 	1668.829 	0.130 	-0.354 	0.214 	
-1903.226 	-553.694 	1688.115 	-0.261 	-0.075 	0.217 	
2991.456 	1578.938 	-2525.013 	0.371 	0.205 	-0.327 	
-517.799 	1691.657 	2952.574 	-0.090 	0.214 	0.376 	
1023.880 	2511.708 	1995.660 	0.116 	0.322 	0.256 	
1966.070 	2158.836 	1347.583 	0.237 	0.280 	0.174 	
1583.864 	-1817.784 	621.939 	0.182 	-0.229 	0.082 	
-1315.563 	-504.789 	-2111.784 	-0.195 	-0.061 	-0.266 	
-1868.632 	1964.021 	1152.341 	-0.256 	0.252 	0.152 	
313.821 	-1165.522 	1941.743 	0.013 	-0.151 	0.250 	
965.062 	-2239.486 	1620.001 	0.102 	-0.295 	0.210 	
-1000.613 	-2166.304 	201.402 	-0.154 	-0.271 	0.026 	
360.318 	-1942.363 	-402.581 	0.020 	-0.251 	-0.056 	
-281.611 	-1952.604 	-881.931 	-0.065 	-0.248 	-0.111 	
2582.645 	-452.047 	-2576.044 	0.312 	-0.058 	-0.330 	
1288.980 	684.417 	3060.058 	0.138 	0.090 	0.395 	
-2305.304 	1458.494 	1995.905 	-0.318 	0.189 	0.261 	
3300.485 	-1805.695 	3048.952 	0.410 	-0.231 	0.398 	
-2165.867 	1086.380 	474.530 	-0.296 	0.141 	0.058 	
183.799 	502.274 	2719.771 	0.002 	0.070 	0.347 	
-3396.778 	1506.967 	2062.567 	-0.460 	0.201 	0.266 	
-1221.397 	-2066.250 	603.686 	-0.181 	-0.271 	0.078 	
1575.395 	-315.255 	-1736.648 	0.185 	-0.037 	-0.225 	
-1192.777 	-2916.526 	3357.558 	-0.176 	-0.377 	0.439 	
-2680.919 	2597.285 	194.973 	-0.371 	0.335 	0.030 	
600.978 	-3096.443 	-2840.844 	0.055 	-0.396 	-0.364 	
-3373.130 	-811.434 	-3044.447 	-0.451 	-0.106 	-0.392 	
-1628.978 	2.964 	-1916.143 	-0.238 	-0.001 	-0.246 	
-2.965 	168.792 	-294.483 	-0.019 	0.019 	-0.038 	
-3390.230 	-834.804 	3196.892 	-0.461 	-0.113 	0.414 	
-1147.848 	-136.034 	-195.643 	-0.168 	-0.023 	-0.017 	
2919.586 	-1631.536 	1896.009 	0.356 	-0.215 	0.250 	
-3054.984 	-2372.778 	-2467.787 	-0.419 	-0.304 	-0.315 	
-2875.344 	854.108 	-24.847 	-0.384 	0.108 	-0.003 	
549.121 	1032.564 	-3035.699 	0.053 	0.137 	-0.393 	
-2121.800 	753.554 	1438.881 	-0.290 	0.091 	0.187 	
3092.065 	-3015.074 	2183.451 	0.373 	-0.393 	0.282 	
-984.447 	1817.148 	-2112.268 	-0.143 	0.230 	-0.273 	
-3398.738 	262.417 	1742.563 	-0.459 	0.033 	0.227 	
1289.018 	-2414.143 	2701.636 	0.141 	-0.311 	0.351 	
-3333.196 	2248.422 	-307.620 	-0.451 	0.289 	-0.043 	
-3124.570 	1339.668 	1088.395 	-0.419 	0.169 	0.146 	
496.137 	-2323.067 	631.286 	0.047 	-0.302 	0.081 	
-1197.096 	-2381.307 	1461.971 	-0.175 	-0.312 	0.192 	
671.101 	-1725.571 	-2842.845 	0.071 	-0.226 	-0.363 	
-2678.033 	-1596.314 	1422.252 	-0.365 	-0.202 	0.183 	
-3336.718 	-1250.831 	-1597.455 	-0.457 	-0.163 	-0.208 	
1772.360 	-2944.075 	-2750.937 	0.209 	-0.385 	-0.353 	
-3024.985 	-2005.672 	-2372.119 	-0.413 	-0.260 	-0.312 	
740.265 	-941.452 	-211.731 	0.073 	-0.120 	-0.026 	
1526.044 	2860.436 	1449.472 	0.173 	0.370 	0.183 	
2580.829 	735.674 	1759.824 	0.307 	0.093 	0.230 	
1366.481 	-1671.529 	-1942.560 	0.157 	-0.221 	-0.246 	
3278.767 	-2903.219 	2500.914 	0.399 	-0.375 	0.327 	
-3095.916 	-1428.453 	-546.278 	-0.423 	-0.184 	-0.072 	
-1863.714 	2948.568 	1428.462 	-0.267 	0.378 	0.189 	
-1032.292 	1834.963 	2680.700 	-0.157 	0.231 	0.348 	
1788.332 	517.906 	2385.877 	0.209 	0.068 	0.308 	
-526.563 	-2494.012 	2670.243 	-0.091 	-0.317 	0.343 	
-2526.235 	1688.962 	1166.945 	-0.344 	0.221 	0.149 	
1981.054 	2537.250 	236.666 	0.236 	0.330 	0.033 	
-1749.276 	-1249.450 	-1263.865 	-0.242 	-0.165 	-0.163 	
-401.185 	-2054.487 	2607.538 	-0.075 	-0.270 	0.332 	
2427.542 	404.853 	430.269 	0.290 	0.049 	0.062 	
-3104.171 	-3141.181 	2003.166 	-0.418 	-0.408 	0.257 	
-1174.066 	-1036.757 	-853.647 	-0.168 	-0.127 	-0.112 	
2318.060 	-2422.637 	688.674 	0.277 	-0.309 	0.093 	
-429.691 	1604.634 	853.588 	-0.081 	0.200 	0.108 	
-766.202 	-1306.282 	-323.428 	-0.124 	-0.163 	-0.044 	
1546.677 	170.787 	-1710.467 	0.175 	0.023 	-0.215 	
-2718.265 	2754.129 	1902.699 	-0.376 	0.358 	0.240 	
3098.413 	-2683.477 	368.931 	0.382 	-0.348 	0.052 	
2667.305 	-111.156 	2065.927 	0.326 	-0.015 	0.268 	
672.689 	2700.044 	-40.849 	0.061 	0.353 	-0.007 	
453.792 	740.157 	1712.703 	0.043 	0.091 	0.216 	
-3430.380 	2130.250 	2791.365 	-0.469 	0.272 	0.361 	
-2549.372 	-858.811 	1147.944 	-0.344 	-0.114 	0.149 	
2686.084 	531.296 	-723.066 	0.319 	0.067 	-0.095 	
-1800.262 	-584.550 	-2521.326 	-0.247 	-0.075 	-0.322 	
