## Las primeras 500 lineas corresponden a la esfera 1 
##las siguienets 500 lineas a la esfera 2
## Las primeras tres columnas corresponden a la posición en 'x', 'y' y 'z', las siguientes tres a las velocidades
-36.567 	-1983.622 	206.702 	-0.010 	-0.245 	0.028 	
655.958 	-613.193 	-12.307 	0.086 	-0.077 	-0.002 	
755.024 	2531.505 	1696.339 	0.098 	0.314 	0.206 	
-2393.408 	2645.123 	1747.187 	-0.303 	0.333 	0.221 	
-475.814 	-534.635 	2476.655 	-0.054 	-0.066 	0.314 	
2665.835 	1703.698 	3010.956 	0.342 	0.215 	0.374 	
2740.936 	-1369.750 	-2674.737 	0.345 	-0.169 	-0.336 	
-2576.576 	-1463.993 	951.998 	-0.321 	-0.178 	0.123 	
2227.666 	717.254 	1484.344 	0.276 	0.095 	0.185 	
850.009 	802.547 	1181.998 	0.105 	0.098 	0.151 	
2258.853 	-178.649 	124.742 	0.279 	-0.021 	0.013 	
-477.979 	-2059.119 	343.845 	-0.056 	-0.256 	0.045 	
471.711 	-1463.839 	223.795 	0.067 	-0.182 	0.029 	
1631.382 	2336.701 	2247.772 	0.198 	0.292 	0.279 	
-110.685 	1963.038 	-3144.163 	-0.015 	0.248 	-0.392 	
-1113.822 	-187.405 	13.916 	-0.139 	-0.018 	0.003 	
-1270.116 	2533.560 	-1038.648 	-0.162 	0.314 	-0.131 	
265.774 	1421.096 	-2841.304 	0.032 	0.171 	-0.358 	
-3736.139 	-2752.264 	-1577.990 	-0.474 	-0.342 	-0.200 	
1300.445 	-3225.072 	-2779.743 	0.158 	-0.406 	-0.349 	
319.673 	-2979.367 	3589.455 	0.042 	-0.367 	0.452 	
253.030 	1105.791 	3090.570 	0.030 	0.137 	0.380 	
-799.454 	-1399.971 	699.844 	-0.099 	-0.168 	0.085 	
-2601.044 	-2058.258 	939.101 	-0.321 	-0.253 	0.115 	
1832.936 	-1286.634 	2081.618 	0.234 	-0.161 	0.256 	
-1184.962 	-18.795 	2753.339 	-0.141 	-0.000 	0.341 	
220.652 	-1667.283 	-99.872 	0.032 	-0.204 	-0.010 	
720.998 	-3089.513 	2285.286 	0.088 	-0.392 	0.287 	
-2641.800 	2666.843 	697.713 	-0.326 	0.332 	0.088 	
-1477.925 	-2296.469 	1844.707 	-0.180 	-0.284 	0.233 	
-941.608 	-1594.480 	-2712.133 	-0.116 	-0.196 	-0.340 	
1284.345 	2121.934 	2583.657 	0.158 	0.261 	0.324 	
2598.757 	-975.457 	2405.286 	0.325 	-0.121 	0.302 	
-1658.488 	1769.643 	228.515 	-0.200 	0.220 	0.030 	
275.567 	-932.223 	-2935.199 	0.034 	-0.121 	-0.361 	
492.364 	-378.196 	322.371 	0.068 	-0.043 	0.041 	
-1255.058 	-2526.794 	-2900.365 	-0.158 	-0.314 	-0.369 	
-1199.591 	-3105.330 	2337.062 	-0.144 	-0.387 	0.292 	
-1193.473 	-269.892 	1686.218 	-0.151 	-0.031 	0.213 	
2012.607 	-3184.873 	2313.077 	0.251 	-0.399 	0.292 	
3445.833 	1251.468 	-141.433 	0.432 	0.150 	-0.019 	
617.900 	-778.252 	255.519 	0.080 	-0.092 	0.029 	
1287.845 	371.210 	2225.425 	0.149 	0.041 	0.271 	
-154.507 	-2204.002 	-1428.022 	-0.025 	-0.275 	-0.177 	
563.065 	-641.832 	2187.082 	0.075 	-0.081 	0.276 	
310.061 	565.519 	-1028.610 	0.044 	0.072 	-0.124 	
3307.676 	247.975 	50.887 	0.404 	0.021 	0.007 	
-780.624 	3086.931 	-820.500 	-0.098 	0.387 	-0.104 	
757.452 	-897.328 	-1180.151 	0.100 	-0.114 	-0.146 	
2865.638 	1867.214 	911.092 	0.360 	0.238 	0.114 	
-2613.511 	-983.310 	-2151.293 	-0.324 	-0.126 	-0.273 	
1487.330 	-253.983 	1481.673 	0.180 	-0.031 	0.180 	
3236.835 	-1486.085 	-3171.367 	0.411 	-0.192 	-0.398 	
-229.472 	2009.563 	54.349 	-0.022 	0.249 	0.011 	
-2333.034 	2499.803 	1828.710 	-0.295 	0.310 	0.227 	
-503.412 	-3026.116 	1550.298 	-0.060 	-0.382 	0.197 	
-1239.298 	-53.805 	-1914.103 	-0.148 	-0.009 	-0.242 	
135.420 	-2673.519 	-932.909 	0.022 	-0.334 	-0.118 	
-3132.868 	2248.821 	2683.635 	-0.394 	0.285 	0.339 	
1822.349 	2798.290 	1103.625 	0.230 	0.347 	0.133 	
-844.177 	3041.973 	800.463 	-0.111 	0.381 	0.099 	
1200.468 	1779.418 	-1052.364 	0.154 	0.219 	-0.130 	
-2433.826 	3274.322 	1293.285 	-0.311 	0.412 	0.163 	
2167.757 	641.358 	-1089.463 	0.271 	0.085 	-0.136 	
2630.961 	-3016.639 	-3050.522 	0.338 	-0.377 	-0.380 	
3752.687 	-1246.685 	-3126.510 	0.478 	-0.156 	-0.392 	
2402.755 	-1745.562 	-2725.070 	0.309 	-0.219 	-0.342 	
-3443.735 	3770.647 	-1095.573 	-0.435 	0.479 	-0.141 	
3731.364 	1735.051 	2236.038 	0.474 	0.218 	0.278 	
-533.515 	1046.572 	1343.728 	-0.067 	0.121 	0.169 	
2464.678 	886.129 	947.023 	0.313 	0.106 	0.115 	
1039.252 	-151.747 	1142.895 	0.136 	-0.016 	0.142 	
-57.745 	1923.222 	-3181.275 	-0.008 	0.239 	-0.396 	
-833.471 	-2402.542 	-962.145 	-0.106 	-0.300 	-0.118 	
-1475.606 	1239.102 	1934.138 	-0.191 	0.154 	0.239 	
1430.455 	-419.256 	-752.912 	0.178 	-0.052 	-0.085 	
-89.488 	-712.038 	-2239.567 	-0.012 	-0.083 	-0.280 	
2802.279 	1653.726 	-2650.631 	0.354 	0.208 	-0.337 	
349.451 	-599.323 	-1242.542 	0.041 	-0.072 	-0.158 	
-26.903 	-800.897 	2683.558 	0.000 	-0.103 	0.334 	
-497.476 	2450.720 	777.947 	-0.067 	0.301 	0.098 	
701.960 	-1282.849 	-865.630 	0.082 	-0.158 	-0.104 	
1580.237 	2032.608 	2621.040 	0.195 	0.257 	0.327 	
-680.268 	-2100.395 	2686.376 	-0.087 	-0.260 	0.339 	
2093.020 	-1090.038 	-520.788 	0.265 	-0.131 	-0.069 	
-1895.225 	-2668.633 	-2594.842 	-0.233 	-0.332 	-0.322 	
1989.506 	-638.825 	-1284.837 	0.250 	-0.078 	-0.174 	
-2090.690 	-2216.949 	2387.915 	-0.268 	-0.277 	0.300 	
-2843.856 	-2811.218 	1856.722 	-0.352 	-0.352 	0.235 	
-2572.386 	-1155.939 	-262.382 	-0.317 	-0.149 	-0.028 	
3395.584 	1576.642 	2397.720 	0.426 	0.204 	0.299 	
82.915 	1326.980 	2430.761 	0.009 	0.169 	0.304 	
250.383 	-592.414 	234.792 	0.035 	-0.077 	0.031 	
-390.459 	-2909.907 	-1186.120 	-0.045 	-0.367 	-0.144 	
2790.636 	-1842.683 	2766.445 	0.349 	-0.227 	0.345 	
-1044.122 	1805.180 	-2921.041 	-0.131 	0.227 	-0.356 	
2823.846 	699.148 	1804.375 	0.357 	0.086 	0.226 	
3036.445 	692.145 	-2004.238 	0.385 	0.087 	-0.250 	
3454.592 	2706.412 	426.462 	0.441 	0.337 	0.054 	
1846.030 	-1473.702 	1855.511 	0.225 	-0.188 	0.229 	
-2171.211 	2850.726 	1595.528 	-0.271 	0.352 	0.203 	
-3570.585 	-2550.895 	-1084.308 	-0.452 	-0.318 	-0.132 	
963.482 	-3321.862 	1905.983 	0.122 	-0.418 	0.238 	
-1437.675 	-313.416 	2526.003 	-0.178 	-0.034 	0.319 	
1824.129 	-772.792 	992.520 	0.234 	-0.097 	0.127 	
-3000.200 	1520.894 	2760.852 	-0.371 	0.191 	0.342 	
-2995.325 	-2078.249 	1975.160 	-0.380 	-0.258 	0.250 	
-3488.297 	3661.682 	-1481.114 	-0.441 	0.465 	-0.186 	
2173.051 	-1419.789 	122.670 	0.268 	-0.180 	0.020 	
3687.690 	-346.788 	-1157.528 	0.466 	-0.047 	-0.140 	
-888.650 	-321.048 	1811.811 	-0.109 	-0.042 	0.230 	
785.481 	-1086.366 	1628.026 	0.092 	-0.136 	0.204 	
1434.255 	-20.643 	517.537 	0.174 	-0.007 	0.062 	
-564.380 	3132.502 	-1127.628 	-0.074 	0.388 	-0.136 	
-2124.743 	2890.131 	2909.861 	-0.267 	0.362 	0.367 	
-316.287 	3110.197 	3007.068 	-0.037 	0.392 	0.376 	
943.871 	-3237.904 	-539.432 	0.117 	-0.405 	-0.061 	
-3419.528 	-1003.992 	3227.677 	-0.426 	-0.131 	0.403 	
2334.447 	-1433.224 	-1188.970 	0.291 	-0.184 	-0.143 	
-257.634 	2280.152 	436.336 	-0.038 	0.283 	0.057 	
-1585.126 	357.358 	2007.987 	-0.195 	0.045 	0.256 	
1829.223 	-2564.797 	-1149.660 	0.230 	-0.324 	-0.144 	
1477.082 	-441.569 	-2421.689 	0.184 	-0.048 	-0.303 	
2974.802 	-1361.894 	3069.288 	0.369 	-0.172 	0.385 	
-3287.599 	1108.127 	1624.889 	-0.416 	0.136 	0.202 	
922.966 	-384.119 	-1160.904 	0.110 	-0.044 	-0.141 	
-3389.219 	-2167.306 	-1272.550 	-0.423 	-0.270 	-0.155 	
-3615.178 	-3329.937 	1353.447 	-0.459 	-0.418 	0.168 	
-2631.875 	1366.883 	-3192.314 	-0.330 	0.173 	-0.395 	
-2789.453 	-2942.243 	1121.621 	-0.345 	-0.370 	0.140 	
-315.508 	-1952.344 	1544.597 	-0.044 	-0.242 	0.195 	
-773.680 	2506.777 	-1436.349 	-0.099 	0.315 	-0.183 	
-1967.839 	1614.630 	20.149 	-0.247 	0.198 	0.002 	
36.161 	913.871 	-2806.722 	0.000 	0.110 	-0.348 	
3478.987 	-3191.116 	301.593 	0.433 	-0.398 	0.034 	
-445.010 	-2487.469 	-1307.704 	-0.051 	-0.310 	-0.169 	
361.002 	-1941.544 	861.832 	0.041 	-0.242 	0.102 	
-2284.957 	-2960.994 	2324.465 	-0.281 	-0.374 	0.293 	
2724.345 	-1301.857 	-1348.349 	0.341 	-0.160 	-0.168 	
1208.546 	-2421.589 	743.022 	0.158 	-0.301 	0.096 	
-2327.957 	-1469.424 	-1864.150 	-0.286 	-0.186 	-0.233 	
3024.410 	-875.403 	-813.112 	0.372 	-0.106 	-0.102 	
-2077.777 	3119.870 	762.138 	-0.262 	0.387 	0.099 	
-2506.675 	-2620.217 	427.567 	-0.315 	-0.327 	0.057 	
-809.997 	950.593 	1157.642 	-0.105 	0.113 	0.144 	
1913.770 	-413.720 	2696.036 	0.238 	-0.051 	0.331 	
-1412.283 	-168.573 	-1134.337 	-0.173 	-0.015 	-0.142 	
-49.141 	1616.043 	2420.240 	-0.009 	0.200 	0.296 	
2905.854 	-2716.016 	-3167.074 	0.359 	-0.341 	-0.398 	
-229.429 	2244.476 	-1609.941 	-0.024 	0.276 	-0.202 	
2905.893 	-3142.370 	785.464 	0.365 	-0.392 	0.093 	
-2244.747 	-877.433 	1960.657 	-0.275 	-0.106 	0.244 	
769.674 	1722.471 	3360.625 	0.094 	0.210 	0.421 	
-3398.771 	-3329.524 	-1265.014 	-0.426 	-0.416 	-0.161 	
-2869.073 	-163.816 	-3229.779 	-0.360 	-0.017 	-0.405 	
-294.151 	-1355.381 	-1152.747 	-0.043 	-0.170 	-0.143 	
3204.849 	-719.540 	2299.454 	0.413 	-0.089 	0.283 	
-3020.182 	-1556.328 	2991.253 	-0.379 	-0.198 	0.373 	
-1462.343 	-2366.701 	3347.924 	-0.180 	-0.298 	0.422 	
356.646 	-2340.809 	1963.493 	0.044 	-0.294 	0.247 	
3263.267 	-2697.787 	2478.868 	0.416 	-0.339 	0.313 	
-1019.621 	600.693 	630.616 	-0.123 	0.077 	0.075 	
-1145.016 	-86.207 	1880.606 	-0.155 	-0.001 	0.247 	
1642.437 	244.588 	-112.183 	0.210 	0.033 	-0.009 	
168.240 	-1202.536 	649.578 	0.019 	-0.149 	0.078 	
-1239.282 	-30.326 	-414.445 	-0.157 	-0.003 	-0.047 	
-1148.467 	1856.663 	-1636.286 	-0.142 	0.232 	-0.205 	
3697.413 	-803.956 	-221.158 	0.465 	-0.107 	-0.027 	
1068.175 	-85.289 	-360.902 	0.134 	-0.016 	-0.039 	
1246.010 	-697.817 	-706.541 	0.150 	-0.091 	-0.082 	
-2084.367 	626.978 	3498.550 	-0.259 	0.078 	0.440 	
2032.763 	1341.126 	135.185 	0.262 	0.164 	0.018 	
-3018.631 	585.075 	1282.281 	-0.380 	0.070 	0.159 	
829.561 	-212.419 	-994.350 	0.101 	-0.032 	-0.125 	
-3487.427 	-1547.658 	2938.270 	-0.441 	-0.194 	0.367 	
-2715.688 	-1027.319 	-208.932 	-0.339 	-0.126 	-0.023 	
-1358.961 	-750.741 	-751.761 	-0.169 	-0.094 	-0.096 	
2116.314 	1886.370 	2650.332 	0.267 	0.237 	0.325 	
655.905 	-640.247 	2693.334 	0.084 	-0.079 	0.338 	
3169.957 	1981.606 	3425.848 	0.396 	0.253 	0.432 	
2733.722 	2494.034 	2757.047 	0.342 	0.314 	0.352 	
2939.175 	-2504.349 	-2549.581 	0.367 	-0.315 	-0.319 	
2167.803 	3045.997 	167.160 	0.278 	0.380 	0.020 	
-1522.102 	151.576 	858.055 	-0.193 	0.016 	0.112 	
-603.445 	242.874 	-1948.558 	-0.073 	0.033 	-0.248 	
-474.622 	1400.433 	1542.839 	-0.065 	0.174 	0.192 	
-3431.372 	-3041.005 	1880.878 	-0.431 	-0.377 	0.242 	
-1340.596 	1075.238 	-1213.450 	-0.167 	0.136 	-0.149 	
-931.556 	-2855.708 	-2188.896 	-0.117 	-0.354 	-0.275 	
-1560.741 	-2784.803 	-1678.512 	-0.189 	-0.347 	-0.210 	
254.639 	-3057.922 	-2520.319 	0.031 	-0.381 	-0.314 	
2728.921 	1094.515 	214.876 	0.348 	0.137 	0.030 	
3013.259 	-245.422 	-2097.052 	0.378 	-0.032 	-0.258 	
-1291.215 	462.906 	175.487 	-0.154 	0.056 	0.026 	
-1382.686 	1482.685 	808.341 	-0.179 	0.183 	0.102 	
3087.774 	-1413.308 	-28.263 	0.384 	-0.181 	-0.008 	
-1784.018 	1173.940 	-3219.564 	-0.225 	0.145 	-0.404 	
3187.986 	-236.492 	2041.276 	0.397 	-0.024 	0.258 	
695.536 	1084.050 	916.779 	0.094 	0.137 	0.118 	
1994.288 	-614.912 	-1288.701 	0.252 	-0.077 	-0.148 	
-1933.752 	2428.969 	566.067 	-0.241 	0.298 	0.073 	
5.300 	-2402.218 	1456.541 	0.006 	-0.294 	0.180 	
-289.196 	-255.295 	-2586.595 	-0.030 	-0.031 	-0.320 	
-948.215 	143.037 	542.739 	-0.120 	0.019 	0.069 	
-344.157 	-2743.253 	-2776.875 	-0.041 	-0.340 	-0.351 	
-727.094 	-1188.646 	2822.065 	-0.088 	-0.151 	0.344 	
3499.204 	-488.413 	-2510.019 	0.441 	-0.066 	-0.313 	
-740.788 	489.940 	-507.187 	-0.091 	0.059 	-0.060 	
2925.861 	-3029.008 	2792.745 	0.372 	-0.377 	0.350 	
-993.691 	-1032.887 	946.780 	-0.123 	-0.123 	0.117 	
-893.970 	-82.689 	2852.470 	-0.108 	-0.006 	0.355 	
692.680 	1499.157 	319.016 	0.094 	0.186 	0.041 	
-3174.276 	3292.372 	-2384.252 	-0.401 	0.413 	-0.299 	
211.009 	-832.215 	-3239.099 	0.034 	-0.102 	-0.405 	
-552.879 	-1661.548 	2024.551 	-0.067 	-0.200 	0.254 	
-1939.925 	-1517.814 	-1354.242 	-0.247 	-0.189 	-0.167 	
1748.835 	3155.331 	-2707.523 	0.221 	0.396 	-0.346 	
-1891.170 	238.379 	2016.833 	-0.242 	0.029 	0.251 	
-90.131 	436.781 	1516.592 	-0.015 	0.055 	0.184 	
-499.328 	-622.599 	989.075 	-0.052 	-0.085 	0.105 	
3025.957 	-767.648 	-1931.551 	0.378 	-0.102 	-0.244 	
3538.605 	-3327.614 	60.114 	0.442 	-0.417 	0.013 	
-2604.506 	-1918.810 	-148.317 	-0.331 	-0.241 	-0.020 	
100.475 	-2672.704 	717.996 	0.009 	-0.330 	0.093 	
-1265.703 	172.707 	2619.759 	-0.160 	0.017 	0.323 	
-1704.099 	3251.493 	147.356 	-0.208 	0.405 	0.022 	
-2382.165 	-2523.954 	1084.058 	-0.297 	-0.312 	0.134 	
2937.193 	-1193.973 	-2460.902 	0.370 	-0.148 	-0.312 	
-2093.545 	-3030.707 	1971.928 	-0.263 	-0.373 	0.247 	
-1424.528 	-56.425 	1197.180 	-0.177 	-0.013 	0.152 	
-1513.351 	318.607 	3089.606 	-0.189 	0.039 	0.389 	
-2713.315 	2009.900 	-472.010 	-0.337 	0.250 	-0.052 	
-2621.811 	903.633 	95.815 	-0.333 	0.113 	0.013 	
-955.798 	872.830 	-1584.358 	-0.118 	0.113 	-0.196 	
2862.963 	3641.872 	-3294.321 	0.358 	0.463 	-0.416 	
-2360.353 	1304.462 	1852.047 	-0.299 	0.163 	0.237 	
-2635.116 	-298.042 	-2779.583 	-0.325 	-0.039 	-0.348 	
1602.769 	-2249.479 	1035.512 	0.203 	-0.284 	0.124 	
2445.122 	2600.348 	-211.594 	0.314 	0.325 	-0.023 	
2709.257 	1418.975 	-3041.833 	0.337 	0.180 	-0.376 	
1782.471 	854.999 	-2033.580 	0.220 	0.105 	-0.247 	
-1323.264 	-2572.552 	-763.185 	-0.162 	-0.316 	-0.097 	
2486.164 	-1127.044 	255.114 	0.313 	-0.138 	0.025 	
-616.679 	2765.282 	688.916 	-0.044 	0.371 	0.096 	
727.516 	-1913.509 	2804.626 	0.092 	-0.237 	0.343 	
-1627.024 	1057.702 	-1272.517 	-0.203 	0.130 	-0.162 	
-2407.716 	-94.659 	1194.910 	-0.305 	-0.012 	0.153 	
2613.148 	-889.190 	2578.005 	0.332 	-0.113 	0.316 	
729.356 	-1929.012 	-2915.008 	0.096 	-0.243 	-0.358 	
3619.563 	606.009 	-2012.994 	0.459 	0.076 	-0.253 	
1224.880 	-759.502 	2553.442 	0.159 	-0.094 	0.318 	
-2111.639 	2817.956 	-620.457 	-0.256 	0.353 	-0.077 	
-1362.074 	-1318.294 	1146.647 	-0.171 	-0.164 	0.147 	
-1147.887 	-1479.661 	594.127 	-0.141 	-0.184 	0.082 	
3187.142 	51.999 	1420.717 	0.401 	0.012 	0.181 	
-2164.736 	211.353 	1999.919 	-0.271 	0.026 	0.257 	
-21.778 	1271.992 	-2430.323 	-0.008 	0.160 	-0.307 	
-2290.703 	-3020.334 	-3015.952 	-0.282 	-0.377 	-0.382 	
1635.968 	2584.204 	-1182.903 	0.202 	0.320 	-0.147 	
-3200.102 	1532.882 	1894.886 	-0.402 	0.192 	0.234 	
-3347.616 	209.697 	1278.059 	-0.423 	0.030 	0.160 	
1034.237 	-2679.807 	-2696.762 	0.127 	-0.338 	-0.332 	
-4475.259 	42.361 	-21.106 	-0.592 	-0.015 	-0.005 	
-3018.424 	-1230.634 	1614.212 	-0.375 	-0.155 	0.206 	
1833.277 	-709.289 	-2202.206 	0.227 	-0.089 	-0.280 	
930.626 	605.532 	412.008 	0.120 	0.076 	0.058 	
-93.533 	-1187.836 	751.046 	-0.015 	-0.152 	0.088 	
-3257.821 	277.220 	-1887.912 	-0.410 	0.032 	-0.240 	
2659.372 	-270.681 	3613.279 	0.336 	-0.032 	0.457 	
-640.550 	-1121.744 	1832.860 	-0.080 	-0.144 	0.223 	
1194.907 	-1897.467 	-738.849 	0.145 	-0.236 	-0.090 	
467.819 	-491.876 	505.894 	0.061 	-0.066 	0.059 	
-2879.234 	-3414.979 	-1708.942 	-0.362 	-0.431 	-0.213 	
1633.629 	-1526.270 	-2769.065 	0.204 	-0.185 	-0.342 	
697.954 	1007.827 	-706.553 	0.092 	0.146 	-0.087 	
-1300.379 	-364.742 	1087.501 	-0.161 	-0.039 	0.140 	
3672.099 	1822.203 	-292.175 	0.466 	0.226 	-0.038 	
819.002 	-399.494 	-1880.774 	0.100 	-0.050 	-0.237 	
-2650.396 	923.830 	-3307.932 	-0.330 	0.118 	-0.413 	
1277.194 	993.656 	1005.673 	0.164 	0.119 	0.130 	
3213.626 	230.104 	-2641.287 	0.397 	0.026 	-0.328 	
-1308.907 	436.955 	-1681.410 	-0.163 	0.058 	-0.213 	
-3266.547 	2952.264 	1245.563 	-0.414 	0.370 	0.157 	
127.395 	-2565.723 	-3058.821 	0.020 	-0.320 	-0.387 	
2303.063 	2911.866 	-1829.765 	0.290 	0.364 	-0.236 	
1656.321 	-1314.270 	361.225 	0.205 	-0.163 	0.051 	
1688.790 	-2816.827 	-2298.442 	0.209 	-0.350 	-0.293 	
1074.001 	-1324.060 	1860.943 	0.131 	-0.166 	0.232 	
1428.452 	-1413.964 	2269.333 	0.179 	-0.174 	0.284 	
2893.695 	3196.180 	-2839.408 	0.360 	0.402 	-0.361 	
2708.384 	-486.488 	1972.286 	0.342 	-0.057 	0.251 	
1176.270 	-765.537 	-658.939 	0.150 	-0.091 	-0.082 	
-1339.602 	-1232.899 	2437.923 	-0.171 	-0.152 	0.306 	
-1532.707 	-712.266 	2670.199 	-0.190 	-0.094 	0.333 	
624.157 	-1595.379 	-1025.814 	0.079 	-0.197 	-0.130 	
-2167.229 	-349.047 	-62.061 	-0.270 	-0.046 	-0.009 	
-367.136 	2743.547 	-3367.863 	-0.040 	0.347 	-0.422 	
-2585.385 	-843.375 	1717.454 	-0.328 	-0.105 	0.214 	
-118.949 	-2613.227 	2808.858 	-0.016 	-0.322 	0.355 	
-1261.229 	993.010 	2623.088 	-0.153 	0.127 	0.326 	
-368.279 	-120.182 	1857.720 	-0.049 	-0.017 	0.232 	
2351.199 	-1782.569 	7.904 	0.297 	-0.225 	-0.004 	
-141.524 	-1181.039 	785.159 	-0.006 	-0.145 	0.102 	
-660.487 	-1169.923 	2651.553 	-0.076 	-0.145 	0.333 	
-3319.727 	-930.891 	897.431 	-0.420 	-0.117 	0.113 	
-882.815 	-2177.185 	-473.422 	-0.115 	-0.269 	-0.059 	
933.291 	-3219.537 	1719.530 	0.114 	-0.408 	0.215 	
1159.378 	-2412.713 	-630.775 	0.143 	-0.302 	-0.075 	
1359.069 	-2964.606 	-341.427 	0.172 	-0.372 	-0.038 	
878.281 	127.483 	2682.231 	0.105 	0.013 	0.335 	
-2973.003 	1444.908 	194.246 	-0.373 	0.180 	0.023 	
-679.683 	717.149 	1366.556 	-0.079 	0.086 	0.168 	
-1164.887 	-1734.397 	2826.747 	-0.148 	-0.217 	0.358 	
-2446.644 	-2919.289 	2565.335 	-0.306 	-0.363 	0.327 	
1753.791 	1995.904 	-3061.762 	0.218 	0.248 	-0.380 	
-1039.559 	1825.572 	-2926.914 	-0.121 	0.228 	-0.369 	
-188.723 	-2488.326 	-2007.953 	-0.016 	-0.311 	-0.251 	
-37.998 	-194.787 	450.643 	0.003 	-0.029 	0.055 	
2174.308 	-1013.802 	555.442 	0.273 	-0.127 	0.065 	
1743.440 	1025.761 	-1892.397 	0.226 	0.128 	-0.235 	
-2129.717 	-2903.240 	1677.296 	-0.263 	-0.368 	0.207 	
3606.346 	-717.353 	-3273.897 	0.457 	-0.090 	-0.413 	
-528.742 	2324.902 	786.817 	-0.060 	0.293 	0.096 	
-1882.514 	2627.073 	-2276.284 	-0.237 	0.329 	-0.287 	
-2530.819 	1727.567 	-897.359 	-0.310 	0.215 	-0.112 	
-42.521 	859.452 	-319.821 	-0.009 	0.100 	-0.040 	
-2790.025 	1128.702 	237.458 	-0.343 	0.147 	0.028 	
-145.102 	-2439.488 	-1867.910 	-0.020 	-0.302 	-0.228 	
-2309.809 	-1323.448 	123.552 	-0.290 	-0.164 	0.010 	
1800.950 	1419.545 	-1819.656 	0.232 	0.178 	-0.225 	
-2242.427 	3183.917 	438.256 	-0.282 	0.395 	0.061 	
1645.801 	-289.535 	-2370.872 	0.208 	-0.035 	-0.296 	
-313.098 	247.851 	-657.252 	-0.036 	0.024 	-0.076 	
-3096.233 	-1624.530 	-2905.589 	-0.387 	-0.209 	-0.367 	
1426.139 	-600.938 	471.497 	0.175 	-0.076 	0.062 	
-2549.792 	-627.411 	2818.206 	-0.319 	-0.077 	0.354 	
2521.033 	-273.062 	2339.830 	0.316 	-0.037 	0.288 	
906.028 	-269.375 	-2152.411 	0.109 	-0.038 	-0.268 	
2627.708 	1062.049 	-208.248 	0.326 	0.134 	-0.029 	
1148.573 	546.896 	1910.361 	0.140 	0.071 	0.237 	
-231.113 	1463.267 	-2424.054 	-0.032 	0.183 	-0.300 	
3293.432 	-2399.434 	-1022.017 	0.419 	-0.300 	-0.125 	
-2961.349 	-2983.343 	3114.816 	-0.373 	-0.376 	0.390 	
-2566.452 	-1791.686 	-73.203 	-0.319 	-0.223 	-0.010 	
1961.572 	465.450 	677.075 	0.238 	0.058 	0.085 	
3236.586 	-800.844 	857.292 	0.405 	-0.097 	0.103 	
-2682.669 	1006.082 	1475.533 	-0.333 	0.129 	0.191 	
97.734 	-182.684 	37.957 	0.007 	-0.022 	0.008 	
-899.580 	-1875.366 	2607.243 	-0.106 	-0.232 	0.328 	
-343.528 	-1585.103 	-1238.908 	-0.039 	-0.200 	-0.150 	
3121.890 	-1256.164 	-2124.572 	0.390 	-0.162 	-0.264 	
348.621 	-1854.055 	-1749.308 	0.037 	-0.230 	-0.216 	
2438.440 	-2585.136 	3257.962 	0.310 	-0.320 	0.407 	
-3001.957 	-1209.253 	-1576.805 	-0.373 	-0.146 	-0.193 	
-2734.524 	-756.978 	-1026.578 	-0.346 	-0.099 	-0.127 	
441.442 	-688.359 	2493.057 	0.063 	-0.087 	0.310 	
1906.326 	-1849.550 	1387.531 	0.246 	-0.231 	0.170 	
-1732.940 	1391.379 	1474.502 	-0.222 	0.171 	0.186 	
-2961.420 	-1637.035 	2484.805 	-0.369 	-0.199 	0.312 	
-2324.770 	-22.480 	793.482 	-0.292 	-0.004 	0.103 	
-1867.950 	-2198.074 	341.932 	-0.230 	-0.272 	0.040 	
2959.727 	2788.687 	1866.118 	0.374 	0.343 	0.232 	
2945.431 	1627.169 	-564.850 	0.375 	0.206 	-0.072 	
-2805.540 	-2634.746 	713.452 	-0.350 	-0.328 	0.093 	
-2322.488 	694.495 	1317.877 	-0.293 	0.082 	0.166 	
-1867.321 	299.907 	1591.925 	-0.227 	0.041 	0.202 	
-1749.034 	-861.873 	-3351.084 	-0.220 	-0.111 	-0.424 	
-1630.835 	-1785.585 	-2584.106 	-0.206 	-0.227 	-0.326 	
3527.167 	3598.713 	-1683.032 	0.445 	0.456 	-0.209 	
3372.650 	1204.404 	-2716.388 	0.424 	0.148 	-0.345 	
-851.579 	-1421.960 	-924.329 	-0.106 	-0.181 	-0.113 	
-897.378 	-1375.557 	2194.095 	-0.110 	-0.178 	0.272 	
888.120 	-200.348 	356.123 	0.116 	-0.027 	0.041 	
1088.548 	330.956 	712.396 	0.138 	0.036 	0.087 	
-1947.825 	2047.389 	1960.265 	-0.248 	0.256 	0.245 	
-2192.979 	2608.188 	-3015.184 	-0.276 	0.323 	-0.377 	
-878.186 	-2005.639 	-3330.632 	-0.108 	-0.246 	-0.419 	
2665.204 	-1323.952 	-2067.798 	0.328 	-0.164 	-0.257 	
-39.597 	25.694 	-2059.006 	-0.004 	0.004 	-0.257 	
1045.084 	2595.108 	1100.222 	0.132 	0.328 	0.141 	
1722.449 	-263.312 	-24.784 	0.221 	-0.032 	-0.004 	
1370.090 	1551.005 	1894.715 	0.173 	0.191 	0.243 	
965.870 	-1286.514 	-1403.319 	0.125 	-0.159 	-0.171 	
3002.037 	-2414.019 	-2068.679 	0.384 	-0.303 	-0.259 	
960.824 	774.831 	-1984.148 	0.122 	0.097 	-0.249 	
-2135.228 	-2307.805 	-56.925 	-0.264 	-0.292 	-0.006 	
1773.940 	1131.669 	1450.854 	0.215 	0.139 	0.181 	
2547.459 	933.815 	328.683 	0.326 	0.112 	0.040 	
-230.652 	-2874.317 	2702.896 	-0.027 	-0.357 	0.344 	
248.446 	1068.403 	2711.044 	0.038 	0.133 	0.334 	
2444.858 	-118.300 	2621.876 	0.312 	-0.014 	0.326 	
2790.763 	1070.713 	-131.842 	0.346 	0.130 	-0.012 	
-1858.646 	-3537.873 	3513.543 	-0.231 	-0.445 	0.444 	
-3620.536 	-2949.341 	3253.433 	-0.457 	-0.368 	0.410 	
3414.887 	2752.625 	10.844 	0.434 	0.341 	0.001 	
3462.326 	686.667 	2943.262 	0.435 	0.080 	0.372 	
1279.921 	377.597 	2231.957 	0.161 	0.050 	0.281 	
-2249.314 	-363.781 	-2791.449 	-0.282 	-0.044 	-0.348 	
2464.510 	1237.961 	-1044.308 	0.316 	0.155 	-0.132 	
-824.299 	1687.117 	-2892.659 	-0.106 	0.208 	-0.358 	
1314.959 	1388.466 	-435.046 	0.163 	0.173 	-0.055 	
2004.051 	-1238.994 	-1736.167 	0.252 	-0.153 	-0.214 	
2676.627 	2524.649 	3130.534 	0.336 	0.321 	0.395 	
334.210 	2783.260 	-2011.440 	0.036 	0.346 	-0.250 	
-2858.356 	563.301 	1202.983 	-0.354 	0.074 	0.153 	
866.764 	-3078.324 	2107.197 	0.113 	-0.384 	0.259 	
1005.634 	-1239.496 	-319.474 	0.123 	-0.158 	-0.039 	
2466.510 	186.029 	-262.177 	0.308 	0.028 	-0.036 	
-1488.575 	1413.960 	-2202.493 	-0.183 	0.179 	-0.278 	
1560.638 	-2751.623 	1568.342 	0.192 	-0.347 	0.198 	
2699.800 	2709.519 	137.402 	0.343 	0.339 	0.020 	
1808.908 	-2926.396 	2699.615 	0.226 	-0.361 	0.338 	
3214.125 	-243.323 	697.233 	0.402 	-0.025 	0.090 	
3582.352 	2857.965 	1894.906 	0.447 	0.359 	0.239 	
970.093 	-2380.294 	1320.482 	0.128 	-0.299 	0.166 	
-1841.748 	-3290.765 	3075.446 	-0.232 	-0.416 	0.386 	
1390.271 	-656.892 	-695.648 	0.177 	-0.077 	-0.086 	
-245.180 	67.713 	516.012 	-0.033 	0.005 	0.061 	
-2884.232 	3625.585 	2936.842 	-0.366 	0.460 	0.367 	
176.059 	313.135 	2768.519 	0.029 	0.041 	0.342 	
-434.598 	2827.553 	2565.759 	-0.056 	0.358 	0.318 	
2393.137 	-2556.110 	2805.239 	0.305 	-0.325 	0.354 	
-2543.581 	-2676.557 	2739.117 	-0.320 	-0.329 	0.343 	
-2988.511 	-1915.288 	2255.214 	-0.375 	-0.237 	0.283 	
-2220.777 	2082.559 	1019.230 	-0.274 	0.264 	0.131 	
-498.110 	-3447.525 	655.976 	-0.055 	-0.431 	0.081 	
414.192 	-1635.791 	2341.650 	0.055 	-0.203 	0.293 	
-104.242 	320.141 	382.984 	-0.014 	0.035 	0.052 	
-2703.635 	-3060.057 	-2489.812 	-0.343 	-0.384 	-0.307 	
-1561.696 	-101.771 	1715.376 	-0.192 	-0.017 	0.213 	
2443.389 	919.258 	406.490 	0.302 	0.118 	0.053 	
1228.602 	-1747.785 	2283.337 	0.157 	-0.222 	0.289 	
-2519.678 	-1472.110 	-2143.671 	-0.313 	-0.181 	-0.266 	
109.750 	-1584.481 	-638.826 	0.009 	-0.221 	-0.078 	
3306.604 	235.937 	70.760 	0.413 	0.035 	0.014 	
-1577.945 	-2280.667 	-2105.728 	-0.195 	-0.287 	-0.259 	
2667.972 	-1630.595 	178.266 	0.338 	-0.201 	0.024 	
-833.592 	2262.519 	1982.449 	-0.099 	0.278 	0.247 	
547.262 	-815.143 	2826.092 	0.069 	-0.100 	0.349 	
2833.363 	-406.407 	1515.767 	0.356 	-0.053 	0.186 	
-871.478 	140.652 	-3402.432 	-0.106 	0.020 	-0.428 	
-1534.493 	-559.884 	-55.458 	-0.191 	-0.076 	-0.003 	
675.847 	2630.642 	1384.008 	0.082 	0.328 	0.175 	
-3000.663 	766.931 	-557.548 	-0.379 	0.093 	-0.072 	
1680.652 	-1659.631 	879.143 	0.207 	-0.203 	0.106 	
-612.493 	599.354 	-697.382 	-0.082 	0.071 	-0.087 	
2482.510 	-2640.655 	551.077 	0.311 	-0.331 	0.073 	
292.211 	-603.977 	927.526 	0.030 	-0.073 	0.114 	
3297.990 	-2679.745 	1093.656 	0.419 	-0.333 	0.136 	
-1504.432 	304.810 	-209.895 	-0.182 	0.037 	-0.025 	
-2567.168 	347.412 	2767.738 	-0.323 	0.050 	0.344 	
3402.847 	1312.724 	-320.735 	0.426 	0.159 	-0.033 	
-2035.666 	2578.493 	-1570.200 	-0.251 	0.326 	-0.193 	
-2012.619 	2490.326 	-920.100 	-0.245 	0.312 	-0.116 	
2437.023 	-780.032 	-333.138 	0.301 	-0.090 	-0.040 	
-2647.263 	596.830 	2510.398 	-0.328 	0.076 	0.314 	
2812.062 	-1624.643 	-3295.945 	0.360 	-0.200 	-0.412 	
-2337.513 	-3168.810 	-1745.066 	-0.292 	-0.394 	-0.218 	
-671.445 	-366.626 	2453.026 	-0.079 	-0.047 	0.302 	
-200.227 	-1639.331 	-252.239 	-0.026 	-0.203 	-0.038 	
-244.752 	-449.028 	1249.840 	-0.024 	-0.057 	0.160 	
2010.748 	886.707 	788.013 	0.257 	0.113 	0.102 	
1261.185 	-2591.129 	15.177 	0.163 	-0.318 	0.005 	
1776.898 	-2944.472 	-2869.689 	0.219 	-0.370 	-0.359 	
-1921.435 	2888.967 	-837.494 	-0.240 	0.358 	-0.107 	
-2418.164 	2726.867 	740.323 	-0.298 	0.345 	0.092 	
3.207 	-267.044 	-901.732 	0.002 	-0.035 	-0.115 	
-177.602 	-2580.164 	1932.095 	-0.014 	-0.321 	0.241 	
870.700 	-1023.918 	2947.232 	0.108 	-0.124 	0.372 	
2909.243 	2334.456 	-3048.943 	0.369 	0.298 	-0.384 	
60.101 	-1695.944 	-638.273 	0.007 	-0.211 	-0.074 	
3452.738 	2369.820 	-98.357 	0.439 	0.295 	-0.013 	
-1275.861 	1975.726 	-3529.609 	-0.154 	0.245 	-0.441 	
-112.188 	231.136 	-652.525 	-0.015 	0.024 	-0.083 	
-2649.722 	-664.127 	1151.254 	-0.324 	-0.085 	0.146 	
1533.546 	-436.872 	10.586 	0.190 	-0.061 	0.000 	
-969.632 	-659.182 	2740.832 	-0.123 	-0.082 	0.334 	
-536.651 	178.584 	-3401.001 	-0.066 	0.026 	-0.425 	
2584.326 	1079.482 	1204.580 	0.317 	0.136 	0.148 	
-2765.633 	-1741.855 	-3788.040 	-0.344 	-0.217 	-0.481 	
3083.885 	-630.153 	752.417 	0.383 	-0.075 	0.096 	
1920.586 	-3140.781 	475.637 	0.237 	-0.395 	0.063 	
1627.894 	2958.511 	-1989.443 	0.210 	0.366 	-0.247 	
2523.039 	797.169 	-2134.862 	0.313 	0.104 	-0.264 	
129.079 	-3518.884 	3012.551 	0.021 	-0.445 	0.376 	
1218.659 	-1061.688 	1035.637 	0.160 	-0.132 	0.128 	
133.921 	3318.991 	1522.514 	0.024 	0.415 	0.192 	
2732.746 	-1752.566 	-2074.092 	0.349 	-0.221 	-0.260 	
1360.319 	3090.677 	-138.795 	0.174 	0.387 	-0.012 	
1606.531 	905.344 	-987.899 	0.195 	0.114 	-0.122 	
2722.451 	3054.083 	-760.293 	0.338 	0.377 	-0.095 	
1523.828 	1635.459 	-1018.258 	0.199 	0.204 	-0.126 	
1133.735 	-884.944 	-440.338 	0.148 	-0.115 	-0.056 	
980.265 	-711.288 	1078.707 	0.123 	-0.088 	0.126 	
-904.214 	-2253.451 	-1401.085 	-0.117 	-0.282 	-0.170 	
-3254.057 	-1084.870 	2428.449 	-0.403 	-0.133 	0.303 	
-2779.140 	-2417.460 	-312.496 	-0.345 	-0.306 	-0.043 	
771.969 	2850.070 	1528.100 	0.095 	0.359 	0.190 	
-701.313 	-957.167 	1309.929 	-0.093 	-0.119 	0.163 	
1880.910 	-3142.895 	430.201 	0.243 	-0.393 	0.058 	
-3234.130 	-1312.631 	2015.033 	-0.421 	-0.163 	0.250 	
2313.321 	-2924.889 	-3060.569 	0.271 	-0.371 	-0.380 	
-3050.964 	-1238.683 	-2607.236 	-0.404 	-0.151 	-0.327 	
-1048.589 	-2863.499 	1415.993 	-0.148 	-0.354 	0.183 	
2059.794 	1615.438 	-430.817 	0.232 	0.197 	-0.056 	
-2059.285 	-2760.748 	1669.477 	-0.284 	-0.347 	0.212 	
3571.001 	-2846.698 	-2929.744 	0.429 	-0.361 	-0.370 	
2479.650 	-1948.257 	1741.320 	0.289 	-0.244 	0.223 	
-1169.909 	-1706.976 	-2881.108 	-0.173 	-0.210 	-0.359 	
1349.787 	1667.965 	-2291.265 	0.146 	0.208 	-0.290 	
2482.332 	1034.837 	328.671 	0.291 	0.130 	0.036 	
432.903 	100.488 	763.173 	0.024 	0.008 	0.094 	
-3271.672 	2920.143 	3141.156 	-0.435 	0.365 	0.391 	
1138.832 	-2367.499 	1227.025 	0.113 	-0.296 	0.154 	
1146.083 	3552.676 	3168.235 	0.123 	0.447 	0.392 	
-223.868 	2725.972 	1987.443 	-0.045 	0.341 	0.244 	
2214.618 	-969.959 	1313.958 	0.260 	-0.118 	0.167 	
696.431 	-3313.582 	3127.985 	0.060 	-0.414 	0.392 	
-456.391 	3110.738 	1123.882 	-0.077 	0.388 	0.146 	
1712.171 	-3139.725 	2825.448 	0.195 	-0.396 	0.351 	
501.443 	856.277 	1574.610 	0.039 	0.106 	0.198 	
-1370.255 	3185.154 	-3228.522 	-0.188 	0.397 	-0.403 	
846.083 	1086.220 	70.847 	0.091 	0.137 	0.010 	
2328.181 	197.620 	-401.532 	0.265 	0.028 	-0.053 	
-3675.819 	1249.314 	-1831.042 	-0.488 	0.157 	-0.229 	
273.094 	2452.999 	1500.951 	0.009 	0.310 	0.191 	
278.278 	-1126.195 	20.520 	0.015 	-0.144 	0.005 	
-389.051 	-2464.733 	-429.638 	-0.072 	-0.310 	-0.050 	
-2363.849 	-589.675 	-724.867 	-0.323 	-0.073 	-0.091 	
-1041.491 	1522.734 	-3207.965 	-0.147 	0.189 	-0.400 	
587.019 	1167.168 	-542.464 	0.058 	0.144 	-0.063 	
-1301.299 	3164.251 	986.200 	-0.180 	0.399 	0.127 	
-2271.955 	2263.759 	-2921.326 	-0.311 	0.283 	-0.369 	
33.211 	2927.703 	2385.266 	-0.019 	0.367 	0.294 	
913.159 	-3226.004 	2806.153 	0.092 	-0.401 	0.352 	
856.510 	-2674.353 	372.605 	0.089 	-0.330 	0.050 	
411.009 	-529.553 	-2536.191 	0.027 	-0.064 	-0.316 	
-2661.325 	894.482 	2963.212 	-0.358 	0.107 	0.374 	
-3528.123 	2004.064 	25.730 	-0.466 	0.244 	0.005 	
2785.063 	103.508 	-1998.506 	0.329 	0.013 	-0.245 	
-1594.139 	-1272.470 	-1862.306 	-0.219 	-0.154 	-0.235 	
-2415.367 	-1685.607 	-1017.336 	-0.318 	-0.205 	-0.127 	
1725.879 	-3009.219 	-1872.155 	0.189 	-0.375 	-0.235 	
-2437.673 	964.851 	-2027.449 	-0.325 	0.122 	-0.247 	
-1430.110 	-533.926 	-868.827 	-0.205 	-0.063 	-0.111 	
2816.643 	3419.260 	-1776.433 	0.333 	0.434 	-0.219 	
1267.443 	-2153.698 	-1902.942 	0.137 	-0.266 	-0.242 	
-2317.709 	2670.011 	-2953.205 	-0.311 	0.328 	-0.373 	
-946.897 	-1614.209 	-1319.485 	-0.131 	-0.202 	-0.164 	
-57.574 	-518.386 	949.640 	-0.035 	-0.067 	0.118 	
-48.497 	57.735 	131.993 	-0.029 	0.009 	0.015 	
1220.459 	3534.311 	-282.408 	0.138 	0.443 	-0.035 	
1265.340 	-2051.236 	-993.036 	0.144 	-0.256 	-0.122 	
2032.039 	1425.850 	1151.404 	0.231 	0.178 	0.143 	
-2775.097 	-399.959 	1848.042 	-0.369 	-0.044 	0.227 	
-934.389 	2238.794 	2013.675 	-0.136 	0.287 	0.255 	
-2385.037 	1425.236 	2474.232 	-0.327 	0.178 	0.308 	
-1084.071 	-642.307 	-1351.661 	-0.153 	-0.076 	-0.165 	
-2209.856 	-1551.473 	-1201.708 	-0.292 	-0.198 	-0.150 	
-2271.263 	34.710 	304.058 	-0.304 	0.009 	0.035 	
-837.503 	-2808.394 	952.834 	-0.121 	-0.346 	0.122 	
841.507 	-395.972 	-102.648 	0.085 	-0.049 	-0.014 	
1747.708 	1009.418 	1657.890 	0.204 	0.126 	0.202 	
-107.667 	-339.863 	-2942.313 	-0.040 	-0.040 	-0.365 	
-138.798 	-1551.207 	-1385.057 	-0.036 	-0.189 	-0.174 	
1462.680 	-230.974 	2873.406 	0.163 	-0.030 	0.358 	
307.205 	-893.630 	583.466 	0.012 	-0.112 	0.078 	
330.913 	-2789.603 	3071.074 	0.022 	-0.345 	0.386 	
992.019 	608.277 	1429.382 	0.103 	0.078 	0.178 	
152.125 	-2614.712 	-318.111 	-0.009 	-0.326 	-0.040 	
60.128 	-2587.572 	-1381.744 	-0.019 	-0.321 	-0.174 	
-2905.645 	-2528.782 	-206.484 	-0.385 	-0.311 	-0.025 	
-2964.243 	-2021.375 	-902.477 	-0.398 	-0.253 	-0.112 	
2818.357 	-2836.660 	-766.838 	0.337 	-0.357 	-0.100 	
-744.791 	-1328.495 	-1579.889 	-0.117 	-0.171 	-0.199 	
-826.521 	-491.031 	225.112 	-0.131 	-0.063 	0.029 	
-1181.147 	2479.665 	-1741.464 	-0.166 	0.313 	-0.220 	
-1491.740 	1176.406 	1024.263 	-0.211 	0.151 	0.125 	
-722.144 	943.599 	-1652.015 	-0.117 	0.120 	-0.206 	
-2684.632 	-2022.822 	1356.296 	-0.353 	-0.250 	0.169 	
1485.027 	-2260.520 	-536.970 	0.169 	-0.281 	-0.063 	
2271.595 	647.219 	2417.037 	0.258 	0.083 	0.301 	
-2804.744 	1753.075 	2254.417 	-0.368 	0.219 	0.279 	
-1476.919 	809.048 	948.649 	-0.213 	0.101 	0.117 	
-1786.556 	-2442.107 	3502.992 	-0.242 	-0.300 	0.440 	
-1941.102 	-1838.319 	269.175 	-0.264 	-0.232 	0.039 	
-2117.747 	316.410 	-2433.640 	-0.284 	0.038 	-0.305 	
2667.535 	24.269 	-2567.109 	0.319 	0.001 	-0.319 	
468.673 	1159.481 	2870.715 	0.041 	0.148 	0.356 	
-1962.537 	1643.096 	1472.927 	-0.263 	0.203 	0.181 	
-1106.317 	1684.797 	2238.114 	-0.153 	0.209 	0.280 	
-3014.611 	2561.924 	495.940 	-0.399 	0.327 	0.064 	
-909.407 	-1146.976 	-1348.236 	-0.132 	-0.149 	-0.163 	
-1190.360 	-2533.739 	680.608 	-0.171 	-0.315 	0.091 	
3266.812 	2885.256 	-2155.546 	0.395 	0.363 	-0.270 	
160.146 	-2186.601 	-2130.619 	0.004 	-0.273 	-0.271 	
-1861.583 	-2945.461 	-2514.137 	-0.254 	-0.374 	-0.312 	
1002.645 	3670.652 	-1467.942 	0.101 	0.462 	-0.188 	
771.453 	-1890.325 	2626.368 	0.071 	-0.239 	0.329 	
3437.845 	-301.304 	-2147.770 	0.414 	-0.040 	-0.270 	
925.635 	-469.185 	548.828 	0.090 	-0.059 	0.068 	
669.638 	3220.568 	-1729.655 	0.059 	0.404 	-0.218 	
-2263.762 	-1270.902 	-1273.927 	-0.302 	-0.153 	-0.158 	
-1347.686 	2904.076 	-730.533 	-0.191 	0.356 	-0.089 	
-1234.689 	-617.781 	-2684.812 	-0.173 	-0.077 	-0.335 	
1406.102 	-3124.387 	-1408.350 	0.158 	-0.394 	-0.173 	
2037.686 	-815.680 	-30.080 	0.231 	-0.097 	0.000 	
3120.085 	41.903 	1939.991 	0.374 	0.005 	0.243 	
1655.036 	2413.416 	-3298.757 	0.193 	0.302 	-0.415 	
-2645.989 	973.123 	2117.285 	-0.346 	0.122 	0.263 	
-425.521 	4.318 	909.865 	-0.069 	0.001 	0.116 	
-1136.500 	2571.733 	2221.896 	-0.166 	0.323 	0.279 	
3402.224 	2824.090 	-633.594 	0.407 	0.354 	-0.081 	
-2990.181 	346.949 	2166.480 	-0.397 	0.038 	0.269 	
-3430.455 	855.889 	-2428.564 	-0.446 	0.109 	-0.305 	
-2283.169 	-1203.655 	-541.890 	-0.307 	-0.153 	-0.070 	
915.695 	1022.209 	-1450.607 	0.088 	0.127 	-0.185 	
2390.709 	3273.917 	-2130.090 	0.280 	0.415 	-0.271 	
-2335.623 	1292.256 	-106.611 	-0.314 	0.156 	-0.015 	
409.577 	232.812 	651.859 	0.025 	0.025 	0.082 	
438.533 	-2574.464 	-1318.916 	0.027 	-0.322 	-0.166 	
-2691.809 	-391.361 	-1620.162 	-0.362 	-0.049 	-0.199 	
3463.460 	2217.880 	-2090.120 	0.419 	0.281 	-0.263 	
2249.539 	538.424 	1770.806 	0.262 	0.071 	0.216 	
766.551 	2874.575 	602.413 	0.073 	0.354 	0.074 	
942.784 	-805.985 	-1171.163 	0.092 	-0.103 	-0.141 	
2551.890 	2549.735 	-2226.400 	0.294 	0.321 	-0.279 	
3190.522 	784.511 	-964.567 	0.383 	0.099 	-0.120 	
-2110.492 	842.950 	-605.434 	-0.290 	0.100 	-0.072 	
-1468.666 	-2788.873 	-833.926 	-0.203 	-0.342 	-0.106 	
1592.511 	3455.090 	-3242.786 	0.177 	0.436 	-0.406 	
2936.165 	1237.758 	-828.238 	0.346 	0.159 	-0.103 	
-2405.372 	-2008.086 	-1943.194 	-0.325 	-0.252 	-0.238 	
-3195.629 	203.462 	1739.658 	-0.427 	0.027 	0.221 	
3275.581 	-1809.823 	2694.901 	0.395 	-0.226 	0.333 	
2441.547 	207.912 	1410.550 	0.278 	0.027 	0.177 	
720.381 	2516.792 	1982.883 	0.071 	0.319 	0.249 	
-3169.855 	2763.567 	-2226.001 	-0.423 	0.345 	-0.284 	
-2999.618 	272.073 	3141.584 	-0.389 	0.034 	0.394 	
3019.629 	-2277.477 	-1456.414 	0.357 	-0.291 	-0.184 	
-1545.209 	1320.695 	1376.247 	-0.222 	0.164 	0.174 	
1622.851 	2142.757 	872.637 	0.181 	0.267 	0.112 	
2423.997 	-429.651 	1228.241 	0.286 	-0.055 	0.155 	
2162.598 	1034.224 	1136.983 	0.245 	0.124 	0.138 	
-2466.223 	-679.336 	2945.468 	-0.326 	-0.085 	0.372 	
3212.881 	-2545.136 	1564.663 	0.384 	-0.317 	0.197 	
-844.012 	2241.399 	-3038.558 	-0.132 	0.280 	-0.381 	
-2874.442 	-2750.070 	4537.044 	-0.414 	-0.366 	0.615 	
521.364 	1772.721 	76.143 	0.048 	0.220 	0.009 	
773.029 	35.462 	454.628 	0.078 	0.006 	0.061 	
1234.513 	2546.331 	3108.566 	0.138 	0.324 	0.389 	
-2525.479 	410.182 	-225.772 	-0.339 	0.057 	-0.027 	
-3253.837 	976.680 	-2938.377 	-0.428 	0.124 	-0.365 	
1212.087 	1614.718 	487.971 	0.135 	0.202 	0.061 	
-978.128 	-2296.701 	826.158 	-0.146 	-0.290 	0.102 	
1720.447 	-609.297 	-1289.450 	0.201 	-0.078 	-0.160 	
-834.484 	-442.583 	2248.640 	-0.126 	-0.059 	0.277 	
-2714.513 	2403.341 	3206.164 	-0.359 	0.304 	0.406 	
2004.002 	-1640.263 	266.924 	0.232 	-0.203 	0.039 	
-2458.673 	-1509.875 	-821.024 	-0.333 	-0.187 	-0.103 	
213.110 	2507.116 	1385.192 	0.003 	0.312 	0.174 	
-1140.714 	-835.623 	-3017.338 	-0.157 	-0.105 	-0.375 	
-2226.128 	163.426 	-2537.776 	-0.306 	0.024 	-0.316 	
149.195 	1772.683 	206.219 	0.001 	0.224 	0.025 	
-1920.322 	-1581.769 	132.891 	-0.265 	-0.193 	0.022 	
-2839.501 	-3022.130 	3285.247 	-0.379 	-0.378 	0.417 	
739.729 	-22.859 	1092.524 	0.074 	-0.004 	0.137 	
3190.712 	1382.881 	-1188.620 	0.376 	0.171 	-0.147 	
3293.457 	-2272.462 	2329.502 	0.394 	-0.287 	0.293 	
-3398.296 	-1673.480 	-33.890 	-0.445 	-0.205 	-0.006 	
-1350.648 	513.525 	-2435.645 	-0.195 	0.065 	-0.300 	
70.304 	-223.585 	1538.435 	-0.017 	-0.025 	0.194 	
2397.779 	-1065.154 	-561.457 	0.271 	-0.136 	-0.070 	
398.301 	-55.531 	-2063.689 	0.032 	-0.007 	-0.258 	
3485.049 	-2866.527 	-3715.637 	0.418 	-0.358 	-0.471 	
-312.174 	-1877.499 	-720.784 	-0.058 	-0.228 	-0.095 	
-1652.224 	2640.195 	2848.765 	-0.225 	0.330 	0.355 	
2209.957 	384.182 	-2517.063 	0.250 	0.048 	-0.315 	
-1116.862 	2596.834 	1499.059 	-0.165 	0.325 	0.185 	
-2358.350 	-769.453 	-1331.984 	-0.319 	-0.095 	-0.171 	
106.466 	79.944 	738.646 	-0.012 	0.007 	0.086 	
-1204.522 	-1435.610 	1859.758 	-0.175 	-0.177 	0.233 	
-257.485 	1833.555 	690.038 	-0.054 	0.222 	0.089 	
685.776 	-522.052 	-1968.535 	0.059 	-0.068 	-0.243 	
-1274.561 	-1050.281 	2546.134 	-0.179 	-0.125 	0.319 	
3164.438 	-1090.043 	-3301.207 	0.377 	-0.141 	-0.412 	
3130.073 	-112.490 	-2803.548 	0.375 	-0.015 	-0.356 	
1479.273 	93.787 	3071.536 	0.157 	0.013 	0.383 	
-743.861 	-1786.383 	-1388.410 	-0.113 	-0.222 	-0.166 	
1130.504 	-3323.023 	2946.660 	0.121 	-0.409 	0.368 	
-2534.388 	-1300.247 	2914.376 	-0.333 	-0.163 	0.362 	
-1521.971 	-350.420 	-2682.297 	-0.212 	-0.041 	-0.333 	
-280.179 	2723.375 	215.320 	-0.061 	0.343 	0.031 	
1202.235 	1327.186 	-2798.405 	0.130 	0.163 	-0.349 	
1832.294 	2053.224 	-2702.041 	0.211 	0.261 	-0.339 	
-3375.611 	453.910 	1920.662 	-0.442 	0.058 	0.240 	
-2130.576 	-497.087 	2487.360 	-0.288 	-0.069 	0.309 	
-122.513 	2040.590 	1577.908 	-0.042 	0.255 	0.201 	
-400.157 	3160.326 	2888.001 	-0.065 	0.394 	0.362 	
-2147.104 	-1029.324 	3036.156 	-0.294 	-0.130 	0.378 	
1817.092 	1796.011 	-914.379 	0.202 	0.223 	-0.111 	
-188.601 	-792.019 	943.938 	-0.051 	-0.094 	0.117 	
-2175.177 	2948.307 	-2692.336 	-0.294 	0.373 	-0.335 	
2813.997 	2388.982 	338.077 	0.338 	0.300 	0.043 	
2387.472 	2870.949 	1039.911 	0.285 	0.359 	0.132 	
-2982.856 	-2969.570 	-1540.912 	-0.400 	-0.375 	-0.193 	
3011.041 	-1915.854 	1917.701 	0.350 	-0.244 	0.241 	
-1020.726 	-507.545 	467.517 	-0.141 	-0.064 	0.057 	
-2612.131 	721.292 	1319.028 	-0.354 	0.091 	0.163 	
-2965.787 	-1082.544 	295.126 	-0.399 	-0.135 	0.038 	
3196.700 	1761.283 	2714.920 	0.382 	0.219 	0.336 	
3323.555 	-1100.228 	-238.599 	0.395 	-0.137 	-0.033 	
779.115 	-2707.305 	-929.939 	0.083 	-0.337 	-0.116 	
-1800.121 	1425.097 	-968.075 	-0.241 	0.176 	-0.123 	
-472.934 	-2560.843 	-2869.805 	-0.087 	-0.321 	-0.360 	
-3619.200 	-1215.384 	2749.742 	-0.477 	-0.156 	0.340 	
-2539.701 	595.929 	1764.079 	-0.345 	0.074 	0.218 	
682.408 	-2478.133 	1485.274 	0.059 	-0.311 	0.189 	
-210.497 	-1729.898 	294.346 	-0.046 	-0.211 	0.039 	
-386.169 	-335.684 	-1054.657 	-0.063 	-0.041 	-0.130 	
351.268 	-1326.326 	796.070 	0.016 	-0.160 	0.099 	
-2289.785 	-1587.748 	130.281 	-0.305 	-0.200 	0.022 	
-3175.440 	1384.393 	-493.314 	-0.426 	0.174 	-0.059 	
-2466.682 	-2356.909 	-2000.771 	-0.330 	-0.298 	-0.250 	
3274.314 	-3040.554 	847.857 	0.394 	-0.384 	0.107 	
-1329.521 	2921.785 	997.660 	-0.190 	0.362 	0.130 	
-2398.370 	-974.895 	-122.574 	-0.316 	-0.128 	-0.014 	
3195.978 	-1059.015 	3095.670 	0.380 	-0.135 	0.391 	
584.289 	370.396 	2271.792 	0.055 	0.043 	0.286 	
967.158 	-640.737 	-2216.937 	0.097 	-0.083 	-0.272 	
-776.307 	1576.109 	73.820 	-0.121 	0.198 	0.008 	
3542.226 	3139.708 	1857.003 	0.421 	0.395 	0.230 	
-2370.678 	-1263.793 	4225.770 	-0.324 	-0.162 	0.538 	
-2617.233 	679.988 	-2104.998 	-0.343 	0.083 	-0.263 	
-1488.056 	-350.287 	1099.892 	-0.210 	-0.040 	0.136 	
3248.735 	-1504.466 	-2627.799 	0.381 	-0.188 	-0.328 	
-1885.167 	1284.253 	336.031 	-0.256 	0.159 	0.041 	
-925.058 	1968.764 	175.198 	-0.139 	0.240 	0.022 	
766.406 	478.359 	2849.876 	0.078 	0.066 	0.354 	
-951.238 	-1583.831 	1033.510 	-0.136 	-0.200 	0.130 	
-1791.056 	1828.964 	1427.558 	-0.241 	0.224 	0.182 	
1382.911 	1157.863 	899.180 	0.151 	0.142 	0.120 	
-424.832 	-179.484 	1169.219 	-0.079 	-0.020 	0.148 	
2865.143 	-2037.688 	2352.514 	0.334 	-0.253 	0.298 	
856.606 	2786.741 	-118.133 	0.090 	0.350 	-0.012 	
-1787.939 	1376.062 	1777.311 	-0.242 	0.176 	0.220 	
-3121.771 	-908.756 	-2678.811 	-0.409 	-0.110 	-0.336 	
3027.632 	1535.543 	2029.268 	0.356 	0.199 	0.252 	
1862.756 	-2162.053 	-1111.905 	0.218 	-0.269 	-0.139 	
-1432.922 	-249.715 	1958.980 	-0.201 	-0.028 	0.238 	
-214.421 	-1419.713 	3143.627 	-0.052 	-0.182 	0.387 	
-466.453 	-2614.347 	2784.235 	-0.081 	-0.332 	0.339 	
-3112.741 	2121.186 	-2244.100 	-0.408 	0.262 	-0.283 	
2367.067 	-632.305 	-431.493 	0.280 	-0.081 	-0.051 	
1062.134 	1492.309 	1616.110 	0.113 	0.192 	0.206 	
-822.196 	-1194.472 	-1716.952 	-0.124 	-0.155 	-0.209 	
-1278.308 	-650.506 	912.143 	-0.187 	-0.080 	0.115 	
-2436.664 	333.397 	486.605 	-0.318 	0.041 	0.062 	
2063.101 	-388.777 	-326.875 	0.234 	-0.052 	-0.040 	
1679.130 	-1426.024 	1873.855 	0.196 	-0.177 	0.237 	
-823.030 	-1423.149 	2132.895 	-0.130 	-0.181 	0.265 	
-3336.180 	14.245 	2351.777 	-0.440 	0.002 	0.293 	
-1864.522 	527.089 	743.674 	-0.260 	0.067 	0.094 	
2954.806 	-2204.776 	-83.691 	0.345 	-0.281 	-0.012 	
-593.455 	670.585 	-1699.518 	-0.098 	0.079 	-0.208 	
-989.017 	1180.321 	2992.662 	-0.140 	0.144 	0.375 	
2385.956 	-2055.278 	-671.951 	0.278 	-0.256 	-0.082 	
3262.166 	-400.197 	-1527.411 	0.391 	-0.052 	-0.187 	
2802.297 	2746.935 	3553.071 	0.328 	0.343 	0.446 	
2479.461 	-3311.134 	-1710.289 	0.289 	-0.413 	-0.209 	
2764.996 	960.109 	1008.936 	0.329 	0.119 	0.124 	
3454.088 	-1878.469 	1078.892 	0.418 	-0.235 	0.136 	
404.943 	-2491.196 	1921.146 	0.031 	-0.305 	0.241 	
958.362 	314.555 	-2403.526 	0.105 	0.039 	-0.301 	
2971.157 	2159.894 	1575.184 	0.346 	0.272 	0.201 	
-986.521 	-635.359 	33.205 	-0.150 	-0.080 	0.007 	
-2262.678 	152.123 	-2318.080 	-0.306 	0.015 	-0.295 	
407.629 	1561.360 	1127.876 	0.026 	0.197 	0.146 	
-2210.349 	159.705 	2271.598 	-0.298 	0.027 	0.283 	
-1203.597 	-1135.123 	2929.102 	-0.174 	-0.149 	0.363 	
-3239.844 	1595.101 	886.187 	-0.431 	0.202 	0.112 	
-3283.168 	1576.121 	2700.482 	-0.426 	0.196 	0.340 	
-1109.385 	-444.166 	2335.360 	-0.161 	-0.052 	0.288 	
3248.078 	-2235.840 	-2673.657 	0.382 	-0.280 	-0.340 	
364.959 	-3253.275 	3269.192 	0.019 	-0.409 	0.409 	
-1697.726 	1717.645 	606.245 	-0.231 	0.214 	0.075 	
-3001.734 	1174.750 	2460.662 	-0.391 	0.146 	0.310 	
-2334.748 	-20.778 	1918.412 	-0.305 	-0.000 	0.240 	
106.150 	1497.983 	1970.007 	-0.014 	0.183 	0.247 	
695.869 	-984.003 	-329.566 	0.072 	-0.122 	-0.039 	
717.325 	428.384 	475.626 	0.066 	0.047 	0.059 	
-1006.321 	-2426.173 	1132.702 	-0.142 	-0.307 	0.140 	
925.466 	-622.684 	1012.508 	0.095 	-0.079 	0.123 	
2234.085 	885.953 	1773.912 	0.263 	0.112 	0.216 	
1337.287 	343.840 	-1876.688 	0.143 	0.043 	-0.234 	
645.480 	186.420 	-994.736 	0.058 	0.025 	-0.125 	
-3465.777 	-2446.842 	3354.223 	-0.459 	-0.308 	0.424 	
-2159.085 	3002.770 	1957.620 	-0.293 	0.373 	0.249 	
-1229.241 	-2825.289 	2360.205 	-0.173 	-0.351 	0.294 	
-617.724 	-701.093 	2210.756 	-0.099 	-0.093 	0.271 	
-950.797 	-593.716 	-767.251 	-0.147 	-0.076 	-0.098 	
3606.221 	1188.784 	3270.899 	0.435 	0.151 	0.409 	
-806.357 	-2895.236 	-2874.260 	-0.116 	-0.362 	-0.361 	
1407.402 	3385.041 	-457.180 	0.155 	0.428 	-0.060 	
968.517 	3468.759 	-3224.752 	0.105 	0.436 	-0.401 	
-498.840 	2270.955 	1290.618 	-0.082 	0.286 	0.162 	
-1251.467 	2104.716 	-331.766 	-0.178 	0.261 	-0.047 	
429.303 	1316.525 	-3692.261 	0.033 	0.162 	-0.468 	
-1356.294 	418.910 	-948.878 	-0.186 	0.054 	-0.116 	
-31.184 	262.218 	-2105.674 	-0.022 	0.032 	-0.267 	
2516.289 	1988.144 	-945.020 	0.300 	0.248 	-0.118 	
-3120.992 	2096.726 	-2112.388 	-0.414 	0.265 	-0.271 	
3051.213 	3011.448 	1880.301 	0.369 	0.376 	0.236 	
-2292.181 	2057.989 	2178.352 	-0.311 	0.255 	0.278 	
1048.392 	1101.052 	2371.530 	0.105 	0.133 	0.296 	
-3550.734 	2112.218 	-1870.295 	-0.469 	0.267 	-0.236 	
-1922.882 	2978.072 	-1058.093 	-0.258 	0.371 	-0.128 	
-1993.552 	1335.821 	1016.780 	-0.265 	0.165 	0.132 	
-374.929 	-1086.309 	1602.338 	-0.079 	-0.137 	0.193 	
-32.100 	-1297.880 	-2841.440 	-0.025 	-0.155 	-0.354 	
-3173.138 	-962.884 	-1619.143 	-0.412 	-0.122 	-0.206 	
2157.615 	356.212 	-451.390 	0.251 	0.046 	-0.049 	
2382.179 	-47.196 	-311.354 	0.274 	-0.009 	-0.032 	
-1388.001 	-614.316 	2832.257 	-0.198 	-0.079 	0.351 	
2850.425 	-1952.312 	-1892.994 	0.338 	-0.240 	-0.241 	
1070.803 	-377.340 	1593.247 	0.110 	-0.045 	0.198 	
3432.716 	-3043.326 	-1864.137 	0.414 	-0.378 	-0.237 	
1035.851 	-2245.681 	313.629 	0.109 	-0.279 	0.035 	
-899.449 	-2875.988 	167.985 	-0.135 	-0.360 	0.021 	
913.110 	2751.249 	-392.831 	0.097 	0.338 	-0.048 	
1880.666 	-541.468 	-615.969 	0.212 	-0.062 	-0.074 	
-1262.385 	-457.981 	147.841 	-0.175 	-0.061 	0.021 	
-477.599 	2100.578 	-522.529 	-0.087 	0.264 	-0.065 	
1885.428 	-2495.031 	-3220.835 	0.220 	-0.315 	-0.408 	
-2727.562 	2315.842 	846.067 	-0.365 	0.289 	0.113 	
-624.768 	-1445.446 	2144.462 	-0.104 	-0.177 	0.262 	
1384.016 	1834.405 	-104.756 	0.145 	0.230 	-0.015 	
2184.762 	2936.627 	-2612.004 	0.251 	0.371 	-0.325 	
-2927.695 	499.343 	64.197 	-0.388 	0.057 	0.012 	
2165.754 	1691.350 	525.232 	0.249 	0.207 	0.070 	
-3465.649 	3203.791 	3308.278 	-0.459 	0.398 	0.417 	
519.961 	546.951 	1212.656 	0.048 	0.068 	0.147 	
1772.114 	-841.541 	-328.371 	0.197 	-0.108 	-0.038 	
2819.906 	1728.767 	2563.135 	0.327 	0.217 	0.320 	
-505.426 	-426.140 	-364.670 	-0.089 	-0.057 	-0.039 	
2928.107 	-2479.806 	-2481.994 	0.350 	-0.310 	-0.314 	
2361.837 	-80.414 	-1248.484 	0.275 	-0.009 	-0.157 	
-2898.554 	-2818.035 	-417.612 	-0.384 	-0.352 	-0.046 	
-2588.105 	2941.460 	2975.904 	-0.348 	0.374 	0.369 	
1901.345 	-3548.870 	2213.642 	0.216 	-0.451 	0.277 	
2095.006 	-2207.619 	-352.222 	0.240 	-0.275 	-0.039 	
3420.845 	-3034.851 	2996.059 	0.414 	-0.380 	0.374 	
-1414.846 	-577.589 	-1257.548 	-0.197 	-0.070 	-0.155 	
3689.628 	3000.094 	1919.842 	0.448 	0.379 	0.237 	
1700.087 	1494.127 	-1401.118 	0.185 	0.186 	-0.177 	
20.863 	2595.142 	-941.704 	-0.016 	0.328 	-0.115 	
-3589.996 	664.202 	-1286.366 	-0.475 	0.083 	-0.157 	
-3998.281 	2983.244 	4906.990 	-0.521 	0.378 	0.616 	
1196.277 	-629.075 	2642.788 	0.135 	-0.078 	0.328 	
-1714.546 	-700.695 	-922.500 	-0.241 	-0.086 	-0.113 	
-3212.521 	1268.608 	2578.066 	-0.417 	0.160 	0.321 	
-1528.789 	1582.250 	-1805.869 	-0.211 	0.198 	-0.232 	
-86.835 	379.500 	-589.812 	-0.026 	0.043 	-0.074 	
-2993.562 	-447.143 	-1527.922 	-0.399 	-0.054 	-0.191 	
56.325 	-941.019 	-513.694 	-0.014 	-0.122 	-0.066 	
3405.255 	-394.000 	-243.053 	0.406 	-0.049 	-0.035 	
-709.651 	873.868 	600.365 	-0.114 	0.107 	0.082 	
1372.007 	-2512.027 	-314.606 	0.144 	-0.313 	-0.042 	
2225.615 	-2938.239 	-1380.745 	0.260 	-0.365 	-0.178 	
-1796.266 	-1975.720 	1316.735 	-0.241 	-0.248 	0.164 	
-697.714 	1981.545 	2557.115 	-0.109 	0.244 	0.318 	
1715.137 	3287.669 	2186.552 	0.194 	0.417 	0.273 	
-3600.393 	1693.357 	-391.411 	-0.472 	0.217 	-0.051 	
-366.677 	71.724 	-2272.761 	-0.068 	0.005 	-0.282 	
-1619.718 	1125.023 	-3029.108 	-0.222 	0.136 	-0.376 	
-2971.886 	-918.603 	431.605 	-0.396 	-0.120 	0.054 	
1436.604 	1197.619 	1157.103 	0.159 	0.151 	0.139 	
669.634 	-679.399 	-2511.613 	0.058 	-0.087 	-0.312 	
579.143 	2381.930 	1207.001 	0.053 	0.296 	0.150 	
60.187 	922.202 	1715.296 	-0.015 	0.119 	0.212 	
-1435.230 	-2095.622 	2202.664 	-0.200 	-0.260 	0.278 	
-46.538 	-403.317 	-1123.057 	-0.030 	-0.051 	-0.136 	
-902.225 	3132.931 	1957.755 	-0.139 	0.387 	0.248 	
-1810.787 	722.203 	-211.895 	-0.244 	0.087 	-0.021 	
-2970.275 	-1758.206 	290.983 	-0.399 	-0.218 	0.036 	
2244.347 	-1237.025 	-3406.388 	0.263 	-0.154 	-0.429 	
-2843.771 	3787.823 	-1640.662 	-0.381 	0.481 	-0.204 	
-1342.607 	1492.548 	-3111.777 	-0.183 	0.188 	-0.389 	
2314.973 	-1470.059 	-513.738 	0.267 	-0.179 	-0.061 	
291.591 	663.903 	-565.505 	0.012 	0.086 	-0.071 	
-953.109 	2731.800 	-1319.945 	-0.144 	0.341 	-0.164 	
-793.350 	385.409 	2206.829 	-0.123 	0.051 	0.272 	
-2524.421 	-2428.748 	2962.761 	-0.343 	-0.301 	0.371 	
1541.380 	2252.366 	2094.198 	0.175 	0.276 	0.262 	
376.993 	2085.726 	2777.968 	0.030 	0.260 	0.350 	
1113.947 	1458.071 	-1797.230 	0.115 	0.176 	-0.224 	
2018.226 	1742.596 	-2980.006 	0.232 	0.218 	-0.376 	
218.881 	-1295.215 	-2556.750 	0.005 	-0.168 	-0.319 	
-2522.497 	1674.140 	-1146.780 	-0.342 	0.206 	-0.141 	
1590.808 	137.997 	-12.873 	0.180 	0.018 	0.001 	
-2750.579 	2685.403 	181.926 	-0.374 	0.334 	0.019 	
-1342.622 	-2514.928 	-1090.560 	-0.189 	-0.313 	-0.139 	
591.565 	-1633.550 	-2574.555 	0.046 	-0.206 	-0.322 	
-718.268 	-850.804 	2045.509 	-0.117 	-0.105 	0.256 	
-251.900 	-3045.639 	1390.338 	-0.051 	-0.382 	0.177 	
2125.980 	1574.997 	-2259.552 	0.251 	0.195 	-0.283 	
245.636 	1884.054 	-1782.415 	0.010 	0.239 	-0.227 	
-29.802 	2320.999 	-1967.036 	-0.030 	0.289 	-0.244 	
-1772.513 	2342.187 	-1359.595 	-0.238 	0.295 	-0.170 	
-3483.009 	-1269.506 	410.342 	-0.459 	-0.162 	0.056 	
-2112.437 	-967.105 	-1765.796 	-0.278 	-0.123 	-0.220 	
3606.898 	-2102.249 	3085.699 	0.432 	-0.263 	0.383 	
-3316.788 	1522.587 	-545.853 	-0.438 	0.194 	-0.067 	
-421.508 	-1115.069 	1638.498 	-0.072 	-0.137 	0.213 	
-936.944 	-1137.197 	-2313.210 	-0.134 	-0.143 	-0.283 	
-1475.627 	-3097.823 	2864.504 	-0.208 	-0.386 	0.357 	
-405.082 	-1135.811 	1625.879 	-0.082 	-0.135 	0.199 	
214.236 	-3063.787 	699.821 	0.009 	-0.386 	0.088 	
-1062.730 	-466.039 	206.364 	-0.161 	-0.061 	0.027 	
-1196.770 	-1067.189 	-1133.811 	-0.172 	-0.136 	-0.138 	
-787.643 	-1264.708 	1605.374 	-0.092 	-0.137 	0.163 	
1185.412 	-2793.780 	1718.015 	0.130 	-0.354 	0.214 	
-1963.191 	-570.951 	1738.037 	-0.261 	-0.075 	0.217 	
3076.803 	1626.014 	-2600.215 	0.371 	0.205 	-0.327 	
-538.503 	1740.764 	3039.055 	-0.090 	0.213 	0.376 	
1050.578 	2585.658 	2054.522 	0.116 	0.322 	0.256 	
2020.669 	2223.271 	1387.667 	0.237 	0.280 	0.174 	
1625.808 	-1870.393 	640.789 	0.182 	-0.229 	0.082 	
-1360.411 	-518.754 	-2172.996 	-0.195 	-0.061 	-0.266 	
-1927.625 	2022.009 	1187.373 	-0.256 	0.252 	0.152 	
316.890 	-1200.342 	1999.239 	0.013 	-0.151 	0.250 	
988.514 	-2307.237 	1668.324 	0.102 	-0.295 	0.210 	
-1036.144 	-2228.551 	207.347 	-0.154 	-0.271 	0.026 	
364.850 	-2000.015 	-415.526 	0.020 	-0.251 	-0.056 	
-296.576 	-2009.568 	-907.548 	-0.065 	-0.248 	-0.111 	
2654.407 	-465.289 	-2652.025 	0.312 	-0.058 	-0.330 	
1320.684 	705.027 	3150.952 	0.138 	0.090 	0.395 	
-2378.365 	1501.953 	2055.920 	-0.318 	0.189 	0.261 	
3394.731 	-1858.741 	3140.503 	0.410 	-0.231 	0.398 	
-2233.947 	1118.753 	487.789 	-0.296 	0.141 	0.058 	
184.192 	518.391 	2799.559 	0.002 	0.070 	0.347 	
-3502.641 	1553.152 	2123.729 	-0.460 	0.201 	0.266 	
-1263.128 	-2128.585 	621.566 	-0.181 	-0.271 	0.078 	
1617.939 	-323.721 	-1788.504 	0.185 	-0.037 	-0.225 	
-1233.178 	-3003.233 	3458.563 	-0.176 	-0.377 	0.439 	
-2766.183 	2674.384 	201.736 	-0.370 	0.335 	0.029 	
613.693 	-3187.511 	-2924.647 	0.055 	-0.396 	-0.364 	
-3476.858 	-835.782 	-3134.581 	-0.451 	-0.106 	-0.392 	
-1683.655 	2.786 	-1972.714 	-0.238 	-0.001 	-0.246 	
-7.318 	173.191 	-303.178 	-0.019 	0.019 	-0.038 	
-3496.170 	-860.839 	3292.080 	-0.461 	-0.113 	0.414 	
-1186.521 	-141.338 	-199.527 	-0.168 	-0.023 	-0.017 	
3001.563 	-1680.945 	1953.416 	0.356 	-0.215 	0.250 	
-3151.280 	-2442.766 	-2540.311 	-0.419 	-0.304 	-0.315 	
-2963.693 	878.851 	-25.447 	-0.384 	0.108 	-0.003 	
561.343 	1064.067 	-3126.011 	0.053 	0.137 	-0.393 	
-2188.569 	774.558 	1481.982 	-0.290 	0.091 	0.187 	
3177.898 	-3105.472 	2248.424 	0.373 	-0.393 	0.282 	
-1017.364 	1869.988 	-2175.026 	-0.143 	0.230 	-0.273 	
-3504.329 	269.994 	1794.714 	-0.459 	0.033 	0.227 	
1321.545 	-2485.562 	2782.460 	0.141 	-0.311 	0.351 	
-3436.909 	2314.977 	-317.524 	-0.451 	0.289 	-0.043 	
-3220.937 	1378.611 	1121.885 	-0.419 	0.169 	0.146 	
507.040 	-2392.537 	649.991 	0.047 	-0.302 	0.081 	
-1237.367 	-2452.998 	1506.131 	-0.175 	-0.312 	0.192 	
687.320 	-1777.563 	-2926.277 	0.071 	-0.226 	-0.363 	
-2761.882 	-1642.786 	1464.271 	-0.365 	-0.202 	0.183 	
-3441.724 	-1288.382 	-1645.404 	-0.457 	-0.163 	-0.208 	
1820.407 	-3032.531 	-2832.149 	0.209 	-0.385 	-0.353 	
-3119.906 	-2065.470 	-2443.880 	-0.413 	-0.260 	-0.312 	
756.967 	-968.992 	-217.736 	0.073 	-0.120 	-0.026 	
1565.729 	2945.487 	1491.623 	0.173 	0.370 	0.183 	
2651.390 	757.049 	1812.702 	0.307 	0.093 	0.230 	
1402.650 	-1722.336 	-1999.092 	0.157 	-0.221 	-0.246 	
3370.437 	-2989.461 	2576.057 	0.399 	-0.375 	0.327 	
-3193.182 	-1470.741 	-562.815 	-0.423 	-0.184 	-0.072 	
-1925.149 	3035.505 	1471.997 	-0.267 	0.378 	0.189 	
-1068.350 	1888.063 	2760.740 	-0.157 	0.231 	0.348 	
1836.468 	533.512 	2456.643 	0.209 	0.068 	0.308 	
-547.510 	-2566.864 	2749.069 	-0.091 	-0.317 	0.343 	
-2605.445 	1739.828 	1201.237 	-0.344 	0.221 	0.149 	
2035.255 	2613.083 	244.237 	0.236 	0.330 	0.033 	
-1804.988 	-1287.422 	-1301.376 	-0.242 	-0.165 	-0.163 	
-418.546 	-2116.690 	2683.912 	-0.075 	-0.270 	0.332 	
2494.181 	416.143 	444.439 	0.290 	0.049 	0.062 	
-3200.288 	-3235.019 	2062.324 	-0.418 	-0.408 	0.257 	
-1212.615 	-1065.923 	-879.355 	-0.168 	-0.127 	-0.112 	
2381.806 	-2493.741 	710.009 	0.277 	-0.309 	0.093 	
-448.266 	1650.662 	878.497 	-0.081 	0.200 	0.108 	
-794.617 	-1343.662 	-333.550 	-0.124 	-0.163 	-0.044 	
1587.012 	175.973 	-1759.920 	0.175 	0.023 	-0.215 	
-2804.804 	2836.396 	1957.836 	-0.376 	0.358 	0.240 	
3186.215 	-2763.452 	380.892 	0.382 	-0.348 	0.052 	
2742.390 	-114.553 	2127.531 	0.326 	-0.015 	0.268 	
686.737 	2781.140 	-42.470 	0.061 	0.353 	-0.007 	
463.687 	761.114 	1762.476 	0.043 	0.091 	0.216 	
-3538.222 	2192.768 	2874.330 	-0.469 	0.272 	0.361 	
-2628.506 	-885.134 	1182.252 	-0.344 	-0.114 	0.149 	
2759.405 	546.691 	-744.953 	0.319 	0.067 	-0.095 	
-1857.069 	-601.803 	-2595.462 	-0.247 	-0.075 	-0.322 	
