## Las primeras 500 lineas corresponden a la esfera 1 
##las siguienets 500 lineas a la esfera 2
## Las primeras tres columnas corresponden a la posición en 'x', 'y' y 'z', las siguientes tres a las velocidades
-38.468 	-2031.315 	212.104 	-0.010 	-0.245 	0.028 	
672.686 	-628.223 	-12.728 	0.086 	-0.077 	-0.002 	
774.209 	2592.710 	1736.508 	0.098 	0.314 	0.206 	
-2452.521 	2710.026 	1790.297 	-0.303 	0.333 	0.221 	
-486.308 	-547.495 	2537.800 	-0.054 	-0.066 	0.314 	
2732.471 	1745.564 	3083.962 	0.342 	0.215 	0.374 	
2808.136 	-1402.679 	-2740.313 	0.345 	-0.169 	-0.336 	
-2639.132 	-1498.612 	976.008 	-0.321 	-0.178 	0.123 	
2281.570 	735.854 	1520.501 	0.276 	0.095 	0.185 	
870.457 	821.673 	1211.501 	0.105 	0.098 	0.151 	
2313.169 	-182.795 	127.369 	0.279 	-0.021 	0.013 	
-488.846 	-2109.002 	352.653 	-0.056 	-0.256 	0.045 	
484.705 	-1499.233 	229.364 	0.067 	-0.181 	0.029 	
1670.062 	2393.641 	2302.204 	0.198 	0.292 	0.279 	
-113.637 	2011.411 	-3220.699 	-0.015 	0.248 	-0.393 	
-1140.939 	-190.916 	14.563 	-0.139 	-0.018 	0.003 	
-1301.711 	2594.700 	-1064.214 	-0.162 	0.314 	-0.131 	
271.930 	1454.461 	-2911.125 	0.032 	0.171 	-0.358 	
-3828.521 	-2818.883 	-1616.930 	-0.474 	-0.342 	-0.200 	
1331.229 	-3304.145 	-2847.763 	0.158 	-0.405 	-0.349 	
327.912 	-3050.983 	3677.591 	0.042 	-0.367 	0.452 	
258.791 	1132.463 	3164.719 	0.030 	0.137 	0.380 	
-818.839 	-1432.782 	716.359 	-0.099 	-0.168 	0.085 	
-2663.666 	-2107.649 	961.461 	-0.321 	-0.253 	0.115 	
1878.516 	-1317.945 	2131.514 	0.234 	-0.161 	0.256 	
-1212.519 	-18.892 	2819.827 	-0.141 	-0.000 	0.341 	
226.880 	-1706.995 	-101.866 	0.032 	-0.204 	-0.010 	
738.154 	-3165.927 	2341.152 	0.088 	-0.392 	0.286 	
-2705.286 	2731.618 	714.871 	-0.326 	0.332 	0.088 	
-1513.039 	-2351.899 	1890.134 	-0.180 	-0.284 	0.233 	
-964.211 	-1632.738 	-2778.348 	-0.116 	-0.196 	-0.340 	
1315.228 	2172.813 	2646.759 	0.158 	0.261 	0.324 	
2662.153 	-999.145 	2464.253 	0.325 	-0.121 	0.302 	
-1697.396 	1812.443 	234.323 	-0.200 	0.219 	0.030 	
282.133 	-955.823 	-3005.530 	0.034 	-0.121 	-0.361 	
505.717 	-386.582 	330.376 	0.068 	-0.043 	0.041 	
-1285.832 	-2587.934 	-2972.305 	-0.158 	-0.314 	-0.369 	
-1227.576 	-3180.795 	2394.080 	-0.144 	-0.387 	0.292 	
-1222.967 	-275.986 	1727.688 	-0.151 	-0.031 	0.213 	
2061.549 	-3262.591 	2369.948 	0.251 	-0.399 	0.292 	
3529.991 	1280.638 	-145.198 	0.432 	0.150 	-0.019 	
633.425 	-796.106 	261.111 	0.080 	-0.092 	0.029 	
1316.612 	379.591 	2278.584 	0.146 	0.045 	0.274 	
-159.382 	-2257.649 	-1462.580 	-0.025 	-0.275 	-0.177 	
577.756 	-657.607 	2240.986 	0.075 	-0.081 	0.276 	
318.595 	579.589 	-1052.749 	0.044 	0.072 	-0.124 	
3386.430 	252.064 	52.427 	0.404 	0.021 	0.009 	
-799.640 	3162.461 	-840.807 	-0.098 	0.387 	-0.104 	
776.906 	-919.512 	-1208.523 	0.100 	-0.114 	-0.145 	
2935.744 	1913.657 	933.270 	0.360 	0.238 	0.114 	
-2676.623 	-1007.873 	-2204.476 	-0.324 	-0.126 	-0.273 	
1522.455 	-260.055 	1516.849 	0.180 	-0.031 	0.180 	
3316.911 	-1523.466 	-3248.893 	0.411 	-0.192 	-0.398 	
-233.810 	2058.087 	56.501 	-0.022 	0.249 	0.011 	
-2390.628 	2560.307 	1873.057 	-0.295 	0.310 	0.227 	
-515.038 	-3100.627 	1588.740 	-0.060 	-0.382 	0.197 	
-1268.234 	-55.566 	-1961.260 	-0.148 	-0.009 	-0.242 	
139.741 	-2738.619 	-955.944 	0.022 	-0.334 	-0.118 	
-3209.730 	2304.360 	2749.808 	-0.394 	0.285 	0.339 	
1867.161 	2865.898 	1129.610 	0.230 	0.347 	0.133 	
-865.915 	3116.351 	819.813 	-0.111 	0.381 	0.099 	
1230.528 	1822.122 	-1077.687 	0.154 	0.219 	-0.130 	
-2494.381 	3354.673 	1325.108 	-0.311 	0.412 	0.163 	
2220.640 	658.018 	-1115.903 	0.271 	0.085 	-0.136 	
2696.793 	-3090.191 	-3124.559 	0.338 	-0.377 	-0.380 	
3845.840 	-1277.013 	-3202.979 	0.478 	-0.156 	-0.392 	
2463.079 	-1788.248 	-2791.713 	0.309 	-0.219 	-0.342 	
-3528.517 	3864.022 	-1122.979 	-0.435 	0.479 	-0.141 	
3823.835 	1777.628 	2290.281 	0.474 	0.218 	0.278 	
-546.501 	1070.091 	1376.649 	-0.067 	0.121 	0.169 	
2525.652 	906.782 	969.510 	0.313 	0.106 	0.115 	
1065.802 	-154.770 	1170.629 	0.136 	-0.016 	0.142 	
-59.388 	1969.761 	-3258.419 	-0.008 	0.239 	-0.396 	
-854.104 	-2460.988 	-985.157 	-0.106 	-0.300 	-0.118 	
-1512.856 	1269.075 	1980.832 	-0.191 	0.154 	0.239 	
1465.145 	-429.342 	-769.531 	0.178 	-0.052 	-0.085 	
-91.915 	-728.134 	-2294.155 	-0.012 	-0.083 	-0.280 	
2871.246 	1694.258 	-2716.374 	0.354 	0.208 	-0.337 	
357.402 	-613.331 	-1273.264 	0.041 	-0.072 	-0.158 	
-26.897 	-820.963 	2748.669 	0.000 	-0.103 	0.334 	
-510.610 	2509.316 	797.137 	-0.067 	0.300 	0.098 	
717.931 	-1313.573 	-885.850 	0.082 	-0.158 	-0.104 	
1618.344 	2082.710 	2684.804 	0.195 	0.257 	0.327 	
-697.305 	-2151.021 	2752.407 	-0.087 	-0.260 	0.339 	
2144.727 	-1115.548 	-534.339 	0.265 	-0.131 	-0.069 	
-1940.664 	-2733.407 	-2657.582 	-0.233 	-0.332 	-0.322 	
2038.287 	-653.905 	-1318.859 	0.250 	-0.077 	-0.174 	
-2142.925 	-2270.982 	2446.389 	-0.268 	-0.277 	0.300 	
-2912.407 	-2879.940 	1902.510 	-0.352 	-0.352 	0.235 	
-2634.184 	-1184.945 	-267.811 	-0.317 	-0.149 	-0.028 	
3478.557 	1616.489 	2456.041 	0.425 	0.204 	0.299 	
84.641 	1359.909 	2490.117 	0.009 	0.169 	0.304 	
257.231 	-607.484 	240.795 	0.035 	-0.077 	0.031 	
-399.226 	-2981.441 	-1214.263 	-0.045 	-0.367 	-0.144 	
2858.655 	-1886.916 	2833.707 	0.349 	-0.227 	0.345 	
-1069.657 	1849.548 	-2990.451 	-0.131 	0.228 	-0.356 	
2893.506 	715.906 	1848.368 	0.357 	0.086 	0.226 	
3111.610 	709.081 	-2053.009 	0.385 	0.087 	-0.250 	
3540.518 	2772.203 	436.956 	0.441 	0.337 	0.054 	
1889.884 	-1510.399 	1900.217 	0.225 	-0.188 	0.229 	
-2224.104 	2919.288 	1635.081 	-0.271 	0.352 	0.203 	
-3658.717 	-2612.985 	-1109.956 	-0.452 	-0.318 	-0.132 	
987.221 	-3403.373 	1952.352 	0.122 	-0.418 	0.238 	
-1472.407 	-320.086 	2588.226 	-0.178 	-0.034 	0.319 	
1869.853 	-791.630 	1017.251 	0.234 	-0.097 	0.127 	
-3072.535 	1558.121 	2827.629 	-0.371 	0.191 	0.342 	
-3069.376 	-2128.499 	2023.917 	-0.380 	-0.258 	0.250 	
-3574.272 	3752.272 	-1517.337 	-0.441 	0.465 	-0.186 	
2225.390 	-1454.928 	126.606 	0.268 	-0.180 	0.020 	
3778.635 	-355.989 	-1184.767 	0.466 	-0.047 	-0.140 	
-909.874 	-329.243 	1856.566 	-0.109 	-0.042 	0.230 	
803.366 	-1112.947 	1667.727 	0.092 	-0.136 	0.204 	
1468.240 	-21.981 	529.545 	0.174 	-0.007 	0.062 	
-578.798 	3208.177 	-1154.197 	-0.074 	0.388 	-0.136 	
-2176.902 	2960.782 	2981.408 	-0.267 	0.362 	0.367 	
-323.441 	3186.650 	3080.402 	-0.037 	0.392 	0.376 	
966.593 	-3316.872 	-551.261 	0.117 	-0.405 	-0.061 	
-3502.589 	-1029.440 	3306.188 	-0.426 	-0.130 	0.403 	
2391.208 	-1469.143 	-1216.902 	0.291 	-0.184 	-0.143 	
-265.062 	2335.287 	447.543 	-0.038 	0.283 	0.057 	
-1623.190 	366.212 	2057.872 	-0.195 	0.045 	0.256 	
1874.157 	-2627.970 	-1177.691 	0.230 	-0.324 	-0.144 	
1512.935 	-451.011 	-2480.865 	0.184 	-0.048 	-0.303 	
3046.662 	-1395.502 	3144.435 	0.369 	-0.172 	0.385 	
-3368.672 	1134.687 	1664.297 	-0.416 	0.136 	0.202 	
944.511 	-392.610 	-1188.402 	0.110 	-0.044 	-0.141 	
-3471.657 	-2219.992 	-1302.684 	-0.423 	-0.270 	-0.155 	
-3704.632 	-3411.351 	1386.225 	-0.459 	-0.417 	0.168 	
-2696.281 	1400.585 	-3269.257 	-0.330 	0.173 	-0.395 	
-2856.642 	-3014.452 	1148.950 	-0.345 	-0.370 	0.140 	
-323.998 	-1999.537 	1582.578 	-0.044 	-0.242 	0.195 	
-793.061 	2568.226 	-1472.119 	-0.099 	0.315 	-0.183 	
-2016.054 	1653.326 	20.535 	-0.247 	0.198 	0.002 	
36.224 	935.414 	-2874.595 	0.000 	0.110 	-0.348 	
3563.480 	-3268.811 	308.284 	0.433 	-0.398 	0.034 	
-455.006 	-2547.925 	-1340.684 	-0.051 	-0.310 	-0.169 	
368.948 	-1988.706 	881.797 	0.041 	-0.242 	0.102 	
-2339.668 	-3033.862 	2381.541 	-0.281 	-0.374 	0.293 	
2790.857 	-1333.021 	-1381.114 	0.341 	-0.160 	-0.168 	
1239.436 	-2480.276 	761.700 	0.158 	-0.301 	0.096 	
-2383.659 	-1505.731 	-1909.521 	-0.286 	-0.186 	-0.233 	
3096.906 	-896.025 	-833.055 	0.372 	-0.106 	-0.102 	
-2128.895 	3195.360 	781.365 	-0.262 	0.387 	0.099 	
-2568.051 	-2683.953 	438.748 	-0.315 	-0.327 	0.057 	
-830.417 	972.713 	1185.767 	-0.105 	0.113 	0.144 	
1960.228 	-423.685 	2760.603 	0.238 	-0.051 	0.331 	
-1446.007 	-171.596 	-1161.953 	-0.173 	-0.016 	-0.142 	
-50.939 	1655.060 	2477.950 	-0.009 	0.200 	0.296 	
2975.875 	-2782.543 	-3244.736 	0.359 	-0.341 	-0.398 	
-234.054 	2298.332 	-1649.417 	-0.024 	0.276 	-0.202 	
2977.097 	-3218.855 	803.520 	0.365 	-0.392 	0.093 	
-2298.427 	-898.062 	2008.236 	-0.275 	-0.106 	0.244 	
788.024 	1763.510 	3442.747 	0.094 	0.210 	0.421 	
-3481.795 	-3410.680 	-1296.497 	-0.426 	-0.416 	-0.161 	
-2939.317 	-167.147 	-3308.739 	-0.360 	-0.017 	-0.405 	
-302.479 	-1388.438 	-1180.720 	-0.043 	-0.170 	-0.143 	
3285.462 	-736.951 	2354.725 	0.413 	-0.089 	0.283 	
-3094.067 	-1595.010 	3064.059 	-0.379 	-0.198 	0.373 	
-1497.384 	-2424.805 	3430.185 	-0.180 	-0.298 	0.422 	
365.280 	-2398.135 	2011.710 	0.044 	-0.294 	0.247 	
3344.301 	-2763.947 	2539.854 	0.416 	-0.339 	0.313 	
-1043.563 	615.634 	645.313 	-0.123 	0.077 	0.075 	
-1175.257 	-86.459 	1928.671 	-0.155 	-0.001 	0.246 	
1683.410 	251.026 	-113.940 	0.210 	0.033 	-0.009 	
171.953 	-1231.646 	664.759 	0.019 	-0.149 	0.078 	
-1269.922 	-30.962 	-423.566 	-0.157 	-0.003 	-0.047 	
-1176.237 	1901.964 	-1676.260 	-0.142 	0.232 	-0.205 	
3787.999 	-824.850 	-226.350 	0.465 	-0.107 	-0.027 	
1094.244 	-88.423 	-368.480 	0.134 	-0.016 	-0.039 	
1275.269 	-715.470 	-722.448 	0.150 	-0.091 	-0.082 	
-2134.848 	642.118 	3584.273 	-0.259 	0.078 	0.440 	
2083.869 	1373.030 	138.790 	0.262 	0.164 	0.018 	
-3092.702 	598.811 	1313.306 	-0.380 	0.070 	0.159 	
849.313 	-218.589 	-1018.631 	0.101 	-0.032 	-0.125 	
-3573.455 	-1585.445 	3009.881 	-0.441 	-0.194 	0.367 	
-2781.857 	-1051.838 	-213.382 	-0.339 	-0.126 	-0.023 	
-1391.825 	-769.015 	-770.417 	-0.169 	-0.094 	-0.096 	
2168.281 	1932.610 	2713.794 	0.266 	0.237 	0.325 	
672.242 	-655.646 	2759.259 	0.084 	-0.079 	0.338 	
3247.254 	2030.870 	3510.070 	0.396 	0.253 	0.432 	
2800.402 	2555.222 	2825.686 	0.342 	0.314 	0.352 	
3010.647 	-2565.820 	-2611.677 	0.366 	-0.315 	-0.318 	
2221.962 	3120.069 	171.101 	0.278 	0.380 	0.020 	
-1559.708 	154.723 	879.937 	-0.193 	0.016 	0.112 	
-617.594 	249.219 	-1996.984 	-0.073 	0.033 	-0.248 	
-487.217 	1434.335 	1580.287 	-0.065 	0.174 	0.192 	
-3515.423 	-3114.594 	1927.995 	-0.431 	-0.377 	0.242 	
-1373.184 	1101.845 	-1242.419 	-0.167 	0.136 	-0.149 	
-954.411 	-2924.640 	-2242.477 	-0.117 	-0.353 	-0.275 	
-1597.584 	-2852.534 	-1719.428 	-0.189 	-0.347 	-0.210 	
260.617 	-3132.125 	-2581.457 	0.031 	-0.381 	-0.314 	
2796.725 	1121.190 	220.705 	0.348 	0.137 	0.030 	
3086.908 	-251.701 	-2147.451 	0.378 	-0.032 	-0.258 	
-1321.244 	473.767 	180.650 	-0.154 	0.056 	0.026 	
-1417.679 	1518.446 	828.152 	-0.179 	0.183 	0.102 	
3162.743 	-1448.640 	-29.833 	0.384 	-0.181 	-0.008 	
-1827.840 	1202.246 	-3298.413 	-0.225 	0.145 	-0.404 	
3265.349 	-241.253 	2091.639 	0.397 	-0.024 	0.258 	
713.863 	1110.844 	939.833 	0.094 	0.137 	0.118 	
2043.425 	-630.090 	-1317.565 	0.252 	-0.079 	-0.148 	
-1980.769 	2487.060 	580.313 	-0.241 	0.298 	0.073 	
6.397 	-2459.632 	1491.607 	0.006 	-0.294 	0.180 	
-295.139 	-261.317 	-2649.077 	-0.030 	-0.031 	-0.320 	
-971.706 	146.674 	556.096 	-0.120 	0.019 	0.068 	
-352.080 	-2809.500 	-2845.394 	-0.041 	-0.340 	-0.351 	
-744.178 	-1218.005 	2889.219 	-0.088 	-0.151 	0.344 	
3585.269 	-501.192 	-2571.011 	0.441 	-0.066 	-0.313 	
-758.458 	501.356 	-518.884 	-0.091 	0.059 	-0.060 	
2998.402 	-3102.506 	2861.007 	0.372 	-0.377 	0.350 	
-1017.610 	-1056.959 	969.565 	-0.123 	-0.123 	0.117 	
-914.950 	-83.884 	2921.685 	-0.108 	-0.006 	0.355 	
710.998 	1535.520 	326.934 	0.094 	0.186 	0.041 	
-3252.410 	3372.909 	-2442.474 	-0.401 	0.413 	-0.299 	
217.641 	-852.156 	-3318.065 	0.034 	-0.102 	-0.405 	
-565.879 	-1700.450 	2074.095 	-0.067 	-0.199 	0.254 	
-1988.114 	-1554.751 	-1386.864 	-0.247 	-0.189 	-0.167 	
1791.870 	3232.595 	-2774.967 	0.221 	0.396 	-0.346 	
-1938.415 	244.071 	2065.700 	-0.242 	0.029 	0.251 	
-93.039 	447.422 	1552.432 	-0.015 	0.055 	0.184 	
-509.517 	-639.168 	1009.546 	-0.052 	-0.085 	0.105 	
3099.637 	-787.581 	-1979.160 	0.378 	-0.102 	-0.244 	
3624.832 	-3409.016 	62.618 	0.442 	-0.417 	0.013 	
-2669.079 	-1965.890 	-152.168 	-0.331 	-0.241 	-0.020 	
102.209 	-2736.966 	736.130 	0.009 	-0.330 	0.093 	
-1296.966 	175.998 	2682.817 	-0.160 	0.017 	0.323 	
-1744.588 	3330.504 	151.715 	-0.208 	0.405 	0.022 	
-2440.014 	-2584.781 	1110.143 	-0.297 	-0.312 	0.134 	
3009.293 	-1222.898 	-2521.814 	0.370 	-0.148 	-0.312 	
-2144.770 	-3103.480 	2020.131 	-0.263 	-0.373 	0.247 	
-1459.085 	-59.052 	1226.771 	-0.177 	-0.013 	0.152 	
-1550.207 	326.304 	3165.544 	-0.189 	0.039 	0.389 	
-2779.119 	2058.713 	-482.159 	-0.337 	0.250 	-0.052 	
-2686.724 	925.616 	98.296 	-0.333 	0.113 	0.013 	
-978.856 	894.780 	-1622.499 	-0.118 	0.113 	-0.196 	
2932.708 	3732.136 	-3375.387 	0.358 	0.463 	-0.416 	
-2418.639 	1336.175 	1898.172 	-0.299 	0.163 	0.237 	
-2698.545 	-305.650 	-2847.399 	-0.325 	-0.039 	-0.348 	
1642.291 	-2304.862 	1059.729 	0.203 	-0.284 	0.124 	
2506.410 	2663.798 	-216.102 	0.314 	0.325 	-0.023 	
2774.874 	1454.077 	-3115.212 	0.336 	0.180 	-0.376 	
1825.446 	875.475 	-2081.786 	0.220 	0.105 	-0.247 	
-1354.929 	-2634.212 	-782.069 	-0.162 	-0.316 	-0.097 	
2547.236 	-1154.043 	259.934 	0.313 	-0.138 	0.025 	
-625.215 	2837.654 	707.709 	-0.044 	0.371 	0.096 	
745.523 	-1959.649 	2871.530 	0.092 	-0.237 	0.343 	
-1666.611 	1083.075 	-1304.093 	-0.203 	0.130 	-0.162 	
-2467.120 	-97.026 	1224.750 	-0.305 	-0.012 	0.153 	
2677.792 	-911.310 	2639.560 	0.331 	-0.113 	0.316 	
748.018 	-1976.334 	-2984.796 	0.096 	-0.243 	-0.358 	
3709.041 	620.761 	-2062.369 	0.459 	0.076 	-0.253 	
1255.863 	-777.837 	2615.383 	0.159 	-0.094 	0.318 	
-2161.635 	2886.809 	-635.402 	-0.256 	0.353 	-0.077 	
-1395.477 	-1350.299 	1175.243 	-0.171 	-0.164 	0.147 	
-1175.451 	-1515.608 	610.142 	-0.141 	-0.184 	0.082 	
3265.301 	54.317 	1456.011 	0.401 	0.012 	0.181 	
-2217.539 	216.445 	2050.016 	-0.271 	0.026 	0.257 	
-23.357 	1303.120 	-2490.262 	-0.008 	0.160 	-0.307 	
-2345.672 	-3093.762 	-3090.420 	-0.282 	-0.377 	-0.382 	
1675.343 	2646.655 	-1211.499 	0.202 	0.320 	-0.147 	
-3278.511 	1570.305 	1940.550 	-0.402 	0.192 	0.234 	
-3430.025 	215.504 	1309.222 	-0.423 	0.030 	0.160 	
1058.993 	-2745.650 	-2761.504 	0.127 	-0.338 	-0.332 	
-4590.784 	39.414 	-22.064 	-0.592 	-0.015 	-0.005 	
-3091.478 	-1260.886 	1654.301 	-0.375 	-0.155 	0.206 	
1877.609 	-726.669 	-2256.864 	0.227 	-0.089 	-0.280 	
954.112 	620.263 	423.296 	0.120 	0.076 	0.058 	
-96.390 	-1217.566 	768.226 	-0.015 	-0.152 	0.088 	
-3337.850 	283.462 	-1934.695 	-0.410 	0.032 	-0.240 	
2724.929 	-276.858 	3702.342 	0.336 	-0.032 	0.457 	
-656.125 	-1149.863 	1876.322 	-0.080 	-0.144 	0.223 	
1223.270 	-1943.457 	-756.358 	0.145 	-0.236 	-0.090 	
479.800 	-504.744 	517.338 	0.061 	-0.066 	0.059 	
-2949.838 	-3499.043 	-1750.553 	-0.362 	-0.431 	-0.213 	
1673.368 	-1562.277 	-2835.785 	0.204 	-0.185 	-0.342 	
715.917 	1036.308 	-723.479 	0.092 	0.146 	-0.087 	
-1331.851 	-372.347 	1114.820 	-0.161 	-0.039 	0.140 	
3763.053 	1866.335 	-299.515 	0.466 	0.226 	-0.038 	
838.440 	-409.173 	-1926.944 	0.100 	-0.050 	-0.237 	
-2714.738 	946.912 	-3388.542 	-0.330 	0.118 	-0.413 	
1309.162 	1016.841 	1030.957 	0.164 	0.119 	0.130 	
3291.129 	235.216 	-2705.158 	0.397 	0.026 	-0.328 	
-1340.621 	448.279 	-1722.947 	-0.163 	0.058 	-0.213 	
-3347.362 	3024.476 	1276.205 	-0.414 	0.370 	0.157 	
131.308 	-2628.148 	-3134.310 	0.020 	-0.320 	-0.387 	
2359.577 	2982.886 	-1875.871 	0.290 	0.364 	-0.236 	
1696.358 	-1346.055 	371.203 	0.205 	-0.163 	0.051 	
1729.535 	-2885.022 	-2355.488 	0.209 	-0.350 	-0.293 	
1099.539 	-1356.342 	1906.125 	0.131 	-0.166 	0.232 	
1463.298 	-1447.889 	2324.659 	0.179 	-0.174 	0.284 	
2963.991 	3274.661 	-2909.838 	0.360 	0.402 	-0.361 	
2775.152 	-497.570 	2021.315 	0.342 	-0.057 	0.251 	
1205.588 	-783.337 	-674.929 	0.150 	-0.091 	-0.082 	
-1373.024 	-1262.518 	2497.498 	-0.171 	-0.152 	0.305 	
-1569.847 	-730.597 	2735.221 	-0.190 	-0.094 	0.333 	
639.595 	-1633.851 	-1051.111 	0.079 	-0.197 	-0.130 	
-2219.899 	-357.988 	-63.862 	-0.270 	-0.046 	-0.009 	
-374.906 	2811.206 	-3450.137 	-0.040 	0.347 	-0.422 	
-2649.279 	-863.892 	1759.104 	-0.328 	-0.105 	0.214 	
-122.052 	-2676.070 	2878.127 	-0.016 	-0.322 	0.355 	
-1290.990 	1017.765 	2686.731 	-0.153 	0.127 	0.326 	
-377.871 	-123.497 	1903.030 	-0.049 	-0.017 	0.232 	
2409.086 	-1826.470 	7.201 	0.297 	-0.225 	-0.004 	
-142.601 	-1209.278 	804.950 	-0.005 	-0.145 	0.101 	
-675.244 	-1198.185 	2716.447 	-0.076 	-0.145 	0.333 	
-3401.630 	-953.685 	919.518 	-0.420 	-0.117 	0.113 	
-905.290 	-2229.599 	-484.963 	-0.115 	-0.269 	-0.059 	
955.551 	-3299.092 	1761.395 	0.114 	-0.408 	0.215 	
1187.298 	-2471.627 	-645.343 	0.143 	-0.302 	-0.075 	
1392.609 	-3037.164 	-348.853 	0.172 	-0.372 	-0.038 	
898.825 	129.931 	2747.474 	0.105 	0.013 	0.335 	
-3045.813 	1479.923 	198.757 	-0.373 	0.180 	0.023 	
-695.053 	733.992 	1399.285 	-0.079 	0.086 	0.168 	
-1193.805 	-1776.671 	2896.541 	-0.148 	-0.217 	0.358 	
-2506.372 	-2990.003 	2629.057 	-0.306 	-0.363 	0.327 	
1796.266 	2044.311 	-3135.775 	0.218 	0.248 	-0.380 	
-1063.117 	1869.886 	-2998.727 	-0.121 	0.226 	-0.368 	
-191.796 	-2548.896 	-2056.914 	-0.016 	-0.311 	-0.251 	
-37.483 	-200.467 	461.346 	0.003 	-0.029 	0.055 	
2227.570 	-1038.534 	568.132 	0.273 	-0.127 	0.065 	
1787.437 	1050.710 	-1938.285 	0.226 	0.128 	-0.235 	
-2180.956 	-2975.036 	1717.705 	-0.263 	-0.368 	0.207 	
3695.511 	-734.945 	-3354.344 	0.457 	-0.090 	-0.413 	
-540.505 	2382.074 	805.529 	-0.060 	0.293 	0.096 	
-1928.761 	2691.139 	-2332.188 	-0.237 	0.329 	-0.287 	
-2591.261 	1769.571 	-919.226 	-0.310 	0.215 	-0.112 	
-44.243 	878.979 	-327.536 	-0.009 	0.100 	-0.040 	
-2856.860 	1157.272 	242.952 	-0.343 	0.147 	0.028 	
-149.009 	-2498.389 	-1912.342 	-0.020 	-0.302 	-0.228 	
-2366.402 	-1355.339 	125.490 	-0.290 	-0.164 	0.010 	
1846.139 	1454.183 	-1863.541 	0.232 	0.178 	-0.225 	
-2297.319 	3260.978 	450.096 	-0.281 	0.395 	0.061 	
1686.452 	-296.429 	-2428.524 	0.208 	-0.035 	-0.296 	
-320.029 	252.610 	-672.162 	-0.036 	0.024 	-0.076 	
-3171.631 	-1665.210 	-2977.141 	-0.387 	-0.209 	-0.367 	
1460.297 	-615.846 	483.503 	0.175 	-0.076 	0.062 	
-2611.965 	-642.487 	2887.258 	-0.319 	-0.077 	0.354 	
2582.618 	-280.223 	2395.987 	0.316 	-0.037 	0.288 	
927.330 	-276.881 	-2204.614 	0.109 	-0.038 	-0.268 	
2691.209 	1088.198 	-213.849 	0.326 	0.134 	-0.029 	
1175.960 	560.646 	1956.561 	0.140 	0.071 	0.237 	
-237.370 	1498.932 	-2482.536 	-0.032 	0.183 	-0.300 	
3375.103 	-2457.838 	-1046.374 	0.419 	-0.299 	-0.125 	
-3034.101 	-3056.634 	3190.955 	-0.373 	-0.376 	0.390 	
-2628.563 	-1835.233 	-75.141 	-0.319 	-0.223 	-0.010 	
2008.010 	476.735 	693.609 	0.238 	0.058 	0.085 	
3315.562 	-819.816 	877.429 	0.405 	-0.097 	0.103 	
-2747.610 	1031.198 	1512.761 	-0.333 	0.129 	0.191 	
99.087 	-186.947 	39.517 	0.007 	-0.022 	0.008 	
-920.343 	-1920.535 	2671.263 	-0.106 	-0.232 	0.328 	
-351.215 	-1624.140 	-1268.170 	-0.039 	-0.200 	-0.150 	
3198.031 	-1287.849 	-2176.106 	0.390 	-0.162 	-0.264 	
355.866 	-1898.838 	-1791.383 	0.037 	-0.230 	-0.216 	
2498.872 	-2647.473 	3337.286 	0.310 	-0.320 	0.407 	
-3074.709 	-1237.818 	-1614.513 	-0.373 	-0.146 	-0.193 	
-2801.953 	-776.216 	-1051.255 	-0.346 	-0.099 	-0.127 	
453.643 	-705.229 	2553.475 	0.063 	-0.087 	0.310 	
1954.226 	-1894.648 	1420.687 	0.246 	-0.231 	0.170 	
-1776.211 	1424.756 	1510.815 	-0.222 	0.171 	0.186 	
-3033.392 	-1675.794 	2545.720 	-0.369 	-0.199 	0.312 	
-2381.668 	-23.289 	813.587 	-0.292 	-0.004 	0.103 	
-1912.723 	-2251.029 	349.751 	-0.230 	-0.272 	0.040 	
3032.625 	2855.521 	1911.358 	0.374 	0.343 	0.232 	
3018.480 	1667.384 	-578.897 	0.375 	0.206 	-0.072 	
-2873.823 	-2698.650 	731.651 	-0.350 	-0.328 	0.093 	
-2379.571 	710.569 	1350.310 	-0.293 	0.082 	0.166 	
-1911.615 	307.866 	1631.286 	-0.227 	0.041 	0.202 	
-1791.907 	-883.555 	-3433.802 	-0.220 	-0.111 	-0.424 	
-1670.928 	-1829.782 	-2647.713 	-0.206 	-0.227 	-0.326 	
3613.911 	3687.568 	-1723.774 	0.445 	0.456 	-0.209 	
3455.289 	1233.265 	-2783.664 	0.424 	0.148 	-0.345 	
-872.265 	-1457.171 	-946.429 	-0.106 	-0.181 	-0.113 	
-918.849 	-1410.283 	2247.211 	-0.110 	-0.178 	0.272 	
910.661 	-205.657 	364.195 	0.116 	-0.027 	0.041 	
1115.550 	338.054 	729.340 	0.138 	0.036 	0.087 	
-1996.218 	2097.298 	2008.062 	-0.248 	0.256 	0.245 	
-2246.749 	2671.252 	-3088.680 	-0.276 	0.323 	-0.377 	
-899.288 	-2053.646 	-3412.319 	-0.108 	-0.246 	-0.419 	
2729.226 	-1355.978 	-2117.894 	0.328 	-0.164 	-0.257 	
-40.452 	26.530 	-2109.201 	-0.004 	0.004 	-0.257 	
1070.823 	2659.043 	1127.743 	0.132 	0.328 	0.141 	
1765.472 	-269.596 	-25.482 	0.221 	-0.032 	-0.004 	
1403.854 	1588.263 	1942.192 	0.173 	0.191 	0.243 	
990.246 	-1317.551 	-1436.629 	0.125 	-0.159 	-0.171 	
3076.829 	-2473.116 	-2119.261 	0.384 	-0.303 	-0.259 	
984.598 	793.755 	-2032.784 	0.122 	0.097 	-0.249 	
-2186.751 	-2364.828 	-58.114 	-0.264 	-0.292 	-0.006 	
1815.912 	1158.717 	1486.090 	0.215 	0.139 	0.181 	
2610.940 	955.698 	336.444 	0.325 	0.112 	0.040 	
-235.859 	-2943.930 	2770.021 	-0.027 	-0.357 	0.344 	
255.804 	1094.371 	2776.152 	0.038 	0.133 	0.334 	
2505.762 	-121.009 	2685.446 	0.312 	-0.014 	0.326 	
2858.277 	1096.034 	-134.235 	0.346 	0.130 	-0.012 	
-1903.619 	-3624.703 	3600.206 	-0.231 	-0.445 	0.444 	
-3709.673 	-3021.039 	3333.307 	-0.457 	-0.368 	0.410 	
3499.586 	2819.097 	11.106 	0.434 	0.341 	0.001 	
3547.121 	702.279 	3015.711 	0.435 	0.080 	0.372 	
1311.598 	386.952 	2286.498 	0.164 	0.046 	0.278 	
-2304.292 	-372.451 	-2859.297 	-0.282 	-0.044 	-0.348 	
2526.052 	1268.194 	-1070.010 	0.316 	0.155 	-0.132 	
-844.918 	1727.598 	-2962.508 	-0.106 	0.208 	-0.358 	
1346.784 	1422.106 	-445.862 	0.163 	0.173 	-0.055 	
2053.260 	-1268.736 	-1777.938 	0.252 	-0.153 	-0.214 	
2742.091 	2587.205 	3207.550 	0.336 	0.321 	0.395 	
341.277 	2850.726 	-2060.142 	0.036 	0.346 	-0.250 	
-2927.380 	577.691 	1232.834 	-0.354 	0.074 	0.153 	
888.764 	-3153.264 	2157.775 	0.113 	-0.384 	0.259 	
1029.525 	-1270.216 	-327.158 	0.123 	-0.158 	-0.039 	
2526.566 	191.449 	-269.277 	0.308 	0.028 	-0.036 	
-1524.192 	1448.959 	-2256.657 	-0.183 	0.179 	-0.278 	
1598.164 	-2819.308 	1606.914 	0.192 	-0.347 	0.198 	
2766.658 	2775.541 	141.299 	0.343 	0.339 	0.020 	
1852.937 	-2996.771 	2765.445 	0.226 	-0.361 	0.338 	
3292.605 	-248.104 	714.860 	0.402 	-0.025 	0.090 	
3669.599 	2927.969 	1941.433 	0.447 	0.359 	0.239 	
994.969 	-2438.517 	1352.796 	0.128 	-0.299 	0.166 	
-1886.941 	-3371.838 	3150.633 	-0.232 	-0.416 	0.386 	
1424.721 	-671.834 	-712.423 	0.177 	-0.077 	-0.086 	
-251.684 	68.661 	527.972 	-0.033 	0.005 	0.061 	
-2955.674 	3715.286 	3008.501 	-0.366 	0.460 	0.367 	
181.759 	321.064 	2835.196 	0.029 	0.041 	0.342 	
-445.576 	2897.310 	2627.738 	-0.056 	0.358 	0.318 	
2452.611 	-2619.416 	2874.264 	0.305 	-0.325 	0.354 	
-2605.906 	-2740.800 	2806.071 	-0.320 	-0.329 	0.343 	
-3061.678 	-1961.443 	2310.423 	-0.375 	-0.237 	0.283 	
-2274.201 	2133.967 	1044.724 	-0.274 	0.264 	0.131 	
-508.902 	-3531.644 	671.860 	-0.055 	-0.431 	0.081 	
424.868 	-1675.359 	2398.751 	0.055 	-0.203 	0.293 	
-107.011 	326.910 	393.091 	-0.014 	0.035 	0.052 	
-2770.580 	-3134.906 	-2549.677 	-0.343 	-0.384 	-0.307 	
-1599.038 	-104.994 	1756.915 	-0.191 	-0.017 	0.213 	
2502.266 	942.321 	416.745 	0.302 	0.118 	0.053 	
1259.118 	-1791.077 	2339.675 	0.156 	-0.222 	0.289 	
-2580.646 	-1507.341 	-2195.458 	-0.313 	-0.181 	-0.266 	
111.467 	-1627.507 	-654.007 	0.009 	-0.221 	-0.078 	
3387.170 	242.807 	73.255 	0.413 	0.036 	0.012 	
-1616.025 	-2336.615 	-2156.265 	-0.195 	-0.287 	-0.259 	
2733.867 	-1669.816 	182.924 	0.338 	-0.201 	0.024 	
-852.924 	2316.702 	2030.572 	-0.099 	0.278 	0.247 	
560.638 	-834.718 	2894.114 	0.069 	-0.100 	0.349 	
2902.853 	-416.658 	1552.104 	0.356 	-0.053 	0.186 	
-892.135 	144.602 	-3485.817 	-0.106 	0.020 	-0.428 	
-1571.663 	-574.620 	-56.066 	-0.191 	-0.076 	-0.003 	
691.776 	2694.540 	1418.200 	0.082 	0.328 	0.175 	
-3074.475 	784.995 	-571.505 	-0.379 	0.093 	-0.072 	
1721.074 	-1699.282 	899.830 	0.207 	-0.203 	0.106 	
-628.537 	613.269 	-714.386 	-0.082 	0.071 	-0.087 	
2543.196 	-2705.203 	565.267 	0.311 	-0.331 	0.073 	
298.120 	-618.188 	949.695 	0.030 	-0.073 	0.114 	
3379.599 	-2744.731 	1120.272 	0.418 	-0.333 	0.136 	
-1539.884 	311.989 	-214.828 	-0.182 	0.037 	-0.025 	
-2630.148 	357.072 	2834.855 	-0.323 	0.050 	0.344 	
3485.992 	1343.763 	-327.198 	0.426 	0.159 	-0.033 	
-2084.548 	2642.023 	-1607.917 	-0.251 	0.326 	-0.193 	
-2060.417 	2551.084 	-942.651 	-0.245 	0.312 	-0.116 	
2495.674 	-797.563 	-340.995 	0.301 	-0.090 	-0.040 	
-2711.170 	611.744 	2571.533 	-0.328 	0.076 	0.313 	
2882.175 	-1663.634 	-3376.372 	0.360 	-0.200 	-0.412 	
-2394.541 	-3245.731 	-1787.666 	-0.292 	-0.394 	-0.218 	
-686.782 	-375.792 	2511.920 	-0.079 	-0.047 	0.302 	
-205.369 	-1679.000 	-259.645 	-0.026 	-0.203 	-0.038 	
-249.525 	-460.046 	1281.055 	-0.024 	-0.056 	0.160 	
2060.769 	908.693 	807.959 	0.257 	0.113 	0.102 	
1292.910 	-2653.156 	16.241 	0.163 	-0.318 	0.005 	
1819.546 	-3016.631 	-2939.775 	0.219 	-0.370 	-0.359 	
-1968.140 	2958.734 	-858.314 	-0.240 	0.358 	-0.107 	
-2476.213 	2794.063 	758.172 	-0.298 	0.345 	0.092 	
3.600 	-273.866 	-924.120 	0.002 	-0.035 	-0.115 	
-180.425 	-2642.723 	1978.993 	-0.014 	-0.321 	0.240 	
891.716 	-1048.150 	3019.855 	0.108 	-0.124 	0.372 	
2981.266 	2392.493 	-3123.732 	0.369 	0.298 	-0.384 	
61.374 	-1737.129 	-652.655 	0.007 	-0.211 	-0.074 	
3538.417 	2427.345 	-100.983 	0.439 	0.295 	-0.013 	
-1305.844 	2023.423 	-3615.695 	-0.154 	0.245 	-0.441 	
-115.127 	235.723 	-668.794 	-0.015 	0.024 	-0.083 	
-2712.934 	-680.641 	1179.678 	-0.324 	-0.085 	0.146 	
1570.571 	-448.672 	10.618 	0.190 	-0.061 	0.000 	
-993.642 	-675.261 	2806.049 	-0.123 	-0.082 	0.334 	
-549.481 	183.628 	-3483.949 	-0.066 	0.026 	-0.425 	
2646.067 	1105.920 	1233.403 	0.317 	0.136 	0.148 	
-2832.632 	-1784.183 	-3881.757 	-0.344 	-0.217 	-0.481 	
3158.601 	-644.753 	771.190 	0.383 	-0.075 	0.096 	
1966.709 	-3217.708 	487.832 	0.236 	-0.394 	0.062 	
1668.916 	3029.962 	-2037.632 	0.210 	0.366 	-0.247 	
2584.042 	817.404 	-2186.418 	0.313 	0.104 	-0.264 	
133.085 	-3605.645 	3085.781 	0.021 	-0.445 	0.376 	
1249.824 	-1087.374 	1060.543 	0.160 	-0.132 	0.128 	
138.580 	3399.902 	1559.916 	0.024 	0.415 	0.192 	
2800.820 	-1795.667 	-2124.702 	0.349 	-0.221 	-0.260 	
1394.205 	3166.177 	-141.048 	0.174 	0.387 	-0.012 	
1644.556 	927.525 	-1011.682 	0.195 	0.114 	-0.122 	
2788.268 	3127.615 	-778.776 	0.338 	0.377 	-0.095 	
1562.591 	1675.175 	-1042.842 	0.199 	0.204 	-0.126 	
1162.647 	-907.317 	-451.174 	0.148 	-0.115 	-0.056 	
1004.298 	-728.439 	1103.188 	0.123 	-0.088 	0.126 	
-926.958 	-2308.393 	-1434.296 	-0.117 	-0.282 	-0.170 	
-3332.615 	-1110.796 	2487.550 	-0.403 	-0.133 	0.303 	
-2846.367 	-2477.122 	-320.923 	-0.345 	-0.306 	-0.043 	
790.402 	2920.102 	1565.205 	0.095 	0.359 	0.190 	
-719.407 	-980.323 	1341.811 	-0.093 	-0.119 	0.163 	
1928.287 	-3219.558 	441.559 	0.243 	-0.393 	0.058 	
-3316.300 	-1344.482 	2063.778 	-0.421 	-0.163 	0.250 	
2366.118 	-2997.281 	-3134.724 	0.271 	-0.371 	-0.380 	
-3129.667 	-1268.037 	-2670.950 	-0.404 	-0.151 	-0.327 	
-1077.390 	-2932.553 	1451.647 	-0.148 	-0.354 	0.183 	
2105.067 	1653.943 	-441.650 	0.232 	0.197 	-0.056 	
-2114.621 	-2828.376 	1710.757 	-0.284 	-0.347 	0.212 	
3654.612 	-2917.022 	-3001.979 	0.429 	-0.361 	-0.370 	
2536.002 	-1995.863 	1784.855 	0.289 	-0.244 	0.223 	
-1203.650 	-1747.881 	-2951.150 	-0.173 	-0.210 	-0.359 	
1378.163 	1708.517 	-2347.771 	0.146 	0.208 	-0.290 	
2539.037 	1060.195 	335.785 	0.291 	0.130 	0.036 	
437.615 	102.115 	781.486 	0.024 	0.008 	0.094 	
-3356.553 	2991.307 	3217.367 	-0.435 	0.365 	0.391 	
1160.936 	-2425.278 	1257.065 	0.113 	-0.296 	0.154 	
1170.121 	3639.835 	3244.768 	0.123 	0.447 	0.392 	
-232.710 	2792.549 	2035.064 	-0.045 	0.341 	0.244 	
2265.308 	-993.045 	1346.552 	0.260 	-0.118 	0.167 	
708.109 	-3394.390 	3204.394 	0.060 	-0.414 	0.392 	
-471.353 	3186.439 	1152.388 	-0.077 	0.388 	0.146 	
1750.168 	-3216.893 	2893.927 	0.195 	-0.396 	0.351 	
508.958 	876.935 	1613.155 	0.039 	0.106 	0.198 	
-1406.840 	3262.621 	-3307.183 	-0.188 	0.397 	-0.403 	
863.853 	1112.904 	72.797 	0.091 	0.137 	0.010 	
2379.782 	203.015 	-411.823 	0.265 	0.028 	-0.053 	
-3770.959 	1279.912 	-1875.666 	-0.488 	0.157 	-0.229 	
274.821 	2513.465 	1538.157 	0.009 	0.310 	0.191 	
281.116 	-1154.303 	21.489 	0.015 	-0.144 	0.005 	
-403.140 	-2525.263 	-439.446 	-0.072 	-0.310 	-0.050 	
-2426.753 	-603.963 	-742.678 	-0.323 	-0.073 	-0.091 	
-1070.234 	1559.596 	-3285.882 	-0.147 	0.189 	-0.400 	
598.352 	1195.187 	-554.825 	0.058 	0.144 	-0.063 	
-1336.311 	3242.011 	1010.992 	-0.180 	0.399 	0.127 	
-2332.684 	2318.879 	-2993.336 	-0.311 	0.283 	-0.369 	
29.409 	2999.327 	2442.624 	-0.019 	0.367 	0.294 	
931.100 	-3304.105 	2874.779 	0.092 	-0.401 	0.352 	
873.798 	-2738.781 	382.399 	0.089 	-0.330 	0.050 	
416.180 	-542.053 	-2597.829 	0.027 	-0.064 	-0.316 	
-2731.175 	915.378 	3036.100 	-0.358 	0.107 	0.374 	
-3618.961 	2051.604 	26.720 	-0.466 	0.244 	0.005 	
2849.257 	106.012 	-2046.250 	0.329 	0.013 	-0.245 	
-1636.863 	-1302.555 	-1908.192 	-0.219 	-0.154 	-0.235 	
-2477.339 	-1725.496 	-1042.141 	-0.318 	-0.205 	-0.127 	
1762.802 	-3082.351 	-1917.953 	0.189 	-0.375 	-0.235 	
-2501.016 	988.708 	-2075.663 	-0.325 	0.122 	-0.247 	
-1470.109 	-546.166 	-890.474 	-0.205 	-0.063 	-0.111 	
2881.665 	3503.809 	-1819.113 	0.333 	0.434 	-0.219 	
1294.180 	-2205.529 	-1950.122 	0.137 	-0.266 	-0.242 	
-2378.434 	2733.935 	-3025.987 	-0.311 	0.328 	-0.373 	
-972.514 	-1653.599 	-1351.555 	-0.131 	-0.202 	-0.164 	
-64.402 	-531.436 	972.663 	-0.035 	-0.067 	0.118 	
-54.087 	59.428 	134.980 	-0.029 	0.009 	0.015 	
1247.453 	3620.786 	-289.297 	0.138 	0.443 	-0.035 	
1293.341 	-2101.105 	-1016.854 	0.144 	-0.256 	-0.122 	
2077.096 	1460.632 	1179.381 	0.231 	0.178 	0.143 	
-2846.994 	-408.457 	1892.336 	-0.369 	-0.044 	0.227 	
-960.869 	2294.698 	2063.483 	-0.136 	0.287 	0.255 	
-2448.783 	1460.035 	2534.219 	-0.327 	0.178 	0.308 	
-1113.962 	-657.083 	-1383.766 	-0.153 	-0.076 	-0.165 	
-2266.815 	-1590.156 	-1230.996 	-0.292 	-0.198 	-0.150 	
-2330.523 	36.468 	310.864 	-0.304 	0.009 	0.035 	
-861.093 	-2875.860 	976.704 	-0.121 	-0.346 	0.122 	
858.009 	-405.615 	-105.399 	0.085 	-0.049 	-0.014 	
1787.393 	1034.009 	1697.226 	0.204 	0.126 	0.202 	
-115.535 	-347.608 	-3013.534 	-0.040 	-0.040 	-0.365 	
-145.849 	-1588.068 	-1418.889 	-0.036 	-0.189 	-0.173 	
1494.453 	-236.829 	2943.270 	0.163 	-0.030 	0.358 	
309.557 	-915.542 	598.688 	0.012 	-0.112 	0.078 	
335.284 	-2856.943 	3146.398 	0.022 	-0.345 	0.386 	
1012.080 	623.410 	1464.080 	0.103 	0.078 	0.178 	
150.447 	-2678.359 	-325.963 	-0.009 	-0.326 	-0.040 	
56.428 	-2650.098 	-1415.635 	-0.019 	-0.321 	-0.174 	
-2980.745 	-2589.417 	-211.323 	-0.385 	-0.311 	-0.025 	
-3041.925 	-2070.714 	-924.326 	-0.398 	-0.253 	-0.112 	
2884.012 	-2906.278 	-786.406 	0.337 	-0.357 	-0.100 	
-767.686 	-1361.763 	-1618.727 	-0.117 	-0.171 	-0.199 	
-852.076 	-503.369 	230.752 	-0.131 	-0.063 	0.029 	
-1213.578 	2540.746 	-1784.371 	-0.166 	0.313 	-0.220 	
-1532.825 	1205.796 	1048.582 	-0.211 	0.151 	0.125 	
-745.018 	967.083 	-1692.148 	-0.117 	0.120 	-0.206 	
-2753.370 	-2071.544 	1389.204 	-0.352 	-0.250 	0.169 	
1517.944 	-2315.315 	-549.332 	0.169 	-0.281 	-0.063 	
2321.849 	663.430 	2475.788 	0.258 	0.083 	0.301 	
-2876.558 	1795.727 	2308.739 	-0.368 	0.219 	0.279 	
-1518.404 	828.687 	971.553 	-0.213 	0.101 	0.117 	
-1833.812 	-2500.535 	3588.727 	-0.242 	-0.300 	0.440 	
-1992.666 	-1883.556 	276.755 	-0.264 	-0.232 	0.039 	
-2173.197 	323.819 	-2493.205 	-0.284 	0.038 	-0.305 	
2729.704 	24.500 	-2629.363 	0.319 	0.001 	-0.319 	
476.613 	1188.341 	2940.182 	0.041 	0.148 	0.356 	
-2013.855 	1682.587 	1508.152 	-0.263 	0.203 	0.181 	
-1136.135 	1725.616 	2292.622 	-0.153 	0.209 	0.280 	
-3092.476 	2625.729 	508.339 	-0.399 	0.327 	0.064 	
-935.152 	-1176.008 	-1379.957 	-0.132 	-0.149 	-0.163 	
-1223.620 	-2595.095 	698.393 	-0.171 	-0.315 	0.091 	
3343.881 	2956.113 	-2208.274 	0.395 	0.363 	-0.270 	
160.974 	-2239.803 	-2183.397 	0.004 	-0.273 	-0.271 	
-1911.209 	-3018.441 	-2575.045 	-0.254 	-0.374 	-0.312 	
1022.399 	3760.793 	-1504.552 	0.101 	0.462 	-0.188 	
785.290 	-1936.845 	2690.526 	0.071 	-0.239 	0.329 	
3518.591 	-309.088 	-2200.420 	0.414 	-0.040 	-0.270 	
943.089 	-480.672 	562.052 	0.089 	-0.059 	0.068 	
681.175 	3299.374 	-1772.073 	0.059 	0.404 	-0.218 	
-2322.682 	-1300.686 	-1304.666 	-0.302 	-0.153 	-0.158 	
-1384.887 	2973.429 	-747.825 	-0.191 	0.356 	-0.089 	
-1268.330 	-632.716 	-2750.092 	-0.173 	-0.077 	-0.335 	
1436.967 	-3201.221 	-1441.997 	0.158 	-0.394 	-0.173 	
2082.654 	-834.628 	-30.042 	0.231 	-0.097 	0.000 	
3193.033 	42.897 	1987.404 	0.374 	0.005 	0.243 	
1692.625 	2472.228 	-3379.638 	0.193 	0.302 	-0.415 	
-2713.362 	996.987 	2168.535 	-0.345 	0.122 	0.263 	
-439.051 	4.552 	932.472 	-0.069 	0.001 	0.116 	
-1168.886 	2634.731 	2276.231 	-0.166 	0.323 	0.279 	
3481.563 	2893.210 	-649.327 	0.407 	0.354 	-0.081 	
-3067.506 	354.288 	2218.918 	-0.397 	0.038 	0.269 	
-3517.473 	877.173 	-2487.971 	-0.446 	0.109 	-0.305 	
-2343.100 	-1233.440 	-555.471 	-0.307 	-0.153 	-0.070 	
932.897 	1047.065 	-1486.636 	0.088 	0.127 	-0.185 	
2445.348 	3354.754 	-2182.875 	0.280 	0.415 	-0.271 	
-2396.821 	1322.766 	-109.612 	-0.314 	0.156 	-0.015 	
414.415 	237.719 	667.760 	0.025 	0.025 	0.082 	
443.784 	-2637.209 	-1351.224 	0.027 	-0.322 	-0.166 	
-2762.481 	-400.909 	-1658.905 	-0.362 	-0.049 	-0.199 	
3545.153 	2272.634 	-2141.467 	0.419 	0.281 	-0.263 	
2300.695 	552.348 	1812.896 	0.262 	0.071 	0.216 	
780.714 	2943.678 	616.913 	0.073 	0.354 	0.074 	
960.776 	-826.126 	-1198.675 	0.092 	-0.103 	-0.141 	
2609.198 	2612.281 	-2280.807 	0.294 	0.321 	-0.279 	
3265.285 	803.819 	-987.982 	0.383 	0.099 	-0.120 	
-2167.099 	862.409 	-619.484 	-0.290 	0.100 	-0.072 	
-1508.266 	-2855.546 	-854.578 	-0.203 	-0.342 	-0.106 	
1627.059 	3540.045 	-3321.951 	0.177 	0.436 	-0.406 	
3003.710 	1268.678 	-848.359 	0.346 	0.159 	-0.103 	
-2468.751 	-2057.199 	-1989.689 	-0.325 	-0.252 	-0.238 	
-3278.886 	208.754 	1782.725 	-0.427 	0.027 	0.221 	
3352.515 	-1853.917 	2759.900 	0.395 	-0.226 	0.333 	
2495.728 	213.162 	1445.085 	0.278 	0.027 	0.177 	
734.309 	2578.932 	2031.340 	0.071 	0.319 	0.248 	
-3252.284 	2830.788 	-2281.301 	-0.423 	0.345 	-0.284 	
-3075.561 	278.746 	3218.388 	-0.389 	0.034 	0.394 	
3089.290 	-2334.143 	-1492.244 	0.357 	-0.291 	-0.184 	
-1588.512 	1352.718 	1410.213 	-0.222 	0.164 	0.174 	
1658.109 	2194.757 	894.460 	0.181 	0.267 	0.112 	
2479.706 	-440.472 	1258.369 	0.286 	-0.055 	0.154 	
2210.458 	1058.346 	1163.824 	0.245 	0.124 	0.138 	
-2529.818 	-695.953 	3017.977 	-0.326 	-0.085 	0.372 	
3287.710 	-2607.017 	1603.146 	0.384 	-0.317 	0.197 	
-869.800 	2295.946 	-3112.764 	-0.132 	0.280 	-0.381 	
-2955.180 	-2821.495 	4656.921 	-0.414 	-0.366 	0.615 	
530.630 	1815.619 	77.819 	0.048 	0.220 	0.009 	
788.316 	36.688 	466.500 	0.078 	0.006 	0.061 	
1261.483 	2609.429 	3184.347 	0.138 	0.324 	0.389 	
-2591.676 	421.256 	-230.942 	-0.339 	0.057 	-0.027 	
-3337.250 	1000.804 	-3009.552 	-0.428 	0.124 	-0.365 	
1238.464 	1654.023 	499.866 	0.135 	0.202 	0.061 	
-1006.674 	-2353.190 	845.979 	-0.146 	-0.290 	0.102 	
1759.614 	-624.504 	-1320.589 	0.201 	-0.078 	-0.160 	
-859.030 	-454.130 	2302.626 	-0.126 	-0.059 	0.277 	
-2784.471 	2462.669 	3285.356 	-0.359 	0.304 	0.406 	
2049.160 	-1679.927 	274.588 	0.232 	-0.203 	0.039 	
-2523.651 	-1546.347 	-841.052 	-0.333 	-0.187 	-0.103 	
213.779 	2567.893 	1419.059 	0.003 	0.312 	0.174 	
-1171.332 	-856.051 	-3090.478 	-0.157 	-0.105 	-0.375 	
-2285.715 	168.092 	-2599.333 	-0.306 	0.024 	-0.316 	
149.400 	1816.399 	211.108 	0.001 	0.224 	0.025 	
-1971.931 	-1619.429 	137.198 	-0.265 	-0.193 	0.022 	
-2913.448 	-3095.895 	3366.524 	-0.379 	-0.378 	0.417 	
754.087 	-23.707 	1119.285 	0.074 	-0.004 	0.137 	
3263.967 	1416.237 	-1217.259 	0.376 	0.171 	-0.147 	
3370.324 	-2328.385 	2386.555 	0.394 	-0.287 	0.293 	
-3485.109 	-1713.403 	-34.996 	-0.445 	-0.205 	-0.006 	
-1388.686 	526.131 	-2494.072 	-0.195 	0.065 	-0.300 	
66.945 	-228.452 	1576.339 	-0.017 	-0.025 	0.194 	
2450.613 	-1091.575 	-575.076 	0.271 	-0.135 	-0.070 	
404.513 	-56.888 	-2114.080 	0.032 	-0.007 	-0.258 	
3566.490 	-2936.266 	-3807.514 	0.418 	-0.358 	-0.471 	
-323.462 	-1922.013 	-739.316 	-0.058 	-0.228 	-0.095 	
-1696.121 	2704.513 	2917.992 	-0.225 	0.330 	0.355 	
2258.802 	393.494 	-2578.554 	0.250 	0.048 	-0.315 	
-1149.105 	2660.168 	1535.122 	-0.165 	0.325 	0.185 	
-2420.638 	-787.884 	-1365.407 	-0.319 	-0.095 	-0.171 	
104.222 	81.370 	755.406 	-0.012 	0.007 	0.086 	
-1238.610 	-1470.070 	1905.095 	-0.175 	-0.177 	0.232 	
-267.941 	1876.934 	707.344 	-0.054 	0.222 	0.089 	
697.207 	-535.339 	-2015.860 	0.059 	-0.068 	-0.243 	
-1309.557 	-1074.586 	2608.259 	-0.179 	-0.125 	0.319 	
3237.930 	-1117.571 	-3381.535 	0.377 	-0.141 	-0.412 	
3203.244 	-115.420 	-2872.957 	0.375 	-0.015 	-0.356 	
1509.977 	96.407 	3146.235 	0.157 	0.013 	0.383 	
-765.905 	-1829.595 	-1420.784 	-0.113 	-0.222 	-0.166 	
1154.063 	-3402.780 	3018.426 	0.121 	-0.409 	0.368 	
-2599.380 	-1332.014 	2985.029 	-0.333 	-0.163 	0.362 	
-1563.298 	-358.510 	-2747.180 	-0.212 	-0.041 	-0.333 	
-292.115 	2790.162 	221.403 	-0.061 	0.342 	0.031 	
1227.555 	1359.065 	-2866.451 	0.130 	0.163 	-0.349 	
1873.460 	2104.044 	-2768.148 	0.211 	0.261 	-0.339 	
-3461.701 	465.169 	1967.478 	-0.441 	0.058 	0.240 	
-2186.713 	-510.624 	2547.642 	-0.288 	-0.069 	0.309 	
-130.798 	2090.265 	1617.161 	-0.042 	0.255 	0.201 	
-412.849 	3237.203 	2958.680 	-0.065 	0.394 	0.362 	
-2204.485 	-1054.643 	3109.812 	-0.294 	-0.130 	0.378 	
1856.469 	1839.554 	-936.093 	0.202 	0.223 	-0.111 	
-198.520 	-810.408 	966.801 	-0.051 	-0.094 	0.117 	
-2232.549 	3021.092 	-2757.585 	-0.294 	0.373 	-0.335 	
2879.838 	2447.411 	346.400 	0.338 	0.300 	0.043 	
2442.960 	2940.859 	1065.584 	0.285 	0.358 	0.132 	
-3060.761 	-3042.638 	-1578.584 	-0.400 	-0.375 	-0.193 	
3079.333 	-1963.449 	1964.625 	0.350 	-0.244 	0.241 	
-1048.254 	-519.938 	478.564 	-0.141 	-0.064 	0.057 	
-2681.070 	738.981 	1350.814 	-0.354 	0.091 	0.163 	
-3043.491 	-1108.932 	302.482 	-0.398 	-0.135 	0.038 	
3271.121 	1803.899 	2780.344 	0.382 	0.219 	0.335 	
3400.493 	-1126.996 	-245.014 	0.395 	-0.137 	-0.033 	
795.360 	-2772.980 	-952.567 	0.083 	-0.337 	-0.116 	
-1847.055 	1459.333 	-992.047 	-0.241 	0.176 	-0.123 	
-489.962 	-2623.421 	-2939.913 	-0.087 	-0.321 	-0.360 	
-3712.197 	-1245.854 	2815.969 	-0.477 	-0.156 	0.340 	
-2606.975 	610.446 	1806.612 	-0.345 	0.074 	0.218 	
693.897 	-2538.817 	1522.063 	0.059 	-0.311 	0.189 	
-219.537 	-1770.958 	302.003 	-0.046 	-0.211 	0.039 	
-398.379 	-343.693 	-1079.989 	-0.063 	-0.041 	-0.130 	
354.410 	-1357.601 	815.329 	0.016 	-0.160 	0.099 	
-2349.294 	-1626.649 	134.530 	-0.305 	-0.199 	0.022 	
-3258.553 	1418.361 	-504.737 	-0.426 	0.174 	-0.059 	
-2530.938 	-2414.958 	-2049.425 	-0.330 	-0.298 	-0.249 	
3351.053 	-3115.345 	868.650 	0.394 	-0.384 	0.107 	
-1366.511 	2992.355 	1022.998 	-0.190 	0.362 	0.130 	
-2459.892 	-999.932 	-125.227 	-0.315 	-0.128 	-0.014 	
3269.993 	-1085.377 	3171.862 	0.380 	-0.135 	0.391 	
595.089 	378.779 	2327.653 	0.055 	0.043 	0.286 	
985.991 	-656.951 	-2270.033 	0.097 	-0.083 	-0.272 	
-799.944 	1614.697 	75.325 	-0.121 	0.198 	0.008 	
3624.245 	3216.762 	1901.760 	0.421 	0.395 	0.230 	
-2433.836 	-1295.322 	4330.773 	-0.324 	-0.162 	0.538 	
-2684.183 	696.247 	-2156.369 	-0.343 	0.083 	-0.263 	
-1529.017 	-358.008 	1126.460 	-0.210 	-0.040 	0.136 	
3323.116 	-1541.064 	-2691.718 	0.381 	-0.188 	-0.328 	
-1935.061 	1315.247 	343.997 	-0.256 	0.159 	0.041 	
-952.152 	2015.542 	179.496 	-0.139 	0.240 	0.022 	
781.546 	491.157 	2918.827 	0.078 	0.066 	0.354 	
-977.781 	-1622.758 	1058.878 	-0.136 	-0.200 	0.130 	
-1838.078 	1872.731 	1463.008 	-0.241 	0.224 	0.182 	
1412.446 	1185.531 	922.640 	0.151 	0.142 	0.120 	
-440.214 	-183.479 	1198.125 	-0.079 	-0.020 	0.148 	
2930.244 	-2087.042 	2410.634 	0.334 	-0.253 	0.298 	
874.088 	2854.896 	-120.441 	0.090 	0.349 	-0.012 	
-1835.221 	1410.372 	1820.120 	-0.242 	0.176 	0.220 	
-3201.590 	-930.205 	-2744.277 	-0.409 	-0.110 	-0.336 	
3096.963 	1574.278 	2078.424 	0.356 	0.199 	0.252 	
1905.193 	-2214.445 	-1139.096 	0.218 	-0.269 	-0.139 	
-1472.188 	-255.252 	2005.311 	-0.201 	-0.028 	0.238 	
-224.482 	-1455.133 	3219.044 	-0.052 	-0.182 	0.387 	
-482.187 	-2679.043 	2850.339 	-0.081 	-0.332 	0.339 	
-3192.248 	2172.274 	-2299.269 	-0.408 	0.262 	-0.283 	
2421.673 	-648.054 	-441.462 	0.280 	-0.081 	-0.051 	
1084.100 	1529.757 	1656.220 	0.113 	0.192 	0.206 	
-846.372 	-1224.621 	-1757.784 	-0.124 	-0.155 	-0.209 	
-1314.681 	-666.138 	934.472 	-0.187 	-0.080 	0.115 	
-2498.650 	341.392 	498.774 	-0.318 	0.041 	0.062 	
2108.775 	-398.838 	-334.643 	0.234 	-0.052 	-0.040 	
1717.397 	-1460.467 	1920.020 	0.196 	-0.177 	0.237 	
-848.469 	-1458.353 	2184.595 	-0.130 	-0.181 	0.265 	
-3421.911 	14.683 	2408.973 	-0.440 	0.002 	0.293 	
-1915.283 	540.154 	761.912 	-0.260 	0.067 	0.094 	
3022.008 	-2259.548 	-86.076 	0.345 	-0.281 	-0.012 	
-612.478 	685.914 	-1739.997 	-0.098 	0.079 	-0.208 	
-1016.272 	1208.438 	3065.722 	-0.140 	0.144 	0.375 	
2440.259 	-2105.245 	-687.885 	0.278 	-0.256 	-0.082 	
3338.419 	-410.359 	-1563.923 	0.391 	-0.052 	-0.187 	
2866.243 	2813.826 	3640.026 	0.328 	0.343 	0.446 	
2535.889 	-3391.592 	-1751.122 	0.289 	-0.413 	-0.209 	
2829.165 	983.286 	1033.027 	0.329 	0.119 	0.124 	
3535.543 	-1924.252 	1105.339 	0.418 	-0.235 	0.136 	
410.983 	-2550.725 	1968.229 	0.031 	-0.305 	0.241 	
978.821 	322.233 	-2462.139 	0.105 	0.039 	-0.301 	
3038.660 	2212.883 	1614.396 	0.346 	0.272 	0.201 	
-1015.785 	-650.981 	34.531 	-0.150 	-0.080 	0.007 	
-2322.325 	155.015 	-2375.625 	-0.306 	0.015 	-0.295 	
412.614 	1599.753 	1156.430 	0.026 	0.197 	0.146 	
-2268.379 	164.893 	2326.738 	-0.298 	0.027 	0.283 	
-1237.514 	-1164.200 	2999.785 	-0.174 	-0.149 	0.362 	
-3323.797 	1634.477 	908.092 	-0.431 	0.202 	0.112 	
-3366.177 	1614.295 	2766.744 	-0.426 	0.196 	0.340 	
-1140.723 	-454.215 	2391.514 	-0.161 	-0.052 	0.288 	
3322.572 	-2290.399 	-2740.002 	0.382 	-0.280 	-0.340 	
368.583 	-3333.015 	3348.901 	0.019 	-0.409 	0.409 	
-1742.697 	1759.450 	620.845 	-0.231 	0.214 	0.075 	
-3077.940 	1203.270 	2521.039 	-0.391 	0.146 	0.310 	
-2394.283 	-20.850 	1965.122 	-0.305 	-0.000 	0.240 	
103.416 	1533.663 	2018.123 	-0.014 	0.183 	0.247 	
709.840 	-1007.829 	-337.203 	0.072 	-0.122 	-0.039 	
730.122 	437.499 	487.156 	0.066 	0.047 	0.059 	
-1033.964 	-2486.069 	1159.954 	-0.142 	-0.307 	0.140 	
944.049 	-638.126 	1036.409 	0.095 	-0.079 	0.123 	
2285.442 	907.801 	1816.126 	0.263 	0.112 	0.216 	
1365.157 	352.269 	-1922.368 	0.143 	0.043 	-0.234 	
656.866 	191.318 	-1019.160 	0.058 	0.025 	-0.125 	
-3555.326 	-2506.861 	3436.927 	-0.459 	-0.308 	0.424 	
-2216.259 	3075.491 	2006.119 	-0.293 	0.373 	0.249 	
-1262.950 	-2893.757 	2417.572 	-0.173 	-0.351 	0.294 	
-637.112 	-719.272 	2263.611 	-0.099 	-0.093 	0.271 	
-979.383 	-608.576 	-786.448 	-0.147 	-0.076 	-0.098 	
3690.962 	1218.185 	3350.701 	0.435 	0.151 	0.409 	
-828.954 	-2965.776 	-2944.586 	-0.116 	-0.362 	-0.361 	
1437.709 	3468.434 	-468.890 	0.155 	0.428 	-0.060 	
989.056 	3553.869 	-3302.983 	0.105 	0.436 	-0.401 	
-514.873 	2326.678 	1322.260 	-0.082 	0.286 	0.162 	
-1286.217 	2155.702 	-340.897 	-0.178 	0.261 	-0.047 	
435.747 	1348.168 	-3783.506 	0.033 	0.162 	-0.468 	
-1392.550 	429.421 	-971.546 	-0.186 	0.054 	-0.116 	
-35.429 	268.484 	-2157.670 	-0.022 	0.032 	-0.267 	
2574.872 	2036.426 	-968.096 	0.300 	0.248 	-0.118 	
-3201.694 	2148.419 	-2165.196 	-0.414 	0.265 	-0.271 	
3123.145 	3084.799 	1926.401 	0.369 	0.376 	0.236 	
-2352.891 	2107.802 	2232.465 	-0.311 	0.255 	0.277 	
1068.832 	1126.931 	2429.269 	0.105 	0.133 	0.296 	
-3642.253 	2164.363 	-1916.387 	-0.469 	0.267 	-0.236 	
-1973.205 	3050.383 	-1083.038 	-0.258 	0.371 	-0.128 	
-2045.233 	1367.897 	1042.557 	-0.265 	0.164 	0.132 	
-390.279 	-1113.020 	1640.056 	-0.079 	-0.137 	0.194 	
-37.012 	-1328.189 	-2910.555 	-0.025 	-0.155 	-0.354 	
-3253.561 	-986.619 	-1659.337 	-0.412 	-0.122 	-0.206 	
2206.619 	365.145 	-460.932 	0.251 	0.046 	-0.049 	
2435.692 	-48.883 	-317.592 	0.274 	-0.009 	-0.032 	
-1426.603 	-629.750 	2900.632 	-0.198 	-0.079 	0.351 	
2916.315 	-1999.159 	-1939.954 	0.338 	-0.240 	-0.241 	
1092.186 	-386.087 	1631.904 	0.110 	-0.045 	0.198 	
3513.405 	-3116.940 	-1910.430 	0.414 	-0.377 	-0.237 	
1057.096 	-2300.174 	320.436 	0.109 	-0.279 	0.035 	
-925.827 	-2946.198 	172.052 	-0.135 	-0.360 	0.021 	
932.115 	2817.073 	-402.254 	0.097 	0.338 	-0.048 	
1922.004 	-553.572 	-630.488 	0.212 	-0.062 	-0.074 	
-1296.533 	-469.894 	152.020 	-0.175 	-0.061 	0.021 	
-494.559 	2152.134 	-535.164 	-0.087 	0.264 	-0.065 	
1928.390 	-2556.536 	-3300.330 	0.220 	-0.315 	-0.408 	
-2798.796 	2372.281 	868.063 	-0.365 	0.289 	0.113 	
-645.070 	-1480.019 	2195.492 	-0.104 	-0.177 	0.262 	
1412.346 	1879.179 	-107.637 	0.145 	0.230 	-0.015 	
2233.747 	3008.957 	-2675.431 	0.251 	0.371 	-0.325 	
-3003.448 	510.434 	66.453 	-0.388 	0.057 	0.012 	
2214.312 	1731.764 	538.939 	0.249 	0.207 	0.070 	
-3555.156 	3281.390 	3389.597 	-0.459 	0.398 	0.417 	
529.326 	560.139 	1241.286 	0.048 	0.068 	0.147 	
1810.584 	-862.632 	-335.750 	0.197 	-0.108 	-0.038 	
2883.750 	1771.080 	2625.549 	0.327 	0.217 	0.320 	
-522.727 	-437.172 	-372.319 	-0.089 	-0.057 	-0.039 	
2996.406 	-2540.274 	-2543.190 	0.350 	-0.310 	-0.314 	
2415.408 	-82.213 	-1279.171 	0.275 	-0.009 	-0.157 	
-2973.520 	-2886.637 	-426.572 	-0.384 	-0.352 	-0.046 	
-2655.882 	3014.457 	3047.920 	-0.348 	0.374 	0.369 	
1943.548 	-3636.795 	2267.589 	0.216 	-0.451 	0.277 	
2141.737 	-2261.214 	-359.817 	0.240 	-0.275 	-0.039 	
3501.531 	-3108.947 	3068.971 	0.414 	-0.380 	0.374 	
-1453.232 	-591.332 	-1287.688 	-0.197 	-0.070 	-0.155 	
3776.894 	3073.935 	1966.109 	0.447 	0.379 	0.237 	
1736.177 	1530.452 	-1435.594 	0.185 	0.186 	-0.177 	
17.668 	2659.005 	-964.176 	-0.016 	0.327 	-0.115 	
-3682.642 	680.370 	-1316.995 	-0.475 	0.083 	-0.157 	
-4099.939 	3056.921 	5027.148 	-0.521 	0.378 	0.616 	
1222.543 	-644.325 	2706.655 	0.135 	-0.078 	0.327 	
-1761.559 	-717.481 	-944.502 	-0.241 	-0.086 	-0.113 	
-3293.816 	1299.837 	2640.713 	-0.417 	0.160 	0.321 	
-1569.985 	1620.831 	-1851.130 	-0.211 	0.198 	-0.232 	
-92.003 	387.952 	-604.272 	-0.027 	0.043 	-0.074 	
-3071.420 	-457.689 	-1565.139 	-0.399 	-0.054 	-0.191 	
53.503 	-964.722 	-526.505 	-0.014 	-0.122 	-0.066 	
3484.462 	-403.652 	-249.949 	0.406 	-0.049 	-0.035 	
-731.970 	894.731 	616.294 	-0.114 	0.107 	0.082 	
1400.017 	-2572.997 	-322.846 	0.144 	-0.313 	-0.042 	
2276.252 	-3009.508 	-1415.453 	0.260 	-0.365 	-0.178 	
-1843.187 	-2024.096 	1348.618 	-0.241 	-0.248 	0.164 	
-719.022 	2029.094 	2619.146 	-0.109 	0.244 	0.318 	
1752.911 	3369.073 	2239.871 	0.194 	0.417 	0.273 	
-3692.498 	1735.707 	-401.395 	-0.472 	0.217 	-0.051 	
-380.022 	72.700 	-2327.678 	-0.068 	0.005 	-0.282 	
-1662.968 	1151.594 	-3102.378 	-0.222 	0.136 	-0.376 	
-3049.148 	-941.910 	442.130 	-0.396 	-0.120 	0.054 	
1467.672 	1227.116 	1184.199 	0.159 	0.151 	0.139 	
680.904 	-696.424 	-2572.436 	0.058 	-0.087 	-0.312 	
589.515 	2439.572 	1236.193 	0.053 	0.296 	0.150 	
57.199 	945.425 	1756.572 	-0.015 	0.119 	0.212 	
-1474.226 	-2146.332 	2256.789 	-0.200 	-0.260 	0.278 	
-52.346 	-413.306 	-1149.646 	-0.030 	-0.051 	-0.136 	
-929.301 	3208.332 	2006.115 	-0.139 	0.387 	0.248 	
-1858.433 	739.107 	-215.947 	-0.244 	0.087 	-0.021 	
-3048.086 	-1800.723 	298.042 	-0.399 	-0.218 	0.036 	
2295.710 	-1267.143 	-3489.992 	0.263 	-0.154 	-0.429 	
-2918.052 	3881.533 	-1680.351 	-0.381 	0.481 	-0.204 	
-1378.242 	1529.259 	-3187.666 	-0.183 	0.188 	-0.389 	
2367.048 	-1504.869 	-525.729 	0.267 	-0.178 	-0.061 	
293.993 	680.640 	-579.276 	0.012 	0.086 	-0.071 	
-981.116 	2798.343 	-1351.970 	-0.144 	0.341 	-0.164 	
-817.408 	395.430 	2259.870 	-0.123 	0.051 	0.272 	
-2591.357 	-2487.492 	3035.075 	-0.343 	-0.301 	0.371 	
1575.454 	2306.111 	2145.263 	0.175 	0.276 	0.262 	
382.861 	2136.360 	2846.222 	0.030 	0.260 	0.350 	
1136.347 	1492.389 	-1840.982 	0.115 	0.176 	-0.224 	
2063.557 	1785.018 	-3053.371 	0.232 	0.218 	-0.376 	
219.898 	-1327.887 	-2618.934 	0.005 	-0.168 	-0.319 	
-2589.263 	1714.255 	-1174.330 	-0.342 	0.206 	-0.141 	
1625.866 	141.603 	-12.734 	0.180 	0.018 	0.001 	
-2823.660 	2750.540 	185.791 	-0.375 	0.334 	0.020 	
-1379.533 	-2575.882 	-1117.592 	-0.189 	-0.313 	-0.139 	
600.514 	-1673.689 	-2637.382 	0.046 	-0.206 	-0.322 	
-741.083 	-871.355 	2095.501 	-0.117 	-0.105 	0.256 	
-261.870 	-3120.144 	1424.926 	-0.051 	-0.382 	0.177 	
2174.981 	1613.101 	-2314.675 	0.251 	0.195 	-0.283 	
247.640 	1930.629 	-1826.766 	0.010 	0.239 	-0.227 	
-35.581 	2377.305 	-2014.518 	-0.030 	0.289 	-0.243 	
-1818.975 	2399.616 	-1392.724 	-0.238 	0.294 	-0.170 	
-3572.476 	-1301.037 	421.165 	-0.459 	-0.162 	0.056 	
-2166.674 	-991.078 	-1808.609 	-0.278 	-0.123 	-0.220 	
3691.060 	-2153.517 	3160.444 	0.432 	-0.263 	0.383 	
-3402.250 	1560.375 	-558.861 	-0.438 	0.194 	-0.067 	
-435.416 	-1141.786 	1679.966 	-0.071 	-0.137 	0.212 	
-963.020 	-1165.064 	-2368.453 	-0.134 	-0.143 	-0.283 	
-1516.151 	-3173.185 	2934.088 	-0.208 	-0.386 	0.357 	
-421.108 	-1161.983 	1664.664 	-0.082 	-0.134 	0.199 	
215.948 	-3138.982 	716.994 	0.009 	-0.386 	0.088 	
-1094.154 	-478.031 	211.675 	-0.161 	-0.061 	0.027 	
-1230.390 	-1093.693 	-1160.664 	-0.172 	-0.136 	-0.138 	
-805.636 	-1291.329 	1637.236 	-0.092 	-0.137 	0.163 	
1210.798 	-2862.791 	1759.713 	0.130 	-0.354 	0.214 	
-2014.025 	-585.580 	1780.359 	-0.261 	-0.075 	0.217 	
3149.154 	1665.922 	-2663.970 	0.371 	0.205 	-0.327 	
-556.056 	1782.395 	3112.367 	-0.090 	0.213 	0.376 	
1073.209 	2648.348 	2104.422 	0.116 	0.321 	0.256 	
2066.954 	2277.895 	1421.648 	0.237 	0.280 	0.174 	
1661.364 	-1914.990 	656.770 	0.182 	-0.229 	0.082 	
-1398.432 	-530.594 	-2224.887 	-0.195 	-0.061 	-0.266 	
-1977.637 	2071.164 	1217.074 	-0.256 	0.252 	0.152 	
319.489 	-1229.860 	2047.980 	0.013 	-0.151 	0.250 	
1008.394 	-2364.674 	1709.287 	0.102 	-0.295 	0.210 	
-1066.264 	-2281.317 	212.388 	-0.154 	-0.271 	0.026 	
368.689 	-2048.884 	-426.500 	0.020 	-0.251 	-0.056 	
-309.263 	-2057.855 	-929.260 	-0.065 	-0.248 	-0.111 	
2715.244 	-476.515 	-2716.436 	0.312 	-0.058 	-0.330 	
1347.559 	722.499 	3228.005 	0.138 	0.090 	0.395 	
-2440.303 	1538.792 	2106.795 	-0.318 	0.189 	0.261 	
3474.629 	-1903.713 	3218.116 	0.410 	-0.231 	0.398 	
-2291.660 	1146.197 	499.031 	-0.296 	0.141 	0.058 	
184.525 	532.050 	2867.196 	0.002 	0.070 	0.347 	
-3592.384 	1592.305 	2175.580 	-0.460 	0.201 	0.266 	
-1298.504 	-2181.429 	636.726 	-0.181 	-0.271 	0.078 	
1654.005 	-330.899 	-1832.462 	0.185 	-0.037 	-0.225 	
-1267.430 	-3076.740 	3544.192 	-0.176 	-0.377 	0.439 	
-2838.325 	2739.843 	207.296 	-0.370 	0.336 	0.028 	
624.472 	-3264.715 	-2995.692 	0.055 	-0.396 	-0.364 	
-3564.795 	-856.425 	-3210.993 	-0.451 	-0.106 	-0.392 	
-1730.007 	2.634 	-2020.671 	-0.238 	-0.001 	-0.246 	
-11.010 	176.919 	-310.549 	-0.019 	0.019 	-0.038 	
-3585.981 	-882.917 	3372.774 	-0.461 	-0.113 	0.414 	
-1219.304 	-145.837 	-202.815 	-0.168 	-0.023 	-0.017 	
3071.058 	-1722.835 	2002.084 	0.356 	-0.215 	0.250 	
-3232.917 	-2502.099 	-2601.794 	-0.419 	-0.304 	-0.315 	
-3038.587 	899.827 	-25.954 	-0.384 	0.108 	-0.003 	
571.704 	1090.774 	-3202.572 	0.053 	0.137 	-0.393 	
-2245.175 	792.362 	1518.519 	-0.290 	0.091 	0.187 	
3250.665 	-3182.108 	2303.508 	0.373 	-0.393 	0.282 	
-1045.270 	1914.782 	-2228.228 	-0.143 	0.230 	-0.273 	
-3593.838 	276.420 	1838.927 	-0.459 	0.033 	0.227 	
1349.119 	-2546.108 	2850.978 	0.141 	-0.310 	0.351 	
-3524.832 	2371.398 	-325.918 	-0.451 	0.289 	-0.043 	
-3302.630 	1411.626 	1150.278 	-0.419 	0.169 	0.146 	
516.283 	-2451.428 	665.848 	0.047 	-0.302 	0.081 	
-1271.506 	-2513.773 	1543.567 	-0.175 	-0.312 	0.192 	
701.071 	-1821.646 	-2997.003 	0.071 	-0.226 	-0.363 	
-2832.964 	-1682.183 	1499.894 	-0.365 	-0.202 	0.183 	
-3530.741 	-1320.215 	-1686.053 	-0.456 	-0.163 	-0.208 	
1861.134 	-3107.507 	-2901.004 	0.209 	-0.384 	-0.353 	
-3200.376 	-2116.166 	-2504.716 	-0.413 	-0.260 	-0.312 	
771.121 	-992.338 	-222.834 	0.073 	-0.120 	-0.026 	
1599.372 	3017.587 	1527.357 	0.173 	0.370 	0.183 	
2711.209 	775.167 	1857.527 	0.307 	0.093 	0.230 	
1433.311 	-1765.408 	-2047.014 	0.157 	-0.221 	-0.246 	
3448.150 	-3062.573 	2639.762 	0.399 	-0.375 	0.327 	
-3275.637 	-1506.592 	-576.833 	-0.423 	-0.184 	-0.072 	
-1977.234 	3109.203 	1508.905 	-0.267 	0.378 	0.189 	
-1098.918 	1933.077 	2828.591 	-0.157 	0.231 	0.348 	
1877.274 	546.741 	2516.633 	0.209 	0.068 	0.308 	
-565.252 	-2628.632 	2815.899 	-0.091 	-0.317 	0.343 	
-2672.594 	1782.948 	1230.309 	-0.344 	0.221 	0.149 	
2081.204 	2677.370 	250.655 	0.236 	0.330 	0.033 	
-1852.220 	-1319.615 	-1333.175 	-0.242 	-0.165 	-0.163 	
-433.268 	-2169.423 	2748.655 	-0.076 	-0.270 	0.332 	
2550.670 	425.714 	456.452 	0.290 	0.049 	0.062 	
-3281.774 	-3314.570 	2112.477 	-0.418 	-0.408 	0.257 	
-1245.295 	-1090.645 	-901.150 	-0.168 	-0.127 	-0.112 	
2435.847 	-2554.021 	728.094 	0.277 	-0.309 	0.093 	
-464.012 	1689.680 	899.613 	-0.081 	0.200 	0.108 	
-818.704 	-1375.349 	-342.131 	-0.124 	-0.162 	-0.044 	
1621.203 	180.369 	-1801.843 	0.175 	0.023 	-0.215 	
-2878.167 	2906.138 	2004.578 	-0.376 	0.358 	0.240 	
3260.649 	-2831.251 	391.034 	0.382 	-0.348 	0.052 	
2806.042 	-117.435 	2179.755 	0.326 	-0.015 	0.268 	
698.652 	2849.888 	-43.846 	0.061 	0.353 	-0.007 	
472.074 	778.881 	1804.664 	0.043 	0.091 	0.216 	
-3629.647 	2245.769 	2944.665 	-0.469 	0.272 	0.361 	
-2695.590 	-907.446 	1211.339 	-0.344 	-0.114 	0.149 	
2821.560 	559.742 	-763.507 	0.319 	0.067 	-0.095 	
-1905.227 	-616.429 	-2658.309 	-0.247 	-0.075 	-0.322 	
