## Las primeras 500 lineas corresponden a la esfera 1 
##las siguienets 500 lineas a la esfera 2
## Las primeras tres columnas corresponden a la posición en 'x', 'y' y 'z', las siguientes tres a las velocidades
-43.832 	-2165.789 	227.340 	-0.010 	-0.244 	0.028 	
719.860 	-670.608 	-13.902 	0.086 	-0.077 	-0.002 	
828.306 	2765.314 	1849.787 	0.098 	0.314 	0.206 	
-2619.215 	2893.042 	1911.885 	-0.303 	0.333 	0.221 	
-515.929 	-583.765 	2710.211 	-0.054 	-0.066 	0.313 	
2920.402 	1863.636 	3289.846 	0.342 	0.215 	0.374 	
2997.659 	-1495.546 	-2925.238 	0.345 	-0.169 	-0.336 	
-2815.541 	-1596.238 	1043.723 	-0.321 	-0.177 	0.123 	
2433.581 	788.310 	1622.473 	0.276 	0.095 	0.185 	
928.117 	875.595 	1294.703 	0.105 	0.098 	0.151 	
2466.329 	-194.488 	134.765 	0.278 	-0.021 	0.013 	
-519.487 	-2249.658 	377.493 	-0.056 	-0.256 	0.045 	
521.339 	-1599.030 	245.069 	0.067 	-0.181 	0.029 	
1779.131 	2554.202 	2455.694 	0.198 	0.292 	0.279 	
-121.866 	2147.749 	-3436.607 	-0.015 	0.248 	-0.393 	
-1217.410 	-200.833 	16.388 	-0.139 	-0.018 	0.003 	
-1390.814 	2767.122 	-1136.311 	-0.162 	0.313 	-0.131 	
289.287 	1548.546 	-3108.025 	0.032 	0.171 	-0.358 	
-4089.056 	-3006.764 	-1726.747 	-0.474 	-0.342 	-0.200 	
1418.052 	-3527.139 	-3039.590 	0.158 	-0.405 	-0.349 	
351.149 	-3252.960 	3926.143 	0.042 	-0.367 	0.452 	
275.043 	1207.677 	3373.799 	0.030 	0.137 	0.380 	
-873.506 	-1525.298 	762.943 	-0.099 	-0.168 	0.085 	
-2840.261 	-2246.933 	1024.523 	-0.321 	-0.253 	0.115 	
2007.043 	-1406.253 	2272.205 	0.234 	-0.161 	0.256 	
-1290.235 	-19.171 	3007.300 	-0.141 	-0.001 	0.341 	
244.438 	-1818.972 	-107.486 	0.032 	-0.204 	-0.010 	
786.547 	-3381.421 	2498.691 	0.088 	-0.392 	0.286 	
-2884.314 	2914.286 	763.265 	-0.325 	0.332 	0.088 	
-1612.059 	-2508.208 	2018.246 	-0.180 	-0.284 	0.233 	
-1027.963 	-1740.633 	-2965.074 	-0.116 	-0.196 	-0.339 	
1402.332 	2316.292 	2824.710 	0.158 	0.261 	0.324 	
2840.939 	-1065.936 	2630.565 	0.325 	-0.121 	0.302 	
-1807.125 	1933.128 	250.716 	-0.199 	0.219 	0.030 	
300.646 	-1022.378 	-3203.860 	0.034 	-0.121 	-0.361 	
543.370 	-410.249 	352.967 	0.068 	-0.043 	0.041 	
-1372.621 	-2760.357 	-3175.184 	-0.158 	-0.313 	-0.369 	
-1306.501 	-3393.595 	2554.883 	-0.143 	-0.387 	0.292 	
-1306.140 	-293.170 	1844.648 	-0.151 	-0.031 	0.213 	
2199.569 	-3481.768 	2530.337 	0.251 	-0.398 	0.292 	
3767.310 	1362.906 	-155.835 	0.431 	0.150 	-0.019 	
677.193 	-846.437 	276.879 	0.080 	-0.091 	0.029 	
1397.934 	408.775 	2434.829 	0.176 	0.062 	0.297 	
-173.132 	-2408.933 	-1560.026 	-0.025 	-0.275 	-0.177 	
619.178 	-702.098 	2392.998 	0.075 	-0.081 	0.276 	
342.664 	619.252 	-1120.803 	0.044 	0.072 	-0.124 	
3608.669 	263.007 	58.486 	0.405 	0.020 	0.014 	
-853.272 	3375.457 	-898.078 	-0.098 	0.387 	-0.104 	
831.786 	-982.060 	-1288.516 	0.100 	-0.114 	-0.145 	
3133.446 	2044.628 	995.816 	0.359 	0.238 	0.114 	
-2854.602 	-1077.149 	-2354.448 	-0.324 	-0.126 	-0.273 	
1621.496 	-277.183 	1616.036 	0.180 	-0.031 	0.180 	
3542.740 	-1628.890 	-3467.529 	0.411 	-0.192 	-0.397 	
-246.046 	2194.917 	62.587 	-0.022 	0.249 	0.011 	
-2553.059 	2730.953 	1998.106 	-0.295 	0.310 	0.227 	
-547.820 	-3310.740 	1697.148 	-0.060 	-0.382 	0.197 	
-1349.837 	-60.539 	-2094.235 	-0.148 	-0.009 	-0.242 	
151.924 	-2922.188 	-1020.908 	0.022 	-0.334 	-0.118 	
-3426.497 	2460.984 	2936.430 	-0.394 	0.285 	0.339 	
1993.535 	3056.552 	1202.899 	0.230 	0.347 	0.133 	
-927.220 	3326.086 	874.389 	-0.111 	0.381 	0.099 	
1315.312 	1942.537 	-1149.093 	0.154 	0.219 	-0.130 	
-2665.157 	3581.263 	1414.859 	-0.310 	0.412 	0.163 	
2369.772 	704.996 	-1190.459 	0.271 	0.085 	-0.136 	
2882.453 	-3297.617 	-3333.361 	0.338 	-0.377 	-0.380 	
4108.550 	-1362.545 	-3418.639 	0.478 	-0.156 	-0.392 	
2633.211 	-1908.627 	-2979.651 	0.309 	-0.219 	-0.342 	
-3767.627 	4127.363 	-1200.278 	-0.435 	0.479 	-0.141 	
4084.614 	1897.706 	2443.261 	0.474 	0.218 	0.278 	
-583.132 	1136.400 	1469.485 	-0.067 	0.121 	0.169 	
2697.598 	965.029 	1032.929 	0.313 	0.106 	0.115 	
1140.657 	-163.300 	1248.827 	0.136 	-0.016 	0.142 	
-64.126 	2101.082 	-3475.900 	-0.009 	0.239 	-0.395 	
-912.287 	-2625.795 	-1050.050 	-0.106 	-0.300 	-0.118 	
-1617.918 	1353.597 	2112.499 	-0.191 	0.154 	0.239 	
1562.962 	-457.817 	-816.380 	0.178 	-0.052 	-0.085 	
-98.754 	-773.523 	-2448.088 	-0.012 	-0.083 	-0.280 	
3065.756 	1808.562 	-2901.780 	0.354 	0.208 	-0.337 	
379.826 	-652.836 	-1359.885 	0.041 	-0.072 	-0.157 	
-26.886 	-877.555 	2932.268 	0.000 	-0.103 	0.334 	
-547.665 	2674.502 	851.261 	-0.067 	0.300 	0.098 	
762.967 	-1400.211 	-942.863 	0.082 	-0.157 	-0.104 	
1725.805 	2224.006 	2864.618 	0.195 	0.257 	0.327 	
-745.346 	-2293.785 	2938.613 	-0.087 	-0.260 	0.339 	
2290.545 	-1187.478 	-572.545 	0.265 	-0.131 	-0.069 	
-2068.809 	-2916.085 	-2834.513 	-0.233 	-0.332 	-0.322 	
2176.159 	-694.997 	-1414.528 	0.251 	-0.073 	-0.173 	
-2290.236 	-2423.364 	2611.291 	-0.268 	-0.277 	0.300 	
-3105.728 	-3073.746 	2031.645 	-0.351 	-0.352 	0.235 	
-2808.454 	-1266.734 	-283.106 	-0.317 	-0.149 	-0.028 	
3712.553 	1728.868 	2620.521 	0.425 	0.204 	0.299 	
89.506 	1452.770 	2657.500 	0.009 	0.169 	0.304 	
276.560 	-649.975 	257.737 	0.035 	-0.077 	0.031 	
-423.947 	-3183.154 	-1293.629 	-0.045 	-0.367 	-0.144 	
3050.489 	-2011.664 	3023.392 	0.349 	-0.227 	0.345 	
-1141.123 	1976.096 	-3186.877 	-0.129 	0.232 	-0.358 	
3089.920 	763.170 	1972.429 	0.357 	0.086 	0.226 	
3323.583 	756.838 	-2190.551 	0.385 	0.087 	-0.250 	
3782.844 	2957.743 	466.548 	0.441 	0.337 	0.054 	
2013.525 	-1613.873 	2026.295 	0.225 	-0.188 	0.229 	
-2373.271 	3112.633 	1746.632 	-0.271 	0.351 	0.203 	
-3907.262 	-2788.091 	-1182.291 	-0.452 	-0.318 	-0.132 	
1054.163 	-3633.218 	2083.112 	0.122 	-0.418 	0.238 	
-1570.344 	-338.903 	2763.689 	-0.178 	-0.034 	0.319 	
1998.788 	-844.754 	1086.986 	0.234 	-0.097 	0.127 	
-3276.542 	1663.102 	3015.934 	-0.371 	0.191 	0.342 	
-3278.202 	-2270.205 	2161.430 	-0.380 	-0.258 	0.250 	
-3816.744 	4007.761 	-1619.492 	-0.441 	0.465 	-0.186 	
2372.982 	-1554.019 	137.708 	0.268 	-0.180 	0.020 	
4035.103 	-381.941 	-1261.584 	0.466 	-0.047 	-0.140 	
-969.738 	-352.360 	1982.777 	-0.109 	-0.042 	0.229 	
853.797 	-1187.902 	1779.684 	0.092 	-0.136 	0.204 	
1564.065 	-25.764 	563.403 	0.174 	-0.007 	0.062 	
-619.469 	3421.581 	-1229.120 	-0.074 	0.388 	-0.136 	
-2324.009 	3160.028 	3183.181 	-0.267 	0.362 	0.367 	
-343.639 	3402.269 	3287.188 	-0.037 	0.392 	0.376 	
1030.675 	-3539.553 	-584.616 	0.117 	-0.405 	-0.061 	
-3736.848 	-1101.194 	3527.611 	-0.426 	-0.130 	0.403 	
2551.277 	-1570.433 	-1295.666 	0.291 	-0.184 	-0.143 	
-286.016 	2490.762 	479.161 	-0.038 	0.283 	0.057 	
-1730.541 	391.165 	2198.542 	-0.195 	0.045 	0.256 	
2000.876 	-2806.117 	-1256.737 	0.230 	-0.324 	-0.144 	
1614.052 	-477.631 	-2647.726 	0.184 	-0.048 	-0.303 	
3249.323 	-1490.284 	3356.359 	0.368 	-0.172 	0.385 	
-3597.294 	1209.584 	1775.438 	-0.416 	0.136 	0.202 	
1005.262 	-416.559 	-1265.922 	0.110 	-0.044 	-0.141 	
-3704.143 	-2368.578 	-1387.663 	-0.423 	-0.270 	-0.154 	
-3956.912 	-3640.956 	1478.675 	-0.459 	-0.417 	0.168 	
-2877.918 	1495.628 	-3486.248 	-0.330 	0.173 	-0.394 	
-3046.120 	-3218.082 	1226.028 	-0.344 	-0.370 	0.140 	
-347.947 	-2132.614 	1689.689 	-0.044 	-0.242 	0.195 	
-847.728 	2741.520 	-1572.986 	-0.099 	0.315 	-0.183 	
-2152.021 	1762.442 	21.639 	-0.247 	0.198 	0.002 	
36.402 	996.171 	-3065.995 	0.000 	0.110 	-0.348 	
3801.767 	-3487.930 	327.150 	0.433 	-0.398 	0.034 	
-483.189 	-2718.398 	-1433.687 	-0.051 	-0.310 	-0.169 	
391.351 	-2121.693 	938.095 	0.041 	-0.242 	0.102 	
-2493.966 	-3239.353 	2542.511 	-0.281 	-0.374 	0.293 	
2978.419 	-1420.906 	-1473.513 	0.341 	-0.160 	-0.168 	
1326.543 	-2645.766 	814.376 	0.158 	-0.301 	0.096 	
-2540.744 	-1608.121 	-2037.467 	-0.286 	-0.186 	-0.233 	
3301.338 	-954.181 	-889.292 	0.372 	-0.106 	-0.102 	
-2273.063 	3408.241 	835.590 	-0.262 	0.387 	0.099 	
-2741.140 	-2863.686 	470.287 	-0.315 	-0.327 	0.057 	
-887.999 	1035.080 	1265.088 	-0.105 	0.113 	0.144 	
2091.241 	-451.788 	2942.681 	0.238 	-0.051 	0.331 	
-1541.102 	-180.138 	-1239.818 	-0.173 	-0.016 	-0.142 	
-56.005 	1765.078 	2640.686 	-0.009 	0.200 	0.296 	
3173.350 	-2970.167 	-3463.756 	0.359 	-0.341 	-0.398 	
-247.098 	2450.206 	-1760.746 	-0.024 	0.276 	-0.202 	
3177.912 	-3434.548 	854.444 	0.365 	-0.392 	0.093 	
-2449.806 	-956.230 	2142.411 	-0.275 	-0.106 	0.244 	
839.773 	1879.245 	3674.333 	0.094 	0.210 	0.421 	
-3715.941 	-3639.552 	-1385.290 	-0.426 	-0.416 	-0.161 	
-3137.418 	-176.545 	-3531.413 	-0.360 	-0.017 	-0.405 	
-325.968 	-1481.678 	-1259.602 	-0.043 	-0.170 	-0.143 	
3512.795 	-786.052 	2510.595 	0.413 	-0.089 	0.283 	
-3302.437 	-1704.098 	3269.375 	-0.379 	-0.198 	0.373 	
-1596.212 	-2588.673 	3662.170 	-0.180 	-0.298 	0.422 	
389.635 	-2559.825 	2147.672 	0.044 	-0.294 	0.247 	
3572.832 	-2950.538 	2711.854 	0.415 	-0.339 	0.313 	
-1111.080 	657.758 	686.767 	-0.123 	0.077 	0.075 	
-1260.548 	-87.192 	2064.209 	-0.155 	-0.001 	0.246 	
1798.940 	269.139 	-118.866 	0.210 	0.033 	-0.009 	
182.417 	-1313.721 	707.581 	0.019 	-0.149 	0.078 	
-1356.322 	-32.772 	-449.263 	-0.157 	-0.003 	-0.047 	
-1254.554 	2029.714 	-1788.990 	-0.142 	0.232 	-0.205 	
4043.451 	-883.777 	-240.993 	0.464 	-0.107 	-0.027 	
1167.758 	-97.281 	-389.838 	0.134 	-0.016 	-0.039 	
1357.759 	-765.290 	-767.255 	0.150 	-0.091 	-0.081 	
-2277.217 	684.813 	3826.016 	-0.259 	0.078 	0.439 	
2227.994 	1462.989 	148.965 	0.262 	0.164 	0.019 	
-3301.548 	637.545 	1400.803 	-0.380 	0.070 	0.159 	
905.015 	-236.010 	-1087.098 	0.101 	-0.032 	-0.124 	
-3816.064 	-1692.008 	3211.837 	-0.441 	-0.194 	0.367 	
-2968.427 	-1121.004 	-225.929 	-0.339 	-0.126 	-0.023 	
-1484.501 	-820.544 	-823.035 	-0.168 	-0.094 	-0.096 	
2314.838 	2063.015 	2892.762 	0.266 	0.237 	0.325 	
718.300 	-699.089 	2945.159 	0.084 	-0.079 	0.338 	
3465.251 	2169.809 	3747.594 	0.396 	0.253 	0.432 	
2988.455 	2727.782 	3019.268 	0.342 	0.314 	0.352 	
3212.182 	-2739.120 	-2786.651 	0.366 	-0.315 	-0.318 	
2374.701 	3328.952 	182.218 	0.278 	0.380 	0.020 	
-1665.753 	163.587 	941.655 	-0.193 	0.016 	0.112 	
-657.493 	267.104 	-2133.539 	-0.073 	0.033 	-0.248 	
-522.741 	1529.927 	1685.887 	-0.065 	0.174 	0.192 	
-3752.457 	-3322.133 	2060.882 	-0.431 	-0.377 	0.242 	
-1465.092 	1176.871 	-1324.109 	-0.167 	0.136 	-0.149 	
-1018.868 	-3119.028 	-2393.583 	-0.117 	-0.353 	-0.275 	
-1701.487 	-3043.534 	-1834.816 	-0.189 	-0.347 	-0.210 	
277.478 	-3341.383 	-2753.876 	0.031 	-0.380 	-0.313 	
2987.910 	1196.397 	237.145 	0.348 	0.137 	0.030 	
3294.607 	-269.412 	-2289.582 	0.378 	-0.032 	-0.258 	
-1405.925 	504.380 	195.221 	-0.154 	0.056 	0.027 	
-1516.371 	1619.282 	884.029 	-0.179 	0.183 	0.102 	
3374.153 	-1548.276 	-34.263 	0.384 	-0.181 	-0.008 	
-1951.413 	1282.074 	-3520.766 	-0.225 	0.145 	-0.404 	
3483.504 	-254.675 	2233.667 	0.397 	-0.024 	0.258 	
765.551 	1186.383 	1004.853 	0.094 	0.137 	0.118 	
2181.655 	-674.333 	-1399.215 	0.251 	-0.082 	-0.149 	
-2113.369 	2650.875 	620.499 	-0.241 	0.298 	0.073 	
9.491 	-2621.535 	1590.500 	0.006 	-0.294 	0.180 	
-311.895 	-278.304 	-2825.268 	-0.030 	-0.031 	-0.320 	
-1037.951 	156.921 	593.770 	-0.120 	0.019 	0.068 	
-374.431 	-2996.315 	-3038.629 	-0.041 	-0.340 	-0.351 	
-792.355 	-1300.794 	3078.553 	-0.088 	-0.151 	0.344 	
3827.978 	-537.230 	-2743.014 	0.441 	-0.066 	-0.313 	
-808.275 	533.537 	-551.868 	-0.091 	0.058 	-0.060 	
3202.991 	-3309.782 	3053.520 	0.372 	-0.377 	0.350 	
-1085.056 	-1124.836 	1033.825 	-0.123 	-0.123 	0.117 	
-974.134 	-87.266 	3116.850 	-0.108 	-0.006 	0.355 	
762.658 	1638.054 	349.266 	0.094 	0.186 	0.041 	
-3472.770 	3600.042 	-2606.675 	-0.401 	0.413 	-0.299 	
236.345 	-908.399 	-3540.738 	0.034 	-0.102 	-0.405 	
-602.556 	-1810.129 	2213.814 	-0.067 	-0.199 	0.254 	
-2124.012 	-1658.898 	-1478.846 	-0.247 	-0.189 	-0.167 	
1913.246 	3450.494 	-2965.173 	0.221 	0.396 	-0.346 	
-2071.655 	260.115 	2203.499 	-0.242 	0.029 	0.251 	
-101.241 	477.423 	1653.496 	-0.015 	0.055 	0.184 	
-538.238 	-685.895 	1067.279 	-0.052 	-0.085 	0.105 	
3307.421 	-843.798 	-2113.426 	0.378 	-0.102 	-0.244 	
3868.006 	-3638.580 	69.693 	0.442 	-0.417 	0.013 	
-2851.164 	-2098.623 	-163.005 	-0.331 	-0.241 	-0.020 	
107.101 	-2918.178 	787.273 	0.009 	-0.329 	0.093 	
-1385.127 	185.254 	2860.637 	-0.160 	0.017 	0.323 	
-1858.781 	3553.316 	164.018 	-0.208 	0.405 	0.022 	
-2603.160 	-2756.312 	1183.711 	-0.297 	-0.312 	0.134 	
3212.624 	-1304.479 	-2693.593 	0.370 	-0.148 	-0.312 	
-2289.238 	-3308.696 	2156.070 	-0.263 	-0.373 	0.247 	
-1556.533 	-66.478 	1310.218 	-0.177 	-0.014 	0.152 	
-1654.146 	348.004 	3379.677 	-0.189 	0.039 	0.389 	
-2964.694 	2196.366 	-510.774 	-0.337 	0.250 	-0.052 	
-2869.785 	987.612 	105.302 	-0.333 	0.113 	0.013 	
-1043.869 	956.673 	-1730.056 	-0.118 	0.113 	-0.196 	
3129.414 	3986.710 	-3604.018 	0.358 	0.463 	-0.416 	
-2583.010 	1425.605 	2028.253 	-0.299 	0.163 	0.236 	
-2877.415 	-327.107 	-3038.643 	-0.325 	-0.039 	-0.348 	
1753.736 	-2461.039 	1128.022 	0.203 	-0.284 	0.124 	
2679.255 	2842.731 	-228.809 	0.314 	0.325 	-0.023 	
2959.932 	1553.078 	-3322.145 	0.336 	0.180 	-0.376 	
1946.638 	933.226 	-2217.711 	0.220 	0.105 	-0.247 	
-1444.228 	-2808.093 	-835.329 	-0.162 	-0.316 	-0.097 	
2719.445 	-1230.182 	273.522 	0.313 	-0.138 	0.025 	
-649.286 	3041.733 	760.721 	-0.044 	0.371 	0.096 	
796.307 	-2089.766 	3060.170 	0.092 	-0.237 	0.343 	
-1778.240 	1154.623 	-1393.128 	-0.203 	0.130 	-0.162 	
-2634.635 	-103.695 	1308.908 	-0.305 	-0.012 	0.153 	
2860.093 	-973.700 	2813.129 	0.331 	-0.113 	0.316 	
800.637 	-2109.754 	-3181.597 	0.096 	-0.243 	-0.358 	
3961.379 	662.360 	-2201.618 	0.459 	0.076 	-0.253 	
1343.222 	-829.515 	2790.069 	0.159 	-0.094 	0.318 	
-2302.624 	3080.978 	-677.555 	-0.256 	0.353 	-0.077 	
-1489.660 	-1440.549 	1255.885 	-0.171 	-0.164 	0.147 	
-1253.168 	-1616.974 	655.316 	-0.141 	-0.184 	0.082 	
3485.706 	60.850 	1555.546 	0.401 	0.012 	0.181 	
-2366.440 	230.797 	2191.292 	-0.271 	0.026 	0.257 	
-27.819 	1390.905 	-2659.295 	-0.008 	0.160 	-0.307 	
-2500.698 	-3300.843 	-3300.434 	-0.282 	-0.376 	-0.382 	
1786.390 	2822.765 	-1292.142 	0.202 	0.320 	-0.147 	
-3499.629 	1675.837 	2069.334 	-0.402 	0.192 	0.234 	
-3662.410 	231.885 	1397.121 	-0.422 	0.030 	0.160 	
1128.815 	-2931.338 	-2944.080 	0.127 	-0.338 	-0.332 	
-4916.589 	31.099 	-24.761 	-0.592 	-0.015 	-0.005 	
-3297.487 	-1346.199 	1767.362 	-0.375 	-0.155 	0.206 	
2002.625 	-775.680 	-2410.993 	0.227 	-0.089 	-0.280 	
1020.333 	661.782 	455.140 	0.120 	0.075 	0.058 	
-104.629 	-1301.351 	816.836 	-0.015 	-0.152 	0.089 	
-3563.538 	301.064 	-2066.631 	-0.410 	0.032 	-0.240 	
2909.816 	-294.282 	3953.510 	0.336 	-0.032 	0.457 	
-700.043 	-1229.159 	1998.872 	-0.080 	-0.144 	0.223 	
1303.254 	-2073.150 	-805.733 	0.145 	-0.236 	-0.090 	
513.584 	-541.029 	549.591 	0.061 	-0.066 	0.059 	
-3148.960 	-3736.117 	-1867.904 	-0.362 	-0.431 	-0.213 	
1785.443 	-1663.825 	-3023.934 	0.204 	-0.185 	-0.342 	
766.566 	1116.619 	-771.194 	0.092 	0.146 	-0.087 	
-1420.618 	-393.794 	1191.865 	-0.161 	-0.039 	0.140 	
4019.550 	1990.794 	-320.212 	0.466 	0.226 	-0.038 	
893.248 	-436.481 	-2057.152 	0.100 	-0.050 	-0.237 	
-2896.196 	1012.010 	-3615.875 	-0.330 	0.118 	-0.413 	
1399.318 	1082.229 	1102.259 	0.164 	0.119 	0.130 	
3509.698 	249.620 	-2885.283 	0.397 	0.026 	-0.327 	
-1430.053 	480.206 	-1840.076 	-0.163 	0.058 	-0.213 	
-3575.270 	3228.123 	1362.624 	-0.414 	0.370 	0.157 	
142.342 	-2804.196 	-3347.191 	0.020 	-0.320 	-0.387 	
2518.963 	3183.175 	-2005.905 	0.290 	0.364 	-0.236 	
1809.264 	-1435.685 	399.339 	0.205 	-0.163 	0.051 	
1844.445 	-3077.339 	-2516.368 	0.209 	-0.350 	-0.292 	
1171.553 	-1447.376 	2033.538 	0.131 	-0.165 	0.232 	
1561.563 	-1543.560 	2480.670 	0.179 	-0.174 	0.284 	
3162.244 	3495.997 	-3108.470 	0.360 	0.402 	-0.361 	
2963.442 	-528.813 	2159.585 	0.342 	-0.057 	0.251 	
1288.321 	-833.482 	-720.039 	0.150 	-0.091 	-0.082 	
-1467.262 	-1346.024 	2665.503 	-0.171 	-0.152 	0.305 	
-1674.566 	-782.287 	2918.579 	-0.190 	-0.094 	0.333 	
683.129 	-1742.331 	-1122.436 	0.079 	-0.197 	-0.130 	
-2368.421 	-383.207 	-68.933 	-0.270 	-0.046 	-0.009 	
-396.820 	3002.015 	-3682.168 	-0.040 	0.347 	-0.422 	
-2829.457 	-921.747 	1876.561 	-0.328 	-0.105 	0.214 	
-130.816 	-2853.296 	3073.464 	-0.016 	-0.322 	0.355 	
-1374.923 	1087.570 	2866.199 	-0.153 	0.127 	0.326 	
-404.930 	-132.856 	2030.799 	-0.049 	-0.017 	0.232 	
2572.324 	-1950.259 	5.222 	0.297 	-0.225 	-0.004 	
-145.435 	-1288.940 	860.596 	-0.005 	-0.145 	0.101 	
-716.880 	-1277.886 	2899.454 	-0.076 	-0.145 	0.333 	
-3632.592 	-1017.970 	981.807 	-0.420 	-0.117 	0.113 	
-968.665 	-2377.400 	-517.506 	-0.115 	-0.269 	-0.059 	
1018.331 	-3523.439 	1879.486 	0.114 	-0.408 	0.215 	
1266.038 	-2637.757 	-686.418 	0.143 	-0.302 	-0.075 	
1487.191 	-3241.765 	-369.792 	0.172 	-0.372 	-0.038 	
956.757 	136.836 	2931.449 	0.105 	0.013 	0.334 	
-3251.136 	1578.659 	211.486 	-0.373 	0.179 	0.023 	
-738.398 	781.487 	1491.575 	-0.079 	0.086 	0.168 	
-1275.351 	-1895.884 	3093.352 	-0.148 	-0.217 	0.358 	
-2674.814 	-3189.419 	2808.766 	-0.306 	-0.363 	0.327 	
1916.064 	2180.827 	-3344.493 	0.218 	0.248 	-0.379 	
-1130.089 	1993.411 	-3200.572 	-0.123 	0.223 	-0.366 	
-200.452 	-2719.688 	-2194.948 	-0.016 	-0.310 	-0.251 	
-36.024 	-216.485 	491.536 	0.003 	-0.029 	0.055 	
2377.761 	-1108.280 	603.910 	0.273 	-0.127 	0.065 	
1911.515 	1121.057 	-2067.696 	0.226 	0.128 	-0.235 	
-2325.444 	-3177.475 	1831.677 	-0.263 	-0.368 	0.207 	
3946.975 	-784.566 	-3581.217 	0.457 	-0.090 	-0.412 	
-573.665 	2543.348 	858.299 	-0.060 	0.293 	0.096 	
-2059.191 	2871.816 	-2489.845 	-0.237 	0.328 	-0.287 	
-2761.711 	1888.022 	-980.896 	-0.310 	0.215 	-0.112 	
-49.097 	934.023 	-349.286 	-0.009 	0.100 	-0.040 	
-3045.333 	1237.838 	258.446 	-0.343 	0.146 	0.028 	
-160.036 	-2664.496 	-2037.664 	-0.020 	-0.302 	-0.228 	
-2525.995 	-1445.287 	130.954 	-0.290 	-0.164 	0.010 	
1973.578 	1551.857 	-1987.294 	0.232 	0.178 	-0.225 	
-2452.124 	3478.288 	483.498 	-0.281 	0.395 	0.061 	
1801.080 	-315.886 	-2591.095 	0.208 	-0.035 	-0.296 	
-339.540 	266.023 	-714.191 	-0.035 	0.024 	-0.076 	
-3384.268 	-1779.933 	-3178.923 	-0.387 	-0.209 	-0.367 	
1556.609 	-657.881 	517.353 	0.175 	-0.076 	0.062 	
-2787.279 	-685.016 	3082.012 	-0.319 	-0.077 	0.354 	
2756.295 	-300.418 	2554.350 	0.316 	-0.037 	0.288 	
987.396 	-298.063 	-2351.810 	0.109 	-0.039 	-0.268 	
2870.305 	1161.935 	-229.625 	0.326 	0.134 	-0.029 	
1253.192 	599.415 	2086.845 	0.140 	0.070 	0.237 	
-255.008 	1599.502 	-2647.461 	-0.032 	0.183 	-0.300 	
3605.424 	-2622.545 	-1115.069 	0.419 	-0.299 	-0.125 	
-3239.267 	-3263.331 	3405.698 	-0.373 	-0.376 	0.390 	
-2803.719 	-1958.058 	-80.619 	-0.318 	-0.223 	-0.010 	
2138.964 	508.560 	740.236 	0.238 	0.058 	0.085 	
3538.265 	-873.308 	934.210 	0.405 	-0.097 	0.103 	
-2930.738 	1102.012 	1617.754 	-0.333 	0.129 	0.191 	
102.900 	-198.972 	43.938 	0.007 	-0.022 	0.008 	
-978.893 	-2047.911 	2851.797 	-0.106 	-0.232 	0.328 	
-372.887 	-1734.214 	-1350.679 	-0.039 	-0.200 	-0.150 	
3412.751 	-1377.208 	-2321.444 	0.390 	-0.162 	-0.264 	
376.291 	-2025.128 	-1910.025 	0.037 	-0.230 	-0.216 	
2669.306 	-2823.280 	3560.991 	0.310 	-0.320 	0.407 	
-3279.876 	-1318.371 	-1720.852 	-0.373 	-0.146 	-0.193 	
-2992.092 	-830.476 	-1120.844 	-0.346 	-0.099 	-0.127 	
488.058 	-752.806 	2723.852 	0.063 	-0.086 	0.310 	
2089.300 	-2021.823 	1514.187 	0.246 	-0.231 	0.170 	
-1898.235 	1518.874 	1613.217 	-0.222 	0.171 	0.186 	
-3236.364 	-1785.102 	2717.511 	-0.369 	-0.199 	0.312 	
-2542.114 	-25.567 	870.296 	-0.292 	-0.004 	0.103 	
-2038.985 	-2400.352 	371.802 	-0.230 	-0.271 	0.040 	
3238.221 	3044.016 	2038.946 	0.374 	0.343 	0.232 	
3224.486 	1780.781 	-618.510 	0.375 	0.206 	-0.072 	
-3066.381 	-2878.860 	782.981 	-0.350 	-0.328 	0.093 	
-2540.548 	755.903 	1441.795 	-0.293 	0.082 	0.166 	
-2036.527 	330.307 	1742.295 	-0.227 	0.041 	0.202 	
-1912.818 	-944.702 	-3667.071 	-0.220 	-0.111 	-0.424 	
-1783.992 	-1954.426 	-2827.086 	-0.206 	-0.227 	-0.326 	
3858.554 	3938.165 	-1838.678 	0.445 	0.456 	-0.209 	
3688.344 	1314.662 	-2973.393 	0.424 	0.148 	-0.345 	
-930.596 	-1556.461 	-1008.756 	-0.106 	-0.180 	-0.113 	
-979.332 	-1508.243 	2396.940 	-0.110 	-0.178 	0.272 	
974.209 	-220.638 	386.968 	0.116 	-0.027 	0.041 	
1191.685 	358.057 	777.121 	0.138 	0.036 	0.087 	
-2132.700 	2238.039 	2142.846 	-0.248 	0.256 	0.245 	
-2398.423 	2849.113 	-3295.935 	-0.276 	0.323 	-0.377 	
-958.800 	-2189.034 	-3642.682 	-0.108 	-0.246 	-0.419 	
2909.781 	-1446.301 	-2259.172 	0.328 	-0.164 	-0.257 	
-42.864 	28.892 	-2250.750 	-0.004 	0.004 	-0.257 	
1143.403 	2839.337 	1205.366 	0.132 	0.328 	0.141 	
1886.786 	-287.329 	-27.450 	0.221 	-0.032 	-0.004 	
1499.070 	1693.325 	2076.072 	0.173 	0.191 	0.243 	
1058.984 	-1405.070 	-1530.548 	0.125 	-0.159 	-0.171 	
3287.753 	-2639.774 	-2261.918 	0.383 	-0.303 	-0.259 	
1051.646 	847.112 	-2169.932 	0.122 	0.097 	-0.249 	
-2332.052 	-2525.623 	-61.460 	-0.264 	-0.292 	-0.006 	
1934.270 	1234.979 	1585.458 	0.215 	0.139 	0.181 	
2789.891 	1017.450 	358.355 	0.325 	0.112 	0.040 	
-250.548 	-3140.227 	2959.326 	-0.027 	-0.357 	0.344 	
276.561 	1167.603 	2959.758 	0.038 	0.133 	0.334 	
2677.518 	-128.656 	2864.707 	0.312 	-0.014 	0.326 	
3048.637 	1167.435 	-140.982 	0.346 	0.130 	-0.012 	
-2030.455 	-3869.580 	3844.615 	-0.231 	-0.445 	0.444 	
-3961.060 	-3223.247 	3558.575 	-0.457 	-0.368 	0.410 	
3738.450 	3006.553 	11.849 	0.434 	0.341 	0.001 	
3786.257 	746.312 	3220.034 	0.435 	0.080 	0.371 	
1400.716 	407.779 	2433.955 	0.134 	0.029 	0.256 	
-2459.340 	-396.904 	-3050.627 	-0.282 	-0.044 	-0.348 	
2699.606 	1353.448 	-1142.483 	0.316 	0.155 	-0.132 	
-903.095 	1841.771 	-3159.493 	-0.106 	0.208 	-0.358 	
1436.533 	1516.963 	-476.357 	0.163 	0.172 	-0.055 	
2192.034 	-1352.608 	-1895.728 	0.252 	-0.152 	-0.214 	
2926.720 	2763.625 	3424.748 	0.336 	0.321 	0.395 	
361.205 	3040.983 	-2197.483 	0.036 	0.346 	-0.250 	
-3122.036 	618.279 	1317.043 	-0.354 	0.074 	0.153 	
950.803 	-3364.603 	2300.417 	0.113 	-0.384 	0.259 	
1096.889 	-1356.824 	-348.822 	0.122 	-0.157 	-0.039 	
2695.894 	206.720 	-289.310 	0.308 	0.028 	-0.036 	
-1624.633 	1547.658 	-2409.400 	-0.183 	0.179 	-0.278 	
1703.981 	-3010.180 	1715.693 	0.192 	-0.347 	0.198 	
2955.208 	2961.723 	152.292 	0.343 	0.338 	0.020 	
1977.099 	-3195.250 	2951.097 	0.226 	-0.361 	0.338 	
3513.913 	-261.592 	764.571 	0.402 	-0.025 	0.090 	
3915.666 	3125.426 	2072.655 	0.447 	0.359 	0.239 	
1065.137 	-2602.705 	1443.923 	0.128 	-0.298 	0.166 	
-2014.395 	-3600.476 	3362.677 	-0.232 	-0.416 	0.386 	
1521.823 	-713.975 	-759.716 	0.176 	-0.077 	-0.086 	
-270.009 	71.317 	561.703 	-0.033 	0.005 	0.061 	
-3157.164 	3968.264 	3210.601 	-0.366 	0.460 	0.367 	
197.837 	343.439 	3023.218 	0.029 	0.041 	0.342 	
-476.535 	3094.031 	2802.524 	-0.056 	0.358 	0.318 	
2620.343 	-2797.953 	3068.929 	0.305 	-0.325 	0.354 	
-2781.672 	-2921.979 	2994.894 	-0.320 	-0.329 	0.343 	
-3268.015 	-2091.604 	2466.122 	-0.375 	-0.237 	0.283 	
-2424.856 	2278.934 	1116.628 	-0.274 	0.264 	0.131 	
-539.337 	-3768.856 	716.661 	-0.055 	-0.431 	0.081 	
454.970 	-1786.940 	2559.772 	0.055 	-0.203 	0.293 	
-114.816 	345.964 	421.605 	-0.014 	0.035 	0.052 	
-2959.379 	-3345.991 	-2718.506 	-0.343 	-0.384 	-0.307 	
-1704.335 	-114.090 	1874.063 	-0.191 	-0.017 	0.213 	
2668.346 	1007.390 	445.617 	0.302 	0.118 	0.052 	
1345.173 	-1913.157 	2498.548 	0.156 	-0.222 	0.289 	
-2752.579 	-1606.695 	-2341.488 	-0.313 	-0.181 	-0.265 	
116.277 	-1748.898 	-696.807 	0.009 	-0.221 	-0.078 	
3614.204 	262.766 	78.577 	0.412 	0.037 	0.007 	
-1723.416 	-2494.389 	-2298.782 	-0.195 	-0.287 	-0.259 	
2919.683 	-1780.417 	196.054 	0.338 	-0.201 	0.024 	
-907.511 	2469.485 	2166.300 	-0.099 	0.278 	0.247 	
598.362 	-889.912 	3085.913 	0.069 	-0.100 	0.349 	
3098.814 	-445.563 	1654.582 	0.356 	-0.053 	0.186 	
-950.385 	155.738 	-3720.963 	-0.106 	0.020 	-0.427 	
-1676.463 	-616.175 	-57.772 	-0.190 	-0.076 	-0.003 	
736.696 	2874.726 	1514.635 	0.082 	0.328 	0.175 	
-3282.623 	835.939 	-610.852 	-0.378 	0.093 	-0.072 	
1835.059 	-1811.100 	958.162 	0.207 	-0.203 	0.106 	
-673.782 	652.487 	-762.318 	-0.082 	0.071 	-0.087 	
2714.331 	-2887.223 	605.298 	0.311 	-0.331 	0.073 	
314.772 	-658.262 	1012.198 	0.030 	-0.073 	0.114 	
3609.748 	-2928.006 	1195.335 	0.418 	-0.333 	0.136 	
-1639.850 	332.221 	-228.729 	-0.182 	0.037 	-0.025 	
-2807.758 	384.318 	3024.117 	-0.323 	0.050 	0.344 	
3720.466 	1431.288 	-345.403 	0.426 	0.159 	-0.033 	
-2222.399 	2821.182 	-1714.276 	-0.251 	0.326 	-0.193 	
-2195.213 	2722.431 	-1006.244 	-0.245 	0.312 	-0.116 	
2661.042 	-846.989 	-363.163 	0.301 	-0.090 	-0.040 	
-2891.392 	653.802 	2743.934 	-0.328 	0.076 	0.313 	
3079.914 	-1773.595 	-3603.180 	0.360 	-0.200 	-0.412 	
-2555.377 	-3462.658 	-1907.805 	-0.292 	-0.394 	-0.218 	
-730.044 	-401.665 	2677.980 	-0.079 	-0.047 	0.302 	
-219.861 	-1790.859 	-280.527 	-0.026 	-0.203 	-0.038 	
-262.987 	-491.119 	1369.066 	-0.024 	-0.056 	0.160 	
2201.835 	970.690 	864.214 	0.256 	0.113 	0.102 	
1382.376 	-2828.063 	19.237 	0.163 	-0.318 	0.005 	
1939.856 	-3220.197 	-3137.402 	0.219 	-0.370 	-0.359 	
-2099.864 	3155.479 	-917.035 	-0.239 	0.358 	-0.107 	
-2639.930 	2983.551 	808.510 	-0.298 	0.344 	0.092 	
4.705 	-293.114 	-987.251 	0.002 	-0.035 	-0.115 	
-188.385 	-2819.136 	2111.249 	-0.014 	-0.321 	0.240 	
950.978 	-1116.479 	3224.641 	0.108 	-0.124 	0.372 	
3184.388 	2556.169 	-3334.649 	0.369 	0.298 	-0.383 	
64.985 	-1853.207 	-693.205 	0.007 	-0.211 	-0.074 	
3780.044 	2589.578 	-108.383 	0.439 	0.295 	-0.013 	
-1390.403 	2157.935 	-3858.464 	-0.154 	0.245 	-0.441 	
-123.430 	248.675 	-714.643 	-0.015 	0.024 	-0.083 	
-2891.186 	-727.227 	1259.847 	-0.324 	-0.085 	0.146 	
1674.984 	-481.943 	10.706 	0.190 	-0.060 	0.000 	
-1061.360 	-720.609 	2989.936 	-0.123 	-0.082 	0.334 	
-585.671 	197.851 	-3717.864 	-0.066 	0.026 	-0.425 	
2820.168 	1180.460 	1314.676 	0.316 	0.135 	0.148 	
-3021.587 	-1903.560 	-4146.061 	-0.344 	-0.217 	-0.481 	
3369.303 	-685.929 	824.136 	0.383 	-0.075 	0.096 	
2096.622 	-3434.650 	522.028 	0.236 	-0.394 	0.062 	
1784.613 	3231.465 	-2173.536 	0.210 	0.366 	-0.247 	
2756.078 	874.466 	-2331.808 	0.313 	0.104 	-0.264 	
144.390 	-3850.319 	3292.307 	0.021 	-0.445 	0.375 	
1337.698 	-1159.799 	1130.776 	0.160 	-0.132 	0.128 	
151.719 	3628.068 	1665.401 	0.024 	0.415 	0.192 	
2992.804 	-1917.222 	-2267.427 	0.349 	-0.221 	-0.259 	
1489.769 	3379.091 	-147.398 	0.174 	0.387 	-0.012 	
1751.790 	990.067 	-1078.744 	0.195 	0.114 	-0.122 	
2973.888 	3334.983 	-830.901 	0.337 	0.377 	-0.095 	
1671.910 	1787.173 	-1112.166 	0.199 	0.204 	-0.126 	
1244.175 	-970.395 	-481.738 	0.148 	-0.115 	-0.056 	
1072.039 	-776.760 	1172.186 	0.123 	-0.088 	0.125 	
-991.090 	-2463.321 	-1527.940 	-0.117 	-0.282 	-0.170 	
-3554.154 	-1183.915 	2654.225 	-0.403 	-0.133 	0.303 	
-3035.965 	-2645.378 	-344.676 	-0.345 	-0.306 	-0.043 	
842.379 	3117.573 	1669.846 	0.094 	0.359 	0.190 	
-770.427 	-1045.625 	1431.725 	-0.093 	-0.119 	0.163 	
2062.055 	-3435.738 	473.792 	0.243 	-0.393 	0.059 	
-3548.022 	-1434.306 	2201.251 	-0.421 	-0.163 	0.250 	
2515.022 	-3201.442 	-3343.853 	0.271 	-0.371 	-0.380 	
-3351.622 	-1350.815 	-2850.631 	-0.404 	-0.150 	-0.327 	
-1158.613 	-3127.275 	1552.197 	-0.148 	-0.354 	0.183 	
2232.736 	1762.520 	-472.193 	0.232 	0.197 	-0.056 	
-2270.695 	-3019.122 	1827.184 	-0.284 	-0.347 	0.212 	
3890.414 	-3115.353 	-3205.701 	0.429 	-0.361 	-0.370 	
2694.919 	-2130.115 	1907.630 	0.289 	-0.244 	0.223 	
-1298.801 	-1863.235 	-3148.663 	-0.173 	-0.210 	-0.359 	
1458.190 	1822.870 	-2507.120 	0.145 	0.208 	-0.290 	
2698.973 	1131.624 	355.868 	0.291 	0.130 	0.037 	
450.893 	106.706 	833.107 	0.024 	0.008 	0.094 	
-3595.944 	3192.009 	3432.302 	-0.435 	0.365 	0.391 	
1223.242 	-2588.217 	1341.794 	0.113 	-0.296 	0.154 	
1237.915 	3885.644 	3460.612 	0.123 	0.447 	0.392 	
-257.649 	2980.295 	2169.359 	-0.045 	0.341 	0.244 	
2408.247 	-1058.145 	1438.465 	0.260 	-0.118 	0.167 	
741.040 	-3622.276 	3419.875 	0.060 	-0.414 	0.392 	
-513.555 	3399.910 	1232.780 	-0.077 	0.388 	0.146 	
1857.327 	-3434.512 	3087.044 	0.195 	-0.396 	0.351 	
530.145 	935.173 	1721.864 	0.039 	0.106 	0.198 	
-1510.023 	3481.093 	-3529.025 	-0.188 	0.397 	-0.403 	
913.963 	1188.144 	78.305 	0.091 	0.137 	0.010 	
2525.293 	218.220 	-440.821 	0.265 	0.028 	-0.053 	
-4039.273 	1366.203 	-2001.515 	-0.488 	0.157 	-0.229 	
279.676 	2683.994 	1643.048 	0.009 	0.310 	0.191 	
289.123 	-1233.562 	24.232 	0.015 	-0.144 	0.005 	
-442.872 	-2695.943 	-467.108 	-0.072 	-0.310 	-0.050 	
-2604.142 	-644.269 	-792.905 	-0.322 	-0.073 	-0.091 	
-1151.303 	1663.564 	-3505.603 	-0.147 	0.189 	-0.399 	
630.318 	1274.180 	-589.680 	0.058 	0.144 	-0.063 	
-1435.053 	3461.276 	1080.914 	-0.180 	0.399 	0.127 	
-2503.953 	2474.339 	-3196.419 	-0.311 	0.283 	-0.369 	
18.680 	3201.308 	2604.381 	-0.020 	0.367 	0.294 	
981.701 	-3524.360 	3068.322 	0.092 	-0.400 	0.352 	
922.548 	-2920.452 	410.022 	0.089 	-0.330 	0.050 	
430.769 	-577.315 	-2771.637 	0.027 	-0.064 	-0.316 	
-2928.167 	974.304 	3241.640 	-0.358 	0.107 	0.374 	
-3875.132 	2185.674 	29.512 	-0.466 	0.244 	0.005 	
3030.292 	113.066 	-2180.895 	0.329 	0.013 	-0.245 	
-1757.351 	-1387.398 	-2037.579 	-0.219 	-0.154 	-0.235 	
-2652.098 	-1837.966 	-1112.088 	-0.318 	-0.204 	-0.127 	
1866.930 	-3288.589 	-2047.110 	0.189 	-0.375 	-0.235 	
-2679.656 	1055.979 	-2211.633 	-0.325 	0.122 	-0.247 	
-1582.901 	-580.702 	-951.514 	-0.205 	-0.063 	-0.111 	
3065.042 	3742.253 	-1939.487 	0.333 	0.434 	-0.219 	
1369.581 	-2351.692 	-2083.167 	0.137 	-0.266 	-0.242 	
-2549.663 	2914.200 	-3231.256 	-0.311 	0.328 	-0.373 	
-1044.741 	-1764.672 	-1441.987 	-0.131 	-0.202 	-0.164 	
-83.667 	-568.245 	1037.588 	-0.035 	-0.067 	0.118 	
-69.845 	64.184 	143.418 	-0.029 	0.009 	0.015 	
1323.588 	3864.644 	-308.728 	0.138 	0.443 	-0.035 	
1372.301 	-2241.729 	-1084.007 	0.144 	-0.256 	-0.122 	
2204.153 	1558.698 	1258.278 	0.231 	0.178 	0.143 	
-3049.740 	-432.421 	2017.252 	-0.369 	-0.044 	0.227 	
-1035.490 	2452.359 	2203.927 	-0.136 	0.287 	0.255 	
-2628.565 	1558.167 	2703.371 	-0.327 	0.178 	0.307 	
-1198.264 	-698.761 	-1474.284 	-0.153 	-0.076 	-0.165 	
-2427.441 	-1699.231 	-1313.586 	-0.292 	-0.198 	-0.150 	
-2497.637 	41.430 	330.066 	-0.304 	0.009 	0.035 	
-927.623 	-3066.101 	1044.028 	-0.121 	-0.346 	0.122 	
904.534 	-432.825 	-113.141 	0.085 	-0.049 	-0.014 	
1899.308 	1103.358 	1808.134 	0.203 	0.126 	0.202 	
-137.726 	-369.455 	-3214.366 	-0.040 	-0.040 	-0.365 	
-165.753 	-1692.016 	-1514.268 	-0.036 	-0.189 	-0.173 	
1584.048 	-253.341 	3140.282 	0.163 	-0.030 	0.358 	
316.183 	-977.328 	641.614 	0.012 	-0.112 	0.078 	
347.607 	-3046.857 	3358.819 	0.022 	-0.345 	0.386 	
1068.640 	666.083 	1561.918 	0.103 	0.078 	0.178 	
145.710 	-2857.828 	-348.108 	-0.009 	-0.326 	-0.040 	
45.987 	-2826.412 	-1511.202 	-0.019 	-0.321 	-0.174 	
-3192.522 	-2760.402 	-224.981 	-0.385 	-0.311 	-0.025 	
-3260.995 	-2209.852 	-985.941 	-0.398 	-0.253 	-0.112 	
3069.170 	-3102.605 	-841.594 	0.337 	-0.357 	-0.100 	
-832.265 	-1455.571 	-1728.241 	-0.117 	-0.171 	-0.199 	
-924.170 	-538.165 	246.662 	-0.131 	-0.063 	0.029 	
-1305.042 	2712.995 	-1905.369 	-0.166 	0.313 	-0.220 	
-1648.696 	1288.675 	1117.172 	-0.211 	0.151 	0.125 	
-809.540 	1033.289 	-1805.315 	-0.117 	0.120 	-0.206 	
-2947.216 	-2208.940 	1482.011 	-0.352 	-0.250 	0.169 	
1610.759 	-2469.836 	-584.191 	0.169 	-0.281 	-0.063 	
2463.563 	709.144 	2641.460 	0.258 	0.083 	0.301 	
-3079.084 	1915.999 	2461.932 	-0.368 	0.219 	0.279 	
-1635.397 	884.068 	1036.147 	-0.213 	0.101 	0.117 	
-1967.084 	-2665.316 	3830.511 	-0.242 	-0.300 	0.440 	
-2138.085 	-2011.115 	298.132 	-0.264 	-0.232 	0.039 	
-2329.589 	344.683 	-2661.183 	-0.284 	0.038 	-0.305 	
2905.033 	25.145 	-2804.922 	0.319 	0.001 	-0.319 	
498.989 	1269.721 	3136.072 	0.041 	0.148 	0.356 	
-2158.565 	1793.948 	1607.488 	-0.263 	0.202 	0.181 	
-1220.231 	1840.726 	2446.334 	-0.153 	0.209 	0.279 	
-3312.054 	2805.667 	543.308 	-0.399 	0.327 	0.064 	
-1007.758 	-1257.889 	-1469.403 	-0.132 	-0.149 	-0.163 	
-1317.407 	-2768.100 	748.559 	-0.170 	-0.314 	0.091 	
3561.233 	3155.948 	-2356.980 	0.395 	0.363 	-0.270 	
163.302 	-2389.836 	-2332.223 	0.004 	-0.273 	-0.271 	
-2051.168 	-3224.244 	-2746.817 	-0.254 	-0.374 	-0.312 	
1078.111 	4015.003 	-1607.800 	0.101 	0.462 	-0.188 	
824.302 	-2068.036 	2871.472 	0.071 	-0.239 	0.329 	
3746.296 	-331.047 	-2348.903 	0.414 	-0.040 	-0.270 	
992.291 	-513.062 	599.336 	0.089 	-0.059 	0.068 	
713.713 	3521.613 	-1891.698 	0.059 	0.404 	-0.217 	
-2488.832 	-1384.691 	-1391.345 	-0.302 	-0.153 	-0.158 	
-1489.808 	3169.003 	-796.592 	-0.191 	0.356 	-0.089 	
-1363.209 	-674.835 	-2934.178 	-0.172 	-0.077 	-0.335 	
1524.014 	-3417.894 	-1536.888 	0.158 	-0.394 	-0.173 	
2209.453 	-888.058 	-29.945 	0.231 	-0.097 	0.000 	
3398.741 	45.688 	2121.113 	0.374 	0.005 	0.243 	
1798.642 	2638.089 	-3607.733 	0.193 	0.302 	-0.415 	
-2903.362 	1064.283 	2313.057 	-0.345 	0.122 	0.263 	
-477.200 	5.194 	996.225 	-0.069 	0.001 	0.116 	
-1260.220 	2812.380 	2429.453 	-0.166 	0.323 	0.279 	
3705.311 	3088.139 	-693.692 	0.407 	0.354 	-0.081 	
-3285.569 	374.986 	2366.795 	-0.396 	0.038 	0.269 	
-3762.879 	937.200 	-2655.509 	-0.446 	0.109 	-0.305 	
-2512.114 	-1317.436 	-593.763 	-0.307 	-0.153 	-0.070 	
981.407 	1117.152 	-1588.234 	0.088 	0.127 	-0.185 	
2599.445 	3582.728 	-2331.743 	0.280 	0.414 	-0.271 	
-2569.403 	1408.798 	-118.060 	-0.314 	0.156 	-0.015 	
428.060 	251.515 	712.620 	0.025 	0.025 	0.082 	
458.580 	-2814.142 	-1442.325 	0.027 	-0.322 	-0.166 	
-2961.784 	-427.848 	-1768.155 	-0.362 	-0.049 	-0.199 	
3775.542 	2427.054 	-2286.280 	0.419 	0.281 	-0.263 	
2444.956 	591.623 	1931.580 	0.262 	0.071 	0.216 	
820.653 	3138.544 	657.812 	0.073 	0.354 	0.074 	
1011.494 	-882.931 	-1276.241 	0.092 	-0.103 	-0.141 	
2770.820 	2788.673 	-2434.245 	0.294 	0.321 	-0.279 	
3476.115 	858.273 	-1054.007 	0.383 	0.099 	-0.120 	
-2326.731 	917.279 	-659.094 	-0.290 	0.100 	-0.072 	
-1619.933 	-3043.547 	-912.818 	-0.203 	-0.342 	-0.106 	
1724.495 	3779.640 	-3545.217 	0.177 	0.436 	-0.406 	
3194.190 	1355.873 	-905.095 	0.346 	0.159 	-0.103 	
-2647.491 	-2195.703 	-2120.806 	-0.325 	-0.252 	-0.238 	
-3513.678 	223.687 	1904.187 	-0.427 	0.027 	0.221 	
3569.478 	-1978.278 	2943.210 	0.394 	-0.226 	0.333 	
2648.511 	227.971 	1542.480 	0.278 	0.027 	0.177 	
773.593 	2754.169 	2167.978 	0.071 	0.319 	0.248 	
-3484.756 	3020.365 	-2437.263 	-0.423 	0.345 	-0.284 	
-3289.732 	297.566 	3434.978 	-0.389 	0.034 	0.394 	
3285.740 	-2493.948 	-1593.296 	0.357 	-0.291 	-0.184 	
-1710.658 	1443.024 	1506.005 	-0.222 	0.164 	0.174 	
1757.537 	2341.391 	956.006 	0.181 	0.267 	0.112 	
2636.802 	-470.989 	1343.332 	0.286 	-0.055 	0.154 	
2345.422 	1126.362 	1239.516 	0.245 	0.124 	0.138 	
-2709.178 	-742.808 	3222.425 	-0.326 	-0.085 	0.372 	
3498.736 	-2781.535 	1711.678 	0.384 	-0.317 	0.197 	
-942.531 	2449.765 	-3322.035 	-0.132 	0.280 	-0.380 	
-3182.888 	-3022.941 	4995.014 	-0.414 	-0.366 	0.615 	
556.754 	1936.577 	82.558 	0.047 	0.220 	0.009 	
831.418 	40.128 	499.985 	0.078 	0.006 	0.061 	
1337.542 	2787.374 	3398.057 	0.138 	0.324 	0.389 	
-2778.353 	452.486 	-245.507 	-0.339 	0.057 	-0.026 	
-3572.491 	1068.840 	-3210.278 	-0.428 	0.124 	-0.365 	
1312.844 	1764.852 	533.419 	0.135 	0.201 	0.061 	
-1087.182 	-2512.485 	901.883 	-0.146 	-0.290 	0.102 	
1870.082 	-667.391 	-1408.388 	0.201 	-0.078 	-0.160 	
-928.256 	-486.706 	2454.869 	-0.126 	-0.059 	0.277 	
-2981.775 	2629.990 	3508.687 	-0.359 	0.304 	0.406 	
2176.506 	-1791.765 	296.198 	0.232 	-0.203 	0.039 	
-2706.887 	-1649.201 	-897.538 	-0.333 	-0.187 	-0.103 	
215.687 	2739.263 	1514.606 	0.003 	0.312 	0.174 	
-1257.684 	-913.659 	-3296.725 	-0.157 	-0.105 	-0.375 	
-2453.752 	181.255 	-2772.900 	-0.305 	0.024 	-0.316 	
149.978 	1939.672 	224.902 	0.001 	0.224 	0.025 	
-2117.483 	-1725.637 	149.351 	-0.265 	-0.193 	0.022 	
-3122.007 	-3303.922 	3595.727 	-0.379 	-0.378 	0.417 	
794.572 	-26.108 	1194.740 	0.074 	-0.004 	0.137 	
3470.548 	1510.301 	-1298.017 	0.376 	0.171 	-0.147 	
3587.095 	-2486.101 	2547.462 	0.394 	-0.287 	0.293 	
-3729.919 	-1825.989 	-38.109 	-0.445 	-0.205 	-0.006 	
-1495.960 	561.675 	-2658.833 	-0.195 	0.065 	-0.300 	
57.459 	-242.184 	1683.216 	-0.017 	-0.025 	0.194 	
2599.583 	-1166.077 	-613.468 	0.271 	-0.135 	-0.070 	
422.028 	-60.723 	-2256.175 	0.032 	-0.007 	-0.258 	
3796.180 	-3132.954 	-4066.632 	0.418 	-0.358 	-0.471 	
-355.290 	-2047.543 	-791.585 	-0.058 	-0.228 	-0.095 	
-1819.927 	2885.898 	3113.220 	-0.225 	0.330 	0.355 	
2396.555 	419.748 	-2751.954 	0.250 	0.048 	-0.315 	
-1240.038 	2838.768 	1636.826 	-0.165 	0.325 	0.185 	
-2596.291 	-839.871 	-1459.657 	-0.319 	-0.095 	-0.171 	
97.902 	85.378 	802.660 	-0.011 	0.007 	0.086 	
-1334.724 	-1567.239 	2032.951 	-0.175 	-0.177 	0.232 	
-297.436 	1999.256 	756.155 	-0.054 	0.222 	0.089 	
729.460 	-572.797 	-2149.307 	0.059 	-0.068 	-0.243 	
-1408.246 	-1143.133 	2783.442 	-0.179 	-0.125 	0.318 	
3445.197 	-1195.215 	-3608.066 	0.377 	-0.141 	-0.412 	
3409.597 	-123.685 	-3068.692 	0.375 	-0.015 	-0.356 	
1596.560 	103.789 	3356.876 	0.157 	0.013 	0.383 	
-828.072 	-1951.438 	-1512.063 	-0.113 	-0.221 	-0.166 	
1220.490 	-3627.700 	3220.813 	0.121 	-0.409 	0.368 	
-2782.667 	-1421.600 	3184.277 	-0.333 	-0.163 	0.362 	
-1679.846 	-381.334 	-2930.146 	-0.212 	-0.042 	-0.333 	
-325.783 	2978.492 	238.569 	-0.061 	0.342 	0.031 	
1298.961 	1448.967 	-3058.343 	0.130 	0.163 	-0.349 	
1989.557 	2247.362 	-2954.587 	0.211 	0.261 	-0.339 	
-3704.475 	496.911 	2099.499 	-0.441 	0.058 	0.240 	
-2345.021 	-548.797 	2717.636 	-0.288 	-0.069 	0.309 	
-154.166 	2230.347 	1727.858 	-0.042 	0.255 	0.201 	
-448.625 	3453.993 	3158.030 	-0.065 	0.394 	0.362 	
-2366.313 	-1126.045 	3317.521 	-0.294 	-0.130 	0.378 	
1967.509 	1962.335 	-997.325 	0.202 	0.223 	-0.111 	
-226.494 	-862.256 	1031.275 	-0.051 	-0.094 	0.117 	
-2394.355 	3226.354 	-2941.605 	-0.294 	0.373 	-0.335 	
3065.516 	2612.189 	369.869 	0.338 	0.300 	0.043 	
2599.439 	3138.007 	1137.988 	0.284 	0.358 	0.132 	
-3280.472 	-3248.705 	-1684.827 	-0.399 	-0.375 	-0.193 	
3271.922 	-2097.663 	2096.967 	0.350 	-0.244 	0.241 	
-1125.879 	-554.884 	509.700 	-0.141 	-0.064 	0.057 	
-2875.475 	788.863 	1440.463 	-0.353 	0.091 	0.163 	
-3262.613 	-1183.337 	323.239 	-0.398 	-0.135 	0.038 	
3480.999 	1924.084 	2964.848 	0.382 	0.218 	0.335 	
3617.451 	-1202.482 	-263.104 	0.394 	-0.137 	-0.033 	
841.171 	-2958.176 	-1016.373 	0.083 	-0.337 	-0.116 	
-1979.414 	1555.873 	-1059.646 	-0.241 	0.175 	-0.123 	
-537.979 	-2799.908 	-3137.615 	-0.087 	-0.321 	-0.359 	
-3974.456 	-1331.789 	3002.743 	-0.477 	-0.156 	0.340 	
-2796.690 	651.386 	1926.552 	-0.345 	0.074 	0.218 	
726.300 	-2709.941 	1625.815 	0.059 	-0.311 	0.189 	
-245.025 	-1886.744 	323.594 	-0.046 	-0.210 	0.039 	
-432.803 	-366.286 	-1151.410 	-0.063 	-0.041 	-0.130 	
363.249 	-1445.777 	869.628 	0.016 	-0.160 	0.099 	
-2517.108 	-1736.342 	146.514 	-0.305 	-0.199 	0.022 	
-3492.949 	1514.169 	-536.947 	-0.426 	0.174 	-0.059 	
-2712.151 	-2578.656 	-2186.634 	-0.329 	-0.298 	-0.249 	
3567.468 	-3326.267 	927.289 	0.393 	-0.383 	0.107 	
-1470.829 	3191.375 	1094.459 	-0.190 	0.362 	0.130 	
-2633.395 	-1070.557 	-132.710 	-0.315 	-0.128 	-0.014 	
3478.722 	-1159.734 	3386.734 	0.379 	-0.135 	0.391 	
625.544 	402.416 	2485.177 	0.055 	0.043 	0.286 	
1039.093 	-702.668 	-2419.754 	0.097 	-0.083 	-0.272 	
-866.609 	1723.511 	79.583 	-0.121 	0.198 	0.008 	
3855.570 	3434.048 	2027.995 	0.421 	0.395 	0.230 	
-2611.959 	-1384.244 	4626.905 	-0.324 	-0.162 	0.538 	
-2872.985 	742.099 	-2301.241 	-0.343 	0.083 	-0.263 	
-1644.497 	-379.776 	1201.390 	-0.210 	-0.040 	0.136 	
3532.876 	-1644.275 	-2871.981 	0.381 	-0.188 	-0.328 	
-2075.771 	1402.647 	366.474 	-0.256 	0.159 	0.041 	
-1028.560 	2147.445 	191.624 	-0.139 	0.240 	0.022 	
824.237 	527.243 	3113.259 	0.078 	0.066 	0.353 	
-1052.632 	-1732.517 	1130.415 	-0.136 	-0.200 	0.130 	
-1970.702 	1996.135 	1562.978 	-0.241 	0.224 	0.182 	
1495.728 	1263.534 	988.823 	0.151 	0.142 	0.120 	
-483.590 	-194.758 	1279.631 	-0.079 	-0.021 	0.148 	
3113.841 	-2226.225 	2574.541 	0.334 	-0.253 	0.298 	
923.372 	3047.092 	-126.944 	0.090 	0.349 	-0.012 	
-1968.564 	1507.125 	1940.827 	-0.242 	0.176 	0.219 	
-3426.690 	-990.705 	-2928.897 	-0.409 	-0.110 	-0.336 	
3292.483 	1683.515 	2217.056 	0.355 	0.199 	0.252 	
2024.863 	-2362.195 	-1215.771 	0.218 	-0.269 	-0.139 	
-1582.911 	-270.863 	2135.955 	-0.201 	-0.028 	0.237 	
-252.864 	-1555.023 	3431.710 	-0.052 	-0.182 	0.387 	
-526.622 	-2861.447 	3036.728 	-0.081 	-0.332 	0.339 	
-3416.481 	2316.345 	-2454.807 	-0.408 	0.262 	-0.283 	
2575.653 	-692.487 	-469.556 	0.280 	-0.081 	-0.051 	
1146.045 	1635.350 	1769.329 	0.113 	0.192 	0.206 	
-914.549 	-1309.659 	-1872.897 	-0.124 	-0.155 	-0.209 	
-1417.245 	-710.212 	997.448 	-0.186 	-0.080 	0.114 	
-2673.443 	363.934 	533.100 	-0.318 	0.041 	0.062 	
2237.567 	-427.220 	-356.544 	0.234 	-0.052 	-0.040 	
1825.335 	-1557.602 	2050.211 	0.196 	-0.177 	0.237 	
-920.241 	-1557.586 	2330.434 	-0.131 	-0.180 	0.265 	
-3663.674 	15.923 	2570.269 	-0.440 	0.002 	0.293 	
-2058.430 	576.995 	813.357 	-0.260 	0.067 	0.094 	
3211.515 	-2414.006 	-92.801 	0.345 	-0.281 	-0.012 	
-666.136 	729.139 	-1854.141 	-0.098 	0.079 	-0.208 	
-1093.142 	1287.727 	3271.743 	-0.140 	0.144 	0.375 	
2593.386 	-2246.151 	-732.817 	0.278 	-0.256 	-0.082 	
3553.454 	-439.021 	-1666.895 	0.391 	-0.052 	-0.187 	
3046.590 	3002.473 	3885.259 	0.328 	0.343 	0.446 	
2695.026 	-3618.492 	-1866.281 	0.289 	-0.413 	-0.209 	
3010.097 	1048.644 	1100.969 	0.329 	0.119 	0.124 	
3765.251 	-2053.370 	1179.926 	0.418 	-0.235 	0.136 	
428.006 	-2718.563 	2101.014 	0.031 	-0.305 	0.241 	
1036.517 	343.878 	-2627.418 	0.105 	0.039 	-0.300 	
3229.024 	2362.318 	1724.984 	0.346 	0.272 	0.201 	
-1098.314 	-695.013 	38.295 	-0.150 	-0.080 	0.007 	
-2490.527 	163.176 	-2537.926 	-0.306 	0.015 	-0.295 	
426.669 	1708.014 	1236.958 	0.026 	0.197 	0.146 	
-2432.024 	179.525 	2482.211 	-0.298 	0.027 	0.283 	
-1333.161 	-1246.195 	3199.092 	-0.174 	-0.149 	0.362 	
-3560.545 	1745.515 	969.879 	-0.430 	0.202 	0.112 	
-3600.262 	1721.941 	2953.607 	-0.426 	0.196 	0.340 	
-1229.090 	-482.557 	2549.860 	-0.161 	-0.052 	0.288 	
3532.651 	-2444.271 	-2927.107 	0.382 	-0.280 	-0.340 	
378.804 	-3557.894 	3573.687 	0.019 	-0.409 	0.409 	
-1869.524 	1877.331 	662.024 	-0.231 	0.214 	0.075 	
-3292.854 	1283.707 	2691.311 	-0.391 	0.146 	0.310 	
-2562.163 	-21.042 	2096.848 	-0.305 	-0.000 	0.239 	
95.702 	1634.276 	2153.811 	-0.014 	0.183 	0.247 	
749.264 	-1075.007 	-358.686 	0.072 	-0.122 	-0.039 	
766.209 	463.183 	519.681 	0.066 	0.047 	0.059 	
-1111.922 	-2654.970 	1236.802 	-0.142 	-0.307 	0.140 	
996.469 	-681.705 	1103.830 	0.095 	-0.079 	0.123 	
2430.269 	969.401 	1935.157 	0.263 	0.112 	0.216 	
1443.756 	376.027 	-2051.178 	0.143 	0.043 	-0.234 	
688.969 	205.115 	-1088.025 	0.058 	0.025 	-0.125 	
-3807.875 	-2676.136 	3670.172 	-0.459 	-0.308 	0.424 	
-2377.507 	3280.561 	2142.886 	-0.293 	0.373 	0.249 	
-1358.018 	-3086.848 	2579.358 	-0.173 	-0.351 	0.294 	
-691.808 	-770.540 	2412.651 	-0.099 	-0.093 	0.271 	
-1060.005 	-650.487 	-840.575 	-0.147 	-0.076 	-0.098 	
3929.949 	1301.104 	3575.761 	0.434 	0.151 	0.409 	
-892.678 	-3164.704 	-3142.914 	-0.116 	-0.362 	-0.361 	
1523.173 	3703.610 	-501.900 	0.155 	0.428 	-0.060 	
1046.984 	3793.903 	-3523.618 	0.105 	0.436 	-0.401 	
-560.088 	2483.811 	1411.490 	-0.082 	0.286 	0.162 	
-1384.217 	2299.478 	-366.641 	-0.178 	0.261 	-0.047 	
453.915 	1437.409 	-4040.827 	0.033 	0.162 	-0.468 	
-1494.788 	459.050 	-1035.463 	-0.186 	0.054 	-0.116 	
-47.405 	286.127 	-2304.290 	-0.022 	0.032 	-0.267 	
2740.081 	2172.579 	-1033.169 	0.300 	0.248 	-0.118 	
-3429.291 	2294.214 	-2314.168 	-0.414 	0.265 	-0.271 	
3326.012 	3291.648 	2056.416 	0.369 	0.376 	0.236 	
-2524.103 	2248.272 	2385.061 	-0.311 	0.255 	0.277 	
1126.467 	1199.902 	2592.089 	0.105 	0.133 	0.296 	
-3900.350 	2311.424 	-2046.377 	-0.469 	0.267 	-0.236 	
-2115.127 	3254.294 	-1153.366 	-0.258 	0.371 	-0.128 	
-2190.975 	1458.350 	1115.262 	-0.265 	0.164 	0.132 	
-433.835 	-1188.605 	1746.639 	-0.080 	-0.138 	0.194 	
-50.859 	-1413.659 	-3105.451 	-0.025 	-0.155 	-0.354 	
-3480.354 	-1053.566 	-1772.684 	-0.412 	-0.122 	-0.206 	
2344.820 	390.315 	-487.826 	0.251 	0.046 	-0.049 	
2586.584 	-53.629 	-335.179 	0.274 	-0.009 	-0.032 	
-1535.466 	-673.284 	3093.421 	-0.198 	-0.079 	0.350 	
3102.131 	-2131.267 	-2072.397 	0.338 	-0.240 	-0.241 	
1152.480 	-410.751 	1740.903 	0.110 	-0.045 	0.198 	
3740.964 	-3324.546 	-2040.989 	0.414 	-0.377 	-0.237 	
1117.004 	-2453.842 	339.636 	0.109 	-0.279 	0.035 	
-1000.218 	-3144.179 	183.530 	-0.135 	-0.360 	0.021 	
985.707 	3002.699 	-428.807 	0.097 	0.337 	-0.048 	
2038.567 	-587.712 	-671.416 	0.212 	-0.062 	-0.074 	
-1392.797 	-503.488 	163.809 	-0.175 	-0.061 	0.021 	
-542.392 	2297.517 	-570.784 	-0.087 	0.264 	-0.065 	
2049.556 	-2729.998 	-3524.516 	0.220 	-0.315 	-0.408 	
-2999.679 	2531.447 	930.096 	-0.365 	0.289 	0.113 	
-702.359 	-1577.507 	2339.384 	-0.104 	-0.177 	0.262 	
1492.237 	2005.432 	-115.756 	0.145 	0.230 	-0.015 	
2371.898 	3212.944 	-2854.308 	0.251 	0.371 	-0.325 	
-3217.063 	541.721 	72.822 	-0.388 	0.057 	0.012 	
2351.249 	1845.719 	577.599 	0.249 	0.207 	0.070 	
-3807.592 	3500.237 	3618.939 	-0.459 	0.398 	0.417 	
555.737 	597.322 	1322.019 	0.048 	0.068 	0.147 	
1919.065 	-922.102 	-356.559 	0.197 	-0.108 	-0.038 	
3063.804 	1890.410 	2801.570 	0.327 	0.217 	0.320 	
-571.518 	-468.285 	-393.876 	-0.089 	-0.057 	-0.039 	
3189.059 	-2710.855 	-2715.920 	0.350 	-0.310 	-0.314 	
2566.472 	-87.293 	-1365.702 	0.275 	-0.009 	-0.157 	
-3184.937 	-3080.090 	-451.834 	-0.384 	-0.352 	-0.046 	
-2847.033 	3220.323 	3251.018 	-0.348 	0.374 	0.369 	
2062.569 	-3884.749 	2419.738 	0.216 	-0.451 	0.277 	
2273.515 	-2412.345 	-381.232 	0.240 	-0.275 	-0.039 	
3729.084 	-3317.916 	3274.596 	0.414 	-0.380 	0.374 	
-1561.475 	-630.097 	-1372.663 	-0.197 	-0.070 	-0.154 	
4022.976 	3282.174 	2096.587 	0.447 	0.379 	0.237 	
1837.952 	1632.882 	-1532.813 	0.185 	0.186 	-0.177 	
8.653 	2839.100 	-1027.543 	-0.016 	0.327 	-0.115 	
-3943.915 	725.967 	-1403.374 	-0.475 	0.083 	-0.157 	
-4386.656 	3264.719 	5366.041 	-0.521 	0.378 	0.616 	
1296.613 	-687.359 	2886.739 	0.135 	-0.078 	0.327 	
-1894.122 	-764.819 	-1006.542 	-0.241 	-0.086 	-0.113 	
-3523.066 	1387.912 	2817.379 	-0.417 	0.160 	0.321 	
-1686.160 	1729.629 	-1978.769 	-0.211 	0.198 	-0.232 	
-106.589 	411.736 	-645.046 	-0.027 	0.043 	-0.074 	
-3290.973 	-487.438 	-1670.095 	-0.399 	-0.054 	-0.191 	
45.548 	-1031.569 	-562.620 	-0.014 	-0.122 	-0.066 	
3707.825 	-430.875 	-269.396 	0.406 	-0.049 	-0.035 	
-794.917 	953.547 	661.228 	-0.114 	0.107 	0.082 	
1479.002 	-2744.924 	-346.085 	0.144 	-0.313 	-0.042 	
2419.055 	-3210.490 	-1513.335 	0.260 	-0.365 	-0.178 	
-1975.504 	-2160.518 	1438.536 	-0.241 	-0.248 	0.163 	
-779.122 	2163.180 	2794.072 	-0.109 	0.244 	0.318 	
1859.438 	3598.640 	2390.242 	0.194 	0.417 	0.273 	
-3952.237 	1855.139 	-429.546 	-0.472 	0.217 	-0.051 	
-417.651 	75.446 	-2482.532 	-0.068 	0.005 	-0.282 	
-1784.946 	1226.534 	-3309.014 	-0.222 	0.136 	-0.376 	
-3267.027 	-1007.658 	471.806 	-0.396 	-0.120 	0.054 	
1555.277 	1310.279 	1260.599 	0.159 	0.151 	0.139 	
712.679 	-744.431 	-2743.945 	0.058 	-0.087 	-0.312 	
618.758 	2602.129 	1318.531 	0.053 	0.296 	0.150 	
48.775 	1010.905 	1872.967 	-0.015 	0.119 	0.212 	
-1584.196 	-2289.337 	2409.425 	-0.200 	-0.260 	0.277 	
-68.727 	-441.475 	-1224.603 	-0.030 	-0.051 	-0.136 	
-1005.665 	3420.961 	2142.497 	-0.139 	0.387 	0.248 	
-1992.794 	786.771 	-227.363 	-0.244 	0.087 	-0.021 	
-3267.510 	-1920.621 	317.949 	-0.399 	-0.218 	0.036 	
2440.569 	-1352.088 	-3725.763 	0.263 	-0.154 	-0.429 	
-3127.550 	4145.819 	-1792.283 	-0.381 	0.480 	-0.203 	
-1478.729 	1632.792 	-3401.681 	-0.183 	0.188 	-0.389 	
2513.891 	-1603.021 	-559.536 	0.267 	-0.178 	-0.061 	
300.761 	727.822 	-618.099 	0.012 	0.086 	-0.071 	
-1060.101 	2985.988 	-1442.284 	-0.144 	0.341 	-0.164 	
-885.264 	423.675 	2409.438 	-0.123 	0.051 	0.272 	
-2780.132 	-2653.167 	3239.007 	-0.343 	-0.301 	0.371 	
1671.549 	2457.678 	2289.290 	0.175 	0.276 	0.262 	
399.406 	2279.149 	3038.700 	0.030 	0.260 	0.350 	
1199.524 	1589.159 	-1964.359 	0.115 	0.176 	-0.224 	
2191.396 	1904.662 	-3260.267 	0.232 	0.218 	-0.376 	
222.764 	-1420.026 	-2794.294 	0.005 	-0.168 	-0.319 	
-2777.551 	1827.386 	-1252.004 	-0.342 	0.206 	-0.141 	
1724.737 	151.777 	-12.357 	0.180 	0.019 	0.001 	
-3030.327 	2933.806 	197.609 	-0.376 	0.333 	0.023 	
-1483.623 	-2747.770 	-1193.814 	-0.189 	-0.312 	-0.139 	
625.748 	-1786.885 	-2814.558 	0.046 	-0.206 	-0.322 	
-805.423 	-929.308 	2236.484 	-0.117 	-0.105 	0.256 	
-289.995 	-3330.239 	1522.476 	-0.051 	-0.382 	0.177 	
2313.169 	1720.556 	-2470.125 	0.251 	0.195 	-0.283 	
253.288 	2061.972 	-1951.839 	0.010 	0.239 	-0.227 	
-51.882 	2536.087 	-2148.415 	-0.030 	0.289 	-0.243 	
-1950.005 	2561.572 	-1486.145 	-0.238 	0.294 	-0.170 	
-3824.768 	-1389.960 	451.693 	-0.459 	-0.162 	0.056 	
-2319.625 	-1058.691 	-1929.333 	-0.278 	-0.123 	-0.219 	
3928.406 	-2298.103 	3371.242 	0.431 	-0.263 	0.383 	
-3643.249 	1666.932 	-595.530 	-0.438 	0.194 	-0.067 	
-474.042 	-1217.781 	1796.150 	-0.070 	-0.139 	0.210 	
-1036.562 	-1243.655 	-2524.231 	-0.134 	-0.143 	-0.283 	
-1630.440 	-3385.712 	3130.327 	-0.208 	-0.386 	0.357 	
-466.696 	-1234.860 	1774.586 	-0.083 	-0.131 	0.201 	
220.774 	-3351.018 	765.429 	0.009 	-0.385 	0.088 	
-1182.768 	-511.854 	226.652 	-0.161 	-0.061 	0.027 	
-1325.192 	-1168.434 	-1236.372 	-0.172 	-0.136 	-0.138 	
-856.361 	-1366.381 	1727.094 	-0.092 	-0.136 	0.163 	
1282.381 	-3057.401 	1877.305 	0.130 	-0.354 	0.214 	
-2157.376 	-626.829 	1899.713 	-0.261 	-0.075 	0.217 	
3353.189 	1778.472 	-2843.774 	0.371 	0.205 	-0.327 	
-605.564 	1899.794 	3319.102 	-0.090 	0.213 	0.376 	
1137.024 	2825.128 	2245.137 	0.116 	0.321 	0.256 	
2197.478 	2431.934 	1517.480 	0.237 	0.280 	0.174 	
1761.630 	-2040.745 	701.843 	0.182 	-0.229 	0.082 	
-1505.656 	-563.983 	-2371.214 	-0.195 	-0.061 	-0.266 	
-2118.685 	2209.771 	1300.840 	-0.256 	0.252 	0.152 	
326.810 	-1313.098 	2185.425 	0.013 	-0.151 	0.250 	
1064.447 	-2526.653 	1824.796 	0.102 	-0.294 	0.210 	
-1151.205 	-2430.111 	226.616 	-0.154 	-0.270 	0.026 	
379.505 	-2186.680 	-457.442 	0.020 	-0.250 	-0.056 	
-345.043 	-2194.002 	-990.475 	-0.065 	-0.247 	-0.111 	
2886.820 	-508.176 	-2898.077 	0.312 	-0.058 	-0.330 	
1423.346 	771.764 	3445.289 	0.138 	0.090 	0.395 	
-2614.978 	1642.670 	2250.262 	-0.318 	0.189 	0.261 	
3699.962 	-2030.554 	3436.993 	0.410 	-0.231 	0.398 	
-2454.411 	1223.587 	530.740 	-0.296 	0.141 	0.058 	
185.465 	570.550 	3057.919 	0.002 	0.070 	0.347 	
-3845.459 	1702.719 	2321.811 	-0.460 	0.201 	0.266 	
-1398.258 	-2330.447 	679.484 	-0.181 	-0.271 	0.078 	
1755.708 	-351.146 	-1956.418 	0.185 	-0.037 	-0.225 	
-1364.035 	-3284.043 	3785.676 	-0.176 	-0.377 	0.439 	
-3041.210 	2924.862 	222.085 	-0.368 	0.337 	0.026 	
654.872 	-3482.439 	-3196.048 	0.055 	-0.396 	-0.364 	
-3812.796 	-914.645 	-3426.487 	-0.451 	-0.106 	-0.392 	
-1860.719 	2.197 	-2155.907 	-0.238 	-0.001 	-0.246 	
-21.424 	187.420 	-331.331 	-0.019 	0.019 	-0.038 	
-3839.251 	-945.207 	3600.334 	-0.460 	-0.113 	0.414 	
-1311.746 	-158.534 	-212.071 	-0.168 	-0.023 	-0.017 	
3267.039 	-1840.992 	2139.339 	0.356 	-0.215 	0.250 	
-3463.150 	-2669.424 	-2775.185 	-0.419 	-0.304 	-0.315 	
-3249.778 	958.980 	-27.369 	-0.384 	0.108 	-0.003 	
600.918 	1166.094 	-3418.476 	0.053 	0.137 	-0.393 	
-2404.823 	842.561 	1621.549 	-0.290 	0.091 	0.187 	
3455.886 	-3398.232 	2458.870 	0.373 	-0.393 	0.282 	
-1123.973 	2041.099 	-2378.263 	-0.143 	0.230 	-0.273 	
-3846.238 	294.550 	1963.621 	-0.459 	0.033 	0.227 	
1426.877 	-2716.861 	3044.202 	0.141 	-0.310 	0.351 	
-3772.788 	2530.508 	-349.583 	-0.451 	0.289 	-0.043 	
-3533.002 	1504.732 	1230.352 	-0.419 	0.169 	0.146 	
542.345 	-2617.492 	710.570 	0.047 	-0.302 	0.081 	
-1367.781 	-2685.153 	1649.142 	-0.175 	-0.312 	0.192 	
739.857 	-1945.997 	-3196.441 	0.071 	-0.226 	-0.363 	
-3033.417 	-1793.286 	1600.356 	-0.364 	-0.202 	0.183 	
-3781.770 	-1409.990 	-1800.687 	-0.456 	-0.163 	-0.208 	
1975.964 	-3318.883 	-3095.215 	0.209 	-0.384 	-0.353 	
-3427.317 	-2259.142 	-2676.284 	-0.413 	-0.260 	-0.312 	
811.008 	-1058.172 	-237.251 	0.072 	-0.120 	-0.026 	
1694.247 	3220.907 	1628.132 	0.172 	0.370 	0.183 	
2879.909 	826.250 	1983.930 	0.307 	0.093 	0.230 	
1519.776 	-1886.876 	-2182.151 	0.157 	-0.221 	-0.246 	
3667.311 	-3268.761 	2819.425 	0.398 	-0.375 	0.327 	
-3508.158 	-1607.697 	-616.359 	-0.423 	-0.184 	-0.072 	
-2124.137 	3317.026 	1612.997 	-0.267 	0.378 	0.189 	
-1185.124 	2060.018 	3019.927 	-0.157 	0.231 	0.348 	
1992.346 	584.043 	2685.798 	0.209 	0.068 	0.308 	
-615.217 	-2802.857 	3004.390 	-0.091 	-0.317 	0.343 	
-2861.953 	1904.544 	1312.302 	-0.344 	0.221 	0.149 	
2210.791 	2858.664 	268.758 	0.236 	0.330 	0.033 	
-1985.424 	-1410.405 	-1422.844 	-0.242 	-0.165 	-0.163 	
-474.807 	-2318.135 	2931.232 	-0.076 	-0.270 	0.332 	
2709.960 	452.712 	490.329 	0.290 	0.049 	0.062 	
-3511.586 	-3538.914 	2253.921 	-0.418 	-0.408 	0.257 	
-1337.449 	-1160.354 	-962.622 	-0.168 	-0.127 	-0.112 	
2588.251 	-2724.019 	779.086 	0.277 	-0.309 	0.093 	
-508.418 	1799.712 	959.164 	-0.081 	0.200 	0.108 	
-886.628 	-1464.701 	-366.326 	-0.123 	-0.162 	-0.044 	
1717.616 	192.758 	-1920.061 	0.175 	0.023 	-0.215 	
-3085.058 	3102.813 	2136.398 	-0.376 	0.358 	0.240 	
3470.562 	-3022.462 	419.640 	0.382 	-0.348 	0.052 	
2985.542 	-125.572 	2327.030 	0.326 	-0.015 	0.268 	
732.275 	3043.755 	-47.732 	0.061 	0.352 	-0.007 	
495.727 	828.983 	1923.612 	0.043 	0.091 	0.216 	
-3887.480 	2395.241 	3143.024 	-0.469 	0.272 	0.361 	
-2884.768 	-970.353 	1293.369 	-0.344 	-0.114 	0.149 	
2996.833 	596.544 	-815.821 	0.319 	0.067 	-0.095 	
-2041.036 	-657.674 	-2835.536 	-0.247 	-0.075 	-0.322 	
