## Las primeras 500 lineas corresponden a la esfera 1 
##las siguienets 500 lineas a la esfera 2
## Las primeras tres columnas corresponden a la posición en 'x', 'y' y 'z', las siguientes tres a las velocidades
-44.467 	-2181.677 	229.141 	-0.010 	-0.244 	0.028 	
725.434 	-675.616 	-14.039 	0.086 	-0.077 	-0.002 	
834.698 	2785.711 	1863.173 	0.098 	0.314 	0.206 	
-2638.912 	2914.666 	1926.254 	-0.303 	0.333 	0.221 	
-519.432 	-588.051 	2730.582 	-0.054 	-0.066 	0.313 	
2942.610 	1877.589 	3314.175 	0.342 	0.215 	0.374 	
3020.056 	-1506.520 	-2947.090 	0.345 	-0.169 	-0.336 	
-2836.386 	-1607.774 	1051.726 	-0.321 	-0.177 	0.123 	
2451.543 	794.509 	1634.524 	0.276 	0.095 	0.185 	
934.930 	881.966 	1304.535 	0.105 	0.098 	0.151 	
2484.426 	-195.870 	135.638 	0.278 	-0.021 	0.013 	
-523.107 	-2266.278 	380.429 	-0.056 	-0.256 	0.045 	
525.667 	-1610.821 	246.925 	0.067 	-0.181 	0.029 	
1792.018 	2573.174 	2473.831 	0.198 	0.292 	0.279 	
-122.829 	2163.852 	-3462.127 	-0.015 	0.248 	-0.393 	
-1226.446 	-202.007 	16.603 	-0.139 	-0.018 	0.003 	
-1401.344 	2787.497 	-1144.831 	-0.162 	0.313 	-0.131 	
291.338 	1559.664 	-3131.292 	0.032 	0.171 	-0.358 	
-4119.844 	-3028.967 	-1739.724 	-0.474 	-0.342 	-0.200 	
1428.313 	-3553.490 	-3062.258 	0.158 	-0.405 	-0.349 	
353.895 	-3276.828 	3955.514 	0.042 	-0.367 	0.452 	
276.964 	1216.565 	3398.503 	0.030 	0.137 	0.380 	
-879.966 	-1536.229 	768.448 	-0.099 	-0.168 	0.085 	
-2861.129 	-2263.392 	1031.976 	-0.321 	-0.253 	0.115 	
2022.230 	-1416.690 	2288.829 	0.234 	-0.161 	0.256 	
-1299.419 	-19.204 	3029.451 	-0.141 	-0.001 	0.341 	
246.513 	-1832.203 	-108.150 	0.032 	-0.204 	-0.010 	
792.267 	-3406.885 	2517.306 	0.088 	-0.392 	0.286 	
-2905.468 	2935.871 	768.984 	-0.325 	0.332 	0.088 	
-1623.759 	-2526.678 	2033.385 	-0.180 	-0.284 	0.233 	
-1035.497 	-1753.383 	-2987.138 	-0.116 	-0.196 	-0.339 	
1412.626 	2333.247 	2845.738 	0.158 	0.261 	0.323 	
2862.066 	-1073.828 	2650.220 	0.325 	-0.121 	0.302 	
-1820.093 	1947.388 	252.655 	-0.199 	0.219 	0.030 	
302.834 	-1030.243 	-3227.295 	0.034 	-0.121 	-0.361 	
547.820 	-413.048 	355.638 	0.068 	-0.043 	0.041 	
-1382.876 	-2780.733 	-3199.157 	-0.158 	-0.313 	-0.369 	
-1315.827 	-3418.740 	2573.885 	-0.143 	-0.387 	0.292 	
-1315.968 	-295.200 	1858.470 	-0.151 	-0.031 	0.213 	
2215.879 	-3507.668 	2549.291 	0.251 	-0.398 	0.292 	
3795.352 	1372.629 	-157.094 	0.431 	0.150 	-0.019 	
682.364 	-852.383 	278.742 	0.080 	-0.091 	0.029 	
1409.956 	412.169 	2453.454 	0.186 	0.042 	0.275 	
-174.758 	-2426.810 	-1571.540 	-0.025 	-0.275 	-0.177 	
624.072 	-707.356 	2410.961 	0.075 	-0.081 	0.276 	
345.508 	623.937 	-1128.843 	0.044 	0.072 	-0.124 	
3634.969 	264.275 	59.390 	0.405 	0.020 	0.014 	
-859.610 	3400.626 	-904.846 	-0.098 	0.387 	-0.104 	
838.273 	-989.450 	-1297.967 	0.100 	-0.114 	-0.145 	
3156.808 	2060.105 	1003.207 	0.359 	0.238 	0.114 	
-2875.633 	-1085.336 	-2372.169 	-0.324 	-0.126 	-0.273 	
1633.198 	-279.207 	1627.756 	0.180 	-0.031 	0.180 	
3569.426 	-1641.348 	-3493.365 	0.411 	-0.192 	-0.397 	
-247.492 	2211.085 	63.308 	-0.022 	0.249 	0.011 	
-2572.254 	2751.119 	2012.882 	-0.295 	0.310 	0.227 	
-551.694 	-3335.568 	1709.959 	-0.060 	-0.382 	0.197 	
-1359.480 	-61.128 	-2109.947 	-0.148 	-0.009 	-0.242 	
153.364 	-2943.878 	-1028.585 	0.022 	-0.334 	-0.118 	
-3452.113 	2479.492 	2958.484 	-0.394 	0.285 	0.339 	
2008.469 	3079.080 	1211.560 	0.230 	0.347 	0.133 	
-934.464 	3350.868 	880.839 	-0.111 	0.381 	0.099 	
1325.332 	1956.765 	-1157.530 	0.154 	0.219 	-0.130 	
-2685.338 	3608.038 	1425.466 	-0.310 	0.412 	0.163 	
2387.394 	710.547 	-1199.268 	0.271 	0.085 	-0.136 	
2904.393 	-3322.128 	-3358.036 	0.338 	-0.377 	-0.380 	
4139.595 	-1372.653 	-3444.124 	0.478 	-0.156 	-0.392 	
2653.316 	-1922.852 	-3001.859 	0.309 	-0.219 	-0.342 	
-3795.883 	4158.483 	-1209.413 	-0.435 	0.479 	-0.141 	
4115.430 	1911.895 	2461.339 	0.474 	0.218 	0.278 	
-587.461 	1144.235 	1480.455 	-0.067 	0.121 	0.169 	
2717.916 	971.912 	1040.423 	0.313 	0.106 	0.115 	
1149.501 	-164.309 	1258.066 	0.136 	-0.016 	0.142 	
-64.696 	2116.608 	-3501.593 	-0.009 	0.239 	-0.395 	
-919.162 	-2645.269 	-1057.718 	-0.106 	-0.300 	-0.118 	
-1630.334 	1363.585 	2128.057 	-0.191 	0.154 	0.239 	
1574.519 	-461.185 	-821.914 	0.178 	-0.052 	-0.085 	
-99.561 	-778.887 	-2466.277 	-0.012 	-0.083 	-0.280 	
3088.742 	1822.069 	-2923.690 	0.354 	0.208 	-0.337 	
382.476 	-657.504 	-1370.119 	0.041 	-0.072 	-0.157 	
-26.885 	-884.242 	2953.962 	0.000 	-0.103 	0.334 	
-552.045 	2694.016 	857.657 	-0.067 	0.300 	0.098 	
768.288 	-1410.448 	-949.599 	0.082 	-0.157 	-0.104 	
1738.503 	2240.703 	2885.866 	0.195 	0.257 	0.327 	
-751.022 	-2310.654 	2960.616 	-0.087 	-0.260 	0.338 	
2307.776 	-1195.976 	-577.058 	0.265 	-0.131 	-0.069 	
-2083.953 	-2937.673 	-2855.420 	-0.233 	-0.332 	-0.322 	
2192.479 	-699.733 	-1425.771 	0.251 	-0.073 	-0.173 	
-2307.643 	-2441.371 	2630.778 	-0.268 	-0.277 	0.300 	
-3128.573 	-3096.648 	2046.906 	-0.351 	-0.352 	0.235 	
-2829.047 	-1276.397 	-284.912 	-0.317 	-0.149 	-0.028 	
3740.204 	1742.148 	2639.958 	0.425 	0.204 	0.299 	
90.081 	1463.743 	2677.279 	0.009 	0.169 	0.304 	
278.846 	-654.996 	259.740 	0.035 	-0.077 	0.031 	
-426.868 	-3206.988 	-1303.008 	-0.045 	-0.367 	-0.144 	
3073.159 	-2026.406 	3045.807 	0.349 	-0.227 	0.345 	
-1149.506 	1991.165 	-3210.165 	-0.129 	0.232 	-0.358 	
3113.126 	768.756 	1987.089 	0.357 	0.086 	0.226 	
3348.631 	762.481 	-2206.805 	0.385 	0.087 	-0.250 	
3811.480 	2979.669 	470.045 	0.441 	0.337 	0.054 	
2028.132 	-1626.099 	2041.194 	0.225 	-0.188 	0.229 	
-2390.899 	3135.479 	1759.815 	-0.271 	0.351 	0.203 	
-3936.633 	-2808.784 	-1190.839 	-0.452 	-0.318 	-0.132 	
1062.073 	-3660.376 	2098.564 	0.122 	-0.418 	0.238 	
-1581.916 	-341.127 	2784.422 	-0.178 	-0.034 	0.319 	
2014.023 	-851.031 	1095.226 	0.234 	-0.097 	0.127 	
-3300.651 	1675.507 	3038.185 	-0.371 	0.191 	0.342 	
-3302.879 	-2286.950 	2177.681 	-0.380 	-0.258 	0.250 	
-3845.398 	4037.953 	-1631.563 	-0.441 	0.464 	-0.186 	
2390.421 	-1565.728 	139.020 	0.268 	-0.180 	0.020 	
4065.409 	-385.008 	-1270.661 	0.466 	-0.047 	-0.140 	
-976.813 	-355.092 	1997.691 	-0.109 	-0.042 	0.229 	
859.756 	-1196.759 	1792.913 	0.092 	-0.136 	0.204 	
1575.386 	-26.211 	567.403 	0.174 	-0.007 	0.062 	
-624.276 	3446.798 	-1237.973 	-0.074 	0.388 	-0.136 	
-2341.393 	3183.573 	3207.025 	-0.267 	0.362 	0.367 	
-346.027 	3427.749 	3311.622 	-0.037 	0.392 	0.376 	
1038.248 	-3565.866 	-588.558 	0.117 	-0.405 	-0.061 	
-3764.531 	-1109.672 	3553.778 	-0.426 	-0.130 	0.403 	
2570.192 	-1582.402 	-1304.973 	0.291 	-0.184 	-0.143 	
-288.493 	2509.133 	482.898 	-0.038 	0.283 	0.057 	
-1743.228 	394.113 	2215.163 	-0.195 	0.045 	0.256 	
2015.850 	-2827.167 	-1266.077 	0.230 	-0.324 	-0.144 	
1626.002 	-480.776 	-2667.442 	0.184 	-0.048 	-0.303 	
3273.272 	-1501.485 	3381.402 	0.368 	-0.172 	0.385 	
-3624.309 	1218.435 	1788.572 	-0.416 	0.136 	0.202 	
1012.440 	-419.390 	-1275.080 	0.110 	-0.044 	-0.141 	
-3731.615 	-2386.137 	-1397.705 	-0.423 	-0.270 	-0.154 	
-3986.725 	-3668.089 	1489.601 	-0.459 	-0.417 	0.168 	
-2899.382 	1506.859 	-3511.890 	-0.330 	0.173 	-0.394 	
-3068.511 	-3242.144 	1235.137 	-0.344 	-0.370 	0.140 	
-350.777 	-2148.338 	1702.346 	-0.044 	-0.242 	0.195 	
-854.189 	2761.998 	-1584.905 	-0.099 	0.315 	-0.183 	
-2168.088 	1775.335 	21.772 	-0.247 	0.198 	0.002 	
36.423 	1003.350 	-3088.612 	0.000 	0.110 	-0.348 	
3829.925 	-3513.823 	329.379 	0.433 	-0.398 	0.034 	
-486.519 	-2738.541 	-1444.676 	-0.051 	-0.310 	-0.169 	
393.998 	-2137.406 	944.748 	0.041 	-0.242 	0.102 	
-2512.200 	-3263.636 	2561.533 	-0.281 	-0.374 	0.293 	
3000.582 	-1431.291 	-1484.431 	0.341 	-0.160 	-0.168 	
1336.836 	-2665.321 	820.601 	0.158 	-0.301 	0.096 	
-2559.307 	-1620.220 	-2052.585 	-0.286 	-0.186 	-0.233 	
3325.495 	-961.053 	-895.937 	0.372 	-0.106 	-0.102 	
-2290.100 	3433.396 	841.998 	-0.262 	0.387 	0.099 	
-2761.593 	-2884.924 	474.015 	-0.315 	-0.327 	0.057 	
-894.803 	1042.449 	1274.461 	-0.105 	0.113 	0.144 	
2106.722 	-455.109 	2964.196 	0.238 	-0.051 	0.331 	
-1552.339 	-181.149 	-1249.018 	-0.173 	-0.016 	-0.142 	
-56.603 	1778.077 	2659.916 	-0.009 	0.200 	0.296 	
3196.686 	-2992.339 	-3489.637 	0.359 	-0.341 	-0.398 	
-248.640 	2468.152 	-1773.901 	-0.024 	0.276 	-0.202 	
3201.643 	-3460.036 	860.462 	0.365 	-0.392 	0.093 	
-2467.694 	-963.102 	2158.266 	-0.275 	-0.106 	0.244 	
845.888 	1892.921 	3701.699 	0.094 	0.210 	0.421 	
-3743.611 	-3666.598 	-1395.783 	-0.426 	-0.416 	-0.161 	
-3160.828 	-177.656 	-3557.726 	-0.360 	-0.017 	-0.405 	
-328.744 	-1492.697 	-1268.923 	-0.043 	-0.170 	-0.143 	
3539.658 	-791.854 	2529.014 	0.413 	-0.089 	0.283 	
-3327.060 	-1716.989 	3293.637 	-0.379 	-0.198 	0.373 	
-1607.891 	-2608.038 	3689.583 	-0.180 	-0.298 	0.422 	
392.514 	-2578.934 	2163.737 	0.044 	-0.294 	0.247 	
3599.838 	-2972.588 	2732.180 	0.415 	-0.339 	0.313 	
-1119.058 	662.734 	691.666 	-0.123 	0.077 	0.075 	
-1270.627 	-87.281 	2080.224 	-0.155 	-0.001 	0.246 	
1812.591 	271.276 	-119.445 	0.210 	0.033 	-0.009 	
183.652 	-1323.418 	712.642 	0.019 	-0.149 	0.078 	
-1366.531 	-32.987 	-452.297 	-0.157 	-0.003 	-0.047 	
-1263.809 	2044.809 	-1802.311 	-0.142 	0.232 	-0.205 	
4073.637 	-890.740 	-242.724 	0.464 	-0.107 	-0.027 	
1176.445 	-98.329 	-392.360 	0.134 	-0.016 	-0.039 	
1367.504 	-771.181 	-772.545 	0.150 	-0.091 	-0.081 	
-2294.041 	689.858 	3854.581 	-0.259 	0.078 	0.439 	
2245.025 	1473.618 	150.168 	0.262 	0.164 	0.019 	
-3326.224 	642.122 	1411.142 	-0.380 	0.070 	0.159 	
911.598 	-238.071 	-1095.187 	0.101 	-0.032 	-0.124 	
-3844.733 	-1704.600 	3235.703 	-0.441 	-0.194 	0.367 	
-2990.470 	-1129.179 	-227.412 	-0.339 	-0.126 	-0.023 	
-1495.452 	-826.633 	-829.253 	-0.168 	-0.094 	-0.096 	
2332.156 	2078.425 	2913.910 	0.266 	0.237 	0.325 	
723.742 	-704.224 	2967.125 	0.084 	-0.079 	0.338 	
3491.013 	2186.228 	3775.662 	0.396 	0.253 	0.432 	
3010.678 	2748.173 	3042.144 	0.342 	0.314 	0.352 	
3235.995 	-2759.593 	-2807.315 	0.366 	-0.315 	-0.318 	
2392.750 	3353.635 	183.532 	0.278 	0.380 	0.020 	
-1678.283 	164.634 	948.948 	-0.193 	0.016 	0.112 	
-662.208 	269.217 	-2149.675 	-0.073 	0.033 	-0.248 	
-526.939 	1541.222 	1698.365 	-0.065 	0.174 	0.192 	
-3780.467 	-3346.658 	2076.586 	-0.431 	-0.377 	0.242 	
-1475.953 	1185.735 	-1333.762 	-0.167 	0.136 	-0.149 	
-1026.485 	-3141.998 	-2411.439 	-0.117 	-0.353 	-0.275 	
-1713.765 	-3066.103 	-1848.452 	-0.189 	-0.347 	-0.210 	
279.470 	-3366.110 	-2774.251 	0.031 	-0.380 	-0.313 	
3010.499 	1205.283 	239.088 	0.348 	0.137 	0.030 	
3319.151 	-271.505 	-2306.377 	0.378 	-0.032 	-0.258 	
-1415.931 	507.996 	196.944 	-0.154 	0.056 	0.027 	
-1528.034 	1631.196 	890.633 	-0.179 	0.183 	0.102 	
3399.133 	-1560.049 	-34.786 	0.384 	-0.181 	-0.008 	
-1966.015 	1291.507 	-3547.040 	-0.225 	0.145 	-0.404 	
3509.282 	-256.260 	2250.450 	0.397 	-0.024 	0.258 	
771.659 	1195.308 	1012.537 	0.094 	0.137 	0.118 	
2197.958 	-679.681 	-1408.923 	0.251 	-0.082 	-0.149 	
-2129.038 	2670.232 	625.248 	-0.241 	0.298 	0.073 	
9.857 	-2640.666 	1602.187 	0.006 	-0.294 	0.180 	
-313.875 	-280.312 	-2846.087 	-0.030 	-0.031 	-0.320 	
-1045.779 	158.131 	598.222 	-0.120 	0.019 	0.068 	
-377.073 	-3018.389 	-3061.464 	-0.041 	-0.340 	-0.351 	
-798.048 	-1310.577 	3100.922 	-0.088 	-0.151 	0.344 	
3856.659 	-541.489 	-2763.339 	0.441 	-0.066 	-0.313 	
-814.160 	537.339 	-555.766 	-0.091 	0.058 	-0.060 	
3227.168 	-3334.276 	3076.269 	0.372 	-0.377 	0.350 	
-1093.025 	-1132.856 	1041.419 	-0.123 	-0.123 	0.117 	
-981.129 	-87.666 	3139.910 	-0.108 	-0.006 	0.355 	
768.763 	1650.169 	351.905 	0.094 	0.186 	0.041 	
-3498.811 	3626.883 	-2626.079 	-0.401 	0.413 	-0.299 	
238.556 	-915.045 	-3567.049 	0.034 	-0.102 	-0.405 	
-606.891 	-1823.087 	2230.325 	-0.067 	-0.199 	0.254 	
-2140.072 	-1671.203 	-1489.715 	-0.247 	-0.189 	-0.167 	
1927.590 	3476.243 	-2987.650 	0.221 	0.396 	-0.346 	
-2087.400 	262.010 	2219.781 	-0.242 	0.029 	0.250 	
-102.210 	480.968 	1665.437 	-0.015 	0.055 	0.184 	
-541.631 	-691.417 	1074.101 	-0.052 	-0.085 	0.105 	
3331.975 	-850.441 	-2129.292 	0.378 	-0.102 	-0.244 	
3896.742 	-3665.708 	70.530 	0.442 	-0.417 	0.013 	
-2872.679 	-2114.304 	-164.284 	-0.331 	-0.241 	-0.020 	
107.679 	-2939.590 	793.317 	0.009 	-0.329 	0.093 	
-1395.544 	186.346 	2881.649 	-0.160 	0.017 	0.323 	
-1872.275 	3579.644 	165.472 	-0.208 	0.405 	0.022 	
-2622.438 	-2776.581 	1192.405 	-0.297 	-0.312 	0.134 	
3236.652 	-1314.121 	-2713.891 	0.370 	-0.148 	-0.312 	
-2306.310 	-3332.945 	2172.134 	-0.263 	-0.373 	0.247 	
-1568.048 	-67.357 	1320.079 	-0.177 	-0.014 	0.152 	
-1666.428 	350.567 	3404.979 	-0.189 	0.039 	0.389 	
-2986.623 	2212.631 	-514.155 	-0.337 	0.250 	-0.052 	
-2891.417 	994.939 	106.131 	-0.333 	0.113 	0.013 	
-1051.551 	963.986 	-1742.766 	-0.118 	0.113 	-0.196 	
3152.660 	4016.794 	-3631.036 	0.358 	0.463 	-0.416 	
-2602.434 	1436.173 	2043.624 	-0.299 	0.163 	0.236 	
-2898.551 	-329.643 	-3061.242 	-0.325 	-0.039 	-0.348 	
1766.905 	-2479.493 	1136.092 	0.203 	-0.284 	0.124 	
2699.681 	2863.875 	-230.309 	0.314 	0.325 	-0.023 	
2981.800 	1564.777 	-3346.598 	0.336 	0.180 	-0.376 	
1960.959 	940.051 	-2233.771 	0.220 	0.105 	-0.247 	
-1454.780 	-2828.640 	-841.624 	-0.162 	-0.316 	-0.097 	
2739.793 	-1239.179 	275.127 	0.313 	-0.138 	0.025 	
-652.130 	3065.847 	766.986 	-0.044 	0.371 	0.096 	
802.308 	-2105.141 	3082.458 	0.092 	-0.237 	0.343 	
-1791.430 	1163.078 	-1403.649 	-0.203 	0.130 	-0.162 	
-2654.429 	-104.483 	1318.853 	-0.305 	-0.012 	0.153 	
2881.635 	-981.074 	2833.637 	0.331 	-0.113 	0.316 	
806.854 	-2125.517 	-3204.852 	0.096 	-0.243 	-0.358 	
3991.198 	667.276 	-2218.073 	0.459 	0.076 	-0.253 	
1353.544 	-835.619 	2810.712 	0.159 	-0.094 	0.318 	
-2319.284 	3103.922 	-682.537 	-0.256 	0.353 	-0.077 	
-1500.788 	-1451.212 	1265.414 	-0.171 	-0.164 	0.147 	
-1262.350 	-1628.951 	660.656 	-0.141 	-0.184 	0.082 	
3511.750 	61.622 	1567.309 	0.401 	0.012 	0.181 	
-2384.035 	232.492 	2207.987 	-0.271 	0.026 	0.257 	
-28.347 	1401.279 	-2679.269 	-0.008 	0.160 	-0.307 	
-2519.018 	-3325.314 	-3325.251 	-0.282 	-0.376 	-0.382 	
1799.513 	2843.576 	-1301.671 	0.202 	0.320 	-0.147 	
-3525.758 	1688.307 	2084.554 	-0.402 	0.192 	0.234 	
-3689.869 	233.821 	1407.510 	-0.422 	0.030 	0.160 	
1137.066 	-2953.281 	-2965.655 	0.127 	-0.338 	-0.332 	
-4955.090 	30.117 	-25.079 	-0.592 	-0.015 	-0.005 	
-3321.830 	-1356.280 	1780.723 	-0.375 	-0.155 	0.206 	
2017.398 	-781.471 	-2429.205 	0.227 	-0.089 	-0.280 	
1028.157 	666.686 	458.904 	0.120 	0.075 	0.058 	
-105.618 	-1311.246 	822.597 	-0.015 	-0.152 	0.089 	
-3590.207 	303.144 	-2082.221 	-0.410 	0.032 	-0.240 	
2931.664 	-296.341 	3983.191 	0.336 	-0.032 	0.457 	
-705.232 	-1238.529 	2013.352 	-0.080 	-0.144 	0.223 	
1312.706 	-2088.476 	-811.568 	0.145 	-0.236 	-0.090 	
517.576 	-545.316 	553.401 	0.061 	-0.066 	0.059 	
-3172.491 	-3764.131 	-1881.772 	-0.362 	-0.431 	-0.213 	
1798.687 	-1675.825 	-3046.167 	0.204 	-0.185 	-0.342 	
772.551 	1126.109 	-776.831 	0.092 	0.146 	-0.087 	
-1431.109 	-396.328 	1200.970 	-0.161 	-0.039 	0.140 	
4049.860 	2005.501 	-322.658 	0.466 	0.226 	-0.038 	
899.724 	-439.710 	-2072.539 	0.100 	-0.050 	-0.237 	
-2917.639 	1019.703 	-3642.738 	-0.330 	0.118 	-0.413 	
1409.972 	1089.956 	1110.684 	0.164 	0.119 	0.130 	
3535.526 	251.321 	-2906.568 	0.397 	0.026 	-0.327 	
-1440.620 	483.978 	-1853.916 	-0.163 	0.058 	-0.213 	
-3602.202 	3252.187 	1372.837 	-0.414 	0.370 	0.157 	
143.646 	-2825.000 	-3372.347 	0.020 	-0.320 	-0.387 	
2537.798 	3206.844 	-2021.272 	0.290 	0.364 	-0.236 	
1822.605 	-1446.276 	402.664 	0.205 	-0.163 	0.051 	
1858.025 	-3100.066 	-2535.379 	0.209 	-0.350 	-0.292 	
1180.062 	-1458.133 	2048.593 	0.131 	-0.165 	0.232 	
1573.175 	-1554.865 	2499.104 	0.179 	-0.174 	0.284 	
3185.672 	3522.154 	-3131.943 	0.360 	0.402 	-0.361 	
2985.692 	-532.504 	2175.925 	0.342 	-0.057 	0.251 	
1298.102 	-839.402 	-725.371 	0.150 	-0.091 	-0.082 	
-1478.396 	-1355.890 	2685.356 	-0.171 	-0.152 	0.305 	
-1686.939 	-788.394 	2940.246 	-0.190 	-0.094 	0.333 	
688.273 	-1755.148 	-1130.863 	0.079 	-0.197 	-0.130 	
-2385.970 	-386.187 	-69.531 	-0.270 	-0.046 	-0.009 	
-399.409 	3024.563 	-3709.587 	-0.040 	0.347 	-0.422 	
-2850.748 	-928.583 	1890.441 	-0.328 	-0.105 	0.214 	
-131.853 	-2874.239 	3096.546 	-0.016 	-0.322 	0.355 	
-1384.842 	1095.819 	2887.406 	-0.153 	0.127 	0.326 	
-408.128 	-133.963 	2045.896 	-0.049 	-0.017 	0.232 	
2591.612 	-1964.886 	4.988 	0.297 	-0.225 	-0.004 	
-145.751 	-1298.356 	867.155 	-0.005 	-0.145 	0.101 	
-721.802 	-1287.304 	2921.079 	-0.076 	-0.145 	0.333 	
-3659.883 	-1025.567 	989.168 	-0.420 	-0.117 	0.113 	
-976.153 	-2394.864 	-521.352 	-0.115 	-0.269 	-0.059 	
1025.750 	-3549.950 	1893.443 	0.114 	-0.408 	0.215 	
1275.344 	-2657.387 	-691.270 	0.143 	-0.302 	-0.075 	
1498.368 	-3265.940 	-372.266 	0.172 	-0.372 	-0.038 	
963.603 	137.652 	2953.188 	0.105 	0.013 	0.334 	
-3275.397 	1590.325 	212.991 	-0.373 	0.179 	0.023 	
-743.520 	787.099 	1502.480 	-0.079 	0.086 	0.168 	
-1284.987 	-1909.971 	3116.607 	-0.148 	-0.217 	0.358 	
-2694.719 	-3212.984 	2830.002 	-0.306 	-0.363 	0.327 	
1930.221 	2196.960 	-3369.156 	0.218 	0.248 	-0.379 	
-1138.063 	2007.892 	-3224.348 	-0.123 	0.223 	-0.366 	
-201.474 	-2739.869 	-2211.256 	-0.016 	-0.310 	-0.251 	
-35.850 	-218.377 	495.104 	0.003 	-0.029 	0.055 	
2395.508 	-1116.522 	608.137 	0.273 	-0.127 	0.065 	
1926.177 	1129.369 	-2082.989 	0.226 	0.128 	-0.235 	
-2342.517 	-3201.394 	1845.146 	-0.263 	-0.368 	0.207 	
3976.691 	-790.430 	-3608.027 	0.457 	-0.090 	-0.412 	
-577.583 	2562.409 	864.534 	-0.060 	0.293 	0.096 	
-2074.604 	2893.166 	-2508.476 	-0.237 	0.328 	-0.287 	
-2781.853 	1902.018 	-988.183 	-0.310 	0.215 	-0.112 	
-49.671 	940.525 	-351.856 	-0.009 	0.100 	-0.040 	
-3067.603 	1247.357 	260.277 	-0.343 	0.146 	0.028 	
-161.339 	-2684.124 	-2052.474 	-0.020 	-0.302 	-0.228 	
-2544.854 	-1455.916 	131.599 	-0.290 	-0.164 	0.010 	
1988.637 	1563.398 	-2001.918 	0.232 	0.178 	-0.225 	
-2470.418 	3503.966 	487.447 	-0.281 	0.395 	0.061 	
1814.624 	-318.187 	-2610.304 	0.208 	-0.035 	-0.296 	
-341.843 	267.608 	-719.155 	-0.035 	0.024 	-0.076 	
-3409.395 	-1793.490 	-3202.767 	-0.387 	-0.209 	-0.367 	
1567.989 	-662.848 	521.352 	0.175 	-0.076 	0.062 	
-2807.994 	-690.043 	3105.028 	-0.319 	-0.077 	0.354 	
2776.818 	-302.805 	2573.063 	0.316 	-0.037 	0.288 	
994.493 	-300.568 	-2369.202 	0.109 	-0.039 	-0.268 	
2891.471 	1170.648 	-231.487 	0.326 	0.134 	-0.029 	
1262.318 	603.996 	2102.240 	0.140 	0.070 	0.237 	
-257.092 	1611.385 	-2666.949 	-0.032 	0.183 	-0.300 	
3632.641 	-2642.009 	-1123.187 	0.419 	-0.299 	-0.125 	
-3263.511 	-3287.757 	3431.076 	-0.373 	-0.376 	0.390 	
-2824.417 	-1972.573 	-81.268 	-0.318 	-0.223 	-0.010 	
2154.438 	512.321 	745.745 	0.238 	0.058 	0.085 	
3564.580 	-879.628 	940.919 	0.405 	-0.097 	0.103 	
-2952.377 	1110.379 	1630.161 	-0.333 	0.129 	0.191 	
103.351 	-200.393 	44.463 	0.007 	-0.022 	0.008 	
-985.812 	-2062.963 	2873.130 	-0.106 	-0.232 	0.328 	
-375.447 	-1747.220 	-1360.428 	-0.039 	-0.200 	-0.150 	
3438.123 	-1387.768 	-2338.619 	0.390 	-0.162 	-0.264 	
378.704 	-2040.051 	-1924.043 	0.037 	-0.230 	-0.216 	
2689.447 	-2844.056 	3587.426 	0.310 	-0.320 	0.407 	
-3304.120 	-1327.889 	-1733.418 	-0.373 	-0.146 	-0.193 	
-3014.560 	-836.888 	-1129.067 	-0.346 	-0.099 	-0.127 	
492.125 	-758.429 	2743.984 	0.063 	-0.086 	0.310 	
2105.261 	-2036.851 	1525.236 	0.246 	-0.231 	0.170 	
-1912.654 	1529.995 	1625.317 	-0.222 	0.171 	0.186 	
-3260.349 	-1798.019 	2737.811 	-0.369 	-0.199 	0.312 	
-2561.073 	-25.836 	876.998 	-0.292 	-0.004 	0.103 	
-2053.905 	-2417.995 	374.408 	-0.230 	-0.271 	0.040 	
3262.518 	3066.292 	2054.023 	0.374 	0.343 	0.232 	
3248.830 	1794.181 	-623.190 	0.375 	0.206 	-0.072 	
-3089.134 	-2900.155 	789.047 	-0.350 	-0.328 	0.093 	
-2559.570 	761.260 	1452.607 	-0.293 	0.082 	0.166 	
-2051.287 	332.959 	1755.413 	-0.227 	0.041 	0.202 	
-1927.107 	-951.928 	-3694.635 	-0.220 	-0.111 	-0.424 	
-1797.352 	-1969.155 	-2848.281 	-0.206 	-0.227 	-0.326 	
3887.465 	3967.779 	-1852.257 	0.445 	0.456 	-0.209 	
3715.884 	1324.281 	-2995.813 	0.424 	0.148 	-0.345 	
-937.488 	-1568.193 	-1016.121 	-0.106 	-0.180 	-0.113 	
-986.473 	-1519.823 	2414.627 	-0.110 	-0.178 	0.272 	
981.717 	-222.409 	389.660 	0.116 	-0.027 	0.041 	
1200.680 	360.420 	782.767 	0.138 	0.036 	0.087 	
-2148.828 	2254.669 	2158.772 	-0.248 	0.256 	0.245 	
-2416.349 	2870.132 	-3320.425 	-0.276 	0.323 	-0.377 	
-965.833 	-2205.033 	-3669.903 	-0.108 	-0.246 	-0.419 	
2931.117 	-1456.975 	-2275.867 	0.328 	-0.164 	-0.257 	
-43.149 	29.171 	-2267.475 	-0.004 	0.004 	-0.257 	
1151.979 	2860.641 	1214.539 	0.132 	0.328 	0.141 	
1901.120 	-289.425 	-27.683 	0.221 	-0.032 	-0.004 	
1510.321 	1705.739 	2091.891 	0.173 	0.191 	0.243 	
1067.106 	-1415.411 	-1541.644 	0.125 	-0.159 	-0.171 	
3312.678 	-2659.468 	-2278.777 	0.383 	-0.303 	-0.259 	
1059.570 	853.417 	-2186.138 	0.122 	0.097 	-0.249 	
-2349.222 	-2544.622 	-61.854 	-0.264 	-0.292 	-0.006 	
1948.256 	1243.990 	1597.200 	0.215 	0.139 	0.181 	
2811.031 	1024.750 	360.946 	0.325 	0.112 	0.040 	
-252.284 	-3163.421 	2981.697 	-0.027 	-0.357 	0.344 	
279.014 	1176.256 	2981.454 	0.038 	0.133 	0.334 	
2697.814 	-129.561 	2885.889 	0.312 	-0.014 	0.326 	
3071.128 	1175.872 	-141.779 	0.346 	0.130 	-0.012 	
-2045.444 	-3898.518 	3873.497 	-0.231 	-0.445 	0.444 	
-3990.768 	-3247.142 	3585.196 	-0.457 	-0.368 	0.410 	
3766.677 	3028.704 	11.937 	0.434 	0.341 	0.001 	
3814.517 	751.516 	3244.179 	0.435 	0.080 	0.371 	
1408.833 	410.295 	2451.215 	0.124 	0.049 	0.277 	
-2477.662 	-399.793 	-3073.236 	-0.282 	-0.044 	-0.348 	
2720.115 	1363.522 	-1151.046 	0.316 	0.155 	-0.132 	
-909.972 	1855.264 	-3182.771 	-0.106 	0.208 	-0.358 	
1447.138 	1528.171 	-479.960 	0.163 	0.172 	-0.055 	
2208.433 	-1362.519 	-1909.646 	0.252 	-0.152 	-0.214 	
2948.538 	2784.473 	3450.415 	0.336 	0.321 	0.395 	
363.560 	3063.466 	-2213.713 	0.036 	0.346 	-0.250 	
-3145.038 	623.076 	1326.997 	-0.354 	0.074 	0.153 	
958.133 	-3389.577 	2317.273 	0.113 	-0.384 	0.259 	
1104.848 	-1367.057 	-351.382 	0.122 	-0.157 	-0.039 	
2715.900 	208.524 	-291.678 	0.308 	0.028 	-0.036 	
-1636.502 	1559.321 	-2427.449 	-0.183 	0.179 	-0.278 	
1716.484 	-3032.734 	1728.548 	0.192 	-0.347 	0.198 	
2977.489 	2983.723 	153.591 	0.343 	0.338 	0.020 	
1991.771 	-3218.705 	2973.036 	0.226 	-0.361 	0.338 	
3540.063 	-263.186 	770.445 	0.402 	-0.025 	0.090 	
3944.745 	3148.763 	2088.162 	0.447 	0.359 	0.239 	
1073.430 	-2622.106 	1454.691 	0.128 	-0.298 	0.166 	
-2029.456 	-3627.494 	3387.734 	-0.232 	-0.416 	0.385 	
1533.293 	-718.955 	-765.303 	0.176 	-0.077 	-0.086 	
-272.173 	71.630 	565.689 	-0.033 	0.005 	0.061 	
-3180.975 	3998.158 	3234.484 	-0.366 	0.460 	0.367 	
199.737 	346.085 	3045.435 	0.029 	0.041 	0.342 	
-480.194 	3117.277 	2823.178 	-0.056 	0.358 	0.318 	
2640.165 	-2819.051 	3091.933 	0.305 	-0.325 	0.354 	
-2802.442 	-2943.389 	3017.207 	-0.320 	-0.329 	0.343 	
-3292.398 	-2106.985 	2484.521 	-0.375 	-0.237 	0.283 	
-2442.658 	2296.064 	1125.126 	-0.274 	0.264 	0.131 	
-542.933 	-3796.886 	721.956 	-0.055 	-0.431 	0.081 	
458.527 	-1800.125 	2578.798 	0.055 	-0.203 	0.293 	
-115.738 	348.212 	424.975 	-0.014 	0.035 	0.052 	
-2981.690 	-3370.936 	-2738.457 	-0.343 	-0.384 	-0.307 	
-1716.777 	-115.166 	1887.907 	-0.191 	-0.017 	0.213 	
2687.975 	1015.082 	449.024 	0.302 	0.118 	0.052 	
1355.342 	-1927.582 	2517.321 	0.156 	-0.222 	0.289 	
-2772.896 	-1618.436 	-2358.743 	-0.313 	-0.181 	-0.265 	
116.843 	-1763.247 	-701.863 	0.009 	-0.221 	-0.078 	
3640.992 	265.149 	79.018 	0.412 	0.037 	0.006 	
-1736.106 	-2513.033 	-2315.622 	-0.195 	-0.287 	-0.259 	
2941.639 	-1793.486 	197.605 	0.338 	-0.201 	0.024 	
-913.966 	2487.537 	2182.340 	-0.099 	0.278 	0.247 	
602.820 	-896.433 	3108.575 	0.069 	-0.100 	0.349 	
3121.969 	-448.978 	1666.692 	0.356 	-0.053 	0.186 	
-957.268 	157.054 	-3748.750 	-0.106 	0.020 	-0.427 	
-1688.845 	-621.085 	-57.973 	-0.190 	-0.076 	-0.003 	
742.004 	2896.018 	1526.031 	0.082 	0.328 	0.175 	
-3307.219 	841.959 	-615.500 	-0.378 	0.093 	-0.072 	
1848.528 	-1824.313 	965.054 	0.207 	-0.203 	0.106 	
-679.128 	657.119 	-767.980 	-0.082 	0.071 	-0.087 	
2734.553 	-2908.732 	610.029 	0.311 	-0.331 	0.073 	
316.738 	-662.997 	1019.582 	0.030 	-0.073 	0.114 	
3636.944 	-2949.664 	1204.205 	0.418 	-0.333 	0.136 	
-1651.662 	334.611 	-230.370 	-0.182 	0.037 	-0.025 	
-2828.746 	387.538 	3046.481 	-0.323 	0.050 	0.344 	
3748.173 	1441.630 	-347.552 	0.426 	0.159 	-0.033 	
-2238.689 	2842.353 	-1726.844 	-0.251 	0.326 	-0.193 	
-2211.141 	2742.680 	-1013.758 	-0.245 	0.312 	-0.116 	
2680.580 	-852.828 	-365.784 	0.301 	-0.090 	-0.040 	
-2912.688 	658.771 	2764.305 	-0.328 	0.076 	0.313 	
3103.283 	-1786.589 	-3629.982 	0.360 	-0.200 	-0.412 	
-2574.383 	-3488.292 	-1922.002 	-0.292 	-0.394 	-0.218 	
-735.158 	-404.725 	2697.601 	-0.079 	-0.047 	0.302 	
-221.572 	-1804.077 	-282.995 	-0.026 	-0.203 	-0.038 	
-264.578 	-494.791 	1379.464 	-0.024 	-0.056 	0.160 	
2218.504 	978.015 	870.862 	0.256 	0.113 	0.102 	
1392.948 	-2848.730 	19.590 	0.163 	-0.318 	0.005 	
1954.076 	-3244.259 	-3160.753 	0.219 	-0.370 	-0.359 	
-2115.430 	3178.728 	-923.974 	-0.239 	0.358 	-0.107 	
-2659.278 	3005.942 	814.458 	-0.298 	0.344 	0.092 	
4.836 	-295.390 	-994.710 	0.002 	-0.035 	-0.115 	
-189.325 	-2839.981 	2126.877 	-0.014 	-0.321 	0.240 	
957.980 	-1124.552 	3248.838 	0.108 	-0.124 	0.372 	
3208.392 	2575.511 	-3359.574 	0.369 	0.298 	-0.383 	
65.414 	-1866.917 	-697.996 	0.007 	-0.211 	-0.074 	
3808.597 	2608.749 	-109.257 	0.439 	0.295 	-0.013 	
-1400.396 	2173.830 	-3887.151 	-0.154 	0.245 	-0.441 	
-124.412 	250.207 	-720.058 	-0.015 	0.024 	-0.083 	
-2912.249 	-732.733 	1269.321 	-0.324 	-0.085 	0.146 	
1687.322 	-485.875 	10.716 	0.190 	-0.060 	0.000 	
-1069.363 	-725.968 	3011.663 	-0.123 	-0.082 	0.334 	
-589.949 	199.531 	-3745.505 	-0.066 	0.026 	-0.425 	
2840.740 	1189.266 	1324.279 	0.316 	0.135 	0.148 	
-3043.917 	-1917.668 	-4177.294 	-0.344 	-0.217 	-0.481 	
3394.201 	-690.795 	830.393 	0.383 	-0.075 	0.096 	
2111.958 	-3460.286 	526.049 	0.236 	-0.394 	0.062 	
1798.286 	3255.277 	-2189.596 	0.210 	0.366 	-0.247 	
2776.408 	881.209 	-2348.988 	0.313 	0.104 	-0.264 	
145.726 	-3879.232 	3316.713 	0.021 	-0.445 	0.375 	
1348.081 	-1168.356 	1139.075 	0.160 	-0.132 	0.128 	
153.271 	3655.029 	1677.866 	0.024 	0.415 	0.192 	
3015.491 	-1931.586 	-2284.292 	0.349 	-0.221 	-0.259 	
1501.061 	3404.250 	-148.149 	0.174 	0.387 	-0.012 	
1764.461 	997.457 	-1086.668 	0.195 	0.114 	-0.122 	
2995.823 	3359.487 	-837.061 	0.337 	0.377 	-0.095 	
1684.829 	1800.407 	-1120.357 	0.199 	0.204 	-0.126 	
1253.808 	-977.848 	-485.350 	0.148 	-0.115 	-0.056 	
1080.041 	-782.467 	1180.336 	0.123 	-0.088 	0.125 	
-998.668 	-2481.628 	-1539.005 	-0.117 	-0.282 	-0.170 	
-3580.333 	-1192.556 	2673.921 	-0.403 	-0.133 	0.303 	
-3058.371 	-2665.261 	-347.481 	-0.345 	-0.306 	-0.043 	
848.521 	3140.905 	1682.211 	0.094 	0.359 	0.190 	
-776.455 	-1053.341 	1442.351 	-0.093 	-0.119 	0.163 	
2077.878 	-3461.282 	477.622 	0.243 	-0.393 	0.059 	
-3575.403 	-1444.921 	2217.496 	-0.421 	-0.163 	0.250 	
2532.620 	-3225.568 	-3368.565 	0.271 	-0.371 	-0.380 	
-3377.851 	-1360.597 	-2871.864 	-0.404 	-0.150 	-0.327 	
-1168.211 	-3150.283 	1564.079 	-0.148 	-0.354 	0.183 	
2247.823 	1775.349 	-475.802 	0.232 	0.197 	-0.056 	
-2289.139 	-3041.665 	1840.943 	-0.284 	-0.347 	0.212 	
3918.279 	-3138.791 	-3229.776 	0.429 	-0.361 	-0.370 	
2713.697 	-2145.979 	1922.138 	0.289 	-0.244 	0.223 	
-1310.044 	-1876.866 	-3172.001 	-0.173 	-0.210 	-0.359 	
1467.647 	1836.383 	-2525.949 	0.145 	0.208 	-0.290 	
2717.875 	1140.058 	358.244 	0.291 	0.130 	0.037 	
452.461 	107.249 	839.204 	0.024 	0.008 	0.094 	
-3624.234 	3215.727 	3457.702 	-0.435 	0.365 	0.391 	
1230.602 	-2607.471 	1351.808 	0.113 	-0.296 	0.154 	
1245.926 	3914.691 	3486.119 	0.123 	0.447 	0.392 	
-260.596 	3002.480 	2185.228 	-0.045 	0.341 	0.244 	
2425.137 	-1065.838 	1449.326 	0.260 	-0.118 	0.167 	
744.931 	-3649.205 	3445.338 	0.060 	-0.414 	0.392 	
-518.543 	3425.134 	1242.280 	-0.077 	0.388 	0.146 	
1869.990 	-3460.227 	3109.864 	0.195 	-0.396 	0.351 	
532.648 	942.053 	1734.710 	0.039 	0.106 	0.198 	
-1522.216 	3506.911 	-3555.241 	-0.188 	0.397 	-0.403 	
919.884 	1197.033 	78.957 	0.091 	0.137 	0.010 	
2542.487 	220.016 	-444.245 	0.265 	0.028 	-0.053 	
-4070.980 	1376.401 	-2016.386 	-0.488 	0.157 	-0.229 	
280.248 	2704.145 	1655.440 	0.009 	0.310 	0.191 	
290.070 	-1242.927 	24.557 	0.015 	-0.144 	0.005 	
-447.567 	-2716.110 	-470.377 	-0.072 	-0.310 	-0.050 	
-2625.103 	-649.033 	-798.840 	-0.322 	-0.073 	-0.091 	
-1160.884 	1675.851 	-3531.566 	-0.147 	0.189 	-0.399 	
634.096 	1283.512 	-593.799 	0.058 	0.144 	-0.063 	
-1446.721 	3487.184 	1089.177 	-0.180 	0.399 	0.127 	
-2524.192 	2492.711 	-3220.417 	-0.311 	0.283 	-0.369 	
17.411 	3225.175 	2623.495 	-0.020 	0.367 	0.294 	
987.681 	-3550.388 	3091.193 	0.092 	-0.400 	0.352 	
928.309 	-2941.917 	413.286 	0.089 	-0.330 	0.050 	
432.493 	-581.482 	-2792.174 	0.027 	-0.064 	-0.316 	
-2951.445 	981.267 	3265.928 	-0.358 	0.107 	0.374 	
-3905.403 	2201.517 	29.842 	-0.466 	0.244 	0.005 	
3051.685 	113.899 	-2196.806 	0.329 	0.013 	-0.245 	
-1771.589 	-1397.423 	-2052.868 	-0.219 	-0.154 	-0.235 	
-2672.748 	-1851.255 	-1120.353 	-0.318 	-0.204 	-0.127 	
1879.235 	-3312.959 	-2062.373 	0.189 	-0.375 	-0.235 	
-2700.766 	1063.927 	-2227.701 	-0.325 	0.122 	-0.247 	
-1596.229 	-584.785 	-958.726 	-0.205 	-0.063 	-0.111 	
3086.712 	3770.430 	-1953.713 	0.333 	0.433 	-0.219 	
1378.491 	-2368.963 	-2098.888 	0.137 	-0.266 	-0.242 	
-2569.895 	2935.501 	-3255.514 	-0.311 	0.328 	-0.373 	
-1053.275 	-1777.797 	-1452.672 	-0.131 	-0.202 	-0.164 	
-85.944 	-572.595 	1045.260 	-0.035 	-0.067 	0.118 	
-71.707 	64.745 	144.416 	-0.029 	0.009 	0.015 	
1332.586 	3893.460 	-311.024 	0.138 	0.443 	-0.035 	
1381.631 	-2258.345 	-1091.941 	0.144 	-0.256 	-0.122 	
2219.166 	1570.284 	1267.601 	0.231 	0.178 	0.143 	
-3073.698 	-435.252 	2032.013 	-0.369 	-0.044 	0.227 	
-1044.304 	2470.990 	2220.521 	-0.136 	0.287 	0.255 	
-2649.811 	1569.763 	2723.358 	-0.327 	0.178 	0.307 	
-1208.226 	-703.687 	-1484.978 	-0.153 	-0.076 	-0.165 	
-2446.422 	-1712.118 	-1323.345 	-0.292 	-0.198 	-0.150 	
-2517.384 	42.016 	332.337 	-0.304 	0.009 	0.035 	
-935.485 	-3088.579 	1051.984 	-0.121 	-0.346 	0.122 	
910.031 	-436.042 	-114.054 	0.085 	-0.049 	-0.014 	
1912.533 	1111.552 	1821.237 	0.203 	0.126 	0.202 	
-140.348 	-372.037 	-3238.096 	-0.040 	-0.040 	-0.365 	
-168.107 	-1704.299 	-1525.536 	-0.036 	-0.189 	-0.173 	
1594.635 	-255.292 	3163.561 	0.163 	-0.030 	0.358 	
316.966 	-984.629 	646.687 	0.012 	-0.112 	0.078 	
349.063 	-3069.300 	3383.921 	0.022 	-0.345 	0.386 	
1075.322 	671.125 	1573.478 	0.103 	0.078 	0.178 	
145.149 	-2879.034 	-350.725 	-0.009 	-0.326 	-0.040 	
44.752 	-2847.245 	-1522.495 	-0.019 	-0.321 	-0.174 	
-3217.546 	-2780.606 	-226.596 	-0.385 	-0.311 	-0.025 	
-3286.882 	-2226.293 	-993.221 	-0.398 	-0.253 	-0.112 	
3091.050 	-3125.804 	-848.116 	0.337 	-0.357 	-0.100 	
-839.898 	-1466.655 	-1741.181 	-0.117 	-0.171 	-0.199 	
-932.692 	-542.277 	248.542 	-0.131 	-0.063 	0.029 	
-1315.851 	2733.349 	-1919.666 	-0.166 	0.313 	-0.220 	
-1662.388 	1298.468 	1125.278 	-0.211 	0.151 	0.125 	
-817.166 	1041.110 	-1818.687 	-0.117 	0.120 	-0.206 	
-2970.122 	-2225.176 	1492.978 	-0.352 	-0.250 	0.169 	
1621.726 	-2488.095 	-588.310 	0.169 	-0.281 	-0.063 	
2480.308 	714.546 	2661.036 	0.258 	0.083 	0.301 	
-3103.017 	1930.211 	2480.034 	-0.368 	0.219 	0.278 	
-1649.222 	890.612 	1043.781 	-0.213 	0.101 	0.117 	
-1982.833 	-2684.788 	3859.082 	-0.242 	-0.300 	0.440 	
-2155.269 	-2026.187 	300.658 	-0.264 	-0.232 	0.039 	
-2348.072 	347.146 	-2681.032 	-0.284 	0.038 	-0.305 	
2925.752 	25.221 	-2825.667 	0.319 	0.001 	-0.319 	
501.632 	1279.337 	3159.219 	0.041 	0.148 	0.356 	
-2175.664 	1807.106 	1619.226 	-0.263 	0.202 	0.181 	
-1230.169 	1854.328 	2464.497 	-0.153 	0.209 	0.279 	
-3338.000 	2826.930 	547.441 	-0.399 	0.327 	0.064 	
-1016.338 	-1267.565 	-1479.972 	-0.132 	-0.149 	-0.163 	
-1328.489 	-2788.542 	754.488 	-0.170 	-0.314 	0.091 	
3586.918 	3179.563 	-2374.554 	0.395 	0.363 	-0.270 	
163.577 	-2407.565 	-2349.808 	0.004 	-0.273 	-0.271 	
-2067.708 	-3248.563 	-2767.116 	-0.254 	-0.374 	-0.312 	
1084.694 	4045.043 	-1620.001 	0.101 	0.462 	-0.188 	
828.911 	-2083.539 	2892.856 	0.071 	-0.239 	0.329 	
3773.203 	-333.643 	-2366.450 	0.414 	-0.040 	-0.270 	
998.103 	-516.889 	603.742 	0.089 	-0.059 	0.068 	
717.558 	3547.875 	-1905.834 	0.059 	0.404 	-0.217 	
-2508.465 	-1394.618 	-1401.587 	-0.302 	-0.153 	-0.158 	
-1502.207 	3192.113 	-802.355 	-0.191 	0.356 	-0.089 	
-1374.421 	-679.813 	-2955.930 	-0.172 	-0.077 	-0.335 	
1534.301 	-3443.497 	-1548.101 	0.158 	-0.394 	-0.173 	
2224.435 	-894.371 	-29.934 	0.230 	-0.097 	0.000 	
3423.048 	46.017 	2136.914 	0.374 	0.005 	0.243 	
1811.170 	2657.689 	-3634.687 	0.193 	0.302 	-0.415 	
-2925.814 	1072.235 	2330.135 	-0.345 	0.122 	0.263 	
-481.708 	5.268 	1003.759 	-0.069 	0.001 	0.116 	
-1271.013 	2833.372 	2447.559 	-0.166 	0.323 	0.279 	
3731.752 	3111.174 	-698.935 	0.407 	0.354 	-0.081 	
-3311.337 	377.432 	2384.269 	-0.396 	0.038 	0.269 	
-3791.879 	944.294 	-2675.308 	-0.446 	0.109 	-0.305 	
-2532.087 	-1327.362 	-598.287 	-0.307 	-0.153 	-0.070 	
987.139 	1125.433 	-1600.238 	0.088 	0.127 	-0.185 	
2617.655 	3609.668 	-2349.336 	0.280 	0.414 	-0.271 	
-2589.796 	1418.964 	-119.057 	-0.314 	0.156 	-0.015 	
429.672 	253.142 	717.922 	0.025 	0.025 	0.082 	
460.327 	-2835.049 	-1453.090 	0.027 	-0.322 	-0.166 	
-2985.336 	-431.032 	-1781.065 	-0.362 	-0.049 	-0.199 	
3802.767 	2445.303 	-2303.393 	0.419 	0.281 	-0.263 	
2462.003 	596.265 	1945.604 	0.262 	0.071 	0.216 	
825.373 	3161.570 	662.645 	0.073 	0.354 	0.074 	
1017.485 	-889.644 	-1285.405 	0.092 	-0.103 	-0.141 	
2789.919 	2809.517 	-2452.377 	0.294 	0.321 	-0.279 	
3501.028 	864.707 	-1061.808 	0.383 	0.099 	-0.120 	
-2345.594 	923.762 	-663.773 	-0.290 	0.100 	-0.072 	
-1633.128 	-3065.761 	-919.700 	-0.203 	-0.342 	-0.106 	
1736.009 	3807.954 	-3571.601 	0.177 	0.436 	-0.406 	
3216.699 	1366.177 	-911.799 	0.346 	0.159 	-0.103 	
-2668.613 	-2212.069 	-2136.300 	-0.325 	-0.252 	-0.238 	
-3541.423 	225.453 	1918.541 	-0.427 	0.027 	0.221 	
3595.116 	-1992.975 	2964.872 	0.394 	-0.226 	0.333 	
2666.564 	229.721 	1553.989 	0.278 	0.027 	0.177 	
778.236 	2774.876 	2184.123 	0.071 	0.319 	0.248 	
-3512.228 	3042.768 	-2455.693 	-0.423 	0.345 	-0.284 	
-3315.041 	299.790 	3460.571 	-0.389 	0.034 	0.394 	
3308.955 	-2512.832 	-1605.237 	0.357 	-0.291 	-0.184 	
-1725.094 	1453.695 	1517.325 	-0.222 	0.164 	0.174 	
1769.286 	2358.718 	963.280 	0.181 	0.267 	0.112 	
2655.365 	-474.595 	1353.372 	0.286 	-0.055 	0.154 	
2361.370 	1134.398 	1248.460 	0.245 	0.124 	0.138 	
-2730.374 	-748.345 	3246.581 	-0.326 	-0.085 	0.372 	
3523.673 	-2802.158 	1724.503 	0.384 	-0.317 	0.197 	
-951.126 	2467.940 	-3346.764 	-0.132 	0.280 	-0.380 	
-3209.798 	-3046.747 	5034.968 	-0.414 	-0.366 	0.615 	
559.841 	1950.869 	83.119 	0.047 	0.220 	0.009 	
836.510 	40.533 	503.943 	0.078 	0.006 	0.061 	
1346.530 	2808.401 	3423.311 	0.138 	0.323 	0.389 	
-2800.412 	456.177 	-247.227 	-0.339 	0.057 	-0.026 	
-3600.290 	1076.880 	-3233.998 	-0.428 	0.124 	-0.365 	
1321.633 	1777.947 	537.384 	0.135 	0.201 	0.061 	
-1096.696 	-2531.308 	908.489 	-0.146 	-0.290 	0.102 	
1883.137 	-672.460 	-1418.762 	0.201 	-0.078 	-0.160 	
-936.437 	-490.557 	2472.859 	-0.126 	-0.059 	0.277 	
-3005.091 	2649.763 	3535.078 	-0.359 	0.304 	0.406 	
2191.554 	-1804.979 	298.751 	0.232 	-0.203 	0.039 	
-2728.539 	-1661.356 	-904.213 	-0.333 	-0.187 	-0.103 	
215.915 	2759.511 	1525.900 	0.003 	0.312 	0.174 	
-1267.889 	-920.467 	-3321.096 	-0.157 	-0.105 	-0.375 	
-2473.608 	182.811 	-2793.407 	-0.305 	0.024 	-0.315 	
150.047 	1954.238 	226.533 	0.001 	0.224 	0.025 	
-2134.683 	-1738.188 	150.787 	-0.265 	-0.193 	0.022 	
-3146.654 	-3328.504 	3622.811 	-0.379 	-0.378 	0.417 	
799.355 	-26.393 	1203.655 	0.074 	-0.004 	0.137 	
3494.958 	1521.416 	-1307.559 	0.376 	0.171 	-0.147 	
3612.710 	-2504.739 	2566.477 	0.394 	-0.287 	0.293 	
-3758.847 	-1839.293 	-38.477 	-0.445 	-0.205 	-0.006 	
-1508.637 	565.875 	-2678.302 	-0.195 	0.065 	-0.300 	
56.337 	-243.807 	1695.844 	-0.017 	-0.025 	0.194 	
2617.185 	-1174.880 	-618.004 	0.271 	-0.135 	-0.070 	
424.098 	-61.178 	-2272.965 	0.032 	-0.007 	-0.258 	
3823.323 	-3156.198 	-4097.253 	0.418 	-0.358 	-0.471 	
-359.050 	-2062.376 	-797.762 	-0.058 	-0.228 	-0.095 	
-1834.558 	2907.332 	3136.290 	-0.225 	0.330 	0.355 	
2412.833 	422.850 	-2772.444 	0.250 	0.048 	-0.315 	
-1250.784 	2859.872 	1648.844 	-0.165 	0.325 	0.185 	
-2617.048 	-846.015 	-1470.794 	-0.319 	-0.095 	-0.171 	
97.155 	85.850 	808.243 	-0.011 	0.007 	0.086 	
-1346.080 	-1578.720 	2048.059 	-0.175 	-0.177 	0.232 	
-300.922 	2013.709 	761.923 	-0.054 	0.222 	0.089 	
733.273 	-577.223 	-2165.075 	0.059 	-0.068 	-0.243 	
-1419.908 	-1151.234 	2804.142 	-0.179 	-0.125 	0.318 	
3469.690 	-1204.391 	-3634.835 	0.377 	-0.141 	-0.412 	
3433.982 	-124.662 	-3091.821 	0.375 	-0.015 	-0.356 	
1606.791 	104.661 	3381.766 	0.157 	0.013 	0.383 	
-835.418 	-1965.835 	-1522.848 	-0.113 	-0.221 	-0.166 	
1228.338 	-3654.279 	3244.729 	0.121 	-0.409 	0.368 	
-2804.326 	-1432.186 	3207.822 	-0.333 	-0.163 	0.362 	
-1693.619 	-384.032 	-2951.766 	-0.212 	-0.042 	-0.333 	
-329.762 	3000.746 	240.599 	-0.061 	0.342 	0.031 	
1307.400 	1459.590 	-3081.018 	0.130 	0.163 	-0.349 	
2003.276 	2264.297 	-2976.619 	0.211 	0.261 	-0.339 	
-3733.162 	500.660 	2115.100 	-0.441 	0.058 	0.240 	
-2363.727 	-553.308 	2737.723 	-0.288 	-0.069 	0.309 	
-156.928 	2246.900 	1740.938 	-0.042 	0.255 	0.201 	
-452.851 	3479.610 	3181.589 	-0.065 	0.394 	0.362 	
-2385.436 	-1134.482 	3342.065 	-0.294 	-0.130 	0.378 	
1980.629 	1976.842 	-1004.560 	0.202 	0.223 	-0.111 	
-229.800 	-868.381 	1038.894 	-0.051 	-0.094 	0.117 	
-2413.477 	3250.610 	-2963.351 	-0.294 	0.373 	-0.335 	
3087.457 	2631.661 	372.643 	0.338 	0.300 	0.043 	
2617.930 	3161.303 	1146.544 	0.284 	0.358 	0.132 	
-3306.436 	-3273.056 	-1697.382 	-0.399 	-0.375 	-0.193 	
3294.680 	-2113.522 	2112.607 	0.350 	-0.244 	0.241 	
-1135.052 	-559.013 	513.377 	-0.141 	-0.064 	0.057 	
-2898.447 	794.757 	1451.058 	-0.353 	0.091 	0.163 	
-3288.506 	-1192.129 	325.693 	-0.398 	-0.135 	0.038 	
3505.800 	1938.286 	2986.651 	0.382 	0.218 	0.335 	
3643.088 	-1211.402 	-265.241 	0.394 	-0.137 	-0.033 	
846.584 	-2980.059 	-1023.912 	0.083 	-0.337 	-0.116 	
-1995.055 	1567.281 	-1067.633 	-0.241 	0.175 	-0.123 	
-543.652 	-2820.765 	-3160.976 	-0.087 	-0.321 	-0.359 	
-4005.447 	-1341.945 	3024.815 	-0.477 	-0.156 	0.340 	
-2819.108 	656.224 	1940.724 	-0.345 	0.074 	0.218 	
730.130 	-2730.162 	1638.075 	0.059 	-0.311 	0.189 	
-248.037 	-1900.425 	326.145 	-0.046 	-0.210 	0.039 	
-436.870 	-368.956 	-1159.848 	-0.063 	-0.041 	-0.130 	
364.291 	-1456.195 	876.043 	0.016 	-0.160 	0.099 	
-2536.938 	-1749.303 	147.929 	-0.305 	-0.199 	0.022 	
-3520.648 	1525.491 	-540.753 	-0.426 	0.174 	-0.059 	
-2733.565 	-2598.000 	-2202.848 	-0.329 	-0.298 	-0.249 	
3593.041 	-3351.191 	934.219 	0.393 	-0.383 	0.107 	
-1483.156 	3214.893 	1102.904 	-0.190 	0.362 	0.130 	
-2653.898 	-1078.905 	-133.594 	-0.315 	-0.128 	-0.014 	
3503.388 	-1168.521 	3412.126 	0.379 	-0.135 	0.391 	
629.142 	405.209 	2503.791 	0.055 	0.043 	0.286 	
1045.367 	-708.069 	-2437.444 	0.097 	-0.083 	-0.272 	
-874.487 	1736.369 	80.087 	-0.121 	0.198 	0.008 	
3882.907 	3459.723 	2042.914 	0.421 	0.395 	0.230 	
-2633.009 	-1394.752 	4661.900 	-0.324 	-0.162 	0.538 	
-2895.295 	747.517 	-2318.361 	-0.343 	0.083 	-0.263 	
-1658.140 	-382.348 	1210.245 	-0.210 	-0.040 	0.136 	
3557.663 	-1656.471 	-2893.283 	0.381 	-0.188 	-0.328 	
-2092.399 	1412.975 	369.131 	-0.256 	0.159 	0.041 	
-1037.589 	2163.031 	193.058 	-0.139 	0.240 	0.022 	
829.282 	531.507 	3136.234 	0.078 	0.066 	0.353 	
-1061.476 	-1745.486 	1138.868 	-0.136 	-0.200 	0.130 	
-1986.375 	2010.716 	1574.792 	-0.241 	0.224 	0.182 	
1505.568 	1272.749 	996.646 	0.151 	0.142 	0.120 	
-488.715 	-196.092 	1289.262 	-0.079 	-0.021 	0.148 	
3135.537 	-2242.673 	2593.911 	0.334 	-0.253 	0.298 	
929.194 	3069.802 	-127.712 	0.090 	0.349 	-0.012 	
-1984.321 	1518.558 	1955.089 	-0.242 	0.176 	0.219 	
-3453.290 	-997.856 	-2950.714 	-0.409 	-0.110 	-0.336 	
3315.587 	1696.423 	2233.438 	0.355 	0.199 	0.252 	
2039.004 	-2379.654 	-1224.830 	0.218 	-0.269 	-0.139 	
-1595.994 	-272.707 	2151.391 	-0.201 	-0.028 	0.237 	
-256.218 	-1566.827 	3456.838 	-0.052 	-0.182 	0.387 	
-531.878 	-2882.997 	3058.750 	-0.081 	-0.332 	0.339 	
-3442.979 	2333.370 	-2473.183 	-0.408 	0.262 	-0.283 	
2593.847 	-697.739 	-472.874 	0.280 	-0.081 	-0.051 	
1153.365 	1647.827 	1782.694 	0.113 	0.192 	0.206 	
-922.605 	-1319.709 	-1886.497 	-0.124 	-0.155 	-0.209 	
-1429.364 	-715.419 	1004.890 	-0.186 	-0.080 	0.114 	
-2694.097 	366.597 	537.157 	-0.318 	0.041 	0.062 	
2252.785 	-430.574 	-359.132 	0.234 	-0.052 	-0.040 	
1838.092 	-1569.081 	2065.596 	0.196 	-0.177 	0.237 	
-928.725 	-1569.307 	2347.672 	-0.131 	-0.180 	0.265 	
-3692.242 	16.070 	2589.329 	-0.440 	0.002 	0.293 	
-2075.345 	581.348 	819.437 	-0.260 	0.067 	0.094 	
3233.908 	-2432.258 	-93.595 	0.345 	-0.281 	-0.012 	
-672.477 	734.246 	-1867.629 	-0.098 	0.079 	-0.207 	
-1102.226 	1297.096 	3296.087 	-0.140 	0.144 	0.375 	
2611.480 	-2262.801 	-738.126 	0.278 	-0.256 	-0.082 	
3578.864 	-442.408 	-1679.064 	0.391 	-0.052 	-0.187 	
3067.902 	3024.765 	3914.238 	0.328 	0.343 	0.446 	
2713.831 	-3645.305 	-1879.890 	0.289 	-0.412 	-0.209 	
3031.474 	1056.367 	1108.998 	0.329 	0.119 	0.124 	
3792.395 	-2068.628 	1188.740 	0.418 	-0.235 	0.136 	
430.017 	-2738.392 	2116.705 	0.031 	-0.305 	0.241 	
1043.334 	346.435 	-2646.947 	0.105 	0.039 	-0.300 	
3251.519 	2379.976 	1738.052 	0.346 	0.272 	0.201 	
-1108.066 	-700.214 	38.742 	-0.150 	-0.080 	0.007 	
-2510.402 	164.141 	-2557.107 	-0.306 	0.015 	-0.295 	
428.330 	1720.806 	1246.474 	0.026 	0.197 	0.146 	
-2451.361 	181.254 	2500.580 	-0.297 	0.027 	0.283 	
-1344.464 	-1255.884 	3222.641 	-0.174 	-0.149 	0.362 	
-3588.520 	1758.636 	977.182 	-0.430 	0.202 	0.112 	
-3627.923 	1734.661 	2975.688 	-0.426 	0.196 	0.340 	
-1239.531 	-485.907 	2568.571 	-0.161 	-0.052 	0.288 	
3557.476 	-2462.455 	-2949.218 	0.382 	-0.280 	-0.340 	
380.012 	-3584.467 	3600.250 	0.019 	-0.409 	0.409 	
-1884.512 	1891.260 	666.891 	-0.231 	0.214 	0.075 	
-3318.251 	1293.213 	2711.432 	-0.391 	0.146 	0.310 	
-2582.000 	-21.063 	2112.415 	-0.305 	-0.000 	0.239 	
94.789 	1646.164 	2169.845 	-0.014 	0.183 	0.247 	
753.925 	-1082.944 	-361.219 	0.072 	-0.122 	-0.039 	
770.474 	466.216 	523.526 	0.066 	0.047 	0.059 	
-1121.135 	-2674.928 	1245.883 	-0.142 	-0.307 	0.140 	
1002.664 	-686.857 	1111.798 	0.095 	-0.079 	0.123 	
2447.382 	976.678 	1949.221 	0.263 	0.112 	0.216 	
1453.044 	378.834 	-2066.399 	0.143 	0.043 	-0.234 	
692.762 	206.744 	-1096.161 	0.058 	0.025 	-0.125 	
-3837.719 	-2696.140 	3697.736 	-0.459 	-0.308 	0.424 	
-2396.562 	3304.793 	2159.047 	-0.293 	0.373 	0.249 	
-1369.252 	-3109.666 	2598.476 	-0.173 	-0.351 	0.294 	
-698.273 	-776.599 	2430.262 	-0.099 	-0.093 	0.271 	
-1069.533 	-655.440 	-846.970 	-0.147 	-0.076 	-0.098 	
3958.191 	1310.903 	3602.356 	0.434 	0.151 	0.409 	
-900.208 	-3188.211 	-3166.350 	-0.116 	-0.362 	-0.361 	
1533.271 	3731.401 	-505.800 	0.155 	0.428 	-0.060 	
1053.830 	3822.269 	-3549.691 	0.105 	0.436 	-0.401 	
-565.431 	2502.378 	1422.034 	-0.082 	0.286 	0.162 	
-1395.798 	2316.467 	-369.683 	-0.178 	0.261 	-0.047 	
456.062 	1447.955 	-4071.234 	0.033 	0.162 	-0.468 	
-1506.869 	462.551 	-1043.015 	-0.186 	0.054 	-0.116 	
-48.821 	288.210 	-2321.615 	-0.022 	0.032 	-0.267 	
2759.604 	2188.667 	-1040.858 	0.300 	0.248 	-0.118 	
-3456.186 	2311.443 	-2331.777 	-0.414 	0.265 	-0.271 	
3349.986 	3316.091 	2071.780 	0.369 	0.376 	0.236 	
-2544.336 	2264.871 	2403.093 	-0.311 	0.255 	0.277 	
1133.277 	1208.524 	2611.329 	0.105 	0.133 	0.296 	
-3930.850 	2328.803 	-2061.739 	-0.469 	0.267 	-0.236 	
-2131.898 	3278.389 	-1161.675 	-0.258 	0.371 	-0.128 	
-2208.196 	1469.038 	1123.854 	-0.265 	0.164 	0.132 	
-439.006 	-1197.561 	1759.256 	-0.080 	-0.138 	0.194 	
-52.495 	-1423.759 	-3128.480 	-0.025 	-0.155 	-0.354 	
-3507.152 	-1061.478 	-1786.078 	-0.412 	-0.122 	-0.206 	
2361.152 	393.287 	-491.002 	0.251 	0.046 	-0.049 	
2604.413 	-54.189 	-337.256 	0.274 	-0.009 	-0.032 	
-1548.330 	-678.429 	3116.200 	-0.198 	-0.079 	0.350 	
3124.088 	-2146.878 	-2088.049 	0.338 	-0.240 	-0.241 	
1159.604 	-413.666 	1753.781 	0.110 	-0.045 	0.198 	
3767.855 	-3349.079 	-2056.417 	0.414 	-0.377 	-0.237 	
1124.083 	-2472.000 	341.906 	0.109 	-0.279 	0.035 	
-1009.009 	-3167.572 	184.886 	-0.135 	-0.360 	0.021 	
992.040 	3024.634 	-431.943 	0.097 	0.337 	-0.048 	
2052.340 	-591.746 	-676.251 	0.212 	-0.062 	-0.074 	
-1404.169 	-507.458 	165.202 	-0.175 	-0.061 	0.021 	
-548.045 	2314.696 	-574.992 	-0.087 	0.264 	-0.065 	
2063.874 	-2750.497 	-3551.007 	0.220 	-0.315 	-0.408 	
-3023.417 	2550.256 	937.426 	-0.365 	0.289 	0.113 	
-709.131 	-1589.026 	2356.386 	-0.104 	-0.177 	0.262 	
1501.677 	2020.350 	-116.714 	0.145 	0.229 	-0.015 	
2388.224 	3237.050 	-2875.446 	0.251 	0.371 	-0.325 	
-3242.304 	545.419 	73.576 	-0.388 	0.057 	0.012 	
2367.430 	1859.184 	582.168 	0.249 	0.207 	0.070 	
-3837.424 	3526.098 	3646.041 	-0.459 	0.398 	0.417 	
558.858 	601.715 	1331.559 	0.048 	0.068 	0.147 	
1931.884 	-929.128 	-359.017 	0.197 	-0.108 	-0.038 	
3085.082 	1904.511 	2822.371 	0.327 	0.217 	0.320 	
-577.284 	-471.962 	-396.422 	-0.089 	-0.057 	-0.039 	
3211.830 	-2731.018 	-2736.345 	0.350 	-0.310 	-0.314 	
2584.322 	-87.894 	-1375.926 	0.275 	-0.009 	-0.157 	
-3209.921 	-3102.949 	-454.819 	-0.384 	-0.352 	-0.046 	
-2869.622 	3244.650 	3275.018 	-0.348 	0.374 	0.369 	
2076.634 	-3914.049 	2437.718 	0.216 	-0.451 	0.277 	
2289.086 	-2430.202 	-383.762 	0.240 	-0.275 	-0.039 	
3755.975 	-3342.611 	3298.894 	0.414 	-0.380 	0.374 	
-1574.264 	-634.679 	-1382.702 	-0.197 	-0.070 	-0.154 	
4052.053 	3306.781 	2112.006 	0.447 	0.379 	0.237 	
1849.978 	1644.985 	-1544.300 	0.185 	0.186 	-0.177 	
7.587 	2860.381 	-1035.031 	-0.016 	0.327 	-0.115 	
-3974.789 	731.355 	-1413.581 	-0.475 	0.083 	-0.157 	
-4420.539 	3289.276 	5406.090 	-0.521 	0.378 	0.616 	
1305.366 	-692.447 	2908.017 	0.135 	-0.078 	0.327 	
-1909.785 	-770.413 	-1013.873 	-0.241 	-0.086 	-0.113 	
-3550.155 	1398.320 	2838.255 	-0.417 	0.160 	0.321 	
-1699.888 	1742.485 	-1993.852 	-0.211 	0.198 	-0.232 	
-108.313 	414.542 	-649.864 	-0.027 	0.043 	-0.074 	
-3316.917 	-490.955 	-1682.498 	-0.399 	-0.054 	-0.191 	
44.608 	-1039.468 	-566.887 	-0.014 	-0.122 	-0.066 	
3734.218 	-434.092 	-271.694 	0.406 	-0.049 	-0.035 	
-802.356 	960.495 	666.538 	-0.114 	0.107 	0.082 	
1488.334 	-2765.239 	-348.832 	0.144 	-0.313 	-0.042 	
2435.930 	-3234.240 	-1524.902 	0.260 	-0.365 	-0.178 	
-1991.139 	-2176.638 	1449.161 	-0.241 	-0.248 	0.163 	
-786.225 	2179.024 	2814.742 	-0.109 	0.244 	0.318 	
1872.026 	3625.768 	2408.011 	0.194 	0.417 	0.273 	
-3982.929 	1869.252 	-432.872 	-0.472 	0.217 	-0.051 	
-422.097 	75.770 	-2500.829 	-0.068 	0.005 	-0.281 	
-1799.361 	1235.391 	-3333.432 	-0.222 	0.136 	-0.376 	
-3292.772 	-1015.429 	475.312 	-0.396 	-0.120 	0.054 	
1565.629 	1320.104 	1269.625 	0.159 	0.151 	0.139 	
716.433 	-750.103 	-2764.210 	0.058 	-0.087 	-0.312 	
622.213 	2621.338 	1328.262 	0.053 	0.296 	0.150 	
47.780 	1018.642 	1886.720 	-0.015 	0.119 	0.212 	
-1597.190 	-2306.235 	2427.461 	-0.200 	-0.260 	0.277 	
-70.663 	-444.804 	-1233.458 	-0.030 	-0.051 	-0.136 	
-1014.690 	3446.086 	2158.613 	-0.139 	0.387 	0.248 	
-2008.671 	792.403 	-228.711 	-0.244 	0.087 	-0.021 	
-3293.438 	-1934.789 	320.301 	-0.399 	-0.218 	0.036 	
2457.688 	-1362.126 	-3753.624 	0.263 	-0.154 	-0.429 	
-3152.308 	4177.050 	-1805.510 	-0.381 	0.480 	-0.203 	
-1490.603 	1645.027 	-3426.971 	-0.183 	0.188 	-0.389 	
2531.242 	-1614.618 	-563.530 	0.267 	-0.178 	-0.061 	
301.560 	733.396 	-622.685 	0.012 	0.086 	-0.071 	
-1069.435 	3008.160 	-1452.956 	-0.144 	0.341 	-0.164 	
-893.283 	427.011 	2427.111 	-0.123 	0.051 	0.272 	
-2802.440 	-2672.745 	3263.105 	-0.343 	-0.301 	0.371 	
1682.905 	2475.589 	2306.311 	0.175 	0.276 	0.262 	
401.361 	2296.022 	3061.444 	0.030 	0.260 	0.350 	
1206.990 	1600.594 	-1978.938 	0.115 	0.176 	-0.224 	
2206.503 	1918.801 	-3284.716 	0.232 	0.218 	-0.376 	
223.103 	-1430.914 	-2815.015 	0.005 	-0.168 	-0.319 	
-2799.801 	1840.754 	-1261.181 	-0.342 	0.206 	-0.141 	
1736.421 	152.980 	-12.314 	0.180 	0.019 	0.001 	
-3054.796 	2955.425 	199.100 	-0.377 	0.333 	0.023 	
-1495.923 	-2768.080 	-1202.820 	-0.189 	-0.312 	-0.139 	
628.729 	-1800.261 	-2835.494 	0.046 	-0.206 	-0.322 	
-813.026 	-936.156 	2253.144 	-0.117 	-0.105 	0.256 	
-293.319 	-3355.064 	1534.004 	-0.051 	-0.382 	0.177 	
2329.498 	1733.253 	-2488.495 	0.251 	0.195 	-0.283 	
253.955 	2077.492 	-1966.619 	0.010 	0.239 	-0.227 	
-53.809 	2554.850 	-2164.236 	-0.030 	0.289 	-0.243 	
-1965.489 	2580.711 	-1497.184 	-0.238 	0.294 	-0.170 	
-3854.580 	-1400.468 	455.301 	-0.459 	-0.162 	0.056 	
-2337.699 	-1066.681 	-1943.598 	-0.278 	-0.123 	-0.219 	
3956.453 	-2315.189 	3396.152 	0.431 	-0.263 	0.383 	
-3671.727 	1679.523 	-599.861 	-0.438 	0.194 	-0.067 	
-478.561 	-1226.822 	1809.791 	-0.069 	-0.139 	0.210 	
-1045.252 	-1252.942 	-2542.638 	-0.134 	-0.143 	-0.283 	
-1643.946 	-3410.826 	3153.516 	-0.208 	-0.386 	0.357 	
-472.109 	-1243.386 	1787.642 	-0.083 	-0.131 	0.201 	
221.344 	-3376.072 	771.153 	0.009 	-0.385 	0.088 	
-1193.239 	-515.851 	228.421 	-0.161 	-0.061 	0.027 	
-1336.394 	-1177.266 	-1245.317 	-0.172 	-0.136 	-0.138 	
-862.353 	-1375.248 	1737.713 	-0.092 	-0.136 	0.163 	
1290.840 	-3080.398 	1891.201 	0.130 	-0.354 	0.214 	
-2174.315 	-631.703 	1913.817 	-0.261 	-0.075 	0.217 	
3377.299 	1791.772 	-2865.022 	0.371 	0.205 	-0.327 	
-611.415 	1913.667 	3343.530 	-0.090 	0.213 	0.376 	
1144.564 	2846.017 	2261.765 	0.116 	0.321 	0.256 	
2212.901 	2450.136 	1528.804 	0.237 	0.280 	0.174 	
1773.478 	-2055.604 	707.170 	0.182 	-0.229 	0.082 	
-1518.326 	-567.929 	-2388.504 	-0.195 	-0.061 	-0.266 	
-2135.354 	2226.149 	1310.739 	-0.256 	0.252 	0.152 	
327.675 	-1322.934 	2201.666 	0.013 	-0.151 	0.250 	
1071.070 	-2545.794 	1838.445 	0.102 	-0.294 	0.210 	
-1161.242 	-2447.692 	228.298 	-0.154 	-0.270 	0.026 	
380.782 	-2202.961 	-461.098 	0.020 	-0.250 	-0.056 	
-349.271 	-2210.088 	-997.707 	-0.065 	-0.247 	-0.111 	
2907.095 	-511.917 	-2919.540 	0.312 	-0.058 	-0.330 	
1432.301 	777.586 	3470.965 	0.138 	0.090 	0.395 	
-2635.619 	1654.944 	2267.214 	-0.318 	0.189 	0.261 	
3726.590 	-2045.544 	3462.858 	0.410 	-0.231 	0.398 	
-2473.642 	1232.732 	534.487 	-0.296 	0.141 	0.058 	
185.576 	575.097 	3080.454 	0.002 	0.070 	0.347 	
-3875.364 	1715.767 	2339.091 	-0.460 	0.201 	0.266 	
-1410.045 	-2348.055 	684.537 	-0.181 	-0.271 	0.078 	
1767.725 	-353.539 	-1971.065 	0.185 	-0.037 	-0.225 	
-1375.451 	-3308.540 	3814.212 	-0.176 	-0.377 	0.439 	
-3065.138 	2946.763 	223.741 	-0.368 	0.337 	0.025 	
658.465 	-3508.167 	-3219.724 	0.055 	-0.396 	-0.364 	
-3842.102 	-921.526 	-3451.952 	-0.451 	-0.106 	-0.392 	
-1876.164 	2.145 	-2171.887 	-0.238 	-0.001 	-0.246 	
-22.655 	188.660 	-333.787 	-0.019 	0.019 	-0.038 	
-3869.180 	-952.570 	3627.224 	-0.460 	-0.113 	0.414 	
-1322.669 	-160.036 	-213.163 	-0.168 	-0.023 	-0.017 	
3290.198 	-1854.956 	2155.559 	0.356 	-0.215 	0.250 	
-3490.357 	-2689.197 	-2795.674 	-0.419 	-0.304 	-0.315 	
-3274.732 	965.970 	-27.535 	-0.384 	0.108 	-0.003 	
604.370 	1174.994 	-3443.989 	0.053 	0.137 	-0.392 	
-2423.689 	848.492 	1633.723 	-0.290 	0.091 	0.187 	
3480.137 	-3423.771 	2477.231 	0.373 	-0.393 	0.282 	
-1133.274 	2056.025 	-2395.992 	-0.143 	0.230 	-0.273 	
-3876.062 	296.694 	1978.357 	-0.459 	0.033 	0.227 	
1436.065 	-2737.039 	3067.035 	0.141 	-0.310 	0.351 	
-3802.089 	2549.309 	-352.379 	-0.451 	0.289 	-0.043 	
-3560.224 	1515.734 	1239.815 	-0.419 	0.169 	0.146 	
545.424 	-2637.114 	715.855 	0.047 	-0.302 	0.081 	
-1379.158 	-2705.404 	1661.617 	-0.175 	-0.312 	0.192 	
744.441 	-1960.694 	-3220.007 	0.071 	-0.226 	-0.363 	
-3057.104 	-1806.415 	1612.227 	-0.364 	-0.202 	0.183 	
-3811.433 	-1420.599 	-1814.234 	-0.456 	-0.163 	-0.208 	
1989.532 	-3343.855 	-3118.168 	0.209 	-0.384 	-0.353 	
-3454.134 	-2276.038 	-2696.558 	-0.413 	-0.260 	-0.312 	
815.719 	-1065.951 	-238.958 	0.072 	-0.120 	-0.026 	
1705.458 	3244.933 	1640.041 	0.172 	0.370 	0.183 	
2899.845 	832.285 	1998.866 	0.307 	0.093 	0.230 	
1529.993 	-1901.230 	-2198.119 	0.157 	-0.221 	-0.246 	
3693.209 	-3293.126 	2840.657 	0.398 	-0.375 	0.327 	
-3535.634 	-1619.644 	-621.029 	-0.423 	-0.184 	-0.072 	
-2141.497 	3341.583 	1625.298 	-0.267 	0.378 	0.189 	
-1195.311 	2075.018 	3042.536 	-0.157 	0.231 	0.348 	
2005.944 	588.451 	2705.787 	0.209 	0.068 	0.308 	
-621.115 	-2823.449 	3026.666 	-0.091 	-0.317 	0.343 	
-2884.328 	1918.913 	1321.991 	-0.344 	0.221 	0.149 	
2226.104 	2880.086 	270.897 	0.236 	0.330 	0.033 	
-2001.165 	-1421.135 	-1433.440 	-0.242 	-0.165 	-0.163 	
-479.718 	-2335.709 	2952.806 	-0.076 	-0.270 	0.332 	
2728.782 	455.902 	494.332 	0.290 	0.049 	0.062 	
-3538.744 	-3565.425 	2270.635 	-0.418 	-0.408 	0.257 	
-1348.338 	-1168.590 	-969.887 	-0.168 	-0.127 	-0.112 	
2606.261 	-2744.108 	785.111 	0.277 	-0.309 	0.093 	
-513.666 	1812.714 	966.201 	-0.081 	0.200 	0.108 	
-894.654 	-1475.259 	-369.185 	-0.123 	-0.162 	-0.044 	
1729.009 	194.222 	-1934.030 	0.175 	0.023 	-0.215 	
-3109.506 	3126.053 	2151.975 	-0.376 	0.358 	0.240 	
3495.367 	-3045.057 	423.021 	0.382 	-0.348 	0.052 	
3006.752 	-126.534 	2344.433 	0.326 	-0.015 	0.268 	
736.251 	3066.663 	-48.192 	0.061 	0.352 	-0.007 	
498.522 	834.903 	1937.665 	0.043 	0.091 	0.216 	
-3917.948 	2412.904 	3166.464 	-0.469 	0.272 	0.361 	
-2907.123 	-977.785 	1303.062 	-0.344 	-0.114 	0.149 	
3017.543 	600.892 	-822.002 	0.319 	0.067 	-0.095 	
-2057.084 	-662.547 	-2856.478 	-0.247 	-0.075 	-0.322 	
