## Las primeras 500 lineas corresponden a la esfera 1 
##las siguienets 500 lineas a la esfera 2
## Las primeras tres columnas corresponden a la posición en 'x', 'y' y 'z', las siguientes tres a las velocidades
129.197 	-9.441 	-16.129 	0.027 	0.001 	-0.049 	
-3.050 	-44.790 	48.330 	-0.045 	0.073 	0.030 	
-20.864 	-140.987 	71.406 	0.006 	0.035 	-0.013 	
-2876.878 	3433.360 	-576.897 	-0.335 	0.399 	-0.072 	
-78.675 	-121.294 	35.061 	-0.063 	-0.177 	0.001 	
-193.542 	598.919 	64.773 	-0.097 	0.182 	0.007 	
74.143 	-8.397 	86.873 	-0.055 	-0.168 	0.011 	
-37.738 	-92.398 	163.486 	0.021 	0.066 	-0.009 	
-47.994 	-95.880 	92.269 	-0.053 	0.066 	0.020 	
-19.130 	-97.952 	57.951 	0.112 	0.125 	-0.015 	
-592.284 	3155.483 	-1694.898 	-0.072 	0.378 	-0.202 	
10.793 	-38.586 	66.399 	0.005 	-0.010 	-0.029 	
2226.404 	-2946.914 	2097.172 	0.265 	-0.349 	0.250 	
-63.680 	-164.443 	91.182 	-0.042 	0.080 	0.007 	
50.769 	-89.584 	85.049 	-0.102 	-0.050 	0.010 	
-53.720 	-52.745 	31.470 	0.153 	-0.024 	0.002 	
-42.117 	-1.045 	3.328 	-0.031 	0.040 	-0.024 	
-114.132 	-71.635 	-82.615 	0.067 	-0.100 	-0.007 	
3.502 	-44.342 	122.113 	-0.042 	0.067 	0.036 	
-210.166 	166.275 	169.507 	-0.107 	0.079 	0.038 	
34.726 	-67.164 	2.088 	0.127 	-0.098 	-0.013 	
-85.649 	-228.906 	19.238 	-0.071 	0.055 	0.053 	
12.650 	-129.443 	89.819 	-0.124 	-0.063 	0.028 	
-49.994 	-136.468 	133.473 	0.050 	-0.033 	0.067 	
38.810 	-97.576 	99.575 	0.122 	0.040 	0.002 	
-21.822 	-85.643 	68.745 	0.275 	0.060 	-0.060 	
-35.383 	-79.460 	84.876 	-0.035 	-0.004 	0.072 	
1.705 	-81.273 	69.261 	0.092 	0.076 	-0.098 	
93.850 	-103.673 	-0.532 	0.043 	-0.037 	-0.174 	
-1.293 	-84.798 	83.921 	0.058 	-0.061 	-0.246 	
115.655 	-85.893 	47.605 	0.149 	0.097 	-0.051 	
25.978 	-89.419 	107.646 	-0.147 	-0.015 	0.013 	
141.810 	-55.192 	78.603 	0.210 	-0.019 	-0.026 	
-7.679 	-117.485 	93.681 	-0.116 	-0.092 	0.033 	
-24.708 	-100.996 	90.783 	-0.058 	-0.092 	-0.120 	
85.990 	-77.979 	-6.038 	0.041 	0.001 	-0.071 	
140.139 	-18.724 	88.387 	0.027 	-0.083 	0.087 	
-106.860 	-95.865 	81.315 	0.034 	0.002 	-0.035 	
226.693 	-64.713 	60.232 	0.002 	-0.009 	0.012 	
-8.543 	-80.483 	72.149 	-0.054 	-0.017 	-0.005 	
-29.048 	-127.599 	63.980 	-0.037 	-0.047 	-0.055 	
-166.779 	-150.154 	371.130 	-0.185 	-0.063 	0.254 	
-57.283 	-52.445 	88.066 	0.043 	-0.027 	-0.040 	
-154.184 	-67.822 	131.909 	-0.037 	-0.011 	0.039 	
106.812 	-47.609 	60.342 	-0.047 	0.072 	0.057 	
773.540 	-913.174 	1690.371 	1.604 	-1.826 	3.516 	
153.837 	-103.096 	-60.351 	-0.053 	-0.033 	0.038 	
-37.297 	-85.146 	74.896 	-0.026 	0.101 	0.074 	
-66.508 	-149.246 	64.652 	0.140 	-0.081 	0.083 	
-12.762 	-83.382 	105.645 	0.093 	0.102 	0.010 	
-9.359 	-123.705 	58.637 	-0.107 	-0.292 	0.042 	
66.489 	-91.353 	94.707 	0.120 	-0.044 	-0.027 	
32.848 	-89.565 	97.337 	-0.108 	0.098 	-0.171 	
-45.032 	-92.770 	54.166 	0.112 	-0.082 	0.006 	
-14.251 	-74.327 	85.499 	0.001 	-0.038 	0.111 	
49.510 	-68.048 	107.093 	0.128 	0.057 	-0.058 	
-79.497 	-134.584 	38.092 	0.116 	-0.109 	0.044 	
-48.772 	-75.044 	90.642 	-0.120 	0.142 	0.012 	
-126.313 	3.469 	165.269 	-0.151 	0.031 	0.102 	
-15.887 	-103.688 	114.591 	0.068 	-0.047 	0.100 	
-82.122 	-70.915 	110.377 	-0.122 	0.027 	0.067 	
-40.212 	-61.456 	78.661 	-0.005 	-0.169 	-0.076 	
-94.641 	-157.402 	74.389 	0.140 	0.099 	0.034 	
7.176 	-126.265 	68.678 	0.100 	0.036 	-0.014 	
164.761 	152.805 	83.634 	-0.003 	-0.038 	0.002 	
65.955 	-134.573 	125.919 	0.095 	0.034 	0.076 	
-1461.632 	-2476.166 	-2020.634 	-0.178 	-0.288 	-0.236 	
14.389 	-29.824 	18.375 	0.120 	0.079 	-0.110 	
35.963 	-64.066 	69.483 	0.007 	-0.114 	-0.006 	
-41.566 	-49.827 	43.727 	-0.178 	-0.018 	0.066 	
6.215 	-93.456 	68.045 	-0.027 	0.108 	-0.070 	
-58.067 	-99.401 	69.804 	-0.021 	-0.061 	0.019 	
-95.171 	-141.689 	148.584 	0.008 	-0.044 	-0.078 	
140.830 	-86.257 	-6.456 	0.013 	-0.047 	0.114 	
1.273 	-96.009 	17.708 	-0.032 	0.031 	0.218 	
-4.048 	-52.315 	180.578 	-0.176 	0.003 	0.046 	
179.342 	56.463 	91.320 	-0.052 	-0.011 	0.027 	
1167.905 	1743.930 	3078.659 	0.134 	0.197 	0.350 	
25.932 	-139.122 	35.461 	-0.017 	0.106 	0.039 	
7.332 	-74.854 	64.164 	-0.141 	0.106 	0.089 	
147.103 	-22.336 	-3.187 	0.049 	0.031 	0.034 	
84.394 	-110.134 	19.084 	-0.143 	-0.006 	0.092 	
41.090 	-177.994 	-149.852 	-0.026 	-0.001 	0.009 	
-83.363 	-434.299 	732.107 	0.003 	-0.015 	0.039 	
57.570 	-43.148 	48.731 	-0.011 	0.193 	-0.037 	
-110.008 	-130.456 	169.054 	-0.029 	-0.040 	0.113 	
-31.202 	-122.615 	83.333 	0.006 	-0.016 	0.014 	
1.026 	-64.942 	91.559 	0.193 	-0.037 	-0.039 	
-134.139 	-332.988 	154.420 	-0.040 	-0.041 	0.005 	
-32.011 	-41.193 	67.472 	-0.056 	-0.107 	-0.054 	
1.140 	-84.884 	155.582 	-0.117 	-0.007 	0.024 	
94.181 	-114.343 	117.817 	0.118 	0.017 	-0.125 	
-694.225 	759.087 	-1567.963 	-1.534 	1.751 	-3.453 	
104.066 	-29.674 	87.631 	-0.028 	0.098 	-0.121 	
-45.783 	-116.853 	-18.957 	-0.005 	-0.034 	-0.058 	
25.512 	9.966 	151.613 	0.053 	0.002 	0.008 	
-24.600 	-59.956 	44.878 	-0.088 	0.085 	0.040 	
5198.240 	-5618.277 	7.020 	0.612 	-0.666 	0.004 	
7480.073 	-6857.041 	-14250.915 	0.871 	-0.795 	-1.651 	
-25.663 	-47.690 	116.296 	-0.150 	0.015 	0.140 	
-64.492 	-78.899 	72.191 	0.022 	0.055 	0.006 	
32.781 	-56.271 	75.008 	-0.082 	-0.220 	-0.050 	
51.740 	-85.909 	33.268 	-0.026 	0.115 	-0.049 	
-70.761 	-104.981 	58.102 	-0.101 	0.009 	0.129 	
6563.239 	-4589.943 	3932.183 	0.754 	-0.523 	0.450 	
-6348.153 	8399.790 	15144.940 	-0.730 	0.971 	1.752 	
4549.626 	-94.217 	367.323 	0.615 	-0.008 	0.048 	
-3245.958 	2805.326 	1180.170 	-0.687 	0.596 	0.250 	
240.524 	-649.117 	103.128 	0.478 	-1.134 	0.051 	
662.653 	-10.205 	325.887 	0.019 	0.030 	0.020 	
29.078 	-87.205 	-34.830 	0.006 	0.014 	0.027 	
63.137 	-110.275 	52.709 	-0.080 	0.002 	-0.058 	
-2957.115 	-843.169 	189.057 	-0.435 	-0.103 	0.022 	
70.251 	7.656 	42.880 	-0.140 	-0.114 	0.085 	
-97.782 	-158.171 	61.211 	0.040 	0.089 	0.000 	
-9.887 	-89.027 	74.240 	-0.002 	0.136 	-0.024 	
24.744 	-86.446 	40.514 	0.090 	-0.156 	-0.071 	
263.879 	-114.887 	-11.389 	-0.045 	0.101 	0.003 	
-31.059 	-135.439 	38.018 	-0.086 	-0.075 	0.181 	
-138.674 	-99.259 	123.381 	-0.184 	0.025 	-0.012 	
33.117 	-61.968 	157.279 	0.199 	-0.027 	-0.038 	
58.432 	-117.443 	-8.635 	-0.067 	-0.050 	0.122 	
69.086 	-78.535 	27.242 	-0.103 	0.065 	-0.070 	
24.195 	-97.365 	57.634 	-0.070 	-0.186 	0.039 	
339.352 	-37.050 	50.276 	-0.066 	-0.044 	-0.008 	
-2.786 	-178.586 	99.736 	-0.110 	-0.003 	-0.105 	
-73.088 	-17.457 	77.768 	-0.079 	0.138 	0.005 	
-53.599 	-112.114 	58.278 	-0.161 	-0.077 	-0.099 	
76.397 	-12.312 	9.825 	0.008 	0.015 	0.024 	
-70.115 	-78.935 	137.504 	0.055 	-0.074 	-0.072 	
-15.871 	-62.699 	89.918 	0.058 	-0.103 	-0.011 	
44.599 	-80.433 	50.074 	0.087 	0.047 	-0.091 	
-57.705 	-118.794 	-2.869 	0.010 	-0.044 	-0.029 	
1212.535 	2506.710 	-1033.987 	0.301 	0.651 	-0.270 	
-0.787 	-74.040 	62.261 	-0.055 	0.044 	-0.049 	
84.377 	-20.560 	71.617 	-0.002 	-0.085 	0.103 	
-5.238 	-65.265 	56.083 	0.096 	0.097 	0.040 	
-300.048 	-589.691 	142.232 	-0.022 	-0.078 	0.002 	
-42423.663 	-12521.459 	-25157.359 	-5.694 	-1.675 	-3.368 	
-4920.176 	4215.366 	-2519.367 	-0.555 	0.480 	-0.285 	
-61.371 	-86.057 	1.020 	0.110 	0.109 	0.013 	
-2185.524 	-438.757 	1355.113 	-0.287 	-0.059 	0.172 	
1482.310 	132.850 	-349.860 	0.184 	0.015 	-0.062 	
-39.457 	-132.876 	146.325 	-0.066 	0.030 	0.112 	
-2275.470 	6750.223 	-2319.156 	-0.671 	1.959 	-0.679 	
-692.268 	74.769 	591.058 	-0.283 	0.068 	0.186 	
7.151 	21.238 	76.159 	-0.070 	-0.093 	0.066 	
115.920 	-132.471 	66.732 	-0.063 	0.047 	0.059 	
233.042 	-203.090 	46.297 	0.027 	0.042 	0.031 	
721.359 	-6757.147 	2512.572 	0.194 	-1.940 	0.716 	
-28.944 	-141.549 	62.036 	-0.114 	0.000 	-0.069 	
110.501 	0.533 	60.736 	-0.020 	-0.059 	-0.043 	
-42.118 	-91.848 	48.797 	-0.124 	-0.096 	-0.000 	
-17.440 	-53.410 	121.603 	-0.065 	0.171 	0.087 	
-35.525 	-103.331 	38.500 	0.012 	0.031 	0.073 	
-5.101 	-84.117 	58.331 	-0.069 	-0.286 	-0.070 	
-23.616 	-84.049 	77.454 	0.122 	0.037 	0.062 	
50.161 	-82.377 	59.606 	-0.176 	0.063 	0.024 	
918.681 	690.568 	-944.335 	0.100 	0.091 	-0.113 	
43.586 	-94.327 	128.278 	0.042 	-0.037 	0.028 	
-73.201 	-47.400 	105.069 	-0.013 	-0.019 	0.104 	
21.018 	-29.080 	-43.344 	0.142 	-0.068 	0.053 	
-215.473 	25.771 	226.767 	0.021 	-0.064 	-0.037 	
-32.957 	-53.305 	85.012 	0.083 	0.202 	0.075 	
-5.575 	-91.499 	87.980 	-0.073 	-0.212 	-0.069 	
-75.079 	-105.984 	114.342 	0.022 	0.027 	0.073 	
35.046 	-27.668 	105.244 	0.173 	-0.058 	-0.031 	
47.266 	-97.411 	92.014 	0.072 	0.017 	-0.032 	
-22.292 	-68.066 	56.045 	-0.254 	0.095 	-0.041 	
-43.504 	-92.806 	73.275 	-0.025 	0.096 	0.018 	
-83.582 	-86.304 	-0.618 	0.100 	0.060 	0.101 	
3578.677 	-68051.157 	-39535.784 	0.817 	-15.883 	-9.238 	
-91.457 	-66.049 	21.190 	0.014 	-0.032 	0.005 	
-4.246 	-170.496 	103.128 	-0.013 	-0.011 	0.078 	
6.939 	-66.760 	75.790 	-0.138 	-0.116 	-0.026 	
-80.989 	-4.083 	167.273 	0.029 	-0.051 	-0.015 	
-33.666 	-86.300 	78.903 	-0.094 	-0.101 	0.101 	
-73.190 	-34.058 	143.013 	0.003 	0.066 	-0.022 	
68.745 	-105.043 	-0.006 	-0.114 	-0.016 	0.198 	
-163.999 	-16.757 	136.063 	-0.028 	-0.050 	-0.014 	
1033.212 	49.077 	330.778 	0.325 	0.043 	0.109 	
322.147 	-71.276 	29.895 	0.027 	-0.003 	0.032 	
-1.394 	-75.103 	55.618 	-0.092 	-0.100 	-0.045 	
112.592 	-168.516 	136.543 	-0.046 	-0.089 	0.054 	
96.873 	-86.909 	165.823 	-0.141 	0.003 	0.048 	
-7.953 	-118.857 	78.896 	0.063 	0.015 	-0.058 	
-201.174 	-194.623 	102.906 	-0.036 	0.062 	0.076 	
-1192.593 	692.438 	1472.895 	-0.201 	0.100 	0.208 	
4.525 	2.509 	23.613 	-0.120 	-0.128 	0.020 	
-95.574 	-55.895 	242.899 	-0.007 	0.016 	0.081 	
-41.968 	-69.321 	158.793 	-0.015 	0.102 	0.156 	
-34.774 	-65.709 	35.471 	-0.085 	0.051 	-0.035 	
-1176.567 	-2114.631 	1047.149 	-0.310 	-0.531 	0.262 	
5.311 	-103.156 	70.924 	-0.235 	-0.148 	-0.003 	
185.525 	-46.192 	69.846 	0.066 	0.016 	-0.012 	
35.985 	15.382 	195.531 	0.023 	0.144 	0.239 	
6733.557 	824.654 	1339.278 	0.887 	0.117 	0.177 	
50.254 	-46.578 	88.452 	-0.052 	0.104 	-0.009 	
51.007 	-23.691 	104.309 	0.066 	0.148 	0.091 	
-1.492 	-72.737 	61.708 	0.003 	-0.027 	0.179 	
4.724 	-94.818 	94.978 	-0.056 	-0.139 	0.088 	
413.094 	-34.168 	-46.753 	0.072 	0.053 	0.003 	
85.243 	-115.634 	21.534 	-0.032 	-0.115 	-0.065 	
-2.513 	-86.138 	63.918 	-0.068 	-0.023 	-0.019 	
209.705 	-455.884 	889.004 	0.005 	-0.045 	0.080 	
104.766 	-101.647 	3.007 	0.041 	0.033 	-0.070 	
16.910 	21.343 	144.669 	0.001 	0.035 	-0.003 	
2185.815 	-2291.323 	-734.948 	0.391 	-0.400 	-0.132 	
-0.939 	-95.982 	104.784 	-0.009 	0.018 	-0.155 	
34.410 	-51.994 	107.549 	0.171 	-0.007 	-0.003 	
40.087 	-57.461 	90.512 	0.113 	0.033 	-0.095 	
725.514 	-325.835 	104.918 	0.026 	-0.019 	-0.005 	
94.669 	-24.040 	47.973 	-0.037 	0.014 	-0.009 	
44.635 	-116.405 	79.850 	-0.138 	0.038 	0.045 	
-5.630 	-150.109 	52.409 	-0.072 	-0.141 	0.111 	
-143.144 	-147.883 	28.141 	-0.096 	-0.102 	-0.055 	
80.209 	-109.940 	90.289 	0.057 	0.108 	0.194 	
-76.972 	-139.238 	19.426 	0.051 	0.106 	0.104 	
43.961 	-58.596 	-8.712 	0.047 	-0.134 	-0.065 	
5.576 	-95.053 	65.415 	-0.026 	-0.037 	0.117 	
71.834 	-163.394 	18.761 	-0.121 	-0.001 	0.050 	
-33.205 	-93.261 	30.558 	0.139 	-0.102 	0.119 	
-248.914 	-188.539 	323.275 	-0.052 	-0.027 	0.061 	
-113.193 	-39.652 	34.273 	-0.245 	0.115 	-0.259 	
-65.692 	-72.511 	20.663 	0.101 	-0.025 	-0.077 	
21.649 	-80.884 	99.139 	0.167 	-0.103 	-0.033 	
-2.802 	-111.817 	53.703 	-0.112 	-0.026 	-0.022 	
-2.619 	-172.131 	22.885 	-0.022 	-0.067 	0.050 	
1.684 	-95.809 	56.026 	-0.085 	-0.104 	-0.079 	
-52.911 	-121.946 	105.072 	-0.080 	-0.122 	0.061 	
28.814 	-48.599 	38.291 	-0.140 	-0.044 	0.162 	
12.655 	-68.689 	63.033 	0.021 	0.018 	-0.031 	
-95.804 	-158.820 	91.166 	-0.056 	-0.010 	0.053 	
73.853 	92.864 	73.581 	-0.045 	-0.033 	0.020 	
75.556 	-16.831 	66.804 	-0.100 	0.105 	0.020 	
463.753 	-859.849 	-568.130 	0.030 	-0.109 	-0.071 	
-42.360 	-82.207 	46.419 	-0.104 	0.007 	0.010 	
111.390 	-79.281 	36.751 	0.027 	-0.114 	-0.010 	
105.993 	24.650 	177.924 	-0.019 	-0.011 	-0.007 	
-76.181 	83.578 	-48.907 	0.059 	-0.035 	0.045 	
100.771 	60.926 	107.001 	0.015 	0.057 	0.048 	
-11.638 	-73.747 	63.093 	-0.014 	-0.064 	-0.041 	
23.253 	2.340 	24.701 	0.082 	-0.027 	0.068 	
-235.698 	-96.355 	39.272 	-0.028 	0.084 	0.043 	
15339.991 	18007.148 	6662.565 	3.031 	3.585 	1.316 	
1005.678 	-222.927 	-163.662 	0.141 	-0.032 	-0.026 	
28.194 	-110.189 	76.742 	-0.182 	0.070 	-0.017 	
25.552 	-94.201 	76.314 	0.011 	-0.120 	0.014 	
54.308 	-17.322 	-87.032 	-0.003 	-0.063 	-0.003 	
-86.081 	-132.534 	74.071 	0.064 	0.004 	-0.085 	
2818.026 	1795.855 	626.859 	0.328 	0.214 	0.072 	
33.262 	36.645 	81.064 	-0.033 	-0.043 	0.036 	
-2.379 	-87.467 	88.055 	0.049 	-0.014 	0.091 	
-179.838 	-122.344 	-2.417 	-0.094 	-0.047 	0.116 	
24.792 	-59.738 	18.895 	-0.006 	-0.073 	-0.004 	
-123.603 	-129.949 	182.497 	-0.070 	-0.078 	0.004 	
75.406 	-122.875 	117.808 	-0.118 	-0.026 	0.057 	
-6.791 	-126.395 	166.725 	-0.176 	0.008 	-0.031 	
2964.907 	1752.702 	-1830.825 	0.344 	0.209 	-0.210 	
-8.041 	-85.702 	75.331 	0.077 	0.124 	-0.032 	
-3819.021 	67343.550 	39252.159 	-0.911 	15.733 	9.160 	
-228.171 	-151.159 	125.585 	-0.193 	-0.015 	0.051 	
86.132 	-124.508 	101.329 	0.113 	-0.108 	-0.066 	
5.670 	-228.941 	28.757 	-0.003 	-0.241 	-0.063 	
90.239 	-72.831 	228.279 	-0.048 	-0.064 	0.098 	
23.366 	-124.504 	176.875 	0.048 	-0.115 	0.020 	
12.619 	31.058 	0.362 	0.022 	-0.059 	0.102 	
-5478.054 	-556.506 	-202.242 	-0.713 	-0.066 	-0.025 	
-31.646 	5.773 	233.493 	0.052 	-0.013 	-0.075 	
-3.447 	-69.882 	51.124 	-0.018 	0.187 	-0.096 	
-70.823 	-73.346 	22.552 	-0.054 	-0.050 	0.061 	
41.175 	-84.944 	4.573 	0.006 	-0.041 	0.113 	
30.399 	-112.644 	77.263 	0.042 	-0.004 	-0.016 	
-12.545 	-86.451 	47.355 	-0.041 	-0.075 	-0.132 	
6.704 	-85.657 	133.422 	0.006 	-0.089 	-0.011 	
97.971 	-138.068 	72.906 	0.018 	-0.012 	-0.053 	
5.698 	-95.656 	65.252 	0.057 	0.188 	0.070 	
3138.750 	-602.757 	82.931 	0.405 	-0.081 	0.006 	
-24.035 	-117.788 	108.556 	0.048 	0.000 	-0.214 	
-0.478 	-131.985 	44.029 	-0.060 	0.069 	0.070 	
-62.537 	-69.622 	95.104 	0.017 	-0.088 	0.129 	
38.031 	-166.857 	84.869 	0.106 	0.028 	-0.005 	
-1637.574 	-857.805 	-3636.392 	-0.189 	-0.101 	-0.420 	
15.736 	-94.260 	14.470 	0.018 	-0.024 	-0.141 	
-147.661 	-151.358 	-61.416 	0.059 	-0.038 	0.002 	
-37.236 	-94.239 	70.524 	-0.105 	-0.037 	0.025 	
-36.360 	-54.694 	141.510 	-0.108 	-0.098 	0.070 	
-48.856 	-104.995 	84.153 	-0.021 	-0.063 	-0.093 	
-45.654 	-235.013 	-102.516 	-0.133 	-0.320 	-0.309 	
68.217 	-102.419 	22.552 	0.193 	-0.004 	0.082 	
-50.755 	-55.926 	-14.715 	-0.033 	-0.022 	0.052 	
17.410 	-104.493 	76.244 	0.013 	0.039 	0.097 	
-83.032 	-15.454 	112.409 	-0.010 	-0.047 	0.006 	
11.375 	-75.531 	65.561 	0.099 	-0.029 	-0.123 	
114.331 	-52.856 	-318.846 	0.061 	0.018 	-0.319 	
-62.943 	-73.837 	45.586 	0.006 	-0.081 	-0.040 	
190.422 	-405.787 	36.679 	-0.073 	0.005 	0.004 	
152.044 	-61.551 	-27.141 	0.094 	0.002 	-0.044 	
-10.665 	-73.420 	95.536 	0.073 	0.037 	-0.011 	
388.935 	644.087 	319.904 	0.471 	0.814 	0.313 	
-12.938 	-42.855 	108.363 	-0.004 	-0.140 	-0.070 	
54.042 	-428.087 	140.982 	0.004 	-0.214 	0.101 	
26.279 	-101.304 	101.607 	-0.024 	-0.029 	0.026 	
-15.362 	-68.370 	78.411 	-0.011 	0.034 	-0.135 	
-110.032 	-100.233 	16.126 	-0.038 	-0.029 	-0.074 	
11.645 	-13.986 	-0.603 	0.073 	0.004 	0.039 	
-205.902 	80.130 	113.043 	0.062 	-0.002 	0.018 	
20.187 	-112.657 	123.393 	-0.020 	0.105 	0.109 	
-105.142 	-101.568 	-287.759 	-0.062 	-0.028 	-0.078 	
22.140 	-84.806 	84.885 	0.053 	0.009 	-0.117 	
54.186 	-23.185 	126.433 	0.029 	-0.019 	-0.008 	
129.700 	-60.242 	58.819 	0.065 	0.036 	-0.020 	
-0.701 	-151.728 	89.191 	0.085 	0.167 	0.084 	
160.950 	49.983 	139.164 	0.069 	-0.005 	-0.045 	
-1460.102 	-2440.376 	2446.778 	-0.182 	-0.286 	0.297 	
-4.943 	-82.217 	64.224 	-0.053 	0.264 	0.147 	
-49.449 	-172.083 	5.333 	0.060 	-0.093 	-0.028 	
-61.064 	-115.689 	-173.761 	-0.042 	0.000 	0.029 	
74.423 	-114.735 	54.093 	-0.026 	-0.033 	-0.077 	
31.045 	-84.419 	88.056 	-0.037 	-0.005 	-0.073 	
17.770 	-105.971 	-45.259 	0.089 	0.020 	0.013 	
-164.764 	-88.217 	97.396 	-0.074 	-0.007 	0.064 	
4.772 	-71.664 	116.749 	0.048 	0.009 	-0.118 	
-57.189 	-112.946 	25.314 	-0.078 	-0.049 	-0.003 	
-1695.704 	174.402 	-2255.326 	-0.306 	0.050 	-0.432 	
6.654 	-71.850 	90.304 	-0.014 	-0.169 	-0.026 	
-104.757 	-71.095 	16.159 	-0.066 	0.029 	0.013 	
12.726 	-111.235 	62.104 	0.084 	0.157 	0.157 	
44.202 	-151.447 	84.054 	-0.082 	-0.076 	0.086 	
-1580.593 	6070.336 	680.595 	-0.192 	0.719 	0.084 	
38.424 	-218.922 	75.910 	0.087 	-0.110 	-0.078 	
-6.765 	-217.535 	-51.512 	-0.060 	-0.073 	0.038 	
-20.549 	-87.921 	36.300 	-0.048 	-0.033 	0.018 	
-149.355 	-121.350 	72.063 	0.035 	-0.121 	-0.035 	
68.124 	-25.473 	6.639 	0.018 	0.061 	-0.027 	
-95.177 	-137.224 	58.305 	0.109 	0.109 	0.077 	
88.350 	-114.911 	-11.786 	0.199 	-0.108 	-0.255 	
16.883 	-84.472 	76.398 	0.075 	-0.046 	-0.002 	
8.534 	-53.735 	60.502 	0.081 	0.091 	-0.108 	
-417.627 	-159.275 	59.425 	-0.000 	-0.031 	-0.002 	
-9.530 	-41.742 	-15.083 	0.088 	-0.024 	0.158 	
-41.306 	-135.814 	71.456 	0.187 	-0.119 	0.049 	
-20.708 	-63.295 	62.014 	-0.150 	0.092 	-0.018 	
13.776 	-116.039 	106.039 	0.177 	-0.048 	-0.025 	
-121.152 	-87.426 	99.461 	0.043 	-0.033 	-0.016 	
48.807 	-56.424 	109.955 	-0.191 	-0.054 	0.027 	
32.515 	-27.627 	124.054 	-0.140 	-0.099 	-0.046 	
-34.741 	-92.033 	45.926 	0.204 	0.025 	0.088 	
41.928 	-90.132 	73.240 	0.215 	-0.131 	0.010 	
-927.626 	-198.933 	301.923 	-0.319 	-0.035 	0.099 	
5.177 	-107.185 	64.364 	-0.044 	0.111 	-0.013 	
-129.488 	-126.483 	95.201 	-0.138 	-0.048 	-0.012 	
27.226 	-133.276 	128.713 	-0.020 	-0.068 	-0.080 	
123.150 	6.147 	112.157 	0.067 	0.077 	0.099 	
147.649 	-32.010 	-53.551 	-0.082 	-0.058 	0.090 	
-39.214 	-190.893 	116.850 	0.074 	0.061 	0.011 	
25.450 	-101.285 	66.120 	-0.179 	0.091 	-0.007 	
56.335 	-48.673 	135.109 	-0.005 	-0.099 	-0.149 	
-89.665 	-96.669 	26.118 	0.083 	-0.039 	0.078 	
-1707.986 	-833.498 	1105.465 	-0.274 	-0.123 	0.147 	
-210.003 	482.634 	124.590 	-0.449 	1.194 	0.095 	
22.575 	-48.987 	57.786 	-0.095 	0.148 	-0.079 	
23.725 	-96.137 	74.980 	-0.106 	-0.092 	0.017 	
1.015 	-89.052 	152.808 	0.016 	0.030 	-0.113 	
-30.150 	-58.057 	45.081 	0.215 	-0.136 	0.018 	
-71.534 	-100.305 	20.370 	-0.107 	0.048 	0.019 	
492.861 	-363.907 	-470.383 	0.033 	-0.027 	-0.002 	
-108.299 	-160.625 	38.250 	0.005 	-0.016 	0.068 	
67.476 	-129.773 	52.736 	0.015 	0.105 	-0.075 	
65.053 	-38.538 	76.902 	-0.055 	0.134 	0.013 	
-46.483 	-117.321 	-35.800 	0.042 	-0.042 	0.020 	
-56.457 	-278.200 	135.998 	0.080 	-0.045 	0.019 	
-930.938 	-299.805 	207.094 	-0.116 	-0.040 	0.002 	
778.502 	-949.236 	-87.005 	0.069 	-0.085 	-0.002 	
172.792 	48.168 	12.951 	-0.090 	-0.046 	-0.001 	
39.968 	-71.350 	-2.780 	-0.037 	-0.027 	0.052 	
-196.628 	-21.605 	99.520 	-0.245 	0.090 	0.016 	
-45.532 	-87.448 	55.822 	0.012 	0.005 	0.076 	
-88.693 	-193.656 	50.036 	0.007 	-0.063 	-0.005 	
-10.344 	-101.417 	13.404 	0.039 	0.020 	-0.122 	
5.312 	-55.263 	78.020 	0.008 	0.047 	0.110 	
118.941 	-66.754 	138.228 	0.007 	-0.053 	-0.065 	
98.563 	-63.383 	20.663 	-0.140 	-0.096 	0.038 	
-52.057 	91.336 	7.263 	-0.046 	0.012 	0.004 	
-12.388 	-111.268 	59.266 	0.014 	-0.015 	-0.001 	
-155.966 	-56.947 	61.500 	-0.091 	-0.149 	0.037 	
-157.228 	-66.300 	99.057 	0.012 	-0.009 	-0.006 	
-19.493 	-90.278 	116.544 	-0.123 	-0.023 	0.087 	
90.215 	-38.439 	164.861 	0.084 	0.025 	-0.112 	
-210.201 	1076.501 	-841.503 	-0.334 	1.431 	-1.152 	
104.570 	-87.567 	61.863 	-0.116 	0.023 	0.069 	
-69.978 	-36.485 	39.561 	0.088 	0.017 	0.023 	
-94.444 	-120.287 	5.407 	-0.084 	-0.074 	0.133 	
-7.480 	-77.393 	76.787 	-0.165 	0.030 	-0.008 	
-111.140 	-19.081 	134.466 	-0.029 	-0.071 	-0.088 	
-63.335 	-33.229 	-16.951 	0.041 	0.033 	0.029 	
418.094 	701.087 	-44.428 	0.004 	0.078 	-0.006 	
-2265.654 	2498.213 	1047.859 	-0.403 	0.453 	0.185 	
90.606 	-21.691 	-87.709 	0.033 	-0.036 	0.079 	
-48.022 	-73.530 	111.172 	-0.070 	0.022 	0.005 	
47.489 	-62.042 	48.561 	0.056 	0.012 	-0.172 	
-36.378 	-94.512 	14.077 	-0.023 	0.082 	0.007 	
416.358 	501.708 	791.825 	0.037 	0.034 	0.054 	
93.378 	-150.431 	-10.457 	-0.022 	-0.121 	0.034 	
-77.839 	-58.145 	38.198 	-0.044 	0.014 	-0.119 	
28.274 	-58.507 	49.677 	0.129 	0.099 	-0.041 	
2294.603 	-2646.257 	12.185 	0.259 	-0.302 	0.004 	
12.798 	-162.156 	95.242 	-0.020 	-0.095 	-0.049 	
-73.935 	-110.975 	86.430 	-0.108 	0.108 	-0.146 	
11.502 	-92.192 	109.304 	-0.123 	-0.024 	-0.158 	
33.858 	-76.659 	78.241 	0.047 	0.064 	0.023 	
-51.194 	-164.111 	108.771 	0.121 	-0.050 	0.058 	
-22.723 	-189.245 	98.706 	-0.011 	0.057 	0.071 	
-20.797 	-134.380 	107.624 	-0.019 	-0.001 	0.059 	
-9.459 	-128.051 	59.123 	0.119 	0.076 	-0.016 	
-21.847 	-105.630 	155.654 	0.027 	-0.007 	-0.052 	
20.234 	-84.164 	95.548 	-0.053 	0.138 	0.016 	
985.919 	-2498.320 	-72.824 	0.117 	-0.284 	-0.015 	
172.518 	52.110 	212.005 	-0.062 	-0.019 	-0.056 	
-42.386 	-104.625 	121.209 	-0.167 	0.022 	0.190 	
53.315 	-117.304 	80.480 	0.206 	-0.006 	-0.072 	
66.872 	-314.025 	199.870 	0.052 	0.012 	-0.007 	
-12.451 	-92.709 	60.236 	0.024 	-0.238 	0.121 	
11.134 	-75.279 	54.709 	0.092 	-0.035 	-0.003 	
-54.349 	-65.341 	-10.784 	-0.014 	0.063 	0.048 	
94.068 	-51.267 	53.328 	-0.036 	0.184 	0.043 	
-1.458 	-71.185 	129.265 	-0.056 	0.069 	0.065 	
81.030 	-161.371 	96.932 	0.104 	-0.186 	0.031 	
-129.397 	-7.075 	126.043 	-0.049 	-0.008 	-0.011 	
-137.001 	-136.041 	-29.281 	-0.058 	0.034 	-0.084 	
-20.560 	-79.344 	62.221 	-0.026 	-0.031 	0.110 	
-38.058 	-86.266 	99.450 	-0.016 	-0.073 	-0.051 	
702.025 	-268.416 	405.713 	0.045 	-0.033 	0.027 	
5.207 	-73.021 	67.941 	-0.073 	0.021 	0.086 	
27.943 	-85.773 	63.583 	-0.028 	0.056 	0.016 	
18.798 	-80.082 	73.051 	0.033 	-0.207 	-0.110 	
370.868 	102.045 	290.562 	0.014 	0.024 	0.022 	
21.364 	-101.952 	51.063 	-0.015 	0.006 	0.106 	
-19.927 	-91.466 	50.621 	-0.109 	-0.007 	-0.028 	
17.969 	-83.399 	144.374 	-0.138 	-0.109 	-0.005 	
59.637 	-65.115 	16.911 	-0.112 	-0.105 	-0.049 	
114.672 	-115.753 	60.032 	0.002 	0.020 	0.038 	
2204.319 	5101.612 	-19156.172 	0.265 	0.621 	-2.368 	
-24.650 	-71.330 	39.260 	-0.014 	-0.016 	-0.217 	
-19.261 	-88.851 	69.378 	0.127 	0.105 	-0.121 	
-84.613 	-59.226 	164.101 	-0.109 	0.053 	0.067 	
-13.316 	-91.871 	111.641 	-0.007 	0.083 	-0.117 	
-26.751 	-78.248 	65.564 	0.144 	0.044 	-0.002 	
-5.500 	-263.677 	67.785 	0.066 	0.023 	0.021 	
-162.489 	-101.472 	170.137 	0.032 	0.005 	-0.040 	
15.160 	-109.691 	74.757 	-0.175 	-0.129 	0.083 	
-21.227 	-105.779 	47.981 	-0.158 	0.137 	0.016 	
78.977 	-86.621 	-124.760 	0.034 	0.013 	-0.108 	
67.250 	-120.971 	37.839 	-0.228 	-0.012 	0.037 	
12.306 	-98.909 	67.846 	-0.093 	-0.093 	-0.013 	
-43.224 	-132.519 	87.594 	0.054 	0.017 	0.034 	
-92.819 	-163.968 	115.195 	-0.069 	-0.140 	-0.012 	
-28.085 	-97.295 	87.942 	-0.031 	-0.014 	0.043 	
12.357 	-112.041 	61.412 	0.171 	0.054 	-0.123 	
-16.909 	-14.510 	19.450 	-0.064 	-0.108 	0.107 	
25.908 	-87.145 	-116.117 	-0.094 	-0.049 	-0.021 	
-23.555 	-105.919 	52.366 	0.046 	-0.198 	-0.201 	
150.846 	-106.330 	95.532 	-0.021 	-0.038 	-0.038 	
18.374 	-54.119 	30.949 	0.120 	-0.005 	0.055 	
110.733 	206.728 	228.782 	-0.030 	-0.024 	-0.029 	
-9855.131 	965.709 	-7654.987 	-2.458 	0.225 	-1.894 	
-30.619 	-96.275 	148.035 	0.118 	0.047 	-0.142 	
909.237 	-504.749 	-475.487 	0.069 	-0.058 	-0.042 	
58.240 	-83.263 	47.202 	-0.131 	-0.026 	-0.049 	
10616.519 	-1276.702 	7574.694 	2.624 	-0.332 	1.887 	
44.751 	-69.265 	72.396 	-0.065 	0.111 	-0.146 	
8.765 	-84.997 	79.784 	0.100 	-0.064 	-0.109 	
-33.553 	-109.307 	160.138 	-0.088 	0.042 	0.097 	
15.679 	-94.975 	159.722 	-0.073 	0.091 	-0.030 	
-95.292 	-32.104 	128.456 	0.016 	0.016 	-0.040 	
278.906 	124.001 	27.297 	0.017 	0.018 	0.016 	
-84.079 	-77.165 	39.216 	-0.180 	0.103 	-0.026 	
-199.074 	1393.649 	-160.615 	-0.057 	0.285 	-0.038 	
163.345 	0.496 	124.497 	-0.032 	-0.023 	-0.011 	
-20.050 	-101.621 	102.667 	0.109 	-0.049 	0.092 	
-31.982 	-88.232 	76.350 	0.077 	-0.052 	-0.071 	
-2.747 	-84.955 	91.373 	0.028 	-0.030 	-0.101 	
-18.812 	-169.515 	220.816 	-0.032 	-0.013 	0.009 	
1.261 	-74.741 	94.171 	-0.077 	0.071 	0.051 	
75.620 	-16.920 	53.739 	-0.075 	0.136 	-0.044 	
41.413 	-102.262 	92.312 	-0.030 	-0.068 	-0.017 	
-188.142 	-62.725 	16.737 	-0.028 	0.006 	0.097 	
4775.781 	1882.729 	2091.612 	0.569 	0.233 	0.255 	
2.227 	-88.697 	11.425 	-0.049 	0.084 	-0.040 	
19.075 	-112.491 	40.710 	0.009 	0.079 	0.043 	
-77.846 	-73.862 	119.923 	0.133 	-0.080 	-0.111 	
-14.104 	-85.704 	81.449 	-0.157 	0.020 	0.191 	
104.409 	-268.165 	-38.501 	0.034 	0.033 	0.042 	
-36.556 	-67.916 	59.069 	0.027 	0.036 	0.142 	
79.717 	-112.244 	41.237 	0.003 	0.024 	0.063 	
-22.796 	-91.088 	69.317 	0.142 	0.176 	0.112 	
-35.936 	-82.136 	67.866 	0.142 	-0.019 	-0.053 	
-22.331 	-157.284 	133.786 	-0.091 	-0.030 	0.034 	
-112.571 	-84.811 	56.505 	0.063 	-0.070 	0.007 	
-11.314 	-105.703 	150.941 	0.026 	0.104 	-0.075 	
36.543 	-86.549 	35.939 	-0.168 	0.008 	0.024 	
-149.382 	-784.908 	1492.988 	-0.039 	-0.077 	0.159 	
61.373 	-87.888 	120.195 	-0.151 	-0.038 	-0.034 	
54.441 	19.090 	-29.551 	0.008 	-0.047 	-0.003 	
35.489 	-64.491 	86.098 	0.080 	0.173 	-0.079 	
9.317 	-96.974 	72.143 	-0.030 	-0.029 	0.123 	
70.513 	-28.014 	97.531 	0.100 	0.004 	-0.013 	
-118.357 	11.396 	258.299 	-0.068 	-0.006 	0.021 	
714.710 	-153.217 	410.029 	0.050 	-0.022 	0.040 	
195.954 	-106.740 	35.243 	-0.068 	0.022 	0.074 	
-824.800 	567.043 	-584.893 	-0.132 	0.117 	-0.108 	
31.454 	-120.361 	147.008 	-0.085 	-0.049 	-0.035 	
35.138 	-82.921 	34.341 	0.041 	0.058 	-0.083 	
124.592 	-83.444 	46.061 	-0.190 	0.063 	0.013 	
-53.620 	-186.951 	96.504 	0.098 	0.064 	0.059 	
58.361 	-73.068 	46.215 	-0.054 	-0.119 	-0.017 	
-15.663 	-150.955 	93.842 	0.169 	0.096 	0.052 	
10.143 	-101.555 	94.911 	-0.018 	0.039 	-0.121 	
6.958 	-26.406 	110.450 	-0.096 	-0.066 	0.052 	
28.506 	-133.017 	83.982 	-0.137 	-0.022 	0.105 	
-45.289 	-97.717 	97.093 	-0.071 	-0.059 	-0.018 	
35.809 	-76.020 	88.879 	-0.095 	0.031 	0.031 	
-1731.861 	636.772 	-2289.493 	-0.245 	0.092 	-0.304 	
-184.452 	-123.106 	61.622 	-0.035 	-0.069 	0.100 	
-87.042 	-96.746 	58.211 	0.096 	0.082 	0.028 	
-108.456 	-83.404 	100.417 	0.062 	-0.025 	0.098 	
202.692 	-59.471 	168.043 	0.054 	0.021 	0.050 	
42.144 	-104.506 	35.558 	-0.110 	-0.165 	0.016 	
-14.434 	-101.750 	54.384 	-0.078 	0.095 	0.115 	
25.131 	-43.191 	79.021 	0.025 	0.094 	0.059 	
178.731 	233.267 	-81.493 	-0.014 	-0.008 	0.007 	
-17.276 	-341.852 	81.061 	0.040 	-0.035 	0.010 	
-737.514 	-317.528 	177.703 	-0.045 	-0.033 	0.045 	
-10.361 	-106.248 	59.929 	-0.126 	0.022 	0.062 	
70.288 	-62.049 	76.406 	0.118 	0.096 	0.130 	
75.869 	-128.744 	125.251 	0.058 	-0.084 	0.106 	
-52.806 	-146.845 	115.129 	0.014 	-0.132 	0.027 	
24.672 	-81.516 	93.247 	-0.128 	-0.038 	0.045 	
55.957 	-28.489 	40.261 	-0.051 	-0.142 	0.008 	
37.159 	-116.379 	124.539 	0.115 	-0.148 	0.134 	
86.134 	-56.087 	-21.525 	-0.067 	0.065 	0.063 	
-43.737 	-58.808 	30.201 	0.075 	-0.007 	0.111 	
642.864 	-1074.726 	868.699 	0.112 	-0.212 	0.168 	
21.803 	-80.686 	96.578 	-0.039 	-0.120 	0.202 	
35.347 	-83.994 	57.431 	-0.112 	0.108 	-0.066 	
-16.772 	-191.931 	453.100 	-0.031 	-0.047 	0.081 	
-11.087 	-205.286 	27.050 	-0.020 	-0.107 	-0.059 	
-19.188 	-73.032 	-50.678 	0.099 	-0.078 	-0.008 	
0.640 	-109.121 	140.210 	0.072 	-0.026 	0.104 	
23.808 	-71.130 	68.597 	0.018 	0.020 	0.090 	
19.870 	-91.171 	66.164 	-0.174 	0.072 	-0.050 	
-32.420 	-138.884 	61.477 	0.032 	-0.126 	0.123 	
270.615 	-841.853 	512.068 	-0.009 	-0.063 	0.043 	
61.186 	-73.298 	24.275 	-0.010 	0.030 	-0.027 	
18.969 	-306.254 	71.766 	0.009 	-0.290 	-0.041 	
-10.916 	-53.298 	-2.492 	0.056 	0.042 	0.108 	
24.399 	-104.300 	116.123 	0.034 	-0.052 	0.073 	
-58.587 	-27.515 	208.294 	0.015 	-0.040 	-0.062 	
-68.022 	-95.547 	93.699 	-0.006 	-0.043 	0.047 	
-65.563 	-72.522 	68.981 	-0.009 	-0.137 	0.030 	
9.597 	19.545 	61.923 	-0.099 	-0.058 	0.010 	
88.006 	-65.946 	30.835 	0.060 	0.082 	0.031 	
-23.034 	-114.548 	81.810 	0.137 	0.102 	0.119 	
76.388 	-122.677 	52.014 	0.123 	0.093 	-0.051 	
6.671 	-96.436 	79.594 	-0.013 	-0.076 	0.080 	
-22.611 	-82.539 	101.553 	-0.135 	0.005 	0.231 	
-10.707 	-84.411 	89.381 	0.098 	0.137 	-0.115 	
-90.057 	-131.783 	-59.020 	0.034 	-0.032 	0.009 	
41146.267 	11512.846 	25488.807 	5.490 	1.541 	3.410 	
73.920 	151.132 	31.001 	0.028 	0.072 	-0.013 	
59.296 	-15.514 	190.534 	0.013 	0.037 	0.034 	
-22.067 	-63.758 	59.660 	0.051 	-0.099 	-0.070 	
9.947 	-85.284 	76.761 	0.012 	-0.005 	0.066 	
2.772 	-219.856 	21.765 	0.034 	-0.060 	0.003 	
-56.922 	-114.487 	119.036 	-0.039 	-0.103 	0.063 	
-3.214 	-139.154 	103.351 	-0.202 	-0.047 	0.021 	
5.755 	-81.527 	85.351 	-0.055 	-0.138 	0.054 	
-1.300 	-79.858 	58.384 	-0.199 	-0.048 	-0.189 	
-32.167 	-100.052 	125.346 	-0.035 	-0.124 	0.153 	
-46.687 	43.026 	19.286 	-0.056 	-0.013 	0.052 	
-131.978 	-24.603 	147.733 	-0.022 	0.008 	-0.006 	
-58.061 	-62.993 	59.015 	-0.117 	-0.154 	-0.009 	
-716.038 	1666.318 	-563.635 	-0.098 	0.214 	-0.077 	
-39.877 	-209.777 	144.296 	-0.033 	-0.231 	0.146 	
63.899 	-78.346 	106.125 	-0.022 	0.125 	0.078 	
-7.804 	-85.211 	49.116 	0.106 	-0.001 	0.078 	
14.125 	-78.424 	68.314 	-0.210 	-0.023 	0.127 	
111.164 	-7.704 	-51.852 	-0.085 	-0.056 	0.061 	
-40.392 	-82.747 	71.747 	0.057 	-0.148 	0.112 	
-53.911 	-107.363 	97.634 	-0.035 	-0.138 	0.073 	
57.683 	-81.234 	32.142 	0.048 	0.044 	0.000 	
-93.821 	-178.258 	75.943 	0.102 	-0.130 	0.034 	
3.712 	-91.153 	80.133 	-0.150 	0.023 	-0.156 	
72.519 	-156.297 	69.900 	0.122 	-0.112 	0.079 	
918.213 	53.470 	-110.464 	0.051 	-0.002 	-0.004 	
3.531 	-26.844 	105.903 	-0.035 	-0.018 	0.062 	
-45.267 	-42.954 	89.303 	-0.147 	0.025 	0.004 	
-217.598 	33.774 	-155.487 	-0.003 	-0.001 	-0.016 	
-24.184 	-102.371 	62.164 	0.127 	0.036 	-0.021 	
1980.670 	316.027 	2415.337 	0.388 	0.077 	0.448 	
-173.399 	-100.810 	147.365 	0.113 	-0.012 	0.009 	
87.583 	-84.644 	74.460 	-0.038 	0.185 	-0.033 	
-2.968 	-57.651 	93.277 	-0.226 	-0.037 	0.025 	
124.995 	-86.737 	78.455 	-0.032 	0.105 	-0.085 	
31.603 	-39.258 	32.631 	-0.070 	-0.005 	0.123 	
-29.005 	-74.896 	269.576 	-0.024 	-0.004 	-0.015 	
2.597 	-19.004 	47.838 	-0.057 	-0.201 	0.039 	
-81.687 	-103.590 	123.490 	0.109 	-0.014 	-0.024 	
-31.978 	-97.807 	35.956 	0.017 	-0.014 	0.023 	
-344.727 	-203.860 	907.170 	-0.047 	-0.007 	0.082 	
-75.736 	-85.162 	89.122 	0.045 	0.115 	0.068 	
14.149 	-112.192 	67.284 	-0.145 	0.035 	-0.069 	
-662.016 	-58.970 	-226.619 	-0.115 	-0.015 	-0.008 	
-28.463 	-106.712 	-8.468 	-0.159 	-0.057 	-0.006 	
-42.916 	-147.079 	77.029 	-0.158 	-0.008 	-0.022 	
-53.525 	-106.410 	174.816 	-0.025 	-0.125 	0.059 	
-101.196 	-121.900 	175.533 	0.086 	-0.020 	0.113 	
63.081 	-95.770 	77.580 	-0.025 	0.010 	0.117 	
-50.258 	-48.260 	60.489 	-0.161 	-0.085 	0.015 	
95.756 	-62.465 	53.788 	0.083 	-0.078 	-0.104 	
3067.103 	1924.968 	-1124.928 	0.439 	0.274 	-0.163 	
7.786 	-752.499 	419.382 	-0.038 	-0.217 	0.112 	
-26.800 	-89.122 	86.735 	0.225 	0.062 	-0.074 	
1163.177 	558.669 	-17.718 	0.206 	0.119 	-0.008 	
32.775 	-73.333 	85.042 	0.039 	0.235 	0.080 	
-24.306 	-75.187 	238.037 	-0.034 	0.022 	-0.081 	
-258.912 	128.068 	56.187 	-0.088 	0.008 	0.013 	
-25.295 	-111.943 	75.219 	-0.106 	-0.186 	0.065 	
22.183 	-107.287 	66.320 	-0.093 	-0.174 	0.062 	
23.410 	-78.009 	-25.935 	-0.082 	-0.017 	0.084 	
-160.596 	19.746 	116.028 	-0.024 	-0.023 	0.035 	
-94.959 	-49.243 	54.498 	-0.158 	0.008 	0.026 	
-59.627 	-100.691 	34.942 	-0.004 	-0.003 	0.020 	
27.940 	-95.278 	74.190 	0.008 	0.087 	0.197 	
83.770 	9.568 	66.151 	0.117 	0.077 	0.093 	
-40.000 	-80.955 	76.086 	0.019 	0.030 	-0.004 	
178.587 	-186.215 	44.716 	0.033 	-0.047 	0.006 	
-14.708 	-173.094 	27.464 	-0.178 	-0.021 	0.023 	
-16.787 	-102.187 	42.228 	-0.217 	-0.064 	0.002 	
45.320 	-35.997 	5.295 	0.099 	-0.049 	-0.004 	
-151.672 	-104.734 	276.637 	0.013 	-0.007 	-0.019 	
-38.250 	-86.457 	135.864 	0.097 	-0.030 	-0.061 	
74.622 	-97.665 	16.882 	-0.070 	-0.030 	-0.043 	
-45.204 	-83.476 	22.822 	-0.128 	-0.007 	-0.118 	
88.978 	-107.030 	101.960 	-0.077 	-0.004 	0.034 	
-628.015 	-4.306 	48.976 	-0.158 	0.009 	-0.008 	
-36.482 	-107.531 	114.547 	0.011 	-0.023 	0.017 	
-54.743 	-78.454 	42.181 	-0.030 	0.091 	-0.028 	
-410.441 	-978.784 	-258.889 	-0.420 	-0.987 	-0.331 	
60.365 	-163.519 	-41.422 	-0.098 	0.040 	0.099 	
-107.979 	-111.236 	15.488 	-0.048 	-0.078 	-0.041 	
-38.180 	-102.621 	77.444 	0.107 	-0.011 	-0.150 	
130.408 	-81.350 	56.296 	0.018 	-0.017 	0.081 	
29.047 	-37.411 	92.129 	0.137 	0.124 	-0.087 	
507.395 	2508.329 	4204.472 	0.067 	0.435 	0.723 	
1687.237 	-630.049 	-208.378 	0.443 	-0.156 	-0.069 	
11.121 	-107.283 	75.421 	0.092 	-0.017 	0.004 	
-108.396 	-163.006 	-32.746 	-0.042 	-0.069 	-0.130 	
-38.075 	-29.572 	28.489 	0.096 	-0.067 	-0.017 	
-38.241 	-126.278 	-48.897 	-0.027 	-0.091 	0.005 	
-161.572 	-139.392 	-36.853 	-0.164 	-0.041 	-0.087 	
2482.184 	490.214 	-5395.267 	0.276 	0.060 	-0.627 	
-11400.245 	-52993.666 	-83458.297 	-1.525 	-7.107 	-11.197 	
185.626 	-103.025 	-32.406 	0.095 	-0.012 	0.010 	
-38.451 	-89.782 	74.968 	0.092 	0.112 	0.175 	
4.371 	-0.723 	48.220 	0.079 	-0.027 	-0.026 	
36.637 	-87.557 	60.373 	0.158 	0.046 	0.029 	
105.599 	-24.680 	-59.748 	0.030 	0.027 	-0.051 	
38.813 	-113.020 	86.358 	0.096 	-0.030 	-0.080 	
-5.402 	-77.498 	50.518 	-0.096 	0.014 	0.129 	
-3.545 	-84.557 	95.217 	0.000 	-0.185 	-0.005 	
-59.847 	-95.120 	26.210 	0.014 	-0.107 	0.064 	
89.192 	99.123 	150.331 	0.136 	0.002 	-0.004 	
1975.655 	-948.915 	-395.666 	0.291 	-0.129 	-0.057 	
41.307 	-118.321 	69.962 	0.113 	-0.032 	-0.014 	
-1309.473 	-246.317 	-673.590 	-0.249 	-0.053 	-0.123 	
-101.318 	-200.057 	39.590 	0.025 	0.049 	-0.009 	
31.082 	-85.625 	105.134 	0.119 	-0.130 	-0.140 	
3811.960 	1397.409 	-638.033 	0.556 	0.205 	-0.095 	
-773.041 	375.338 	454.950 	-0.292 	0.144 	0.138 	
611.192 	-676.692 	-284.541 	0.059 	-0.079 	-0.029 	
1081.003 	-403.997 	3245.665 	0.215 	-0.072 	0.646 	
-47.847 	-109.354 	69.029 	0.098 	0.036 	-0.103 	
-473.681 	1283.931 	231.228 	-0.344 	0.891 	0.088 	
32.556 	-91.618 	51.943 	-0.150 	0.016 	0.045 	
-0.645 	-122.697 	-31.735 	0.121 	-0.018 	0.090 	
29.109 	90.853 	217.108 	-0.053 	-0.010 	-0.004 	
102.679 	-126.178 	90.356 	0.078 	-0.020 	0.072 	
18.544 	-75.629 	98.030 	-0.131 	0.070 	-0.025 	
-42.434 	194.217 	102.824 	-0.036 	0.029 	0.017 	
236.889 	-56.692 	-35.302 	0.058 	-0.003 	0.012 	
5.514 	-90.892 	66.180 	0.070 	-0.124 	0.082 	
121.964 	-20.650 	13.661 	0.044 	-0.006 	0.108 	
-3.163 	-65.065 	78.446 	0.094 	0.094 	0.195 	
22.769 	-61.891 	114.552 	0.145 	0.068 	-0.150 	
26.313 	-78.038 	109.266 	0.167 	0.018 	0.087 	
93.465 	-158.442 	50.220 	-0.055 	-0.001 	-0.071 	
-67.682 	-118.312 	133.293 	0.134 	0.017 	-0.079 	
8.588 	-52.965 	115.934 	0.025 	-0.034 	0.168 	
4.730 	-79.521 	98.647 	0.023 	-0.195 	-0.124 	
-47.446 	-87.479 	48.134 	0.024 	0.041 	0.032 	
1444.051 	-441.866 	1303.799 	0.260 	-0.089 	0.239 	
-20.574 	-76.615 	55.068 	0.053 	-0.075 	0.177 	
-50.785 	-102.721 	89.090 	-0.162 	-0.016 	-0.043 	
-564.600 	200.328 	290.978 	-0.034 	0.016 	0.029 	
-1.364 	4.278 	54.274 	0.013 	-0.041 	0.018 	
136.296 	-111.549 	77.348 	-0.009 	-0.095 	-0.072 	
-8.635 	-102.988 	76.413 	0.172 	0.109 	-0.030 	
-7498.629 	4533.044 	2702.419 	-1.005 	0.616 	0.365 	
25.467 	-67.966 	27.087 	-0.128 	-0.020 	-0.007 	
-93.171 	-170.850 	74.920 	-0.065 	-0.114 	0.068 	
-124.550 	-105.491 	23.092 	-0.140 	0.027 	-0.032 	
-69.546 	-150.434 	110.674 	-0.136 	-0.172 	0.079 	
-165.018 	-25.915 	74.395 	0.056 	0.025 	-0.010 	
146.993 	-80.398 	26.386 	0.228 	0.079 	-0.036 	
96.976 	-111.750 	104.819 	0.027 	0.044 	0.008 	
14.046 	-83.390 	94.553 	-0.086 	0.142 	-0.041 	
35.967 	-36.075 	159.321 	0.006 	0.007 	-0.081 	
-49.327 	-114.693 	129.788 	-0.078 	0.027 	0.137 	
-34.639 	-160.136 	-192.527 	-0.088 	-0.013 	-0.159 	
-1418.168 	444.945 	-315.755 	-0.167 	0.037 	-0.030 	
102.420 	-82.721 	84.146 	-0.100 	0.037 	0.021 	
-8.775 	-68.812 	76.127 	0.039 	-0.019 	0.043 	
71.471 	-107.399 	57.718 	-0.022 	0.094 	-0.043 	
4526.010 	1361.263 	-665.362 	0.908 	0.296 	-0.149 	
26.716 	-143.678 	68.764 	0.016 	-0.100 	-0.025 	
31.449 	-135.468 	70.284 	0.031 	-0.030 	0.015 	
-19.045 	-89.512 	70.478 	0.073 	0.082 	-0.111 	
32.769 	-134.445 	93.380 	0.027 	0.151 	-0.114 	
96.525 	-69.021 	53.237 	-0.029 	0.020 	0.046 	
-10.633 	-172.798 	140.792 	-0.112 	-0.076 	0.138 	
-44.214 	-139.548 	98.983 	-0.171 	-0.068 	0.068 	
45.267 	-15.812 	33.026 	0.076 	0.131 	0.001 	
34.361 	-114.733 	67.805 	0.047 	0.111 	-0.148 	
43.480 	-96.272 	127.125 	0.030 	0.103 	0.055 	
-50.032 	-89.520 	109.775 	-0.202 	0.007 	0.062 	
413.925 	-1206.539 	1018.177 	0.462 	-1.481 	1.220 	
617.938 	-146.332 	-726.309 	0.088 	-0.021 	-0.121 	
100.510 	43.342 	-133.246 	0.023 	-0.005 	-0.024 	
20.370 	-57.127 	56.497 	-0.047 	-0.066 	0.115 	
21.216 	-49.095 	-24.261 	-0.035 	-0.100 	0.047 	
-372.875 	423.241 	-1417.316 	-0.044 	0.059 	-0.189 	
43.730 	-61.843 	88.935 	-0.066 	0.030 	0.153 	
-1543.014 	855.401 	-2406.048 	-0.313 	0.181 	-0.491 	
90.282 	-65.149 	94.517 	-0.021 	-0.100 	-0.025 	
-26.130 	-132.324 	68.932 	-0.061 	-0.159 	-0.013 	
36.396 	-23.855 	51.280 	0.048 	-0.013 	0.047 	
104.914 	-57.786 	66.351 	0.057 	0.033 	-0.164 	
1026.575 	-8031.878 	5656.304 	0.104 	-1.019 	0.717 	
-104.255 	-131.028 	83.631 	0.057 	-0.126 	0.017 	
-70.602 	18.642 	71.820 	0.072 	0.080 	0.102 	
-1720.660 	-496.023 	1037.009 	-0.331 	-0.088 	0.179 	
447.862 	-376.693 	-396.184 	0.137 	-0.094 	-0.166 	
218.695 	-140.512 	3.123 	-0.048 	0.009 	0.015 	
-194.854 	-48.526 	93.608 	-0.075 	-0.064 	-0.024 	
14.944 	-144.984 	44.303 	0.163 	0.078 	-0.050 	
-789.241 	-792.928 	-95.378 	-0.091 	-0.093 	-0.010 	
-34.422 	-53.141 	48.745 	0.019 	0.042 	0.076 	
74.849 	-133.689 	92.916 	-0.088 	-0.024 	0.019 	
-70.720 	-126.971 	132.884 	0.069 	0.031 	-0.057 	
-22.728 	-83.009 	95.045 	-0.002 	-0.109 	-0.230 	
2253.408 	-3640.807 	-3194.314 	0.262 	-0.438 	-0.390 	
-116.670 	-91.688 	81.980 	-0.173 	-0.092 	0.041 	
66.259 	-94.077 	87.620 	0.042 	-0.182 	-0.045 	
61.817 	-92.404 	58.608 	-0.131 	-0.080 	-0.113 	
1076.399 	-441.764 	-919.698 	0.357 	-0.131 	-0.342 	
100.993 	-84.255 	92.301 	-0.095 	-0.030 	-0.024 	
-124.788 	41.373 	7.850 	-0.012 	-0.087 	-0.011 	
-378.042 	-52.752 	66.945 	-0.104 	0.004 	-0.016 	
202.504 	-11.838 	76.749 	-0.064 	-0.041 	-0.035 	
63.703 	-116.269 	111.962 	-0.057 	0.001 	0.066 	
-44.179 	84.715 	8.093 	-0.017 	-0.018 	-0.011 	
-60.770 	-56.153 	8.762 	0.108 	-0.044 	0.051 	
55.185 	-58.633 	55.238 	0.121 	0.011 	-0.013 	
39.749 	-78.498 	89.817 	0.011 	0.045 	0.005 	
-22.962 	-55.498 	89.661 	-0.034 	-0.033 	0.119 	
105.246 	-19.882 	35.260 	0.013 	-0.147 	-0.050 	
-36.152 	62.454 	181.569 	-0.135 	-0.003 	-0.010 	
18.377 	-131.939 	54.560 	-0.108 	0.091 	0.223 	
-133.136 	-1146.356 	986.177 	-0.074 	-0.245 	0.182 	
-48.150 	-115.373 	43.717 	0.110 	0.095 	0.059 	
-2275.522 	-4635.020 	19904.453 	-0.288 	-0.579 	2.449 	
527.179 	92.758 	-147.815 	0.019 	-0.017 	-0.007 	
107.732 	-110.345 	33.503 	-0.002 	0.131 	-0.034 	
-52.902 	-177.447 	105.763 	-0.183 	0.052 	-0.048 	
122.363 	-95.344 	122.229 	-0.048 	0.012 	0.148 	
-16.274 	-47.547 	74.056 	-0.032 	0.013 	0.069 	
-9.705 	-133.949 	124.047 	0.100 	0.004 	-0.024 	
-112.180 	-151.502 	53.504 	0.070 	-0.104 	-0.111 	
8.092 	-98.951 	59.381 	-0.079 	0.005 	0.163 	
-117.112 	-56.325 	98.360 	0.061 	-0.016 	0.033 	
-98.071 	-114.739 	116.585 	-0.107 	-0.076 	0.024 	
-40.387 	-75.565 	43.768 	-0.045 	-0.117 	0.117 	
-110.621 	-192.989 	-18.256 	0.002 	-0.020 	0.006 	
-39.426 	-104.839 	57.122 	0.157 	-0.025 	0.075 	
-946.956 	-2966.307 	-13.544 	-0.132 	-0.395 	-0.007 	
-62.228 	-115.582 	22.220 	-0.057 	-0.017 	-0.017 	
-99.269 	-57.530 	41.529 	-0.054 	-0.050 	0.027 	
29.838 	-64.456 	89.583 	-0.118 	-0.098 	0.032 	
22.691 	-35.851 	86.966 	-0.050 	0.055 	0.022 	
-43.834 	-97.031 	144.626 	0.134 	-0.074 	0.148 	
-73.113 	-57.942 	40.488 	-0.137 	0.029 	-0.045 	
-399.012 	-220.887 	-13.346 	-0.156 	-0.060 	-0.015 	
98.436 	-28.464 	22.956 	-0.072 	-0.134 	0.098 	
32.487 	-93.749 	122.580 	-0.152 	-0.040 	-0.053 	
71.585 	32.476 	37.061 	-0.013 	0.047 	0.009 	
29.872 	-120.593 	192.231 	0.005 	0.060 	-0.025 	
-173.413 	-53.506 	160.854 	0.032 	0.066 	0.036 	
-5.676 	-161.764 	25.820 	-0.102 	0.025 	0.011 	
-389.623 	190.943 	-882.459 	-0.050 	0.009 	-0.062 	
-52.195 	-101.516 	35.781 	-0.116 	-0.041 	-0.024 	
-1712.533 	417.124 	-1146.381 	-0.234 	0.062 	-0.165 	
4531.757 	-3431.392 	-434.527 	0.950 	-0.716 	-0.090 	
-4.422 	-61.181 	50.335 	0.095 	0.110 	0.120 	
-9.892 	-85.649 	99.740 	0.170 	-0.043 	0.013 	
79.212 	-32.981 	40.334 	-0.105 	-0.093 	-0.026 	
-14.510 	-50.502 	113.309 	-0.299 	0.171 	0.324 	
69.021 	-84.867 	47.955 	-0.151 	0.055 	0.023 	
-0.833 	-73.525 	54.776 	0.144 	-0.167 	-0.023 	
149.810 	-41.369 	59.988 	0.061 	0.143 	-0.020 	
62.118 	-81.397 	105.848 	-0.154 	-0.154 	0.118 	
24.920 	-127.785 	90.239 	0.152 	-0.010 	-0.083 	
165.961 	-50.262 	-6.202 	-0.102 	0.005 	0.037 	
-3694.191 	4545.775 	2488.352 	-0.463 	0.559 	0.302 	
95.907 	-44.849 	157.417 	-0.043 	-0.083 	-0.059 	
18.154 	-87.468 	71.064 	-0.150 	-0.284 	0.016 	
-162.350 	-63.967 	100.205 	0.010 	-0.019 	0.020 	
-41.485 	-79.737 	84.696 	-0.199 	-0.015 	0.065 	
-44.952 	-134.826 	77.087 	-0.022 	0.124 	-0.087 	
-769.312 	487.869 	-17.237 	-0.106 	0.059 	-0.017 	
79.133 	-126.391 	78.418 	-0.029 	0.072 	-0.099 	
-70.415 	-103.338 	146.161 	-0.054 	-0.162 	0.222 	
15.045 	90.779 	7.882 	-0.131 	0.003 	0.026 	
-79.505 	-112.878 	62.777 	-0.099 	-0.089 	-0.173 	
227.428 	250.068 	-276.853 	-0.023 	0.012 	-0.055 	
-22.472 	-60.469 	19.326 	-0.155 	0.009 	-0.014 	
-877.084 	-249.972 	187.226 	-0.148 	-0.044 	0.037 	
-31.663 	462.863 	53.711 	-0.043 	0.329 	0.036 	
4.629 	-64.994 	109.563 	-0.082 	0.086 	0.112 	
-16.934 	40.335 	122.452 	0.092 	0.047 	0.053 	
27.168 	-109.406 	71.832 	0.042 	-0.162 	-0.103 	
-37.041 	-230.896 	51.168 	-0.019 	-0.138 	0.023 	
-51.714 	-185.967 	160.092 	0.017 	0.084 	0.058 	
139717.962 	11417.340 	112499.351 	23.366 	1.917 	18.839 	
-12.860 	-25.645 	-150.562 	-0.019 	-0.048 	0.008 	
-55.678 	-51.649 	129.822 	-0.095 	0.017 	0.040 	
229.437 	-171.061 	173.681 	-0.046 	-0.024 	-0.015 	
-27.125 	-99.208 	55.450 	-0.178 	-0.209 	-0.050 	
28.245 	-153.983 	200.852 	0.079 	0.049 	0.061 	
138.759 	-25.667 	99.823 	0.116 	-0.110 	-0.015 	
2.051 	-121.839 	49.939 	-0.150 	-0.190 	0.098 	
14.798 	-61.561 	112.257 	0.175 	-0.146 	-0.006 	
1.772 	-86.588 	61.003 	-0.049 	-0.135 	-0.016 	
-43.798 	-103.949 	115.740 	0.085 	0.149 	-0.071 	
-62.322 	-86.316 	-109.022 	0.026 	-0.011 	0.046 	
-6.102 	-15.233 	107.992 	-0.124 	-0.044 	-0.019 	
1520.529 	3018.768 	3141.702 	0.152 	0.345 	0.362 	
64.243 	-29.211 	-12.061 	0.016 	-0.060 	0.009 	
-361.913 	8875.420 	-5768.050 	-0.072 	1.121 	-0.729 	
6.015 	-91.292 	62.293 	0.051 	0.050 	-0.082 	
-14764.716 	-18557.970 	-7020.426 	-2.939 	-3.666 	-1.397 	
14.451 	-30.852 	42.006 	0.047 	0.040 	-0.100 	
-63.008 	-63.211 	45.060 	-0.171 	-0.029 	-0.006 	
10643.029 	52018.255 	85531.934 	1.431 	6.974 	11.464 	
97.816 	-42.307 	-46.936 	0.033 	-0.013 	-0.062 	
-0.734 	122.870 	164.851 	-0.020 	-0.049 	0.037 	
-166.649 	-160.106 	16.556 	0.016 	0.056 	0.078 	
-206.954 	-86.386 	60.544 	-0.037 	-0.012 	0.099 	
-26.155 	-106.056 	78.433 	0.195 	0.020 	-0.125 	
-87.719 	-8.634 	131.167 	0.102 	-0.054 	0.016 	
110.563 	-25.011 	59.042 	-0.015 	-0.076 	0.022 	
-669.915 	523.285 	-75.300 	-0.080 	0.013 	-0.010 	
-9.972 	-247.504 	121.040 	0.089 	-0.033 	-0.008 	
1429.525 	-542.442 	574.006 	0.185 	-0.078 	0.079 	
0.145 	-69.961 	83.135 	0.094 	-0.168 	-0.035 	
30.153 	-80.573 	49.962 	-0.072 	-0.155 	0.078 	
46.272 	-34.639 	98.876 	0.008 	0.073 	-0.004 	
-96.449 	-223.446 	61.664 	-0.120 	0.061 	0.043 	
9.723 	-74.560 	103.925 	-0.165 	0.060 	0.004 	
25.012 	-51.747 	4.804 	-0.089 	-0.024 	0.087 	
-55.259 	-133.674 	143.961 	-0.001 	-0.076 	0.005 	
-31.215 	-99.439 	61.762 	0.004 	-0.101 	-0.058 	
-3.965 	-211.550 	-128.361 	0.049 	0.044 	-0.048 	
-7.275 	-23.479 	105.699 	-0.009 	-0.027 	0.033 	
10.187 	-113.711 	48.946 	0.085 	0.031 	-0.019 	
1069.882 	-1504.570 	846.410 	0.140 	-0.196 	0.104 	
-805.598 	263.103 	300.061 	-0.071 	-0.006 	0.036 	
-233.625 	-135.035 	95.137 	0.035 	0.047 	-0.004 	
6.151 	-87.317 	66.037 	0.124 	-0.071 	-0.069 	
53.146 	-3.564 	61.383 	-0.196 	0.014 	-0.007 	
-30.484 	-69.426 	19.640 	-0.021 	0.052 	-0.119 	
31.636 	-65.541 	39.564 	0.118 	0.057 	0.044 	
-1874.160 	11202.842 	735.883 	-0.247 	1.412 	0.093 	
-49.427 	-72.075 	35.290 	0.024 	-0.096 	0.092 	
75.311 	-124.994 	53.933 	-0.148 	0.091 	-0.003 	
-232.411 	-59.877 	50.678 	0.091 	0.011 	-0.011 	
-38.595 	-104.942 	56.307 	0.010 	-0.182 	0.064 	
88.395 	-107.927 	95.083 	0.093 	0.071 	-0.033 	
539.277 	-1372.885 	-482.023 	0.329 	-0.876 	-0.387 	
-51.857 	-54.178 	56.920 	-0.073 	0.029 	0.017 	
54.659 	-7.100 	-3.526 	0.042 	0.060 	-0.103 	
116.297 	-108.751 	52.473 	0.024 	-0.071 	-0.041 	
46.189 	-70.174 	59.451 	0.027 	0.091 	-0.019 	
-60.796 	-86.039 	120.587 	-0.068 	-0.099 	0.001 	
16.011 	-6.105 	8.937 	0.003 	-0.040 	0.036 	
144.373 	-113.981 	201.293 	0.060 	0.003 	0.061 	
5.578 	-205.567 	241.913 	-0.008 	-0.039 	0.041 	
647.975 	191.217 	-9.131 	0.035 	0.024 	0.003 	
23.139 	-118.772 	89.391 	0.192 	-0.144 	0.055 	
-4350.032 	-4935.948 	-2303.497 	-0.521 	-0.567 	-0.262 	
93.179 	-64.976 	36.808 	0.132 	0.080 	-0.112 	
-101.261 	-36.371 	51.823 	0.042 	-0.004 	0.091 	
-1328.831 	-1885.117 	820.442 	-0.180 	-0.258 	0.109 	
-23.492 	-47.225 	45.601 	-0.208 	0.039 	-0.037 	
-973.541 	409.781 	1149.394 	-0.132 	0.062 	0.160 	
-75.149 	-40.928 	56.235 	-0.034 	-0.065 	-0.027 	
-10.263 	-77.688 	95.432 	-0.147 	0.029 	0.133 	
-115.451 	-117.118 	92.623 	-0.118 	-0.032 	0.011 	
7.217 	-86.306 	78.469 	-0.096 	-0.051 	-0.112 	
-70.011 	-86.409 	79.482 	0.126 	0.072 	-0.047 	
-32.926 	-133.597 	92.341 	0.013 	0.069 	0.003 	
-32.683 	-11.337 	-69.285 	-0.085 	0.093 	-0.073 	
103.644 	-53.098 	55.912 	0.030 	0.025 	0.094 	
5.550 	157.812 	-23.116 	0.025 	-0.029 	0.007 	
48.425 	-85.598 	70.932 	-0.159 	0.054 	0.201 	
29.037 	-99.905 	90.545 	-0.167 	0.014 	-0.009 	
-337.912 	-18.407 	128.480 	0.044 	-0.004 	0.011 	
39.736 	-63.361 	78.481 	0.096 	0.172 	0.023 	
6.200 	-40.258 	40.290 	-0.174 	0.122 	-0.008 	
126.575 	-54.389 	132.749 	0.049 	-0.047 	0.046 	
-36.349 	-91.842 	79.836 	-0.105 	0.036 	0.008 	
252.497 	76.057 	83.237 	0.008 	-0.071 	0.017 	
57.358 	-46.425 	16.614 	-0.068 	0.061 	-0.089 	
-121.328 	-51.389 	86.755 	0.077 	-0.074 	0.124 	
82.544 	-72.845 	34.151 	0.058 	-0.112 	-0.072 	
-7085.043 	30388.328 	38868.819 	-1.661 	6.956 	8.885 	
94.098 	-81.342 	57.296 	0.079 	-0.098 	-0.064 	
76.539 	-148.273 	-18.866 	0.054 	0.074 	0.095 	
2.464 	-129.699 	91.424 	0.094 	0.018 	0.012 	
-474.009 	498.030 	-323.280 	-0.109 	0.110 	-0.080 	
199.506 	53.102 	38.323 	0.097 	0.027 	-0.027 	
67.939 	-43.979 	19.616 	0.083 	-0.035 	0.018 	
31.898 	-187.155 	7.709 	0.073 	0.100 	-0.010 	
83.036 	31.029 	120.553 	0.051 	0.003 	0.041 	
-22.242 	-89.152 	62.157 	0.089 	0.072 	0.123 	
63.734 	-64.570 	145.435 	0.006 	0.043 	-0.003 	
140.554 	-34.892 	153.361 	0.023 	0.013 	0.022 	
-1287.993 	-1542.081 	5332.767 	-0.163 	-0.176 	0.621 	
128.926 	-81.633 	21.273 	-0.035 	0.002 	0.143 	
86.581 	-82.162 	118.496 	-0.160 	-0.005 	0.019 	
-18.900 	-91.636 	83.884 	0.078 	-0.026 	0.208 	
4.800 	-47.084 	172.636 	-0.032 	-0.030 	-0.028 	
-46.624 	-105.880 	34.164 	0.155 	0.028 	0.056 	
2.744 	-158.400 	53.896 	0.082 	0.027 	0.069 	
71.195 	-79.794 	46.282 	0.030 	0.042 	0.009 	
240.204 	-78.223 	229.883 	0.011 	-0.005 	0.034 	
-7.697 	-86.743 	61.746 	0.109 	0.133 	-0.140 	
-26.722 	-110.664 	85.332 	-0.021 	-0.017 	-0.235 	
14.034 	-104.894 	84.305 	0.018 	0.076 	0.039 	
-11.781 	-56.513 	80.068 	-0.189 	-0.051 	0.092 	
39.127 	-69.548 	68.023 	-0.235 	0.068 	0.023 	
-13.407 	-100.378 	53.175 	-0.111 	-0.068 	0.034 	
104.012 	-67.238 	126.960 	0.094 	0.074 	0.125 	
-3.544 	-62.488 	19.288 	0.031 	0.003 	-0.024 	
66.372 	-114.241 	124.172 	0.112 	0.074 	0.014 	
-46.682 	149.721 	85.073 	-0.091 	0.434 	-0.025 	
-36.678 	-66.975 	150.229 	-0.021 	0.023 	0.012 	
-1359.999 	-1947.989 	-3001.895 	-0.254 	-0.330 	-0.514 	
-84.550 	-92.337 	161.345 	0.022 	-0.015 	-0.066 	
35.345 	-87.222 	103.847 	0.074 	0.016 	-0.191 	
270.678 	-73.238 	37.333 	-0.066 	-0.021 	0.018 	
31.810 	-103.151 	77.619 	-0.225 	0.007 	0.029 	
164.323 	-59.240 	10.819 	0.116 	0.003 	-0.018 	
-67.308 	38.777 	-13.304 	-0.027 	-0.080 	-0.083 	
-26.050 	-101.219 	18.112 	0.134 	0.043 	-0.075 	
-13.126 	-71.808 	48.710 	-0.082 	-0.067 	-0.085 	
-8.313 	-73.434 	-85.830 	0.111 	0.026 	-0.016 	
-47.462 	-85.706 	49.113 	0.080 	0.140 	-0.054 	
-6.075 	-72.649 	92.502 	0.113 	-0.072 	0.029 	
-393.807 	-10353.603 	-1769.246 	-0.060 	-1.308 	-0.223 	
-7.238 	-181.280 	149.703 	-0.060 	-0.043 	0.063 	
-121.132 	-134.375 	109.128 	0.004 	0.023 	-0.052 	
-137964.369 	-12398.115 	-112890.406 	-23.128 	-2.071 	-18.899 	
-28.247 	-66.794 	132.198 	0.060 	-0.050 	0.077 	
7.896 	-161.904 	70.016 	-0.080 	0.154 	-0.031 	
35.756 	-92.830 	99.243 	-0.012 	-0.147 	0.135 	
-33.684 	-58.244 	12.053 	0.010 	0.022 	0.110 	
-26.108 	-184.743 	175.496 	-0.021 	0.068 	0.010 	
-82.083 	-21.569 	-5.514 	-0.076 	0.059 	-0.016 	
-101.018 	-167.113 	206.456 	-0.025 	-0.052 	0.012 	
116.630 	0.059 	55.175 	0.051 	-0.024 	-0.022 	
34.509 	9.298 	105.445 	-0.101 	-0.043 	-0.029 	
7504.212 	-30669.891 	-38540.704 	1.676 	-7.008 	-8.818 	
-82.866 	-114.746 	51.623 	-0.188 	-0.024 	-0.119 	
99.197 	-163.029 	115.775 	0.092 	-0.033 	0.015 	
271.907 	19.599 	116.991 	0.052 	0.040 	0.022 	
6564.992 	-4983.918 	-3998.764 	0.881 	-0.660 	-0.534 	
76.392 	-195.972 	40.219 	-0.023 	0.034 	-0.012 	
-3212.789 	-1298.448 	957.202 	-0.705 	-0.256 	0.187 	
57.128 	-54.704 	61.206 	-0.094 	-0.154 	-0.097 	
