## Las primeras 500 lineas corresponden a la esfera 1 
##las siguienets 500 lineas a la esfera 2
## Las primeras tres columnas corresponden a la posición en 'x', 'y' y 'z', las siguientes tres a las velocidades
133.819 	-11.575 	-27.162 	0.006 	-0.015 	-0.030 	
-11.855 	-38.091 	60.967 	-0.019 	-0.026 	0.056 	
-16.268 	-116.658 	68.570 	0.042 	0.144 	0.001 	
-2970.800 	3545.177 	-597.058 	-0.335 	0.399 	-0.072 	
-89.672 	-165.854 	39.520 	-0.021 	-0.141 	0.028 	
-220.637 	649.583 	66.620 	-0.097 	0.180 	0.007 	
52.945 	-62.675 	87.467 	-0.101 	-0.218 	-0.011 	
-29.142 	-75.114 	151.137 	0.040 	0.055 	-0.080 	
-49.552 	-78.156 	91.527 	0.038 	0.058 	-0.014 	
14.743 	-66.752 	71.109 	0.113 	0.062 	0.086 	
-612.416 	3261.266 	-1751.588 	-0.072 	0.378 	-0.202 	
10.955 	-57.441 	59.807 	-0.003 	-0.126 	-0.007 	
2300.583 	-3044.653 	2167.074 	0.265 	-0.349 	0.250 	
-69.834 	-134.860 	91.474 	0.003 	0.131 	-0.006 	
6.763 	-99.678 	84.060 	-0.213 	-0.005 	-0.026 	
-5.616 	-69.041 	40.810 	0.182 	-0.089 	0.074 	
-48.559 	5.093 	0.336 	-0.016 	0.005 	0.002 	
-93.460 	-99.762 	-81.656 	0.080 	-0.101 	0.015 	
-8.272 	-34.651 	121.551 	-0.042 	-0.003 	-0.041 	
-239.379 	187.580 	179.788 	-0.102 	0.073 	0.036 	
64.464 	-96.361 	5.513 	0.086 	-0.101 	0.044 	
-103.626 	-209.619 	35.601 	-0.056 	0.083 	0.064 	
-22.700 	-130.531 	92.291 	-0.120 	0.051 	-0.016 	
-34.063 	-139.826 	145.947 	0.062 	0.007 	0.020 	
59.267 	-84.532 	90.276 	0.032 	0.043 	-0.061 	
46.177 	-83.662 	58.957 	0.189 	-0.017 	-0.012 	
-32.506 	-87.760 	92.751 	0.054 	-0.049 	-0.018 	
19.531 	-73.176 	53.416 	0.028 	-0.010 	-0.000 	
102.113 	-112.335 	-43.996 	0.018 	-0.026 	-0.139 	
15.248 	-101.184 	28.697 	0.051 	-0.039 	-0.129 	
149.196 	-54.694 	35.366 	0.096 	0.110 	-0.038 	
-15.156 	-89.691 	88.671 	-0.143 	0.001 	-0.144 	
195.487 	-61.151 	70.570 	0.176 	-0.022 	-0.030 	
-37.531 	-129.985 	93.237 	-0.086 	0.002 	-0.033 	
-30.685 	-114.419 	51.689 	0.021 	0.001 	-0.123 	
93.187 	-77.729 	-20.033 	0.012 	0.000 	-0.030 	
143.422 	-44.909 	111.761 	-0.004 	-0.101 	0.078 	
-88.248 	-94.930 	70.911 	0.104 	0.003 	-0.039 	
224.312 	-67.212 	63.492 	-0.019 	-0.009 	0.011 	
-12.200 	-87.206 	77.222 	0.016 	-0.016 	0.021 	
-33.600 	-128.747 	54.593 	0.005 	0.044 	-0.009 	
-218.110 	-167.710 	441.302 	-0.182 	-0.062 	0.248 	
-34.985 	-70.677 	73.852 	0.127 	-0.112 	-0.054 	
-160.663 	-71.637 	140.649 	-0.009 	-0.016 	0.024 	
86.764 	-33.081 	74.652 	-0.095 	0.033 	0.047 	
1222.698 	-1424.368 	2674.884 	1.604 	-1.826 	3.516 	
136.517 	-111.522 	-47.149 	-0.071 	-0.027 	0.057 	
-32.248 	-67.890 	83.460 	0.071 	0.009 	-0.002 	
-22.067 	-161.752 	88.497 	0.173 	-0.005 	0.082 	
15.117 	-61.959 	87.295 	0.088 	0.037 	-0.125 	
-35.538 	-192.337 	74.560 	-0.086 	-0.204 	0.067 	
90.067 	-102.053 	82.869 	0.051 	-0.028 	-0.054 	
-5.618 	-69.965 	45.174 	-0.145 	0.030 	-0.161 	
-3.151 	-108.757 	61.236 	0.168 	-0.013 	0.055 	
-3.702 	-93.365 	98.106 	0.070 	-0.079 	-0.042 	
75.265 	-56.515 	85.325 	0.059 	0.030 	-0.090 	
-41.603 	-157.231 	54.330 	0.152 	-0.049 	0.073 	
-72.237 	-42.916 	88.879 	-0.059 	0.090 	-0.019 	
-166.438 	10.297 	191.662 	-0.136 	0.018 	0.088 	
4.499 	-110.165 	128.729 	0.077 	-0.001 	0.002 	
-108.657 	-66.175 	124.793 	-0.069 	0.009 	0.035 	
-29.098 	-115.133 	57.740 	0.087 	-0.173 	-0.064 	
-48.953 	-123.579 	83.184 	0.193 	0.148 	0.025 	
26.821 	-98.597 	67.594 	0.022 	0.157 	0.003 	
163.078 	140.722 	84.101 	-0.009 	-0.049 	0.001 	
88.736 	-120.626 	141.469 	0.064 	0.060 	0.038 	
-1511.435 	-2556.784 	-2086.732 	-0.178 	-0.288 	-0.236 	
46.313 	-13.635 	-5.907 	0.108 	0.038 	-0.065 	
19.992 	-103.464 	69.417 	-0.114 	-0.132 	0.003 	
-81.892 	-64.044 	66.545 	-0.107 	-0.074 	0.087 	
17.674 	-63.992 	43.935 	0.016 	0.075 	-0.023 	
-49.379 	-110.570 	75.513 	0.083 	-0.007 	0.030 	
-88.174 	-150.448 	122.513 	0.044 	-0.018 	-0.109 	
139.656 	-98.481 	28.329 	-0.023 	-0.040 	0.134 	
-9.169 	-84.500 	95.123 	-0.042 	0.030 	0.294 	
-52.884 	-53.539 	186.638 	-0.173 	-0.006 	0.001 	
162.703 	51.472 	98.542 	-0.067 	-0.025 	0.025 	
1205.426 	1799.088 	3176.595 	0.134 	0.197 	0.350 	
18.138 	-99.853 	56.134 	-0.042 	0.179 	0.119 	
-31.475 	-70.374 	95.783 	-0.123 	-0.033 	0.102 	
157.022 	-15.617 	8.339 	0.023 	0.017 	0.048 	
36.797 	-106.888 	51.719 	-0.209 	0.040 	0.143 	
33.293 	-177.436 	-145.409 	-0.029 	0.005 	0.023 	
-82.423 	-438.344 	742.706 	0.003 	-0.014 	0.037 	
49.442 	3.436 	40.846 	-0.042 	0.141 	-0.018 	
-115.055 	-140.078 	197.361 	-0.008 	-0.030 	0.089 	
-22.765 	-115.236 	82.489 	0.058 	0.072 	-0.012 	
44.985 	-89.535 	73.585 	0.105 	-0.107 	-0.081 	
-144.670 	-343.020 	155.349 	-0.035 	-0.031 	0.002 	
-38.112 	-82.131 	49.578 	0.017 	-0.173 	-0.048 	
-30.710 	-88.305 	150.207 	-0.109 	-0.012 	-0.059 	
118.717 	-106.143 	78.095 	0.058 	0.039 	-0.152 	
-1123.630 	1249.317 	-2534.756 	-1.534 	1.751 	-3.453 	
90.385 	-7.440 	52.000 	-0.068 	0.058 	-0.129 	
-44.055 	-124.049 	-29.049 	0.019 	-0.020 	-0.014 	
39.194 	6.118 	149.957 	0.044 	-0.029 	-0.020 	
-46.344 	-51.840 	64.021 	-0.057 	-0.018 	0.085 	
5369.639 	-5804.843 	8.184 	0.612 	-0.666 	0.004 	
7723.857 	-7079.641 	-14713.067 	0.871 	-0.795 	-1.651 	
-62.141 	-49.985 	148.813 	-0.116 	-0.026 	0.092 	
-46.485 	-70.553 	71.188 	0.115 	-0.003 	-0.008 	
-2.622 	-122.796 	63.207 	-0.163 	-0.198 	-0.020 	
39.747 	-55.280 	28.541 	-0.059 	0.089 	0.009 	
-88.251 	-99.206 	94.320 	-0.024 	0.029 	0.122 	
6774.329 	-4736.444 	4058.227 	0.754 	-0.523 	0.450 	
-6552.544 	8671.625 	15635.394 	-0.730 	0.971 	1.752 	
4721.823 	-96.472 	380.822 	0.615 	-0.008 	0.048 	
-3438.333 	2972.307 	1250.160 	-0.687 	0.596 	0.250 	
374.148 	-966.354 	117.461 	0.477 	-1.132 	0.051 	
667.721 	-1.822 	331.284 	0.017 	0.030 	0.019 	
29.153 	-82.933 	-19.430 	-0.005 	0.015 	0.085 	
35.154 	-99.498 	44.022 	-0.116 	0.098 	0.017 	
-3079.035 	-872.075 	195.213 	-0.435 	-0.103 	0.022 	
28.354 	-32.606 	68.147 	-0.159 	-0.179 	0.095 	
-79.991 	-128.005 	62.601 	0.093 	0.127 	0.010 	
-7.074 	-63.028 	63.014 	0.030 	0.017 	-0.028 	
44.630 	-124.345 	33.883 	0.051 	-0.108 	0.015 	
249.193 	-86.339 	-9.802 	-0.060 	0.103 	0.008 	
-50.641 	-142.348 	94.955 	-0.046 	0.016 	0.209 	
-185.634 	-91.779 	117.904 	-0.151 	0.030 	-0.030 	
85.493 	-71.120 	138.381 	0.171 	-0.032 	-0.098 	
36.368 	-126.374 	33.373 	-0.091 	-0.006 	0.182 	
36.565 	-56.996 	21.689 	-0.123 	0.065 	0.031 	
-4.660 	-133.876 	76.533 	-0.120 	-0.064 	0.082 	
319.373 	-49.569 	47.912 	-0.077 	-0.046 	-0.008 	
-32.996 	-169.330 	69.450 	-0.102 	0.072 	-0.108 	
-90.917 	15.370 	78.964 	-0.051 	0.099 	0.004 	
-88.768 	-127.084 	34.248 	-0.095 	-0.035 	-0.072 	
74.512 	-13.647 	19.928 	-0.022 	-0.024 	0.048 	
-48.160 	-100.781 	107.520 	0.101 	-0.051 	-0.162 	
10.779 	-101.708 	75.522 	0.108 	-0.134 	-0.076 	
62.587 	-70.374 	32.379 	0.045 	0.030 	-0.026 	
-51.176 	-127.053 	-3.797 	0.034 	-0.014 	0.021 	
1296.896 	2688.984 	-1109.676 	0.301 	0.651 	-0.270 	
-15.047 	-79.571 	66.189 	-0.030 	-0.084 	0.048 	
77.267 	-49.844 	98.847 	-0.052 	-0.124 	0.085 	
20.578 	-55.536 	72.619 	0.072 	-0.029 	0.067 	
-306.023 	-611.247 	142.740 	-0.021 	-0.076 	0.002 	
-44017.954 	-12990.526 	-26100.395 	-5.694 	-1.675 	-3.368 	
-5075.677 	4349.727 	-2599.165 	-0.555 	0.480 	-0.285 	
-26.100 	-56.704 	15.547 	0.140 	0.092 	0.089 	
-2265.725 	-455.386 	1403.280 	-0.286 	-0.059 	0.172 	
1533.721 	137.080 	-367.126 	0.183 	0.015 	-0.062 	
-55.521 	-120.549 	169.707 	-0.047 	0.055 	0.056 	
-2463.232 	7298.708 	-2509.305 	-0.671 	1.959 	-0.679 	
-771.247 	93.767 	643.074 	-0.282 	0.068 	0.185 	
-11.745 	-13.200 	93.075 	-0.062 	-0.157 	0.055 	
91.101 	-114.817 	82.801 	-0.116 	0.079 	0.051 	
238.695 	-190.268 	55.007 	0.013 	0.050 	0.032 	
775.802 	-7300.361 	2712.943 	0.194 	-1.940 	0.716 	
-54.504 	-131.175 	49.966 	-0.068 	0.071 	-0.023 	
100.745 	-20.867 	48.935 	-0.054 	-0.094 	-0.038 	
-63.492 	-112.890 	53.658 	-0.042 	-0.043 	0.008 	
-34.099 	-12.268 	137.325 	-0.052 	0.122 	0.035 	
-17.891 	-91.055 	71.377 	0.120 	0.053 	0.150 	
-23.521 	-150.321 	55.100 	-0.062 	-0.183 	0.023 	
19.266 	-79.626 	81.839 	0.124 	-0.003 	-0.017 	
-13.695 	-73.492 	71.480 	-0.264 	-0.013 	0.048 	
946.582 	715.969 	-976.015 	0.100 	0.091 	-0.113 	
63.169 	-94.961 	167.839 	0.069 	-0.005 	0.152 	
-70.195 	-57.982 	129.997 	0.032 	-0.052 	0.074 	
59.829 	-50.737 	-22.522 	0.133 	-0.086 	0.098 	
-208.106 	7.190 	215.350 	0.032 	-0.069 	-0.045 	
-4.558 	-9.538 	102.404 	0.111 	0.117 	0.049 	
-21.348 	-134.981 	61.811 	-0.051 	-0.091 	-0.095 	
-55.275 	-102.086 	130.851 	0.108 	0.015 	0.027 	
78.345 	-51.842 	89.276 	0.131 	-0.110 	-0.076 	
53.280 	-89.500 	79.109 	-0.023 	0.035 	-0.056 	
-83.192 	-50.372 	50.478 	-0.186 	0.035 	-0.006 	
-30.910 	-69.388 	78.993 	0.101 	0.056 	0.016 	
-48.491 	-70.570 	35.670 	0.154 	0.050 	0.160 	
3807.307 	-72498.365 	-42122.345 	0.817 	-15.883 	-9.238 	
-79.734 	-77.204 	28.739 	0.069 	-0.047 	0.050 	
-9.060 	-165.055 	120.602 	-0.026 	0.048 	0.045 	
-21.763 	-107.845 	59.444 	-0.036 	-0.099 	-0.053 	
-70.376 	-21.896 	159.413 	0.048 	-0.077 	-0.042 	
-49.443 	-109.127 	93.402 	-0.017 	-0.061 	0.021 	
-68.327 	-19.588 	131.731 	0.035 	0.034 	-0.058 	
29.188 	-108.353 	63.131 	-0.193 	-0.009 	0.242 	
-168.355 	-32.376 	130.681 	-0.003 	-0.061 	-0.024 	
1124.012 	61.172 	361.158 	0.324 	0.043 	0.108 	
328.157 	-72.099 	39.120 	0.016 	-0.002 	0.034 	
-22.759 	-108.608 	66.529 	-0.061 	-0.121 	0.078 	
96.652 	-190.232 	148.989 	-0.067 	-0.066 	0.036 	
53.771 	-85.763 	173.567 	-0.166 	0.003 	0.005 	
13.217 	-97.725 	64.582 	0.077 	0.122 	-0.028 	
-208.988 	-175.753 	123.644 	-0.019 	0.072 	0.072 	
-1248.818 	720.521 	1531.158 	-0.201 	0.100 	0.208 	
-27.467 	-41.968 	34.059 	-0.104 	-0.193 	0.060 	
-96.143 	-51.924 	262.678 	0.002 	0.012 	0.061 	
-43.294 	-43.519 	194.695 	0.003 	0.080 	0.104 	
-51.689 	-56.426 	35.930 	-0.036 	0.006 	0.034 	
-1263.488 	-2263.232 	1120.586 	-0.310 	-0.531 	0.262 	
-52.921 	-125.456 	69.015 	-0.174 	-0.029 	-0.005 	
200.048 	-42.507 	66.484 	0.038 	0.010 	-0.012 	
41.712 	53.582 	259.580 	0.019 	0.131 	0.221 	
6981.796 	857.348 	1388.827 	0.887 	0.117 	0.177 	
29.262 	-27.620 	83.273 	-0.090 	0.031 	-0.024 	
65.735 	10.391 	125.732 	0.042 	0.101 	0.064 	
-9.505 	-94.081 	97.521 	-0.043 	-0.098 	0.065 	
-10.838 	-120.212 	103.133 	-0.059 	-0.044 	-0.023 	
432.453 	-19.515 	-45.805 	0.066 	0.052 	0.004 	
70.660 	-142.285 	8.417 	-0.068 	-0.078 	-0.029 	
-17.375 	-84.322 	66.144 	-0.015 	0.009 	0.030 	
210.956 	-468.521 	911.309 	0.004 	-0.045 	0.079 	
110.893 	-91.189 	-12.088 	0.005 	0.041 	-0.038 	
16.925 	26.026 	140.923 	-0.001 	-0.000 	-0.024 	
2295.341 	-2403.360 	-771.953 	0.391 	-0.400 	-0.132 	
5.631 	-84.863 	51.771 	0.053 	0.066 	-0.150 	
75.131 	-61.853 	99.074 	0.118 	-0.052 	-0.055 	
60.047 	-56.394 	60.252 	0.029 	-0.016 	-0.114 	
732.597 	-331.077 	103.477 	0.024 	-0.018 	-0.005 	
79.025 	-25.999 	47.761 	-0.075 	-0.028 	0.009 	
-3.972 	-90.838 	85.915 	-0.185 	0.158 	-0.019 	
-26.088 	-177.447 	85.988 	-0.078 	-0.057 	0.121 	
-166.766 	-174.253 	14.233 	-0.073 	-0.087 	-0.044 	
89.078 	-79.502 	140.553 	0.007 	0.108 	0.160 	
-56.620 	-102.909 	54.435 	0.092 	0.146 	0.132 	
53.706 	-97.341 	-18.012 	0.023 	-0.137 	-0.004 	
-0.136 	-94.001 	98.452 	-0.046 	0.010 	0.068 	
34.811 	-157.574 	36.180 	-0.144 	0.046 	0.076 	
5.153 	-112.788 	82.760 	0.126 	-0.013 	0.224 	
-262.770 	-195.881 	339.739 	-0.047 	-0.025 	0.056 	
-177.528 	-9.709 	-36.089 	-0.219 	0.101 	-0.245 	
-30.981 	-81.288 	8.847 	0.143 	-0.033 	-0.004 	
51.644 	-109.008 	74.495 	0.062 	-0.085 	-0.113 	
-28.106 	-101.302 	62.056 	-0.041 	0.096 	0.067 	
-9.441 	-183.228 	40.835 	-0.026 	-0.013 	0.077 	
-24.545 	-111.776 	56.504 	-0.085 	-0.009 	0.076 	
-68.584 	-149.302 	117.107 	-0.035 	-0.075 	0.026 	
-14.243 	-72.681 	90.867 	-0.160 	-0.141 	0.189 	
10.715 	-82.963 	63.056 	-0.012 	-0.106 	0.033 	
-105.738 	-157.033 	104.137 	-0.014 	0.022 	0.039 	
60.315 	80.185 	79.209 	-0.052 	-0.058 	0.020 	
43.578 	4.519 	71.818 	-0.126 	0.045 	0.016 	
472.004 	-890.169 	-588.073 	0.029 	-0.108 	-0.071 	
-49.010 	-83.032 	65.030 	0.040 	-0.011 	0.091 	
111.375 	-109.503 	37.862 	-0.030 	-0.098 	0.018 	
98.850 	19.384 	173.472 	-0.032 	-0.027 	-0.025 	
-58.662 	71.707 	-34.762 	0.066 	-0.051 	0.057 	
103.403 	73.752 	119.504 	0.004 	0.035 	0.042 	
-4.386 	-96.647 	70.650 	0.048 	-0.086 	0.054 	
44.884 	-13.351 	47.187 	0.071 	-0.085 	0.092 	
-240.600 	-72.860 	51.945 	-0.007 	0.084 	0.047 	
16188.795 	19010.961 	7031.166 	3.031 	3.585 	1.316 	
1044.957 	-231.985 	-170.899 	0.140 	-0.032 	-0.026 	
-25.697 	-75.674 	76.444 	-0.170 	0.120 	-0.006 	
10.501 	-115.225 	76.374 	-0.101 	-0.012 	-0.016 	
52.883 	-36.239 	-84.316 	-0.008 	-0.072 	0.023 	
-60.874 	-125.032 	50.854 	0.122 	0.053 	-0.073 	
2909.965 	1855.653 	647.114 	0.328 	0.214 	0.072 	
23.099 	18.052 	90.313 	-0.039 	-0.092 	0.029 	
9.812 	-87.142 	98.817 	0.022 	-0.002 	-0.003 	
-202.820 	-134.800 	31.301 	-0.071 	-0.042 	0.125 	
20.647 	-83.895 	29.637 	-0.023 	-0.094 	0.086 	
-139.788 	-150.402 	180.572 	-0.046 	-0.068 	-0.016 	
35.991 	-124.439 	127.639 	-0.163 	0.018 	0.008 	
-55.246 	-120.282 	149.617 	-0.164 	0.033 	-0.090 	
3061.336 	1811.316 	-1889.590 	0.344 	0.209 	-0.210 	
12.665 	-58.258 	70.708 	0.069 	0.046 	-0.010 	
-4074.069 	71748.755 	41816.933 	-0.911 	15.733 	9.160 	
-279.994 	-154.652 	139.342 	-0.178 	-0.010 	0.047 	
111.549 	-149.241 	80.530 	0.070 	-0.070 	-0.080 	
4.474 	-292.177 	12.184 	-0.005 	-0.214 	-0.055 	
75.219 	-90.747 	252.535 	-0.058 	-0.064 	0.075 	
35.216 	-153.565 	176.616 	0.036 	-0.092 	-0.020 	
18.623 	8.744 	31.972 	0.021 	-0.104 	0.124 	
-5677.826 	-574.858 	-209.205 	-0.713 	-0.066 	-0.025 	
-16.636 	0.244 	209.419 	0.055 	-0.028 	-0.098 	
-7.481 	-29.956 	36.934 	-0.008 	0.104 	-0.022 	
-76.852 	-88.832 	45.954 	0.011 	-0.060 	0.104 	
38.300 	-93.729 	47.358 	-0.038 	-0.021 	0.199 	
30.767 	-96.148 	68.997 	-0.054 	0.116 	-0.048 	
-23.019 	-104.781 	31.555 	-0.031 	-0.050 	0.009 	
6.922 	-109.132 	117.615 	-0.006 	-0.072 	-0.106 	
96.666 	-135.627 	58.689 	-0.027 	0.029 	-0.047 	
8.841 	-54.558 	89.733 	-0.012 	0.084 	0.075 	
3252.064 	-625.367 	84.665 	0.405 	-0.081 	0.006 	
-4.299 	-103.736 	42.525 	0.083 	0.116 	-0.210 	
-14.893 	-96.871 	74.613 	-0.015 	0.169 	0.123 	
-48.923 	-99.232 	123.726 	0.076 	-0.116 	0.070 	
63.008 	-149.450 	82.386 	0.071 	0.094 	-0.012 	
-1690.393 	-886.188 	-3754.035 	-0.189 	-0.101 	-0.420 	
18.986 	-98.260 	-14.172 	0.006 	-0.005 	-0.067 	
-128.927 	-160.826 	-58.372 	0.074 	-0.030 	0.020 	
-51.742 	-98.845 	78.161 	-0.001 	-0.014 	0.022 	
-61.389 	-86.214 	153.414 	-0.069 	-0.121 	0.013 	
-42.083 	-113.403 	56.491 	0.067 	0.004 	-0.091 	
-82.453 	-323.361 	-187.574 	-0.130 	-0.312 	-0.300 	
116.448 	-111.976 	55.963 	0.160 	-0.164 	0.199 	
-57.490 	-64.229 	12.477 	-0.007 	-0.032 	0.137 	
4.725 	-80.832 	88.069 	-0.096 	0.099 	-0.014 	
-81.691 	-34.183 	112.489 	0.016 	-0.086 	-0.003 	
-1.093 	-90.871 	65.639 	-0.116 	-0.061 	0.109 	
131.290 	-47.752 	-407.437 	0.060 	0.018 	-0.314 	
-48.686 	-98.194 	41.256 	0.088 	-0.092 	0.019 	
169.598 	-403.416 	37.774 	-0.076 	0.012 	0.004 	
175.239 	-61.192 	-36.833 	0.072 	0.000 	-0.026 	
14.251 	-75.437 	79.246 	0.081 	-0.069 	-0.091 	
520.836 	871.815 	407.565 	0.471 	0.813 	0.313 	
-8.625 	-95.721 	80.108 	0.030 	-0.219 	-0.125 	
55.132 	-487.025 	168.923 	0.003 	-0.207 	0.099 	
11.521 	-100.058 	94.691 	-0.089 	0.040 	-0.072 	
-6.408 	-79.917 	46.701 	0.061 	-0.092 	-0.061 	
-114.936 	-108.391 	-0.186 	0.001 	-0.028 	-0.043 	
31.705 	-18.988 	17.515 	0.067 	-0.043 	0.089 	
-187.157 	78.151 	117.900 	0.072 	-0.012 	0.016 	
11.170 	-79.668 	140.764 	-0.047 	0.119 	0.015 	
-122.174 	-109.492 	-308.697 	-0.060 	-0.028 	-0.072 	
18.619 	-85.863 	53.279 	-0.069 	-0.013 	-0.086 	
58.228 	-34.599 	118.335 	-0.001 	-0.062 	-0.050 	
140.919 	-51.960 	53.447 	0.017 	0.024 	-0.019 	
19.677 	-92.347 	104.095 	0.042 	0.250 	0.001 	
178.212 	46.723 	125.516 	0.054 	-0.018 	-0.052 	
-1510.919 	-2520.486 	2530.063 	-0.181 	-0.286 	0.297 	
-14.279 	-28.417 	103.550 	-0.021 	0.136 	0.127 	
-31.079 	-193.164 	1.366 	0.070 	-0.058 	-0.001 	
-72.237 	-115.360 	-163.505 	-0.038 	0.002 	0.044 	
54.899 	-116.336 	35.238 	-0.111 	0.031 	-0.048 	
2.777 	-88.269 	63.232 	-0.151 	-0.024 	-0.093 	
41.763 	-98.788 	-34.752 	0.080 	0.031 	0.063 	
-180.790 	-89.955 	114.783 	-0.043 	-0.008 	0.064 	
13.006 	-78.816 	67.251 	-0.006 	-0.078 	-0.209 	
-73.522 	-118.191 	28.018 	-0.015 	0.019 	0.035 	
-1781.453 	188.297 	-2376.269 	-0.306 	0.050 	-0.432 	
2.170 	-120.279 	73.616 	0.012 	-0.132 	-0.052 	
-116.226 	-64.546 	24.365 	-0.017 	0.018 	0.044 	
20.276 	-63.090 	105.765 	-0.024 	0.155 	0.119 	
16.932 	-163.052 	105.403 	-0.110 	-0.007 	0.064 	
-1634.354 	6271.646 	704.092 	-0.192 	0.719 	0.084 	
61.185 	-245.078 	54.090 	0.076 	-0.079 	-0.077 	
-23.378 	-235.305 	-38.532 	-0.059 	-0.054 	0.055 	
-26.639 	-99.528 	60.916 	0.024 	-0.052 	0.156 	
-134.346 	-153.226 	62.768 	0.072 	-0.105 	-0.031 	
69.917 	-13.107 	4.192 	-0.005 	0.027 	0.009 	
-54.564 	-102.358 	80.542 	0.196 	0.139 	0.077 	
141.120 	-143.313 	-79.069 	0.180 	-0.096 	-0.230 	
20.879 	-96.515 	73.206 	-0.038 	-0.030 	-0.024 	
29.407 	-41.208 	37.077 	0.064 	0.003 	-0.058 	
-416.801 	-167.874 	58.978 	0.006 	-0.030 	-0.001 	
14.828 	-54.418 	39.127 	0.081 	-0.074 	0.234 	
13.518 	-155.980 	82.215 	0.191 	-0.025 	0.033 	
-54.966 	-53.555 	60.596 	-0.087 	-0.010 	0.009 	
57.015 	-118.804 	89.565 	0.124 	0.021 	-0.083 	
-101.404 	-96.953 	93.043 	0.101 	-0.034 	-0.030 	
-10.457 	-79.263 	104.142 	-0.219 	-0.118 	-0.074 	
-8.991 	-64.434 	102.570 	-0.151 	-0.172 	-0.113 	
26.046 	-87.074 	82.001 	0.181 	0.024 	0.143 	
90.285 	-122.893 	76.331 	0.141 	-0.100 	0.008 	
-1016.841 	-208.668 	329.557 	-0.318 	-0.035 	0.099 	
-7.950 	-65.018 	74.137 	-0.054 	0.116 	0.052 	
-162.227 	-137.702 	90.905 	-0.099 	-0.032 	-0.018 	
17.926 	-143.129 	98.767 	-0.048 	0.002 	-0.130 	
138.883 	24.778 	138.284 	0.047 	0.057 	0.088 	
121.978 	-49.181 	-25.457 	-0.103 	-0.065 	0.112 	
-18.026 	-164.982 	116.332 	0.067 	0.128 	-0.009 	
-30.861 	-76.005 	66.059 	-0.171 	0.055 	-0.010 	
49.012 	-80.828 	85.488 	-0.054 	-0.129 	-0.203 	
-55.793 	-106.548 	53.163 	0.172 	-0.030 	0.139 	
-1784.608 	-867.896 	1146.521 	-0.274 	-0.123 	0.147 	
-335.613 	816.606 	151.235 	-0.448 	1.192 	0.095 	
-6.177 	-21.423 	40.124 	-0.102 	0.054 	-0.047 	
-16.390 	-107.173 	78.734 	-0.145 	0.024 	-0.003 	
4.165 	-82.473 	109.495 	-0.001 	0.013 	-0.210 	
78.270 	-67.474 	68.305 	0.755 	0.251 	0.135 	
-92.994 	-85.816 	33.003 	-0.046 	0.054 	0.068 	
501.893 	-371.322 	-470.753 	0.032 	-0.026 	-0.001 	
-99.172 	-158.585 	59.017 	0.057 	0.026 	0.077 	
68.235 	-93.461 	38.575 	-0.025 	0.142 	-0.027 	
43.388 	-9.984 	78.739 	-0.094 	0.066 	-0.003 	
-33.807 	-126.946 	-23.077 	0.045 	-0.025 	0.070 	
-33.518 	-288.121 	140.388 	0.083 	-0.026 	0.013 	
-963.120 	-310.846 	207.634 	-0.114 	-0.039 	0.002 	
797.859 	-972.858 	-87.640 	0.069 	-0.084 	-0.002 	
145.621 	33.278 	13.740 	-0.105 	-0.061 	0.007 	
29.643 	-78.705 	25.491 	-0.045 	-0.032 	0.148 	
-262.664 	2.309 	103.576 	-0.228 	0.082 	0.014 	
-25.616 	-88.502 	78.369 	0.128 	-0.009 	0.084 	
-84.416 	-206.192 	49.625 	0.024 	-0.027 	0.002 	
0.884 	-92.511 	-8.311 	0.043 	0.041 	-0.037 	
5.550 	-61.169 	103.107 	-0.007 	-0.080 	0.055 	
115.377 	-81.764 	116.452 	-0.034 	-0.054 	-0.089 	
51.676 	-91.047 	38.488 	-0.200 	-0.094 	0.093 	
-63.188 	91.249 	9.372 	-0.035 	-0.012 	0.011 	
-5.655 	-97.118 	67.579 	0.029 	0.100 	0.065 	
-176.705 	-99.297 	72.555 	-0.058 	-0.152 	0.042 	
-152.184 	-70.405 	101.440 	0.079 	-0.040 	-0.002 	
-48.789 	-95.351 	128.753 	-0.087 	-0.016 	0.002 	
110.218 	-34.597 	129.096 	0.057 	0.004 	-0.141 	
-303.773 	1477.231 	-1164.127 	-0.334 	1.431 	-1.152 	
63.043 	-80.513 	80.803 	-0.184 	0.023 	0.066 	
-38.840 	-41.226 	49.878 	0.134 	-0.056 	0.051 	
-112.225 	-137.615 	46.818 	-0.041 	-0.050 	0.158 	
-38.409 	-84.239 	69.862 	-0.051 	-0.058 	-0.020 	
-114.641 	-42.234 	107.674 	0.006 	-0.094 	-0.103 	
-48.805 	-28.005 	-3.221 	0.062 	0.003 	0.069 	
419.245 	722.645 	-45.979 	0.004 	0.076 	-0.005 	
-2378.619 	2624.976 	1099.655 	-0.403 	0.453 	0.185 	
98.713 	-32.876 	-62.033 	0.024 	-0.044 	0.105 	
-59.724 	-73.411 	103.953 	-0.008 	-0.019 	-0.055 	
55.463 	-65.866 	8.471 	0.003 	-0.032 	-0.111 	
-38.358 	-70.541 	28.425 	0.013 	0.083 	0.092 	
426.632 	511.264 	806.739 	0.036 	0.034 	0.053 	
83.937 	-180.459 	2.305 	-0.044 	-0.094 	0.056 	
-81.874 	-58.961 	12.936 	0.009 	-0.018 	-0.067 	
58.552 	-41.331 	43.427 	0.087 	0.025 	-0.005 	
2367.112 	-2730.880 	13.317 	0.259 	-0.302 	0.004 	
5.075 	-178.547 	79.638 	-0.035 	-0.023 	-0.059 	
-92.321 	-79.306 	44.765 	-0.028 	0.112 	-0.143 	
-17.003 	-94.519 	46.000 	-0.083 	-0.010 	-0.229 	
32.339 	-67.631 	83.260 	-0.059 	-0.007 	0.007 	
-14.976 	-171.428 	119.554 	0.133 	0.001 	-0.001 	
-25.129 	-164.672 	117.514 	0.003 	0.120 	0.063 	
-23.286 	-125.285 	115.065 	0.001 	0.066 	-0.010 	
19.295 	-89.199 	64.124 	0.072 	0.184 	0.067 	
-12.438 	-104.853 	129.425 	0.041 	0.005 	-0.145 	
0.855 	-58.475 	86.159 	-0.079 	0.030 	-0.073 	
1018.759 	-2577.775 	-77.032 	0.117 	-0.284 	-0.015 	
153.693 	45.668 	194.930 	-0.072 	-0.028 	-0.066 	
-83.353 	-97.865 	165.394 	-0.126 	0.025 	0.131 	
101.162 	-112.182 	58.987 	0.140 	0.036 	-0.077 	
81.015 	-309.186 	196.946 	0.049 	0.023 	-0.014 	
-4.232 	-143.273 	93.403 	0.029 	-0.120 	0.102 	
51.236 	-91.543 	51.531 	0.129 	-0.063 	-0.009 	
-52.620 	-51.782 	7.027 	0.024 	0.025 	0.085 	
79.110 	-5.200 	66.041 	-0.070 	0.143 	0.045 	
-16.325 	-57.069 	135.016 	-0.048 	0.031 	-0.021 	
106.354 	-208.045 	104.111 	0.079 	-0.151 	0.021 	
-139.698 	-12.203 	121.750 	-0.025 	-0.029 	-0.019 	
-150.644 	-125.797 	-50.414 	-0.039 	0.039 	-0.067 	
-9.075 	-89.361 	89.229 	0.080 	-0.018 	0.069 	
-31.381 	-104.828 	73.849 	0.065 	-0.043 	-0.118 	
714.468 	-277.498 	413.299 	0.044 	-0.032 	0.027 	
-15.241 	-90.430 	89.833 	0.004 	-0.108 	0.048 	
4.311 	-76.761 	73.976 	-0.123 	-0.006 	0.042 	
6.889 	-130.979 	51.303 	-0.080 	-0.125 	-0.044 	
374.384 	108.545 	296.271 	0.011 	0.022 	0.019 	
10.573 	-90.127 	89.383 	-0.077 	0.070 	0.126 	
-42.534 	-91.511 	59.056 	-0.032 	-0.009 	0.069 	
-23.308 	-111.663 	131.435 	-0.146 	-0.079 	-0.083 	
23.844 	-95.371 	13.933 	-0.142 	-0.102 	0.032 	
107.829 	-107.192 	70.582 	-0.052 	0.040 	0.037 	
2278.477 	5275.575 	-19819.231 	0.265 	0.621 	-2.368 	
-26.125 	-78.617 	-8.415 	0.002 	-0.030 	-0.128 	
11.279 	-75.397 	49.233 	0.122 	0.011 	-0.013 	
-111.530 	-45.937 	178.334 	-0.084 	0.042 	0.037 	
-5.861 	-70.363 	64.176 	0.060 	0.037 	-0.183 	
22.193 	-88.147 	68.064 	0.143 	-0.085 	0.012 	
12.891 	-253.389 	73.795 	0.064 	0.051 	0.022 	
-150.218 	-99.641 	156.150 	0.057 	0.007 	-0.061 	
-32.916 	-124.813 	90.043 	-0.157 	0.003 	0.031 	
-54.802 	-67.116 	63.212 	-0.075 	0.115 	0.081 	
87.514 	-82.842 	-152.446 	0.028 	0.014 	-0.090 	
-3.414 	-114.269 	56.039 	-0.282 	0.073 	0.095 	
-18.129 	-103.470 	67.235 	-0.108 	0.056 	-0.015 	
-18.794 	-116.037 	90.909 	0.116 	0.102 	-0.020 	
-107.832 	-198.414 	109.590 	-0.040 	-0.107 	-0.027 	
-26.943 	-95.550 	87.198 	0.040 	0.026 	-0.048 	
50.650 	-83.982 	41.166 	0.101 	0.115 	-0.037 	
-31.634 	-54.391 	54.918 	-0.035 	-0.184 	0.146 	
-0.561 	-100.684 	-118.469 	-0.095 	-0.047 	0.004 	
-8.133 	-148.567 	7.692 	0.058 	-0.123 	-0.126 	
139.178 	-115.606 	83.408 	-0.063 	-0.027 	-0.048 	
48.938 	-63.394 	55.328 	0.092 	-0.062 	0.108 	
101.998 	198.982 	220.009 	-0.032 	-0.031 	-0.033 	
-10543.460 	1028.687 	-8185.407 	-2.458 	0.225 	-1.894 	
4.029 	-83.670 	95.532 	0.123 	0.031 	-0.248 	
928.568 	-521.021 	-487.325 	0.069 	-0.058 	-0.042 	
15.611 	-88.001 	43.844 	-0.166 	-0.019 	0.043 	
11351.210 	-1369.620 	8102.935 	2.624 	-0.332 	1.887 	
17.056 	-48.072 	34.891 	-0.118 	0.037 	-0.111 	
-30.990 	-124.802 	51.383 	-0.567 	-0.419 	-0.058 	
-55.514 	-95.972 	178.465 	-0.070 	0.049 	0.037 	
-7.225 	-70.140 	139.512 	-0.087 	0.080 	-0.115 	
-85.637 	-31.386 	114.103 	0.060 	-0.015 	-0.066 	
282.619 	128.145 	31.875 	0.010 	0.012 	0.017 	
-125.915 	-49.996 	35.376 	-0.123 	0.088 	-0.004 	
-214.942 	1473.395 	-171.233 	-0.057 	0.285 	-0.038 	
151.079 	-7.784 	120.050 	-0.056 	-0.037 	-0.021 	
13.197 	-107.264 	113.886 	0.112 	0.009 	-0.009 	
2.318 	-97.622 	55.391 	0.135 	-0.008 	-0.059 	
7.948 	-96.320 	56.256 	0.018 	-0.011 	-0.122 	
-27.594 	-171.066 	219.517 	-0.030 	0.002 	-0.018 	
-22.058 	-71.221 	88.722 	-0.092 	-0.037 	-0.076 	
50.335 	14.014 	42.986 	-0.101 	0.083 	-0.035 	
20.182 	-110.841 	79.632 	-0.123 	0.013 	-0.071 	
-192.597 	-61.636 	45.205 	-0.005 	0.001 	0.106 	
4935.043 	1947.909 	2162.939 	0.569 	0.233 	0.255 	
-11.446 	-66.120 	13.021 	-0.045 	0.072 	0.051 	
13.255 	-83.250 	69.922 	-0.061 	0.122 	0.145 	
-29.895 	-97.296 	81.956 	0.220 	-0.076 	-0.163 	
-48.083 	-82.882 	121.685 	-0.087 	0.003 	0.103 	
112.982 	-257.059 	-25.577 	0.027 	0.046 	0.050 	
-16.767 	-72.194 	96.084 	0.111 	-0.071 	0.081 	
71.006 	-102.683 	62.992 	-0.070 	0.046 	0.086 	
29.228 	-56.321 	88.753 	0.170 	0.054 	0.037 	
18.327 	-91.673 	65.389 	0.206 	-0.024 	0.037 	
-46.508 	-159.404 	137.572 	-0.080 	0.016 	-0.007 	
-85.493 	-104.259 	59.954 	0.136 	-0.065 	0.020 	
-3.246 	-75.733 	117.979 	0.030 	0.102 	-0.173 	
-15.357 	-84.114 	60.361 	-0.186 	-0.003 	0.165 	
-160.289 	-806.342 	1537.518 	-0.039 	-0.076 	0.159 	
10.364 	-99.022 	98.789 	-0.217 	-0.034 	-0.126 	
55.639 	2.073 	-26.430 	0.004 	-0.075 	0.026 	
53.353 	-26.469 	63.640 	0.044 	0.103 	-0.078 	
1.090 	-95.552 	91.341 	-0.037 	0.055 	-0.007 	
91.965 	-32.896 	89.671 	0.053 	-0.040 	-0.041 	
-136.269 	8.744 	262.415 	-0.060 	-0.013 	0.008 	
728.401 	-159.475 	421.211 	0.048 	-0.022 	0.040 	
173.027 	-99.861 	56.520 	-0.097 	0.028 	0.077 	
-861.718 	599.816 	-615.110 	-0.132 	0.117 	-0.108 	
4.829 	-128.364 	127.732 	-0.103 	-0.001 	-0.104 	
42.242 	-68.419 	23.147 	0.013 	0.045 	-0.001 	
63.590 	-69.305 	51.744 	-0.240 	0.059 	0.058 	
-23.159 	-161.028 	112.050 	0.122 	0.118 	0.053 	
30.955 	-105.914 	48.303 	-0.137 	-0.096 	0.036 	
30.259 	-109.533 	101.138 	0.141 	0.196 	-0.008 	
-5.567 	-86.521 	55.418 	-0.076 	0.032 	-0.123 	
-18.526 	-51.439 	113.983 	-0.076 	-0.117 	-0.018 	
-13.577 	-123.698 	108.330 	-0.156 	0.085 	0.055 	
-54.136 	-108.081 	83.634 	0.016 	-0.015 	-0.075 	
-2.913 	-77.295 	84.763 	-0.165 	-0.050 	-0.070 	
-1800.473 	662.560 	-2374.644 	-0.245 	0.092 	-0.304 	
-190.480 	-141.210 	89.886 	-0.008 	-0.060 	0.101 	
-47.507 	-74.521 	67.107 	0.195 	0.069 	0.037 	
-83.383 	-89.804 	122.874 	0.116 	-0.006 	0.045 	
215.483 	-53.752 	180.720 	0.038 	0.020 	0.041 	
5.595 	-141.045 	50.614 	-0.143 	-0.085 	0.087 	
-22.530 	-74.795 	88.689 	0.020 	0.078 	0.108 	
29.281 	-28.906 	93.400 	0.008 	0.012 	0.037 	
174.358 	230.307 	-79.192 	-0.017 	-0.013 	0.010 	
-5.869 	-349.455 	83.744 	0.041 	-0.020 	0.009 	
-749.856 	-326.549 	190.183 	-0.043 	-0.032 	0.044 	
-36.211 	-88.047 	75.858 	-0.036 	0.088 	0.048 	
94.848 	-39.267 	109.514 	0.061 	0.068 	0.103 	
85.547 	-147.091 	149.290 	0.017 	-0.051 	0.069 	
-44.904 	-176.672 	118.036 	0.041 	-0.080 	-0.004 	
-14.398 	-97.101 	88.860 	-0.103 	-0.059 	-0.069 	
35.219 	-75.547 	49.165 	-0.104 	-0.189 	0.062 	
64.895 	-152.222 	154.332 	0.086 	-0.112 	0.085 	
62.680 	-40.065 	1.786 	-0.105 	0.042 	0.101 	
-16.527 	-71.410 	69.106 	0.120 	-0.097 	0.167 	
674.146 	-1134.133 	915.663 	0.112 	-0.212 	0.168 	
6.617 	-115.816 	136.269 	-0.073 	-0.114 	0.086 	
-5.734 	-66.207 	53.763 	-0.154 	-0.008 	0.046 	
-25.523 	-204.857 	474.992 	-0.031 	-0.045 	0.075 	
-16.216 	-230.442 	12.770 	-0.017 	-0.074 	-0.044 	
9.187 	-95.047 	-46.645 	0.103 	-0.078 	0.038 	
19.129 	-112.327 	158.789 	0.058 	-0.000 	0.030 	
18.312 	-78.514 	90.738 	-0.073 	-0.065 	0.049 	
-34.405 	-79.137 	62.601 	-0.155 	0.011 	0.034 	
-18.108 	-158.588 	94.084 	0.055 	-0.025 	0.106 	
268.027 	-859.360 	524.077 	-0.009 	-0.062 	0.043 	
47.455 	-72.503 	22.653 	-0.087 	-0.004 	0.025 	
21.065 	-385.322 	60.467 	0.007 	-0.276 	-0.040 	
6.500 	-47.331 	36.761 	0.070 	-0.011 	0.174 	
28.076 	-111.227 	124.422 	-0.014 	-0.000 	-0.009 	
-52.705 	-41.006 	186.516 	0.029 	-0.058 	-0.095 	
-57.664 	-105.288 	101.929 	0.080 	-0.024 	0.010 	
-50.863 	-111.936 	79.635 	0.111 	-0.129 	0.028 	
-17.351 	-5.559 	65.383 	-0.089 	-0.123 	0.014 	
99.037 	-45.912 	43.407 	0.016 	0.060 	0.055 	
18.604 	-75.247 	95.838 	0.128 	0.139 	-0.052 	
100.284 	-91.264 	40.712 	0.061 	0.122 	-0.032 	
2.011 	-93.586 	86.581 	-0.045 	0.054 	0.002 	
-53.514 	-84.543 	154.198 	-0.095 	-0.014 	0.154 	
11.898 	-67.403 	51.751 	0.061 	-0.021 	-0.116 	
-78.446 	-139.530 	-52.648 	0.049 	-0.023 	0.037 	
42683.349 	11944.349 	26443.479 	5.490 	1.541 	3.410 	
81.316 	169.357 	27.737 	0.025 	0.058 	-0.011 	
61.451 	-7.518 	196.128 	0.002 	0.021 	0.007 	
-0.668 	-103.720 	58.048 	0.084 	-0.145 	0.079 	
5.536 	-102.586 	86.968 	-0.059 	-0.021 	0.018 	
11.597 	-232.080 	24.520 	0.029 	-0.028 	0.016 	
-62.831 	-135.900 	131.362 	-0.002 	-0.054 	0.021 	
-57.605 	-141.439 	102.732 	-0.178 	0.026 	-0.022 	
-10.053 	-110.832 	86.722 	-0.040 	-0.051 	-0.043 	
-50.945 	-94.319 	25.912 	-0.151 	-0.052 	-0.060 	
-39.291 	-131.064 	158.724 	-0.020 	-0.098 	0.091 	
-60.539 	34.926 	35.309 	-0.043 	-0.045 	0.062 	
-134.775 	-24.400 	143.427 	0.002 	-0.007 	-0.024 	
-78.462 	-109.754 	59.397 	-0.030 	-0.166 	0.012 	
-743.330 	1726.249 	-585.280 	-0.097 	0.214 	-0.077 	
-48.370 	-270.829 	182.955 	-0.028 	-0.208 	0.132 	
47.786 	-47.180 	119.963 	-0.083 	0.095 	0.021 	
15.821 	-85.696 	88.928 	0.039 	-0.009 	0.145 	
-41.625 	-90.469 	93.849 	-0.151 	-0.042 	0.049 	
85.255 	-25.868 	-31.700 	-0.101 	-0.073 	0.085 	
-12.606 	-118.860 	102.324 	0.128 	-0.100 	0.078 	
-55.233 	-139.833 	112.449 	0.020 	-0.094 	0.033 	
60.100 	-69.581 	38.623 	-0.037 	0.032 	0.036 	
-62.339 	-207.959 	85.261 	0.121 	-0.085 	0.032 	
-22.030 	-82.157 	41.258 	-0.044 	0.014 	-0.081 	
102.336 	-181.572 	91.748 	0.092 	-0.072 	0.076 	
932.348 	52.934 	-111.645 	0.050 	-0.002 	-0.004 	
-8.353 	-44.763 	120.775 	-0.050 	-0.101 	0.028 	
-78.948 	-45.909 	87.609 	-0.088 	-0.041 	-0.013 	
-217.583 	33.034 	-159.068 	0.003 	-0.004 	-0.010 	
14.941 	-80.294 	66.275 	0.112 	0.087 	0.057 	
2089.359 	337.473 	2540.634 	0.388 	0.077 	0.447 	
-138.070 	-103.547 	148.102 	0.139 	-0.007 	-0.004 	
68.795 	-35.756 	64.425 	-0.095 	0.156 	-0.037 	
-59.753 	-86.299 	93.833 	-0.152 	-0.152 	-0.005 	
108.526 	-57.740 	53.394 	-0.087 	0.099 	-0.090 	
7.262 	-53.554 	72.717 	-0.102 	-0.114 	0.152 	
-35.448 	-76.201 	262.171 	-0.022 	-0.005 	-0.039 	
-12.301 	-89.317 	64.076 	-0.045 	-0.297 	0.094 	
-47.403 	-98.161 	108.759 	0.149 	0.017 	-0.053 	
-17.103 	-97.519 	63.045 	0.092 	0.021 	0.168 	
-357.859 	-205.690 	929.997 	-0.047 	-0.006 	0.081 	
-51.310 	-57.301 	103.912 	0.123 	0.075 	0.035 	
-25.456 	-82.299 	63.175 	-0.114 	0.136 	0.053 	
-693.991 	-63.262 	-228.647 	-0.113 	-0.015 	-0.007 	
-70.534 	-120.645 	-1.935 	-0.137 	-0.043 	0.050 	
-80.574 	-139.892 	70.690 	-0.109 	0.054 	-0.021 	
-57.954 	-139.616 	184.350 	-0.008 	-0.111 	0.011 	
-74.170 	-126.652 	202.342 	0.106 	-0.014 	0.078 	
42.746 	-90.520 	106.551 	-0.115 	0.027 	0.077 	
-83.198 	-80.061 	62.452 	-0.077 	-0.127 	0.007 	
110.842 	-86.962 	28.180 	0.025 	-0.090 	-0.080 	
3189.904 	2001.575 	-1170.523 	0.439 	0.274 	-0.163 	
-2.950 	-812.928 	450.572 	-0.038 	-0.215 	0.111 	
35.713 	-70.463 	58.960 	0.187 	0.034 	-0.101 	
1220.760 	592.083 	-19.993 	0.205 	0.119 	-0.008 	
37.337 	-18.341 	101.716 	0.003 	0.162 	0.036 	
-33.388 	-69.391 	210.775 	-0.031 	0.019 	-0.115 	
-282.520 	129.617 	59.897 	-0.081 	0.003 	0.014 	
-46.741 	-150.282 	93.186 	-0.054 	-0.094 	0.054 	
-11.594 	-136.450 	85.352 	-0.134 	-0.040 	0.065 	
0.286 	-83.127 	6.804 	-0.081 	-0.020 	0.155 	
-164.726 	11.119 	125.022 	-0.005 	-0.039 	0.029 	
-131.751 	-50.446 	62.231 	-0.108 	-0.015 	0.030 	
-49.705 	-103.525 	45.239 	0.065 	-0.005 	0.070 	
13.272 	-70.162 	117.941 	-0.089 	0.081 	0.101 	
113.252 	25.841 	91.756 	0.094 	0.042 	0.089 	
-18.984 	-84.021 	77.947 	0.128 	-0.030 	-0.006 	
185.467 	-197.571 	46.850 	0.016 	-0.034 	0.009 	
-62.377 	-171.424 	37.760 	-0.161 	0.031 	0.050 	
-70.665 	-110.328 	58.119 	-0.143 	-0.018 	0.098 	
68.920 	-54.584 	12.257 	0.066 	-0.080 	0.050 	
-146.844 	-106.651 	269.314 	0.022 	-0.006 	-0.033 	
-6.241 	-95.443 	106.037 	0.131 	-0.022 	-0.168 	
48.896 	-103.924 	13.381 	-0.112 	-0.011 	0.019 	
-75.038 	-84.947 	0.113 	-0.086 	-0.004 	-0.050 	
59.578 	-103.621 	105.298 	-0.136 	0.027 	-0.012 	
-671.813 	-1.752 	46.866 	-0.155 	0.009 	-0.007 	
-28.536 	-108.222 	109.083 	0.047 	0.011 	-0.066 	
-52.246 	-58.098 	42.045 	0.043 	0.053 	0.021 	
-527.860 	-1255.132 	-351.393 	-0.419 	-0.987 	-0.330 	
31.273 	-148.916 	-9.111 	-0.109 	0.066 	0.134 	
-115.478 	-130.870 	8.077 	-0.008 	-0.062 	-0.012 	
-0.173 	-97.223 	41.214 	0.134 	0.050 	-0.065 	
127.341 	-85.683 	78.522 	-0.038 	-0.014 	0.076 	
63.728 	-13.376 	66.467 	0.109 	0.055 	-0.090 	
526.131 	2630.164 	4406.806 	0.067 	0.435 	0.723 	
1811.331 	-673.777 	-227.661 	0.443 	-0.156 	-0.069 	
26.722 	-92.456 	74.866 	-0.008 	0.089 	-0.018 	
-118.251 	-180.428 	-66.488 	-0.029 	-0.056 	-0.111 	
-7.820 	-57.487 	31.423 	0.119 	-0.133 	0.046 	
-44.635 	-149.154 	-41.910 	-0.019 	-0.072 	0.044 	
-205.138 	-149.981 	-59.448 	-0.148 	-0.035 	-0.075 	
2559.416 	506.947 	-5570.806 	0.276 	0.060 	-0.627 	
-11827.139 	-54983.751 	-86593.378 	-1.525 	-7.107 	-11.197 	
209.646 	-105.712 	-27.912 	0.077 	-0.008 	0.021 	
-3.452 	-64.463 	114.362 	0.143 	0.060 	0.090 	
26.050 	-17.275 	43.609 	0.075 	-0.093 	-0.005 	
67.339 	-73.915 	70.555 	0.068 	0.044 	0.035 	
111.693 	-18.522 	-70.670 	0.014 	0.016 	-0.027 	
51.692 	-112.599 	58.322 	0.002 	0.020 	-0.144 	
-17.283 	-93.432 	96.893 	0.027 	-0.089 	0.130 	
4.508 	-121.296 	77.872 	0.030 	-0.065 	-0.099 	
-49.745 	-119.760 	57.383 	0.060 	-0.056 	0.146 	
126.266 	97.329 	148.151 	0.129 	-0.014 	-0.011 	
2057.134 	-985.004 	-411.559 	0.291 	-0.129 	-0.057 	
60.808 	-116.352 	68.319 	0.004 	0.058 	-0.020 	
-1379.089 	-261.076 	-707.979 	-0.248 	-0.053 	-0.123 	
-90.778 	-181.977 	39.003 	0.050 	0.082 	0.004 	
53.667 	-117.287 	58.600 	0.048 	-0.079 	-0.122 	
3967.661 	1454.730 	-664.594 	0.556 	0.205 	-0.095 	
-854.620 	415.559 	493.479 	-0.291 	0.143 	0.137 	
627.644 	-698.642 	-292.681 	0.058 	-0.078 	-0.029 	
1141.241 	-424.093 	3426.411 	0.215 	-0.072 	0.645 	
-3.676 	-89.324 	45.105 	0.194 	0.091 	-0.027 	
-570.113 	1533.395 	255.859 	-0.344 	0.891 	0.088 	
-16.537 	-85.394 	78.153 	-0.185 	-0.007 	0.123 	
32.635 	-124.189 	0.562 	0.114 	0.010 	0.143 	
13.967 	86.275 	214.351 	-0.055 	-0.023 	-0.016 	
117.028 	-127.726 	108.114 	0.028 	0.007 	0.054 	
-20.490 	-75.375 	74.964 	-0.130 	-0.067 	-0.119 	
-52.300 	200.631 	107.138 	-0.034 	0.017 	0.014 	
251.153 	-57.878 	-31.006 	0.044 	-0.005 	0.019 	
-0.270 	-120.430 	93.137 	-0.034 	-0.028 	0.062 	
129.472 	-25.419 	46.257 	0.009 	-0.028 	0.123 	
21.476 	-56.037 	123.385 	0.074 	-0.016 	0.119 	
57.373 	-52.665 	64.637 	0.099 	0.002 	-0.196 	
65.126 	-76.733 	120.676 	0.112 	-0.005 	0.007 	
73.157 	-152.951 	32.371 	-0.090 	0.040 	-0.055 	
-24.511 	-109.977 	103.108 	0.177 	0.055 	-0.138 	
13.132 	-69.159 	151.543 	0.006 	-0.074 	0.088 	
0.594 	-116.881 	49.421 	-0.039 	-0.049 	-0.158 	
-25.688 	-76.465 	65.744 	0.120 	0.000 	0.104 	
1516.950 	-466.713 	1370.751 	0.260 	-0.089 	0.239 	
10.327 	-97.191 	105.541 	0.126 	-0.054 	0.123 	
-82.969 	-102.877 	73.463 	-0.073 	0.010 	-0.063 	
-573.721 	204.752 	299.015 	-0.032 	0.015 	0.028 	
3.890 	-16.197 	60.185 	0.023 	-0.104 	0.026 	
127.126 	-135.524 	57.002 	-0.055 	-0.074 	-0.072 	
37.786 	-69.748 	66.633 	0.118 	0.097 	-0.039 	
-7780.013 	4705.465 	2804.578 	-1.005 	0.616 	0.365 	
-11.686 	-77.191 	38.457 	-0.129 	-0.046 	0.097 	
-106.731 	-198.330 	93.772 	-0.035 	-0.082 	0.066 	
-158.033 	-97.596 	16.584 	-0.102 	0.029 	-0.015 	
-102.997 	-193.440 	129.343 	-0.107 	-0.138 	0.056 	
-145.403 	-21.188 	71.856 	0.084 	0.008 	-0.008 	
206.047 	-58.051 	17.416 	0.197 	0.080 	-0.030 	
96.287 	-97.544 	103.159 	-0.030 	0.057 	-0.021 	
-12.831 	-59.359 	75.081 	-0.091 	0.005 	-0.087 	
35.366 	-38.795 	129.618 	-0.012 	-0.029 	-0.132 	
-66.786 	-103.958 	159.054 	-0.047 	0.046 	0.077 	
-59.119 	-163.202 	-235.500 	-0.087 	-0.010 	-0.148 	
-1464.850 	455.404 	-324.086 	-0.167 	0.037 	-0.030 	
64.285 	-75.856 	89.823 	-0.172 	0.010 	0.010 	
6.394 	-91.770 	80.503 	0.063 	-0.107 	0.011 	
54.795 	-79.474 	47.910 	-0.099 	0.102 	-0.023 	
4780.273 	1444.177 	-707.193 	0.908 	0.296 	-0.149 	
26.952 	-158.918 	63.690 	-0.014 	-0.013 	-0.012 	
33.117 	-130.454 	75.431 	-0.021 	0.064 	0.018 	
14.689 	-62.969 	48.855 	0.110 	0.049 	-0.028 	
22.536 	-86.180 	61.201 	-0.111 	0.171 	-0.086 	
80.973 	-64.331 	65.925 	-0.090 	0.008 	0.044 	
-40.987 	-189.490 	175.341 	-0.104 	-0.043 	0.109 	
-86.284 	-150.832 	114.118 	-0.128 	-0.018 	0.043 	
63.732 	13.433 	36.936 	0.054 	0.079 	0.027 	
34.621 	-78.174 	35.155 	-0.036 	0.128 	-0.075 	
31.131 	-76.339 	87.600 	-0.096 	0.068 	-0.224 	
-97.647 	-90.140 	122.191 	-0.137 	-0.022 	0.045 	
543.180 	-1621.246 	1359.698 	0.462 	-1.481 	1.220 	
642.563 	-152.142 	-760.018 	0.088 	-0.021 	-0.120 	
106.316 	40.884 	-138.174 	0.018 	-0.012 	-0.012 	
-0.022 	-91.274 	92.218 	-0.087 	-0.167 	0.111 	
10.867 	-79.751 	-2.304 	-0.040 	-0.118 	0.115 	
-385.192 	439.766 	-1470.270 	-0.044 	0.059 	-0.189 	
15.201 	-60.044 	121.527 	-0.126 	-0.013 	0.077 	
-1630.587 	906.121 	-2543.515 	-0.313 	0.181 	-0.491 	
75.546 	-95.493 	81.518 	-0.093 	-0.108 	-0.066 	
-38.680 	-166.090 	67.984 	-0.028 	-0.082 	0.008 	
46.309 	-37.135 	66.465 	0.022 	-0.080 	0.061 	
112.071 	-49.770 	21.041 	-0.001 	0.020 	-0.154 	
1055.583 	-8317.150 	5857.105 	0.104 	-1.019 	0.717 	
-81.549 	-162.166 	87.450 	0.102 	-0.093 	0.012 	
-48.012 	35.658 	99.974 	0.088 	0.042 	0.098 	
-1813.212 	-520.549 	1087.210 	-0.330 	-0.088 	0.179 	
485.964 	-402.873 	-442.598 	0.136 	-0.093 	-0.165 	
202.773 	-137.038 	8.072 	-0.066 	0.016 	0.021 	
-212.285 	-67.306 	86.639 	-0.050 	-0.070 	-0.026 	
56.030 	-111.537 	37.102 	0.125 	0.151 	-0.002 	
-814.528 	-818.818 	-98.196 	-0.090 	-0.092 	-0.010 	
-23.233 	-57.080 	72.798 	0.062 	-0.075 	0.093 	
43.014 	-132.766 	94.951 	-0.140 	0.032 	-0.007 	
-42.533 	-114.454 	109.648 	0.128 	0.061 	-0.112 	
-12.562 	-107.171 	28.143 	0.055 	-0.055 	-0.191 	
2326.696 	-3763.546 	-3303.530 	0.262 	-0.438 	-0.390 	
-158.222 	-117.328 	93.297 	-0.128 	-0.090 	0.039 	
67.481 	-139.150 	72.207 	-0.026 	-0.134 	-0.061 	
16.162 	-109.499 	34.391 	-0.184 	-0.031 	-0.043 	
1176.333 	-478.482 	-1015.361 	0.357 	-0.131 	-0.342 	
65.850 	-90.572 	81.737 	-0.155 	-0.012 	-0.049 	
-125.675 	14.617 	6.208 	0.006 	-0.105 	-0.001 	
-406.266 	-51.847 	62.529 	-0.097 	0.003 	-0.016 	
181.314 	-24.824 	66.671 	-0.088 	-0.052 	-0.037 	
41.208 	-111.322 	123.671 	-0.107 	0.032 	0.013 	
-48.720 	77.152 	6.264 	-0.014 	-0.037 	-0.002 	
-24.826 	-73.086 	32.747 	0.146 	-0.076 	0.126 	
78.969 	-61.633 	54.571 	0.051 	-0.032 	0.002 	
25.894 	-72.125 	82.635 	-0.100 	-0.003 	-0.054 	
-23.866 	-77.476 	111.247 	0.025 	-0.113 	0.028 	
102.834 	-65.142 	24.728 	-0.030 	-0.172 	-0.022 	
-73.203 	59.091 	176.790 	-0.129 	-0.021 	-0.023 	
-13.059 	-85.814 	111.968 	-0.098 	0.210 	0.144 	
-153.746 	-1214.987 	1037.074 	-0.074 	-0.245 	0.182 	
-4.118 	-83.542 	68.365 	0.192 	0.099 	0.105 	
-2356.046 	-4797.254 	20590.161 	-0.288 	-0.579 	2.449 	
532.097 	87.741 	-149.707 	0.016 	-0.018 	-0.006 	
100.554 	-71.486 	28.517 	-0.048 	0.141 	0.000 	
-100.004 	-155.979 	90.139 	-0.150 	0.099 	-0.061 	
103.473 	-90.970 	159.651 	-0.085 	0.018 	0.118 	
-19.487 	-61.447 	90.994 	0.012 	-0.116 	0.041 	
17.375 	-123.605 	107.652 	0.087 	0.074 	-0.093 	
-90.165 	-178.766 	24.959 	0.089 	-0.085 	-0.089 	
-8.037 	-84.037 	105.202 	-0.051 	0.067 	0.092 	
-96.933 	-66.778 	104.960 	0.092 	-0.057 	0.021 	
-121.591 	-133.926 	119.695 	-0.063 	-0.061 	-0.000 	
-47.005 	-110.142 	77.606 	0.011 	-0.113 	0.125 	
-107.894 	-195.771 	-14.270 	0.017 	-0.000 	0.022 	
10.971 	-103.351 	73.356 	0.182 	0.046 	0.058 	
-984.019 	-3076.836 	-15.445 	-0.132 	-0.395 	-0.007 	
-70.865 	-117.986 	31.339 	-0.028 	-0.013 	0.068 	
-105.640 	-74.255 	50.627 	0.012 	-0.069 	0.036 	
-9.869 	-102.622 	88.070 	-0.151 	-0.138 	-0.037 	
8.287 	-33.832 	89.344 	-0.054 	-0.039 	-0.005 	
-3.793 	-116.244 	176.583 	0.145 	-0.062 	0.082 	
-104.065 	-55.648 	29.366 	-0.085 	-0.008 	-0.028 	
-442.078 	-237.499 	-17.349 	-0.151 	-0.058 	-0.014 	
72.116 	-70.293 	54.324 	-0.129 	-0.165 	0.125 	
-13.939 	-99.649 	91.542 	-0.167 	0.020 	-0.178 	
65.820 	40.215 	40.987 	-0.027 	0.009 	0.018 	
29.409 	-102.506 	178.652 	-0.008 	0.068 	-0.073 	
-161.505 	-35.780 	168.904 	0.053 	0.060 	0.021 	
-33.549 	-147.306 	34.973 	-0.094 	0.081 	0.056 	
-403.662 	193.544 	-899.726 	-0.050 	0.009 	-0.061 	
-75.008 	-105.482 	37.540 	-0.045 	-0.003 	0.036 	
-1778.135 	434.441 	-1192.577 	-0.234 	0.062 	-0.165 	
4797.853 	-3631.847 	-459.609 	0.950 	-0.716 	-0.090 	
20.195 	-52.223 	87.737 	0.073 	-0.037 	0.124 	
32.147 	-95.367 	80.198 	0.092 	-0.021 	-0.129 	
43.190 	-65.279 	37.242 	-0.155 	-0.140 	0.011 	
-95.003 	-9.690 	197.241 	-0.279 	0.133 	0.283 	
13.652 	-71.499 	56.735 	-0.243 	0.017 	0.044 	
29.420 	-116.504 	72.111 	0.072 	-0.096 	0.106 	
162.206 	-3.635 	54.663 	0.030 	0.127 	-0.018 	
10.443 	-121.340 	129.638 	-0.203 	-0.132 	0.040 	
61.754 	-115.196 	66.352 	0.121 	0.071 	-0.075 	
133.543 	-49.785 	6.505 	-0.132 	-0.002 	0.055 	
-3823.849 	4702.158 	2572.829 	-0.463 	0.558 	0.302 	
79.400 	-69.747 	136.118 	-0.075 	-0.101 	-0.091 	
-31.461 	-147.961 	76.202 	-0.178 	-0.149 	0.021 	
-152.155 	-69.877 	100.197 	0.008 	-0.004 	0.005 	
-83.031 	-88.187 	97.100 	-0.106 	-0.039 	0.030 	
-39.648 	-90.375 	55.031 	0.062 	0.187 	-0.049 	
-798.974 	504.195 	-22.019 	-0.105 	0.058 	-0.017 	
62.062 	-99.661 	52.146 	-0.095 	0.115 	-0.084 	
-81.361 	-146.814 	202.347 	-0.028 	-0.147 	0.184 	
-21.731 	88.305 	16.102 	-0.131 	-0.020 	0.033 	
-98.890 	-134.012 	16.818 	-0.046 	-0.063 	-0.150 	
220.849 	253.113 	-291.974 	-0.024 	0.010 	-0.053 	
-62.699 	-62.772 	25.693 	-0.120 	-0.029 	0.055 	
-918.441 	-262.184 	197.606 	-0.147 	-0.044 	0.037 	
-43.591 	554.434 	63.763 	-0.043 	0.326 	0.036 	
-17.025 	-50.056 	128.609 	-0.070 	0.025 	0.029 	
9.469 	48.660 	135.445 	0.095 	0.013 	0.040 	
29.381 	-139.665 	48.462 	-0.016 	-0.061 	-0.066 	
-41.532 	-265.269 	58.268 	-0.013 	-0.109 	0.027 	
-44.873 	-158.339 	172.229 	0.032 	0.113 	0.026 	
146260.371 	11954.011 	117774.335 	23.366 	1.917 	18.839 	
-17.886 	-39.862 	-145.823 	-0.017 	-0.053 	0.026 	
-77.024 	-51.588 	134.707 	-0.056 	-0.015 	-0.005 	
214.899 	-177.003 	168.662 	-0.058 	-0.018 	-0.021 	
-66.968 	-146.306 	50.510 	-0.113 	-0.134 	0.003 	
49.093 	-138.052 	213.512 	0.069 	0.063 	0.030 	
166.072 	-57.484 	93.776 	0.080 	-0.117 	-0.026 	
-39.578 	-160.598 	83.368 	-0.140 	-0.096 	0.128 	
57.216 	-106.337 	98.223 	0.120 	-0.153 	-0.084 	
-10.856 	-113.277 	70.850 	-0.047 	-0.032 	0.056 	
-13.177 	-62.623 	83.604 	0.126 	0.116 	-0.155 	
-54.122 	-89.299 	-92.739 	0.033 	-0.011 	0.071 	
-37.010 	-39.272 	98.316 	-0.093 	-0.124 	-0.050 	
1563.125 	3115.244 	3243.038 	0.152 	0.345 	0.362 	
66.243 	-49.241 	-2.600 	0.001 	-0.079 	0.063 	
-382.062 	9189.357 	-5972.125 	-0.072 	1.121 	-0.729 	
11.540 	-76.482 	64.101 	-0.031 	0.015 	0.067 	
-15587.506 	-19584.468 	-7411.584 	-2.939 	-3.666 	-1.397 	
26.212 	-29.208 	19.860 	0.035 	-0.021 	-0.056 	
-101.099 	-75.595 	46.586 	-0.105 	-0.054 	0.017 	
11043.772 	53970.951 	88741.767 	1.431 	6.974 	11.464 	
104.854 	-46.692 	-60.573 	0.017 	-0.017 	-0.036 	
-6.263 	106.791 	174.034 	-0.019 	-0.066 	0.029 	
-158.148 	-142.716 	39.523 	0.045 	0.068 	0.086 	
-213.932 	-89.630 	88.279 	-0.013 	-0.011 	0.099 	
29.203 	-87.923 	46.571 	0.178 	0.092 	-0.065 	
-56.265 	-29.287 	132.745 	0.120 	-0.095 	-0.005 	
99.127 	-50.928 	65.566 	-0.069 	-0.107 	0.025 	
-692.279 	526.782 	-78.172 	-0.079 	0.012 	-0.010 	
14.824 	-252.907 	117.598 	0.087 	-0.006 	-0.016 	
1481.396 	-564.250 	596.034 	0.185 	-0.078 	0.079 	
16.491 	-121.479 	68.892 	0.018 	-0.144 	-0.049 	
-8.403 	-116.466 	81.495 	-0.202 	-0.055 	0.094 	
43.362 	-24.341 	93.998 	-0.029 	0.002 	-0.033 	
-127.171 	-202.347 	73.742 	-0.099 	0.089 	0.044 	
-29.569 	-70.777 	85.309 	-0.067 	-0.049 	-0.119 	
-1.483 	-64.517 	39.576 	-0.099 	-0.073 	0.166 	
-50.893 	-149.628 	138.107 	0.031 	-0.038 	-0.044 	
-15.997 	-114.029 	54.768 	0.093 	0.023 	0.014 	
9.715 	-198.102 	-139.791 	0.049 	0.052 	-0.034 	
-7.073 	-42.212 	110.984 	0.006 	-0.111 	0.004 	
27.922 	-91.746 	58.411 	0.025 	0.111 	0.076 	
1109.048 	-1559.489 	875.463 	0.140 	-0.196 	0.104 	
-825.202 	261.314 	310.026 	-0.069 	-0.007 	0.035 	
-221.035 	-121.296 	93.875 	0.056 	0.051 	-0.006 	
22.170 	-104.972 	60.276 	0.008 	-0.030 	0.017 	
-3.541 	-9.160 	59.762 	-0.205 	-0.060 	-0.004 	
-33.896 	-57.957 	-0.895 	-0.004 	0.025 	-0.032 	
57.246 	-55.743 	59.256 	0.063 	0.011 	0.090 	
-1943.334 	11598.079 	761.882 	-0.247 	1.412 	0.093 	
-29.748 	-101.522 	73.797 	0.125 	-0.102 	0.166 	
25.877 	-91.660 	53.342 	-0.218 	0.142 	0.014 	
-204.044 	-57.570 	47.963 	0.113 	0.005 	-0.008 	
-22.761 	-134.236 	80.794 	0.086 	-0.049 	0.089 	
104.685 	-86.261 	84.475 	0.026 	0.080 	-0.046 	
631.367 	-1618.181 	-590.311 	0.329 	-0.876 	-0.387 	
-64.766 	-55.582 	63.834 	-0.015 	-0.039 	0.025 	
64.354 	5.379 	-28.080 	0.025 	0.031 	-0.075 	
115.621 	-125.260 	43.288 	-0.027 	-0.045 	-0.025 	
44.355 	-52.163 	55.812 	-0.032 	0.032 	-0.010 	
-70.630 	-114.253 	113.207 	0.001 	-0.095 	-0.049 	
17.048 	-24.973 	23.634 	0.007 	-0.097 	0.072 	
158.997 	-112.552 	216.019 	0.045 	0.007 	0.045 	
3.058 	-214.731 	251.034 	-0.010 	-0.027 	0.024 	
657.446 	197.691 	-8.356 	0.033 	0.023 	0.003 	
70.426 	-148.661 	96.752 	0.146 	-0.074 	0.010 	
-4496.023 	-5094.799 	-2376.798 	-0.521 	-0.567 	-0.262 	
121.938 	-45.075 	10.008 	0.081 	0.063 	-0.080 	
-82.785 	-43.253 	77.935 	0.092 	-0.046 	0.094 	
-1379.296 	-1957.301 	851.021 	-0.180 	-0.258 	0.109 	
-76.066 	-48.537 	41.577 	-0.163 	-0.038 	0.006 	
-1010.427 	427.083 	1194.075 	-0.132 	0.062 	0.159 	
-75.645 	-66.161 	50.314 	0.033 	-0.110 	-0.009 	
-42.439 	-76.013 	116.331 	-0.089 	-0.016 	0.028 	
-142.408 	-124.379 	94.676 	-0.077 	-0.020 	0.004 	
-17.733 	-95.787 	48.486 	-0.053 	-0.010 	-0.049 	
-21.079 	-70.715 	64.890 	0.222 	0.011 	-0.040 	
-23.391 	-104.467 	84.473 	0.065 	0.135 	-0.060 	
-55.650 	12.791 	-86.479 	-0.079 	0.080 	-0.051 	
104.615 	-49.032 	81.612 	-0.025 	0.006 	0.085 	
12.466 	147.664 	-20.281 	0.025 	-0.043 	0.013 	
-9.491 	-75.054 	119.231 	-0.225 	0.015 	0.118 	
-26.294 	-88.148 	66.794 	-0.184 	0.063 	-0.125 	
-324.310 	-19.687 	131.382 	0.053 	-0.006 	0.009 	
55.138 	-26.150 	84.436 	0.027 	0.102 	0.012 	
-40.402 	-17.380 	43.952 	-0.154 	0.044 	0.027 	
135.058 	-68.924 	142.623 	0.013 	-0.054 	0.025 	
-45.533 	-77.663 	74.784 	0.029 	0.043 	-0.033 	
253.332 	55.088 	87.812 	-0.002 	-0.078 	0.016 	
35.953 	-33.768 	-2.608 	-0.082 	0.029 	-0.045 	
-89.647 	-71.737 	120.774 	0.144 	-0.073 	0.109 	
91.814 	-103.289 	19.560 	0.010 	-0.102 	-0.031 	
-7550.008 	32336.124 	41356.754 	-1.661 	6.956 	8.885 	
106.932 	-95.785 	35.156 	0.002 	0.095 	-0.141 	
88.387 	-124.306 	12.535 	0.026 	0.098 	0.130 	
25.180 	-113.004 	87.469 	0.051 	0.110 	-0.040 	
-504.408 	528.724 	-345.699 	-0.108 	0.109 	-0.080 	
224.889 	59.266 	31.199 	0.084 	0.017 	-0.024 	
85.179 	-57.809 	30.474 	0.039 	-0.063 	0.059 	
50.601 	-153.784 	8.719 	0.059 	0.139 	0.019 	
95.149 	28.022 	130.166 	0.035 	-0.024 	0.027 	
17.609 	-75.601 	88.467 	0.137 	-0.014 	0.047 	
60.598 	-55.209 	137.552 	-0.027 	0.022 	-0.053 	
143.411 	-32.599 	156.812 	-0.002 	0.003 	0.003 	
-1333.712 	-1591.498 	5506.605 	-0.163 	-0.176 	0.621 	
111.602 	-80.763 	64.221 	-0.090 	0.003 	0.158 	
33.617 	-84.102 	116.097 	-0.218 	-0.008 	-0.044 	
8.694 	-93.433 	125.175 	0.100 	0.001 	0.085 	
-4.791 	-58.877 	156.979 	-0.036 	-0.055 	-0.087 	
3.107 	-88.606 	67.161 	0.194 	0.080 	0.148 	
23.185 	-138.296 	76.303 	0.059 	0.119 	0.085 	
69.155 	-69.991 	51.138 	-0.046 	0.022 	0.002 	
241.772 	-79.754 	238.209 	0.001 	-0.005 	0.026 	
20.834 	-59.353 	39.681 	0.087 	0.055 	-0.019 	
-25.473 	-101.176 	23.572 	0.030 	0.070 	-0.168 	
6.854 	-79.791 	81.498 	-0.064 	0.072 	-0.040 	
-53.558 	-80.589 	96.453 	-0.112 	-0.101 	0.001 	
-29.337 	-68.065 	77.299 	-0.230 	-0.075 	0.034 	
-37.422 	-105.451 	77.388 	-0.038 	0.024 	0.091 	
125.867 	-48.141 	157.930 	0.064 	0.063 	0.097 	
5.487 	-66.475 	24.722 	0.033 	-0.030 	0.068 	
91.127 	-91.226 	120.799 	0.065 	0.090 	-0.033 	
-71.868 	269.680 	78.206 	-0.089 	0.424 	-0.024 	
-40.264 	-63.921 	144.346 	-0.002 	-0.004 	-0.052 	
-1431.041 	-2040.379 	-3145.936 	-0.254 	-0.330 	-0.514 	
-72.685 	-96.934 	136.752 	0.066 	-0.017 	-0.110 	
37.625 	-85.197 	45.777 	-0.047 	0.001 	-0.199 	
250.074 	-79.222 	42.730 	-0.082 	-0.021 	0.020 	
-34.091 	-84.351 	78.201 	-0.190 	0.102 	-0.030 	
192.672 	-59.045 	7.507 	0.089 	-0.002 	-0.005 	
-73.158 	13.264 	-33.993 	-0.015 	-0.101 	-0.064 	
12.769 	-86.124 	9.711 	0.139 	0.061 	0.012 	
-30.280 	-99.104 	43.111 	-0.034 	-0.109 	0.042 	
22.828 	-66.698 	-85.915 	0.111 	0.022 	0.015 	
-20.849 	-58.206 	38.376 	0.116 	0.072 	0.001 	
21.001 	-99.130 	84.836 	0.047 	-0.092 	-0.087 	
-410.655 	-10719.934 	-1831.715 	-0.060 	-1.308 	-0.223 	
-25.205 	-187.421 	162.853 	-0.067 	-0.003 	0.033 	
-114.154 	-124.979 	92.359 	0.047 	0.043 	-0.065 	
-144440.147 	-12977.955 	-118182.049 	-23.128 	-2.071 	-18.899 	
-8.747 	-84.458 	142.981 	0.076 	-0.071 	-0.003 	
-15.869 	-103.797 	63.924 	-0.087 	0.274 	0.002 	
23.996 	-126.171 	125.183 	-0.067 	-0.088 	0.059 	
-25.977 	-63.490 	54.092 	0.051 	-0.062 	0.185 	
-31.620 	-162.009 	173.542 	-0.019 	0.094 	-0.026 	
-99.822 	-8.542 	-6.563 	-0.052 	0.036 	0.007 	
-106.302 	-179.840 	207.041 	-0.012 	-0.039 	-0.008 	
125.246 	-11.157 	50.170 	0.013 	-0.055 	-0.016 	
5.208 	-10.651 	94.538 	-0.108 	-0.104 	-0.050 	
7973.489 	-32632.038 	-41009.781 	1.676 	-7.008 	-8.818 	
-126.748 	-119.257 	21.594 	-0.131 	-0.011 	-0.097 	
120.744 	-168.495 	117.872 	0.063 	-0.007 	0.000 	
285.013 	30.305 	122.868 	0.041 	0.036 	0.020 	
6811.683 	-5168.815 	-4148.205 	0.881 	-0.660 	-0.534 	
67.057 	-181.181 	38.244 	-0.044 	0.072 	-0.001 	
-3410.229 	-1370.144 	1009.503 	-0.705 	-0.256 	0.187 	
21.838 	-103.506 	39.271 	-0.151 	-0.174 	-0.038 	
