## Las primeras 500 lineas corresponden a la esfera 1 
##las siguienets 500 lineas a la esfera 2
## Las primeras tres columnas corresponden a la posición en 'x', 'y' y 'z', las siguientes tres a las velocidades
134.088 	-12.690 	-29.000 	0.002 	-0.019 	-0.026 	
-12.964 	-40.581 	64.740 	-0.015 	-0.051 	0.060 	
-13.388 	-106.228 	69.106 	0.041 	0.176 	0.021 	
-2992.602 	3571.133 	-601.738 	-0.335 	0.399 	-0.072 	
-90.760 	-174.859 	41.452 	-0.011 	-0.137 	0.030 	
-226.906 	661.271 	67.051 	-0.096 	0.180 	0.007 	
45.928 	-77.230 	86.437 	-0.114 	-0.230 	-0.022 	
-26.446 	-71.690 	145.364 	0.043 	0.051 	-0.098 	
-46.366 	-74.786 	90.261 	0.061 	0.046 	-0.026 	
21.653 	-63.457 	76.705 	0.100 	0.041 	0.087 	
-617.089 	3285.820 	-1764.746 	-0.072 	0.378 	-0.202 	
10.618 	-66.595 	59.618 	-0.007 	-0.155 	0.001 	
2317.801 	-3067.341 	2183.299 	0.265 	-0.349 	0.250 	
-69.121 	-126.043 	90.937 	0.019 	0.141 	-0.010 	
-7.361 	-99.397 	82.379 	-0.220 	0.014 	-0.028 	
6.091 	-75.113 	46.597 	0.180 	-0.101 	0.102 	
-49.470 	5.160 	0.649 	-0.012 	-0.003 	0.008 	
-88.140 	-106.297 	-80.521 	0.083 	-0.100 	0.020 	
-10.938 	-35.452 	118.439 	-0.040 	-0.021 	-0.054 	
-245.979 	192.297 	182.086 	-0.101 	0.072 	0.035 	
69.771 	-102.843 	8.797 	0.077 	-0.098 	0.057 	
-107.086 	-203.981 	39.847 	-0.051 	0.090 	0.067 	
-30.284 	-126.427 	90.919 	-0.112 	0.075 	-0.026 	
-29.966 	-139.090 	146.858 	0.064 	0.015 	0.008 	
60.685 	-81.604 	85.815 	0.010 	0.046 	-0.075 	
57.801 	-84.749 	58.254 	0.169 	-0.016 	-0.009 	
-28.180 	-91.023 	90.778 	0.080 	-0.051 	-0.044 	
20.669 	-74.415 	53.850 	0.006 	-0.029 	0.012 	
103.176 	-113.925 	-52.820 	0.014 	-0.023 	-0.133 	
18.376 	-103.420 	21.119 	0.045 	-0.029 	-0.107 	
155.139 	-47.578 	33.007 	0.087 	0.109 	-0.035 	
-23.596 	-89.776 	78.699 	-0.113 	0.001 	-0.162 	
206.773 	-62.579 	68.575 	0.171 	-0.022 	-0.031 	
-42.639 	-129.023 	90.747 	-0.071 	0.030 	-0.043 	
-28.935 	-113.785 	44.586 	0.031 	0.019 	-0.096 	
93.745 	-77.700 	-21.695 	0.006 	0.000 	-0.021 	
142.915 	-51.554 	116.698 	-0.012 	-0.103 	0.074 	
-80.849 	-94.869 	68.350 	0.122 	-0.001 	-0.039 	
222.872 	-67.809 	64.223 	-0.025 	-0.009 	0.011 	
-12.388 	-88.785 	79.127 	-0.015 	-0.022 	0.051 	
-32.951 	-125.113 	54.287 	0.016 	0.068 	0.002 	
-229.910 	-171.741 	457.374 	-0.181 	-0.062 	0.247 	
-25.771 	-78.616 	70.661 	0.151 	-0.131 	-0.046 	
-161.048 	-72.741 	142.069 	-0.003 	-0.018 	0.020 	
80.257 	-31.244 	77.650 	-0.105 	0.023 	0.045 	
1326.965 	-1543.036 	2903.426 	1.604 	-1.826 	3.516 	
131.740 	-113.256 	-43.298 	-0.076 	-0.026 	0.062 	
-26.740 	-68.759 	82.361 	0.097 	-0.032 	-0.032 	
-10.779 	-161.365 	93.898 	0.173 	0.016 	0.084 	
20.554 	-60.387 	78.776 	0.081 	0.009 	-0.140 	
-41.037 	-205.172 	78.907 	-0.084 	-0.191 	0.067 	
92.930 	-103.798 	79.273 	0.037 	-0.025 	-0.057 	
-14.538 	-68.478 	35.392 	-0.133 	0.016 	-0.138 	
7.434 	-108.693 	64.595 	0.154 	0.008 	0.050 	
0.816 	-97.988 	94.506 	0.069 	-0.049 	-0.067 	
78.814 	-54.795 	79.463 	0.049 	0.022 	-0.092 	
-31.487 	-159.892 	59.330 	0.160 	-0.034 	0.080 	
-75.839 	-37.530 	87.510 	-0.051 	0.075 	-0.023 	
-175.191 	11.423 	197.304 	-0.133 	0.016 	0.086 	
9.356 	-110.068 	128.154 	0.072 	0.005 	-0.020 	
-112.821 	-65.691 	126.892 	-0.059 	0.006 	0.029 	
-23.103 	-125.403 	54.070 	0.095 	-0.145 	-0.048 	
-35.968 	-113.188 	84.586 	0.205 	0.171 	0.017 	
27.221 	-87.879 	67.407 	-0.030 	0.140 	-0.008 	
162.414 	137.467 	84.186 	-0.011 	-0.051 	0.001 	
92.673 	-116.584 	143.668 	0.057 	0.064 	0.030 	
-1522.994 	-2575.496 	-2102.074 	-0.178 	-0.288 	-0.236 	
53.229 	-11.395 	-9.837 	0.105 	0.031 	-0.056 	
12.169 	-110.950 	70.140 	-0.123 	-0.097 	0.022 	
-88.304 	-69.105 	72.171 	-0.090 	-0.081 	0.087 	
18.464 	-59.516 	43.411 	0.011 	0.060 	0.008 	
-43.180 	-110.807 	78.213 	0.106 	0.001 	0.047 	
-85.114 	-151.369 	115.028 	0.049 	-0.010 	-0.120 	
137.820 	-101.018 	37.119 	-0.033 	-0.038 	0.137 	
-11.760 	-82.531 	113.481 	-0.037 	0.038 	0.266 	
-63.984 	-53.993 	186.379 	-0.168 	-0.008 	-0.009 	
158.244 	49.710 	100.139 	-0.070 	-0.029 	0.024 	
1214.136 	1811.891 	3199.328 	0.134 	0.197 	0.350 	
15.292 	-87.874 	65.026 	-0.035 	0.180 	0.152 	
-38.832 	-73.031 	101.709 	-0.104 	-0.048 	0.081 	
158.306 	-14.633 	11.525 	0.017 	0.013 	0.050 	
22.430 	-103.670 	61.388 	-0.235 	0.053 	0.158 	
31.367 	-177.068 	-143.785 	-0.030 	0.006 	0.027 	
-82.197 	-439.248 	745.100 	0.003 	-0.014 	0.037 	
46.591 	12.320 	39.829 	-0.046 	0.133 	-0.013 	
-115.435 	-141.939 	202.976 	-0.004 	-0.028 	0.084 	
-18.484 	-109.475 	81.512 	0.071 	0.107 	-0.013 	
51.137 	-96.263 	68.312 	0.084 	-0.098 	-0.080 	
-146.914 	-344.961 	155.441 	-0.034 	-0.029 	0.001 	
-36.394 	-93.527 	47.371 	0.035 	-0.176 	-0.021 	
-37.677 	-89.097 	145.828 	-0.105 	-0.012 	-0.076 	
122.064 	-103.548 	68.159 	0.045 	0.041 	-0.153 	
-1223.312 	1363.118 	-2759.185 	-1.534 	1.751 	-3.453 	
85.682 	-4.015 	43.725 	-0.076 	0.048 	-0.126 	
-42.710 	-125.238 	-29.564 	0.023 	-0.017 	-0.002 	
41.983 	3.983 	148.437 	0.042 	-0.036 	-0.027 	
-49.625 	-53.731 	69.621 	-0.043 	-0.040 	0.087 	
5409.427 	-5848.152 	8.454 	0.612 	-0.666 	0.004 	
7780.449 	-7131.315 	-14820.352 	0.871 	-0.795 	-1.651 	
-69.479 	-51.891 	154.464 	-0.110 	-0.032 	0.082 	
-37.764 	-71.915 	70.409 	0.158 	-0.038 	-0.015 	
-13.255 	-134.735 	62.265 	-0.164 	-0.170 	-0.010 	
35.533 	-49.961 	29.563 	-0.070 	0.075 	0.023 	
-89.309 	-97.208 	102.079 	-0.009 	0.033 	0.115 	
6823.332 	-4770.453 	4087.487 	0.754 	-0.523 	0.450 	
-6599.992 	8734.730 	15749.249 	-0.730 	0.971 	1.752 	
4761.795 	-96.996 	383.956 	0.615 	-0.008 	0.048 	
-3482.990 	3011.069 	1266.407 	-0.687 	0.596 	0.250 	
405.146 	-1039.944 	120.786 	0.477 	-1.132 	0.051 	
668.819 	0.113 	332.505 	0.017 	0.030 	0.019 	
28.702 	-81.999 	-13.410 	-0.009 	0.014 	0.100 	
27.160 	-92.683 	45.854 	-0.130 	0.111 	0.039 	
-3107.334 	-878.785 	196.642 	-0.435 	-0.103 	0.022 	
17.865 	-44.945 	74.347 	-0.164 	-0.202 	0.095 	
-73.463 	-119.369 	63.303 	0.107 	0.140 	0.011 	
-5.102 	-63.069 	61.504 	0.031 	-0.018 	-0.019 	
47.628 	-130.878 	35.274 	0.041 	-0.093 	0.027 	
245.175 	-79.638 	-9.218 	-0.064 	0.103 	0.010 	
-53.365 	-140.873 	108.330 	-0.038 	0.029 	0.203 	
-195.079 	-89.777 	115.855 	-0.141 	0.031 	-0.032 	
96.224 	-73.324 	131.764 	0.160 	-0.035 	-0.106 	
30.217 	-126.213 	45.587 	-0.099 	0.011 	0.194 	
28.483 	-53.114 	24.404 	-0.126 	0.054 	0.052 	
-12.601 	-137.101 	81.905 	-0.124 	-0.036 	0.084 	
314.316 	-52.574 	47.361 	-0.079 	-0.047 	-0.008 	
-39.841 	-164.097 	62.601 	-0.105 	0.088 	-0.102 	
-94.035 	21.540 	79.200 	-0.045 	0.091 	0.004 	
-94.525 	-129.164 	29.810 	-0.083 	-0.029 	-0.065 	
72.891 	-15.517 	23.218 	-0.028 	-0.033 	0.054 	
-40.976 	-103.726 	96.581 	0.120 	-0.041 	-0.176 	
18.807 	-109.328 	69.717 	0.118 	-0.105 	-0.088 	
64.956 	-68.574 	31.262 	0.028 	0.025 	-0.009 	
-48.785 	-127.795 	-2.059 	0.039 	-0.009 	0.033 	
1316.478 	2731.294 	-1127.245 	0.301 	0.651 	-0.270 	
-18.009 	-85.662 	69.262 	-0.066 	-0.077 	0.036 	
73.526 	-58.217 	104.003 	-0.063 	-0.133 	0.074 	
24.682 	-58.354 	76.925 	0.053 	-0.059 	0.066 	
-307.352 	-616.149 	142.845 	-0.020 	-0.075 	0.002 	
-44388.057 	-13099.417 	-26319.314 	-5.694 	-1.675 	-3.368 	
-5111.775 	4380.918 	-2617.689 	-0.555 	0.480 	-0.285 	
-16.828 	-51.122 	21.925 	0.146 	0.079 	0.107 	
-2284.337 	-459.245 	1414.458 	-0.286 	-0.059 	0.172 	
1545.638 	138.059 	-371.129 	0.183 	0.015 	-0.062 	
-58.406 	-116.887 	172.969 	-0.042 	0.058 	0.044 	
-2506.820 	7426.034 	-2553.447 	-0.671 	1.959 	-0.679 	
-789.544 	98.168 	655.119 	-0.281 	0.068 	0.185 	
-15.611 	-23.957 	96.553 	-0.057 	-0.174 	0.051 	
83.124 	-109.448 	85.959 	-0.129 	0.087 	0.046 	
239.463 	-186.992 	57.060 	0.010 	0.051 	0.032 	
788.441 	-7426.463 	2759.457 	0.194 	-1.940 	0.716 	
-58.529 	-125.908 	48.840 	-0.055 	0.091 	-0.012 	
96.945 	-27.226 	46.567 	-0.063 	-0.102 	-0.035 	
-65.675 	-115.427 	54.517 	-0.026 	-0.035 	0.018 	
-37.376 	-4.674 	139.327 	-0.049 	0.112 	0.027 	
-9.554 	-86.709 	80.918 	0.124 	0.085 	0.115 	
-27.525 	-161.608 	56.880 	-0.063 	-0.164 	0.032 	
26.564 	-79.927 	80.370 	0.100 	-0.006 	-0.030 	
-30.597 	-75.073 	74.093 	-0.257 	-0.039 	0.036 	
953.049 	721.857 	-983.357 	0.099 	0.091 	-0.113 	
67.429 	-95.214 	177.423 	0.063 	-0.003 	0.143 	
-67.855 	-61.562 	134.496 	0.040 	-0.058 	0.064 	
68.329 	-56.395 	-15.778 	0.128 	-0.088 	0.110 	
-205.971 	2.652 	212.376 	0.034 	-0.070 	-0.047 	
2.670 	-2.493 	105.360 	0.111 	0.101 	0.042 	
-24.568 	-140.143 	55.942 	-0.047 	-0.068 	-0.086 	
-47.815 	-100.885 	131.953 	0.120 	0.021 	0.006 	
86.274 	-59.292 	84.099 	0.113 	-0.118 	-0.083 	
51.025 	-87.064 	75.294 	-0.047 	0.038 	-0.061 	
-94.829 	-48.418 	50.187 	-0.172 	0.025 	-0.003 	
-24.363 	-66.866 	79.527 	0.102 	0.018 	0.009 	
-38.020 	-67.605 	46.567 	0.169 	0.040 	0.176 	
3860.382 	-73530.753 	-42722.797 	0.817 	-15.883 	-9.238 	
-74.833 	-80.344 	32.370 	0.082 	-0.049 	0.062 	
-10.955 	-161.545 	123.080 	-0.031 	0.061 	0.031 	
-24.072 	-113.733 	56.782 	-0.034 	-0.080 	-0.028 	
-67.116 	-27.153 	156.432 	0.053 	-0.084 	-0.050 	
-49.883 	-112.734 	94.319 	0.004 	-0.049 	0.008 	
-65.872 	-17.685 	127.773 	0.041 	0.024 	-0.064 	
15.715 	-108.044 	78.895 	-0.221 	0.019 	0.238 	
-168.361 	-36.456 	129.077 	0.003 	-0.064 	-0.026 	
1145.057 	63.975 	368.202 	0.324 	0.043 	0.108 	
329.114 	-72.241 	41.322 	0.013 	-0.002 	0.034 	
-26.222 	-115.449 	71.813 	-0.045 	-0.088 	0.084 	
92.187 	-194.371 	151.191 	-0.071 	-0.061 	0.032 	
42.861 	-85.577 	173.515 	-0.170 	0.002 	-0.006 	
17.777 	-89.133 	62.648 	0.051 	0.148 	-0.031 	
-210.108 	-170.983 	128.278 	-0.015 	0.074 	0.071 	
-1261.864 	727.036 	1544.675 	-0.201 	0.100 	0.208 	
-33.988 	-55.066 	38.432 	-0.096 	-0.210 	0.075 	
-95.935 	-51.157 	266.488 	0.004 	0.011 	0.056 	
-43.085 	-38.467 	201.172 	0.004 	0.076 	0.095 	
-53.557 	-56.450 	38.779 	-0.020 	-0.006 	0.053 	
-1283.663 	-2297.723 	1137.631 	-0.310 	-0.531 	0.262 	
-63.689 	-126.773 	68.743 	-0.158 	-0.012 	-0.003 	
202.333 	-41.906 	65.683 	0.032 	0.008 	-0.012 	
42.911 	61.999 	273.827 	0.018 	0.128 	0.218 	
7039.422 	864.937 	1400.330 	0.887 	0.117 	0.177 	
23.251 	-26.208 	81.621 	-0.094 	0.012 	-0.026 	
68.344 	16.688 	129.758 	0.038 	0.093 	0.060 	
-12.056 	-100.032 	100.668 	-0.038 	-0.085 	0.033 	
-13.359 	-120.067 	102.249 	-0.032 	0.015 	-0.019 	
436.732 	-16.142 	-45.521 	0.065 	0.052 	0.005 	
65.991 	-147.125 	6.784 	-0.076 	-0.071 	-0.021 	
-17.451 	-83.749 	69.011 	0.016 	-0.016 	0.074 	
211.235 	-471.435 	916.443 	0.004 	-0.045 	0.079 	
110.971 	-88.465 	-14.347 	-0.002 	0.043 	-0.031 	
16.829 	25.750 	139.194 	-0.002 	-0.008 	-0.029 	
2320.764 	-2429.366 	-780.542 	0.391 	-0.400 	-0.132 	
8.992 	-80.904 	42.879 	0.048 	0.049 	-0.120 	
82.362 	-65.306 	95.173 	0.104 	-0.054 	-0.064 	
60.913 	-57.377 	53.368 	0.006 	-0.015 	-0.101 	
734.172 	-332.269 	103.140 	0.024 	-0.018 	-0.005 	
73.859 	-28.143 	48.480 	-0.085 	-0.038 	0.013 	
-16.100 	-81.001 	84.270 	-0.184 	0.140 	-0.040 	
-31.106 	-180.583 	93.799 	-0.076 	-0.040 	0.119 	
-171.363 	-179.780 	11.442 	-0.068 	-0.084 	-0.042 	
89.252 	-72.417 	150.561 	-0.001 	0.109 	0.149 	
-49.807 	-93.486 	63.312 	0.120 	0.146 	0.142 	
55.020 	-106.170 	-17.854 	0.017 	-0.134 	0.008 	
-3.807 	-93.836 	101.000 	-0.059 	-0.005 	0.013 	
25.308 	-154.059 	41.354 	-0.149 	0.062 	0.084 	
12.966 	-112.763 	96.808 	0.113 	0.012 	0.208 	
-265.795 	-197.500 	343.359 	-0.046 	-0.025 	0.055 	
-191.690 	-3.171 	-51.925 	-0.216 	0.100 	-0.243 	
-21.459 	-83.460 	9.233 	0.150 	-0.034 	0.016 	
55.238 	-114.118 	67.012 	0.050 	-0.071 	-0.116 	
-28.970 	-94.896 	67.016 	0.004 	0.099 	0.087 	
-11.110 	-183.631 	45.989 	-0.026 	0.000 	0.082 	
-29.345 	-111.601 	62.030 	-0.062 	0.014 	0.093 	
-70.556 	-153.820 	118.532 	-0.026 	-0.064 	0.018 	
-24.297 	-82.279 	102.572 	-0.146 	-0.155 	0.167 	
10.006 	-89.769 	65.663 	-0.009 	-0.102 	0.045 	
-106.327 	-155.399 	106.581 	-0.004 	0.029 	0.036 	
56.909 	76.209 	80.476 	-0.053 	-0.064 	0.019 	
35.304 	6.972 	72.841 	-0.129 	0.030 	0.016 	
473.906 	-897.183 	-592.682 	0.029 	-0.108 	-0.071 	
-45.211 	-83.816 	71.198 	0.079 	-0.012 	0.098 	
109.051 	-115.727 	39.227 	-0.041 	-0.094 	0.024 	
96.672 	17.498 	171.723 	-0.035 	-0.031 	-0.029 	
-54.339 	68.289 	-30.985 	0.067 	-0.055 	0.060 	
103.589 	75.869 	122.165 	0.002 	0.030 	0.040 	
-1.765 	-101.407 	74.054 	0.033 	-0.063 	0.056 	
49.324 	-19.333 	53.292 	0.066 	-0.100 	0.096 	
-240.934 	-67.439 	55.034 	-0.003 	0.083 	0.048 	
16385.838 	19243.989 	7116.734 	3.031 	3.585 	1.316 	
1054.037 	-234.082 	-172.570 	0.140 	-0.032 	-0.026 	
-36.198 	-68.536 	76.022 	-0.150 	0.092 	-0.009 	
3.633 	-115.098 	75.295 	-0.109 	0.016 	-0.018 	
52.339 	-40.988 	-82.612 	-0.009 	-0.074 	0.029 	
-52.485 	-121.327 	46.512 	0.135 	0.061 	-0.059 	
2931.305 	1869.532 	651.816 	0.328 	0.214 	0.072 	
20.510 	11.669 	92.109 	-0.040 	-0.105 	0.026 	
10.601 	-87.381 	97.434 	0.002 	-0.003 	-0.039 	
-207.237 	-137.480 	39.445 	-0.065 	-0.041 	0.126 	
18.978 	-89.937 	36.073 	-0.029 	-0.091 	0.113 	
-142.645 	-154.727 	179.386 	-0.042 	-0.065 	-0.020 	
24.984 	-122.929 	127.653 	-0.175 	0.029 	-0.008 	
-65.661 	-117.965 	143.344 	-0.156 	0.038 	-0.103 	
3083.719 	1824.922 	-1903.231 	0.344 	0.209 	-0.210 	
16.963 	-56.254 	70.164 	0.064 	0.016 	-0.006 	
-4133.276 	72771.392 	42412.327 	-0.911 	15.733 	9.160 	
-291.488 	-155.309 	142.388 	-0.175 	-0.010 	0.047 	
115.844 	-153.585 	75.316 	0.062 	-0.063 	-0.081 	
4.138 	-305.948 	8.624 	-0.005 	-0.210 	-0.054 	
71.361 	-94.907 	257.267 	-0.060 	-0.064 	0.070 	
37.465 	-159.387 	175.028 	0.033 	-0.087 	-0.028 	
20.010 	1.569 	40.186 	0.021 	-0.117 	0.129 	
-5724.201 	-579.118 	-210.821 	-0.713 	-0.066 	-0.025 	
-13.072 	-1.678 	202.852 	0.055 	-0.032 	-0.104 	
-7.935 	-23.633 	35.893 	-0.007 	0.091 	-0.011 	
-75.645 	-92.757 	52.985 	0.027 	-0.061 	0.112 	
35.089 	-94.825 	60.635 	-0.062 	-0.011 	0.211 	
25.361 	-89.281 	68.367 	-0.077 	0.103 	0.037 	
-24.777 	-107.646 	32.945 	-0.023 	-0.038 	0.034 	
6.421 	-113.365 	110.005 	-0.011 	-0.058 	-0.128 	
94.608 	-133.417 	55.682 	-0.037 	0.039 	-0.045 	
7.956 	-49.952 	94.163 	-0.015 	0.059 	0.062 	
3278.365 	-630.615 	85.067 	0.405 	-0.081 	0.006 	
1.240 	-95.733 	29.832 	0.087 	0.128 	-0.181 	
-15.411 	-85.283 	82.313 	0.002 	0.180 	0.110 	
-43.754 	-106.551 	127.868 	0.083 	-0.109 	0.056 	
67.316 	-142.917 	81.489 	0.061 	0.107 	-0.016 	
-1702.654 	-892.776 	-3781.342 	-0.189 	-0.101 	-0.420 	
19.338 	-98.475 	-17.994 	0.005 	-0.002 	-0.051 	
-123.978 	-162.702 	-56.975 	0.078 	-0.028 	0.023 	
-50.848 	-99.892 	79.901 	0.029 	-0.016 	0.028 	
-65.548 	-94.092 	153.917 	-0.060 	-0.121 	0.002 	
-37.159 	-112.664 	51.033 	0.084 	0.019 	-0.076 	
-90.917 	-343.618 	-207.043 	-0.130 	-0.311 	-0.299 	
126.425 	-122.467 	68.907 	0.148 	-0.159 	0.199 	
-57.646 	-66.474 	21.861 	0.002 	-0.037 	0.152 	
-1.653 	-75.167 	86.565 	-0.100 	0.075 	-0.033 	
-80.529 	-39.806 	112.126 	0.022 	-0.088 	-0.009 	
-7.710 	-95.392 	73.914 	-0.089 	-0.070 	0.144 	
135.180 	-46.581 	-427.822 	0.060 	0.018 	-0.313 	
-42.453 	-104.168 	43.350 	0.104 	-0.090 	0.046 	
164.618 	-402.597 	38.058 	-0.077 	0.013 	0.004 	
179.802 	-61.195 	-38.428 	0.068 	-0.000 	-0.023 	
19.034 	-80.484 	73.062 	0.066 	-0.083 	-0.099 	
551.438 	924.648 	427.903 	0.471 	0.813 	0.313 	
-6.815 	-109.198 	71.899 	0.023 	-0.193 	-0.124 	
55.347 	-500.457 	175.350 	0.003 	-0.206 	0.099 	
4.717 	-96.899 	89.524 	-0.121 	0.056 	-0.087 	
-2.231 	-86.103 	43.641 	0.068 	-0.096 	-0.032 	
-114.627 	-110.206 	-2.718 	0.009 	-0.028 	-0.035 	
35.946 	-22.279 	23.602 	0.063 	-0.058 	0.098 	
-182.387 	77.263 	118.935 	0.075 	-0.015 	0.016 	
7.955 	-71.999 	141.111 	-0.052 	0.116 	-0.005 	
-126.048 	-111.319 	-313.301 	-0.059 	-0.028 	-0.070 	
13.850 	-86.741 	48.758 	-0.080 	-0.011 	-0.053 	
57.839 	-38.963 	114.784 	-0.011 	-0.072 	-0.059 	
141.745 	-50.492 	52.241 	0.008 	0.022 	-0.018 	
21.737 	-76.194 	103.306 	0.023 	0.245 	-0.025 	
181.620 	45.461 	122.075 	0.051 	-0.021 	-0.054 	
-1522.715 	-2539.081 	2549.395 	-0.181 	-0.286 	0.297 	
-15.495 	-20.166 	111.529 	-0.017 	0.118 	0.118 	
-26.493 	-196.698 	1.508 	0.071 	-0.051 	0.005 	
-74.665 	-115.217 	-160.540 	-0.037 	0.002 	0.047 	
47.286 	-113.878 	32.602 	-0.123 	0.043 	-0.034 	
-7.059 	-89.830 	57.977 	-0.151 	-0.023 	-0.070 	
46.883 	-96.708 	-30.275 	0.077 	0.033 	0.075 	
-183.550 	-90.529 	118.894 	-0.041 	-0.009 	0.062 	
12.587 	-84.158 	54.055 	-0.014 	-0.068 	-0.205 	
-73.927 	-116.780 	31.051 	0.002 	0.024 	0.058 	
-1801.356 	191.523 	-2404.341 	-0.306 	0.050 	-0.432 	
3.075 	-127.725 	70.696 	0.017 	-0.095 	-0.040 	
-116.980 	-63.449 	27.466 	-0.006 	0.016 	0.051 	
18.341 	-53.557 	112.905 	-0.035 	0.139 	0.102 	
9.566 	-162.958 	109.349 	-0.116 	0.009 	0.057 	
-1646.834 	6318.378 	709.547 	-0.192 	0.719 	0.084 	
66.044 	-249.998 	49.117 	0.074 	-0.073 	-0.076 	
-27.170 	-238.658 	-34.872 	-0.058 	-0.049 	0.058 	
-25.072 	-102.586 	71.631 	0.036 	-0.039 	0.169 	
-129.394 	-159.909 	60.779 	0.080 	-0.100 	-0.030 	
69.426 	-11.597 	5.024 	-0.010 	0.019 	0.017 	
-40.974 	-93.266 	85.006 	0.222 	0.140 	0.062 	
152.758 	-149.522 	-93.879 	0.178 	-0.095 	-0.226 	
17.866 	-98.094 	71.411 	-0.053 	-0.019 	-0.028 	
33.326 	-41.558 	33.622 	0.057 	-0.014 	-0.048 	
-416.369 	-169.820 	58.883 	0.007 	-0.030 	-0.001 	
20.043 	-60.265 	54.651 	0.078 	-0.107 	0.240 	
25.711 	-156.992 	84.274 	0.184 	-0.006 	0.031 	
-60.133 	-54.781 	61.392 	-0.072 	-0.028 	0.017 	
64.599 	-116.975 	83.977 	0.109 	0.035 	-0.088 	
-94.281 	-99.103 	91.048 	0.119 	-0.032 	-0.031 	
-24.149 	-87.221 	98.379 	-0.203 	-0.123 	-0.103 	
-18.737 	-76.528 	94.415 	-0.148 	-0.197 	-0.138 	
36.925 	-85.480 	90.720 	0.155 	0.025 	0.125 	
99.060 	-129.085 	76.784 	0.129 	-0.091 	0.006 	
-1037.509 	-210.924 	335.959 	-0.318 	-0.035 	0.098 	
-11.487 	-58.277 	77.565 	-0.051 	0.091 	0.052 	
-168.398 	-139.695 	89.722 	-0.091 	-0.029 	-0.018 	
14.511 	-142.355 	90.059 	-0.057 	0.022 	-0.137 	
141.797 	28.390 	143.887 	0.043 	0.054 	0.085 	
115.104 	-53.451 	-17.991 	-0.109 	-0.067 	0.118 	
-13.862 	-156.046 	115.424 	0.060 	0.151 	-0.019 	
-41.258 	-73.161 	66.070 	-0.147 	0.033 	0.015 	
44.993 	-89.365 	71.954 	-0.069 	-0.132 	-0.211 	
-43.949 	-108.104 	62.574 	0.193 	-0.018 	0.150 	
-1802.388 	-875.878 	1156.047 	-0.274 	-0.123 	0.147 	
-364.751 	894.079 	157.414 	-0.448 	1.192 	0.095 	
-12.693 	-18.558 	37.294 	-0.097 	0.034 	-0.040 	
-25.557 	-104.700 	78.662 	-0.132 	0.051 	0.003 	
3.849 	-82.071 	94.827 	-0.008 	-0.004 	-0.240 	
126.789 	-51.191 	76.887 	0.740 	0.249 	0.131 	
-95.513 	-82.265 	37.753 	-0.032 	0.056 	0.078 	
503.939 	-373.029 	-470.778 	0.031 	-0.026 	-0.000 	
-95.189 	-156.621 	64.087 	0.066 	0.034 	0.079 	
66.048 	-84.118 	37.220 	-0.043 	0.145 	-0.014 	
37.109 	-6.197 	78.468 	-0.099 	0.051 	-0.005 	
-30.842 	-128.382 	-18.179 	0.046 	-0.020 	0.081 	
-28.077 	-289.638 	141.156 	0.084 	-0.021 	0.011 	
-970.539 	-313.389 	207.752 	-0.114 	-0.039 	0.002 	
802.332 	-978.318 	-87.784 	0.069 	-0.084 	-0.002 	
138.664 	29.140 	14.232 	-0.109 	-0.066 	0.009 	
26.515 	-80.860 	35.944 	-0.051 	-0.034 	0.174 	
-277.404 	7.606 	104.452 	-0.225 	0.081 	0.013 	
-16.440 	-89.210 	83.730 	0.149 	-0.014 	0.076 	
-82.766 	-207.648 	49.794 	0.027 	-0.018 	0.003 	
3.751 	-89.763 	-10.097 	0.045 	0.043 	-0.018 	
4.901 	-67.027 	106.100 	-0.014 	-0.100 	0.037 	
112.813 	-85.282 	110.450 	-0.045 	-0.054 	-0.095 	
38.098 	-96.875 	45.152 	-0.218 	-0.084 	0.111 	
-65.373 	90.312 	10.109 	-0.033 	-0.017 	0.012 	
-4.944 	-89.870 	71.748 	-0.015 	0.114 	0.064 	
-180.265 	-109.181 	75.285 	-0.051 	-0.152 	0.042 	
-149.240 	-71.961 	101.875 	0.046 	-0.035 	0.033 	
-54.108 	-96.552 	128.324 	-0.075 	-0.020 	-0.014 	
113.673 	-34.506 	119.734 	0.049 	-0.001 	-0.147 	
-325.493 	1570.247 	-1239.013 	-0.334 	1.431 	-1.152 	
50.456 	-79.190 	84.987 	-0.204 	0.019 	0.062 	
-29.819 	-45.530 	53.458 	0.144 	-0.077 	0.059 	
-114.543 	-140.706 	57.212 	-0.030 	-0.045 	0.161 	
-40.798 	-87.909 	68.781 	-0.024 	-0.053 	-0.013 	
-113.935 	-48.548 	100.927 	0.016 	-0.100 	-0.105 	
-44.588 	-28.070 	1.590 	0.067 	-0.005 	0.079 	
419.488 	727.603 	-46.332 	0.004 	0.076 	-0.005 	
-2404.841 	2654.401 	1111.678 	-0.403 	0.453 	0.185 	
100.219 	-35.863 	-55.016 	0.022 	-0.047 	0.111 	
-59.616 	-75.005 	100.013 	0.011 	-0.030 	-0.066 	
55.389 	-68.052 	1.791 	-0.005 	-0.035 	-0.095 	
-37.191 	-65.428 	35.102 	0.024 	0.074 	0.113 	
429.000 	513.459 	810.172 	0.036 	0.034 	0.053 	
80.908 	-186.332 	6.120 	-0.049 	-0.087 	0.061 	
-80.994 	-60.311 	8.948 	0.018 	-0.023 	-0.056 	
63.875 	-40.091 	43.355 	0.077 	0.013 	0.003 	
2383.942 	-2750.522 	13.579 	0.259 	-0.302 	0.004 	
2.729 	-179.498 	75.797 	-0.037 	-0.007 	-0.059 	
-93.759 	-72.177 	35.661 	-0.016 	0.107 	-0.136 	
-22.135 	-95.063 	32.257 	-0.075 	-0.006 	-0.197 	
27.694 	-68.797 	83.374 	-0.084 	-0.028 	-0.005 	
-6.418 	-170.662 	119.238 	0.130 	0.022 	-0.009 	
-24.646 	-156.389 	121.176 	0.011 	0.135 	0.050 	
-22.913 	-120.443 	113.688 	0.010 	0.086 	-0.036 	
23.369 	-77.622 	68.690 	0.049 	0.174 	0.075 	
-9.698 	-104.319 	119.203 	0.043 	0.012 	-0.170 	
-4.279 	-57.513 	81.016 	-0.079 	-0.001 	-0.086 	
1026.380 	-2596.214 	-78.008 	0.117 	-0.284 	-0.015 	
148.912 	43.794 	190.553 	-0.075 	-0.030 	-0.069 	
-91.309 	-96.255 	173.603 	-0.119 	0.025 	0.122 	
109.916 	-109.684 	54.092 	0.129 	0.041 	-0.074 	
84.136 	-307.618 	196.014 	0.048 	0.025 	-0.015 	
-2.502 	-150.360 	99.755 	0.024 	-0.099 	0.094 	
59.095 	-95.486 	50.988 	0.112 	-0.057 	-0.010 	
-50.843 	-50.465 	13.008 	0.031 	0.016 	0.099 	
74.316 	3.679 	68.944 	-0.077 	0.131 	0.044 	
-19.306 	-55.319 	132.963 	-0.044 	0.023 	-0.042 	
111.387 	-217.680 	105.462 	0.075 	-0.145 	0.020 	
-141.118 	-14.210 	120.432 	-0.019 	-0.033 	-0.021 	
-153.081 	-123.253 	-54.633 	-0.036 	0.040 	-0.063 	
-3.711 	-90.835 	92.911 	0.089 	-0.030 	0.041 	
-26.131 	-106.769 	66.446 	0.095 	-0.018 	-0.108 	
717.299 	-279.587 	415.031 	0.043 	-0.032 	0.027 	
-14.661 	-97.334 	91.730 	0.013 	-0.104 	0.015 	
-3.667 	-77.966 	76.705 	-0.123 	-0.030 	0.043 	
1.516 	-138.424 	48.894 	-0.085 	-0.104 	-0.030 	
375.053 	109.975 	297.501 	0.010 	0.022 	0.019 	
5.011 	-85.597 	96.971 	-0.091 	0.069 	0.105 	
-43.690 	-91.939 	63.960 	-0.005 	-0.003 	0.083 	
-32.646 	-116.540 	125.372 	-0.141 	-0.071 	-0.104 	
14.462 	-101.798 	16.760 	-0.146 	-0.096 	0.056 	
104.019 	-104.495 	72.954 	-0.065 	0.043 	0.036 	
2295.692 	5315.959 	-19973.155 	0.265 	0.621 	-2.368 	
-25.852 	-80.624 	-16.212 	0.006 	-0.032 	-0.112 	
19.029 	-74.979 	49.298 	0.114 	0.001 	0.015 	
-116.833 	-43.294 	180.523 	-0.079 	0.039 	0.031 	
-2.018 	-68.610 	52.760 	0.059 	0.016 	-0.166 	
28.916 	-93.872 	64.989 	0.042 	-0.076 	-0.126 	
17.045 	-249.849 	75.195 	0.063 	0.058 	0.022 	
-146.249 	-99.152 	152.010 	0.065 	0.008 	-0.066 	
-42.760 	-124.155 	91.747 	-0.145 	0.017 	0.021 	
-59.004 	-60.020 	68.565 	-0.055 	0.104 	0.083 	
89.269 	-81.952 	-158.199 	0.026 	0.014 	-0.087 	
-21.851 	-108.719 	62.777 	-0.284 	0.096 	0.114 	
-24.851 	-99.203 	66.605 	-0.100 	0.070 	0.003 	
-11.055 	-108.480 	88.866 	0.118 	0.131 	-0.044 	
-110.239 	-205.129 	107.763 	-0.034 	-0.100 	-0.030 	
-23.256 	-93.746 	83.334 	0.076 	0.029 	-0.072 	
56.646 	-76.456 	39.342 	0.084 	0.117 	-0.020 	
-33.415 	-67.199 	64.859 	-0.019 	-0.213 	0.162 	
-6.721 	-103.746 	-118.061 	-0.095 	-0.047 	0.009 	
-4.329 	-156.258 	-0.180 	0.059 	-0.114 	-0.116 	
134.719 	-117.255 	80.226 	-0.074 	-0.024 	-0.050 	
54.470 	-67.765 	62.347 	0.076 	-0.072 	0.106 	
99.872 	196.881 	217.809 	-0.033 	-0.033 	-0.034 	
-10703.250 	1043.307 	-8308.541 	-2.458 	0.225 	-1.894 	
11.692 	-82.072 	78.718 	0.112 	0.022 	-0.268 	
933.028 	-524.786 	-490.057 	0.069 	-0.058 	-0.042 	
4.608 	-88.983 	47.644 	-0.170 	-0.009 	0.071 	
11521.763 	-1391.190 	8225.562 	2.624 	-0.332 	1.887 	
9.337 	-46.260 	28.293 	-0.119 	0.019 	-0.093 	
-67.486 	-151.419 	48.149 	-0.557 	-0.402 	-0.045 	
-59.912 	-92.775 	180.439 	-0.066 	0.049 	0.024 	
-12.862 	-65.160 	131.322 	-0.087 	0.073 	-0.137 	
-81.283 	-32.904 	109.667 	0.073 	-0.032 	-0.070 	
283.208 	128.880 	32.984 	0.008 	0.011 	0.017 	
-133.620 	-44.454 	35.256 	-0.114 	0.083 	-0.000 	
-218.623 	1491.890 	-173.695 	-0.057 	0.284 	-0.038 	
147.264 	-10.271 	118.602 	-0.062 	-0.040 	-0.024 	
20.035 	-106.343 	112.593 	0.098 	0.021 	-0.030 	
11.510 	-97.168 	51.784 	0.138 	0.024 	-0.061 	
8.541 	-96.964 	49.696 	0.009 	-0.009 	-0.074 	
-29.559 	-170.843 	218.127 	-0.030 	0.005 	-0.025 	
-27.551 	-74.576 	83.373 	-0.077 	-0.060 	-0.093 	
43.700 	18.897 	40.789 	-0.102 	0.067 	-0.033 	
11.709 	-108.998 	74.652 	-0.134 	0.043 	-0.083 	
-192.829 	-61.539 	52.133 	-0.002 	0.002 	0.106 	
4972.013 	1963.040 	2179.496 	0.569 	0.233 	0.255 	
-14.244 	-61.692 	17.004 	-0.041 	0.064 	0.072 	
8.976 	-75.688 	79.002 	-0.072 	0.105 	0.133 	
-14.858 	-102.008 	71.365 	0.238 	-0.068 	-0.158 	
-53.320 	-82.866 	127.839 	-0.075 	-0.002 	0.086 	
114.651 	-253.931 	-22.260 	0.025 	0.050 	0.052 	
-9.525 	-77.468 	100.349 	0.110 	-0.089 	0.052 	
65.778 	-99.496 	68.622 	-0.091 	0.052 	0.087 	
39.711 	-53.418 	90.781 	0.153 	0.036 	0.026 	
33.559 	-91.508 	69.817 	0.273 	0.038 	0.111 	
-51.577 	-157.906 	136.824 	-0.075 	0.031 	-0.017 	
-75.973 	-108.570 	61.428 	0.156 	-0.069 	0.027 	
-1.400 	-69.459 	105.894 	0.028 	0.090 	-0.198 	
-26.733 	-84.311 	72.348 	-0.162 	-0.001 	0.194 	
-162.819 	-811.310 	1547.840 	-0.039 	-0.076 	0.159 	
-4.136 	-100.430 	89.583 	-0.227 	-0.007 	-0.151 	
55.887 	-2.972 	-24.496 	0.003 	-0.080 	0.033 	
55.979 	-20.260 	58.603 	0.037 	0.088 	-0.077 	
-1.853 	-91.560 	90.502 	-0.053 	0.063 	-0.020 	
95.025 	-35.774 	86.875 	0.042 	-0.049 	-0.045 	
-140.123 	7.856 	262.865 	-0.058 	-0.014 	0.005 	
731.519 	-160.923 	423.776 	0.048 	-0.022 	0.039 	
166.480 	-98.010 	61.558 	-0.105 	0.029 	0.078 	
-870.271 	607.409 	-622.110 	-0.132 	0.117 	-0.108 	
-1.879 	-127.896 	120.487 	-0.104 	0.015 	-0.119 	
42.856 	-65.846 	23.731 	0.004 	0.033 	0.019 	
47.475 	-65.722 	55.750 	-0.257 	0.048 	0.065 	
-15.059 	-153.136 	115.400 	0.129 	0.121 	0.049 	
21.671 	-111.475 	51.279 	-0.149 	-0.074 	0.056 	
38.847 	-96.458 	100.109 	0.123 	0.205 	-0.024 	
-10.307 	-84.504 	48.170 	-0.069 	0.031 	-0.100 	
-23.163 	-59.582 	112.342 	-0.067 	-0.134 	-0.033 	
-23.551 	-117.603 	111.200 	-0.151 	0.099 	0.037 	
-51.990 	-108.771 	78.514 	0.049 	-0.006 	-0.080 	
-13.680 	-81.375 	79.796 	-0.166 	-0.077 	-0.081 	
-1816.398 	668.546 	-2394.407 	-0.245 	0.092 	-0.304 	
-190.816 	-145.047 	96.416 	-0.002 	-0.058 	0.100 	
-34.120 	-70.604 	70.229 	0.211 	0.045 	0.057 	
-75.446 	-90.185 	125.506 	0.129 	-0.006 	0.036 	
217.835 	-52.497 	183.297 	0.034 	0.019 	0.039 	
-3.800 	-145.761 	56.580 	-0.145 	-0.061 	0.096 	
-20.719 	-70.025 	94.799 	0.041 	0.064 	0.079 	
29.643 	-28.608 	95.487 	0.003 	-0.003 	0.028 	
173.229 	229.395 	-78.548 	-0.018 	-0.015 	0.010 	
-3.198 	-350.653 	84.337 	0.041 	-0.017 	0.009 	
-752.657 	-328.620 	193.070 	-0.043 	-0.032 	0.044 	
-37.668 	-81.917 	78.757 	-0.010 	0.097 	0.039 	
98.500 	-35.034 	116.021 	0.052 	0.062 	0.097 	
86.472 	-150.220 	153.601 	0.011 	-0.046 	0.063 	
-42.070 	-181.433 	117.597 	0.046 	-0.067 	-0.010 	
-22.670 	-101.173 	83.298 	-0.135 	-0.051 	-0.110 	
27.883 	-88.148 	53.646 	-0.123 	-0.195 	0.077 	
70.361 	-159.284 	159.658 	0.082 	-0.106 	0.079 	
55.660 	-37.602 	8.688 	-0.111 	0.034 	0.112 	
-9.083 	-79.039 	80.375 	0.110 	-0.135 	0.174 	
681.399 	-1147.910 	926.553 	0.112 	-0.212 	0.168 	
1.768 	-122.991 	141.137 	-0.076 	-0.107 	0.064 	
-15.444 	-67.524 	57.389 	-0.144 	-0.032 	0.066 	
-27.547 	-207.791 	479.843 	-0.031 	-0.045 	0.074 	
-17.298 	-235.016 	10.036 	-0.016 	-0.067 	-0.041 	
15.849 	-100.074 	-43.805 	0.102 	-0.077 	0.049 	
22.776 	-112.207 	160.295 	0.054 	0.004 	0.016 	
13.062 	-83.030 	93.103 	-0.089 	-0.077 	0.027 	
-43.496 	-78.604 	65.630 	-0.123 	0.006 	0.059 	
-14.519 	-159.708 	100.698 	0.056 	-0.009 	0.098 	
267.412 	-863.382 	526.840 	-0.010 	-0.062 	0.042 	
41.333 	-72.668 	24.908 	-0.101 	-0.001 	0.045 	
21.485 	-403.163 	57.876 	0.006 	-0.273 	-0.040 	
11.144 	-48.823 	48.470 	0.072 	-0.035 	0.186 	
26.839 	-111.015 	123.269 	-0.024 	0.007 	-0.027 	
-50.752 	-44.985 	180.073 	0.031 	-0.064 	-0.103 	
-51.751 	-106.623 	102.103 	0.102 	-0.017 	-0.005 	
-42.567 	-118.749 	81.474 	0.137 	-0.084 	0.035 	
-22.958 	-14.116 	66.316 	-0.083 	-0.140 	0.014 	
99.692 	-42.268 	47.140 	0.005 	0.052 	0.059 	
26.337 	-66.856 	91.548 	0.110 	0.119 	-0.078 	
103.901 	-83.283 	38.729 	0.050 	0.123 	-0.029 	
-1.317 	-90.198 	86.768 	-0.058 	0.048 	0.005 	
-59.544 	-85.587 	163.725 	-0.091 	-0.018 	0.140 	
15.818 	-69.380 	44.827 	0.059 	-0.040 	-0.095 	
-75.177 	-140.915 	-50.044 	0.052 	-0.020 	0.043 	
43040.172 	12044.519 	26665.100 	5.490 	1.541 	3.410 	
82.896 	173.061 	27.071 	0.024 	0.056 	-0.010 	
61.530 	-6.281 	196.360 	0.000 	0.017 	0.001 	
4.762 	-112.493 	64.492 	0.088 	-0.118 	0.119 	
1.226 	-102.851 	87.628 	-0.075 	0.012 	0.006 	
13.443 	-233.660 	25.620 	0.028 	-0.021 	0.018 	
-62.691 	-139.193 	132.387 	0.007 	-0.047 	0.010 	
-68.702 	-139.373 	101.125 	-0.164 	0.037 	-0.027 	
-12.914 	-113.200 	83.615 	-0.050 	-0.018 	-0.051 	
-60.391 	-97.639 	22.576 	-0.140 	-0.050 	-0.043 	
-40.515 	-137.263 	164.230 	-0.017 	-0.093 	0.079 	
-63.215 	31.768 	39.405 	-0.039 	-0.052 	0.064 	
-134.475 	-24.968 	141.748 	0.007 	-0.011 	-0.028 	
-79.626 	-120.222 	60.387 	-0.006 	-0.155 	0.019 	
-749.661 	1740.152 	-590.302 	-0.097 	0.214 	-0.077 	
-50.174 	-284.203 	191.448 	-0.027 	-0.204 	0.130 	
42.075 	-41.281 	120.935 	-0.093 	0.086 	0.009 	
17.514 	-86.167 	97.674 	0.012 	-0.005 	0.122 	
-50.747 	-93.262 	96.557 	-0.129 	-0.044 	0.034 	
78.571 	-30.764 	-25.954 	-0.105 	-0.077 	0.092 	
-5.679 	-127.056 	105.594 	0.098 	-0.117 	0.037 	
-53.696 	-145.577 	114.215 	0.028 	-0.082 	0.021 	
57.203 	-67.788 	41.322 	-0.052 	0.023 	0.048 	
-54.342 	-213.126 	87.321 	0.125 	-0.074 	0.031 	
-24.373 	-81.292 	36.854 	-0.028 	0.012 	-0.054 	
108.153 	-186.046 	96.661 	0.087 	-0.066 	0.075 	
935.581 	52.802 	-111.910 	0.050 	-0.002 	-0.004 	
-11.568 	-51.820 	122.043 	-0.049 	-0.116 	0.011 	
-84.161 	-48.771 	86.590 	-0.071 	-0.047 	-0.018 	
-217.360 	32.732 	-159.652 	0.004 	-0.005 	-0.008 	
21.161 	-75.341 	69.983 	0.089 	0.062 	0.059 	
2114.587 	342.451 	2569.718 	0.388 	0.077 	0.447 	
-128.815 	-103.988 	147.665 	0.146 	-0.006 	-0.009 	
62.235 	-26.022 	62.005 	-0.106 	0.144 	-0.037 	
-68.824 	-96.211 	93.293 	-0.128 	-0.152 	-0.012 	
102.445 	-51.411 	47.596 	-0.100 	0.096 	-0.088 	
0.554 	-61.937 	82.550 	-0.107 	-0.143 	0.148 	
-36.843 	-76.564 	259.479 	-0.021 	-0.006 	-0.044 	
-15.731 	-108.277 	71.230 	-0.053 	-0.280 	0.120 	
-37.314 	-97.272 	104.491 	0.163 	0.013 	-0.078 	
-10.613 	-96.129 	74.052 	0.107 	0.025 	0.173 	
-360.889 	-206.109 	935.250 	-0.047 	-0.006 	0.081 	
-42.881 	-52.933 	105.805 	0.136 	0.059 	0.023 	
-32.187 	-73.835 	67.552 	-0.095 	0.123 	0.083 	
-701.342 	-64.260 	-229.084 	-0.113 	-0.015 	-0.007 	
-79.191 	-123.328 	1.639 	-0.130 	-0.039 	0.060 	
-87.219 	-136.061 	69.325 	-0.095 	0.064 	-0.021 	
-58.376 	-146.683 	184.781 	-0.005 	-0.107 	0.002 	
-67.174 	-127.525 	207.125 	0.109 	-0.013 	0.069 	
34.708 	-88.770 	110.992 	-0.132 	0.027 	0.059 	
-87.611 	-88.467 	62.973 	-0.059 	-0.131 	0.010 	
111.973 	-92.822 	23.293 	0.009 	-0.089 	-0.070 	
3218.409 	2019.357 	-1181.107 	0.439 	0.274 	-0.163 	
-5.442 	-826.897 	457.781 	-0.038 	-0.215 	0.111 	
47.430 	-68.625 	52.663 	0.175 	0.025 	-0.092 	
1234.106 	599.827 	-20.519 	0.205 	0.119 	-0.008 	
37.366 	-8.273 	103.780 	-0.002 	0.148 	0.028 	
-35.346 	-68.215 	202.973 	-0.030 	0.017 	-0.125 	
-287.741 	129.756 	60.781 	-0.080 	0.002 	0.014 	
-50.015 	-155.825 	96.579 	-0.046 	-0.078 	0.050 	
-20.314 	-138.147 	89.201 	-0.132 	-0.010 	0.050 	
-4.900 	-84.448 	17.605 	-0.078 	-0.021 	0.178 	
-164.922 	8.477 	126.893 	-0.001 	-0.042 	0.028 	
-138.470 	-51.549 	64.196 	-0.099 	-0.019 	0.031 	
-44.884 	-103.540 	50.265 	0.085 	0.003 	0.085 	
7.181 	-65.035 	123.828 	-0.098 	0.079 	0.080 	
119.218 	28.399 	97.503 	0.089 	0.037 	0.088 	
-10.230 	-87.836 	78.229 	0.133 	-0.090 	0.025 	
186.398 	-199.705 	47.441 	0.012 	-0.031 	0.009 	
-72.695 	-169.047 	41.215 	-0.156 	0.042 	0.056 	
-79.565 	-111.312 	64.535 	-0.129 	-0.011 	0.097 	
72.886 	-59.962 	15.833 	0.056 	-0.085 	0.060 	
-145.354 	-107.045 	267.055 	0.024 	-0.006 	-0.036 	
2.037 	-96.424 	93.129 	0.108 	-0.024 	-0.228 	
41.328 	-104.408 	15.168 	-0.121 	-0.004 	0.036 	
-80.362 	-85.218 	-2.746 	-0.078 	-0.004 	-0.038 	
50.222 	-101.698 	104.071 	-0.152 	0.033 	-0.026 	
-681.882 	-1.172 	46.381 	-0.155 	0.009 	-0.007 	
-25.093 	-107.198 	104.005 	0.059 	0.021 	-0.091 	
-49.030 	-55.111 	43.523 	0.055 	0.038 	0.026 	
-555.107 	-1319.260 	-372.858 	-0.419 	-0.987 	-0.330 	
24.080 	-144.333 	-0.058 	-0.112 	0.075 	0.145 	
-115.734 	-134.798 	7.533 	0.000 	-0.059 	-0.005 	
8.445 	-93.699 	37.961 	0.131 	0.060 	-0.035 	
124.434 	-86.619 	83.400 	-0.051 	-0.014 	0.074 	
70.554 	-10.250 	60.630 	0.101 	0.042 	-0.090 	
530.481 	2658.447 	4453.774 	0.067 	0.435 	0.723 	
1840.127 	-683.924 	-232.136 	0.443 	-0.156 	-0.069 	
25.359 	-86.723 	73.032 	-0.032 	0.087 	-0.040 	
-120.070 	-183.956 	-73.603 	-0.027 	-0.053 	-0.107 	
0.046 	-66.706 	35.175 	0.123 	-0.150 	0.070 	
-45.772 	-153.698 	-38.821 	-0.016 	-0.068 	0.051 	
-214.663 	-152.255 	-64.264 	-0.145 	-0.035 	-0.073 	
2577.344 	510.831 	-5611.556 	0.276 	0.060 	-0.627 	
-11926.239 	-55445.735 	-87321.164 	-1.525 	-7.107 	-11.197 	
214.531 	-106.190 	-26.442 	0.073 	-0.007 	0.024 	
5.838 	-61.090 	119.524 	0.143 	0.044 	0.071 	
30.828 	-23.832 	43.432 	0.072 	-0.109 	0.000 	
71.174 	-71.126 	72.724 	0.050 	0.042 	0.031 	
112.470 	-17.587 	-72.287 	0.010 	0.013 	-0.022 	
51.378 	-110.962 	49.218 	-0.012 	0.031 	-0.136 	
-14.837 	-99.004 	104.147 	0.047 	-0.083 	0.091 	
5.940 	-124.543 	71.100 	0.013 	-0.038 	-0.107 	
-45.318 	-122.831 	67.080 	0.076 	-0.038 	0.153 	
134.557 	96.292 	147.366 	0.127 	-0.018 	-0.013 	
2076.040 	-993.378 	-415.246 	0.291 	-0.129 	-0.057 	
60.766 	-111.966 	66.674 	-0.009 	0.075 	-0.026 	
-1395.234 	-264.500 	-715.953 	-0.248 	-0.053 	-0.123 	
-87.353 	-176.316 	39.394 	0.054 	0.094 	0.009 	
56.275 	-121.742 	50.858 	0.033 	-0.060 	-0.116 	
4003.803 	1468.035 	-670.760 	0.556 	0.205 	-0.095 	
-873.526 	424.875 	502.406 	-0.291 	0.143 	0.137 	
631.432 	-703.705 	-294.552 	0.058 	-0.078 	-0.029 	
1155.224 	-428.757 	3468.366 	0.215 	-0.072 	0.645 	
9.072 	-83.313 	44.373 	0.200 	0.098 	0.004 	
-592.494 	1591.290 	261.575 	-0.344 	0.891 	0.088 	
-27.824 	-86.034 	85.101 	-0.158 	-0.019 	0.097 	
39.900 	-123.297 	10.296 	0.109 	0.018 	0.157 	
10.407 	84.657 	213.245 	-0.055 	-0.027 	-0.018 	
118.579 	-127.140 	111.452 	0.019 	0.011 	0.049 	
-28.330 	-80.026 	67.257 	-0.111 	-0.072 	-0.108 	
-54.519 	201.682 	108.069 	-0.034 	0.015 	0.014 	
253.903 	-58.237 	-29.715 	0.041 	-0.006 	0.021 	
-2.722 	-121.361 	96.660 	-0.042 	-0.001 	0.047 	
129.743 	-27.356 	54.284 	-0.000 	-0.032 	0.124 	
25.980 	-57.433 	130.519 	0.065 	-0.026 	0.101 	
63.270 	-53.767 	51.819 	0.081 	-0.033 	-0.194 	
72.062 	-77.076 	120.751 	0.102 	-0.006 	-0.004 	
67.083 	-150.018 	28.968 	-0.097 	0.050 	-0.050 	
-12.666 	-105.845 	93.301 	0.187 	0.074 	-0.166 	
13.395 	-74.122 	156.672 	0.002 	-0.078 	0.070 	
-2.030 	-119.376 	39.849 	-0.041 	-0.028 	-0.137 	
-17.655 	-77.217 	73.172 	0.124 	-0.025 	0.121 	
1533.864 	-472.479 	1386.286 	0.260 	-0.089 	0.239 	
18.101 	-100.517 	112.652 	0.114 	-0.050 	0.098 	
-87.115 	-102.064 	69.278 	-0.053 	0.015 	-0.065 	
-575.760 	205.737 	300.849 	-0.031 	0.015 	0.028 	
5.357 	-23.541 	61.970 	0.022 	-0.123 	0.029 	
123.196 	-140.121 	52.376 	-0.065 	-0.067 	-0.070 	
44.922 	-63.890 	63.983 	0.103 	0.083 	-0.042 	
-7845.333 	4745.491 	2828.293 	-1.005 	0.616 	0.365 	
-19.837 	-80.341 	45.582 	-0.120 	-0.050 	0.119 	
-108.813 	-203.408 	98.082 	-0.030 	-0.075 	0.067 	
-164.445 	-95.724 	15.698 	-0.095 	0.029 	-0.012 	
-109.793 	-202.182 	132.856 	-0.102 	-0.132 	0.052 	
-139.703 	-20.813 	71.344 	0.091 	0.003 	-0.008 	
218.642 	-52.893 	15.523 	0.191 	0.079 	-0.029 	
93.957 	-93.730 	101.551 	-0.042 	0.060 	-0.028 	
-18.515 	-60.246 	69.585 	-0.084 	-0.032 	-0.080 	
34.423 	-41.042 	120.581 	-0.016 	-0.041 	-0.146 	
-69.581 	-100.864 	163.652 	-0.039 	0.049 	0.065 	
-64.736 	-163.807 	-245.075 	-0.086 	-0.009 	-0.146 	
-1475.670 	457.826 	-326.016 	-0.166 	0.037 	-0.030 	
52.468 	-75.532 	89.956 	-0.192 	-0.000 	-0.007 	
9.976 	-98.515 	81.077 	0.047 	-0.099 	0.006 	
47.780 	-72.988 	46.704 	-0.116 	0.098 	-0.013 	
4839.297 	1463.424 	-716.904 	0.908 	0.296 	-0.149 	
25.810 	-159.193 	63.017 	-0.021 	0.005 	-0.009 	
31.258 	-125.518 	76.551 	-0.036 	0.089 	0.018 	
21.479 	-60.446 	47.183 	0.097 	0.031 	-0.022 	
14.641 	-75.595 	56.165 	-0.128 	0.154 	-0.072 	
74.600 	-64.043 	68.799 	-0.107 	0.001 	0.044 	
-47.661 	-192.081 	182.210 	-0.102 	-0.037 	0.103 	
-94.189 	-151.733 	116.901 	-0.114 	-0.010 	0.041 	
67.087 	18.239 	38.781 	0.049 	0.069 	0.030 	
31.943 	-70.069 	30.965 	-0.045 	0.120 	-0.052 	
23.830 	-72.266 	72.740 	-0.128 	0.053 	-0.231 	
-106.143 	-91.582 	124.911 	-0.125 	-0.022 	0.038 	
573.182 	-1717.508 	1438.972 	0.462 	-1.481 	1.220 	
648.256 	-153.489 	-767.810 	0.088 	-0.021 	-0.120 	
107.472 	40.029 	-138.857 	0.017 	-0.014 	-0.009 	
-5.162 	-101.649 	99.064 	-0.072 	-0.144 	0.094 	
8.232 	-87.516 	5.842 	-0.041 	-0.120 	0.136 	
-388.048 	443.597 	-1482.548 	-0.044 	0.059 	-0.189 	
6.782 	-61.399 	125.826 	-0.133 	-0.031 	0.053 	
-1650.914 	917.894 	-2575.424 	-0.313 	0.181 	-0.491 	
68.846 	-102.364 	77.077 	-0.113 	-0.103 	-0.071 	
-39.970 	-170.842 	68.494 	-0.015 	-0.062 	0.007 	
47.455 	-42.850 	70.391 	0.013 	-0.096 	0.059 	
111.721 	-48.626 	11.187 	-0.009 	0.016 	-0.149 	
1062.317 	-8383.374 	5903.719 	0.104 	-1.019 	0.717 	
-74.629 	-167.843 	88.200 	0.111 	-0.082 	0.011 	
-42.192 	38.102 	106.281 	0.091 	0.033 	0.096 	
-1834.689 	-526.240 	1098.859 	-0.330 	-0.088 	0.179 	
494.770 	-408.909 	-453.335 	0.135 	-0.093 	-0.165 	
198.337 	-135.933 	9.475 	-0.070 	0.018 	0.022 	
-215.373 	-71.919 	84.944 	-0.045 	-0.072 	-0.026 	
63.600 	-101.506 	37.380 	0.108 	0.159 	0.011 	
-820.372 	-824.804 	-98.845 	-0.090 	-0.092 	-0.010 	
-18.764 	-63.160 	78.760 	0.074 	-0.112 	0.089 	
33.500 	-130.163 	94.197 	-0.153 	0.049 	-0.016 	
-33.741 	-110.040 	101.745 	0.143 	0.075 	-0.132 	
-8.926 	-110.363 	16.503 	0.057 	-0.044 	-0.168 	
2343.709 	-3792.038 	-3328.882 	0.262 	-0.438 	-0.390 	
-166.260 	-123.172 	95.796 	-0.120 	-0.089 	0.038 	
65.410 	-147.438 	68.287 	-0.037 	-0.121 	-0.059 	
4.151 	-110.954 	32.360 	-0.185 	-0.014 	-0.019 	
1199.519 	-487.002 	-1037.557 	0.357 	-0.131 	-0.341 	
55.048 	-91.125 	78.370 	-0.179 	-0.005 	-0.056 	
-125.154 	7.671 	6.245 	0.010 	-0.109 	0.002 	
-412.541 	-51.667 	61.516 	-0.096 	0.003 	-0.016 	
175.388 	-28.296 	64.282 	-0.094 	-0.055 	-0.037 	
33.761 	-109.066 	124.027 	-0.123 	0.038 	-0.003 	
-49.619 	74.618 	6.192 	-0.013 	-0.041 	-0.000 	
-14.955 	-78.401 	41.845 	0.156 	-0.088 	0.156 	
81.700 	-63.926 	54.882 	0.033 	-0.038 	0.007 	
18.882 	-73.082 	78.837 	-0.114 	-0.026 	-0.065 	
-21.730 	-85.031 	112.183 	0.040 	-0.118 	-0.000 	
100.446 	-76.411 	23.713 	-0.043 	-0.173 	-0.010 	
-81.522 	57.562 	175.177 	-0.127 	-0.026 	-0.026 	
-19.232 	-72.305 	120.362 	-0.093 	0.204 	0.117 	
-158.528 	-1230.904 	1048.876 	-0.074 	-0.245 	0.182 	
8.357 	-77.548 	75.457 	0.192 	0.087 	0.115 	
-2374.739 	-4834.916 	20749.343 	-0.288 	-0.579 	2.449 	
533.131 	86.540 	-150.099 	0.016 	-0.019 	-0.006 	
97.159 	-62.354 	28.593 	-0.058 	0.139 	0.004 	
-109.406 	-149.340 	86.131 	-0.140 	0.105 	-0.062 	
97.745 	-89.744 	167.061 	-0.091 	0.019 	0.110 	
-18.486 	-70.170 	93.116 	0.013 	-0.154 	0.027 	
22.616 	-118.180 	101.140 	0.074 	0.093 	-0.108 	
-84.189 	-184.025 	19.358 	0.094 	-0.077 	-0.083 	
-11.521 	-80.154 	109.887 	-0.056 	0.045 	0.057 	
-90.532 	-70.646 	106.172 	0.105 	-0.062 	0.016 	
-125.414 	-137.763 	119.542 	-0.054 	-0.057 	-0.004 	
-46.172 	-117.617 	85.057 	0.026 	-0.114 	0.104 	
-106.641 	-195.643 	-12.681 	0.021 	0.004 	0.026 	
21.117 	-100.384 	77.671 	0.145 	0.047 	0.061 	
-992.621 	-3102.490 	-15.887 	-0.132 	-0.395 	-0.007 	
-72.490 	-118.548 	35.840 	-0.021 	-0.004 	0.071 	
-104.279 	-78.871 	52.694 	0.028 	-0.073 	0.028 	
-19.688 	-110.814 	85.049 	-0.148 	-0.111 	-0.059 	
4.746 	-37.082 	88.834 	-0.055 	-0.061 	-0.011 	
5.594 	-120.160 	181.515 	0.144 	-0.059 	0.070 	
-109.289 	-56.392 	27.772 	-0.076 	-0.015 	-0.021 	
-451.888 	-241.284 	-18.232 	-0.150 	-0.058 	-0.013 	
63.000 	-80.930 	62.419 	-0.151 	-0.164 	0.125 	
-22.256 	-96.980 	79.118 	-0.094 	0.051 	-0.198 	
63.935 	40.484 	42.236 	-0.031 	-0.000 	0.020 	
28.748 	-98.021 	173.493 	-0.012 	0.070 	-0.086 	
-157.895 	-31.963 	170.162 	0.058 	0.058 	0.018 	
-39.493 	-141.527 	39.034 	-0.089 	0.096 	0.069 	
-406.908 	194.139 	-903.700 	-0.050 	0.009 	-0.061 	
-77.412 	-105.643 	40.259 	-0.029 	-0.002 	0.047 	
-1793.357 	438.459 	-1203.296 	-0.234 	0.062 	-0.165 	
4859.624 	-3678.381 	-465.431 	0.950 	-0.716 	-0.090 	
24.568 	-55.414 	95.401 	0.062 	-0.060 	0.111 	
37.121 	-96.334 	71.441 	0.061 	-0.007 	-0.139 	
32.693 	-74.723 	38.370 	-0.169 	-0.150 	0.024 	
-113.033 	-1.177 	215.455 	-0.276 	0.130 	0.278 	
-2.245 	-71.109 	59.949 	-0.247 	-0.003 	0.055 	
33.473 	-122.048 	78.937 	0.052 	-0.078 	0.103 	
163.943 	4.459 	53.516 	0.024 	0.123 	-0.017 	
-2.951 	-129.509 	131.634 	-0.207 	-0.119 	0.021 	
68.707 	-110.346 	61.842 	0.095 	0.080 	-0.066 	
124.660 	-49.922 	10.244 	-0.142 	-0.002 	0.060 	
-3853.947 	4738.460 	2592.440 	-0.463 	0.558 	0.302 	
74.288 	-76.403 	129.871 	-0.083 	-0.103 	-0.102 	
-42.828 	-157.053 	77.609 	-0.171 	-0.132 	0.022 	
-148.878 	-71.294 	99.886 	0.058 	-0.013 	-0.033 	
-89.451 	-90.827 	98.891 	-0.091 	-0.043 	0.025 	
-34.936 	-78.343 	52.528 	0.082 	0.181 	-0.026 	
-805.821 	507.958 	-23.126 	-0.105 	0.058 	-0.017 	
55.141 	-91.906 	47.119 	-0.117 	0.122 	-0.066 	
-83.104 	-156.288 	214.074 	-0.025 	-0.144 	0.177 	
-30.229 	86.797 	18.291 	-0.131 	-0.026 	0.034 	
-101.623 	-137.940 	7.308 	-0.039 	-0.058 	-0.143 	
219.265 	253.728 	-295.384 	-0.025 	0.009 	-0.052 	
-70.113 	-64.856 	29.627 	-0.108 	-0.036 	0.066 	
-927.998 	-265.016 	200.012 	-0.147 	-0.044 	0.037 	
-46.353 	575.580 	66.098 	-0.042 	0.325 	0.036 	
-21.388 	-48.950 	129.994 	-0.064 	0.008 	0.014 	
15.658 	49.262 	137.915 	0.095 	0.005 	0.036 	
28.087 	-143.082 	44.440 	-0.023 	-0.044 	-0.058 	
-42.369 	-272.128 	60.040 	-0.012 	-0.103 	0.028 	
-42.654 	-150.831 	173.642 	0.036 	0.118 	0.017 	
147779.145 	12078.595 	118998.885 	23.366 	1.917 	18.839 	
-18.985 	-43.336 	-144.016 	-0.017 	-0.054 	0.030 	
-80.319 	-52.833 	134.072 	-0.045 	-0.023 	-0.014 	
211.020 	-178.135 	167.238 	-0.061 	-0.017 	-0.023 	
-73.988 	-154.601 	50.864 	-0.103 	-0.122 	0.008 	
53.527 	-133.861 	215.219 	0.067 	0.066 	0.023 	
171.047 	-65.088 	92.008 	0.073 	-0.117 	-0.028 	
-48.433 	-166.237 	91.599 	-0.133 	-0.078 	0.126 	
64.538 	-115.965 	92.454 	0.105 	-0.144 	-0.095 	
-14.078 	-114.266 	74.538 	-0.051 	0.004 	0.058 	
-5.031 	-56.297 	73.140 	0.123 	0.078 	-0.163 	
-51.925 	-90.001 	-87.943 	0.035 	-0.011 	0.077 	
-42.690 	-47.985 	94.837 	-0.082 	-0.144 	-0.057 	
1573.012 	3137.639 	3266.561 	0.152 	0.345 	0.362 	
66.079 	-54.483 	1.918 	-0.006 	-0.083 	0.076 	
-386.739 	9262.234 	-6019.500 	-0.072 	1.121 	-0.729 	
9.550 	-76.588 	68.766 	-0.032 	-0.013 	0.077 	
-15778.511 	-19822.763 	-7502.388 	-2.939 	-3.666 	-1.397 	
28.431 	-30.954 	16.624 	0.033 	-0.033 	-0.043 	
-107.474 	-79.136 	48.135 	-0.089 	-0.055 	0.031 	
11136.802 	54424.256 	89486.907 	1.431 	6.974 	11.464 	
105.824 	-47.802 	-62.692 	0.013 	-0.017 	-0.029 	
-7.511 	102.388 	175.846 	-0.019 	-0.070 	0.027 	
-154.990 	-138.242 	45.192 	0.052 	0.070 	0.088 	
-214.574 	-90.353 	94.699 	-0.007 	-0.011 	0.098 	
40.344 	-81.933 	42.884 	0.163 	0.092 	-0.050 	
-48.299 	-35.775 	132.132 	0.125 	-0.105 	-0.014 	
94.212 	-58.096 	67.212 	-0.083 	-0.113 	0.025 	
-697.436 	527.560 	-78.829 	-0.079 	0.012 	-0.010 	
20.451 	-253.069 	116.483 	0.086 	0.001 	-0.018 	
1493.422 	-569.307 	601.143 	0.185 	-0.078 	0.079 	
17.275 	-129.925 	65.927 	0.006 	-0.116 	-0.042 	
-21.453 	-118.769 	87.395 	-0.197 	-0.016 	0.086 	
41.221 	-24.648 	91.614 	-0.037 	-0.012 	-0.040 	
-133.389 	-196.374 	76.590 	-0.093 	0.095 	0.044 	
-33.166 	-74.089 	76.661 	-0.043 	-0.056 	-0.146 	
-7.879 	-70.169 	51.070 	-0.095 	-0.098 	0.189 	
-48.692 	-151.874 	134.938 	0.036 	-0.032 	-0.054 	
-9.866 	-111.698 	56.584 	0.094 	0.048 	0.042 	
12.894 	-194.638 	-141.890 	0.049 	0.054 	-0.031 	
-6.656 	-50.026 	110.890 	0.007 	-0.130 	-0.007 	
28.542 	-84.579 	63.931 	-0.006 	0.105 	0.096 	
1118.134 	-1572.229 	882.203 	0.140 	-0.196 	0.104 	
-829.707 	260.879 	312.326 	-0.069 	-0.007 	0.035 	
-217.242 	-117.919 	93.495 	0.061 	0.053 	-0.006 	
22.212 	-106.081 	61.855 	-0.004 	0.001 	0.029 	
-16.804 	-13.661 	59.623 	-0.203 	-0.078 	-0.000 	
-33.984 	-56.523 	-2.500 	0.001 	0.019 	-0.017 	
61.421 	-55.220 	64.806 	0.059 	0.003 	0.080 	
-1959.393 	11689.830 	767.917 	-0.247 	1.412 	0.093 	
-20.690 	-107.538 	84.234 	0.156 	-0.083 	0.151 	
11.100 	-82.374 	55.104 	-0.226 	0.126 	0.044 	
-196.432 	-57.329 	47.512 	0.121 	0.002 	-0.005 	
-16.910 	-136.684 	86.686 	0.092 	-0.028 	0.094 	
105.947 	-81.088 	81.361 	0.013 	0.080 	-0.051 	
652.740 	-1675.111 	-615.443 	0.329 	-0.876 	-0.387 	
-65.062 	-58.534 	65.500 	0.007 	-0.052 	0.027 	
65.815 	7.167 	-32.712 	0.021 	0.024 	-0.068 	
113.545 	-127.953 	41.820 	-0.037 	-0.038 	-0.020 	
42.012 	-50.690 	55.335 	-0.041 	0.013 	-0.005 	
-70.098 	-120.204 	109.705 	0.016 	-0.088 	-0.059 	
17.545 	-31.748 	28.645 	0.008 	-0.112 	0.083 	
161.809 	-112.081 	218.828 	0.042 	0.008 	0.042 	
2.418 	-216.389 	252.493 	-0.010 	-0.024 	0.021 	
659.566 	199.159 	-8.167 	0.032 	0.022 	0.003 	
79.624 	-153.100 	97.226 	0.137 	-0.063 	0.005 	
-4529.914 	-5131.675 	-2393.814 	-0.521 	-0.567 	-0.262 	
126.977 	-41.148 	5.020 	0.074 	0.057 	-0.074 	
-76.348 	-46.641 	84.196 	0.104 	-0.058 	0.098 	
-1391.007 	-1974.052 	858.117 	-0.180 	-0.258 	0.109 	
-86.288 	-51.315 	42.199 	-0.152 	-0.048 	0.013 	
-1018.978 	431.093 	1204.435 	-0.132 	0.062 	0.159 	
-72.971 	-73.507 	49.934 	0.049 	-0.116 	-0.002 	
-47.851 	-77.363 	117.601 	-0.077 	-0.025 	0.012 	
-147.129 	-125.621 	94.884 	-0.069 	-0.018 	0.003 	
-20.900 	-96.155 	45.959 	-0.045 	-0.002 	-0.027 	
-6.387 	-70.872 	62.902 	0.229 	-0.013 	-0.025 	
-18.713 	-95.090 	80.642 	0.067 	0.147 	-0.049 	
-60.733 	17.904 	-89.654 	-0.078 	0.077 	-0.047 	
102.559 	-48.833 	87.004 	-0.038 	0.000 	0.081 	
14.062 	144.758 	-19.399 	0.025 	-0.046 	0.014 	
-23.891 	-74.377 	125.940 	-0.217 	0.007 	0.089 	
-37.567 	-83.943 	59.278 	-0.163 	0.065 	-0.104 	
-320.781 	-20.071 	131.983 	0.055 	-0.006 	0.009 	
56.612 	-19.979 	85.053 	0.018 	0.088 	0.007 	
-50.217 	-14.968 	45.873 	-0.147 	0.030 	0.032 	
135.642 	-72.440 	144.073 	0.005 	-0.054 	0.020 	
-42.379 	-75.160 	72.396 	0.070 	0.032 	-0.038 	
253.089 	49.941 	88.837 	-0.005 	-0.080 	0.016 	
30.543 	-32.155 	-5.091 	-0.084 	0.021 	-0.032 	
-79.895 	-76.588 	127.614 	0.156 	-0.077 	0.101 	
92.141 	-109.819 	17.820 	0.000 	-0.099 	-0.022 	
-7657.946 	32788.290 	41934.310 	-1.661 	6.956 	8.885 	
106.740 	-89.496 	26.113 	-0.007 	0.098 	-0.137 	
89.808 	-117.707 	21.230 	0.017 	0.106 	0.138 	
27.757 	-105.186 	84.378 	0.027 	0.130 	-0.056 	
-511.434 	535.812 	-350.877 	-0.108 	0.109 	-0.080 	
230.291 	60.326 	29.655 	0.082 	0.015 	-0.023 	
87.356 	-62.054 	34.569 	0.028 	-0.068 	0.067 	
54.275 	-144.439 	10.263 	0.054 	0.148 	0.028 	
97.334 	26.287 	131.844 	0.032 	-0.030 	0.024 	
25.884 	-77.109 	91.035 	0.117 	-0.028 	0.029 	
58.585 	-53.973 	133.705 	-0.035 	0.016 	-0.065 	
143.094 	-32.484 	156.861 	-0.008 	0.000 	-0.001 	
-1344.325 	-1602.969 	5546.959 	-0.163 	-0.176 	0.621 	
105.289 	-80.557 	74.523 	-0.104 	0.003 	0.160 	
18.980 	-84.717 	112.502 	-0.232 	-0.011 	-0.068 	
14.971 	-93.312 	129.922 	0.093 	0.002 	0.061 	
-7.145 	-62.695 	150.757 	-0.036 	-0.062 	-0.105 	
15.488 	-83.332 	76.744 	0.185 	0.084 	0.145 	
26.738 	-129.768 	81.730 	0.050 	0.144 	0.081 	
65.515 	-68.756 	51.677 	-0.066 	0.017 	0.012 	
241.745 	-80.106 	239.837 	-0.002 	-0.005 	0.024 	
26.018 	-56.364 	39.157 	0.074 	0.036 	0.002 	
-23.266 	-96.444 	13.462 	0.038 	0.075 	-0.144 	
2.445 	-75.791 	78.541 	-0.070 	0.050 	-0.051 	
-60.094 	-87.342 	96.108 	-0.089 	-0.106 	-0.011 	
-42.885 	-74.130 	79.936 	-0.189 	-0.106 	0.033 	
-39.152 	-103.502 	83.132 	-0.016 	0.035 	0.085 	
129.868 	-44.080 	164.056 	0.059 	0.062 	0.091 	
7.591 	-68.759 	29.978 	0.032 	-0.040 	0.094 	
95.004 	-85.348 	118.368 	0.054 	0.091 	-0.041 	
-77.630 	297.159 	76.621 	-0.088 	0.422 	-0.024 	
-40.189 	-64.388 	140.481 	0.005 	-0.011 	-0.067 	
-1447.531 	-2061.826 	-3179.371 	-0.254 	-0.330 	-0.514 	
-68.017 	-97.970 	129.179 	0.078 	-0.015 	-0.123 	
33.923 	-85.145 	33.649 	-0.065 	0.003 	-0.173 	
244.596 	-80.587 	44.047 	-0.086 	-0.021 	0.020 	
-45.397 	-78.106 	75.782 	-0.154 	0.094 	-0.044 	
198.313 	-59.163 	7.258 	0.084 	-0.002 	-0.003 	
-74.024 	6.536 	-38.014 	-0.012 	-0.106 	-0.059 	
21.679 	-82.146 	11.171 	0.135 	0.061 	0.033 	
-32.051 	-105.964 	46.688 	-0.021 	-0.102 	0.067 	
30.011 	-65.270 	-84.693 	0.110 	0.022 	0.022 	
-13.024 	-54.175 	39.017 	0.124 	0.052 	0.018 	
23.278 	-104.661 	78.559 	0.021 	-0.076 	-0.105 	
-414.567 	-10804.975 	-1846.216 	-0.060 	-1.308 	-0.223 	
-29.575 	-187.380 	164.825 	-0.067 	0.005 	0.027 	
-110.715 	-122.089 	88.052 	0.059 	0.046 	-0.067 	
-145943.453 	-13112.561 	-119410.466 	-23.128 	-2.071 	-18.899 	
-3.785 	-89.072 	142.070 	0.076 	-0.071 	-0.025 	
-21.184 	-85.517 	65.176 	-0.074 	0.284 	0.037 	
19.433 	-131.417 	128.561 	-0.074 	-0.073 	0.045 	
-22.289 	-68.315 	66.748 	0.061 	-0.088 	0.204 	
-32.889 	-155.663 	171.568 	-0.020 	0.101 	-0.035 	
-103.033 	-6.383 	-5.928 	-0.047 	0.031 	0.012 	
-107.010 	-182.234 	206.388 	-0.009 	-0.035 	-0.012 	
125.859 	-14.993 	49.194 	0.006 	-0.063 	-0.014 	
-1.838 	-17.943 	91.205 	-0.108 	-0.121 	-0.053 	
8082.429 	-33087.537 	-41582.960 	1.676 	-7.008 	-8.818 	
-135.001 	-119.920 	15.401 	-0.123 	-0.009 	-0.093 	
124.623 	-168.819 	117.807 	0.057 	-0.003 	-0.002 	
287.623 	32.619 	124.125 	0.039 	0.035 	0.019 	
6868.950 	-5211.737 	-4182.897 	0.881 	-0.660 	-0.534 	
64.023 	-176.154 	38.265 	-0.049 	0.082 	0.002 	
-3456.060 	-1386.787 	1021.643 	-0.705 	-0.256 	0.187 	
11.733 	-114.288 	37.441 	-0.160 	-0.157 	-0.019 	
