## Las primeras 500 lineas corresponden a la esfera 1 
##las siguienets 500 lineas a la esfera 2
## Las primeras tres columnas corresponden a la posición en 'x', 'y' y 'z', las siguientes tres a las velocidades
-49.203 	-2300.204 	242.576 	-0.010 	-0.244 	0.028 	
767.023 	-712.983 	-15.054 	0.086 	-0.077 	-0.002 	
882.385 	2937.882 	1963.041 	0.098 	0.314 	0.206 	
-2785.862 	3075.994 	2033.466 	-0.303 	0.333 	0.221 	
-545.579 	-620.031 	2882.554 	-0.054 	-0.066 	0.313 	
3108.311 	1981.695 	3495.687 	0.342 	0.215 	0.374 	
3187.165 	-1588.401 	-3110.120 	0.345 	-0.169 	-0.336 	
-2991.908 	-1693.843 	1111.430 	-0.321 	-0.177 	0.123 	
2585.554 	840.758 	1724.430 	0.276 	0.095 	0.185 	
985.761 	929.487 	1377.887 	0.105 	0.098 	0.151 	
2619.437 	-206.182 	142.147 	0.278 	-0.021 	0.013 	
-550.114 	-2390.261 	402.332 	-0.056 	-0.256 	0.045 	
557.953 	-1698.783 	260.770 	0.067 	-0.181 	0.029 	
1888.161 	2714.711 	2609.137 	0.198 	0.292 	0.279 	
-129.967 	2283.952 	-3652.564 	-0.015 	0.248 	-0.393 	
-1293.865 	-210.772 	18.213 	-0.139 	-0.018 	0.003 	
-1479.906 	2939.508 	-1208.393 	-0.162 	0.313 	-0.131 	
306.635 	1642.607 	-3304.881 	0.032 	0.171 	-0.358 	
-4349.551 	-3194.620 	-1836.545 	-0.474 	-0.342 	-0.200 	
1504.871 	-3750.092 	-3231.387 	0.158 	-0.405 	-0.349 	
374.381 	-3454.912 	4174.643 	0.042 	-0.367 	0.452 	
291.298 	1282.872 	3582.805 	0.030 	0.137 	0.380 	
-928.163 	-1617.781 	809.529 	-0.099 	-0.168 	0.085 	
-3016.816 	-2386.185 	1087.582 	-0.321 	-0.253 	0.115 	
2135.527 	-1494.559 	2412.844 	0.234 	-0.161 	0.256 	
-1367.937 	-19.457 	3194.701 	-0.141 	-0.001 	0.341 	
261.987 	-1930.907 	-113.102 	0.032 	-0.203 	-0.010 	
834.947 	-3596.867 	2656.187 	0.088 	-0.392 	0.286 	
-3063.292 	3096.911 	811.658 	-0.325 	0.332 	0.088 	
-1711.054 	-2664.477 	2146.336 	-0.180 	-0.284 	0.233 	
-1091.713 	-1848.510 	-3151.756 	-0.116 	-0.196 	-0.339 	
1489.433 	2459.740 	3002.618 	0.158 	0.261 	0.323 	
3019.693 	-1132.700 	2796.869 	0.325 	-0.121 	0.302 	
-1916.841 	2053.771 	267.127 	-0.199 	0.219 	0.030 	
319.151 	-1088.922 	-3402.136 	0.034 	-0.121 	-0.360 	
581.010 	-433.936 	375.577 	0.068 	-0.043 	0.041 	
-1459.394 	-2932.751 	-3378.020 	-0.158 	-0.313 	-0.369 	
-1385.417 	-3606.332 	2715.664 	-0.143 	-0.387 	0.292 	
-1389.293 	-310.346 	1961.598 	-0.151 	-0.031 	0.213 	
2337.561 	-3700.910 	2690.709 	0.251 	-0.398 	0.292 	
4004.564 	1445.167 	-166.500 	0.431 	0.150 	-0.019 	
720.937 	-896.734 	292.643 	0.080 	-0.091 	0.029 	
1483.777 	431.852 	2584.504 	0.140 	0.057 	0.287 	
-186.885 	-2560.182 	-1657.439 	-0.025 	-0.275 	-0.177 	
660.581 	-746.586 	2544.978 	0.075 	-0.081 	0.276 	
366.728 	658.885 	-1188.818 	0.044 	0.072 	-0.124 	
3831.716 	273.997 	67.521 	0.407 	0.021 	0.019 	
-906.898 	3588.401 	-955.343 	-0.097 	0.387 	-0.104 	
886.684 	-1044.578 	-1368.467 	0.100 	-0.114 	-0.145 	
3331.103 	2175.568 	1058.352 	0.359 	0.238 	0.114 	
-3032.543 	-1146.422 	-2504.380 	-0.323 	-0.126 	-0.273 	
1720.496 	-294.308 	1715.191 	0.180 	-0.031 	0.180 	
3768.534 	-1734.297 	-3686.125 	0.411 	-0.192 	-0.397 	
-258.281 	2331.706 	68.692 	-0.022 	0.249 	0.011 	
-2715.471 	2901.591 	2123.116 	-0.295 	0.310 	0.227 	
-580.588 	-3520.795 	1805.532 	-0.060 	-0.382 	0.197 	
-1431.426 	-65.520 	-2227.170 	-0.148 	-0.009 	-0.242 	
164.103 	-3105.695 	-1085.860 	0.022 	-0.334 	-0.118 	
-3643.234 	2617.578 	3123.025 	-0.394 	0.285 	0.339 	
2119.887 	3247.158 	1276.180 	0.230 	0.347 	0.133 	
-988.515 	3535.759 	928.966 	-0.111 	0.381 	0.099 	
1400.095 	2062.907 	-1220.475 	0.154 	0.219 	-0.130 	
-2835.904 	3807.797 	1504.602 	-0.310 	0.412 	0.163 	
2518.870 	751.956 	-1264.986 	0.271 	0.085 	-0.135 	
3068.089 	-3505.006 	-3542.135 	0.338 	-0.377 	-0.380 	
4371.218 	-1448.069 	-3634.270 	0.478 	-0.155 	-0.392 	
2803.328 	-2028.985 	-3167.551 	0.309 	-0.219 	-0.342 	
-4006.713 	4390.673 	-1277.575 	-0.435 	0.479 	-0.141 	
4345.344 	2017.765 	2596.225 	0.474 	0.218 	0.278 	
-619.765 	1202.675 	1562.298 	-0.067 	0.120 	0.169 	
2869.500 	1023.266 	1096.340 	0.313 	0.106 	0.115 	
1215.474 	-171.835 	1326.993 	0.136 	-0.016 	0.142 	
-69.002 	2232.484 	-3693.248 	-0.009 	0.239 	-0.395 	
-970.454 	-2790.548 	-1114.928 	-0.106 	-0.300 	-0.118 	
-1722.975 	1438.098 	2244.122 	-0.191 	0.154 	0.239 	
1660.742 	-486.327 	-863.194 	0.178 	-0.052 	-0.085 	
-105.587 	-818.902 	-2601.977 	-0.012 	-0.082 	-0.280 	
3260.251 	1922.844 	-3087.156 	0.354 	0.208 	-0.337 	
402.250 	-692.335 	-1446.464 	0.041 	-0.072 	-0.157 	
-26.883 	-934.138 	3115.805 	-0.000 	-0.103 	0.334 	
-584.731 	2839.571 	905.383 	-0.067 	0.300 	0.098 	
807.990 	-1486.820 	-999.850 	0.082 	-0.157 	-0.104 	
1833.238 	2365.279 	3044.386 	0.195 	0.257 	0.327 	
-793.370 	-2436.512 	3124.769 	-0.087 	-0.259 	0.338 	
2436.335 	-1259.378 	-610.730 	0.265 	-0.131 	-0.069 	
-2196.935 	-3098.742 	-3011.405 	-0.233 	-0.332 	-0.322 	
2314.381 	-734.554 	-1509.103 	0.252 	-0.071 	-0.171 	
-2437.520 	-2575.720 	2776.163 	-0.268 	-0.277 	0.300 	
-3299.014 	-3267.517 	2160.768 	-0.351 	-0.352 	0.235 	
-2982.681 	-1348.488 	-298.379 	-0.317 	-0.149 	-0.028 	
3946.506 	1841.236 	2784.977 	0.425 	0.204 	0.299 	
94.368 	1545.609 	2824.839 	0.009 	0.169 	0.304 	
295.905 	-692.450 	274.695 	0.035 	-0.077 	0.031 	
-448.660 	-3384.796 	-1372.977 	-0.045 	-0.367 	-0.144 	
3242.301 	-2136.396 	3213.038 	0.349 	-0.227 	0.345 	
-1211.562 	2104.190 	-3384.515 	-0.127 	0.234 	-0.361 	
3286.252 	810.428 	2096.463 	0.357 	0.086 	0.225 	
3535.515 	804.579 	-2328.068 	0.385 	0.087 	-0.250 	
4025.130 	3143.252 	496.129 	0.440 	0.337 	0.054 	
2137.098 	-1717.308 	2152.357 	0.225 	-0.188 	0.229 	
-2522.419 	3305.930 	1858.172 	-0.271 	0.351 	0.203 	
-4155.763 	-2963.168 	-1254.619 	-0.452 	-0.318 	-0.131 	
1121.086 	-3862.987 	2213.843 	0.122 	-0.418 	0.238 	
-1668.246 	-357.727 	2939.099 	-0.178 	-0.034 	0.319 	
2127.683 	-897.866 	1156.700 	0.234 	-0.097 	0.127 	
-3480.527 	1768.057 	3204.187 	-0.371 	0.191 	0.342 	
-3486.985 	-2411.879 	2298.933 	-0.380 	-0.258 	0.250 	
-4059.190 	4263.224 	-1721.630 	-0.441 	0.464 	-0.186 	
2520.530 	-1653.087 	148.810 	0.268 	-0.180 	0.020 	
4291.516 	-407.892 	-1338.389 	0.466 	-0.047 	-0.140 	
-1029.603 	-375.479 	2108.963 	-0.109 	-0.042 	0.229 	
904.210 	-1262.838 	1891.609 	0.092 	-0.136 	0.203 	
1659.848 	-29.556 	597.247 	0.174 	-0.007 	0.062 	
-660.144 	3634.932 	-1304.021 	-0.074 	0.388 	-0.136 	
-2471.104 	3359.237 	3384.921 	-0.267 	0.362 	0.367 	
-363.863 	3617.861 	3493.902 	-0.037 	0.392 	0.376 	
1094.749 	-3762.171 	-617.962 	0.116 	-0.405 	-0.061 	
-3971.086 	-1172.919 	3749.006 	-0.426 	-0.130 	0.403 	
2711.311 	-1671.696 	-1374.406 	0.291 	-0.184 	-0.143 	
-306.977 	2646.189 	510.789 	-0.038 	0.283 	0.058 	
-1837.883 	416.092 	2339.169 	-0.195 	0.045 	0.256 	
2127.569 	-2984.215 	-1335.763 	0.230 	-0.324 	-0.144 	
1715.163 	-504.239 	-2814.526 	0.184 	-0.048 	-0.303 	
3451.959 	-1585.056 	3568.243 	0.368 	-0.172 	0.385 	
-3825.853 	1284.466 	1886.566 	-0.416 	0.136 	0.202 	
1065.992 	-440.512 	-1343.392 	0.110 	-0.044 	-0.141 	
-3936.583 	-2517.143 	-1472.623 	-0.423 	-0.270 	-0.154 	
-4209.157 	-3870.528 	1571.123 	-0.459 	-0.417 	0.168 	
-3059.529 	1590.652 	-3703.204 	-0.330 	0.173 	-0.394 	
-3235.563 	-3421.665 	1303.100 	-0.344 	-0.370 	0.140 	
-371.895 	-2265.647 	1796.779 	-0.044 	-0.242 	0.195 	
-902.401 	2914.780 	-1673.826 	-0.099 	0.315 	-0.183 	
-2287.959 	1871.522 	22.766 	-0.247 	0.198 	0.002 	
36.579 	1056.917 	-3257.346 	0.000 	0.110 	-0.348 	
4040.017 	-3707.019 	346.008 	0.433 	-0.398 	0.034 	
-511.359 	-2888.816 	-1526.662 	-0.051 	-0.310 	-0.169 	
413.745 	-2254.637 	994.378 	0.041 	-0.242 	0.102 	
-2648.245 	-3444.801 	2703.464 	-0.280 	-0.374 	0.293 	
3165.932 	-1508.774 	-1565.891 	0.341 	-0.160 	-0.168 	
1413.628 	-2811.206 	867.047 	0.158 	-0.301 	0.096 	
-2697.800 	-1710.486 	-2165.380 	-0.286 	-0.186 	-0.233 	
3505.714 	-1012.326 	-945.511 	0.372 	-0.106 	-0.102 	
-2417.216 	3621.068 	889.809 	-0.262 	0.387 	0.099 	
-2914.198 	-3043.370 	501.830 	-0.315 	-0.327 	0.057 	
-945.565 	1097.415 	1344.399 	-0.105 	0.113 	0.144 	
2222.224 	-479.885 	3124.710 	0.238 	-0.051 	0.331 	
-1636.169 	-188.701 	-1317.650 	-0.173 	-0.016 	-0.141 	
-61.067 	1875.054 	2803.378 	-0.009 	0.200 	0.296 	
3370.799 	-3157.770 	-3682.739 	0.359 	-0.341 	-0.398 	
-260.141 	2602.044 	-1872.054 	-0.024 	0.276 	-0.202 	
3378.703 	-3650.196 	905.361 	0.365 	-0.392 	0.093 	
-2601.148 	-1014.374 	2276.553 	-0.275 	-0.106 	0.244 	
891.511 	1994.956 	3905.868 	0.094 	0.210 	0.421 	
-3950.055 	-3868.388 	-1474.074 	-0.426 	-0.416 	-0.161 	
-3335.487 	-185.947 	-3754.042 	-0.360 	-0.017 	-0.405 	
-349.458 	-1574.922 	-1338.463 	-0.043 	-0.170 	-0.143 	
3740.075 	-835.143 	2666.435 	0.413 	-0.089 	0.283 	
-3510.776 	-1813.168 	3474.650 	-0.379 	-0.198 	0.373 	
-1695.032 	-2752.519 	3894.110 	-0.180 	-0.298 	0.422 	
413.992 	-2721.521 	2283.588 	0.044 	-0.294 	0.247 	
3801.330 	-3137.111 	2883.835 	0.415 	-0.339 	0.313 	
-1178.579 	699.856 	728.219 	-0.123 	0.077 	0.075 	
-1345.831 	-87.956 	2199.705 	-0.155 	-0.001 	0.246 	
1914.424 	287.198 	-123.755 	0.210 	0.033 	-0.009 	
192.868 	-1395.759 	750.406 	0.019 	-0.149 	0.078 	
-1442.692 	-34.604 	-474.919 	-0.157 	-0.003 	-0.047 	
-1332.862 	2157.433 	-1901.696 	-0.142 	0.232 	-0.205 	
4298.840 	-942.695 	-255.633 	0.464 	-0.107 	-0.027 	
1241.253 	-106.162 	-411.173 	0.134 	-0.016 	-0.039 	
1440.193 	-815.157 	-811.979 	0.150 	-0.091 	-0.081 	
-2419.568 	727.496 	4067.703 	-0.259 	0.078 	0.439 	
2372.095 	1552.913 	159.148 	0.262 	0.163 	0.019 	
-3510.302 	676.269 	1488.285 	-0.379 	0.070 	0.159 	
960.710 	-253.456 	-1155.541 	0.101 	-0.032 	-0.124 	
-4058.629 	-1798.548 	3413.761 	-0.441 	-0.194 	0.367 	
-3154.914 	-1190.182 	-238.470 	-0.339 	-0.126 	-0.023 	
-1577.150 	-872.055 	-875.650 	-0.168 	-0.094 	-0.096 	
2461.369 	2193.397 	3071.693 	0.266 	0.237 	0.325 	
764.332 	-742.544 	3131.002 	0.084 	-0.079 	0.338 	
3683.221 	2308.732 	3985.082 	0.396 	0.253 	0.432 	
3176.483 	2900.311 	3212.830 	0.342 	0.314 	0.352 	
3413.632 	-2912.312 	-2961.411 	0.366 	-0.315 	-0.318 	
2527.418 	3537.783 	193.337 	0.278 	0.380 	0.020 	
-1771.766 	172.438 	1003.372 	-0.193 	0.016 	0.112 	
-697.380 	284.977 	-2270.055 	-0.073 	0.032 	-0.248 	
-558.261 	1625.482 	1791.458 	-0.065 	0.174 	0.192 	
-3989.447 	-3529.645 	2193.761 	-0.431 	-0.377 	0.242 	
-1556.992 	1251.868 	-1405.779 	-0.167 	0.136 	-0.148 	
-1083.313 	-3313.370 	-2544.660 	-0.117 	-0.353 	-0.275 	
-1805.369 	-3234.486 	-1950.180 	-0.189 	-0.347 	-0.210 	
294.336 	-3550.596 	-2926.266 	0.031 	-0.380 	-0.313 	
3179.018 	1271.564 	253.588 	0.347 	0.137 	0.030 	
3502.269 	-287.126 	-2431.687 	0.378 	-0.032 	-0.258 	
-1490.582 	534.967 	209.802 	-0.154 	0.056 	0.027 	
-1615.058 	1720.079 	939.909 	-0.179 	0.183 	0.102 	
3585.503 	-1647.887 	-38.693 	0.384 	-0.181 	-0.008 	
-2074.955 	1361.888 	-3743.060 	-0.225 	0.145 	-0.404 	
3701.597 	-268.088 	2375.664 	0.396 	-0.024 	0.258 	
817.233 	1261.882 	1069.868 	0.094 	0.137 	0.118 	
2319.433 	-720.096 	-1481.889 	0.250 	-0.084 	-0.151 	
-2245.951 	2814.647 	660.692 	-0.241 	0.298 	0.073 	
12.584 	-2783.392 	1689.380 	0.006 	-0.294 	0.180 	
-328.642 	-295.293 	-3001.406 	-0.030 	-0.031 	-0.320 	
-1104.178 	167.152 	631.442 	-0.120 	0.019 	0.068 	
-396.790 	-3183.081 	-3231.831 	-0.041 	-0.340 	-0.351 	
-840.521 	-1383.561 	3267.786 	-0.088 	-0.150 	0.344 	
4070.640 	-573.264 	-2914.984 	0.441 	-0.066 	-0.313 	
-858.065 	565.695 	-584.845 	-0.091 	0.058 	-0.060 	
3407.562 	-3517.025 	3246.003 	0.372 	-0.377 	0.350 	
-1152.475 	-1192.690 	1098.079 	-0.123 	-0.123 	0.117 	
-1033.326 	-90.661 	3311.938 	-0.108 	-0.006 	0.355 	
814.307 	1740.549 	371.599 	0.094 	0.186 	0.041 	
-3693.108 	3827.145 	-2770.855 	-0.401 	0.413 	-0.298 	
255.047 	-964.637 	-3763.340 	0.034 	-0.102 	-0.405 	
-639.245 	-1919.746 	2353.506 	-0.067 	-0.199 	0.254 	
-2259.889 	-1762.999 	-1570.794 	-0.247 	-0.189 	-0.167 	
2034.616 	3668.359 	-3155.353 	0.221 	0.396 	-0.346 	
-2204.877 	276.147 	2341.255 	-0.242 	0.029 	0.250 	
-109.442 	507.405 	1754.526 	-0.015 	0.054 	0.184 	
-566.934 	-732.614 	1125.002 	-0.052 	-0.085 	0.105 	
3515.164 	-900.008 	-2247.671 	0.378 	-0.102 	-0.244 	
4111.143 	-3868.105 	76.784 	0.442 	-0.417 	0.013 	
-3033.192 	-2231.281 	-173.811 	-0.331 	-0.241 	-0.020 	
111.996 	-3099.335 	838.411 	0.009 	-0.329 	0.093 	
-1473.266 	194.474 	3038.409 	-0.160 	0.017 	0.323 	
-1972.962 	3776.074 	176.329 	-0.208 	0.405 	0.022 	
-2766.276 	-2927.801 	1257.271 	-0.297 	-0.312 	0.134 	
3415.921 	-1386.061 	-2865.339 	0.370 	-0.148 	-0.312 	
-2433.688 	-3513.856 	2291.986 	-0.263 	-0.373 	0.247 	
-1653.954 	-73.925 	1393.647 	-0.177 	-0.014 	0.152 	
-1758.066 	369.689 	3593.745 	-0.189 	0.039 	0.389 	
-3150.233 	2333.984 	-539.374 	-0.337 	0.250 	-0.052 	
-3052.811 	1049.601 	112.321 	-0.333 	0.113 	0.013 	
-1108.852 	1018.543 	-1837.587 	-0.118 	0.112 	-0.195 	
3326.104 	4241.258 	-3832.626 	0.358 	0.463 	-0.416 	
-2747.350 	1515.017 	2158.313 	-0.299 	0.163 	0.236 	
-3056.245 	-348.565 	-3229.847 	-0.325 	-0.039 	-0.348 	
1865.147 	-2617.173 	1196.300 	0.203 	-0.284 	0.124 	
2852.075 	3021.626 	-241.501 	0.314 	0.325 	-0.023 	
3144.966 	1652.068 	-3529.035 	0.336 	0.180 	-0.376 	
2067.802 	990.977 	-2353.583 	0.220 	0.105 	-0.247 	
-1533.508 	-2981.930 	-888.590 	-0.162 	-0.316 	-0.097 	
2891.596 	-1306.307 	287.099 	0.313 	-0.138 	0.025 	
-673.353 	3245.752 	813.738 	-0.044 	0.371 	0.096 	
847.081 	-2219.853 	3248.722 	0.092 	-0.236 	0.343 	
-1889.830 	1226.151 	-1482.133 	-0.203 	0.130 	-0.162 	
-2802.102 	-110.359 	1393.055 	-0.304 	-0.012 	0.153 	
3042.358 	-1036.094 	2986.629 	0.331 	-0.113 	0.315 	
853.230 	-2243.108 	-3378.350 	0.096 	-0.242 	-0.358 	
4213.668 	703.948 	-2340.846 	0.459 	0.076 	-0.253 	
1430.542 	-881.149 	2964.731 	0.159 	-0.094 	0.318 	
-2443.578 	3275.104 	-719.711 	-0.256 	0.353 	-0.077 	
-1583.803 	-1530.768 	1336.512 	-0.171 	-0.164 	0.147 	
-1330.851 	-1718.305 	700.497 	-0.141 	-0.184 	0.082 	
3706.051 	67.378 	1655.070 	0.401 	0.012 	0.181 	
-2515.300 	245.136 	2332.541 	-0.271 	0.026 	0.257 	
-32.290 	1478.676 	-2828.293 	-0.008 	0.160 	-0.307 	
-2655.705 	-3507.894 	-3510.412 	-0.282 	-0.376 	-0.382 	
1897.420 	2998.834 	-1372.766 	0.202 	0.320 	-0.147 	
-3720.698 	1781.339 	2198.106 	-0.402 	0.192 	0.234 	
-3894.729 	248.271 	1485.023 	-0.422 	0.030 	0.160 	
1198.629 	-3116.995 	-3126.621 	0.127 	-0.338 	-0.332 	
-5242.347 	22.784 	-27.453 	-0.592 	-0.015 	-0.005 	
-3503.444 	-1431.496 	1880.409 	-0.374 	-0.155 	0.206 	
2127.612 	-824.678 	-2565.078 	0.227 	-0.089 	-0.280 	
1086.526 	703.260 	486.994 	0.120 	0.075 	0.058 	
-113.091 	-1385.025 	865.691 	-0.016 	-0.152 	0.089 	
-3789.180 	318.660 	-2198.542 	-0.410 	0.032 	-0.240 	
3094.677 	-311.706 	4204.635 	0.336 	-0.032 	0.457 	
-743.941 	-1308.435 	2121.371 	-0.080 	-0.144 	0.223 	
1383.219 	-2202.815 	-855.096 	0.145 	-0.236 	-0.090 	
547.357 	-577.298 	581.813 	0.061 	-0.066 	0.059 	
-3348.058 	-3973.148 	-1985.238 	-0.362 	-0.431 	-0.213 	
1897.502 	-1765.356 	-3212.038 	0.204 	-0.185 	-0.342 	
817.195 	1196.905 	-818.874 	0.092 	0.146 	-0.087 	
-1509.384 	-415.234 	1268.899 	-0.161 	-0.039 	0.140 	
4275.996 	2115.227 	-340.904 	0.466 	0.226 	-0.038 	
948.030 	-463.802 	-2187.339 	0.100 	-0.050 	-0.237 	
-3077.629 	1077.102 	-3843.165 	-0.330 	0.118 	-0.413 	
1489.463 	1147.613 	1173.544 	0.164 	0.119 	0.130 	
3728.225 	264.007 	-3065.372 	0.397 	0.026 	-0.327 	
-1519.460 	512.117 	-1957.170 	-0.163 	0.058 	-0.213 	
-3803.137 	3431.732 	1449.035 	-0.414 	0.370 	0.157 	
153.372 	-2980.217 	-3560.026 	0.020 	-0.320 	-0.387 	
2678.331 	3383.434 	-2135.928 	0.290 	0.364 	-0.236 	
1922.142 	-1525.288 	427.467 	0.205 	-0.163 	0.051 	
1959.341 	-3269.624 	-2677.222 	0.209 	-0.350 	-0.292 	
1243.545 	-1538.387 	2160.917 	0.131 	-0.165 	0.232 	
1659.803 	-1639.213 	2636.632 	0.179 	-0.174 	0.284 	
3360.474 	3717.308 	-3307.079 	0.360 	0.402 	-0.361 	
3151.693 	-560.040 	2297.832 	0.342 	-0.057 	0.251 	
1371.118 	-883.537 	-765.163 	0.151 	-0.091 	-0.082 	
-1561.457 	-1429.487 	2833.475 	-0.171 	-0.152 	0.305 	
-1779.237 	-833.958 	3101.893 	-0.190 	-0.094 	0.333 	
726.650 	-1850.769 	-1193.726 	0.079 	-0.197 	-0.130 	
-2516.897 	-408.426 	-73.993 	-0.270 	-0.046 	-0.009 	
-418.734 	3192.792 	-3914.163 	-0.040 	0.347 	-0.422 	
-3009.588 	-979.585 	1993.997 	-0.327 	-0.105 	0.214 	
-139.598 	-3030.495 	3268.755 	-0.016 	-0.322 	0.355 	
-1458.843 	1157.355 	3045.618 	-0.153 	0.127 	0.326 	
-431.994 	-142.230 	2158.525 	-0.049 	-0.017 	0.232 	
2735.518 	-2074.006 	3.247 	0.297 	-0.225 	-0.004 	
-148.013 	-1368.636 	915.970 	-0.004 	-0.145 	0.100 	
-758.533 	-1357.571 	3082.425 	-0.076 	-0.145 	0.333 	
-3863.493 	-1082.246 	1044.087 	-0.420 	-0.117 	0.113 	
-1032.016 	-2525.155 	-550.044 	-0.115 	-0.269 	-0.059 	
1081.103 	-3747.737 	1997.590 	0.114 	-0.408 	0.215 	
1344.771 	-2803.834 	-727.472 	0.143 	-0.302 	-0.075 	
1581.751 	-3446.301 	-390.723 	0.172 	-0.372 	-0.038 	
1014.674 	143.740 	3115.370 	0.105 	0.013 	0.334 	
-3456.404 	1677.362 	224.221 	-0.373 	0.179 	0.023 	
-781.735 	828.969 	1583.835 	-0.079 	0.086 	0.168 	
-1356.872 	-2015.067 	3290.102 	-0.148 	-0.217 	0.358 	
-2843.228 	-3388.791 	2988.446 	-0.306 	-0.362 	0.327 	
2035.854 	2317.321 	-3553.165 	0.218 	0.248 	-0.379 	
-1198.041 	2115.318 	-3401.137 	-0.125 	0.220 	-0.363 	
-209.092 	-2890.421 	-2332.902 	-0.016 	-0.310 	-0.251 	
-34.556 	-232.498 	521.725 	0.003 	-0.029 	0.055 	
2527.906 	-1178.011 	639.668 	0.273 	-0.127 	0.065 	
2035.573 	1191.373 	-2197.084 	0.226 	0.128 	-0.235 	
-2469.893 	-3379.825 	1945.645 	-0.263 	-0.368 	0.207 	
4198.404 	-834.190 	-3808.055 	0.457 	-0.090 	-0.412 	
-606.803 	2704.650 	911.060 	-0.060 	0.293 	0.096 	
-2189.605 	3052.459 	-2647.477 	-0.237 	0.328 	-0.287 	
-2932.129 	2006.443 	-1042.557 	-0.310 	0.215 	-0.112 	
-53.946 	989.022 	-371.024 	-0.009 	0.100 	-0.040 	
-3233.754 	1318.378 	273.937 	-0.343 	0.146 	0.028 	
-171.069 	-2830.571 	-2162.984 	-0.020 	-0.302 	-0.228 	
-2685.552 	-1535.230 	136.411 	-0.290 	-0.164 	0.010 	
2100.990 	1649.497 	-2111.016 	0.232 	0.177 	-0.225 	
-2606.905 	3695.542 	516.913 	-0.281 	0.395 	0.061 	
1915.670 	-335.361 	-2753.617 	0.208 	-0.035 	-0.295 	
-359.003 	279.424 	-756.184 	-0.035 	0.024 	-0.076 	
-3596.872 	-1894.638 	-3380.665 	-0.387 	-0.209 	-0.367 	
1652.882 	-699.901 	551.189 	0.175 	-0.076 	0.062 	
-2962.533 	-727.557 	3276.757 	-0.319 	-0.077 	0.354 	
2929.941 	-320.607 	2712.674 	0.316 	-0.037 	0.288 	
1047.442 	-319.264 	-2498.948 	0.109 	-0.039 	-0.267 	
3049.389 	1235.648 	-245.367 	0.326 	0.134 	-0.029 	
1330.403 	638.166 	2217.097 	0.140 	0.070 	0.237 	
-272.637 	1700.038 	-2812.351 	-0.032 	0.183 	-0.300 	
3835.700 	-2787.225 	-1183.757 	0.419 	-0.299 	-0.125 	
-3444.392 	-3470.002 	3620.433 	-0.373 	-0.376 	0.390 	
-2978.842 	-2080.884 	-86.110 	-0.318 	-0.223 	-0.010 	
2269.884 	540.380 	786.853 	0.238 	0.058 	0.085 	
3760.900 	-926.774 	990.973 	0.405 	-0.097 	0.103 	
-3113.815 	1172.793 	1722.730 	-0.333 	0.129 	0.191 	
106.712 	-210.997 	48.386 	0.007 	-0.022 	0.008 	
-1037.427 	-2175.255 	3032.287 	-0.106 	-0.232 	0.328 	
-394.544 	-1844.245 	-1433.157 	-0.039 	-0.200 	-0.150 	
3627.420 	-1466.555 	-2466.765 	0.390 	-0.162 	-0.264 	
396.704 	-2151.389 	-2028.627 	0.037 	-0.230 	-0.216 	
2839.720 	-2999.065 	3784.652 	0.310 	-0.320 	0.407 	
-3485.000 	-1398.902 	-1827.169 	-0.373 	-0.146 	-0.193 	
-3182.176 	-884.736 	-1190.417 	-0.346 	-0.099 	-0.126 	
522.472 	-800.378 	2894.183 	0.063 	-0.086 	0.310 	
2224.337 	-2148.966 	1607.667 	0.245 	-0.231 	0.170 	
-2020.229 	1612.963 	1715.593 	-0.222 	0.171 	0.186 	
-3439.300 	-1894.393 	2889.270 	-0.369 	-0.199 	0.312 	
-2702.515 	-27.841 	927.005 	-0.292 	-0.004 	0.103 	
-2165.223 	-2549.622 	393.851 	-0.230 	-0.271 	0.040 	
3443.800 	3232.496 	2166.519 	0.374 	0.343 	0.232 	
3430.450 	1894.143 	-658.111 	0.374 	0.206 	-0.072 	
-3258.892 	-3059.029 	834.307 	-0.350 	-0.328 	0.093 	
-2701.489 	801.233 	1533.289 	-0.293 	0.082 	0.166 	
-2161.411 	352.736 	1853.290 	-0.227 	0.041 	0.202 	
-2033.711 	-1005.840 	-3900.286 	-0.220 	-0.111 	-0.424 	
-1897.033 	-2079.046 	-3006.414 	-0.206 	-0.227 	-0.326 	
4103.171 	4188.733 	-1953.573 	0.445 	0.456 	-0.209 	
3921.360 	1396.048 	-3163.091 	0.424 	0.148 	-0.345 	
-988.910 	-1655.721 	-1071.072 	-0.106 	-0.180 	-0.113 	
-1039.710 	-1606.236 	2546.538 	-0.110 	-0.178 	0.272 	
1037.721 	-235.627 	409.749 	0.115 	-0.027 	0.041 	
1267.783 	378.040 	824.886 	0.138 	0.036 	0.087 	
-2269.168 	2378.740 	2277.596 	-0.248 	0.256 	0.245 	
-2550.117 	3026.959 	-3503.136 	-0.276 	0.323 	-0.377 	
-1018.305 	-2324.402 	-3872.993 	-0.108 	-0.246 	-0.419 	
3090.311 	-1536.613 	-2400.427 	0.328 	-0.164 	-0.257 	
-45.277 	31.260 	-2392.261 	-0.004 	0.004 	-0.257 	
1215.959 	3019.584 	1282.986 	0.132 	0.328 	0.141 	
2008.055 	-305.073 	-29.419 	0.220 	-0.032 	-0.004 	
1594.261 	1798.353 	2209.914 	0.173 	0.191 	0.243 	
1127.700 	-1492.558 	-1624.422 	0.125 	-0.159 	-0.171 	
3498.642 	-2806.402 	-2404.564 	0.383 	-0.303 	-0.259 	
1118.687 	900.447 	-2307.039 	0.122 	0.097 	-0.249 	
-2477.325 	-2686.367 	-64.793 	-0.264 	-0.292 	-0.006 	
2052.600 	1311.203 	1684.809 	0.215 	0.139 	0.181 	
2968.717 	1079.235 	380.291 	0.325 	0.112 	0.040 	
-265.238 	-3336.461 	3148.603 	-0.027 	-0.357 	0.344 	
297.321 	1240.818 	3143.322 	0.038 	0.133 	0.334 	
2849.242 	-136.311 	3043.912 	0.312 	-0.014 	0.326 	
3238.916 	1238.812 	-147.726 	0.346 	0.130 	-0.012 	
-2157.278 	-4114.422 	4088.990 	-0.231 	-0.445 	0.444 	
-4212.415 	-3425.429 	3783.821 	-0.457 	-0.368 	0.410 	
3977.277 	3193.968 	12.597 	0.434 	0.341 	0.001 	
4025.358 	790.341 	3424.325 	0.435 	0.080 	0.371 	
1485.260 	434.702 	2587.887 	0.169 	0.034 	0.265 	
-2614.363 	-421.353 	-3241.909 	-0.282 	-0.044 	-0.348 	
2873.127 	1438.677 	-1214.930 	0.315 	0.155 	-0.132 	
-961.298 	1955.940 	-3356.448 	-0.106 	0.208 	-0.358 	
1526.263 	1611.787 	-506.838 	0.163 	0.172 	-0.055 	
2330.782 	-1436.459 	-2013.481 	0.252 	-0.152 	-0.214 	
3111.330 	2940.018 	3641.912 	0.336 	0.321 	0.395 	
381.128 	3231.201 	-2334.797 	0.036 	0.346 	-0.250 	
-3316.657 	658.870 	1401.272 	-0.354 	0.074 	0.153 	
1012.822 	-3575.902 	2443.038 	0.113 	-0.384 	0.259 	
1164.223 	-1443.384 	-370.478 	0.122 	-0.157 	-0.039 	
2865.142 	221.970 	-309.353 	0.308 	0.028 	-0.036 	
-1725.053 	1646.337 	-2562.105 	-0.183 	0.179 	-0.278 	
1809.762 	-3201.006 	1824.456 	0.192 	-0.347 	0.198 	
3143.725 	3147.860 	163.285 	0.343 	0.338 	0.020 	
2101.236 	-3393.710 	3136.722 	0.226 	-0.361 	0.337 	
3735.161 	-275.085 	814.273 	0.402 	-0.025 	0.090 	
4161.714 	3322.900 	2203.866 	0.447 	0.359 	0.239 	
1135.313 	-2766.849 	1535.023 	0.128 	-0.298 	0.166 	
-2141.831 	-3829.074 	3574.690 	-0.232 	-0.416 	0.385 	
1618.841 	-756.114 	-806.983 	0.176 	-0.077 	-0.086 	
-288.309 	73.954 	595.430 	-0.033 	0.005 	0.061 	
-3358.637 	4221.206 	3412.682 	-0.366 	0.460 	0.367 	
213.913 	365.831 	3211.184 	0.029 	0.041 	0.342 	
-507.489 	3290.714 	2977.276 	-0.056 	0.358 	0.318 	
2788.054 	-2976.465 	3263.564 	0.305 	-0.325 	0.354 	
-2957.407 	-3103.131 	3183.687 	-0.319 	-0.329 	0.343 	
-3474.312 	-2221.738 	2621.794 	-0.375 	-0.237 	0.283 	
-2575.474 	2423.860 	1188.533 	-0.274 	0.263 	0.131 	
-569.765 	-4006.006 	761.463 	-0.055 	-0.431 	0.081 	
485.062 	-1898.494 	2720.749 	0.055 	-0.203 	0.293 	
-122.616 	364.969 	450.123 	-0.014 	0.035 	0.052 	
-3148.152 	-3557.044 	-2887.309 	-0.343 	-0.384 	-0.307 	
-1809.594 	-123.193 	1991.194 	-0.191 	-0.017 	0.213 	
2834.445 	1072.487 	474.421 	0.302 	0.118 	0.052 	
1431.206 	-2035.203 	2657.379 	0.156 	-0.222 	0.289 	
-2924.473 	-1706.028 	-2487.472 	-0.313 	-0.181 	-0.265 	
121.038 	-1870.347 	-739.581 	0.009 	-0.221 	-0.078 	
3840.307 	282.665 	80.924 	0.410 	0.035 	0.001 	
-1830.788 	-2652.131 	-2441.265 	-0.195 	-0.287 	-0.259 	
3105.441 	-1890.989 	209.175 	0.338 	-0.201 	0.024 	
-962.163 	2622.220 	2302.019 	-0.099 	0.278 	0.247 	
636.084 	-945.084 	3277.635 	0.069 	-0.100 	0.349 	
3294.723 	-474.459 	1757.044 	0.356 	-0.053 	0.186 	
-1008.617 	166.871 	-3956.056 	-0.106 	0.020 	-0.427 	
-1781.212 	-657.713 	-59.464 	-0.190 	-0.076 	-0.003 	
781.604 	3054.861 	1611.067 	0.082 	0.327 	0.175 	
-3490.721 	886.875 	-650.174 	-0.378 	0.093 	-0.071 	
1949.010 	-1922.893 	1016.471 	0.207 	-0.203 	0.106 	
-719.016 	691.662 	-810.210 	-0.082 	0.071 	-0.087 	
2885.424 	-3069.195 	645.334 	0.311 	-0.331 	0.073 	
331.405 	-698.324 	1074.668 	0.030 	-0.073 	0.114 	
3839.854 	-3111.256 	1270.388 	0.418 	-0.333 	0.136 	
-1739.780 	352.432 	-242.610 	-0.182 	0.037 	-0.025 	
-2985.338 	411.564 	3213.324 	-0.323 	0.050 	0.344 	
3954.890 	1518.785 	-363.574 	0.426 	0.159 	-0.033 	
-2360.221 	3000.302 	-1820.606 	-0.251 	0.326 	-0.193 	
-2329.981 	2893.752 	-1069.821 	-0.245 	0.311 	-0.116 	
2826.334 	-896.385 	-385.342 	0.300 	-0.090 	-0.040 	
-3071.578 	695.847 	2916.291 	-0.328 	0.076 	0.313 	
3277.636 	-1883.540 	-3829.943 	0.359 	-0.200 	-0.412 	
-2716.194 	-3679.543 	-2027.926 	-0.292 	-0.394 	-0.218 	
-773.313 	-427.564 	2843.974 	-0.079 	-0.047 	0.302 	
-234.336 	-1902.685 	-301.405 	-0.026 	-0.203 	-0.038 	
-276.451 	-522.191 	1457.036 	-0.024 	-0.056 	0.160 	
2342.874 	1032.666 	920.465 	0.256 	0.113 	0.102 	
1471.821 	-3002.915 	22.227 	0.163 	-0.318 	0.005 	
2060.187 	-3423.821 	-3334.957 	0.219 	-0.370 	-0.359 	
-2231.573 	3352.178 	-975.752 	-0.239 	0.358 	-0.107 	
-2803.636 	3172.990 	858.842 	-0.298 	0.344 	0.092 	
5.805 	-312.373 	-1050.361 	0.002 	-0.035 	-0.115 	
-196.340 	-2995.500 	2243.476 	-0.014 	-0.321 	0.240 	
1010.218 	-1184.786 	3429.360 	0.108 	-0.124 	0.372 	
3387.485 	2719.824 	-3545.535 	0.369 	0.298 	-0.383 	
68.632 	-1969.163 	-733.736 	0.007 	-0.211 	-0.074 	
4021.628 	2751.788 	-115.777 	0.439 	0.295 	-0.013 	
-1474.949 	2292.422 	-4101.182 	-0.154 	0.245 	-0.441 	
-131.751 	261.647 	-760.442 	-0.015 	0.024 	-0.083 	
-3069.388 	-773.822 	1340.011 	-0.324 	-0.085 	0.146 	
1779.374 	-515.202 	10.791 	0.190 	-0.060 	0.000 	
-1129.073 	-765.951 	3173.749 	-0.123 	-0.082 	0.334 	
-621.866 	212.067 	-3951.725 	-0.066 	0.026 	-0.425 	
2994.217 	1254.962 	1395.917 	0.316 	0.135 	0.148 	
-3210.523 	-2022.925 	-4410.328 	-0.344 	-0.217 	-0.480 	
3579.960 	-727.102 	877.078 	0.383 	-0.075 	0.096 	
2226.286 	-3651.546 	555.907 	0.236 	-0.394 	0.061 	
1900.302 	3432.932 	-2309.419 	0.210 	0.366 	-0.247 	
2928.083 	931.511 	-2477.165 	0.313 	0.104 	-0.264 	
155.700 	-4094.943 	3498.807 	0.021 	-0.445 	0.375 	
1425.540 	-1232.192 	1200.986 	0.160 	-0.132 	0.128 	
164.853 	3856.175 	1770.871 	0.024 	0.415 	0.192 	
3184.762 	-2038.758 	-2410.121 	0.349 	-0.221 	-0.259 	
1585.313 	3591.961 	-153.748 	0.174 	0.387 	-0.012 	
1859.002 	1052.588 	-1145.783 	0.195 	0.114 	-0.122 	
3159.482 	3542.312 	-883.015 	0.337 	0.377 	-0.095 	
1781.213 	1899.139 	-1181.469 	0.199 	0.204 	-0.126 	
1325.679 	-1033.441 	-512.305 	0.148 	-0.115 	-0.056 	
1139.716 	-825.018 	1241.122 	0.123 	-0.088 	0.125 	
-1055.200 	-2618.203 	-1621.549 	-0.117 	-0.282 	-0.170 	
-3775.648 	-1257.030 	2820.873 	-0.403 	-0.133 	0.303 	
-3225.542 	-2813.607 	-368.406 	-0.345 	-0.306 	-0.043 	
894.338 	3314.968 	1774.466 	0.094 	0.359 	0.190 	
-821.425 	-1110.913 	1521.631 	-0.093 	-0.119 	0.163 	
2196.024 	-3651.857 	506.337 	0.244 	-0.393 	0.059 	
-3779.690 	-1524.115 	2338.706 	-0.421 	-0.163 	0.250 	
2663.915 	-3405.574 	-3552.947 	0.271 	-0.371 	-0.380 	
-3573.541 	-1433.577 	-3030.280 	-0.403 	-0.150 	-0.327 	
-1239.820 	-3321.933 	1652.731 	-0.148 	-0.354 	0.183 	
2360.377 	1871.061 	-502.725 	0.232 	0.197 	-0.056 	
-2426.759 	-3209.872 	1943.604 	-0.284 	-0.347 	0.212 	
4126.183 	-3313.660 	-3409.401 	0.429 	-0.361 	-0.370 	
2853.802 	-2264.339 	2030.386 	0.289 	-0.244 	0.223 	
-1393.931 	-1978.566 	-3346.121 	-0.173 	-0.210 	-0.359 	
1538.207 	1937.193 	-2666.432 	0.145 	0.208 	-0.290 	
2858.905 	1202.937 	375.978 	0.291 	0.130 	0.037 	
464.153 	111.304 	884.683 	0.024 	0.008 	0.094 	
-3835.311 	3392.690 	3647.215 	-0.435 	0.365 	0.391 	
1285.496 	-2751.116 	1426.530 	0.113 	-0.296 	0.154 	
1305.699 	4131.418 	3676.429 	0.123 	0.447 	0.392 	
-282.587 	3167.994 	2303.627 	-0.045 	0.341 	0.244 	
2551.141 	-1123.228 	1530.353 	0.260 	-0.118 	0.167 	
773.959 	-3850.120 	3635.317 	0.060 	-0.414 	0.392 	
-555.759 	3613.320 	1313.159 	-0.077 	0.388 	0.146 	
1964.471 	-3652.084 	3280.120 	0.195 	-0.396 	0.351 	
551.319 	993.370 	1830.558 	0.038 	0.106 	0.198 	
-1613.198 	3699.535 	-3750.838 	-0.188 	0.397 	-0.403 	
964.057 	1263.350 	83.826 	0.091 	0.137 	0.010 	
2670.766 	233.410 	-469.784 	0.264 	0.028 	-0.053 	
-4307.545 	1452.482 	-2127.344 	-0.488 	0.157 	-0.229 	
284.510 	2854.498 	1747.871 	0.009 	0.310 	0.191 	
297.133 	-1312.792 	26.986 	0.015 	-0.144 	0.005 	
-482.595 	-2866.562 	-494.764 	-0.072 	-0.310 	-0.050 	
-2781.485 	-684.583 	-843.115 	-0.322 	-0.073 	-0.091 	
-1232.372 	1767.526 	-3725.263 	-0.147 	0.189 	-0.399 	
662.284 	1353.125 	-624.524 	0.058 	0.143 	-0.063 	
-1533.784 	3680.467 	1150.830 	-0.180 	0.398 	0.127 	
-2675.198 	2629.791 	-3399.471 	-0.311 	0.283 	-0.369 	
7.941 	3403.242 	2766.105 	-0.020 	0.367 	0.294 	
1032.296 	-3744.580 	3261.842 	0.092 	-0.400 	0.352 	
971.289 	-3102.059 	437.644 	0.089 	-0.330 	0.050 	
445.361 	-612.580 	-2945.388 	0.027 	-0.064 	-0.316 	
-3125.130 	1033.214 	3447.125 	-0.358 	0.107 	0.374 	
-4131.252 	2319.717 	32.305 	-0.466 	0.244 	0.005 	
3211.294 	120.108 	-2315.515 	0.329 	0.013 	-0.245 	
-1877.817 	-1472.221 	-2166.922 	-0.219 	-0.154 	-0.235 	
-2826.813 	-1950.387 	-1182.013 	-0.318 	-0.204 	-0.127 	
1971.042 	-3494.782 	-2176.247 	0.189 	-0.375 	-0.235 	
-2858.266 	1123.225 	-2347.577 	-0.325 	0.122 	-0.247 	
-1695.659 	-615.257 	-1012.532 	-0.205 	-0.063 	-0.111 	
3248.396 	3980.661 	-2059.851 	0.333 	0.433 	-0.219 	
1444.966 	-2497.818 	-2216.178 	0.137 	-0.266 	-0.242 	
-2720.833 	3094.421 	-3436.507 	-0.311 	0.328 	-0.373 	
-1116.933 	-1875.713 	-1532.389 	-0.131 	-0.202 	-0.164 	
-102.938 	-605.057 	1102.497 	-0.035 	-0.067 	0.118 	
-85.594 	68.915 	151.874 	-0.029 	0.009 	0.015 	
1399.721 	4108.442 	-328.158 	0.138 	0.443 	-0.035 	
1451.239 	-2382.311 	-1151.122 	0.144 	-0.256 	-0.122 	
2331.175 	1656.717 	1337.159 	0.231 	0.178 	0.143 	
-3252.432 	-456.375 	2142.143 	-0.368 	-0.044 	0.227 	
-1110.034 	2609.993 	2344.322 	-0.135 	0.287 	0.255 	
-2808.327 	1656.276 	2872.470 	-0.327 	0.178 	0.307 	
-1282.558 	-740.442 	-1564.755 	-0.153 	-0.076 	-0.164 	
-2588.034 	-1808.266 	-1396.152 	-0.292 	-0.198 	-0.150 	
-2664.706 	46.394 	349.281 	-0.304 	0.009 	0.035 	
-994.146 	-3256.276 	1111.348 	-0.121 	-0.346 	0.122 	
951.035 	-460.048 	-120.860 	0.085 	-0.050 	-0.014 	
2011.200 	1172.691 	1918.990 	0.203 	0.126 	0.202 	
-159.916 	-391.304 	-3415.134 	-0.040 	-0.040 	-0.365 	
-185.678 	-1795.939 	-1609.589 	-0.036 	-0.189 	-0.173 	
1673.618 	-269.849 	3337.239 	0.163 	-0.030 	0.358 	
322.798 	-1039.092 	684.531 	0.012 	-0.112 	0.078 	
359.922 	-3236.745 	3571.198 	0.022 	-0.345 	0.386 	
1125.172 	708.743 	1659.720 	0.103 	0.078 	0.178 	
140.968 	-3037.234 	-370.248 	-0.009 	-0.326 	-0.040 	
35.541 	-3002.667 	-1606.740 	-0.019 	-0.320 	-0.174 	
-3404.238 	-2931.338 	-238.649 	-0.385 	-0.311 	-0.025 	
-3480.020 	-2348.959 	-1047.539 	-0.398 	-0.253 	-0.112 	
3254.293 	-3298.891 	-896.774 	0.337 	-0.357 	-0.100 	
-896.848 	-1549.342 	-1837.716 	-0.117 	-0.170 	-0.199 	
-996.285 	-572.954 	262.574 	-0.131 	-0.063 	0.029 	
-1396.494 	2885.205 	-2026.333 	-0.166 	0.313 	-0.220 	
-1764.553 	1371.530 	1185.757 	-0.211 	0.151 	0.125 	
-874.069 	1099.452 	-1918.445 	-0.117 	0.120 	-0.206 	
-3141.019 	-2346.302 	1574.802 	-0.352 	-0.250 	0.169 	
1703.539 	-2624.320 	-619.037 	0.169 	-0.281 	-0.063 	
2605.239 	754.843 	2807.083 	0.258 	0.083 	0.301 	
-3281.572 	2036.236 	2615.095 	-0.368 	0.219 	0.278 	
-1752.371 	939.434 	1100.736 	-0.213 	0.101 	0.117 	
-2100.334 	-2830.073 	4072.246 	-0.242 	-0.300 	0.439 	
-2283.477 	-2138.632 	319.501 	-0.264 	-0.232 	0.039 	
-2485.977 	365.508 	-2829.124 	-0.284 	0.038 	-0.305 	
3080.338 	25.781 	-2980.438 	0.319 	0.001 	-0.319 	
521.338 	1351.071 	3331.906 	0.041 	0.148 	0.356 	
-2303.231 	1905.277 	1706.802 	-0.263 	0.202 	0.181 	
-1304.316 	1955.809 	2600.007 	-0.153 	0.209 	0.279 	
-3531.575 	2985.571 	578.276 	-0.399 	0.327 	0.064 	
-1080.350 	-1339.761 	-1558.816 	-0.132 	-0.149 	-0.163 	
-1411.167 	-2941.041 	798.728 	-0.170 	-0.314 	0.091 	
3778.554 	3355.758 	-2505.670 	0.395 	0.363 	-0.270 	
165.622 	-2539.839 	-2481.002 	0.004 	-0.273 	-0.270 	
-2191.112 	-3429.998 	-2918.562 	-0.254 	-0.374 	-0.312 	
1133.815 	4269.169 	-1711.033 	0.101 	0.462 	-0.188 	
863.293 	-2199.204 	3052.403 	0.071 	-0.238 	0.329 	
3973.947 	-353.010 	-2497.366 	0.414 	-0.040 	-0.270 	
1041.454 	-545.437 	636.604 	0.089 	-0.059 	0.068 	
746.246 	3743.811 	-2011.302 	0.059 	0.404 	-0.217 	
-2654.937 	-1468.691 	-1477.996 	-0.302 	-0.153 	-0.158 	
-1594.719 	3364.526 	-845.351 	-0.191 	0.355 	-0.089 	
-1458.078 	-716.949 	-3118.214 	-0.172 	-0.077 	-0.335 	
1611.049 	-3634.515 	-1631.761 	0.158 	-0.394 	-0.172 	
2336.208 	-941.470 	-29.860 	0.230 	-0.097 	0.000 	
3604.394 	48.462 	2254.799 	0.374 	0.005 	0.243 	
1904.649 	2803.923 	-3835.789 	0.193 	0.301 	-0.415 	
-3093.323 	1131.563 	2457.544 	-0.345 	0.122 	0.263 	
-515.335 	5.812 	1059.967 	-0.069 	0.001 	0.116 	
-1351.539 	2989.981 	2582.638 	-0.166 	0.323 	0.278 	
3929.024 	3283.035 	-738.046 	0.407 	0.354 	-0.081 	
-3503.585 	395.682 	2514.634 	-0.396 	0.038 	0.269 	
-4008.246 	997.218 	-2823.022 	-0.446 	0.109 	-0.305 	
-2681.098 	-1401.416 	-632.037 	-0.307 	-0.153 	-0.070 	
1029.909 	1187.212 	-1689.802 	0.088 	0.127 	-0.185 	
2753.525 	3810.662 	-2480.592 	0.280 	0.414 	-0.271 	
-2741.950 	1494.803 	-126.487 	-0.314 	0.156 	-0.015 	
441.701 	265.253 	757.491 	0.025 	0.025 	0.082 	
473.357 	-2991.024 	-1533.397 	0.027 	-0.322 	-0.166 	
-3161.052 	-454.797 	-1877.375 	-0.362 	-0.049 	-0.199 	
4005.895 	2581.455 	-2431.075 	0.419 	0.281 	-0.263 	
2589.185 	630.904 	2050.223 	0.262 	0.071 	0.216 	
860.582 	3333.356 	698.711 	0.073 	0.354 	0.074 	
1062.171 	-939.733 	-1353.767 	0.092 	-0.103 	-0.141 	
2932.416 	2965.041 	-2587.661 	0.294 	0.321 	-0.279 	
3686.890 	912.716 	-1120.011 	0.383 	0.099 	-0.120 	
-2486.328 	972.131 	-698.676 	-0.290 	0.100 	-0.072 	
-1731.567 	-3231.480 	-971.046 	-0.203 	-0.342 	-0.106 	
1821.921 	4019.206 	-3768.454 	0.177 	0.436 	-0.406 	
3384.626 	1443.047 	-961.812 	0.346 	0.158 	-0.103 	
-2826.201 	-2334.179 	-2251.894 	-0.325 	-0.252 	-0.238 	
-3748.424 	238.632 	2025.636 	-0.427 	0.027 	0.221 	
3786.399 	-2102.629 	3126.495 	0.394 	-0.226 	0.333 	
2801.250 	242.783 	1639.855 	0.278 	0.027 	0.177 	
812.875 	2929.366 	2304.570 	0.071 	0.319 	0.248 	
-3717.199 	3209.916 	-2593.204 	-0.423 	0.345 	-0.284 	
-3503.864 	316.384 	3651.519 	-0.389 	0.034 	0.394 	
3482.152 	-2653.724 	-1694.335 	0.357 	-0.290 	-0.184 	
-1832.815 	1533.310 	1601.786 	-0.222 	0.164 	0.174 	
1856.942 	2487.983 	1017.547 	0.181 	0.266 	0.112 	
2793.856 	-501.500 	1428.277 	0.286 	-0.055 	0.154 	
2480.353 	1194.351 	1315.188 	0.245 	0.124 	0.138 	
-2888.523 	-789.646 	3426.785 	-0.326 	-0.085 	0.371 	
3709.724 	-2956.024 	1820.196 	0.384 	-0.317 	0.197 	
-1015.259 	2603.541 	-3531.267 	-0.132 	0.280 	-0.380 	
-3410.582 	-3224.372 	5333.077 	-0.414 	-0.366 	0.615 	
582.868 	2057.489 	87.313 	0.047 	0.220 	0.009 	
874.498 	43.545 	533.471 	0.078 	0.006 	0.061 	
1413.589 	2965.285 	3611.725 	0.138 	0.323 	0.388 	
-2964.986 	483.714 	-260.050 	-0.339 	0.057 	-0.026 	
-3807.699 	1136.865 	-3410.970 	-0.428 	0.124 	-0.365 	
1387.204 	1875.637 	566.972 	0.135 	0.201 	0.061 	
-1167.684 	-2671.739 	957.782 	-0.146 	-0.290 	0.102 	
1980.542 	-710.274 	-1496.149 	0.201 	-0.078 	-0.160 	
-997.474 	-519.290 	2607.074 	-0.126 	-0.059 	0.277 	
-3179.058 	2797.289 	3731.978 	-0.359 	0.304 	0.406 	
2303.822 	-1903.560 	317.797 	0.231 	-0.203 	0.039 	
-2890.075 	-1752.036 	-954.018 	-0.333 	-0.187 	-0.103 	
217.622 	2910.564 	1610.185 	0.004 	0.311 	0.174 	
-1344.027 	-971.257 	-3502.912 	-0.157 	-0.105 	-0.375 	
-2621.750 	194.421 	-2946.392 	-0.305 	0.024 	-0.315 	
150.554 	2062.907 	238.704 	0.001 	0.224 	0.025 	
-2263.018 	-1831.827 	161.510 	-0.265 	-0.193 	0.022 	
-3330.555 	-3511.914 	3824.877 	-0.379 	-0.378 	0.417 	
835.041 	-28.519 	1270.159 	0.074 	-0.004 	0.137 	
3677.079 	1604.340 	-1378.748 	0.375 	0.171 	-0.147 	
3803.822 	-2643.796 	2708.352 	0.394 	-0.287 	0.293 	
-3974.668 	-1938.553 	-41.218 	-0.445 	-0.205 	-0.006 	
-1603.218 	597.204 	-2823.548 	-0.195 	0.065 	-0.299 	
47.959 	-255.922 	1790.051 	-0.017 	-0.025 	0.194 	
2748.490 	-1240.555 	-651.836 	0.271 	-0.135 	-0.070 	
439.537 	-64.573 	-2398.225 	0.032 	-0.007 	-0.258 	
4025.847 	-3329.624 	-4325.722 	0.418 	-0.358 	-0.471 	
-387.103 	-2173.040 	-843.854 	-0.058 	-0.228 	-0.095 	
-1943.724 	3067.249 	3308.408 	-0.225 	0.330 	0.355 	
2534.285 	445.990 	-2925.308 	0.250 	0.048 	-0.315 	
-1330.959 	3017.321 	1738.513 	-0.165 	0.325 	0.185 	
-2771.905 	-891.861 	-1553.880 	-0.319 	-0.095 	-0.171 	
91.589 	89.365 	849.890 	-0.011 	0.007 	0.086 	
-1430.797 	-1664.373 	2160.786 	-0.175 	-0.177 	0.232 	
-326.938 	2121.540 	804.967 	-0.054 	0.222 	0.089 	
761.727 	-610.234 	-2282.709 	0.059 	-0.068 	-0.243 	
-1506.911 	-1211.674 	2958.569 	-0.179 	-0.125 	0.318 	
3652.439 	-1272.860 	-3834.553 	0.377 	-0.141 	-0.412 	
3615.916 	-131.953 	-3264.380 	0.375 	-0.015 	-0.356 	
1683.119 	111.163 	3567.455 	0.157 	0.013 	0.383 	
-890.229 	-2073.234 	-1603.301 	-0.113 	-0.221 	-0.166 	
1286.889 	-3852.575 	3423.160 	0.121 	-0.409 	0.368 	
-2965.924 	-1511.167 	3383.482 	-0.333 	-0.163 	0.362 	
-1796.376 	-404.167 	-3113.059 	-0.212 	-0.042 	-0.333 	
-359.452 	3166.764 	255.751 	-0.061 	0.342 	0.031 	
1370.356 	1538.850 	-3250.189 	0.130 	0.163 	-0.349 	
2105.639 	2390.650 	-3141.001 	0.211 	0.260 	-0.339 	
-3947.189 	528.629 	2231.488 	-0.441 	0.058 	0.240 	
-2503.294 	-586.964 	2887.586 	-0.288 	-0.069 	0.309 	
-177.536 	2370.395 	1838.528 	-0.042 	0.255 	0.201 	
-484.372 	3670.726 	3357.374 	-0.065 	0.394 	0.362 	
-2528.119 	-1197.431 	3525.176 	-0.294 	-0.130 	0.378 	
2078.517 	2085.071 	-1058.540 	0.202 	0.223 	-0.111 	
-254.464 	-914.076 	1095.734 	-0.051 	-0.094 	0.117 	
-2556.146 	3431.575 	-3125.604 	-0.294 	0.373 	-0.335 	
3251.157 	2776.938 	393.332 	0.337 	0.300 	0.043 	
2755.889 	3335.110 	1210.383 	0.284 	0.358 	0.132 	
-3500.153 	-3454.740 	-1791.055 	-0.399 	-0.375 	-0.193 	
3464.469 	-2231.840 	2229.300 	0.350 	-0.244 	0.241 	
-1203.481 	-589.818 	540.806 	-0.141 	-0.064 	0.057 	
-3069.834 	838.731 	1530.110 	-0.353 	0.091 	0.163 	
-3481.679 	-1257.717 	344.010 	-0.398 	-0.135 	0.038 	
3690.839 	2044.249 	3149.318 	0.381 	0.218 	0.335 	
3834.351 	-1277.953 	-281.188 	0.394 	-0.137 	-0.033 	
886.969 	-3143.315 	-1080.160 	0.083 	-0.337 	-0.116 	
-2111.747 	1652.384 	-1127.224 	-0.241 	0.175 	-0.123 	
-585.982 	-2976.379 	-3335.268 	-0.087 	-0.321 	-0.359 	
-4236.663 	-1417.719 	3189.495 	-0.477 	-0.156 	0.340 	
-2986.361 	692.321 	2046.460 	-0.345 	0.074 	0.218 	
758.703 	-2881.016 	1729.550 	0.059 	-0.311 	0.189 	
-270.502 	-2002.495 	345.181 	-0.046 	-0.210 	0.039 	
-467.207 	-388.883 	-1222.794 	-0.063 	-0.041 	-0.130 	
372.055 	-1533.903 	923.897 	0.016 	-0.160 	0.099 	
-2684.884 	-1845.999 	158.492 	-0.305 	-0.199 	0.022 	
-3727.316 	1609.977 	-569.145 	-0.426 	0.174 	-0.059 	
-2893.334 	-2742.315 	-2323.815 	-0.329 	-0.298 	-0.249 	
3783.840 	-3537.151 	985.919 	0.393 	-0.383 	0.107 	
-1575.131 	3390.360 	1165.914 	-0.190 	0.362 	0.130 	
-2806.870 	-1141.191 	-140.195 	-0.315 	-0.128 	-0.014 	
3687.412 	-1234.092 	3601.568 	0.379 	-0.135 	0.391 	
655.990 	426.043 	2642.658 	0.055 	0.043 	0.286 	
1092.170 	-748.364 	-2569.421 	0.096 	-0.083 	-0.272 	
-933.265 	1832.296 	83.856 	-0.121 	0.198 	0.008 	
4086.880 	3651.274 	2154.227 	0.421 	0.395 	0.230 	
-2790.066 	-1473.159 	4922.995 	-0.324 	-0.162 	0.538 	
-3061.746 	787.942 	-2446.084 	-0.343 	0.083 	-0.263 	
-1759.910 	-401.532 	1276.310 	-0.210 	-0.040 	0.136 	
3742.591 	-1747.468 	-3052.215 	0.381 	-0.188 	-0.328 	
-2216.458 	1490.024 	388.963 	-0.256 	0.159 	0.041 	
-1104.955 	2279.305 	203.761 	-0.139 	0.240 	0.022 	
866.914 	563.314 	3307.630 	0.078 	0.066 	0.353 	
-1127.463 	-1842.232 	1201.936 	-0.136 	-0.199 	0.130 	
-2103.321 	2119.486 	1662.929 	-0.241 	0.224 	0.182 	
1578.980 	1341.486 	1055.026 	0.151 	0.142 	0.120 	
-526.950 	-206.053 	1361.107 	-0.079 	-0.021 	0.148 	
3297.411 	-2365.385 	2738.423 	0.334 	-0.253 	0.298 	
972.621 	3239.238 	-133.437 	0.090 	0.349 	-0.012 	
-2101.885 	1603.853 	2061.486 	-0.242 	0.176 	0.219 	
-3651.751 	-1051.208 	-3113.482 	-0.409 	-0.110 	-0.336 	
3487.963 	1792.733 	2355.669 	0.355 	0.199 	0.252 	
2144.503 	-2509.913 	-1292.420 	0.218 	-0.269 	-0.139 	
-1693.597 	-286.464 	2266.553 	-0.201 	-0.028 	0.237 	
-281.253 	-1654.894 	3644.309 	-0.052 	-0.182 	0.386 	
-571.128 	-3043.754 	3223.040 	-0.081 	-0.331 	0.339 	
-3640.689 	2460.387 	-2610.255 	-0.408 	0.262 	-0.283 	
2729.583 	-736.938 	-497.619 	0.280 	-0.081 	-0.051 	
1207.977 	1740.906 	1882.411 	0.113 	0.192 	0.206 	
-982.706 	-1394.698 	-1987.939 	-0.124 	-0.155 	-0.209 	
-1519.775 	-754.262 	1060.420 	-0.186 	-0.080 	0.114 	
-2848.184 	386.466 	567.429 	-0.318 	0.041 	0.062 	
2366.315 	-455.607 	-378.436 	0.234 	-0.052 	-0.040 	
1933.277 	-1654.720 	2180.378 	0.196 	-0.177 	0.237 	
-992.044 	-1656.722 	2476.316 	-0.131 	-0.180 	0.265 	
-3905.381 	17.170 	2731.529 	-0.439 	0.002 	0.293 	
-2201.543 	613.823 	864.804 	-0.260 	0.067 	0.094 	
3400.975 	-2568.431 	-99.521 	0.344 	-0.281 	-0.012 	
-719.796 	772.349 	-1968.249 	-0.098 	0.079 	-0.207 	
-1170.005 	1366.996 	3477.705 	-0.140 	0.144 	0.374 	
2746.471 	-2387.019 	-777.731 	0.278 	-0.256 	-0.082 	
3768.440 	-467.682 	-1769.852 	0.391 	-0.052 	-0.187 	
3226.917 	3191.094 	4130.457 	0.328 	0.343 	0.446 	
2854.138 	-3845.349 	-1981.424 	0.289 	-0.412 	-0.209 	
3190.951 	1113.984 	1168.902 	0.329 	0.119 	0.124 	
3994.910 	-2182.471 	1254.505 	0.418 	-0.235 	0.136 	
445.012 	-2886.316 	2233.779 	0.031 	-0.305 	0.241 	
1094.200 	365.507 	-2792.642 	0.105 	0.039 	-0.300 	
3419.351 	2511.724 	1835.557 	0.346 	0.272 	0.201 	
-1180.828 	-739.002 	42.092 	-0.150 	-0.080 	0.007 	
-2658.682 	171.342 	-2700.223 	-0.306 	0.015 	-0.295 	
440.717 	1816.236 	1317.472 	0.026 	0.197 	0.146 	
-2595.630 	194.154 	2637.620 	-0.297 	0.027 	0.283 	
-1428.788 	-1328.169 	3398.322 	-0.174 	-0.149 	0.362 	
-3797.236 	1856.522 	1031.671 	-0.430 	0.202 	0.112 	
-3834.291 	1829.558 	3140.430 	-0.425 	0.196 	0.340 	
-1317.428 	-510.898 	2708.159 	-0.161 	-0.052 	0.288 	
3742.688 	-2598.128 	-3114.182 	0.382 	-0.280 	-0.340 	
389.027 	-3782.733 	3798.430 	0.019 	-0.409 	0.409 	
-1996.330 	1995.171 	703.206 	-0.231 	0.214 	0.075 	
-3507.736 	1364.140 	2861.553 	-0.391 	0.146 	0.310 	
-2729.992 	-21.219 	2228.552 	-0.305 	-0.000 	0.239 	
87.982 	1734.855 	2289.469 	-0.014 	0.183 	0.247 	
788.714 	-1142.153 	-380.087 	0.072 	-0.122 	-0.039 	
802.288 	488.832 	552.211 	0.066 	0.047 	0.059 	
-1189.867 	-2823.824 	1313.630 	-0.142 	-0.307 	0.140 	
1048.899 	-725.313 	1171.253 	0.095 	-0.079 	0.123 	
2575.062 	1030.967 	2054.144 	0.263 	0.112 	0.216 	
1522.343 	399.766 	-2179.947 	0.143 	0.043 	-0.234 	
721.060 	218.890 	-1156.857 	0.058 	0.025 	-0.125 	
-4060.392 	-2845.396 	3903.388 	-0.459 	-0.308 	0.424 	
-2538.737 	3485.576 	2279.619 	-0.293 	0.373 	0.249 	
-1453.071 	-3279.906 	2741.115 	-0.173 	-0.351 	0.294 	
-746.518 	-821.803 	2561.640 	-0.099 	-0.093 	0.271 	
-1140.620 	-692.398 	-894.680 	-0.147 	-0.076 	-0.098 	
4168.903 	1384.014 	3800.788 	0.434 	0.151 	0.409 	
-956.390 	-3363.589 	-3341.202 	-0.116 	-0.362 	-0.360 	
1608.614 	3938.742 	-534.890 	0.155 	0.427 	-0.060 	
1104.911 	4033.908 	-3744.226 	0.105 	0.436 	-0.401 	
-605.297 	2640.901 	1500.700 	-0.082 	0.286 	0.162 	
-1482.203 	2443.214 	-392.369 	-0.178 	0.261 	-0.047 	
472.078 	1526.636 	-4298.098 	0.033 	0.162 	-0.468 	
-1596.999 	488.660 	-1099.353 	-0.186 	0.054 	-0.116 	
-59.385 	303.732 	-2450.864 	-0.022 	0.032 	-0.266 	
2905.258 	2308.695 	-1098.222 	0.300 	0.247 	-0.118 	
-3656.852 	2439.999 	-2463.181 	-0.414 	0.265 	-0.271 	
3528.854 	3498.445 	2186.414 	0.369 	0.376 	0.236 	
-2695.288 	2388.705 	2537.618 	-0.311 	0.255 	0.277 	
1184.083 	1272.846 	2754.863 	0.105 	0.133 	0.296 	
-4158.407 	2458.465 	-2176.353 	-0.469 	0.267 	-0.236 	
-2257.026 	3458.146 	-1223.655 	-0.258 	0.371 	-0.128 	
-2336.679 	1548.776 	1187.967 	-0.265 	0.164 	0.132 	
-477.745 	-1264.531 	1853.543 	-0.080 	-0.138 	0.195 	
-64.696 	-1499.109 	-3300.290 	-0.025 	-0.155 	-0.354 	
-3707.088 	-1120.517 	-1886.007 	-0.412 	-0.122 	-0.206 	
2483.004 	415.446 	-514.694 	0.251 	0.046 	-0.049 	
2737.422 	-58.358 	-352.755 	0.274 	-0.009 	-0.032 	
-1644.311 	-716.820 	3286.124 	-0.198 	-0.079 	0.350 	
3287.908 	-2263.343 	-2204.830 	0.338 	-0.240 	-0.241 	
1212.749 	-435.411 	1849.857 	0.110 	-0.045 	0.198 	
3968.488 	-3532.120 	-2171.535 	0.414 	-0.377 	-0.237 	
1176.894 	-2607.470 	358.837 	0.109 	-0.279 	0.035 	
-1074.595 	-3342.097 	195.013 	-0.135 	-0.360 	0.021 	
1039.286 	3188.283 	-455.329 	0.097 	0.337 	-0.048 	
2155.090 	-621.851 	-712.313 	0.212 	-0.062 	-0.074 	
-1488.991 	-537.075 	175.604 	-0.175 	-0.061 	0.021 	
-590.222 	2442.860 	-606.384 	-0.087 	0.264 	-0.065 	
2170.710 	-2903.442 	-3748.658 	0.220 	-0.315 	-0.407 	
-3200.517 	2690.587 	992.121 	-0.365 	0.289 	0.113 	
-759.681 	-1674.961 	2483.226 	-0.104 	-0.177 	0.261 	
1572.108 	2131.640 	-123.865 	0.145 	0.229 	-0.015 	
2510.032 	3416.903 	-3033.157 	0.251 	0.371 	-0.325 	
-3430.617 	573.012 	79.199 	-0.388 	0.057 	0.012 	
2488.152 	1959.631 	616.256 	0.249 	0.207 	0.070 	
-4060.001 	3719.055 	3848.255 	-0.459 	0.398 	0.417 	
582.144 	634.485 	1402.730 	0.048 	0.068 	0.147 	
2027.517 	-981.545 	-377.359 	0.197 	-0.108 	-0.038 	
3243.833 	2009.720 	2977.565 	0.327 	0.217 	0.320 	
-620.300 	-499.394 	-415.413 	-0.089 	-0.057 	-0.039 	
3381.750 	-2881.481 	-2888.815 	0.350 	-0.310 	-0.314 	
2717.492 	-92.382 	-1452.202 	0.275 	-0.009 	-0.157 	
-3396.318 	-3273.488 	-477.084 	-0.384 	-0.352 	-0.046 	
-3038.163 	3426.154 	3454.086 	-0.347 	0.374 	0.369 	
2181.570 	-4132.653 	2571.871 	0.216 	-0.451 	0.277 	
2405.259 	-2563.430 	-402.642 	0.240 	-0.275 	-0.039 	
3956.605 	-3526.857 	3480.186 	0.414 	-0.380 	0.374 	
-1669.682 	-668.865 	-1457.593 	-0.197 	-0.070 	-0.154 	
4268.985 	3490.371 	2227.041 	0.447 	0.379 	0.237 	
1939.705 	1735.281 	-1630.004 	0.185 	0.186 	-0.177 	
-0.368 	3019.150 	-1090.894 	-0.016 	0.327 	-0.115 	
-4205.140 	771.555 	-1489.735 	-0.475 	0.083 	-0.157 	
-4673.359 	3472.506 	5704.915 	-0.521 	0.378 	0.616 	
1370.667 	-730.419 	3066.750 	0.135 	-0.078 	0.327 	
-2026.632 	-812.151 	-1068.561 	-0.241 	-0.086 	-0.113 	
-3752.254 	1475.978 	2994.005 	-0.417 	0.160 	0.321 	
-1802.310 	1838.400 	-2106.381 	-0.211 	0.198 	-0.232 	
-121.185 	435.447 	-685.808 	-0.027 	0.043 	-0.074 	
-3510.468 	-517.194 	-1775.031 	-0.399 	-0.054 	-0.191 	
37.599 	-1098.401 	-598.712 	-0.014 	-0.122 	-0.066 	
3931.128 	-458.097 	-288.837 	0.406 	-0.049 	-0.035 	
-857.861 	1012.327 	706.165 	-0.114 	0.107 	0.082 	
1557.961 	-2916.799 	-369.320 	0.144 	-0.312 	-0.042 	
2561.830 	-3411.429 	-1611.203 	0.260 	-0.365 	-0.178 	
-2107.789 	-2296.906 	1528.438 	-0.240 	-0.248 	0.163 	
-839.223 	2297.233 	2968.954 	-0.109 	0.244 	0.318 	
1965.947 	3828.163 	2540.590 	0.194 	0.417 	0.273 	
-4211.916 	1974.548 	-457.686 	-0.472 	0.217 	-0.051 	
-455.266 	78.183 	-2637.332 	-0.068 	0.005 	-0.281 	
-1906.912 	1301.470 	-3515.620 	-0.222 	0.136 	-0.376 	
-3484.849 	-1073.419 	501.466 	-0.396 	-0.120 	0.054 	
1642.854 	1393.396 	1336.963 	0.159 	0.151 	0.139 	
744.436 	-792.423 	-2915.394 	0.058 	-0.087 	-0.312 	
647.989 	2764.654 	1400.872 	0.053 	0.295 	0.150 	
40.356 	1076.357 	1989.326 	-0.015 	0.119 	0.212 	
-1694.140 	-2432.308 	2562.024 	-0.200 	-0.260 	0.277 	
-85.106 	-469.637 	-1299.509 	-0.030 	-0.051 	-0.136 	
-1082.022 	3633.535 	2278.856 	-0.139 	0.386 	0.248 	
-2127.126 	834.414 	-238.762 	-0.244 	0.087 	-0.021 	
-3486.879 	-2040.490 	337.849 	-0.399 	-0.218 	0.036 	
2585.416 	-1437.026 	-3961.487 	0.263 	-0.154 	-0.429 	
-3337.033 	4410.071 	-1904.201 	-0.381 	0.480 	-0.203 	
-1579.189 	1736.312 	-3615.653 	-0.183 	0.188 	-0.389 	
2660.689 	-1701.134 	-593.327 	0.267 	-0.178 	-0.061 	
307.516 	774.971 	-656.900 	0.012 	0.086 	-0.071 	
-1139.078 	3173.580 	-1532.577 	-0.144 	0.341 	-0.164 	
-953.117 	451.893 	2558.960 	-0.123 	0.051 	0.272 	
-2968.881 	-2818.826 	3442.895 	-0.343 	-0.301 	0.371 	
1767.632 	2609.220 	2433.312 	0.175 	0.276 	0.262 	
415.944 	2421.904 	3231.132 	0.030 	0.260 	0.350 	
1262.693 	1685.896 	-2087.703 	0.115 	0.176 	-0.224 	
2319.212 	2024.295 	-3467.122 	0.232 	0.218 	-0.376 	
225.628 	-1512.145 	-2969.612 	0.005 	-0.167 	-0.319 	
-2965.803 	1940.495 	-1329.637 	-0.342 	0.206 	-0.141 	
1823.597 	161.954 	-11.999 	0.180 	0.019 	0.001 	
-3237.619 	3116.487 	210.945 	-0.377 	0.332 	0.026 	
-1587.687 	-2919.612 	-1270.004 	-0.189 	-0.312 	-0.139 	
650.972 	-1900.061 	-2991.694 	0.046 	-0.206 	-0.322 	
-869.747 	-987.245 	2377.437 	-0.117 	-0.105 	0.256 	
-318.128 	-3540.272 	1620.020 	-0.051 	-0.382 	0.177 	
2451.330 	1827.986 	-2625.544 	0.251 	0.195 	-0.283 	
258.928 	2193.284 	-2076.885 	0.010 	0.239 	-0.227 	
-68.187 	2694.830 	-2282.277 	-0.030 	0.289 	-0.243 	
-2081.017 	2723.501 	-1579.542 	-0.238 	0.294 	-0.170 	
-4076.996 	-1478.868 	482.218 	-0.459 	-0.162 	0.055 	
-2472.546 	-1126.301 	-2050.017 	-0.278 	-0.123 	-0.219 	
4165.708 	-2442.667 	3582.009 	0.431 	-0.263 	0.383 	
-3884.187 	1773.456 	-632.170 	-0.438 	0.194 	-0.067 	
-512.111 	-1294.629 	1910.859 	-0.069 	-0.140 	0.207 	
-1110.092 	-1322.231 	-2679.959 	-0.134 	-0.143 	-0.283 	
-1744.718 	-3598.198 	3326.535 	-0.208 	-0.386 	0.357 	
-512.550 	-1306.474 	1885.598 	-0.083 	-0.129 	0.203 	
225.594 	-3562.986 	813.862 	0.009 	-0.385 	0.088 	
-1271.359 	-545.675 	241.624 	-0.161 	-0.061 	0.027 	
-1419.967 	-1243.154 	-1312.039 	-0.172 	-0.136 	-0.138 	
-907.050 	-1441.390 	1816.943 	-0.092 	-0.136 	0.163 	
1353.942 	-3251.965 	1994.876 	0.130 	-0.354 	0.214 	
-2300.690 	-668.062 	2019.046 	-0.261 	-0.075 	0.217 	
3557.176 	1891.003 	-3023.555 	0.371 	0.205 	-0.327 	
-655.071 	2017.168 	3525.781 	-0.090 	0.213 	0.376 	
1200.815 	3001.862 	2385.816 	0.116 	0.321 	0.256 	
2327.972 	2585.934 	1613.293 	0.237 	0.280 	0.174 	
1861.869 	-2166.457 	746.914 	0.182 	-0.229 	0.082 	
-1612.861 	-597.369 	-2517.500 	-0.195 	-0.061 	-0.266 	
-2259.716 	2348.328 	1384.600 	-0.256 	0.252 	0.152 	
334.117 	-1396.314 	2322.832 	0.013 	-0.151 	0.250 	
1120.477 	-2688.603 	1940.268 	0.102 	-0.294 	0.210 	
-1236.127 	-2578.856 	240.855 	-0.154 	-0.270 	0.026 	
390.305 	-2324.421 	-488.373 	0.020 	-0.250 	-0.056 	
-380.817 	-2330.091 	-1051.656 	-0.065 	-0.247 	-0.111 	
3058.372 	-539.833 	-3079.673 	0.312 	-0.058 	-0.330 	
1499.112 	821.014 	3662.516 	0.138 	0.090 	0.395 	
-2789.623 	1746.512 	2393.690 	-0.318 	0.189 	0.261 	
3925.265 	-2157.389 	3655.831 	0.410 	-0.231 	0.398 	
-2617.122 	1300.957 	562.451 	-0.296 	0.141 	0.058 	
186.407 	609.016 	3248.580 	0.002 	0.070 	0.347 	
-4098.473 	1813.110 	2468.021 	-0.460 	0.201 	0.266 	
-1497.981 	-2479.427 	722.243 	-0.181 	-0.271 	0.078 	
1857.384 	-371.394 	-2080.335 	0.185 	-0.037 	-0.225 	
-1460.634 	-3491.312 	4027.117 	-0.176 	-0.377 	0.439 	
-3243.402 	3110.383 	235.392 	-0.367 	0.338 	0.023 	
685.269 	-3700.124 	-3396.368 	0.055 	-0.396 	-0.364 	
-4060.760 	-972.862 	-3641.946 	-0.451 	-0.106 	-0.392 	
-1991.400 	1.751 	-2291.108 	-0.238 	-0.001 	-0.246 	
-31.843 	197.906 	-352.103 	-0.019 	0.019 	-0.038 	
-4092.467 	-1007.521 	3827.843 	-0.460 	-0.113 	0.414 	
-1404.156 	-171.241 	-221.300 	-0.168 	-0.023 	-0.017 	
3462.977 	-1959.154 	2276.574 	0.356 	-0.215 	0.250 	
-3693.349 	-2836.720 	-2948.545 	-0.419 	-0.304 	-0.315 	
-3460.904 	1018.122 	-28.768 	-0.384 	0.108 	-0.003 	
630.121 	1241.402 	-3634.330 	0.053 	0.137 	-0.392 	
-2564.457 	892.735 	1724.547 	-0.290 	0.091 	0.187 	
3661.080 	-3614.316 	2614.227 	0.373 	-0.393 	0.282 	
-1202.669 	2167.385 	-2528.266 	-0.143 	0.230 	-0.273 	
-4098.556 	312.690 	2088.303 	-0.459 	0.033 	0.227 	
1504.616 	-2887.589 	3237.385 	0.141 	-0.310 	0.351 	
-4020.701 	2689.583 	-373.234 	-0.451 	0.289 	-0.043 	
-3763.318 	1597.820 	1310.418 	-0.419 	0.169 	0.146 	
568.398 	-2783.504 	755.287 	0.047 	-0.302 	0.081 	
-1464.035 	-2856.488 	1754.697 	-0.175 	-0.311 	0.192 	
778.647 	-2070.364 	-3395.820 	0.071 	-0.226 	-0.362 	
-3233.827 	-1904.367 	1700.800 	-0.364 	-0.202 	0.183 	
-4032.740 	-1499.750 	-1915.300 	-0.456 	-0.163 	-0.208 	
2090.748 	-3530.132 	-3289.435 	0.209 	-0.384 	-0.353 	
-3654.221 	-2402.101 	-2847.824 	-0.413 	-0.260 	-0.312 	
850.851 	-1123.987 	-251.716 	0.072 	-0.120 	-0.026 	
1789.101 	3424.176 	1728.890 	0.172 	0.370 	0.183 	
3048.579 	877.309 	2110.297 	0.307 	0.093 	0.230 	
1606.221 	-2008.320 	-2317.249 	0.157 	-0.221 	-0.246 	
3886.432 	-3474.912 	2999.068 	0.398 	-0.375 	0.327 	
-3740.620 	-1708.786 	-655.871 	-0.423 	-0.184 	-0.072 	
-2271.033 	3524.790 	1717.078 	-0.267 	0.378 	0.189 	
-1271.315 	2186.929 	3211.211 	-0.157 	0.231 	0.348 	
2107.390 	621.333 	2854.915 	0.209 	0.068 	0.307 	
-665.083 	-2977.097 	3192.870 	-0.091 	-0.317 	0.343 	
-3051.265 	2026.109 	1394.286 	-0.344 	0.221 	0.149 	
2340.358 	3039.917 	286.861 	0.236 	0.330 	0.033 	
-2118.612 	-1501.186 	-1512.489 	-0.242 	-0.165 	-0.163 	
-516.367 	-2466.820 	3113.762 	-0.076 	-0.270 	0.332 	
2869.200 	479.710 	524.198 	0.289 	0.049 	0.062 	
-3741.369 	-3763.217 	2395.345 	-0.418 	-0.408 	0.257 	
-1429.579 	-1230.034 	-1024.093 	-0.167 	-0.127 	-0.112 	
2740.627 	-2893.991 	830.057 	0.277 	-0.309 	0.093 	
-552.816 	1909.714 	1018.703 	-0.081 	0.200 	0.108 	
-954.532 	-1554.025 	-390.514 	-0.123 	-0.162 	-0.044 	
1813.998 	205.136 	-2038.246 	0.175 	0.022 	-0.215 	
-3291.908 	3299.446 	2268.196 	-0.376 	0.357 	0.240 	
3680.437 	-3213.644 	448.249 	0.382 	-0.348 	0.052 	
3164.999 	-133.719 	2474.272 	0.326 	-0.015 	0.268 	
765.924 	3237.573 	-51.625 	0.061 	0.352 	-0.007 	
519.373 	879.073 	2042.498 	0.043 	0.091 	0.216 	
-4145.271 	2544.690 	3341.354 	-0.469 	0.272 	0.361 	
-3073.901 	-1033.225 	1375.388 	-0.344 	-0.114 	0.149 	
3172.056 	633.334 	-868.114 	0.319 	0.067 	-0.095 	
-2176.816 	-698.908 	-3012.718 	-0.247 	-0.075 	-0.322 	
