## Las primeras 500 lineas corresponden a la esfera 1 
##las siguienets 500 lineas a la esfera 2
## Las primeras tres columnas corresponden a la posición en 'x', 'y' y 'z', las siguientes tres a las velocidades
-52.379 	-2379.606 	251.580 	-0.010 	-0.244 	0.028 	
794.887 	-738.019 	-15.727 	0.086 	-0.077 	-0.002 	
914.333 	3039.839 	2029.953 	0.098 	0.314 	0.206 	
-2884.315 	3184.076 	2105.305 	-0.303 	0.333 	0.221 	
-563.111 	-641.459 	2984.364 	-0.054 	-0.066 	0.313 	
3219.338 	2051.450 	3617.302 	0.342 	0.215 	0.374 	
3299.138 	-1643.265 	-3219.350 	0.345 	-0.169 	-0.336 	
-3096.107 	-1751.509 	1151.435 	-0.321 	-0.177 	0.123 	
2675.341 	871.745 	1784.671 	0.276 	0.095 	0.185 	
1019.816 	961.319 	1427.034 	0.105 	0.098 	0.151 	
2709.887 	-213.092 	146.502 	0.278 	-0.021 	0.013 	
-568.205 	-2473.322 	417.008 	-0.056 	-0.256 	0.045 	
579.579 	-1757.709 	270.046 	0.067 	-0.181 	0.029 	
1952.571 	2809.535 	2699.788 	0.198 	0.292 	0.279 	
-134.701 	2364.378 	-3780.194 	-0.015 	0.247 	-0.393 	
-1339.037 	-216.655 	19.292 	-0.139 	-0.018 	0.003 	
-1532.546 	3041.358 	-1250.981 	-0.162 	0.313 	-0.131 	
316.882 	1698.178 	-3421.187 	0.032 	0.171 	-0.358 	
-4503.463 	-3305.614 	-1901.418 	-0.474 	-0.342 	-0.200 	
1556.172 	-3881.818 	-3344.709 	0.158 	-0.405 	-0.349 	
388.108 	-3574.237 	4321.461 	0.042 	-0.367 	0.452 	
300.905 	1327.297 	3706.277 	0.030 	0.137 	0.380 	
-960.456 	-1672.415 	837.058 	-0.099 	-0.168 	0.085 	
-3121.126 	-2468.457 	1124.842 	-0.321 	-0.253 	0.115 	
2211.432 	-1546.738 	2495.928 	0.234 	-0.161 	0.256 	
-1413.847 	-19.629 	3305.406 	-0.141 	-0.001 	0.341 	
272.352 	-1997.033 	-116.418 	0.032 	-0.203 	-0.010 	
863.549 	-3724.156 	2749.235 	0.088 	-0.392 	0.286 	
-3169.031 	3204.809 	840.254 	-0.325 	0.332 	0.088 	
-1769.540 	-2756.800 	2222.016 	-0.180 	-0.284 	0.233 	
-1129.382 	-1912.248 	-3262.050 	-0.116 	-0.196 	-0.339 	
1540.900 	2544.491 	3107.727 	0.158 	0.261 	0.323 	
3125.307 	-1172.140 	2895.136 	0.325 	-0.121 	0.302 	
-1981.666 	2125.042 	276.831 	-0.199 	0.219 	0.030 	
330.083 	-1128.239 	-3519.276 	0.034 	-0.121 	-0.360 	
603.247 	-447.941 	388.945 	0.068 	-0.043 	0.041 	
-1510.662 	-3034.608 	-3497.859 	-0.158 	-0.313 	-0.369 	
-1432.047 	-3732.013 	2810.662 	-0.143 	-0.387 	0.292 	
-1438.420 	-320.492 	2030.701 	-0.151 	-0.031 	0.213 	
2419.091 	-3830.387 	2785.466 	0.251 	-0.398 	0.292 	
4144.732 	1493.773 	-172.813 	0.431 	0.150 	-0.019 	
746.776 	-926.439 	301.955 	0.079 	-0.091 	0.029 	
1534.940 	447.913 	2675.734 	0.099 	0.084 	0.315 	
-195.012 	-2649.540 	-1714.986 	-0.025 	-0.275 	-0.177 	
685.039 	-772.873 	2634.771 	0.075 	-0.081 	0.276 	
380.945 	682.291 	-1228.991 	0.044 	0.072 	-0.124 	
3964.337 	281.291 	74.282 	0.409 	0.024 	0.022 	
-938.584 	3714.210 	-989.180 	-0.097 	0.387 	-0.104 	
919.131 	-1081.506 	-1415.692 	0.100 	-0.114 	-0.145 	
3447.882 	2252.928 	1095.300 	0.359 	0.238 	0.114 	
-3137.674 	-1187.354 	-2592.960 	-0.323 	-0.126 	-0.273 	
1778.979 	-304.428 	1773.768 	0.180 	-0.031 	0.180 	
3901.943 	-1796.577 	-3815.280 	0.410 	-0.192 	-0.397 	
-265.510 	2412.517 	72.308 	-0.022 	0.249 	0.011 	
-2811.434 	3002.419 	2196.969 	-0.295 	0.310 	0.227 	
-599.944 	-3644.892 	1869.567 	-0.060 	-0.382 	0.197 	
-1479.631 	-68.467 	-2305.705 	-0.148 	-0.009 	-0.242 	
171.298 	-3214.105 	-1124.237 	0.022 	-0.334 	-0.118 	
-3771.292 	2710.099 	3233.274 	-0.394 	0.285 	0.339 	
2194.539 	3359.769 	1319.479 	0.230 	0.346 	0.133 	
-1024.731 	3659.630 	961.216 	-0.111 	0.381 	0.099 	
1450.193 	2134.017 	-1262.646 	0.154 	0.219 	-0.130 	
-2936.788 	3941.635 	1557.627 	-0.310 	0.412 	0.163 	
2606.959 	779.697 	-1309.013 	0.271 	0.085 	-0.135 	
3177.774 	-3627.538 	-3665.490 	0.337 	-0.377 	-0.380 	
4526.413 	-1498.602 	-3761.676 	0.478 	-0.155 	-0.392 	
2903.846 	-2100.097 	-3278.566 	0.309 	-0.219 	-0.342 	
-4147.981 	4546.252 	-1323.250 	-0.435 	0.479 	-0.141 	
4499.392 	2088.701 	2686.607 	0.474 	0.218 	0.278 	
-641.414 	1241.823 	1617.131 	-0.067 	0.120 	0.169 	
2971.060 	1057.675 	1133.807 	0.312 	0.106 	0.115 	
1259.669 	-176.880 	1373.169 	0.136 	-0.016 	0.142 	
-71.940 	2310.165 	-3821.626 	-0.009 	0.239 	-0.395 	
-1004.818 	-2887.880 	-1153.259 	-0.106 	-0.299 	-0.118 	
-1785.052 	1488.021 	2321.880 	-0.191 	0.154 	0.239 	
1718.506 	-503.188 	-890.841 	0.178 	-0.052 	-0.085 	
-109.622 	-845.713 	-2692.893 	-0.012 	-0.082 	-0.280 	
3375.173 	1990.365 	-3196.683 	0.354 	0.208 	-0.337 	
415.500 	-715.673 	-1497.607 	0.041 	-0.072 	-0.157 	
-26.885 	-967.569 	3224.232 	-0.000 	-0.103 	0.334 	
-606.637 	2937.059 	937.364 	-0.067 	0.300 	0.098 	
834.589 	-1537.987 	-1033.512 	0.082 	-0.157 	-0.104 	
1896.709 	2448.749 	3150.593 	0.195 	0.257 	0.327 	
-821.740 	-2520.836 	3234.750 	-0.087 	-0.259 	0.338 	
2522.473 	-1301.852 	-633.286 	0.265 	-0.131 	-0.069 	
-2272.638 	-3206.667 	-3115.916 	-0.233 	-0.332 	-0.322 	
2396.154 	-757.565 	-1564.402 	0.252 	-0.071 	-0.170 	
-2524.540 	-2665.738 	2873.574 	-0.268 	-0.277 	0.300 	
-3413.213 	-3382.004 	2237.063 	-0.351 	-0.352 	0.235 	
-3085.616 	-1396.784 	-307.395 	-0.317 	-0.149 	-0.028 	
4084.734 	1907.631 	2882.147 	0.425 	0.204 	0.299 	
97.240 	1600.460 	2923.703 	0.009 	0.169 	0.304 	
307.343 	-717.542 	284.724 	0.035 	-0.077 	0.031 	
-463.260 	-3503.920 	-1419.857 	-0.045 	-0.367 	-0.144 	
3355.635 	-2210.096 	3325.086 	0.349 	-0.227 	0.345 	
-1252.581 	2180.400 	-3502.020 	-0.125 	0.235 	-0.363 	
3402.233 	838.349 	2169.744 	0.357 	0.086 	0.225 	
3660.730 	832.782 	-2409.318 	0.385 	0.087 	-0.250 	
4168.281 	3252.857 	513.604 	0.440 	0.337 	0.054 	
2210.091 	-1778.413 	2226.840 	0.225 	-0.188 	0.229 	
-2610.543 	3420.132 	1924.078 	-0.271 	0.351 	0.203 	
-4302.586 	-3066.610 	-1297.355 	-0.452 	-0.318 	-0.131 	
1160.624 	-3998.728 	2291.080 	0.122 	-0.418 	0.238 	
-1726.082 	-368.854 	3042.727 	-0.178 	-0.034 	0.319 	
2203.832 	-929.245 	1197.885 	0.234 	-0.097 	0.127 	
-3601.055 	1830.066 	3315.405 	-0.371 	0.191 	0.342 	
-3610.338 	-2495.581 	2380.180 	-0.380 	-0.258 	0.250 	
-4202.443 	4414.168 	-1781.978 	-0.441 	0.464 	-0.186 	
2607.700 	-1711.617 	155.370 	0.268 	-0.180 	0.020 	
4443.009 	-423.226 	-1383.768 	0.466 	-0.047 	-0.140 	
-1064.978 	-389.142 	2183.516 	-0.109 	-0.042 	0.229 	
933.992 	-1307.109 	1957.734 	0.092 	-0.136 	0.203 	
1716.431 	-31.801 	617.240 	0.174 	-0.007 	0.062 	
-684.181 	3760.981 	-1348.271 	-0.074 	0.388 	-0.136 	
-2558.018 	3476.937 	3504.116 	-0.267 	0.362 	0.367 	
-375.824 	3745.244 	3616.021 	-0.037 	0.392 	0.376 	
1132.607 	-3893.692 	-637.662 	0.116 	-0.405 	-0.061 	
-4109.491 	-1215.290 	3879.817 	-0.426 	-0.130 	0.402 	
2805.861 	-1731.522 	-1420.924 	0.291 	-0.184 	-0.143 	
-319.366 	2738.013 	529.483 	-0.038 	0.283 	0.058 	
-1901.308 	430.809 	2422.250 	-0.195 	0.045 	0.256 	
2202.422 	-3089.434 	-1382.451 	0.230 	-0.324 	-0.144 	
1774.907 	-519.956 	-2913.064 	0.184 	-0.048 	-0.303 	
3571.687 	-1641.052 	3693.429 	0.368 	-0.172 	0.385 	
-3960.885 	1328.706 	1952.227 	-0.415 	0.136 	0.202 	
1101.869 	-454.666 	-1389.149 	0.110 	-0.044 	-0.141 	
-4073.916 	-2604.923 	-1522.818 	-0.423 	-0.270 	-0.154 	
-4358.196 	-4006.171 	1625.749 	-0.459 	-0.417 	0.168 	
-3166.834 	1646.794 	-3831.390 	-0.330 	0.173 	-0.394 	
-3347.491 	-3541.945 	1348.640 	-0.344 	-0.370 	0.140 	
-386.046 	-2344.240 	1860.051 	-0.044 	-0.242 	0.195 	
-934.709 	3017.146 	-1733.403 	-0.099 	0.315 	-0.183 	
-2368.274 	1935.962 	23.441 	-0.247 	0.198 	0.002 	
36.683 	1092.809 	-3370.396 	0.000 	0.110 	-0.348 	
4180.787 	-3836.469 	357.147 	0.433 	-0.398 	0.034 	
-528.000 	-2989.494 	-1581.591 	-0.051 	-0.310 	-0.169 	
426.974 	-2333.177 	1027.630 	0.041 	-0.242 	0.102 	
-2739.401 	-3566.183 	2798.564 	-0.280 	-0.373 	0.293 	
3276.715 	-1560.688 	-1620.469 	0.341 	-0.160 	-0.168 	
1465.077 	-2908.944 	898.168 	0.158 	-0.301 	0.096 	
-2790.594 	-1770.965 	-2240.951 	-0.286 	-0.186 	-0.233 	
3626.457 	-1046.680 	-978.725 	0.371 	-0.106 	-0.102 	
-2502.392 	3746.806 	921.845 	-0.262 	0.387 	0.099 	
-3016.448 	-3149.526 	520.471 	-0.315 	-0.327 	0.057 	
-979.574 	1134.236 	1391.260 	-0.105 	0.113 	0.144 	
2299.610 	-496.486 	3232.253 	0.238 	-0.051 	0.331 	
-1692.332 	-193.769 	-1363.628 	-0.173 	-0.016 	-0.141 	
-64.057 	1940.022 	2899.496 	-0.009 	0.200 	0.296 	
3487.463 	-3268.617 	-3812.122 	0.359 	-0.341 	-0.398 	
-267.849 	2691.751 	-1937.818 	-0.024 	0.276 	-0.202 	
3497.343 	-3777.606 	935.446 	0.365 	-0.392 	0.093 	
-2690.563 	-1048.722 	2355.806 	-0.275 	-0.106 	0.244 	
922.079 	2063.320 	4042.661 	0.094 	0.210 	0.421 	
-4088.382 	-4003.594 	-1526.534 	-0.426 	-0.416 	-0.161 	
-3452.515 	-191.503 	-3885.578 	-0.360 	-0.017 	-0.405 	
-363.338 	-1630.022 	-1385.053 	-0.043 	-0.170 	-0.143 	
3874.355 	-864.148 	2758.510 	0.413 	-0.089 	0.283 	
-3633.872 	-1877.611 	3595.930 	-0.379 	-0.198 	0.373 	
-1753.422 	-2849.327 	4031.147 	-0.180 	-0.298 	0.422 	
428.386 	-2817.072 	2363.882 	0.044 	-0.294 	0.247 	
3936.337 	-3247.353 	2985.454 	0.415 	-0.339 	0.313 	
-1218.457 	724.722 	752.714 	-0.123 	0.076 	0.075 	
-1396.222 	-88.420 	2279.754 	-0.155 	-0.001 	0.246 	
1982.645 	297.846 	-126.629 	0.210 	0.033 	-0.009 	
199.039 	-1444.220 	775.714 	0.019 	-0.149 	0.078 	
-1493.717 	-35.695 	-490.062 	-0.157 	-0.003 	-0.047 	
-1379.130 	2232.890 	-1968.285 	-0.142 	0.232 	-0.205 	
4449.724 	-977.506 	-264.283 	0.464 	-0.107 	-0.027 	
1284.673 	-111.420 	-423.772 	0.134 	-0.016 	-0.039 	
1488.876 	-844.647 	-838.370 	0.150 	-0.091 	-0.081 	
-2503.676 	752.713 	4210.495 	-0.259 	0.078 	0.439 	
2457.235 	1606.034 	165.169 	0.262 	0.163 	0.019 	
-3633.618 	699.147 	1539.973 	-0.379 	0.070 	0.159 	
993.617 	-263.775 	-1195.975 	0.101 	-0.032 	-0.124 	
-4201.945 	-1861.494 	3533.065 	-0.441 	-0.194 	0.367 	
-3265.076 	-1231.064 	-245.878 	-0.339 	-0.126 	-0.023 	
-1631.886 	-902.485 	-906.739 	-0.168 	-0.094 	-0.096 	
2547.945 	2270.430 	3177.409 	0.266 	0.237 	0.325 	
791.521 	-768.226 	3240.794 	0.084 	-0.079 	0.338 	
3812.010 	2390.816 	4125.401 	0.396 	0.253 	0.432 	
3287.580 	3002.248 	3327.198 	0.342 	0.314 	0.352 	
3532.627 	-3014.608 	-3064.590 	0.366 	-0.315 	-0.317 	
2617.650 	3661.160 	199.907 	0.278 	0.380 	0.020 	
-1834.396 	177.663 	1039.841 	-0.193 	0.016 	0.112 	
-720.943 	295.533 	-2350.707 	-0.072 	0.032 	-0.248 	
-579.248 	1681.931 	1853.829 	-0.065 	0.174 	0.192 	
-4129.468 	-3652.256 	2272.277 	-0.431 	-0.377 	0.242 	
-1611.292 	1296.172 	-1454.030 	-0.167 	0.136 	-0.148 	
-1121.390 	-3428.190 	-2633.920 	-0.117 	-0.353 	-0.275 	
-1866.746 	-3347.301 	-2018.340 	-0.189 	-0.347 	-0.210 	
304.297 	-3674.204 	-3028.121 	0.031 	-0.380 	-0.313 	
3291.913 	1315.964 	263.305 	0.347 	0.137 	0.030 	
3624.963 	-297.593 	-2515.648 	0.378 	-0.032 	-0.258 	
-1540.596 	553.029 	218.422 	-0.154 	0.056 	0.027 	
-1673.371 	1779.625 	972.930 	-0.179 	0.183 	0.102 	
3710.367 	-1706.739 	-41.311 	0.384 	-0.181 	-0.008 	
-2147.943 	1409.045 	-3874.391 	-0.225 	0.145 	-0.404 	
3830.444 	-276.010 	2459.558 	0.396 	-0.024 	0.258 	
847.770 	1306.478 	1108.284 	0.094 	0.137 	0.118 	
2400.708 	-747.495 	-1531.299 	0.250 	-0.085 	-0.153 	
-2324.288 	2911.403 	684.445 	-0.241 	0.298 	0.073 	
14.411 	-2879.014 	1747.803 	0.006 	-0.294 	0.180 	
-338.535 	-305.332 	-3105.465 	-0.030 	-0.031 	-0.320 	
-1143.304 	173.190 	653.701 	-0.120 	0.019 	0.068 	
-410.005 	-3293.422 	-3345.982 	-0.041 	-0.339 	-0.351 	
-868.978 	-1432.459 	3379.563 	-0.088 	-0.150 	0.344 	
4214.010 	-594.556 	-3016.589 	0.441 	-0.066 	-0.313 	
-887.475 	584.687 	-604.327 	-0.090 	0.058 	-0.060 	
3528.438 	-3639.473 	3359.731 	0.372 	-0.377 	0.350 	
-1192.302 	-1232.777 	1136.045 	-0.123 	-0.123 	0.117 	
-1068.307 	-92.672 	3427.186 	-0.108 	-0.006 	0.355 	
844.822 	1801.098 	384.797 	0.094 	0.186 	0.041 	
-3823.297 	3961.330 	-2867.862 	-0.401 	0.413 	-0.298 	
266.097 	-997.868 	-3894.849 	0.034 	-0.102 	-0.405 	
-660.931 	-1984.494 	2436.040 	-0.067 	-0.199 	0.254 	
-2340.171 	-1824.495 	-1625.111 	-0.247 	-0.189 	-0.167 	
2106.332 	3797.084 	-3267.721 	0.221 	0.396 	-0.346 	
-2283.591 	285.615 	2422.639 	-0.242 	0.029 	0.250 	
-114.288 	525.113 	1814.212 	-0.015 	0.054 	0.184 	
-583.879 	-760.217 	1159.108 	-0.052 	-0.085 	0.105 	
3637.903 	-933.220 	-2326.988 	0.378 	-0.102 	-0.244 	
4254.799 	-4003.715 	80.980 	0.442 	-0.417 	0.013 	
-3140.731 	-2309.640 	-180.183 	-0.331 	-0.241 	-0.020 	
114.889 	-3206.359 	868.627 	0.009 	-0.329 	0.093 	
-1525.340 	199.908 	3143.436 	-0.160 	0.017 	0.323 	
-2040.427 	3907.682 	183.607 	-0.208 	0.405 	0.022 	
-2862.651 	-3029.116 	1300.735 	-0.297 	-0.312 	0.134 	
3536.035 	-1434.269 	-2966.811 	0.370 	-0.148 	-0.312 	
-2519.037 	-3635.063 	2372.290 	-0.263 	-0.373 	0.247 	
-1711.510 	-78.334 	1442.937 	-0.177 	-0.014 	0.152 	
-1819.466 	382.496 	3720.213 	-0.189 	0.039 	0.389 	
-3259.854 	2415.289 	-556.268 	-0.337 	0.250 	-0.052 	
-3160.948 	1086.228 	116.474 	-0.333 	0.113 	0.013 	
-1147.237 	1055.094 	-1901.117 	-0.118 	0.112 	-0.195 	
3442.323 	4391.663 	-3967.703 	0.358 	0.463 	-0.416 	
-2844.447 	1567.844 	2235.157 	-0.299 	0.163 	0.236 	
-3161.901 	-361.244 	-3342.814 	-0.325 	-0.039 	-0.348 	
1930.966 	-2709.417 	1236.640 	0.203 	-0.284 	0.124 	
2954.185 	3127.320 	-248.995 	0.314 	0.325 	-0.023 	
3254.295 	1710.558 	-3651.269 	0.336 	0.180 	-0.376 	
2139.388 	1025.103 	-2433.849 	0.220 	0.105 	-0.247 	
-1586.257 	-3084.632 	-920.062 	-0.162 	-0.316 	-0.097 	
2993.296 	-1351.283 	295.118 	0.313 	-0.138 	0.025 	
-687.573 	3366.282 	845.069 	-0.044 	0.371 	0.096 	
877.079 	-2296.710 	3360.100 	0.092 	-0.236 	0.343 	
-1955.754 	1268.409 	-1534.714 	-0.203 	0.130 	-0.162 	
-2901.040 	-114.294 	1442.774 	-0.304 	-0.012 	0.153 	
3150.045 	-1072.964 	3089.123 	0.331 	-0.113 	0.315 	
884.296 	-2321.881 	-3494.594 	0.096 	-0.242 	-0.358 	
4362.728 	728.518 	-2423.107 	0.459 	0.076 	-0.253 	
1482.123 	-911.642 	3067.929 	0.159 	-0.094 	0.318 	
-2526.854 	3389.797 	-744.623 	-0.256 	0.353 	-0.077 	
-1639.415 	-1584.068 	1384.149 	-0.171 	-0.164 	0.147 	
-1376.741 	-1778.168 	727.198 	-0.141 	-0.184 	0.082 	
3836.230 	71.233 	1713.874 	0.401 	0.012 	0.181 	
-2603.245 	253.604 	2415.994 	-0.271 	0.026 	0.257 	
-34.937 	1530.534 	-2928.141 	-0.008 	0.160 	-0.307 	
-2747.292 	-3630.230 	-3634.475 	-0.282 	-0.376 	-0.382 	
1963.022 	3102.858 	-1420.400 	0.202 	0.320 	-0.147 	
-3851.309 	1843.669 	2274.193 	-0.402 	0.192 	0.234 	
-4031.980 	257.956 	1536.966 	-0.422 	0.030 	0.160 	
1239.879 	-3226.689 	-3234.471 	0.127 	-0.338 	-0.332 	
-5434.821 	17.870 	-29.043 	-0.592 	-0.015 	-0.005 	
-3625.123 	-1481.893 	1947.203 	-0.374 	-0.155 	0.206 	
2201.456 	-853.625 	-2656.109 	0.227 	-0.089 	-0.280 	
1125.628 	727.753 	505.821 	0.120 	0.075 	0.058 	
-118.175 	-1434.413 	894.680 	-0.016 	-0.152 	0.089 	
-3922.495 	329.054 	-2276.479 	-0.410 	0.032 	-0.240 	
3203.902 	-322.003 	4353.009 	0.336 	-0.032 	0.457 	
-769.872 	-1355.271 	2193.734 	-0.080 	-0.144 	0.223 	
1430.463 	-2279.423 	-884.260 	0.145 	-0.236 	-0.090 	
567.310 	-598.724 	600.840 	0.061 	-0.066 	0.059 	
-3465.697 	-4113.194 	-2054.564 	-0.362 	-0.431 	-0.213 	
1963.713 	-1825.346 	-3323.171 	0.204 	-0.185 	-0.342 	
847.104 	1244.335 	-847.034 	0.092 	0.146 	-0.087 	
-1561.835 	-427.900 	1314.414 	-0.161 	-0.039 	0.140 	
4427.511 	2188.746 	-353.128 	0.466 	0.226 	-0.038 	
980.391 	-479.951 	-2264.259 	0.100 	-0.050 	-0.237 	
-3184.828 	1115.564 	-3977.456 	-0.330 	0.118 	-0.413 	
1542.726 	1186.248 	1215.660 	0.164 	0.119 	0.130 	
3857.338 	272.501 	-3171.773 	0.397 	0.026 	-0.327 	
-1572.282 	530.966 	-2026.348 	-0.163 	0.058 	-0.213 	
-3937.768 	3552.031 	1500.092 	-0.414 	0.370 	0.157 	
159.889 	-3084.217 	-3685.772 	0.020 	-0.320 	-0.387 	
2772.495 	3501.756 	-2212.754 	0.290 	0.364 	-0.236 	
1988.832 	-1578.224 	444.085 	0.205 	-0.163 	0.051 	
2027.227 	-3383.234 	-2772.261 	0.209 	-0.350 	-0.292 	
1286.076 	-1592.156 	2236.173 	0.131 	-0.165 	0.232 	
1717.843 	-1695.728 	2728.770 	0.179 	-0.174 	0.283 	
3477.601 	3848.072 	-3424.429 	0.360 	0.402 	-0.361 	
3262.914 	-578.485 	2379.512 	0.342 	-0.057 	0.251 	
1420.074 	-913.073 	-791.837 	0.151 	-0.091 	-0.082 	
-1617.101 	-1478.786 	2932.718 	-0.171 	-0.152 	0.305 	
-1841.067 	-864.482 	3210.196 	-0.190 	-0.094 	0.333 	
752.362 	-1914.829 	-1235.837 	0.079 	-0.197 	-0.130 	
-2604.614 	-423.328 	-76.978 	-0.270 	-0.046 	-0.009 	
-431.683 	3305.510 	-4051.237 	-0.040 	0.347 	-0.422 	
-3116.010 	-1013.755 	2063.382 	-0.327 	-0.105 	0.213 	
-144.793 	-3135.192 	3384.134 	-0.016 	-0.322 	0.355 	
-1508.427 	1198.582 	3151.617 	-0.153 	0.127 	0.326 	
-447.990 	-147.776 	2233.982 	-0.049 	-0.017 	0.232 	
2831.932 	-2147.110 	2.082 	0.297 	-0.225 	-0.004 	
-149.440 	-1415.753 	948.560 	-0.004 	-0.145 	0.100 	
-783.154 	-1404.651 	3190.530 	-0.076 	-0.145 	0.333 	
-3999.907 	-1120.224 	1080.885 	-0.420 	-0.117 	0.113 	
-1069.442 	-2612.446 	-569.268 	-0.115 	-0.269 	-0.059 	
1118.192 	-3880.255 	2067.384 	0.114 	-0.408 	0.215 	
1391.291 	-2901.949 	-751.723 	0.143 	-0.302 	-0.075 	
1637.618 	-3567.136 	-403.088 	0.172 	-0.372 	-0.038 	
1048.890 	147.820 	3224.027 	0.105 	0.013 	0.334 	
-3577.676 	1735.674 	231.748 	-0.373 	0.179 	0.023 	
-807.340 	857.022 	1638.339 	-0.079 	0.086 	0.168 	
-1405.033 	-2085.482 	3406.338 	-0.148 	-0.217 	0.358 	
-2942.733 	-3506.583 	3094.608 	-0.306 	-0.362 	0.327 	
2106.636 	2397.966 	-3676.451 	0.218 	0.248 	-0.379 	
-1238.782 	2186.804 	-3518.905 	-0.126 	0.219 	-0.361 	
-214.191 	-2991.283 	-2414.386 	-0.016 	-0.310 	-0.251 	
-33.685 	-241.958 	539.564 	0.003 	-0.029 	0.055 	
2616.609 	-1219.209 	660.789 	0.273 	-0.127 	0.065 	
2108.871 	1232.909 	-2273.531 	0.226 	0.128 	-0.235 	
-2555.233 	-3499.357 	2012.989 	-0.263 	-0.368 	0.207 	
4346.961 	-863.514 	-3942.080 	0.457 	-0.090 	-0.412 	
-626.376 	2799.979 	942.233 	-0.060 	0.293 	0.096 	
-2266.661 	3159.188 	-2740.613 	-0.237 	0.328 	-0.287 	
-3032.816 	2076.406 	-1078.989 	-0.310 	0.215 	-0.112 	
-56.810 	1021.504 	-383.864 	-0.009 	0.100 	-0.040 	
-3345.072 	1365.959 	283.090 	-0.342 	0.146 	0.028 	
-177.592 	-2928.692 	-2237.037 	-0.020 	-0.302 	-0.228 	
-2779.820 	-1588.376 	139.634 	-0.290 	-0.164 	0.010 	
2176.269 	1707.179 	-2184.111 	0.232 	0.177 	-0.225 	
-2698.355 	3823.896 	536.663 	-0.281 	0.395 	0.061 	
1983.366 	-346.876 	-2849.631 	0.208 	-0.035 	-0.295 	
-370.483 	287.337 	-780.984 	-0.035 	0.024 	-0.076 	
-3722.489 	-1962.411 	-3499.860 	-0.386 	-0.209 	-0.367 	
1709.754 	-724.725 	571.176 	0.175 	-0.076 	0.061 	
-3066.068 	-752.700 	3391.831 	-0.319 	-0.077 	0.354 	
3032.538 	-332.534 	2806.212 	0.316 	-0.037 	0.288 	
1082.914 	-331.800 	-2585.869 	0.109 	-0.039 	-0.267 	
3155.205 	1279.195 	-254.654 	0.326 	0.134 	-0.029 	
1376.019 	661.056 	2294.051 	0.140 	0.070 	0.237 	
-283.049 	1759.432 	-2909.772 	-0.032 	0.183 	-0.300 	
3971.752 	-2884.523 	-1224.341 	0.419 	-0.299 	-0.125 	
-3565.586 	-3592.115 	3747.319 	-0.373 	-0.376 	0.390 	
-3082.309 	-2153.462 	-89.359 	-0.318 	-0.223 	-0.010 	
2347.232 	559.180 	814.396 	0.238 	0.058 	0.085 	
3892.429 	-958.357 	1024.506 	0.405 	-0.097 	0.103 	
-3221.976 	1214.604 	1784.755 	-0.333 	0.129 	0.191 	
108.963 	-218.103 	51.026 	0.007 	-0.022 	0.008 	
-1072.009 	-2250.491 	3138.922 	-0.106 	-0.231 	0.328 	
-407.336 	-1909.246 	-1481.882 	-0.039 	-0.200 	-0.150 	
3754.247 	-1519.345 	-2552.631 	0.390 	-0.162 	-0.264 	
408.761 	-2225.985 	-2098.693 	0.037 	-0.230 	-0.216 	
2940.411 	-3102.928 	3916.797 	0.310 	-0.320 	0.407 	
-3606.192 	-1446.480 	-1889.983 	-0.373 	-0.146 	-0.193 	
-3294.474 	-916.799 	-1231.522 	-0.346 	-0.099 	-0.126 	
542.807 	-828.486 	2994.814 	0.063 	-0.086 	0.310 	
2304.116 	-2224.083 	1662.896 	0.245 	-0.231 	0.170 	
-2092.304 	1668.548 	1776.077 	-0.222 	0.171 	0.186 	
-3559.202 	-1958.967 	2990.751 	-0.369 	-0.199 	0.312 	
-2797.279 	-29.182 	960.515 	-0.292 	-0.004 	0.103 	
-2239.807 	-2637.805 	406.879 	-0.229 	-0.271 	0.040 	
3565.271 	3343.864 	2241.896 	0.374 	0.343 	0.232 	
3552.138 	1961.114 	-681.507 	0.374 	0.206 	-0.072 	
-3372.630 	-3165.474 	864.636 	-0.350 	-0.328 	0.093 	
-2796.575 	828.018 	1587.358 	-0.293 	0.082 	0.166 	
-2235.194 	365.983 	1918.873 	-0.227 	0.041 	0.202 	
-2105.139 	-1041.964 	-4038.072 	-0.220 	-0.111 	-0.424 	
-1963.819 	-2152.676 	-3112.363 	-0.205 	-0.227 	-0.326 	
4247.706 	4336.784 	-2021.461 	0.445 	0.456 	-0.209 	
4059.035 	1444.135 	-3275.173 	0.424 	0.148 	-0.345 	
-1023.360 	-1714.363 	-1107.890 	-0.106 	-0.180 	-0.113 	
-1075.342 	-1664.161 	2634.873 	-0.110 	-0.178 	0.272 	
1075.235 	-244.489 	423.213 	0.115 	-0.027 	0.041 	
1312.736 	389.839 	853.105 	0.138 	0.036 	0.087 	
-2349.802 	2461.865 	2357.206 	-0.248 	0.256 	0.245 	
-2639.762 	3132.044 	-3625.552 	-0.276 	0.323 	-0.377 	
-1053.463 	-2404.383 	-4009.064 	-0.108 	-0.246 	-0.419 	
3196.977 	-1589.975 	-2483.885 	0.328 	-0.164 	-0.257 	
-46.703 	32.662 	-2475.867 	-0.004 	0.004 	-0.257 	
1258.822 	3126.073 	1328.852 	0.132 	0.328 	0.141 	
2079.695 	-315.562 	-30.583 	0.220 	-0.032 	-0.004 	
1650.500 	1860.401 	2288.988 	0.173 	0.191 	0.243 	
1168.296 	-1544.243 	-1679.874 	0.125 	-0.159 	-0.171 	
3623.243 	-2904.850 	-2488.851 	0.383 	-0.303 	-0.259 	
1158.299 	931.953 	-2388.039 	0.122 	0.097 	-0.249 	
-2563.157 	-2781.330 	-66.758 	-0.264 	-0.292 	-0.006 	
2122.509 	1356.229 	1743.508 	0.215 	0.139 	0.181 	
3074.335 	1115.755 	393.264 	0.325 	0.112 	0.040 	
-273.918 	-3452.392 	3260.435 	-0.027 	-0.357 	0.344 	
309.590 	1284.076 	3251.775 	0.038 	0.133 	0.334 	
2950.701 	-140.838 	3149.783 	0.312 	-0.014 	0.326 	
3351.320 	1280.980 	-151.709 	0.346 	0.130 	-0.012 	
-2232.214 	-4259.086 	4233.379 	-0.231 	-0.445 	0.444 	
-4360.928 	-3544.890 	3916.912 	-0.457 	-0.368 	0.409 	
4118.385 	3304.698 	13.040 	0.434 	0.341 	0.001 	
4166.629 	816.357 	3545.030 	0.435 	0.080 	0.371 	
1534.756 	448.181 	2676.022 	0.210 	0.007 	0.237 	
-2705.957 	-435.799 	-3354.918 	-0.282 	-0.044 	-0.348 	
2975.649 	1489.028 	-1257.729 	0.315 	0.155 	-0.132 	
-995.703 	2023.402 	-3472.818 	-0.106 	0.208 	-0.358 	
1579.278 	1667.806 	-524.843 	0.163 	0.172 	-0.055 	
2412.757 	-1485.999 	-2083.048 	0.252 	-0.152 	-0.214 	
3220.409 	3044.239 	3770.221 	0.336 	0.321 	0.395 	
392.898 	3343.585 	-2415.925 	0.036 	0.346 	-0.250 	
-3431.644 	682.858 	1451.051 	-0.354 	0.074 	0.153 	
1049.461 	-3700.743 	2527.306 	0.113 	-0.384 	0.259 	
1203.999 	-1494.513 	-383.271 	0.122 	-0.157 	-0.039 	
2965.119 	230.972 	-321.201 	0.308 	0.028 	-0.036 	
-1784.383 	1704.640 	-2652.324 	-0.183 	0.179 	-0.278 	
1872.254 	-3313.747 	1888.717 	0.192 	-0.347 	0.198 	
3255.108 	3257.830 	169.782 	0.343 	0.338 	0.020 	
2174.578 	-3510.972 	3246.398 	0.226 	-0.361 	0.337 	
3865.873 	-283.059 	843.639 	0.402 	-0.025 	0.090 	
4307.097 	3439.596 	2281.396 	0.447 	0.359 	0.239 	
1176.786 	-2863.824 	1588.842 	0.128 	-0.298 	0.166 	
-2217.126 	-3964.137 	3699.958 	-0.232 	-0.416 	0.385 	
1676.136 	-781.013 	-834.901 	0.176 	-0.077 	-0.086 	
-299.112 	75.505 	615.357 	-0.033 	0.005 	0.061 	
-3477.682 	4370.658 	3532.085 	-0.366 	0.460 	0.367 	
223.411 	379.069 	3322.232 	0.029 	0.041 	0.342 	
-525.778 	3406.920 	3080.524 	-0.056 	0.358 	0.318 	
2887.147 	-3081.939 	3378.564 	0.305 	-0.325 	0.354 	
-3061.238 	-3210.164 	3295.234 	-0.319 	-0.329 	0.343 	
-3596.198 	-2298.625 	2713.770 	-0.375 	-0.237 	0.283 	
-2664.459 	2509.480 	1231.023 	-0.274 	0.263 	0.131 	
-587.743 	-4146.113 	787.936 	-0.055 	-0.431 	0.081 	
502.840 	-1964.402 	2815.855 	0.055 	-0.203 	0.293 	
-127.222 	376.178 	466.978 	-0.014 	0.034 	0.052 	
-3259.689 	-3681.743 	-2987.044 	-0.343 	-0.384 	-0.307 	
-1871.776 	-128.575 	2060.402 	-0.191 	-0.017 	0.213 	
2932.601 	1110.964 	491.413 	0.302 	0.118 	0.052 	
1482.035 	-2107.307 	2751.216 	0.156 	-0.222 	0.289 	
-3026.031 	-1764.716 	-2573.716 	-0.312 	-0.181 	-0.265 	
123.825 	-1942.144 	-764.844 	0.009 	-0.221 	-0.078 	
3973.041 	293.619 	80.888 	0.407 	0.032 	-0.001 	
-1894.227 	-2745.327 	-2525.445 	-0.195 	-0.287 	-0.259 	
3215.182 	-1956.313 	216.925 	0.338 	-0.201 	0.024 	
-994.482 	2712.453 	2382.213 	-0.099 	0.278 	0.247 	
658.373 	-977.675 	3390.893 	0.069 	-0.100 	0.348 	
3410.467 	-491.529 	1817.583 	0.356 	-0.053 	0.186 	
-1043.019 	173.447 	-4094.952 	-0.106 	0.020 	-0.427 	
-1843.087 	-682.252 	-60.457 	-0.190 	-0.075 	-0.003 	
808.136 	3161.283 	1668.048 	0.082 	0.327 	0.175 	
-3613.666 	916.970 	-673.399 	-0.378 	0.093 	-0.071 	
2016.330 	-1988.942 	1050.916 	0.207 	-0.203 	0.106 	
-745.742 	714.794 	-838.494 	-0.082 	0.071 	-0.087 	
2986.507 	-3176.702 	668.995 	0.311 	-0.331 	0.073 	
341.226 	-721.993 	1111.568 	0.030 	-0.073 	0.114 	
3975.809 	-3219.530 	1314.733 	0.418 	-0.333 	0.136 	
-1798.814 	364.366 	-250.805 	-0.182 	0.037 	-0.025 	
-3090.258 	427.664 	3325.104 	-0.323 	0.050 	0.344 	
4093.392 	1570.475 	-374.297 	0.426 	0.159 	-0.033 	
-2441.649 	3106.129 	-1883.425 	-0.251 	0.326 	-0.193 	
-2409.604 	2994.976 	-1107.382 	-0.245 	0.311 	-0.116 	
2923.974 	-925.562 	-398.453 	0.300 	-0.090 	-0.040 	
-3178.036 	720.686 	3018.121 	-0.328 	0.076 	0.313 	
3394.465 	-1948.500 	-3963.920 	0.359 	-0.200 	-0.412 	
-2811.214 	-3807.686 	-2098.900 	-0.292 	-0.394 	-0.218 	
-798.883 	-442.879 	2942.033 	-0.079 	-0.047 	0.302 	
-242.883 	-1968.750 	-313.739 	-0.026 	-0.203 	-0.038 	
-284.408 	-540.551 	1509.001 	-0.024 	-0.056 	0.160 	
2426.205 	1069.279 	953.704 	0.256 	0.113 	0.102 	
1524.666 	-3106.213 	23.992 	0.163 	-0.318 	0.005 	
2131.299 	-3544.171 	-3451.662 	0.219 	-0.370 	-0.359 	
-2309.395 	3468.390 	-1010.448 	-0.239 	0.358 	-0.107 	
-2900.367 	3284.911 	888.582 	-0.298 	0.344 	0.092 	
6.452 	-323.757 	-1087.645 	0.002 	-0.035 	-0.115 	
-201.038 	-3099.694 	2321.599 	-0.014 	-0.321 	0.240 	
1045.214 	-1225.141 	3550.303 	0.108 	-0.124 	0.372 	
3507.487 	2816.520 	-3670.136 	0.369 	0.298 	-0.383 	
70.808 	-2037.624 	-757.679 	0.007 	-0.211 	-0.074 	
4164.364 	2847.629 	-120.144 	0.439 	0.295 	-0.013 	
-1524.902 	2371.881 	-4244.585 	-0.154 	0.244 	-0.441 	
-136.676 	269.321 	-787.484 	-0.015 	0.024 	-0.083 	
-3174.669 	-801.360 	1387.380 	-0.324 	-0.085 	0.146 	
1841.049 	-534.850 	10.839 	0.190 	-0.060 	0.000 	
-1169.084 	-792.741 	3282.334 	-0.123 	-0.082 	0.334 	
-643.256 	220.464 	-4089.892 	-0.066 	0.026 	-0.425 	
3097.041 	1298.971 	1443.909 	0.316 	0.135 	0.148 	
-3322.158 	-2093.453 	-4566.471 	-0.343 	-0.217 	-0.480 	
3704.421 	-751.430 	908.360 	0.383 	-0.075 	0.096 	
2302.796 	-3779.690 	575.765 	0.235 	-0.394 	0.061 	
1968.659 	3551.965 	-2389.706 	0.210 	0.366 	-0.247 	
3029.709 	965.211 	-2563.044 	0.313 	0.104 	-0.264 	
162.385 	-4239.472 	3620.818 	0.021 	-0.445 	0.375 	
1477.432 	-1274.956 	1242.464 	0.160 	-0.132 	0.128 	
172.612 	3990.940 	1833.188 	0.024 	0.415 	0.192 	
3298.181 	-2110.567 	-2494.428 	0.349 	-0.221 	-0.259 	
1641.763 	3717.729 	-157.499 	0.174 	0.387 	-0.012 	
1922.345 	1089.522 	-1185.388 	0.195 	0.114 	-0.122 	
3269.141 	3664.808 	-913.804 	0.337 	0.377 	-0.095 	
1845.795 	1965.287 	-1222.412 	0.199 	0.204 	-0.126 	
1373.831 	-1070.682 	-530.368 	0.148 	-0.115 	-0.056 	
1179.679 	-853.507 	1281.831 	0.123 	-0.088 	0.125 	
-1093.073 	-2709.705 	-1676.848 	-0.117 	-0.282 	-0.170 	
-3906.510 	-1300.232 	2919.337 	-0.403 	-0.133 	0.303 	
-3337.556 	-2913.002 	-382.419 	-0.345 	-0.306 	-0.043 	
925.033 	3431.579 	1836.278 	0.094 	0.359 	0.190 	
-851.552 	-1149.487 	1574.753 	-0.093 	-0.119 	0.163 	
2275.278 	-3779.540 	525.727 	0.244 	-0.393 	0.060 	
-3916.561 	-1577.177 	2419.923 	-0.421 	-0.163 	0.250 	
2751.892 	-3526.185 	-3676.489 	0.271 	-0.371 	-0.380 	
-3704.659 	-1482.475 	-3136.423 	-0.403 	-0.150 	-0.327 	
-1287.800 	-3436.932 	1712.129 	-0.148 	-0.354 	0.183 	
2435.789 	1935.183 	-520.762 	0.232 	0.197 	-0.055 	
-2518.974 	-3322.591 	2012.394 	-0.284 	-0.347 	0.212 	
4265.487 	-3430.830 	-3529.760 	0.429 	-0.361 	-0.370 	
2947.674 	-2343.641 	2102.916 	0.289 	-0.244 	0.223 	
-1450.136 	-2046.707 	-3462.777 	-0.173 	-0.210 	-0.359 	
1585.486 	2004.735 	-2760.555 	0.145 	0.208 	-0.290 	
2953.409 	1245.030 	387.874 	0.291 	0.129 	0.037 	
471.981 	114.024 	915.142 	0.024 	0.008 	0.094 	
-3976.745 	3511.265 	3774.199 	-0.435 	0.365 	0.391 	
1322.259 	-2847.359 	1476.605 	0.113 	-0.296 	0.154 	
1345.750 	4276.635 	3803.946 	0.123 	0.447 	0.392 	
-297.324 	3278.887 	2382.957 	-0.045 	0.341 	0.244 	
2635.561 	-1161.678 	1584.641 	0.260 	-0.118 	0.167 	
793.406 	-3984.737 	3762.606 	0.060 	-0.414 	0.392 	
-580.699 	3739.399 	1360.651 	-0.077 	0.388 	0.146 	
2027.776 	-3780.631 	3394.193 	0.195 	-0.396 	0.351 	
563.826 	1027.742 	1894.781 	0.038 	0.106 	0.198 	
-1674.162 	3828.600 	-3881.898 	-0.188 	0.397 	-0.403 	
993.652 	1307.776 	87.093 	0.091 	0.137 	0.010 	
2756.710 	242.380 	-486.885 	0.264 	0.028 	-0.053 	
-4466.052 	1503.459 	-2201.689 	-0.488 	0.157 	-0.229 	
287.358 	2955.241 	1809.782 	0.009 	0.310 	0.190 	
301.868 	-1359.599 	28.618 	0.015 	-0.144 	0.005 	
-506.064 	-2967.356 	-511.104 	-0.072 	-0.310 	-0.050 	
-2886.260 	-708.408 	-872.779 	-0.322 	-0.073 	-0.091 	
-1280.276 	1828.956 	-3855.037 	-0.147 	0.189 	-0.399 	
681.173 	1399.753 	-645.109 	0.058 	0.143 	-0.063 	
-1592.121 	3809.957 	1192.142 	-0.179 	0.398 	0.127 	
-2776.378 	2721.645 	-3519.443 	-0.311 	0.283 	-0.369 	
1.591 	3522.546 	2861.655 	-0.020 	0.367 	0.294 	
1062.191 	-3874.695 	3376.184 	0.092 	-0.400 	0.352 	
1000.085 	-3209.346 	453.967 	0.089 	-0.330 	0.050 	
453.984 	-633.420 	-3048.034 	0.027 	-0.064 	-0.316 	
-3241.505 	1068.019 	3568.525 	-0.358 	0.107 	0.374 	
-4282.574 	2398.914 	33.955 	-0.466 	0.244 	0.005 	
3318.236 	124.264 	-2395.053 	0.329 	0.013 	-0.245 	
-1948.993 	-1522.335 	-2243.332 	-0.219 	-0.154 	-0.235 	
-2930.034 	-2016.797 	-1223.322 	-0.318 	-0.204 	-0.127 	
2032.556 	-3616.605 	-2252.546 	0.189 	-0.375 	-0.235 	
-2963.796 	1162.950 	-2427.896 	-0.325 	0.122 	-0.247 	
-1762.274 	-635.682 	-1048.580 	-0.205 	-0.063 	-0.111 	
3356.732 	4121.524 	-2130.970 	0.333 	0.433 	-0.219 	
1489.506 	-2584.149 	-2294.762 	0.137 	-0.266 	-0.242 	
-2821.955 	3200.897 	-3557.782 	-0.311 	0.328 	-0.373 	
-1159.576 	-1941.314 	-1585.796 	-0.131 	-0.202 	-0.164 	
-114.329 	-626.811 	1140.846 	-0.035 	-0.067 	0.118 	
-94.895 	71.700 	156.880 	-0.029 	0.009 	0.015 	
1444.707 	4252.479 	-339.640 	0.138 	0.443 	-0.035 	
1497.874 	-2465.365 	-1190.765 	0.143 	-0.256 	-0.122 	
2406.220 	1714.617 	1383.764 	0.231 	0.178 	0.143 	
-3372.182 	-470.527 	2215.931 	-0.368 	-0.044 	0.227 	
-1154.054 	2703.127 	2427.263 	-0.135 	0.287 	0.255 	
-2914.542 	1714.239 	2972.370 	-0.327 	0.178 	0.307 	
-1332.364 	-765.072 	-1618.196 	-0.153 	-0.076 	-0.164 	
-2682.915 	-1872.679 	-1444.931 	-0.292 	-0.198 	-0.150 	
-2763.411 	49.328 	360.640 	-0.304 	0.009 	0.035 	
-1033.452 	-3368.624 	1151.127 	-0.121 	-0.346 	0.122 	
978.502 	-476.141 	-125.411 	0.085 	-0.050 	-0.014 	
2077.309 	1213.653 	1984.474 	0.203 	0.126 	0.201 	
-173.027 	-404.215 	-3533.743 	-0.040 	-0.040 	-0.365 	
-197.462 	-1857.338 	-1665.891 	-0.036 	-0.189 	-0.173 	
1726.536 	-279.602 	3453.599 	0.163 	-0.030 	0.358 	
326.701 	-1075.579 	709.888 	0.012 	-0.112 	0.078 	
367.196 	-3348.941 	3696.676 	0.022 	-0.345 	0.386 	
1158.567 	733.946 	1717.497 	0.103 	0.078 	0.178 	
138.165 	-3143.221 	-383.329 	-0.009 	-0.326 	-0.040 	
29.367 	-3106.793 	-1663.182 	-0.019 	-0.320 	-0.174 	
-3529.318 	-3032.325 	-246.731 	-0.385 	-0.311 	-0.025 	
-3609.425 	-2431.146 	-1083.931 	-0.398 	-0.253 	-0.112 	
3363.669 	-3414.861 	-929.377 	0.337 	-0.357 	-0.100 	
-935.012 	-1604.737 	-1902.389 	-0.117 	-0.170 	-0.199 	
-1038.908 	-593.507 	271.977 	-0.131 	-0.063 	0.029 	
-1450.528 	2986.948 	-2097.798 	-0.166 	0.313 	-0.220 	
-1833.008 	1420.479 	1226.283 	-0.211 	0.151 	0.125 	
-912.204 	1138.531 	-1985.278 	-0.117 	0.120 	-0.206 	
-3255.521 	-2427.455 	1629.626 	-0.352 	-0.250 	0.169 	
1758.348 	-2715.590 	-639.622 	0.169 	-0.281 	-0.063 	
2688.941 	781.841 	2904.931 	0.258 	0.083 	0.301 	
-3401.208 	2107.269 	2705.588 	-0.368 	0.219 	0.278 	
-1821.485 	972.144 	1138.899 	-0.213 	0.101 	0.117 	
-2179.063 	-2927.420 	4215.069 	-0.242 	-0.300 	0.439 	
-2369.379 	-2213.966 	332.126 	-0.264 	-0.232 	0.039 	
-2578.385 	377.796 	-2928.347 	-0.284 	0.038 	-0.305 	
3183.917 	26.153 	-3084.134 	0.319 	0.001 	-0.319 	
534.532 	1399.128 	3447.602 	0.041 	0.148 	0.356 	
-2388.697 	1971.050 	1765.479 	-0.263 	0.202 	0.181 	
-1353.998 	2023.801 	2690.797 	-0.153 	0.209 	0.279 	
-3661.269 	3091.863 	598.937 	-0.399 	0.327 	0.064 	
-1123.239 	-1388.136 	-1611.637 	-0.132 	-0.149 	-0.163 	
-1466.558 	-3043.205 	828.375 	-0.170 	-0.314 	0.091 	
3906.958 	3473.816 	-2593.524 	0.395 	0.363 	-0.270 	
166.990 	-2628.463 	-2568.897 	0.004 	-0.273 	-0.270 	
-2273.799 	-3551.559 	-3020.037 	-0.254 	-0.374 	-0.312 	
1166.727 	4419.339 	-1772.028 	0.101 	0.462 	-0.188 	
886.324 	-2276.702 	3159.311 	0.071 	-0.238 	0.329 	
4108.446 	-365.989 	-2585.086 	0.414 	-0.040 	-0.270 	
1070.490 	-564.561 	658.618 	0.089 	-0.059 	0.068 	
765.468 	3875.092 	-2081.969 	0.059 	0.404 	-0.217 	
-2753.071 	-1518.325 	-1529.187 	-0.302 	-0.153 	-0.157 	
-1656.708 	3480.041 	-874.161 	-0.191 	0.355 	-0.089 	
-1514.133 	-741.832 	-3226.942 	-0.172 	-0.077 	-0.335 	
1662.473 	-3762.496 	-1687.814 	0.158 	-0.394 	-0.172 	
2411.091 	-973.025 	-29.814 	0.230 	-0.097 	0.000 	
3725.893 	50.095 	2333.785 	0.374 	0.005 	0.243 	
1967.287 	2901.905 	-3970.532 	0.193 	0.301 	-0.415 	
-3205.556 	1171.313 	2542.908 	-0.345 	0.122 	0.263 	
-537.862 	6.167 	1097.628 	-0.069 	0.001 	0.116 	
-1405.493 	3094.907 	2673.141 	-0.166 	0.323 	0.278 	
4061.203 	3398.188 	-764.250 	0.407 	0.354 	-0.081 	
-3632.392 	407.910 	2601.978 	-0.396 	0.038 	0.269 	
-4153.219 	1032.679 	-2921.995 	-0.446 	0.109 	-0.305 	
-2780.938 	-1451.034 	-654.646 	-0.307 	-0.153 	-0.070 	
1058.567 	1228.599 	-1749.807 	0.088 	0.127 	-0.185 	
2844.565 	3945.334 	-2568.540 	0.280 	0.414 	-0.271 	
-2843.894 	1545.613 	-131.457 	-0.314 	0.156 	-0.015 	
449.759 	273.346 	784.011 	0.025 	0.025 	0.082 	
482.081 	-3095.524 	-1587.200 	0.027 	-0.322 	-0.166 	
-3278.786 	-470.726 	-1941.901 	-0.362 	-0.049 	-0.199 	
4141.998 	2672.683 	-2516.629 	0.419 	0.281 	-0.263 	
2674.397 	654.118 	2120.313 	0.262 	0.071 	0.216 	
884.172 	3448.449 	722.878 	0.073 	0.354 	0.074 	
1092.097 	-973.298 	-1399.560 	0.092 	-0.103 	-0.141 	
3027.895 	3069.248 	-2678.306 	0.294 	0.321 	-0.279 	
3811.415 	944.883 	-1159.005 	0.383 	0.099 	-0.120 	
-2580.619 	1004.536 	-722.054 	-0.290 	0.100 	-0.072 	
-1797.518 	-3342.501 	-1005.448 	-0.203 	-0.342 	-0.106 	
1879.488 	4160.755 	-3900.355 	0.177 	0.436 	-0.406 	
3497.138 	1494.549 	-995.319 	0.346 	0.158 	-0.103 	
-2931.789 	-2415.994 	-2329.342 	-0.325 	-0.252 	-0.238 	
-3887.117 	247.468 	2097.396 	-0.427 	0.027 	0.221 	
3914.561 	-2176.105 	3234.790 	0.394 	-0.226 	0.333 	
2891.487 	251.536 	1697.388 	0.278 	0.027 	0.177 	
836.086 	3032.875 	2385.264 	0.071 	0.318 	0.248 	
-3854.540 	3321.913 	-2685.342 	-0.423 	0.345 	-0.283 	
-3630.379 	327.503 	3779.455 	-0.389 	0.034 	0.394 	
3598.197 	-2748.125 	-1754.035 	0.357 	-0.290 	-0.184 	
-1905.004 	1586.653 	1658.380 	-0.222 	0.164 	0.174 	
1915.672 	2574.587 	1053.910 	0.181 	0.266 	0.112 	
2886.642 	-519.526 	1478.465 	0.285 	-0.055 	0.154 	
2560.070 	1234.515 	1359.896 	0.245 	0.124 	0.138 	
-2994.492 	-817.315 	3547.506 	-0.326 	-0.085 	0.371 	
3834.382 	-3059.119 	1884.314 	0.384 	-0.317 	0.197 	
-1058.233 	2694.391 	-3654.889 	-0.132 	0.280 	-0.380 	
-3545.122 	-3343.393 	5532.829 	-0.414 	-0.366 	0.615 	
598.293 	2128.917 	90.129 	0.047 	0.220 	0.009 	
899.945 	45.554 	553.257 	0.078 	0.006 	0.061 	
1458.521 	3070.400 	3737.966 	0.138 	0.323 	0.388 	
-3075.250 	502.166 	-268.634 	-0.339 	0.057 	-0.026 	
-3946.671 	1177.058 	-3529.546 	-0.428 	0.124 	-0.365 	
1431.135 	1941.082 	586.799 	0.135 	0.201 	0.061 	
-1215.250 	-2765.827 	990.811 	-0.146 	-0.289 	0.102 	
2045.810 	-735.611 	-1547.991 	0.201 	-0.078 	-0.159 	
-1038.373 	-538.547 	2696.998 	-0.126 	-0.059 	0.277 	
-3295.627 	2896.138 	3863.905 	-0.359 	0.304 	0.406 	
2379.041 	-1969.603 	330.556 	0.231 	-0.203 	0.039 	
-2998.301 	-1812.794 	-987.390 	-0.333 	-0.187 	-0.103 	
218.776 	3011.758 	1666.677 	0.004 	0.311 	0.174 	
-1395.044 	-1005.287 	-3624.725 	-0.157 	-0.105 	-0.375 	
-2721.005 	202.203 	-3048.879 	-0.305 	0.024 	-0.315 	
150.893 	2135.712 	246.862 	0.001 	0.224 	0.025 	
-2349.009 	-1894.567 	168.699 	-0.265 	-0.193 	0.022 	
-3453.784 	-3634.804 	3960.260 	-0.379 	-0.378 	0.417 	
858.949 	-29.947 	1314.711 	0.074 	-0.004 	0.137 	
3799.100 	1659.898 	-1426.442 	0.375 	0.171 	-0.147 	
3931.871 	-2736.971 	2803.416 	0.394 	-0.287 	0.292 	
-4119.267 	-2005.058 	-43.052 	-0.445 	-0.205 	-0.006 	
-1666.590 	618.192 	-2920.860 	-0.195 	0.065 	-0.299 	
42.339 	-264.043 	1853.163 	-0.017 	-0.025 	0.194 	
2836.454 	-1284.554 	-674.498 	0.271 	-0.135 	-0.070 	
449.881 	-66.853 	-2482.145 	0.032 	-0.007 	-0.258 	
4161.551 	-3445.831 	-4478.808 	0.418 	-0.358 	-0.471 	
-405.895 	-2247.183 	-874.740 	-0.058 	-0.228 	-0.095 	
-2016.873 	3174.396 	3423.730 	-0.225 	0.330 	0.355 	
2615.662 	461.493 	-3027.725 	0.250 	0.048 	-0.315 	
-1384.680 	3122.810 	1798.593 	-0.165 	0.325 	0.185 	
-2875.661 	-922.584 	-1609.545 	-0.319 	-0.095 	-0.171 	
87.863 	91.712 	877.789 	-0.011 	0.007 	0.086 	
-1487.550 	-1721.756 	2236.315 	-0.175 	-0.177 	0.232 	
-344.373 	2193.784 	833.812 	-0.054 	0.222 	0.089 	
780.800 	-632.347 	-2361.519 	0.059 	-0.068 	-0.242 	
-1565.202 	-1252.173 	3062.030 	-0.179 	-0.125 	0.318 	
3774.890 	-1318.742 	-3968.368 	0.377 	-0.141 	-0.412 	
3737.817 	-136.839 	-3379.995 	0.375 	-0.015 	-0.356 	
1734.257 	115.516 	3691.862 	0.157 	0.013 	0.383 	
-926.955 	-2145.184 	-1657.198 	-0.113 	-0.221 	-0.166 	
1326.112 	-3985.437 	3542.711 	0.121 	-0.409 	0.368 	
-3074.201 	-1564.085 	3501.177 	-0.333 	-0.163 	0.362 	
-1865.227 	-417.663 	-3221.121 	-0.212 	-0.042 	-0.332 	
-379.348 	3277.991 	265.910 	-0.061 	0.342 	0.031 	
1412.539 	1591.956 	-3363.534 	0.130 	0.163 	-0.349 	
2174.228 	2475.307 	-3251.145 	0.211 	0.260 	-0.339 	
-4090.585 	547.363 	2309.468 	-0.441 	0.058 	0.240 	
-2596.804 	-609.514 	2987.992 	-0.288 	-0.069 	0.309 	
-191.346 	2453.135 	1903.913 	-0.042 	0.255 	0.201 	
-505.483 	3798.772 	3475.165 	-0.065 	0.394 	0.362 	
-2623.722 	-1239.607 	3647.857 	-0.294 	-0.130 	0.377 	
2144.099 	2157.578 	-1094.706 	0.202 	0.223 	-0.111 	
-270.991 	-944.685 	1133.817 	-0.051 	-0.094 	0.117 	
-2651.743 	3552.825 	-3234.322 	-0.294 	0.373 	-0.335 	
3360.838 	2874.277 	407.194 	0.337 	0.299 	0.043 	
2848.323 	3451.562 	1253.158 	0.284 	0.358 	0.132 	
-3629.952 	-3576.475 	-1853.819 	-0.399 	-0.375 	-0.193 	
3578.228 	-2311.112 	2307.492 	0.350 	-0.244 	0.241 	
-1249.326 	-610.456 	559.174 	-0.141 	-0.063 	0.057 	
-3184.664 	868.192 	1583.081 	-0.353 	0.091 	0.163 	
-3611.103 	-1301.658 	356.290 	-0.398 	-0.135 	0.038 	
3814.819 	2115.247 	3258.308 	0.381 	0.218 	0.335 	
3962.494 	-1322.543 	-291.871 	0.394 	-0.137 	-0.033 	
914.027 	-3252.692 	-1117.844 	0.083 	-0.337 	-0.116 	
-2189.933 	1709.400 	-1167.147 	-0.241 	0.175 	-0.123 	
-614.343 	-3080.650 	-3452.043 	-0.087 	-0.321 	-0.359 	
-4391.582 	-1468.492 	3299.840 	-0.477 	-0.156 	0.340 	
-3098.421 	716.507 	2117.302 	-0.345 	0.074 	0.218 	
777.850 	-2982.084 	1790.841 	0.059 	-0.311 	0.189 	
-285.552 	-2070.878 	357.936 	-0.046 	-0.210 	0.039 	
-487.529 	-402.237 	-1264.960 	-0.063 	-0.041 	-0.130 	
377.246 	-1585.955 	955.951 	0.016 	-0.160 	0.099 	
-2784.007 	-1910.780 	165.568 	-0.305 	-0.199 	0.022 	
-3865.792 	1666.591 	-588.166 	-0.426 	0.174 	-0.059 	
-3000.384 	-2839.006 	-2404.865 	-0.329 	-0.297 	-0.249 	
3911.678 	-3661.748 	1020.560 	0.393 	-0.383 	0.107 	
-1636.758 	3507.926 	1208.135 	-0.190 	0.362 	0.130 	
-2909.366 	-1182.932 	-144.620 	-0.315 	-0.128 	-0.014 	
3810.712 	-1278.032 	3728.499 	0.379 	-0.135 	0.391 	
673.977 	440.001 	2735.697 	0.055 	0.043 	0.286 	
1123.523 	-775.358 	-2657.838 	0.096 	-0.083 	-0.272 	
-972.649 	1896.565 	86.387 	-0.121 	0.198 	0.008 	
4223.557 	3779.611 	2228.817 	0.421 	0.395 	0.230 	
-2895.304 	-1525.696 	5097.938 	-0.324 	-0.162 	0.538 	
-3173.269 	815.026 	-2531.660 	-0.343 	0.083 	-0.263 	
-1828.081 	-414.383 	1320.578 	-0.210 	-0.040 	0.136 	
3866.493 	-1808.439 	-3158.705 	0.381 	-0.188 	-0.328 	
-2299.581 	1541.645 	402.256 	-0.256 	0.159 	0.041 	
-1150.093 	2357.203 	210.938 	-0.139 	0.240 	0.022 	
892.126 	584.622 	3422.458 	0.078 	0.066 	0.353 	
-1171.672 	-1907.045 	1244.192 	-0.136 	-0.199 	0.130 	
-2181.686 	2192.352 	1721.982 	-0.241 	0.224 	0.182 	
1628.163 	1387.528 	1094.154 	0.151 	0.142 	0.120 	
-552.566 	-212.733 	1409.238 	-0.079 	-0.021 	0.148 	
3405.874 	-2447.606 	2835.251 	0.334 	-0.253 	0.298 	
1001.709 	3352.759 	-137.271 	0.089 	0.349 	-0.012 	
-2180.656 	1660.999 	2132.764 	-0.242 	0.176 	0.219 	
-3784.724 	-1086.961 	-3222.540 	-0.409 	-0.110 	-0.336 	
3603.458 	1857.262 	2437.568 	0.355 	0.199 	0.252 	
2215.186 	-2597.187 	-1337.702 	0.217 	-0.269 	-0.139 	
-1758.988 	-295.679 	2343.705 	-0.201 	-0.028 	0.237 	
-298.031 	-1713.901 	3769.908 	-0.052 	-0.182 	0.386 	
-597.457 	-3151.438 	3333.105 	-0.081 	-0.331 	0.339 	
-3773.167 	2545.491 	-2702.072 	-0.408 	0.262 	-0.282 	
2820.521 	-763.211 	-514.189 	0.280 	-0.081 	-0.051 	
1244.568 	1803.264 	1949.221 	0.113 	0.192 	0.206 	
-1022.973 	-1444.950 	-2055.888 	-0.124 	-0.155 	-0.209 	
-1580.345 	-780.281 	1097.630 	-0.186 	-0.080 	0.114 	
-2951.419 	399.776 	587.717 	-0.318 	0.041 	0.062 	
2442.374 	-472.384 	-391.367 	0.234 	-0.052 	-0.040 	
1997.062 	-1712.101 	2257.283 	0.196 	-0.177 	0.237 	
-1034.487 	-1715.256 	2562.547 	-0.131 	-0.180 	0.265 	
-4048.185 	17.909 	2826.803 	-0.439 	0.002 	0.293 	
-2286.095 	635.579 	895.205 	-0.260 	0.067 	0.094 	
3512.908 	-2659.668 	-103.491 	0.344 	-0.281 	-0.012 	
-751.505 	797.877 	-2035.661 	-0.098 	0.079 	-0.207 	
-1215.420 	1413.828 	3599.386 	-0.140 	0.144 	0.374 	
2836.912 	-2470.244 	-804.264 	0.278 	-0.256 	-0.082 	
3895.456 	-484.618 	-1830.684 	0.391 	-0.052 	-0.187 	
3333.466 	3302.541 	4275.333 	0.328 	0.343 	0.446 	
2948.148 	-3979.382 	-2049.455 	0.289 	-0.412 	-0.209 	
3297.786 	1152.587 	1209.040 	0.329 	0.119 	0.123 	
4130.597 	-2258.750 	1298.570 	0.417 	-0.235 	0.136 	
455.055 	-2985.405 	2312.224 	0.031 	-0.305 	0.241 	
1128.281 	378.282 	-2890.252 	0.105 	0.039 	-0.300 	
3531.802 	2599.998 	1900.890 	0.346 	0.272 	0.201 	
-1229.581 	-764.977 	44.351 	-0.150 	-0.080 	0.007 	
-2758.027 	176.168 	-2796.123 	-0.306 	0.015 	-0.295 	
449.015 	1880.169 	1365.043 	0.026 	0.197 	0.146 	
-2692.290 	202.797 	2729.425 	-0.297 	0.027 	0.282 	
-1485.287 	-1376.600 	3516.017 	-0.174 	-0.149 	0.362 	
-3937.075 	1922.104 	1068.186 	-0.430 	0.202 	0.112 	
-3972.558 	1893.138 	3250.809 	-0.425 	0.196 	0.340 	
-1369.616 	-527.645 	2801.680 	-0.161 	-0.052 	0.288 	
3866.782 	-2689.036 	-3224.713 	0.382 	-0.280 	-0.340 	
395.068 	-3915.577 	3931.215 	0.019 	-0.409 	0.409 	
-2071.252 	2064.785 	727.541 	-0.231 	0.214 	0.075 	
-3634.697 	1411.666 	2962.138 	-0.391 	0.146 	0.309 	
-2829.142 	-21.318 	2306.367 	-0.305 	-0.000 	0.239 	
83.417 	1794.273 	2369.617 	-0.014 	0.183 	0.247 	
812.037 	-1181.816 	-392.697 	0.072 	-0.122 	-0.039 	
823.604 	503.974 	571.436 	0.066 	0.047 	0.059 	
-1235.919 	-2923.580 	1359.020 	-0.142 	-0.307 	0.140 	
1079.885 	-751.093 	1211.095 	0.095 	-0.079 	0.123 	
2660.606 	1067.333 	2124.435 	0.263 	0.112 	0.216 	
1568.775 	413.785 	-2256.020 	0.143 	0.043 	-0.234 	
740.017 	227.019 	-1197.516 	0.058 	0.025 	-0.125 	
-4209.593 	-2945.407 	4041.185 	-0.459 	-0.308 	0.424 	
-2634.003 	3606.698 	2360.400 	-0.293 	0.373 	0.249 	
-1509.232 	-3393.970 	2836.687 	-0.173 	-0.351 	0.294 	
-778.854 	-852.093 	2649.657 	-0.099 	-0.093 	0.271 	
-1188.254 	-717.163 	-926.642 	-0.147 	-0.076 	-0.098 	
4310.090 	1433.002 	3933.745 	0.434 	0.151 	0.409 	
-994.032 	-3481.093 	-3458.355 	-0.116 	-0.362 	-0.360 	
1659.092 	4077.663 	-554.375 	0.155 	0.427 	-0.060 	
1139.141 	4175.716 	-3874.574 	0.105 	0.436 	-0.401 	
-632.008 	2733.709 	1553.407 	-0.082 	0.286 	0.162 	
-1540.098 	2528.132 	-407.564 	-0.178 	0.261 	-0.047 	
482.809 	1579.355 	-4450.101 	0.033 	0.162 	-0.468 	
-1657.385 	506.147 	-1137.095 	-0.186 	0.054 	-0.116 	
-66.466 	314.118 	-2537.456 	-0.022 	0.032 	-0.266 	
3002.849 	2389.111 	-1136.655 	0.300 	0.247 	-0.118 	
-3791.305 	2526.140 	-2551.252 	-0.414 	0.265 	-0.271 	
3648.704 	3620.622 	2263.224 	0.369 	0.376 	0.236 	
-2796.431 	2471.673 	2627.748 	-0.311 	0.255 	0.277 	
1218.121 	1315.938 	2851.027 	0.105 	0.133 	0.296 	
-4310.877 	2545.345 	-2253.151 	-0.469 	0.267 	-0.236 	
-2340.866 	3578.579 	-1265.174 	-0.258 	0.371 	-0.128 	
-2422.762 	1602.199 	1230.929 	-0.265 	0.164 	0.132 	
-503.845 	-1309.544 	1916.876 	-0.080 	-0.139 	0.195 	
-72.868 	-1549.594 	-3415.398 	-0.025 	-0.155 	-0.354 	
-3841.043 	-1160.080 	-1952.959 	-0.412 	-0.122 	-0.206 	
2564.650 	430.281 	-530.560 	0.251 	0.046 	-0.049 	
2826.531 	-61.146 	-363.137 	0.274 	-0.009 	-0.032 	
-1708.621 	-742.548 	3399.958 	-0.198 	-0.079 	0.350 	
3397.670 	-2341.375 	-2283.082 	0.338 	-0.240 	-0.241 	
1248.353 	-449.980 	1914.221 	0.110 	-0.045 	0.198 	
4102.920 	-3654.763 	-2248.671 	0.414 	-0.377 	-0.237 	
1212.276 	-2698.233 	370.183 	0.109 	-0.279 	0.035 	
-1118.539 	-3459.022 	201.802 	-0.135 	-0.360 	0.021 	
1070.940 	3297.928 	-470.988 	0.097 	0.337 	-0.048 	
2223.927 	-642.024 	-736.467 	0.212 	-0.062 	-0.074 	
-1545.802 	-556.918 	182.576 	-0.175 	-0.061 	0.021 	
-618.484 	2528.728 	-627.412 	-0.087 	0.264 	-0.065 	
2242.297 	-3005.925 	-3881.087 	0.220 	-0.315 	-0.407 	
-3319.175 	2784.611 	1028.769 	-0.365 	0.289 	0.113 	
-793.568 	-1732.533 	2568.204 	-0.104 	-0.177 	0.261 	
1619.297 	2206.199 	-128.652 	0.145 	0.229 	-0.015 	
2591.649 	3537.412 	-3138.828 	0.251 	0.371 	-0.325 	
-3556.782 	591.504 	82.971 	-0.388 	0.057 	0.012 	
2569.036 	2026.924 	639.097 	0.249 	0.207 	0.070 	
-4209.140 	3848.344 	3983.748 	-0.459 	0.398 	0.417 	
597.747 	656.436 	1450.413 	0.048 	0.068 	0.147 	
2091.589 	-1016.659 	-389.647 	0.197 	-0.108 	-0.038 	
3350.204 	2080.213 	3081.550 	0.327 	0.217 	0.320 	
-649.122 	-517.775 	-428.130 	-0.089 	-0.057 	-0.039 	
3495.636 	-2982.325 	-2991.046 	0.350 	-0.310 	-0.315 	
2806.713 	-95.393 	-1503.304 	0.275 	-0.009 	-0.157 	
-3521.209 	-3387.746 	-491.998 	-0.384 	-0.352 	-0.046 	
-3151.095 	3547.767 	3574.068 	-0.347 	0.374 	0.369 	
2251.881 	-4279.120 	2661.762 	0.216 	-0.451 	0.277 	
2483.093 	-2652.689 	-415.291 	0.239 	-0.275 	-0.039 	
4091.035 	-3650.311 	3601.657 	0.414 	-0.380 	0.374 	
-1733.608 	-691.775 	-1507.760 	-0.197 	-0.070 	-0.154 	
4414.324 	3613.378 	2304.117 	0.447 	0.378 	0.237 	
1999.821 	1795.776 	-1687.423 	0.185 	0.186 	-0.177 	
-5.701 	3125.525 	-1128.320 	-0.016 	0.327 	-0.115 	
-4359.480 	798.491 	-1540.760 	-0.475 	0.083 	-0.157 	
-4842.768 	3595.285 	5905.152 	-0.521 	0.378 	0.616 	
1414.419 	-755.874 	3173.090 	0.135 	-0.078 	0.327 	
-2104.912 	-840.116 	-1105.199 	-0.241 	-0.086 	-0.113 	
-3887.657 	1528.014 	3098.358 	-0.417 	0.160 	0.321 	
-1870.933 	1902.662 	-2181.776 	-0.211 	0.198 	-0.232 	
-129.815 	449.427 	-709.891 	-0.027 	0.043 	-0.074 	
-3640.143 	-534.780 	-1837.030 	-0.399 	-0.054 	-0.191 	
32.904 	-1137.888 	-620.029 	-0.014 	-0.121 	-0.066 	
4063.055 	-474.183 	-300.322 	0.406 	-0.049 	-0.035 	
-895.054 	1047.046 	732.721 	-0.114 	0.107 	0.082 	
1604.608 	-3018.339 	-383.048 	0.144 	-0.312 	-0.042 	
2646.187 	-3530.148 	-1669.027 	0.260 	-0.365 	-0.178 	
-2185.944 	-2377.484 	1581.556 	-0.240 	-0.248 	0.163 	
-874.736 	2376.431 	3072.275 	-0.109 	0.244 	0.318 	
2028.877 	3963.771 	2629.422 	0.194 	0.417 	0.273 	
-4365.338 	2045.099 	-474.310 	-0.472 	0.217 	-0.051 	
-477.487 	79.796 	-2728.783 	-0.068 	0.005 	-0.281 	
-1978.978 	1345.748 	-3637.694 	-0.222 	0.136 	-0.376 	
-3613.539 	-1112.284 	518.985 	-0.396 	-0.120 	0.054 	
1694.592 	1442.491 	1382.073 	0.159 	0.151 	0.139 	
763.193 	-820.776 	-3016.680 	0.058 	-0.087 	-0.312 	
665.256 	2860.678 	1449.530 	0.053 	0.295 	0.150 	
35.383 	1115.020 	2058.069 	-0.015 	0.119 	0.212 	
-1759.097 	-2516.776 	2652.181 	-0.200 	-0.260 	0.277 	
-94.783 	-486.275 	-1343.750 	-0.030 	-0.051 	-0.136 	
-1127.139 	3759.123 	2359.421 	-0.139 	0.386 	0.248 	
-2206.492 	862.557 	-245.490 	-0.244 	0.087 	-0.021 	
-3616.482 	-2111.309 	349.605 	-0.399 	-0.218 	0.036 	
2671.001 	-1487.215 	-4100.758 	0.263 	-0.154 	-0.429 	
-3460.811 	4566.206 	-1970.328 	-0.381 	0.480 	-0.203 	
-1638.541 	1797.476 	-3742.073 	-0.183 	0.188 	-0.389 	
2747.415 	-1759.094 	-613.288 	0.267 	-0.178 	-0.061 	
311.504 	802.817 	-679.819 	0.012 	0.086 	-0.071 	
-1185.742 	3284.408 	-1585.923 	-0.144 	0.341 	-0.164 	
-993.211 	468.556 	2647.294 	-0.123 	0.051 	0.272 	
-3080.404 	-2916.710 	3563.357 	-0.343 	-0.301 	0.371 	
1824.403 	2698.757 	2518.412 	0.175 	0.275 	0.262 	
425.714 	2506.244 	3344.822 	0.030 	0.259 	0.350 	
1300.018 	1743.045 	-2160.575 	0.115 	0.176 	-0.224 	
2394.729 	2094.984 	-3589.336 	0.232 	0.217 	-0.376 	
227.318 	-1566.570 	-3073.191 	0.005 	-0.167 	-0.319 	
-3077.027 	2007.324 	-1375.494 	-0.342 	0.206 	-0.141 	
1882.010 	167.968 	-11.794 	0.180 	0.019 	0.001 	
-3360.320 	3224.188 	219.711 	-0.378 	0.331 	0.028 	
-1649.168 	-3021.137 	-1315.013 	-0.189 	-0.312 	-0.138 	
665.874 	-1966.929 	-3096.350 	0.046 	-0.206 	-0.322 	
-907.749 	-1021.474 	2460.715 	-0.117 	-0.105 	0.256 	
-334.756 	-3664.356 	1677.657 	-0.051 	-0.382 	0.177 	
2532.960 	1891.457 	-2717.368 	0.251 	0.195 	-0.283 	
262.257 	2270.865 	-2150.764 	0.010 	0.239 	-0.227 	
-77.823 	2788.616 	-2361.362 	-0.030 	0.289 	-0.243 	
-2158.425 	2819.175 	-1634.721 	-0.238 	0.294 	-0.170 	
-4226.013 	-1531.399 	500.255 	-0.458 	-0.162 	0.055 	
-2562.895 	-1166.251 	-2121.313 	-0.278 	-0.123 	-0.219 	
4305.914 	-2528.081 	3706.541 	0.431 	-0.263 	0.383 	
-4026.533 	1836.387 	-653.810 	-0.438 	0.194 	-0.067 	
-534.541 	-1340.346 	1977.816 	-0.069 	-0.141 	0.205 	
-1153.538 	-1368.656 	-2771.960 	-0.134 	-0.143 	-0.283 	
-1812.242 	-3723.741 	3442.463 	-0.208 	-0.386 	0.357 	
-539.583 	-1348.308 	1951.831 	-0.083 	-0.128 	0.205 	
228.441 	-3688.212 	842.480 	0.009 	-0.385 	0.088 	
-1323.699 	-565.660 	250.469 	-0.161 	-0.061 	0.027 	
-1475.958 	-1287.297 	-1356.734 	-0.172 	-0.136 	-0.138 	
-936.987 	-1485.695 	1870.030 	-0.092 	-0.136 	0.163 	
1396.218 	-3366.915 	2064.340 	0.130 	-0.354 	0.214 	
-2385.360 	-692.420 	2089.552 	-0.261 	-0.075 	0.217 	
3677.695 	1957.490 	-3129.779 	0.371 	0.205 	-0.327 	
-684.324 	2086.515 	3647.886 	-0.090 	0.213 	0.376 	
1238.500 	3106.276 	2468.929 	0.116 	0.321 	0.256 	
2405.068 	2676.918 	1669.902 	0.237 	0.280 	0.174 	
1921.090 	-2240.723 	773.545 	0.182 	-0.228 	0.082 	
-1676.202 	-617.095 	-2603.924 	-0.195 	-0.061 	-0.266 	
-2343.044 	2430.182 	1434.092 	-0.256 	0.252 	0.152 	
338.429 	-1445.477 	2404.011 	0.013 	-0.151 	0.250 	
1153.576 	-2784.288 	2008.485 	0.102 	-0.294 	0.210 	
-1286.300 	-2666.731 	249.273 	-0.154 	-0.270 	0.026 	
396.681 	-2405.790 	-506.646 	0.020 	-0.250 	-0.056 	
-401.954 	-2410.482 	-1087.793 	-0.065 	-0.247 	-0.111 	
3159.734 	-558.538 	-3186.961 	0.312 	-0.058 	-0.330 	
1543.873 	850.109 	3790.853 	0.138 	0.090 	0.395 	
-2892.810 	1807.858 	2478.426 	-0.317 	0.189 	0.261 	
4058.385 	-2232.334 	3785.127 	0.410 	-0.231 	0.398 	
-2713.252 	1346.667 	581.190 	-0.296 	0.141 	0.058 	
186.966 	631.733 	3361.217 	0.002 	0.070 	0.347 	
-4247.956 	1878.331 	2554.410 	-0.460 	0.201 	0.266 	
-1556.896 	-2567.446 	747.509 	-0.181 	-0.271 	0.078 	
1917.454 	-383.360 	-2153.542 	0.185 	-0.037 	-0.225 	
-1517.713 	-3613.776 	4169.769 	-0.176 	-0.377 	0.439 	
-3362.640 	3220.220 	242.384 	-0.367 	0.338 	0.020 	
703.228 	-3828.740 	-3514.723 	0.055 	-0.396 	-0.364 	
-4207.269 	-1007.262 	-3769.248 	-0.451 	-0.106 	-0.392 	
-2068.608 	1.483 	-2370.985 	-0.238 	-0.001 	-0.246 	
-38.002 	204.095 	-364.373 	-0.019 	0.019 	-0.038 	
-4242.072 	-1044.353 	3962.260 	-0.460 	-0.113 	0.414 	
-1458.749 	-178.754 	-226.743 	-0.168 	-0.023 	-0.017 	
3578.740 	-2028.980 	2357.660 	0.356 	-0.215 	0.249 	
-3829.361 	-2935.564 	-3050.971 	-0.418 	-0.304 	-0.315 	
-3585.634 	1053.065 	-29.589 	-0.384 	0.108 	-0.003 	
647.373 	1285.897 	-3761.859 	0.053 	0.137 	-0.392 	
-2658.780 	922.373 	1785.395 	-0.290 	0.091 	0.187 	
3782.320 	-3741.985 	2706.026 	0.373 	-0.393 	0.282 	
-1249.167 	2241.995 	-2616.891 	-0.143 	0.230 	-0.273 	
-4247.618 	323.412 	2161.974 	-0.459 	0.033 	0.227 	
1550.544 	-2988.462 	3351.521 	0.141 	-0.310 	0.351 	
-4167.177 	2783.567 	-387.204 	-0.451 	0.289 	-0.043 	
-3899.389 	1652.819 	1357.726 	-0.419 	0.169 	0.146 	
583.789 	-2881.581 	781.708 	0.047 	-0.302 	0.081 	
-1520.904 	-2957.711 	1817.063 	-0.175 	-0.311 	0.192 	
801.570 	-2143.860 	-3513.609 	0.071 	-0.226 	-0.362 	
-3352.232 	-1969.996 	1760.147 	-0.364 	-0.202 	0.183 	
-4181.016 	-1552.782 	-1983.016 	-0.456 	-0.163 	-0.208 	
2158.557 	-3654.906 	-3404.204 	0.209 	-0.384 	-0.353 	
-3788.286 	-2486.570 	-2949.177 	-0.412 	-0.260 	-0.312 	
874.377 	-1162.871 	-260.286 	0.072 	-0.120 	-0.026 	
1845.142 	3544.268 	1788.422 	0.172 	0.369 	0.183 	
3148.233 	907.470 	2184.953 	0.307 	0.093 	0.230 	
1657.293 	-2080.074 	-2397.064 	0.157 	-0.221 	-0.246 	
4015.896 	-3596.714 	3105.211 	0.398 	-0.375 	0.327 	
-3877.959 	-1768.515 	-679.213 	-0.423 	-0.184 	-0.072 	
-2357.833 	3647.535 	1778.576 	-0.267 	0.378 	0.189 	
-1322.239 	2261.910 	3324.220 	-0.157 	0.231 	0.348 	
2175.358 	643.363 	2954.826 	0.209 	0.068 	0.307 	
-694.508 	-3080.064 	3304.239 	-0.090 	-0.317 	0.343 	
-3163.112 	2097.930 	1442.728 	-0.344 	0.221 	0.149 	
2416.911 	3147.004 	297.558 	0.236 	0.329 	0.033 	
-2197.307 	-1554.825 	-1565.450 	-0.242 	-0.165 	-0.163 	
-540.934 	-2554.666 	3221.602 	-0.076 	-0.270 	0.332 	
2963.274 	495.663 	544.208 	0.289 	0.049 	0.062 	
-3877.138 	-3895.741 	2478.906 	-0.418 	-0.408 	0.257 	
-1484.009 	-1271.196 	-1060.416 	-0.167 	-0.127 	-0.112 	
2830.657 	-2994.417 	860.169 	0.277 	-0.309 	0.093 	
-579.047 	1974.703 	1053.881 	-0.081 	0.200 	0.108 	
-994.648 	-1606.795 	-404.804 	-0.123 	-0.162 	-0.044 	
1870.937 	212.446 	-2108.069 	0.175 	0.022 	-0.215 	
-3414.121 	3415.621 	2346.068 	-0.376 	0.357 	0.240 	
3804.437 	-3326.604 	465.156 	0.382 	-0.348 	0.052 	
3271.023 	-138.538 	2561.265 	0.326 	-0.015 	0.268 	
785.818 	3352.081 	-53.928 	0.061 	0.352 	-0.007 	
533.343 	908.667 	2112.724 	0.043 	0.091 	0.216 	
-4297.585 	2632.992 	3458.537 	-0.469 	0.272 	0.361 	
-3185.641 	-1070.362 	1423.850 	-0.344 	-0.114 	0.149 	
3275.575 	655.069 	-899.005 	0.318 	0.067 	-0.095 	
-2257.039 	-723.269 	-3117.398 	-0.247 	-0.075 	-0.322 	
