## Las primeras 500 lineas corresponden a la esfera 1 
##las siguienets 500 lineas a la esfera 2
## Las primeras tres columnas corresponden a la posición en 'x', 'y' y 'z', las siguientes tres a las velocidades
-55.067 	-2446.779 	259.198 	-0.010 	-0.244 	0.028 	
818.461 	-759.201 	-16.291 	0.086 	-0.077 	-0.002 	
941.361 	3126.102 	2086.565 	0.098 	0.314 	0.206 	
-2967.611 	3275.516 	2166.091 	-0.303 	0.332 	0.221 	
-577.953 	-659.590 	3070.497 	-0.054 	-0.066 	0.313 	
3313.280 	2110.471 	3720.198 	0.342 	0.215 	0.374 	
3393.880 	-1689.685 	-3311.766 	0.345 	-0.169 	-0.336 	
-3184.267 	-1800.299 	1185.284 	-0.321 	-0.177 	0.123 	
2751.306 	897.963 	1835.641 	0.276 	0.095 	0.185 	
1048.629 	988.246 	1468.616 	0.105 	0.098 	0.151 	
2786.410 	-218.939 	150.184 	0.278 	-0.021 	0.013 	
-583.510 	-2543.592 	429.426 	-0.056 	-0.256 	0.045 	
597.873 	-1807.560 	277.895 	0.067 	-0.181 	0.029 	
2007.064 	2889.760 	2776.483 	0.198 	0.292 	0.279 	
-138.678 	2432.398 	-3888.198 	-0.014 	0.247 	-0.393 	
-1377.256 	-221.637 	20.206 	-0.139 	-0.018 	0.003 	
-1577.085 	3127.530 	-1287.013 	-0.162 	0.313 	-0.131 	
325.550 	1745.194 	-3519.590 	0.032 	0.171 	-0.358 	
-4633.687 	-3399.527 	-1956.306 	-0.474 	-0.341 	-0.200 	
1599.579 	-3993.270 	-3440.590 	0.158 	-0.405 	-0.349 	
399.722 	-3675.199 	4445.679 	0.042 	-0.367 	0.452 	
309.035 	1364.884 	3810.737 	0.030 	0.137 	0.380 	
-987.779 	-1718.637 	860.353 	-0.099 	-0.168 	0.085 	
-3209.380 	-2538.064 	1156.369 	-0.321 	-0.253 	0.115 	
2275.649 	-1590.889 	2566.217 	0.234 	-0.161 	0.256 	
-1452.690 	-19.777 	3399.063 	-0.141 	-0.001 	0.341 	
281.121 	-2052.976 	-119.223 	0.032 	-0.203 	-0.010 	
887.753 	-3831.852 	2827.959 	0.088 	-0.392 	0.286 	
-3258.491 	3296.097 	864.450 	-0.325 	0.332 	0.088 	
-1819.023 	-2834.911 	2286.048 	-0.180 	-0.284 	0.233 	
-1161.256 	-1966.176 	-3355.365 	-0.116 	-0.196 	-0.339 	
1584.448 	2616.196 	3196.655 	0.158 	0.261 	0.323 	
3214.667 	-1205.505 	2978.284 	0.325 	-0.121 	0.302 	
-2036.516 	2185.339 	285.045 	-0.199 	0.219 	0.030 	
339.331 	-1161.505 	-3618.382 	0.034 	-0.121 	-0.360 	
622.059 	-459.795 	400.261 	0.068 	-0.043 	0.041 	
-1554.040 	-3120.788 	-3599.252 	-0.158 	-0.313 	-0.369 	
-1471.500 	-3838.345 	2891.040 	-0.143 	-0.387 	0.292 	
-1479.985 	-329.076 	2089.170 	-0.151 	-0.031 	0.213 	
2488.071 	-3939.937 	2865.641 	0.251 	-0.398 	0.292 	
4263.321 	1534.900 	-178.162 	0.431 	0.150 	-0.019 	
768.633 	-951.566 	309.834 	0.079 	-0.091 	0.029 	
1419.067 	623.948 	2923.021 	-0.819 	1.051 	1.330 	
-201.890 	-2725.144 	-1763.673 	-0.025 	-0.275 	-0.177 	
705.730 	-795.115 	2710.743 	0.075 	-0.081 	0.276 	
392.973 	702.090 	-1262.975 	0.044 	0.072 	-0.124 	
4077.246 	288.458 	80.541 	0.412 	0.028 	0.023 	
-965.394 	3820.651 	-1017.809 	-0.097 	0.387 	-0.104 	
946.592 	-1112.745 	-1455.642 	0.100 	-0.114 	-0.145 	
3546.684 	2318.379 	1126.562 	0.359 	0.238 	0.114 	
-3226.623 	-1221.988 	-2667.903 	-0.323 	-0.126 	-0.273 	
1828.456 	-312.990 	1823.325 	0.180 	-0.031 	0.180 	
4014.819 	-1849.271 	-3924.556 	0.410 	-0.192 	-0.397 	
-271.627 	2480.887 	75.372 	-0.022 	0.249 	0.011 	
-2892.629 	3087.733 	2259.452 	-0.295 	0.310 	0.227 	
-616.319 	-3749.885 	1923.745 	-0.060 	-0.382 	0.197 	
-1520.417 	-70.961 	-2372.149 	-0.148 	-0.009 	-0.242 	
177.385 	-3305.823 	-1156.707 	0.022 	-0.333 	-0.118 	
-3879.642 	2788.378 	3326.556 	-0.394 	0.285 	0.339 	
2257.701 	3455.044 	1356.116 	0.230 	0.346 	0.133 	
-1055.373 	3764.430 	988.505 	-0.111 	0.381 	0.099 	
1492.583 	2194.177 	-1298.323 	0.154 	0.219 	-0.130 	
-3022.144 	4054.870 	1602.493 	-0.310 	0.412 	0.163 	
2681.489 	803.167 	-1346.260 	0.271 	0.085 	-0.135 	
3270.578 	-3731.210 	-3769.860 	0.337 	-0.377 	-0.380 	
4657.722 	-1541.359 	-3869.475 	0.477 	-0.155 	-0.392 	
2988.896 	-2160.263 	-3372.494 	0.309 	-0.219 	-0.342 	
-4267.510 	4677.889 	-1361.898 	-0.435 	0.479 	-0.141 	
4629.729 	2148.720 	2763.081 	0.474 	0.218 	0.278 	
-659.733 	1274.940 	1663.524 	-0.067 	0.120 	0.169 	
3056.986 	1086.788 	1165.509 	0.312 	0.106 	0.115 	
1297.056 	-181.150 	1412.234 	0.136 	-0.016 	0.142 	
-74.456 	2375.914 	-3930.224 	-0.009 	0.239 	-0.395 	
-1033.892 	-2970.224 	-1185.690 	-0.106 	-0.299 	-0.118 	
-1837.577 	1530.259 	2387.666 	-0.191 	0.154 	0.239 	
1767.376 	-517.464 	-914.227 	0.178 	-0.052 	-0.085 	
-113.035 	-868.396 	-2769.812 	-0.012 	-0.082 	-0.280 	
3472.412 	2047.494 	-3289.353 	0.354 	0.208 	-0.337 	
426.712 	-735.419 	-1540.873 	0.041 	-0.072 	-0.157 	
-26.889 	-995.855 	3315.964 	-0.000 	-0.103 	0.334 	
-625.174 	3019.521 	964.424 	-0.067 	0.300 	0.098 	
857.094 	-1581.276 	-1061.990 	0.082 	-0.157 	-0.104 	
1950.408 	2519.372 	3240.450 	0.195 	0.257 	0.327 	
-845.741 	-2592.180 	3327.798 	-0.087 	-0.259 	0.338 	
2595.353 	-1337.784 	-652.367 	0.265 	-0.131 	-0.069 	
-2336.690 	-3297.984 	-3204.340 	-0.233 	-0.332 	-0.322 	
2465.377 	-776.942 	-1610.895 	0.252 	-0.070 	-0.169 	
-2598.166 	-2741.900 	2955.992 	-0.268 	-0.277 	0.300 	
-3509.835 	-3478.869 	2301.616 	-0.351 	-0.352 	0.235 	
-3172.704 	-1437.642 	-315.019 	-0.317 	-0.149 	-0.028 	
4201.687 	1963.809 	2964.362 	0.425 	0.204 	0.299 	
99.669 	1646.868 	3007.347 	0.009 	0.169 	0.304 	
317.025 	-738.770 	293.213 	0.035 	-0.077 	0.031 	
-475.611 	-3604.701 	-1459.521 	-0.045 	-0.366 	-0.144 	
3451.529 	-2272.453 	3419.886 	0.349 	-0.227 	0.345 	
-1286.849 	2245.080 	-3601.971 	-0.124 	0.235 	-0.364 	
3500.354 	861.973 	2231.744 	0.357 	0.086 	0.225 	
3766.672 	856.643 	-2478.062 	0.385 	0.087 	-0.250 	
4289.401 	3345.592 	528.387 	0.440 	0.337 	0.054 	
2271.839 	-1830.108 	2289.861 	0.225 	-0.188 	0.229 	
-2685.105 	3516.754 	1979.841 	-0.271 	0.351 	0.203 	
-4426.811 	-3154.131 	-1333.514 	-0.452 	-0.318 	-0.131 	
1194.074 	-4113.568 	2356.428 	0.122 	-0.418 	0.238 	
-1775.012 	-378.271 	3130.401 	-0.178 	-0.034 	0.319 	
2268.256 	-955.795 	1232.730 	0.234 	-0.097 	0.127 	
-3703.034 	1882.529 	3409.501 	-0.371 	0.191 	0.342 	
-3714.704 	-2566.398 	2448.925 	-0.379 	-0.258 	0.250 	
-4323.650 	4541.885 	-1833.038 	-0.441 	0.464 	-0.186 	
2681.450 	-1761.137 	160.921 	0.268 	-0.180 	0.020 	
4571.182 	-436.201 	-1422.164 	0.466 	-0.047 	-0.140 	
-1094.911 	-400.703 	2246.594 	-0.109 	-0.042 	0.229 	
959.188 	-1344.564 	2013.679 	0.092 	-0.136 	0.203 	
1764.299 	-33.703 	634.155 	0.174 	-0.007 	0.062 	
-704.521 	3867.626 	-1385.708 	-0.074 	0.388 	-0.136 	
-2631.558 	3576.521 	3604.966 	-0.267 	0.362 	0.367 	
-385.952 	3853.024 	3719.337 	-0.037 	0.392 	0.376 	
1164.639 	-4004.964 	-654.329 	0.116 	-0.405 	-0.061 	
-4226.598 	-1251.138 	3990.497 	-0.426 	-0.130 	0.402 	
2885.857 	-1782.137 	-1460.280 	0.291 	-0.184 	-0.143 	
-329.850 	2815.699 	545.303 	-0.038 	0.282 	0.058 	
-1954.973 	443.256 	2492.540 	-0.195 	0.045 	0.256 	
2265.754 	-3178.456 	-1421.953 	0.230 	-0.324 	-0.144 	
1825.459 	-533.252 	-2996.429 	0.184 	-0.048 	-0.303 	
3672.990 	-1688.431 	3799.347 	0.368 	-0.172 	0.385 	
-4075.129 	1366.137 	2007.783 	-0.415 	0.136 	0.202 	
1132.222 	-466.643 	-1427.854 	0.110 	-0.044 	-0.141 	
-4190.110 	-2679.193 	-1565.287 	-0.423 	-0.270 	-0.154 	
-4484.298 	-4120.938 	1671.971 	-0.459 	-0.417 	0.168 	
-3257.624 	1694.295 	-3939.847 	-0.330 	0.173 	-0.394 	
-3442.191 	-3643.708 	1387.173 	-0.344 	-0.370 	0.140 	
-398.020 	-2410.731 	1913.584 	-0.044 	-0.242 	0.195 	
-962.048 	3103.756 	-1783.807 	-0.099 	0.315 	-0.183 	
-2436.226 	1990.481 	24.017 	-0.247 	0.198 	0.002 	
36.771 	1123.177 	-3466.043 	0.000 	0.110 	-0.348 	
4299.891 	-3945.997 	366.572 	0.433 	-0.398 	0.034 	
-542.077 	-3074.671 	-1628.063 	-0.051 	-0.310 	-0.169 	
438.165 	-2399.624 	1055.763 	0.041 	-0.242 	0.102 	
-2816.529 	-3668.880 	2879.030 	-0.280 	-0.373 	0.293 	
3370.443 	-1604.612 	-1666.645 	0.341 	-0.160 	-0.168 	
1508.606 	-2991.635 	924.500 	0.158 	-0.301 	0.096 	
-2869.105 	-1822.134 	-2304.888 	-0.285 	-0.186 	-0.232 	
3728.611 	-1075.746 	-1006.824 	0.371 	-0.106 	-0.102 	
-2574.460 	3853.187 	948.951 	-0.262 	0.387 	0.099 	
-3102.959 	-3239.340 	536.244 	-0.315 	-0.327 	0.057 	
-1008.346 	1165.385 	1430.910 	-0.105 	0.113 	0.144 	
2365.084 	-510.531 	3323.239 	0.238 	-0.051 	0.331 	
-1739.849 	-198.063 	-1402.525 	-0.173 	-0.016 	-0.141 	
-66.585 	1994.986 	2980.815 	-0.009 	0.200 	0.296 	
3586.173 	-3362.406 	-3921.593 	0.359 	-0.341 	-0.398 	
-274.370 	2767.650 	-1993.461 	-0.024 	0.276 	-0.202 	
3597.726 	-3885.403 	960.900 	0.365 	-0.392 	0.093 	
-2766.212 	-1077.780 	2422.859 	-0.275 	-0.106 	0.244 	
947.941 	2121.162 	4158.398 	0.094 	0.210 	0.421 	
-4205.420 	-4117.990 	-1570.922 	-0.426 	-0.416 	-0.161 	
-3551.531 	-196.205 	-3996.866 	-0.360 	-0.017 	-0.405 	
-375.083 	-1676.646 	-1424.471 	-0.043 	-0.170 	-0.143 	
3987.964 	-888.688 	2836.413 	0.413 	-0.089 	0.283 	
-3738.023 	-1932.135 	3698.543 	-0.379 	-0.198 	0.373 	
-1802.828 	-2931.237 	4147.091 	-0.180 	-0.298 	0.422 	
440.564 	-2897.926 	2431.813 	0.044 	-0.294 	0.247 	
4050.567 	-3340.630 	3071.435 	0.415 	-0.339 	0.313 	
-1252.196 	745.757 	773.439 	-0.123 	0.076 	0.075 	
-1438.858 	-88.819 	2347.479 	-0.155 	-0.001 	0.246 	
2040.360 	306.844 	-129.053 	0.210 	0.033 	-0.009 	
204.257 	-1485.218 	797.130 	0.019 	-0.149 	0.078 	
-1536.885 	-36.624 	-502.866 	-0.157 	-0.003 	-0.047 	
-1418.279 	2296.732 	-2024.624 	-0.142 	0.232 	-0.205 	
4577.382 	-1006.959 	-271.602 	0.464 	-0.107 	-0.027 	
1321.409 	-115.875 	-434.427 	0.134 	-0.016 	-0.039 	
1530.053 	-869.616 	-860.679 	0.150 	-0.091 	-0.081 	
-2574.840 	774.048 	4331.306 	-0.259 	0.078 	0.439 	
2529.272 	1650.975 	170.266 	0.262 	0.163 	0.019 	
-3737.941 	718.504 	1583.706 	-0.379 	0.070 	0.159 	
1021.461 	-272.512 	-1230.184 	0.101 	-0.032 	-0.124 	
-4323.201 	-1914.751 	3634.008 	-0.441 	-0.194 	0.367 	
-3358.271 	-1265.660 	-252.145 	-0.339 	-0.126 	-0.023 	
-1678.194 	-928.230 	-933.044 	-0.168 	-0.094 	-0.096 	
2621.196 	2335.607 	3266.853 	0.266 	0.237 	0.325 	
814.521 	-789.961 	3333.682 	0.084 	-0.079 	0.338 	
3920.979 	2460.268 	4244.124 	0.396 	0.253 	0.432 	
3381.579 	3088.495 	3423.967 	0.342 	0.314 	0.352 	
3633.290 	-3101.141 	-3151.850 	0.366 	-0.315 	-0.317 	
2693.995 	3765.545 	205.467 	0.278 	0.380 	0.020 	
-1887.384 	182.081 	1070.700 	-0.193 	0.016 	0.112 	
-740.879 	304.462 	-2418.942 	-0.072 	0.032 	-0.248 	
-597.006 	1729.686 	1906.598 	-0.065 	0.174 	0.192 	
-4247.938 	-3755.997 	2338.711 	-0.431 	-0.377 	0.242 	
-1657.237 	1333.654 	-1494.852 	-0.167 	0.136 	-0.148 	
-1153.606 	-3525.334 	-2709.441 	-0.117 	-0.353 	-0.275 	
-1918.676 	-3442.749 	-2076.008 	-0.189 	-0.347 	-0.210 	
312.725 	-3778.785 	-3114.299 	0.031 	-0.380 	-0.313 	
3387.423 	1353.524 	271.527 	0.347 	0.137 	0.030 	
3728.773 	-306.451 	-2586.685 	0.377 	-0.032 	-0.258 	
-1582.910 	568.307 	225.718 	-0.154 	0.056 	0.027 	
-1722.711 	1830.002 	1000.871 	-0.179 	0.183 	0.102 	
3816.008 	-1756.530 	-43.526 	0.384 	-0.181 	-0.008 	
-2209.695 	1448.944 	-3985.504 	-0.225 	0.145 	-0.404 	
3939.454 	-282.711 	2530.539 	0.396 	-0.024 	0.258 	
873.607 	1344.204 	1140.788 	0.094 	0.137 	0.118 	
2469.427 	-770.770 	-1573.390 	0.250 	-0.085 	-0.153 	
-2390.569 	2993.263 	704.546 	-0.241 	0.298 	0.073 	
15.957 	-2959.915 	1797.235 	0.006 	-0.294 	0.180 	
-346.903 	-313.827 	-3193.503 	-0.030 	-0.031 	-0.320 	
-1176.407 	178.295 	672.536 	-0.120 	0.019 	0.068 	
-421.188 	-3386.778 	-3442.563 	-0.041 	-0.339 	-0.351 	
-893.054 	-1473.829 	3474.121 	-0.088 	-0.150 	0.344 	
4335.313 	-612.571 	-3102.555 	0.441 	-0.066 	-0.313 	
-912.354 	600.752 	-620.810 	-0.090 	0.058 	-0.060 	
3630.714 	-3743.075 	3455.956 	0.372 	-0.377 	0.350 	
-1225.996 	-1266.692 	1168.169 	-0.123 	-0.123 	0.117 	
-1097.909 	-94.377 	3524.685 	-0.108 	-0.006 	0.355 	
870.640 	1852.323 	395.964 	0.094 	0.186 	0.041 	
-3933.453 	4074.865 	-2949.939 	-0.401 	0.413 	-0.298 	
275.446 	-1025.985 	-4006.109 	0.034 	-0.102 	-0.405 	
-679.283 	-2039.266 	2505.870 	-0.067 	-0.199 	0.254 	
-2408.096 	-1876.519 	-1671.065 	-0.247 	-0.189 	-0.167 	
2167.013 	3905.997 	-3362.796 	0.221 	0.396 	-0.346 	
-2350.191 	293.624 	2491.493 	-0.242 	0.029 	0.250 	
-118.389 	540.093 	1864.708 	-0.015 	0.054 	0.184 	
-598.211 	-783.572 	1187.964 	-0.052 	-0.085 	0.105 	
3741.750 	-961.322 	-2394.098 	0.378 	-0.102 	-0.244 	
4376.346 	-4118.454 	84.535 	0.442 	-0.417 	0.013 	
-3231.712 	-2375.926 	-185.568 	-0.331 	-0.241 	-0.020 	
117.338 	-3296.905 	894.194 	0.009 	-0.329 	0.093 	
-1569.396 	204.497 	3232.294 	-0.160 	0.017 	0.323 	
-2097.511 	4019.031 	189.767 	-0.208 	0.405 	0.022 	
-2944.192 	-3114.835 	1337.510 	-0.297 	-0.312 	0.134 	
3637.663 	-1475.060 	-3052.665 	0.370 	-0.148 	-0.312 	
-2591.252 	-3737.610 	2440.233 	-0.263 	-0.373 	0.247 	
-1760.205 	-82.069 	1484.640 	-0.177 	-0.014 	0.152 	
-1871.416 	393.330 	3827.209 	-0.189 	0.039 	0.389 	
-3352.603 	2484.078 	-570.560 	-0.337 	0.250 	-0.052 	
-3252.441 	1117.217 	119.991 	-0.333 	0.113 	0.013 	
-1179.709 	1086.016 	-1954.868 	-0.118 	0.112 	-0.195 	
3540.659 	4518.923 	-4081.993 	0.358 	0.463 	-0.416 	
-2926.598 	1612.539 	2300.175 	-0.299 	0.163 	0.236 	
-3251.293 	-371.973 	-3438.392 	-0.325 	-0.039 	-0.348 	
1986.651 	-2787.459 	1270.770 	0.202 	-0.284 	0.124 	
3040.580 	3216.746 	-255.333 	0.314 	0.325 	-0.023 	
3346.798 	1760.047 	-3754.689 	0.336 	0.180 	-0.376 	
2199.955 	1053.978 	-2501.754 	0.220 	0.105 	-0.247 	
-1630.888 	-3171.524 	-946.693 	-0.162 	-0.316 	-0.097 	
3079.337 	-1389.336 	301.901 	0.313 	-0.138 	0.025 	
-699.605 	3468.256 	871.581 	-0.044 	0.371 	0.096 	
902.459 	-2361.737 	3454.323 	0.092 	-0.236 	0.343 	
-2011.527 	1304.161 	-1579.199 	-0.203 	0.130 	-0.162 	
-2984.746 	-117.622 	1484.841 	-0.304 	-0.012 	0.153 	
3241.156 	-1104.162 	3175.833 	0.331 	-0.113 	0.315 	
910.576 	-2388.521 	-3592.943 	0.096 	-0.242 	-0.358 	
4488.845 	749.305 	-2492.709 	0.459 	0.076 	-0.253 	
1525.759 	-937.435 	3155.245 	0.159 	-0.094 	0.318 	
-2597.310 	3486.836 	-765.703 	-0.256 	0.353 	-0.077 	
-1686.462 	-1629.161 	1424.453 	-0.171 	-0.164 	0.147 	
-1415.562 	-1828.814 	749.792 	-0.141 	-0.184 	0.082 	
3946.367 	74.494 	1763.628 	0.400 	0.012 	0.181 	
-2677.650 	260.766 	2486.602 	-0.271 	0.026 	0.257 	
-37.179 	1574.411 	-3012.620 	-0.008 	0.160 	-0.307 	
-2824.784 	-3733.738 	-3739.443 	-0.282 	-0.376 	-0.382 	
2018.528 	3190.868 	-1460.702 	0.202 	0.320 	-0.147 	
-3961.815 	1896.404 	2338.571 	-0.402 	0.192 	0.234 	
-4148.101 	266.152 	1580.918 	-0.422 	0.030 	0.160 	
1274.782 	-3319.500 	-3325.720 	0.127 	-0.337 	-0.332 	
-5597.672 	13.712 	-30.387 	-0.592 	-0.015 	-0.005 	
-3728.071 	-1524.532 	2003.719 	-0.374 	-0.155 	0.206 	
2263.933 	-878.116 	-2733.126 	0.227 	-0.089 	-0.280 	
1158.708 	748.469 	521.754 	0.120 	0.075 	0.058 	
-122.515 	-1476.169 	919.278 	-0.016 	-0.152 	0.090 	
-4035.290 	337.849 	-2342.420 	-0.410 	0.032 	-0.240 	
3296.317 	-330.715 	4478.546 	0.336 	-0.032 	0.456 	
-791.808 	-1394.896 	2254.952 	-0.080 	-0.144 	0.223 	
1470.434 	-2344.238 	-908.935 	0.145 	-0.236 	-0.090 	
584.191 	-616.850 	616.932 	0.061 	-0.066 	0.059 	
-3565.232 	-4231.685 	-2113.221 	-0.362 	-0.431 	-0.213 	
2019.733 	-1876.102 	-3417.196 	0.204 	-0.185 	-0.342 	
872.406 	1284.462 	-870.853 	0.092 	0.146 	-0.087 	
-1606.216 	-438.616 	1352.924 	-0.161 	-0.039 	0.140 	
4555.704 	2250.949 	-363.471 	0.466 	0.226 	-0.038 	
1007.767 	-493.617 	-2329.340 	0.100 	-0.050 	-0.237 	
-3275.529 	1148.106 	-4091.078 	-0.330 	0.118 	-0.413 	
1587.792 	1218.939 	1251.293 	0.164 	0.119 	0.130 	
3966.579 	279.685 	-3261.797 	0.397 	0.026 	-0.327 	
-1616.972 	546.912 	-2084.875 	-0.162 	0.058 	-0.213 	
-4051.678 	3653.814 	1543.293 	-0.414 	0.370 	0.157 	
165.402 	-3172.211 	-3792.162 	0.020 	-0.320 	-0.387 	
2852.167 	3601.867 	-2277.759 	0.290 	0.364 	-0.236 	
2045.256 	-1623.010 	458.145 	0.205 	-0.163 	0.051 	
2084.666 	-3479.357 	-2852.673 	0.209 	-0.350 	-0.292 	
1322.059 	-1637.647 	2299.844 	0.131 	-0.165 	0.232 	
1766.948 	-1743.545 	2806.722 	0.179 	-0.174 	0.283 	
3576.704 	3958.713 	-3523.720 	0.360 	0.402 	-0.361 	
3357.016 	-594.089 	2448.622 	0.342 	-0.057 	0.251 	
1461.517 	-938.042 	-814.412 	0.151 	-0.091 	-0.082 	
-1664.175 	-1520.491 	3016.685 	-0.171 	-0.152 	0.305 	
-1893.375 	-890.306 	3301.828 	-0.190 	-0.094 	0.333 	
774.115 	-1969.024 	-1271.462 	0.079 	-0.197 	-0.130 	
-2678.826 	-435.938 	-79.502 	-0.270 	-0.046 	-0.009 	
-442.640 	3400.879 	-4167.214 	-0.040 	0.347 	-0.422 	
-3206.049 	-1042.663 	2122.087 	-0.327 	-0.105 	0.213 	
-149.193 	-3223.776 	3481.752 	-0.016 	-0.322 	0.355 	
-1550.379 	1233.462 	3241.297 	-0.153 	0.127 	0.326 	
-461.526 	-152.472 	2297.821 	-0.049 	-0.017 	0.232 	
2913.504 	-2208.958 	1.097 	0.297 	-0.225 	-0.004 	
-150.602 	-1455.639 	976.060 	-0.004 	-0.145 	0.100 	
-803.992 	-1444.485 	3281.995 	-0.076 	-0.145 	0.333 	
-4115.322 	-1152.357 	1112.020 	-0.420 	-0.117 	0.113 	
-1101.105 	-2686.296 	-585.534 	-0.115 	-0.269 	-0.059 	
1149.573 	-3992.374 	2126.444 	0.114 	-0.408 	0.215 	
1430.652 	-2984.957 	-772.238 	0.143 	-0.302 	-0.075 	
1684.885 	-3669.367 	-413.549 	0.172 	-0.372 	-0.038 	
1077.838 	151.272 	3315.955 	0.105 	0.013 	0.334 	
-3680.279 	1785.006 	238.118 	-0.373 	0.179 	0.023 	
-829.004 	880.756 	1684.451 	-0.079 	0.086 	0.168 	
-1445.779 	-2145.057 	3504.678 	-0.148 	-0.217 	0.358 	
-3026.923 	-3606.243 	3184.431 	-0.306 	-0.362 	0.327 	
2166.528 	2466.199 	-3780.759 	0.218 	0.248 	-0.379 	
-1273.684 	2247.081 	-3618.015 	-0.128 	0.219 	-0.359 	
-218.503 	-3076.614 	-2483.316 	-0.016 	-0.310 	-0.251 	
-32.947 	-249.961 	554.659 	0.003 	-0.029 	0.055 	
2691.655 	-1254.065 	678.656 	0.273 	-0.127 	0.065 	
2170.888 	1268.048 	-2338.212 	0.226 	0.128 	-0.235 	
-2627.436 	-3600.478 	2069.972 	-0.263 	-0.368 	0.207 	
4472.655 	-888.329 	-4055.478 	0.457 	-0.090 	-0.412 	
-642.933 	2880.651 	968.609 	-0.060 	0.293 	0.096 	
-2331.859 	3249.490 	-2819.414 	-0.237 	0.328 	-0.287 	
-3118.006 	2135.599 	-1109.814 	-0.310 	0.215 	-0.112 	
-59.231 	1048.978 	-394.726 	-0.009 	0.100 	-0.039 	
-3439.253 	1406.215 	290.834 	-0.342 	0.146 	0.028 	
-183.112 	-3011.711 	-2299.697 	-0.020 	-0.302 	-0.228 	
-2859.578 	-1633.345 	142.359 	-0.290 	-0.164 	0.010 	
2239.960 	1755.980 	-2245.953 	0.232 	0.177 	-0.225 	
-2775.730 	3932.490 	553.377 	-0.281 	0.395 	0.061 	
2040.639 	-356.623 	-2930.863 	0.208 	-0.035 	-0.295 	
-380.185 	294.030 	-801.961 	-0.035 	0.024 	-0.076 	
-3828.773 	-2019.754 	-3600.708 	-0.386 	-0.209 	-0.367 	
1757.867 	-745.727 	588.085 	0.175 	-0.076 	0.061 	
-3153.661 	-773.978 	3489.199 	-0.318 	-0.077 	0.354 	
3119.344 	-342.624 	2885.350 	0.316 	-0.037 	0.288 	
1112.925 	-342.411 	-2659.404 	0.109 	-0.039 	-0.267 	
3244.739 	1316.038 	-262.506 	0.326 	0.134 	-0.029 	
1414.612 	680.420 	2359.159 	0.140 	0.070 	0.237 	
-291.858 	1809.680 	-2992.198 	-0.032 	0.183 	-0.300 	
4086.864 	-2966.846 	-1258.681 	0.419 	-0.299 	-0.125 	
-3668.125 	-3695.435 	3854.684 	-0.373 	-0.376 	0.390 	
-3169.851 	-2214.875 	-92.111 	-0.318 	-0.223 	-0.010 	
2412.673 	575.086 	837.699 	0.238 	0.058 	0.085 	
4003.707 	-985.076 	1052.877 	0.405 	-0.097 	0.103 	
-3313.485 	1249.974 	1837.233 	-0.333 	0.129 	0.191 	
110.867 	-224.116 	53.266 	0.007 	-0.022 	0.008 	
-1101.266 	-2314.145 	3229.141 	-0.106 	-0.231 	0.328 	
-418.156 	-1964.237 	-1523.104 	-0.039 	-0.200 	-0.150 	
3861.552 	-1564.011 	-2625.282 	0.390 	-0.162 	-0.264 	
418.960 	-2289.099 	-2157.970 	0.037 	-0.229 	-0.216 	
3025.607 	-3190.808 	4028.602 	0.310 	-0.320 	0.407 	
-3708.729 	-1486.733 	-1943.129 	-0.373 	-0.146 	-0.193 	
-3389.482 	-943.929 	-1266.299 	-0.345 	-0.099 	-0.126 	
560.014 	-852.268 	3079.954 	0.063 	-0.086 	0.310 	
2371.613 	-2287.635 	1709.623 	0.245 	-0.231 	0.170 	
-2153.284 	1715.574 	1827.248 	-0.222 	0.171 	0.186 	
-3660.650 	-2013.603 	3076.613 	-0.369 	-0.199 	0.312 	
-2877.453 	-30.316 	988.870 	-0.292 	-0.004 	0.103 	
-2302.912 	-2712.410 	417.902 	-0.229 	-0.271 	0.040 	
3668.049 	3438.096 	2305.674 	0.374 	0.343 	0.232 	
3655.096 	2017.774 	-701.300 	0.374 	0.206 	-0.072 	
-3468.859 	-3255.534 	890.298 	-0.350 	-0.327 	0.093 	
-2877.024 	850.681 	1633.111 	-0.293 	0.082 	0.166 	
-2297.620 	377.190 	1974.363 	-0.227 	0.041 	0.202 	
-2165.574 	-1072.528 	-4154.649 	-0.220 	-0.111 	-0.424 	
-2020.326 	-2214.973 	-3202.002 	-0.205 	-0.227 	-0.326 	
4369.999 	4462.052 	-2078.903 	0.445 	0.456 	-0.209 	
4175.521 	1484.822 	-3370.004 	0.424 	0.148 	-0.345 	
-1052.507 	-1763.977 	-1139.041 	-0.106 	-0.180 	-0.113 	
-1105.468 	-1713.188 	2709.577 	-0.110 	-0.178 	0.272 	
1106.969 	-251.989 	434.607 	0.115 	-0.027 	0.041 	
1350.764 	399.819 	876.978 	0.138 	0.036 	0.087 	
-2418.028 	2532.192 	2424.561 	-0.248 	0.256 	0.245 	
-2715.620 	3220.958 	-3729.124 	-0.276 	0.323 	-0.377 	
-1083.211 	-2472.055 	-4124.188 	-0.108 	-0.246 	-0.419 	
3287.228 	-1635.125 	-2554.498 	0.328 	-0.164 	-0.257 	
-47.910 	33.849 	-2546.602 	-0.004 	0.004 	-0.257 	
1295.086 	3216.169 	1367.661 	0.132 	0.328 	0.141 	
2140.303 	-324.441 	-31.568 	0.220 	-0.032 	-0.004 	
1698.082 	1912.895 	2355.887 	0.173 	0.191 	0.243 	
1202.642 	-1587.969 	-1726.784 	0.125 	-0.159 	-0.171 	
3728.666 	-2988.146 	-2560.167 	0.383 	-0.303 	-0.259 	
1191.815 	958.607 	-2456.568 	0.122 	0.097 	-0.249 	
-2635.778 	-2861.672 	-68.418 	-0.264 	-0.292 	-0.006 	
2181.656 	1394.318 	1793.174 	0.215 	0.138 	0.181 	
3163.677 	1146.663 	404.245 	0.325 	0.112 	0.040 	
-281.264 	-3550.473 	3355.056 	-0.027 	-0.357 	0.344 	
319.972 	1320.675 	3343.534 	0.038 	0.133 	0.334 	
3036.544 	-144.670 	3239.353 	0.312 	-0.014 	0.326 	
3446.412 	1316.655 	-155.079 	0.346 	0.130 	-0.012 	
-2295.618 	-4381.486 	4355.546 	-0.231 	-0.445 	0.444 	
-4486.586 	-3645.966 	4029.521 	-0.457 	-0.368 	0.409 	
4237.777 	3398.382 	13.416 	0.434 	0.341 	0.001 	
4286.157 	838.369 	3647.158 	0.435 	0.080 	0.371 	
1735.790 	297.138 	2580.482 	1.129 	-0.960 	-0.778 	
-2783.453 	-448.021 	-3450.529 	-0.282 	-0.044 	-0.348 	
3062.390 	1531.628 	-1293.937 	0.315 	0.155 	-0.132 	
-1024.821 	2080.484 	-3571.277 	-0.106 	0.208 	-0.358 	
1624.133 	1715.200 	-540.075 	0.163 	0.172 	-0.055 	
2482.116 	-1527.912 	-2141.904 	0.252 	-0.152 	-0.214 	
3312.703 	3132.420 	3878.782 	0.336 	0.321 	0.395 	
402.857 	3438.670 	-2484.565 	0.036 	0.346 	-0.250 	
-3528.933 	703.156 	1493.177 	-0.354 	0.074 	0.153 	
1080.458 	-3806.369 	2598.605 	0.113 	-0.384 	0.259 	
1237.648 	-1537.765 	-394.094 	0.122 	-0.157 	-0.039 	
3049.697 	238.585 	-331.227 	0.308 	0.028 	-0.036 	
-1834.581 	1753.968 	-2728.654 	-0.183 	0.179 	-0.278 	
1925.124 	-3409.134 	1943.089 	0.192 	-0.347 	0.198 	
3349.348 	3350.872 	175.279 	0.343 	0.338 	0.020 	
2236.631 	-3610.190 	3339.194 	0.226 	-0.361 	0.337 	
3976.462 	-289.808 	868.486 	0.402 	-0.025 	0.090 	
4430.110 	3538.343 	2346.995 	0.447 	0.359 	0.239 	
1211.882 	-2945.870 	1634.373 	0.128 	-0.298 	0.166 	
-2280.834 	-4078.412 	3805.948 	-0.232 	-0.416 	0.385 	
1724.598 	-802.081 	-858.518 	0.176 	-0.077 	-0.086 	
-308.247 	76.812 	632.218 	-0.033 	0.005 	0.061 	
-3578.408 	4497.109 	3633.114 	-0.366 	0.460 	0.367 	
231.447 	390.274 	3416.183 	0.029 	0.041 	0.342 	
-541.253 	3505.239 	3167.879 	-0.056 	0.358 	0.318 	
2970.990 	-3171.181 	3475.864 	0.305 	-0.325 	0.354 	
-3149.088 	-3300.725 	3389.613 	-0.319 	-0.329 	0.343 	
-3699.323 	-2363.677 	2791.590 	-0.375 	-0.237 	0.283 	
-2739.746 	2581.919 	1266.976 	-0.274 	0.263 	0.131 	
-602.954 	-4264.652 	810.336 	-0.055 	-0.431 	0.081 	
517.880 	-2020.164 	2896.319 	0.055 	-0.203 	0.293 	
-131.119 	385.652 	481.240 	-0.014 	0.034 	0.052 	
-3354.061 	-3787.250 	-3071.430 	-0.343 	-0.384 	-0.307 	
-1924.382 	-133.131 	2118.958 	-0.191 	-0.017 	0.213 	
3015.658 	1143.527 	505.776 	0.302 	0.118 	0.052 	
1525.039 	-2168.311 	2830.607 	0.156 	-0.222 	0.289 	
-3111.956 	-1814.371 	-2646.681 	-0.312 	-0.181 	-0.265 	
126.167 	-2002.915 	-786.214 	0.008 	-0.221 	-0.078 	
4084.636 	301.890 	80.321 	0.405 	0.028 	-0.002 	
-1947.903 	-2824.179 	-2596.667 	-0.195 	-0.287 	-0.259 	
3308.028 	-2011.581 	223.480 	0.338 	-0.201 	0.024 	
-1021.841 	2788.796 	2450.066 	-0.100 	0.278 	0.247 	
677.233 	-1005.248 	3486.709 	0.069 	-0.100 	0.348 	
3508.392 	-505.972 	1868.805 	0.356 	-0.053 	0.186 	
-1072.125 	179.011 	-4212.468 	-0.106 	0.020 	-0.427 	
-1895.431 	-703.012 	-61.294 	-0.190 	-0.075 	-0.003 	
830.583 	3251.321 	1716.262 	0.082 	0.327 	0.175 	
-3717.686 	942.434 	-693.045 	-0.378 	0.093 	-0.071 	
2073.285 	-2044.825 	1080.057 	0.207 	-0.203 	0.106 	
-768.353 	734.357 	-862.417 	-0.082 	0.071 	-0.087 	
3072.029 	-3267.660 	689.017 	0.311 	-0.331 	0.073 	
349.533 	-742.018 	1142.784 	0.030 	-0.073 	0.113 	
4090.837 	-3311.140 	1352.253 	0.418 	-0.333 	0.136 	
-1848.759 	374.459 	-257.734 	-0.182 	0.037 	-0.025 	
-3179.030 	441.288 	3419.674 	-0.323 	0.050 	0.344 	
4210.575 	1614.207 	-383.362 	0.426 	0.159 	-0.033 	
-2510.544 	3195.666 	-1936.572 	-0.251 	0.326 	-0.193 	
-2476.972 	3080.621 	-1139.161 	-0.245 	0.311 	-0.116 	
3006.575 	-950.243 	-409.548 	0.300 	-0.090 	-0.040 	
-3268.107 	741.702 	3104.275 	-0.328 	0.076 	0.313 	
3493.315 	-2003.464 	-4077.275 	0.359 	-0.200 	-0.412 	
-2891.612 	-3916.104 	-2158.950 	-0.292 	-0.394 	-0.218 	
-820.521 	-455.844 	3024.992 	-0.079 	-0.047 	0.302 	
-250.112 	-2024.644 	-324.174 	-0.026 	-0.203 	-0.038 	
-291.142 	-556.087 	1552.962 	-0.024 	-0.056 	0.160 	
2496.709 	1100.255 	981.828 	0.256 	0.113 	0.102 	
1569.377 	-3193.607 	25.484 	0.163 	-0.318 	0.005 	
2191.473 	-3646.020 	-3550.397 	0.219 	-0.370 	-0.359 	
-2375.242 	3566.712 	-1039.805 	-0.239 	0.358 	-0.107 	
-2982.213 	3379.601 	913.745 	-0.298 	0.344 	0.092 	
6.998 	-333.392 	-1119.187 	0.002 	-0.035 	-0.115 	
-205.013 	-3187.847 	2387.697 	-0.014 	-0.321 	0.240 	
1074.821 	-1259.283 	3652.624 	0.108 	-0.124 	0.372 	
3609.021 	2898.335 	-3775.561 	0.369 	0.298 	-0.383 	
72.662 	-2095.517 	-777.936 	0.007 	-0.210 	-0.074 	
4285.131 	2928.721 	-123.839 	0.439 	0.295 	-0.013 	
-1567.167 	2439.110 	-4365.915 	-0.154 	0.244 	-0.441 	
-140.849 	275.819 	-810.353 	-0.015 	0.024 	-0.083 	
-3263.741 	-824.664 	1427.461 	-0.324 	-0.085 	0.146 	
1893.230 	-551.473 	10.880 	0.190 	-0.060 	0.000 	
-1202.938 	-815.409 	3374.197 	-0.123 	-0.082 	0.334 	
-661.356 	227.567 	-4206.791 	-0.066 	0.026 	-0.425 	
3184.035 	1336.200 	1484.511 	0.316 	0.135 	0.148 	
-3416.614 	-2153.128 	-4698.583 	-0.343 	-0.217 	-0.480 	
3809.724 	-772.015 	934.828 	0.383 	-0.075 	0.096 	
2367.475 	-3888.108 	592.469 	0.235 	-0.394 	0.061 	
2026.499 	3652.677 	-2457.636 	0.210 	0.366 	-0.247 	
3115.693 	993.723 	-2635.703 	0.313 	0.104 	-0.264 	
168.043 	-4361.754 	3724.052 	0.021 	-0.445 	0.375 	
1521.333 	-1311.135 	1277.555 	0.160 	-0.132 	0.128 	
179.177 	4104.959 	1885.914 	0.024 	0.415 	0.192 	
3394.145 	-2171.324 	-2565.757 	0.349 	-0.221 	-0.259 	
1689.524 	3824.138 	-160.673 	0.174 	0.387 	-0.012 	
1975.938 	1120.769 	-1218.894 	0.195 	0.114 	-0.122 	
3361.924 	3768.449 	-939.854 	0.337 	0.377 	-0.095 	
1900.437 	2021.252 	-1257.051 	0.199 	0.203 	-0.126 	
1414.570 	-1102.185 	-545.653 	0.148 	-0.115 	-0.056 	
1213.479 	-877.601 	1316.264 	0.123 	-0.088 	0.125 	
-1125.115 	-2787.119 	-1723.631 	-0.117 	-0.281 	-0.170 	
-4017.230 	-1336.786 	3002.646 	-0.403 	-0.133 	0.303 	
-3432.331 	-2997.099 	-394.271 	-0.345 	-0.306 	-0.043 	
951.001 	3530.232 	1888.577 	0.094 	0.359 	0.190 	
-877.039 	-1182.124 	1619.701 	-0.093 	-0.119 	0.163 	
2342.387 	-3887.568 	542.233 	0.244 	-0.393 	0.060 	
-4032.363 	-1622.072 	2488.641 	-0.421 	-0.163 	0.250 	
2826.331 	-3628.234 	-3781.016 	0.271 	-0.371 	-0.380 	
-3815.598 	-1523.846 	-3226.228 	-0.403 	-0.150 	-0.327 	
-1328.394 	-3534.225 	1762.386 	-0.148 	-0.354 	0.183 	
2499.592 	1989.432 	-536.021 	0.232 	0.197 	-0.055 	
-2596.998 	-3417.969 	2070.599 	-0.284 	-0.347 	0.212 	
4383.353 	-3529.969 	-3631.598 	0.429 	-0.360 	-0.370 	
3027.097 	-2410.736 	2164.283 	0.289 	-0.244 	0.223 	
-1497.689 	-2104.360 	-3561.475 	-0.173 	-0.210 	-0.359 	
1625.489 	2061.878 	-2840.190 	0.145 	0.208 	-0.290 	
3033.372 	1280.623 	397.947 	0.291 	0.129 	0.037 	
478.601 	116.326 	940.905 	0.024 	0.008 	0.094 	
-4096.414 	3611.593 	3881.642 	-0.435 	0.365 	0.391 	
1353.353 	-2928.786 	1518.981 	0.113 	-0.296 	0.154 	
1379.637 	4399.502 	3911.838 	0.123 	0.447 	0.392 	
-309.793 	3372.709 	2450.076 	-0.045 	0.341 	0.244 	
2706.982 	-1194.209 	1630.571 	0.260 	-0.118 	0.167 	
809.858 	-4098.635 	3870.304 	0.060 	-0.414 	0.392 	
-601.802 	3846.068 	1400.833 	-0.077 	0.388 	0.146 	
2081.340 	-3889.390 	3490.707 	0.195 	-0.395 	0.351 	
574.407 	1056.817 	1949.121 	0.038 	0.106 	0.198 	
-1725.745 	3937.802 	-3992.787 	-0.188 	0.397 	-0.403 	
1018.690 	1345.359 	89.861 	0.091 	0.137 	0.010 	
2829.423 	249.967 	-501.347 	0.264 	0.028 	-0.053 	
-4600.164 	1546.590 	-2264.592 	-0.488 	0.157 	-0.229 	
289.763 	3040.479 	1862.153 	0.009 	0.310 	0.190 	
305.875 	-1399.198 	30.002 	0.015 	-0.144 	0.005 	
-525.921 	-3052.629 	-524.928 	-0.072 	-0.310 	-0.050 	
-2974.905 	-728.569 	-897.875 	-0.322 	-0.073 	-0.091 	
-1320.810 	1880.934 	-3964.832 	-0.147 	0.189 	-0.399 	
697.156 	1439.197 	-662.525 	0.058 	0.143 	-0.063 	
-1641.481 	3919.510 	1227.097 	-0.179 	0.398 	0.127 	
-2861.987 	2799.365 	-3620.951 	-0.311 	0.283 	-0.369 	
-3.784 	3623.486 	2942.498 	-0.020 	0.367 	0.294 	
1087.486 	-3984.784 	3472.931 	0.092 	-0.400 	0.352 	
1024.449 	-3300.113 	467.778 	0.089 	-0.330 	0.050 	
461.281 	-651.056 	-3134.876 	0.027 	-0.064 	-0.316 	
-3339.969 	1097.466 	3671.235 	-0.358 	0.107 	0.373 	
-4410.604 	2465.921 	35.351 	-0.466 	0.244 	0.005 	
3408.717 	127.779 	-2462.349 	0.329 	0.013 	-0.245 	
-2009.213 	-1564.735 	-2307.976 	-0.219 	-0.154 	-0.235 	
-3017.366 	-2072.979 	-1258.272 	-0.318 	-0.204 	-0.127 	
2084.602 	-3719.676 	-2317.102 	0.189 	-0.375 	-0.235 	
-3053.084 	1196.558 	-2495.852 	-0.325 	0.122 	-0.247 	
-1818.632 	-652.970 	-1079.077 	-0.205 	-0.063 	-0.111 	
3448.396 	4240.707 	-2191.146 	0.333 	0.433 	-0.219 	
1527.190 	-2657.191 	-2361.248 	0.137 	-0.266 	-0.242 	
-2907.507 	3290.983 	-3660.395 	-0.311 	0.328 	-0.373 	
-1195.650 	-1996.816 	-1630.980 	-0.131 	-0.202 	-0.164 	
-123.969 	-645.219 	1173.291 	-0.035 	-0.067 	0.118 	
-102.762 	74.051 	161.119 	-0.029 	0.009 	0.015 	
1482.772 	4374.342 	-349.355 	0.138 	0.443 	-0.035 	
1537.330 	-2535.632 	-1224.300 	0.143 	-0.256 	-0.122 	
2469.712 	1763.599 	1423.195 	0.231 	0.178 	0.143 	
-3473.496 	-482.499 	2278.363 	-0.368 	-0.044 	0.227 	
-1191.287 	2781.925 	2497.433 	-0.135 	0.287 	0.255 	
-3004.412 	1763.279 	3056.889 	-0.327 	0.178 	0.307 	
-1374.507 	-785.915 	-1663.405 	-0.153 	-0.076 	-0.164 	
-2763.192 	-1927.173 	-1486.199 	-0.292 	-0.198 	-0.150 	
-2846.920 	51.812 	370.254 	-0.304 	0.009 	0.035 	
-1066.709 	-3463.674 	1184.786 	-0.121 	-0.346 	0.122 	
1001.738 	-489.761 	-129.257 	0.084 	-0.050 	-0.014 	
2133.242 	1248.311 	2039.871 	0.203 	0.126 	0.201 	
-184.121 	-415.140 	-3634.090 	-0.040 	-0.040 	-0.365 	
-207.437 	-1909.286 	-1713.518 	-0.036 	-0.189 	-0.173 	
1771.306 	-287.854 	3552.046 	0.163 	-0.030 	0.358 	
330.001 	-1106.448 	731.342 	0.012 	-0.112 	0.078 	
373.348 	-3443.869 	3802.841 	0.022 	-0.345 	0.386 	
1186.817 	755.270 	1766.378 	0.103 	0.078 	0.178 	
135.793 	-3232.887 	-394.396 	-0.009 	-0.326 	-0.040 	
24.141 	-3194.886 	-1710.933 	-0.019 	-0.320 	-0.174 	
-3635.142 	-3117.765 	-253.571 	-0.385 	-0.311 	-0.025 	
-3718.911 	-2500.682 	-1114.720 	-0.398 	-0.253 	-0.112 	
3456.211 	-3512.980 	-956.962 	0.337 	-0.357 	-0.100 	
-967.305 	-1651.601 	-1957.104 	-0.117 	-0.170 	-0.199 	
-1074.978 	-610.897 	279.935 	-0.131 	-0.063 	0.029 	
-1496.246 	3073.030 	-2158.261 	-0.166 	0.313 	-0.220 	
-1890.929 	1461.891 	1260.573 	-0.211 	0.151 	0.125 	
-944.474 	1171.588 	-2041.820 	-0.117 	0.120 	-0.206 	
-3352.398 	-2496.116 	1676.012 	-0.352 	-0.250 	0.169 	
1804.717 	-2792.810 	-657.038 	0.169 	-0.281 	-0.063 	
2759.757 	804.682 	2987.715 	0.258 	0.083 	0.301 	
-3502.430 	2167.367 	2782.153 	-0.368 	0.219 	0.278 	
-1879.960 	999.818 	1171.190 	-0.213 	0.101 	0.117 	
-2245.675 	-3009.786 	4335.909 	-0.242 	-0.300 	0.439 	
-2442.059 	-2277.701 	342.807 	-0.264 	-0.232 	0.039 	
-2656.576 	388.184 	-3012.297 	-0.284 	0.038 	-0.305 	
3271.555 	26.466 	-3171.867 	0.319 	0.001 	-0.319 	
545.690 	1439.785 	3545.486 	0.041 	0.148 	0.356 	
-2461.004 	2026.697 	1815.124 	-0.263 	0.202 	0.181 	
-1396.034 	2081.327 	2767.611 	-0.153 	0.209 	0.279 	
-3770.997 	3181.795 	616.420 	-0.399 	0.327 	0.064 	
-1159.527 	-1429.067 	-1656.325 	-0.132 	-0.149 	-0.162 	
-1513.421 	-3129.637 	853.462 	-0.170 	-0.314 	0.091 	
4015.601 	3573.706 	-2667.859 	0.395 	0.363 	-0.270 	
168.145 	-2703.446 	-2643.260 	0.004 	-0.273 	-0.270 	
-2343.762 	-3654.407 	-3105.894 	-0.254 	-0.374 	-0.312 	
1194.575 	4546.397 	-1823.636 	0.101 	0.462 	-0.188 	
905.808 	-2342.272 	3249.769 	0.071 	-0.238 	0.329 	
4222.240 	-376.972 	-2659.305 	0.414 	-0.040 	-0.270 	
1095.050 	-580.740 	677.241 	0.089 	-0.059 	0.068 	
781.732 	3986.167 	-2141.760 	0.059 	0.404 	-0.217 	
-2836.098 	-1560.322 	-1572.497 	-0.302 	-0.153 	-0.157 	
-1709.158 	3577.773 	-898.536 	-0.191 	0.355 	-0.089 	
-1561.563 	-762.886 	-3318.931 	-0.172 	-0.077 	-0.334 	
1705.983 	-3870.776 	-1735.240 	0.158 	-0.394 	-0.172 	
2474.443 	-999.721 	-29.778 	0.230 	-0.097 	0.000 	
3828.687 	51.472 	2400.614 	0.374 	0.005 	0.243 	
2020.285 	2984.806 	-4084.537 	0.193 	0.301 	-0.415 	
-3300.513 	1204.944 	2615.131 	-0.345 	0.122 	0.263 	
-556.920 	6.462 	1129.492 	-0.069 	0.001 	0.116 	
-1451.143 	3183.680 	2749.712 	-0.166 	0.323 	0.278 	
4173.039 	3495.617 	-786.420 	0.407 	0.354 	-0.081 	
-3741.372 	418.257 	2675.877 	-0.396 	0.038 	0.269 	
-4275.879 	1062.682 	-3005.737 	-0.446 	0.109 	-0.305 	
-2865.412 	-1493.015 	-673.772 	-0.307 	-0.153 	-0.070 	
1082.814 	1263.613 	-1800.573 	0.088 	0.127 	-0.185 	
2921.595 	4059.278 	-2642.953 	0.280 	0.414 	-0.271 	
-2930.148 	1588.599 	-135.658 	-0.314 	0.156 	-0.015 	
456.577 	280.180 	806.453 	0.025 	0.025 	0.082 	
489.459 	-3183.935 	-1632.719 	0.027 	-0.321 	-0.166 	
-3378.399 	-484.207 	-1996.493 	-0.362 	-0.049 	-0.199 	
4257.154 	2749.871 	-2589.016 	0.419 	0.281 	-0.263 	
2746.493 	673.762 	2179.611 	0.262 	0.071 	0.216 	
904.131 	3545.823 	743.328 	0.073 	0.354 	0.074 	
1117.409 	-1001.701 	-1438.299 	0.092 	-0.103 	-0.141 	
3108.678 	3157.419 	-2755.001 	0.294 	0.321 	-0.279 	
3916.770 	972.099 	-1191.995 	0.383 	0.099 	-0.120 	
-2660.396 	1031.952 	-741.829 	-0.290 	0.100 	-0.072 	
-1853.315 	-3436.428 	-1034.555 	-0.203 	-0.342 	-0.106 	
1928.196 	4280.521 	-4011.958 	0.177 	0.436 	-0.406 	
3592.330 	1538.123 	-1023.667 	0.346 	0.158 	-0.103 	
-3021.126 	-2485.216 	-2394.869 	-0.325 	-0.252 	-0.238 	
-4004.462 	254.948 	2158.113 	-0.427 	0.027 	0.221 	
4022.997 	-2238.274 	3326.418 	0.394 	-0.226 	0.333 	
2967.831 	258.944 	1746.064 	0.278 	0.027 	0.177 	
855.726 	3120.450 	2453.533 	0.071 	0.318 	0.248 	
-3970.745 	3416.673 	-2763.301 	-0.423 	0.345 	-0.283 	
-3737.422 	336.910 	3887.697 	-0.389 	0.034 	0.394 	
3696.380 	-2827.996 	-1804.548 	0.357 	-0.290 	-0.184 	
-1966.091 	1631.786 	1706.265 	-0.222 	0.164 	0.174 	
1965.361 	2647.858 	1084.678 	0.181 	0.266 	0.112 	
2965.144 	-534.778 	1520.928 	0.285 	-0.055 	0.154 	
2627.516 	1268.494 	1397.721 	0.245 	0.124 	0.138 	
-3084.155 	-840.722 	3649.633 	-0.326 	-0.085 	0.371 	
3939.854 	-3146.347 	1938.565 	0.384 	-0.317 	0.197 	
-1094.596 	2771.254 	-3759.482 	-0.132 	0.279 	-0.380 	
-3658.960 	-3444.100 	5701.844 	-0.414 	-0.366 	0.615 	
611.344 	2189.346 	92.516 	0.047 	0.220 	0.009 	
921.472 	47.249 	570.000 	0.078 	0.006 	0.061 	
1496.538 	3159.337 	3844.775 	0.138 	0.323 	0.388 	
-3168.540 	517.778 	-275.893 	-0.339 	0.057 	-0.026 	
-4064.255 	1211.064 	-3629.873 	-0.428 	0.124 	-0.365 	
1468.303 	1996.449 	603.576 	0.135 	0.201 	0.061 	
-1255.498 	-2845.430 	1018.758 	-0.146 	-0.289 	0.102 	
2101.035 	-757.048 	-1591.849 	0.201 	-0.078 	-0.159 	
-1072.977 	-554.844 	2773.079 	-0.126 	-0.059 	0.277 	
-3394.257 	2979.775 	3975.528 	-0.359 	0.304 	0.406 	
2442.680 	-2025.475 	341.351 	0.231 	-0.203 	0.039 	
-3089.866 	-1864.199 	-1015.627 	-0.333 	-0.187 	-0.103 	
219.758 	3097.369 	1714.485 	0.004 	0.311 	0.174 	
-1438.210 	-1034.079 	-3727.784 	-0.157 	-0.105 	-0.375 	
-2804.982 	208.788 	-3135.582 	-0.305 	0.024 	-0.315 	
151.179 	2197.308 	253.768 	0.001 	0.224 	0.025 	
-2421.767 	-1947.650 	174.782 	-0.265 	-0.193 	0.022 	
-3558.052 	-3738.780 	4074.803 	-0.379 	-0.378 	0.416 	
879.174 	-31.158 	1352.400 	0.074 	-0.004 	0.137 	
3902.337 	1706.903 	-1466.792 	0.375 	0.171 	-0.147 	
4040.209 	-2815.807 	2883.851 	0.394 	-0.287 	0.292 	
-4241.605 	-2061.327 	-44.603 	-0.445 	-0.205 	-0.006 	
-1720.210 	635.948 	-3003.191 	-0.195 	0.065 	-0.299 	
37.580 	-270.916 	1906.555 	-0.017 	-0.025 	0.194 	
2910.870 	-1321.779 	-693.667 	0.271 	-0.135 	-0.070 	
458.631 	-68.785 	-2553.145 	0.032 	-0.007 	-0.258 	
4276.372 	-3544.156 	-4608.336 	0.418 	-0.358 	-0.471 	
-421.794 	-2309.913 	-900.875 	-0.058 	-0.228 	-0.095 	
-2078.765 	3265.052 	3521.301 	-0.225 	0.330 	0.355 	
2684.514 	474.607 	-3114.375 	0.250 	0.048 	-0.315 	
-1430.134 	3212.059 	1849.426 	-0.165 	0.325 	0.185 	
-2963.445 	-948.581 	-1656.640 	-0.319 	-0.095 	-0.171 	
84.711 	93.694 	901.391 	-0.011 	0.007 	0.086 	
-1535.563 	-1770.304 	2300.221 	-0.175 	-0.177 	0.232 	
-359.127 	2254.904 	858.219 	-0.054 	0.222 	0.089 	
796.941 	-651.053 	-2428.194 	0.059 	-0.068 	-0.242 	
-1614.520 	-1286.440 	3149.562 	-0.179 	-0.125 	0.318 	
3878.496 	-1357.565 	-4081.586 	0.377 	-0.141 	-0.412 	
3840.957 	-140.974 	-3477.812 	0.375 	-0.015 	-0.356 	
1777.522 	119.197 	3797.115 	0.157 	0.013 	0.383 	
-958.029 	-2206.054 	-1702.793 	-0.113 	-0.221 	-0.166 	
1359.296 	-4097.848 	3643.861 	0.121 	-0.409 	0.368 	
-3165.812 	-1608.857 	3600.755 	-0.333 	-0.163 	0.362 	
-1923.481 	-429.084 	-3312.546 	-0.212 	-0.042 	-0.332 	
-396.184 	3372.093 	274.510 	-0.061 	0.342 	0.031 	
1448.229 	1636.887 	-3459.430 	0.130 	0.163 	-0.349 	
2232.261 	2546.933 	-3344.338 	0.211 	0.260 	-0.339 	
-4211.907 	563.209 	2375.443 	-0.441 	0.058 	0.240 	
-2675.920 	-628.594 	3072.941 	-0.288 	-0.069 	0.309 	
-203.031 	2523.138 	1959.232 	-0.042 	0.255 	0.201 	
-523.340 	3907.106 	3574.832 	-0.065 	0.394 	0.362 	
-2704.612 	-1275.290 	3751.653 	-0.294 	-0.130 	0.377 	
2199.584 	2218.920 	-1125.305 	0.202 	0.223 	-0.111 	
-284.974 	-970.579 	1166.038 	-0.051 	-0.094 	0.117 	
-2732.630 	3655.412 	-3326.310 	-0.294 	0.373 	-0.334 	
3453.637 	2956.635 	418.921 	0.337 	0.299 	0.043 	
2926.530 	3550.088 	1289.350 	0.284 	0.358 	0.132 	
-3739.776 	-3679.474 	-1906.923 	-0.399 	-0.375 	-0.193 	
3674.477 	-2378.179 	2373.653 	0.350 	-0.244 	0.241 	
-1288.113 	-627.916 	574.710 	-0.141 	-0.063 	0.056 	
-3281.816 	893.116 	1627.902 	-0.353 	0.091 	0.163 	
-3720.603 	-1338.832 	366.684 	-0.398 	-0.135 	0.038 	
3919.716 	2175.317 	3350.524 	0.381 	0.218 	0.335 	
4070.909 	-1360.269 	-300.909 	0.394 	-0.137 	-0.033 	
936.919 	-3345.229 	-1149.726 	0.083 	-0.336 	-0.116 	
-2256.084 	1757.638 	-1200.924 	-0.241 	0.175 	-0.123 	
-638.337 	-3168.875 	-3550.842 	-0.087 	-0.321 	-0.359 	
-4522.654 	-1511.452 	3393.203 	-0.477 	-0.156 	0.339 	
-3193.231 	736.971 	2177.238 	-0.345 	0.074 	0.218 	
794.050 	-3067.593 	1842.700 	0.059 	-0.311 	0.189 	
-298.284 	-2128.734 	368.727 	-0.046 	-0.210 	0.039 	
-504.719 	-413.537 	-1300.631 	-0.063 	-0.041 	-0.130 	
381.631 	-1629.988 	983.067 	0.016 	-0.160 	0.099 	
-2867.872 	-1965.587 	171.554 	-0.305 	-0.199 	0.022 	
-3982.958 	1714.496 	-604.258 	-0.426 	0.174 	-0.059 	
-3090.957 	-2920.813 	-2473.439 	-0.329 	-0.297 	-0.249 	
4019.840 	-3767.169 	1049.870 	0.393 	-0.383 	0.107 	
-1688.899 	3607.397 	1243.859 	-0.190 	0.362 	0.130 	
-2996.087 	-1218.254 	-148.365 	-0.315 	-0.128 	-0.014 	
3915.033 	-1315.213 	3835.893 	0.379 	-0.135 	0.391 	
689.195 	451.809 	2814.412 	0.055 	0.043 	0.286 	
1150.047 	-798.194 	-2732.640 	0.096 	-0.083 	-0.272 	
-1005.972 	1950.941 	88.533 	-0.121 	0.198 	0.008 	
4339.204 	3888.190 	2291.931 	0.421 	0.395 	0.230 	
-2984.347 	-1570.149 	5245.958 	-0.324 	-0.162 	0.538 	
-3267.626 	837.942 	-2604.064 	-0.343 	0.083 	-0.263 	
-1885.750 	-425.253 	1358.033 	-0.210 	-0.040 	0.136 	
3971.324 	-1860.026 	-3248.805 	0.381 	-0.188 	-0.328 	
-2369.911 	1585.319 	413.508 	-0.256 	0.159 	0.041 	
-1188.283 	2423.107 	217.012 	-0.139 	0.240 	0.022 	
913.456 	602.649 	3519.607 	0.078 	0.066 	0.353 	
-1209.076 	-1961.876 	1279.944 	-0.136 	-0.199 	0.130 	
-2247.994 	2253.995 	1771.945 	-0.241 	0.224 	0.182 	
1669.773 	1426.475 	1127.267 	0.151 	0.142 	0.120 	
-574.237 	-218.388 	1449.958 	-0.079 	-0.021 	0.148 	
3497.644 	-2517.172 	2917.177 	0.334 	-0.253 	0.298 	
1026.314 	3448.803 	-140.513 	0.089 	0.349 	-0.012 	
-2247.303 	1709.347 	2193.066 	-0.242 	0.176 	0.219 	
-3897.231 	-1117.214 	-3314.812 	-0.409 	-0.110 	-0.336 	
3701.176 	1911.860 	2506.864 	0.355 	0.199 	0.252 	
2274.988 	-2671.027 	-1376.012 	0.217 	-0.268 	-0.139 	
-1814.310 	-303.474 	2408.977 	-0.201 	-0.028 	0.237 	
-312.230 	-1763.826 	3876.169 	-0.052 	-0.182 	0.386 	
-619.751 	-3242.533 	3426.220 	-0.081 	-0.331 	0.339 	
-3885.259 	2617.496 	-2779.741 	-0.408 	0.262 	-0.282 	
2897.457 	-785.446 	-528.203 	0.280 	-0.081 	-0.051 	
1275.527 	1856.020 	2005.747 	0.113 	0.192 	0.206 	
-1057.040 	-1487.472 	-2113.368 	-0.124 	-0.155 	-0.209 	
-1631.590 	-802.293 	1129.114 	-0.186 	-0.080 	0.114 	
-3038.760 	411.036 	604.884 	-0.318 	0.041 	0.062 	
2506.722 	-486.581 	-402.306 	0.234 	-0.052 	-0.040 	
2051.034 	-1760.650 	2322.352 	0.196 	-0.177 	0.237 	
-1070.406 	-1764.756 	2635.531 	-0.131 	-0.180 	0.265 	
-4169.006 	18.536 	2907.412 	-0.439 	0.002 	0.293 	
-2357.631 	653.985 	920.930 	-0.260 	0.067 	0.094 	
3607.610 	-2736.861 	-106.848 	0.344 	-0.281 	-0.012 	
-778.336 	819.474 	-2092.693 	-0.098 	0.079 	-0.207 	
-1253.848 	1453.450 	3702.333 	-0.140 	0.144 	0.374 	
2913.429 	-2540.656 	-826.711 	0.278 	-0.256 	-0.082 	
4002.920 	-498.948 	-1882.154 	0.391 	-0.052 	-0.187 	
3423.618 	3396.836 	4397.913 	0.328 	0.343 	0.446 	
3027.689 	-4092.785 	-2107.017 	0.289 	-0.412 	-0.209 	
3388.167 	1185.247 	1243.000 	0.329 	0.119 	0.123 	
4245.398 	-2323.290 	1335.855 	0.417 	-0.235 	0.136 	
463.549 	-3069.230 	2378.597 	0.031 	-0.305 	0.241 	
1157.115 	389.087 	-2972.832 	0.105 	0.039 	-0.300 	
3626.944 	2674.684 	1956.168 	0.346 	0.272 	0.201 	
-1270.830 	-786.946 	46.270 	-0.150 	-0.080 	0.007 	
-2842.078 	180.253 	-2877.269 	-0.306 	0.015 	-0.295 	
456.035 	1934.257 	1405.292 	0.026 	0.197 	0.146 	
-2774.070 	210.110 	2807.092 	-0.297 	0.027 	0.282 	
-1533.089 	-1417.574 	3615.587 	-0.174 	-0.149 	0.362 	
-4055.387 	1977.589 	1099.084 	-0.430 	0.202 	0.112 	
-4089.540 	1946.930 	3344.197 	-0.425 	0.196 	0.340 	
-1413.768 	-541.815 	2880.802 	-0.161 	-0.052 	0.288 	
3971.776 	-2765.956 	-3318.232 	0.382 	-0.280 	-0.340 	
400.180 	-4027.974 	4043.561 	0.019 	-0.409 	0.409 	
-2134.642 	2123.681 	748.132 	-0.231 	0.214 	0.075 	
-3742.119 	1451.879 	3047.241 	-0.391 	0.146 	0.309 	
-2913.026 	-21.399 	2372.205 	-0.305 	-0.000 	0.239 	
79.554 	1844.543 	2437.429 	-0.014 	0.183 	0.247 	
831.776 	-1215.369 	-403.348 	0.072 	-0.122 	-0.039 	
841.638 	516.777 	587.704 	0.066 	0.047 	0.059 	
-1274.883 	-3007.979 	1397.423 	-0.142 	-0.307 	0.140 	
1106.106 	-772.912 	1244.806 	0.095 	-0.079 	0.123 	
2732.982 	1098.097 	2183.902 	0.263 	0.112 	0.216 	
1608.061 	425.642 	-2320.380 	0.143 	0.043 	-0.234 	
756.055 	233.893 	-1231.912 	0.058 	0.025 	-0.125 	
-4335.834 	-3030.028 	4157.776 	-0.459 	-0.308 	0.424 	
-2714.608 	3709.173 	2428.746 	-0.293 	0.373 	0.249 	
-1556.749 	-3490.479 	2917.549 	-0.173 	-0.351 	0.294 	
-806.218 	-877.722 	2724.121 	-0.100 	-0.093 	0.271 	
-1228.558 	-738.117 	-953.682 	-0.147 	-0.076 	-0.098 	
4429.548 	1474.452 	4046.240 	0.434 	0.151 	0.409 	
-1025.881 	-3580.511 	-3557.477 	-0.116 	-0.362 	-0.360 	
1701.800 	4195.202 	-570.858 	0.155 	0.427 	-0.060 	
1168.104 	4295.702 	-3984.863 	0.105 	0.436 	-0.401 	
-654.609 	2812.229 	1598.001 	-0.082 	0.286 	0.162 	
-1589.083 	2599.978 	-420.418 	-0.178 	0.261 	-0.047 	
491.887 	1623.960 	-4578.707 	0.033 	0.162 	-0.468 	
-1708.475 	520.940 	-1169.024 	-0.186 	0.054 	-0.116 	
-72.458 	322.898 	-2610.716 	-0.022 	0.032 	-0.266 	
3085.419 	2457.147 	-1169.170 	0.300 	0.247 	-0.118 	
-3905.065 	2599.027 	-2625.784 	-0.414 	0.265 	-0.271 	
3750.111 	3723.990 	2328.213 	0.369 	0.376 	0.236 	
-2882.007 	2541.867 	2704.004 	-0.311 	0.255 	0.277 	
1246.918 	1352.394 	2932.387 	0.105 	0.133 	0.296 	
-4439.882 	2618.854 	-2318.130 	-0.469 	0.267 	-0.236 	
-2411.802 	3680.470 	-1300.296 	-0.258 	0.370 	-0.128 	
-2495.593 	1647.397 	1267.282 	-0.265 	0.164 	0.132 	
-526.013 	-1347.710 	1970.565 	-0.081 	-0.139 	0.195 	
-79.780 	-1592.308 	-3512.784 	-0.025 	-0.155 	-0.354 	
-3954.377 	-1193.557 	-2009.605 	-0.412 	-0.122 	-0.206 	
2633.731 	442.824 	-543.979 	0.251 	0.046 	-0.049 	
2901.919 	-63.502 	-371.919 	0.274 	-0.009 	-0.032 	
-1763.033 	-764.319 	3496.258 	-0.198 	-0.079 	0.350 	
3490.537 	-2407.394 	-2349.292 	0.338 	-0.240 	-0.241 	
1278.473 	-462.307 	1968.673 	0.110 	-0.045 	0.198 	
4216.663 	-3758.531 	-2313.937 	0.414 	-0.377 	-0.237 	
1242.210 	-2775.024 	379.784 	0.109 	-0.279 	0.035 	
-1155.720 	-3557.945 	207.548 	-0.135 	-0.360 	0.021 	
1097.722 	3390.696 	-484.230 	0.097 	0.337 	-0.048 	
2282.164 	-659.093 	-756.897 	0.212 	-0.062 	-0.074 	
-1593.856 	-573.708 	188.478 	-0.175 	-0.061 	0.021 	
-642.397 	2601.376 	-645.200 	-0.087 	0.264 	-0.065 	
2302.867 	-3092.637 	-3993.133 	0.220 	-0.315 	-0.407 	
-3419.568 	2864.165 	1059.777 	-0.365 	0.289 	0.113 	
-822.250 	-1781.241 	2640.097 	-0.104 	-0.177 	0.261 	
1659.222 	2269.277 	-132.701 	0.145 	0.229 	-0.015 	
2660.706 	3639.375 	-3228.236 	0.251 	0.371 	-0.325 	
-3663.524 	607.152 	86.164 	-0.388 	0.057 	0.012 	
2637.469 	2083.855 	658.424 	0.249 	0.207 	0.070 	
-4335.328 	3957.736 	4098.391 	-0.459 	0.398 	0.417 	
610.949 	675.006 	1490.755 	0.048 	0.068 	0.147 	
2145.797 	-1046.366 	-400.042 	0.197 	-0.108 	-0.038 	
3440.203 	2139.857 	3169.533 	0.327 	0.217 	0.320 	
-673.507 	-533.327 	-438.886 	-0.089 	-0.057 	-0.039 	
3592.015 	-3067.665 	-3077.583 	0.350 	-0.310 	-0.315 	
2882.197 	-97.943 	-1546.537 	0.274 	-0.009 	-0.157 	
-3626.878 	-3484.414 	-504.616 	-0.384 	-0.351 	-0.046 	
-3246.648 	3650.663 	3675.585 	-0.347 	0.374 	0.369 	
2311.370 	-4403.042 	2737.819 	0.216 	-0.451 	0.277 	
2548.945 	-2728.206 	-425.992 	0.239 	-0.275 	-0.039 	
4204.776 	-3754.766 	3704.433 	0.414 	-0.380 	0.374 	
-1787.692 	-711.160 	-1550.198 	-0.197 	-0.070 	-0.154 	
4537.287 	3717.451 	2369.330 	0.447 	0.378 	0.237 	
2050.685 	1846.957 	-1736.003 	0.185 	0.186 	-0.177 	
-10.214 	3215.524 	-1159.986 	-0.016 	0.327 	-0.115 	
-4490.065 	821.281 	-1583.931 	-0.475 	0.083 	-0.157 	
-4986.112 	3699.172 	6074.578 	-0.521 	0.378 	0.616 	
1451.437 	-777.417 	3263.054 	0.135 	-0.078 	0.327 	
-2171.137 	-863.778 	-1136.196 	-0.241 	-0.086 	-0.113 	
-4002.215 	1572.043 	3186.648 	-0.417 	0.160 	0.321 	
-1928.993 	1957.032 	-2245.566 	-0.211 	0.198 	-0.232 	
-137.119 	461.240 	-730.266 	-0.027 	0.043 	-0.074 	
-3749.856 	-549.662 	-1889.486 	-0.399 	-0.054 	-0.191 	
28.933 	-1171.296 	-638.061 	-0.014 	-0.121 	-0.066 	
4174.673 	-487.793 	-310.039 	0.406 	-0.049 	-0.035 	
-926.523 	1076.415 	755.193 	-0.114 	0.107 	0.082 	
1644.073 	-3104.246 	-394.664 	0.144 	-0.312 	-0.042 	
2717.559 	-3630.593 	-1717.952 	0.260 	-0.365 	-0.178 	
-2252.068 	-2445.659 	1626.499 	-0.240 	-0.248 	0.163 	
-904.786 	2443.438 	3159.690 	-0.109 	0.244 	0.318 	
2082.121 	4078.507 	2704.583 	0.194 	0.417 	0.273 	
-4495.143 	2104.791 	-488.374 	-0.472 	0.217 	-0.051 	
-496.286 	81.159 	-2806.152 	-0.068 	0.005 	-0.281 	
-2039.954 	1383.213 	-3740.980 	-0.222 	0.136 	-0.376 	
-3722.418 	-1145.173 	533.805 	-0.396 	-0.120 	0.054 	
1738.363 	1484.022 	1420.235 	0.159 	0.151 	0.139 	
779.061 	-844.764 	-3102.370 	0.058 	-0.087 	-0.312 	
679.865 	2941.922 	1490.703 	0.053 	0.295 	0.150 	
31.177 	1147.729 	2116.228 	-0.015 	0.119 	0.211 	
-1814.054 	-2588.242 	2728.460 	-0.200 	-0.260 	0.277 	
-102.970 	-500.351 	-1381.174 	-0.030 	-0.051 	-0.136 	
-1165.313 	3865.378 	2427.587 	-0.139 	0.386 	0.248 	
-2273.640 	886.366 	-251.179 	-0.244 	0.087 	-0.021 	
-3726.135 	-2171.227 	359.552 	-0.399 	-0.218 	0.036 	
2743.417 	-1529.680 	-4218.593 	0.263 	-0.154 	-0.428 	
-3565.543 	4698.313 	-2026.279 	-0.381 	0.480 	-0.203 	
-1688.755 	1849.228 	-3849.034 	-0.183 	0.188 	-0.389 	
2820.789 	-1808.128 	-630.174 	0.267 	-0.178 	-0.061 	
314.875 	826.371 	-699.207 	0.012 	0.086 	-0.070 	
-1225.225 	3378.174 	-1631.057 	-0.144 	0.341 	-0.164 	
-1027.137 	482.649 	2722.029 	-0.123 	0.051 	0.272 	
-3174.763 	-2999.531 	3665.277 	-0.343 	-0.301 	0.371 	
1872.438 	2774.513 	2590.419 	0.175 	0.275 	0.262 	
433.979 	2577.601 	3441.011 	0.030 	0.259 	0.350 	
1331.598 	1791.394 	-2222.228 	0.115 	0.176 	-0.224 	
2458.624 	2154.795 	-3692.739 	0.232 	0.217 	-0.376 	
228.748 	-1612.618 	-3160.825 	0.005 	-0.167 	-0.319 	
-3171.131 	2063.867 	-1414.286 	-0.342 	0.206 	-0.141 	
1931.434 	173.057 	-11.624 	0.180 	0.019 	0.001 	
-3464.204 	3315.192 	227.812 	-0.378 	0.331 	0.031 	
-1701.184 	-3107.032 	-1353.090 	-0.189 	-0.312 	-0.138 	
678.481 	-2023.505 	-3184.895 	0.046 	-0.206 	-0.322 	
-939.900 	-1050.432 	2531.173 	-0.117 	-0.105 	0.256 	
-348.828 	-3769.337 	1726.426 	-0.051 	-0.382 	0.177 	
2602.025 	1945.158 	-2795.058 	0.251 	0.195 	-0.282 	
265.073 	2336.503 	-2213.270 	0.010 	0.239 	-0.227 	
-85.978 	2867.964 	-2428.272 	-0.030 	0.289 	-0.243 	
-2223.919 	2900.123 	-1681.405 	-0.238 	0.294 	-0.170 	
-4352.089 	-1575.845 	515.517 	-0.458 	-0.162 	0.055 	
-2639.337 	-1200.054 	-2181.632 	-0.278 	-0.123 	-0.219 	
4424.540 	-2600.350 	3811.908 	0.431 	-0.263 	0.383 	
-4146.966 	1889.628 	-672.114 	-0.438 	0.194 	-0.067 	
-553.584 	-1379.138 	2033.961 	-0.069 	-0.141 	0.203 	
-1190.297 	-1407.935 	-2849.796 	-0.134 	-0.143 	-0.283 	
-1869.375 	-3829.960 	3540.549 	-0.208 	-0.386 	0.357 	
-562.326 	-1383.503 	2008.273 	-0.082 	-0.128 	0.206 	
230.848 	-3794.156 	866.695 	0.009 	-0.385 	0.088 	
-1367.981 	-582.570 	257.952 	-0.161 	-0.061 	0.027 	
-1523.329 	-1324.644 	-1394.543 	-0.172 	-0.136 	-0.137 	
-962.310 	-1523.174 	1914.948 	-0.092 	-0.136 	0.163 	
1431.984 	-3464.170 	2123.113 	0.130 	-0.354 	0.214 	
-2456.995 	-713.028 	2149.206 	-0.260 	-0.075 	0.217 	
3779.661 	2013.745 	-3219.656 	0.371 	0.205 	-0.327 	
-709.076 	2145.187 	3751.193 	-0.090 	0.213 	0.376 	
1270.382 	3194.615 	2539.248 	0.116 	0.321 	0.256 	
2470.297 	2753.896 	1717.798 	0.237 	0.280 	0.174 	
1971.193 	-2303.554 	796.079 	0.182 	-0.228 	0.082 	
-1729.794 	-633.786 	-2677.043 	-0.195 	-0.061 	-0.266 	
-2413.549 	2499.432 	1475.969 	-0.256 	0.252 	0.152 	
342.075 	-1487.071 	2472.692 	0.013 	-0.151 	0.250 	
1181.578 	-2865.245 	2066.199 	0.102 	-0.294 	0.210 	
-1328.750 	-2741.075 	256.399 	-0.154 	-0.270 	0.026 	
402.072 	-2474.629 	-522.105 	0.020 	-0.250 	-0.056 	
-419.838 	-2478.492 	-1118.364 	-0.065 	-0.247 	-0.111 	
3245.497 	-574.364 	-3277.734 	0.312 	-0.058 	-0.330 	
1581.744 	874.724 	3899.433 	0.138 	0.090 	0.395 	
-2980.115 	1859.757 	2550.118 	-0.317 	0.189 	0.261 	
4171.018 	-2295.747 	3894.522 	0.410 	-0.231 	0.398 	
-2794.584 	1385.341 	597.047 	-0.296 	0.141 	0.058 	
187.439 	650.948 	3456.512 	0.002 	0.070 	0.347 	
-4374.428 	1933.513 	2627.504 	-0.460 	0.201 	0.266 	
-1606.739 	-2641.914 	768.888 	-0.181 	-0.271 	0.078 	
1968.277 	-393.485 	-2215.477 	0.185 	-0.037 	-0.225 	
-1566.010 	-3717.391 	4290.465 	-0.176 	-0.377 	0.439 	
-3463.458 	3313.267 	247.624 	-0.367 	0.339 	0.018 	
718.424 	-3937.559 	-3614.862 	0.055 	-0.396 	-0.364 	
-4331.229 	-1036.368 	-3876.957 	-0.451 	-0.106 	-0.392 	
-2133.931 	1.255 	-2438.565 	-0.238 	-0.001 	-0.246 	
-43.214 	209.329 	-374.754 	-0.019 	0.019 	-0.038 	
-4368.648 	-1075.523 	4075.986 	-0.460 	-0.113 	0.414 	
-1504.935 	-185.113 	-231.342 	-0.168 	-0.023 	-0.017 	
3676.683 	-2088.064 	2426.266 	0.356 	-0.215 	0.249 	
-3944.441 	-3019.194 	-3137.634 	-0.418 	-0.304 	-0.315 	
-3691.159 	1082.629 	-30.279 	-0.384 	0.108 	-0.003 	
661.968 	1323.545 	-3869.757 	0.053 	0.137 	-0.392 	
-2738.589 	947.446 	1836.874 	-0.290 	0.091 	0.187 	
3884.902 	-3850.004 	2783.701 	0.373 	-0.393 	0.282 	
-1288.511 	2305.120 	-2691.873 	-0.143 	0.230 	-0.273 	
-4373.729 	332.487 	2224.308 	-0.459 	0.033 	0.227 	
1589.402 	-3073.811 	3448.088 	0.141 	-0.310 	0.351 	
-4291.108 	2863.084 	-399.022 	-0.451 	0.289 	-0.043 	
-4014.513 	1699.352 	1397.754 	-0.419 	0.169 	0.146 	
596.811 	-2964.557 	804.063 	0.047 	-0.302 	0.081 	
-1569.019 	-3043.352 	1869.830 	-0.175 	-0.311 	0.192 	
820.968 	-2206.052 	-3613.264 	0.071 	-0.226 	-0.362 	
-3452.411 	-2025.524 	1810.360 	-0.364 	-0.202 	0.183 	
-4306.467 	-1597.653 	-2040.309 	-0.456 	-0.163 	-0.208 	
2215.926 	-3760.454 	-3501.319 	0.209 	-0.384 	-0.353 	
-3901.718 	-2558.040 	-3034.931 	-0.412 	-0.260 	-0.312 	
894.274 	-1195.768 	-267.548 	0.072 	-0.120 	-0.026 	
1892.558 	3645.872 	1838.791 	0.172 	0.369 	0.183 	
3232.547 	932.986 	2248.115 	0.307 	0.093 	0.230 	
1700.504 	-2140.783 	-2464.590 	0.157 	-0.221 	-0.246 	
4125.434 	-3699.768 	3195.020 	0.398 	-0.375 	0.327 	
-3994.155 	-1819.051 	-698.960 	-0.423 	-0.184 	-0.072 	
-2431.277 	3751.383 	1830.610 	-0.267 	0.378 	0.189 	
-1365.325 	2325.348 	3419.831 	-0.157 	0.231 	0.348 	
2232.864 	662.001 	3039.355 	0.209 	0.068 	0.307 	
-719.385 	-3167.194 	3398.470 	-0.090 	-0.317 	0.343 	
-3257.741 	2158.694 	1483.715 	-0.344 	0.221 	0.149 	
2481.683 	3237.608 	306.610 	0.236 	0.329 	0.033 	
-2263.891 	-1600.209 	-1610.257 	-0.242 	-0.165 	-0.163 	
-561.727 	-2628.992 	3312.841 	-0.076 	-0.270 	0.332 	
3042.864 	509.163 	561.139 	0.289 	0.049 	0.062 	
-3992.013 	-4007.867 	2549.607 	-0.418 	-0.408 	0.257 	
-1530.059 	-1306.020 	-1091.150 	-0.167 	-0.127 	-0.112 	
2906.829 	-3079.386 	885.643 	0.277 	-0.309 	0.093 	
-601.241 	2029.688 	1083.644 	-0.081 	0.200 	0.108 	
-1028.588 	-1651.441 	-416.893 	-0.123 	-0.162 	-0.044 	
1919.109 	218.628 	-2167.143 	0.175 	0.022 	-0.215 	
-3517.523 	3513.914 	2411.954 	-0.376 	0.357 	0.240 	
3909.351 	-3422.180 	479.462 	0.381 	-0.348 	0.052 	
3360.727 	-142.617 	2634.868 	0.326 	-0.015 	0.268 	
802.657 	3448.962 	-55.878 	0.061 	0.352 	-0.007 	
545.162 	933.706 	2172.131 	0.043 	0.091 	0.216 	
-4426.456 	2707.704 	3557.685 	-0.469 	0.272 	0.361 	
-3280.180 	-1101.778 	1464.854 	-0.344 	-0.114 	0.149 	
3363.158 	673.457 	-925.139 	0.318 	0.067 	-0.095 	
-2324.913 	-743.880 	-3205.963 	-0.247 	-0.075 	-0.322 	
