## Las primeras 500 lineas corresponden a la esfera 1 
##las siguienets 500 lineas a la esfera 2
## Las primeras tres columnas corresponden a la posición en 'x', 'y' y 'z', las siguientes tres a las velocidades
-55.263 	-2451.663 	259.752 	-0.010 	-0.244 	0.028 	
820.175 	-760.741 	-16.332 	0.086 	-0.077 	-0.002 	
943.327 	3132.375 	2090.682 	0.098 	0.314 	0.206 	
-2973.668 	3282.166 	2170.512 	-0.303 	0.332 	0.221 	
-579.032 	-660.908 	3076.760 	-0.054 	-0.066 	0.313 	
3320.112 	2114.763 	3727.680 	0.342 	0.215 	0.374 	
3400.770 	-1693.061 	-3318.486 	0.345 	-0.169 	-0.336 	
-3190.678 	-1803.847 	1187.745 	-0.321 	-0.177 	0.123 	
2756.830 	899.870 	1839.348 	0.276 	0.095 	0.185 	
1050.724 	990.205 	1471.640 	0.105 	0.098 	0.151 	
2791.975 	-219.365 	150.452 	0.278 	-0.021 	0.013 	
-584.623 	-2548.702 	430.329 	-0.056 	-0.256 	0.045 	
599.203 	-1811.185 	278.466 	0.067 	-0.181 	0.029 	
2011.026 	2895.594 	2782.060 	0.198 	0.292 	0.279 	
-138.966 	2437.344 	-3896.053 	-0.014 	0.247 	-0.393 	
-1380.036 	-222.000 	20.272 	-0.139 	-0.018 	0.003 	
-1580.324 	3133.797 	-1289.633 	-0.162 	0.313 	-0.131 	
326.181 	1748.613 	-3526.746 	0.032 	0.171 	-0.358 	
-4643.158 	-3406.357 	-1960.298 	-0.474 	-0.341 	-0.200 	
1602.736 	-4001.375 	-3447.563 	0.158 	-0.405 	-0.349 	
400.567 	-3682.542 	4454.713 	0.042 	-0.367 	0.452 	
309.626 	1367.617 	3818.333 	0.030 	0.137 	0.380 	
-989.766 	-1721.998 	862.047 	-0.099 	-0.168 	0.085 	
-3215.798 	-2543.127 	1158.662 	-0.321 	-0.253 	0.115 	
2280.319 	-1594.100 	2571.329 	0.233 	-0.161 	0.256 	
-1455.515 	-19.788 	3405.874 	-0.141 	-0.001 	0.341 	
281.758 	-2057.044 	-119.427 	0.032 	-0.203 	-0.010 	
889.513 	-3839.684 	2833.684 	0.088 	-0.392 	0.286 	
-3264.997 	3302.736 	866.209 	-0.325 	0.332 	0.088 	
-1822.622 	-2840.591 	2290.705 	-0.180 	-0.284 	0.233 	
-1163.574 	-1970.098 	-3362.151 	-0.116 	-0.196 	-0.339 	
1587.615 	2621.411 	3203.122 	0.158 	0.261 	0.323 	
3221.165 	-1207.932 	2984.331 	0.325 	-0.121 	0.302 	
-2040.504 	2189.724 	285.643 	-0.199 	0.219 	0.030 	
340.004 	-1163.924 	-3625.589 	0.034 	-0.121 	-0.360 	
623.427 	-460.658 	401.084 	0.068 	-0.043 	0.041 	
-1557.194 	-3127.055 	-3606.626 	-0.158 	-0.313 	-0.369 	
-1474.370 	-3846.078 	2896.885 	-0.143 	-0.387 	0.292 	
-1483.008 	-329.700 	2093.422 	-0.151 	-0.031 	0.213 	
2493.087 	-3947.904 	2871.472 	0.251 	-0.398 	0.292 	
4271.946 	1537.891 	-178.551 	0.431 	0.150 	-0.019 	
770.223 	-953.394 	310.407 	0.079 	-0.091 	0.029 	
1402.688 	644.961 	2949.611 	-0.819 	1.051 	1.330 	
-202.390 	-2730.642 	-1767.213 	-0.025 	-0.275 	-0.177 	
707.234 	-796.732 	2716.268 	0.075 	-0.081 	0.276 	
393.848 	703.530 	-1265.446 	0.044 	0.072 	-0.124 	
4085.484 	289.025 	81.002 	0.412 	0.029 	0.023 	
-967.344 	3828.392 	-1019.891 	-0.097 	0.387 	-0.104 	
948.589 	-1115.016 	-1458.547 	0.100 	-0.114 	-0.145 	
3553.869 	2323.139 	1128.836 	0.359 	0.238 	0.114 	
-3233.092 	-1224.507 	-2673.353 	-0.323 	-0.126 	-0.273 	
1832.054 	-313.613 	1826.929 	0.180 	-0.031 	0.180 	
4023.028 	-1853.103 	-3932.503 	0.410 	-0.192 	-0.397 	
-272.072 	2485.859 	75.595 	-0.022 	0.249 	0.011 	
-2898.534 	3093.937 	2263.995 	-0.295 	0.310 	0.227 	
-617.510 	-3757.520 	1927.685 	-0.060 	-0.382 	0.197 	
-1523.383 	-71.143 	-2376.981 	-0.148 	-0.009 	-0.242 	
177.828 	-3312.493 	-1159.068 	0.022 	-0.333 	-0.118 	
-3887.521 	2794.071 	3333.340 	-0.394 	0.285 	0.339 	
2262.294 	3461.973 	1358.780 	0.230 	0.346 	0.133 	
-1057.602 	3772.051 	990.490 	-0.111 	0.381 	0.099 	
1495.666 	2198.552 	-1300.918 	0.154 	0.219 	-0.130 	
-3028.352 	4063.105 	1605.756 	-0.310 	0.412 	0.163 	
2686.909 	804.873 	-1348.968 	0.271 	0.085 	-0.135 	
3277.327 	-3738.750 	-3777.450 	0.337 	-0.377 	-0.380 	
4667.271 	-1544.469 	-3877.315 	0.477 	-0.155 	-0.392 	
2995.082 	-2164.639 	-3379.324 	0.309 	-0.219 	-0.342 	
-4276.203 	4687.462 	-1364.709 	-0.435 	0.479 	-0.141 	
4639.207 	2153.085 	2768.642 	0.474 	0.218 	0.278 	
-661.065 	1277.348 	1666.898 	-0.067 	0.120 	0.169 	
3063.235 	1088.905 	1167.814 	0.312 	0.106 	0.115 	
1299.774 	-181.460 	1415.074 	0.136 	-0.016 	0.142 	
-74.640 	2380.697 	-3938.121 	-0.009 	0.239 	-0.395 	
-1036.006 	-2976.213 	-1188.048 	-0.106 	-0.299 	-0.118 	
-1841.397 	1533.331 	2392.450 	-0.191 	0.154 	0.239 	
1770.929 	-518.502 	-915.928 	0.178 	-0.052 	-0.085 	
-113.283 	-870.045 	-2775.406 	-0.012 	-0.082 	-0.280 	
3479.484 	2051.648 	-3296.093 	0.354 	0.208 	-0.337 	
427.527 	-736.855 	-1544.019 	0.041 	-0.072 	-0.157 	
-26.889 	-997.912 	3322.635 	-0.000 	-0.103 	0.334 	
-626.522 	3025.517 	966.392 	-0.067 	0.300 	0.098 	
858.731 	-1584.425 	-1064.061 	0.082 	-0.157 	-0.104 	
1954.313 	2524.508 	3246.985 	0.195 	0.257 	0.327 	
-847.486 	-2597.368 	3334.565 	-0.087 	-0.259 	0.338 	
2600.654 	-1340.398 	-653.754 	0.265 	-0.131 	-0.069 	
-2341.348 	-3304.625 	-3210.770 	-0.233 	-0.332 	-0.322 	
2470.412 	-778.349 	-1614.266 	0.252 	-0.070 	-0.169 	
-2603.521 	-2747.439 	2961.986 	-0.268 	-0.277 	0.300 	
-3516.862 	-3485.913 	2306.311 	-0.351 	-0.352 	0.235 	
-3179.038 	-1440.613 	-315.574 	-0.317 	-0.149 	-0.028 	
4210.192 	1967.894 	2970.341 	0.425 	0.204 	0.299 	
99.845 	1650.242 	3013.430 	0.009 	0.169 	0.304 	
317.729 	-740.314 	293.831 	0.035 	-0.077 	0.031 	
-476.509 	-3612.030 	-1462.405 	-0.045 	-0.366 	-0.144 	
3458.502 	-2276.988 	3426.781 	0.349 	-0.227 	0.345 	
-1289.323 	2249.788 	-3609.262 	-0.124 	0.235 	-0.365 	
3507.489 	863.691 	2236.253 	0.357 	0.086 	0.225 	
3774.376 	858.378 	-2483.061 	0.385 	0.087 	-0.250 	
4298.209 	3352.336 	529.462 	0.440 	0.337 	0.054 	
2276.329 	-1833.867 	2294.444 	0.225 	-0.188 	0.229 	
-2690.527 	3523.780 	1983.896 	-0.271 	0.351 	0.203 	
-4435.845 	-3160.496 	-1336.144 	-0.452 	-0.318 	-0.131 	
1196.506 	-4121.920 	2361.180 	0.122 	-0.418 	0.238 	
-1778.570 	-378.955 	3136.777 	-0.178 	-0.034 	0.319 	
2272.941 	-957.726 	1235.264 	0.234 	-0.097 	0.127 	
-3710.451 	1886.344 	3416.344 	-0.371 	0.191 	0.342 	
-3722.294 	-2571.548 	2453.925 	-0.379 	-0.258 	0.250 	
-4332.465 	4551.173 	-1836.751 	-0.441 	0.464 	-0.186 	
2686.813 	-1764.738 	161.325 	0.268 	-0.180 	0.020 	
4580.504 	-437.145 	-1424.956 	0.466 	-0.047 	-0.140 	
-1097.088 	-401.544 	2251.181 	-0.109 	-0.042 	0.229 	
961.020 	-1347.288 	2017.747 	0.092 	-0.136 	0.203 	
1767.780 	-33.841 	635.385 	0.174 	-0.007 	0.062 	
-706.001 	3875.381 	-1388.431 	-0.074 	0.388 	-0.136 	
-2636.906 	3583.763 	3612.300 	-0.267 	0.362 	0.367 	
-386.689 	3860.862 	3726.850 	-0.037 	0.392 	0.376 	
1166.969 	-4013.056 	-655.541 	0.116 	-0.405 	-0.061 	
-4235.115 	-1253.745 	3998.546 	-0.426 	-0.130 	0.402 	
2891.675 	-1785.818 	-1463.142 	0.291 	-0.184 	-0.143 	
-330.612 	2821.349 	546.453 	-0.038 	0.282 	0.058 	
-1958.876 	444.161 	2497.651 	-0.195 	0.045 	0.256 	
2270.359 	-3184.930 	-1424.825 	0.230 	-0.324 	-0.144 	
1829.135 	-534.219 	-3002.492 	0.184 	-0.048 	-0.303 	
3680.357 	-1691.876 	3807.049 	0.368 	-0.172 	0.385 	
-4083.437 	1368.859 	2011.824 	-0.415 	0.136 	0.202 	
1134.429 	-467.514 	-1430.669 	0.110 	-0.044 	-0.141 	
-4198.561 	-2684.594 	-1568.375 	-0.423 	-0.270 	-0.154 	
-4493.469 	-4129.284 	1675.333 	-0.459 	-0.417 	0.168 	
-3264.227 	1697.750 	-3947.735 	-0.330 	0.173 	-0.394 	
-3449.078 	-3651.109 	1389.975 	-0.344 	-0.370 	0.140 	
-398.890 	-2415.566 	1917.478 	-0.044 	-0.242 	0.195 	
-964.036 	3110.055 	-1787.473 	-0.099 	0.315 	-0.183 	
-2441.168 	1994.446 	24.059 	-0.247 	0.198 	0.002 	
36.777 	1125.385 	-3472.999 	0.000 	0.110 	-0.348 	
4308.553 	-3953.962 	367.257 	0.433 	-0.398 	0.034 	
-543.101 	-3080.865 	-1631.442 	-0.051 	-0.310 	-0.169 	
438.979 	-2404.457 	1057.809 	0.041 	-0.242 	0.102 	
-2822.139 	-3676.349 	2884.882 	-0.280 	-0.373 	0.293 	
3377.259 	-1607.806 	-1670.003 	0.341 	-0.160 	-0.168 	
1511.771 	-2997.648 	926.415 	0.158 	-0.301 	0.096 	
-2874.814 	-1825.856 	-2309.538 	-0.285 	-0.186 	-0.232 	
3736.040 	-1077.860 	-1008.868 	0.371 	-0.106 	-0.102 	
-2579.701 	3860.924 	950.923 	-0.262 	0.387 	0.099 	
-3109.251 	-3245.871 	537.392 	-0.315 	-0.327 	0.057 	
-1010.439 	1167.650 	1433.794 	-0.105 	0.113 	0.144 	
2369.845 	-511.552 	3329.856 	0.238 	-0.051 	0.331 	
-1743.305 	-198.375 	-1405.353 	-0.173 	-0.016 	-0.141 	
-66.769 	1998.983 	2986.729 	-0.009 	0.200 	0.296 	
3593.352 	-3369.227 	-3929.554 	0.359 	-0.341 	-0.398 	
-274.844 	2773.169 	-1997.507 	-0.024 	0.276 	-0.202 	
3605.027 	-3893.243 	962.751 	0.365 	-0.392 	0.093 	
-2771.714 	-1079.893 	2427.735 	-0.275 	-0.106 	0.244 	
949.822 	2125.369 	4166.815 	0.094 	0.210 	0.421 	
-4213.932 	-4126.310 	-1574.150 	-0.426 	-0.416 	-0.161 	
-3558.732 	-196.547 	-4004.960 	-0.360 	-0.017 	-0.405 	
-375.938 	-1680.037 	-1427.337 	-0.043 	-0.170 	-0.143 	
3996.226 	-890.472 	2842.078 	0.413 	-0.089 	0.283 	
-3745.598 	-1936.100 	3706.005 	-0.379 	-0.198 	0.373 	
-1806.421 	-2937.194 	4155.523 	-0.180 	-0.298 	0.422 	
441.450 	-2903.806 	2436.753 	0.044 	-0.294 	0.247 	
4058.874 	-3347.413 	3077.688 	0.415 	-0.339 	0.313 	
-1254.649 	747.287 	774.947 	-0.123 	0.076 	0.075 	
-1441.959 	-88.848 	2352.404 	-0.155 	-0.001 	0.246 	
2044.557 	307.498 	-129.229 	0.210 	0.033 	-0.009 	
204.637 	-1488.199 	798.687 	0.019 	-0.149 	0.078 	
-1540.024 	-36.692 	-503.796 	-0.157 	-0.003 	-0.047 	
-1421.126 	2301.375 	-2028.722 	-0.142 	0.232 	-0.205 	
4586.665 	-1009.101 	-272.134 	0.464 	-0.107 	-0.027 	
1324.081 	-116.199 	-435.201 	0.134 	-0.016 	-0.039 	
1533.047 	-871.432 	-862.300 	0.150 	-0.091 	-0.081 	
-2580.016 	775.599 	4340.092 	-0.259 	0.078 	0.439 	
2534.510 	1654.243 	170.637 	0.262 	0.163 	0.019 	
-3745.527 	719.912 	1586.887 	-0.379 	0.070 	0.159 	
1023.486 	-273.147 	-1232.672 	0.101 	-0.032 	-0.124 	
-4332.020 	-1918.625 	3641.349 	-0.441 	-0.194 	0.367 	
-3365.048 	-1268.176 	-252.601 	-0.339 	-0.126 	-0.023 	
-1681.562 	-930.102 	-934.957 	-0.168 	-0.094 	-0.096 	
2626.523 	2340.347 	3273.358 	0.266 	0.237 	0.325 	
816.193 	-791.541 	3340.437 	0.084 	-0.079 	0.338 	
3928.904 	2465.319 	4252.758 	0.396 	0.253 	0.432 	
3388.415 	3094.767 	3431.005 	0.342 	0.314 	0.352 	
3640.611 	-3107.434 	-3158.195 	0.366 	-0.315 	-0.317 	
2699.547 	3773.137 	205.872 	0.278 	0.380 	0.020 	
-1891.238 	182.402 	1072.944 	-0.193 	0.016 	0.112 	
-742.329 	305.111 	-2423.905 	-0.072 	0.032 	-0.248 	
-598.297 	1733.159 	1910.435 	-0.065 	0.174 	0.192 	
-4256.553 	-3763.542 	2343.542 	-0.431 	-0.377 	0.242 	
-1660.578 	1336.380 	-1497.821 	-0.167 	0.136 	-0.148 	
-1155.949 	-3532.399 	-2714.933 	-0.117 	-0.353 	-0.275 	
-1922.452 	-3449.690 	-2080.202 	-0.189 	-0.347 	-0.210 	
313.338 	-3786.390 	-3120.566 	0.031 	-0.380 	-0.313 	
3394.368 	1356.255 	272.125 	0.347 	0.137 	0.030 	
3736.322 	-307.096 	-2591.851 	0.377 	-0.032 	-0.258 	
-1585.988 	569.418 	226.249 	-0.154 	0.056 	0.027 	
-1726.299 	1833.665 	1002.903 	-0.179 	0.183 	0.102 	
3823.691 	-1760.151 	-43.687 	0.384 	-0.181 	-0.008 	
-2214.186 	1451.845 	-3993.584 	-0.225 	0.145 	-0.404 	
3947.381 	-283.198 	2535.701 	0.396 	-0.024 	0.258 	
875.486 	1346.948 	1143.152 	0.094 	0.137 	0.118 	
2474.424 	-772.465 	-1576.461 	0.250 	-0.085 	-0.154 	
-2395.389 	2999.216 	706.008 	-0.241 	0.298 	0.073 	
16.070 	-2965.798 	1800.830 	0.006 	-0.294 	0.180 	
-347.512 	-314.445 	-3199.905 	-0.030 	-0.031 	-0.320 	
-1178.815 	178.666 	673.906 	-0.120 	0.019 	0.068 	
-422.002 	-3393.567 	-3449.587 	-0.041 	-0.339 	-0.351 	
-894.805 	-1476.837 	3480.997 	-0.088 	-0.150 	0.344 	
4344.135 	-613.881 	-3108.806 	0.441 	-0.066 	-0.313 	
-914.163 	601.920 	-622.009 	-0.090 	0.058 	-0.060 	
3638.152 	-3750.609 	3462.954 	0.372 	-0.377 	0.350 	
-1228.446 	-1269.158 	1170.505 	-0.123 	-0.123 	0.117 	
-1100.062 	-94.501 	3531.776 	-0.108 	-0.006 	0.355 	
872.517 	1856.048 	396.777 	0.094 	0.186 	0.041 	
-3941.464 	4083.121 	-2955.909 	-0.401 	0.413 	-0.298 	
276.126 	-1028.030 	-4014.200 	0.034 	-0.102 	-0.405 	
-680.618 	-2043.249 	2510.949 	-0.067 	-0.199 	0.254 	
-2413.036 	-1880.302 	-1674.406 	-0.247 	-0.189 	-0.167 	
2171.426 	3913.918 	-3369.710 	0.221 	0.396 	-0.346 	
-2355.034 	294.206 	2496.501 	-0.242 	0.029 	0.250 	
-118.687 	541.182 	1868.380 	-0.015 	0.054 	0.184 	
-599.253 	-785.271 	1190.063 	-0.052 	-0.085 	0.105 	
3749.303 	-963.365 	-2398.979 	0.378 	-0.102 	-0.244 	
4385.185 	-4126.798 	84.794 	0.442 	-0.417 	0.013 	
-3238.328 	-2380.747 	-185.959 	-0.331 	-0.241 	-0.020 	
117.516 	-3303.490 	896.053 	0.009 	-0.329 	0.093 	
-1572.600 	204.830 	3238.756 	-0.160 	0.017 	0.323 	
-2101.662 	4027.128 	190.215 	-0.208 	0.405 	0.022 	
-2950.122 	-3121.069 	1340.185 	-0.297 	-0.312 	0.134 	
3645.054 	-1478.027 	-3058.909 	0.370 	-0.148 	-0.312 	
-2596.504 	-3745.067 	2445.175 	-0.263 	-0.373 	0.247 	
-1763.746 	-82.341 	1487.673 	-0.177 	-0.014 	0.152 	
-1875.194 	394.118 	3834.990 	-0.189 	0.039 	0.389 	
-3359.348 	2489.081 	-571.599 	-0.337 	0.250 	-0.052 	
-3259.094 	1119.471 	120.247 	-0.333 	0.113 	0.013 	
-1182.070 	1088.265 	-1958.777 	-0.118 	0.112 	-0.195 	
3547.811 	4528.178 	-4090.305 	0.358 	0.463 	-0.416 	
-2932.573 	1615.789 	2304.903 	-0.299 	0.163 	0.236 	
-3257.794 	-372.753 	-3445.343 	-0.325 	-0.039 	-0.348 	
1990.701 	-2793.134 	1273.252 	0.202 	-0.284 	0.124 	
3046.863 	3223.249 	-255.794 	0.314 	0.325 	-0.023 	
3353.526 	1763.646 	-3762.210 	0.336 	0.180 	-0.376 	
2204.360 	1056.079 	-2506.692 	0.220 	0.105 	-0.247 	
-1634.133 	-3177.843 	-948.630 	-0.162 	-0.316 	-0.097 	
3085.594 	-1392.104 	302.394 	0.313 	-0.138 	0.025 	
-700.480 	3475.671 	873.509 	-0.044 	0.371 	0.096 	
904.305 	-2366.466 	3461.175 	0.092 	-0.236 	0.343 	
-2015.583 	1306.761 	-1582.434 	-0.203 	0.130 	-0.162 	
-2990.833 	-117.864 	1487.900 	-0.304 	-0.012 	0.153 	
3247.782 	-1106.431 	3182.139 	0.331 	-0.113 	0.315 	
912.487 	-2393.367 	-3600.095 	0.096 	-0.242 	-0.358 	
4498.016 	750.817 	-2497.771 	0.459 	0.076 	-0.253 	
1528.932 	-939.310 	3161.595 	0.159 	-0.094 	0.318 	
-2602.434 	3493.893 	-767.236 	-0.256 	0.353 	-0.077 	
-1689.884 	-1632.440 	1427.384 	-0.171 	-0.164 	0.147 	
-1418.386 	-1832.497 	751.436 	-0.141 	-0.184 	0.082 	
3954.376 	74.731 	1767.247 	0.400 	0.012 	0.181 	
-2683.061 	261.287 	2491.737 	-0.271 	0.026 	0.257 	
-37.342 	1577.602 	-3018.764 	-0.008 	0.160 	-0.307 	
-2830.420 	-3741.265 	-3747.076 	-0.282 	-0.376 	-0.382 	
2022.565 	3197.268 	-1463.633 	0.202 	0.320 	-0.147 	
-3969.852 	1900.239 	2343.253 	-0.402 	0.192 	0.234 	
-4156.546 	266.748 	1584.114 	-0.422 	0.030 	0.160 	
1277.320 	-3326.250 	-3332.356 	0.127 	-0.337 	-0.332 	
-5609.516 	13.410 	-30.485 	-0.592 	-0.015 	-0.005 	
-3735.557 	-1527.633 	2007.829 	-0.374 	-0.155 	0.206 	
2268.476 	-879.897 	-2738.727 	0.227 	-0.089 	-0.280 	
1161.114 	749.975 	522.913 	0.120 	0.075 	0.058 	
-122.832 	-1479.205 	921.070 	-0.016 	-0.152 	0.090 	
-4043.493 	338.488 	-2347.216 	-0.410 	0.032 	-0.240 	
3303.038 	-331.349 	4487.676 	0.336 	-0.032 	0.456 	
-793.403 	-1397.778 	2259.404 	-0.080 	-0.144 	0.223 	
1473.340 	-2348.952 	-910.729 	0.145 	-0.236 	-0.090 	
585.419 	-618.168 	618.102 	0.061 	-0.066 	0.059 	
-3572.471 	-4240.302 	-2117.487 	-0.362 	-0.431 	-0.213 	
2023.808 	-1879.794 	-3424.034 	0.204 	-0.185 	-0.342 	
874.246 	1287.380 	-872.585 	0.092 	0.146 	-0.087 	
-1609.443 	-439.396 	1355.725 	-0.161 	-0.039 	0.140 	
4565.027 	2255.473 	-364.223 	0.466 	0.226 	-0.038 	
1009.757 	-494.611 	-2334.073 	0.100 	-0.050 	-0.237 	
-3282.126 	1150.473 	-4099.341 	-0.330 	0.118 	-0.413 	
1591.069 	1221.317 	1253.884 	0.164 	0.119 	0.130 	
3974.523 	280.208 	-3268.344 	0.397 	0.026 	-0.327 	
-1620.222 	548.072 	-2089.131 	-0.162 	0.058 	-0.213 	
-4059.962 	3661.216 	1546.434 	-0.414 	0.370 	0.157 	
165.803 	-3178.610 	-3799.899 	0.020 	-0.320 	-0.387 	
2857.962 	3609.148 	-2282.486 	0.290 	0.364 	-0.236 	
2049.359 	-1626.267 	459.167 	0.205 	-0.163 	0.051 	
2088.844 	-3486.348 	-2858.521 	0.209 	-0.350 	-0.292 	
1324.676 	-1640.955 	2304.474 	0.131 	-0.165 	0.232 	
1770.519 	-1747.022 	2812.390 	0.179 	-0.174 	0.283 	
3583.911 	3966.759 	-3530.941 	0.360 	0.402 	-0.361 	
3363.859 	-595.224 	2453.648 	0.342 	-0.057 	0.251 	
1464.531 	-939.857 	-816.054 	0.151 	-0.091 	-0.082 	
-1667.599 	-1523.524 	3022.791 	-0.171 	-0.152 	0.305 	
-1897.178 	-892.184 	3308.492 	-0.190 	-0.094 	0.333 	
775.697 	-1972.965 	-1274.052 	0.079 	-0.197 	-0.130 	
-2684.223 	-436.855 	-79.685 	-0.270 	-0.046 	-0.009 	
-443.437 	3407.815 	-4175.649 	-0.040 	0.347 	-0.422 	
-3212.596 	-1044.766 	2126.356 	-0.327 	-0.105 	0.213 	
-149.513 	-3230.218 	3488.852 	-0.016 	-0.322 	0.355 	
-1553.430 	1235.998 	3247.819 	-0.153 	0.127 	0.326 	
-462.511 	-152.813 	2302.463 	-0.049 	-0.017 	0.232 	
2919.436 	-2213.456 	1.025 	0.297 	-0.225 	-0.004 	
-150.685 	-1458.540 	978.057 	-0.004 	-0.145 	0.100 	
-805.508 	-1447.382 	3288.647 	-0.076 	-0.145 	0.333 	
-4123.715 	-1154.694 	1114.284 	-0.420 	-0.117 	0.113 	
-1103.407 	-2691.667 	-586.717 	-0.115 	-0.269 	-0.059 	
1151.855 	-4000.528 	2130.739 	0.114 	-0.408 	0.215 	
1433.515 	-2990.994 	-773.730 	0.143 	-0.302 	-0.075 	
1688.323 	-3676.802 	-414.309 	0.172 	-0.372 	-0.038 	
1079.943 	151.523 	3322.640 	0.105 	0.013 	0.334 	
-3687.741 	1788.594 	238.581 	-0.373 	0.179 	0.023 	
-830.580 	882.482 	1687.804 	-0.079 	0.086 	0.168 	
-1448.742 	-2149.389 	3511.829 	-0.148 	-0.217 	0.358 	
-3033.046 	-3613.491 	3190.963 	-0.306 	-0.362 	0.327 	
2170.883 	2471.162 	-3788.345 	0.218 	0.248 	-0.379 	
-1276.240 	2251.460 	-3625.201 	-0.128 	0.219 	-0.359 	
-218.817 	-3082.820 	-2488.328 	-0.016 	-0.310 	-0.251 	
-32.893 	-250.544 	555.757 	0.003 	-0.029 	0.055 	
2697.112 	-1256.600 	679.955 	0.273 	-0.127 	0.065 	
2175.398 	1270.603 	-2342.916 	0.226 	0.128 	-0.235 	
-2632.687 	-3607.832 	2074.116 	-0.263 	-0.368 	0.207 	
4481.796 	-890.133 	-4063.725 	0.457 	-0.090 	-0.412 	
-644.137 	2886.519 	970.527 	-0.060 	0.293 	0.096 	
-2336.601 	3256.058 	-2825.145 	-0.237 	0.328 	-0.287 	
-3124.201 	2139.904 	-1112.056 	-0.310 	0.215 	-0.112 	
-59.407 	1050.976 	-395.515 	-0.009 	0.100 	-0.039 	
-3446.102 	1409.142 	291.398 	-0.342 	0.146 	0.028 	
-183.513 	-3017.748 	-2304.254 	-0.020 	-0.302 	-0.228 	
-2865.378 	-1636.615 	142.557 	-0.290 	-0.164 	0.010 	
2244.592 	1759.529 	-2250.450 	0.232 	0.177 	-0.225 	
-2781.358 	3940.387 	554.593 	-0.281 	0.395 	0.061 	
2044.804 	-357.332 	-2936.771 	0.208 	-0.035 	-0.295 	
-380.891 	294.517 	-803.487 	-0.035 	0.024 	-0.076 	
-3836.503 	-2023.924 	-3608.042 	-0.386 	-0.209 	-0.367 	
1761.366 	-747.254 	589.315 	0.175 	-0.076 	0.061 	
-3160.031 	-775.525 	3496.281 	-0.318 	-0.077 	0.354 	
3125.657 	-343.358 	2891.105 	0.316 	-0.037 	0.288 	
1115.107 	-343.183 	-2664.751 	0.109 	-0.039 	-0.267 	
3251.251 	1318.717 	-263.077 	0.326 	0.134 	-0.029 	
1417.419 	681.829 	2363.894 	0.140 	0.070 	0.237 	
-292.498 	1813.335 	-2998.192 	-0.032 	0.183 	-0.300 	
4095.235 	-2972.833 	-1261.178 	0.419 	-0.299 	-0.125 	
-3675.582 	-3702.949 	3862.492 	-0.373 	-0.376 	0.390 	
-3176.218 	-2219.341 	-92.311 	-0.318 	-0.223 	-0.010 	
2417.432 	576.243 	839.394 	0.238 	0.058 	0.085 	
4011.800 	-987.019 	1054.940 	0.405 	-0.097 	0.103 	
-3320.140 	1252.547 	1841.050 	-0.333 	0.129 	0.191 	
111.006 	-224.554 	53.429 	0.007 	-0.022 	0.008 	
-1103.394 	-2318.774 	3235.702 	-0.106 	-0.231 	0.328 	
-418.943 	-1968.236 	-1526.101 	-0.039 	-0.200 	-0.150 	
3869.355 	-1567.259 	-2630.566 	0.390 	-0.162 	-0.264 	
419.702 	-2293.689 	-2162.281 	0.037 	-0.229 	-0.216 	
3031.802 	-3197.199 	4036.733 	0.310 	-0.320 	0.407 	
-3716.186 	-1489.660 	-1946.994 	-0.373 	-0.146 	-0.193 	
-3396.392 	-945.902 	-1268.829 	-0.345 	-0.099 	-0.126 	
561.266 	-853.998 	3086.145 	0.063 	-0.086 	0.310 	
2376.521 	-2292.257 	1713.022 	0.245 	-0.231 	0.170 	
-2157.718 	1718.994 	1830.970 	-0.222 	0.171 	0.186 	
-3668.027 	-2017.576 	3082.857 	-0.369 	-0.199 	0.312 	
-2883.283 	-30.398 	990.932 	-0.292 	-0.004 	0.103 	
-2307.501 	-2717.835 	418.704 	-0.229 	-0.271 	0.040 	
3675.524 	3444.949 	2310.312 	0.374 	0.343 	0.232 	
3662.583 	2021.895 	-702.740 	0.374 	0.206 	-0.072 	
-3475.857 	-3262.084 	892.164 	-0.350 	-0.327 	0.093 	
-2882.874 	852.329 	1636.438 	-0.293 	0.082 	0.166 	
-2302.160 	378.004 	1978.398 	-0.227 	0.041 	0.202 	
-2169.969 	-1074.751 	-4163.127 	-0.220 	-0.111 	-0.424 	
-2024.435 	-2219.504 	-3208.521 	-0.205 	-0.227 	-0.326 	
4378.893 	4471.162 	-2083.080 	0.445 	0.456 	-0.209 	
4183.993 	1487.781 	-3376.901 	0.424 	0.148 	-0.345 	
-1054.626 	-1767.585 	-1141.307 	-0.106 	-0.180 	-0.113 	
-1107.658 	-1716.754 	2715.009 	-0.110 	-0.178 	0.272 	
1109.276 	-252.535 	435.436 	0.115 	-0.027 	0.041 	
1353.529 	400.544 	878.714 	0.138 	0.036 	0.087 	
-2422.990 	2537.307 	2429.460 	-0.248 	0.256 	0.245 	
-2721.137 	3227.424 	-3736.656 	-0.276 	0.323 	-0.377 	
-1085.375 	-2476.977 	-4132.561 	-0.108 	-0.246 	-0.419 	
3293.791 	-1638.408 	-2559.634 	0.328 	-0.164 	-0.257 	
-47.998 	33.935 	-2551.746 	-0.004 	0.004 	-0.257 	
1297.724 	3222.721 	1370.484 	0.132 	0.328 	0.141 	
2144.711 	-325.086 	-31.640 	0.220 	-0.032 	-0.004 	
1701.542 	1916.713 	2360.753 	0.173 	0.191 	0.243 	
1205.140 	-1591.149 	-1730.196 	0.125 	-0.159 	-0.171 	
3736.333 	-2994.204 	-2565.354 	0.383 	-0.303 	-0.259 	
1194.252 	960.545 	-2461.552 	0.122 	0.097 	-0.249 	
-2641.060 	-2867.515 	-68.539 	-0.264 	-0.292 	-0.006 	
2185.958 	1397.088 	1796.785 	0.215 	0.138 	0.181 	
3170.174 	1148.911 	405.044 	0.325 	0.112 	0.040 	
-281.798 	-3557.606 	3361.938 	-0.027 	-0.357 	0.344 	
320.727 	1323.337 	3350.207 	0.038 	0.133 	0.334 	
3042.787 	-144.949 	3245.866 	0.312 	-0.014 	0.326 	
3453.327 	1319.249 	-155.324 	0.346 	0.130 	-0.012 	
-2300.229 	-4390.387 	4364.431 	-0.231 	-0.445 	0.444 	
-4495.725 	-3653.317 	4037.711 	-0.457 	-0.368 	0.409 	
4246.459 	3405.196 	13.443 	0.434 	0.341 	0.001 	
4294.850 	839.970 	3654.586 	0.435 	0.080 	0.371 	
1758.362 	277.942 	2564.928 	1.129 	-0.960 	-0.778 	
-2789.089 	-448.910 	-3457.483 	-0.282 	-0.044 	-0.348 	
3068.699 	1534.726 	-1296.570 	0.315 	0.155 	-0.132 	
-1026.939 	2084.635 	-3578.438 	-0.106 	0.208 	-0.358 	
1627.395 	1718.646 	-541.182 	0.163 	0.172 	-0.055 	
2487.160 	-1530.960 	-2146.184 	0.252 	-0.152 	-0.214 	
3319.416 	3138.833 	3886.677 	0.336 	0.321 	0.395 	
403.581 	3445.585 	-2489.557 	0.036 	0.346 	-0.250 	
-3536.008 	704.632 	1496.240 	-0.354 	0.074 	0.153 	
1082.713 	-3814.051 	2603.790 	0.113 	-0.384 	0.259 	
1240.096 	-1540.910 	-394.881 	0.122 	-0.157 	-0.039 	
3055.847 	239.138 	-331.956 	0.308 	0.028 	-0.036 	
-1838.231 	1757.556 	-2734.205 	-0.183 	0.179 	-0.278 	
1928.969 	-3416.070 	1947.043 	0.192 	-0.347 	0.198 	
3356.201 	3357.638 	175.679 	0.343 	0.338 	0.020 	
2241.143 	-3617.406 	3345.943 	0.226 	-0.361 	0.337 	
3984.504 	-290.299 	870.292 	0.402 	-0.025 	0.090 	
4439.056 	3545.525 	2351.766 	0.447 	0.359 	0.239 	
1214.435 	-2951.837 	1637.684 	0.128 	-0.298 	0.166 	
-2285.467 	-4086.723 	3813.656 	-0.232 	-0.416 	0.385 	
1728.122 	-803.613 	-860.236 	0.176 	-0.077 	-0.086 	
-308.911 	76.907 	633.444 	-0.033 	0.005 	0.061 	
-3585.733 	4506.306 	3640.461 	-0.366 	0.460 	0.367 	
232.032 	391.089 	3423.016 	0.029 	0.041 	0.342 	
-542.378 	3512.389 	3174.232 	-0.056 	0.358 	0.318 	
2977.088 	-3177.671 	3482.940 	0.305 	-0.325 	0.354 	
-3155.476 	-3307.311 	3396.476 	-0.319 	-0.329 	0.343 	
-3706.822 	-2368.408 	2797.250 	-0.375 	-0.237 	0.283 	
-2745.221 	2587.186 	1269.591 	-0.274 	0.263 	0.131 	
-604.060 	-4273.273 	811.965 	-0.055 	-0.431 	0.081 	
518.974 	-2024.219 	2902.170 	0.055 	-0.203 	0.293 	
-131.402 	386.341 	482.278 	-0.014 	0.034 	0.052 	
-3360.924 	-3794.923 	-3077.567 	-0.343 	-0.384 	-0.307 	
-1928.208 	-133.462 	2123.216 	-0.191 	-0.017 	0.213 	
3021.699 	1145.896 	506.820 	0.302 	0.118 	0.052 	
1528.166 	-2172.747 	2836.380 	0.156 	-0.222 	0.289 	
-3118.205 	-1817.982 	-2651.987 	-0.312 	-0.181 	-0.265 	
126.337 	-2007.335 	-787.767 	0.008 	-0.221 	-0.078 	
4092.724 	302.445 	80.274 	0.404 	0.028 	-0.002 	
-1951.806 	-2829.913 	-2601.847 	-0.195 	-0.287 	-0.259 	
3314.780 	-2015.601 	223.957 	0.338 	-0.201 	0.024 	
-1023.831 	2794.347 	2455.001 	-0.100 	0.278 	0.247 	
678.604 	-1007.253 	3493.677 	0.069 	-0.100 	0.348 	
3515.513 	-507.022 	1872.530 	0.356 	-0.053 	0.186 	
-1074.242 	179.416 	-4221.014 	-0.106 	0.020 	-0.427 	
-1899.237 	-704.521 	-61.355 	-0.190 	-0.075 	-0.003 	
832.216 	3257.869 	1719.769 	0.082 	0.327 	0.175 	
-3725.250 	944.286 	-694.474 	-0.378 	0.093 	-0.071 	
2077.427 	-2048.889 	1082.176 	0.207 	-0.203 	0.106 	
-769.997 	735.779 	-864.156 	-0.082 	0.071 	-0.087 	
3078.248 	-3274.274 	690.473 	0.311 	-0.331 	0.073 	
350.137 	-743.474 	1145.053 	0.030 	-0.073 	0.113 	
4099.203 	-3317.802 	1354.982 	0.418 	-0.333 	0.136 	
-1852.391 	375.193 	-258.238 	-0.182 	0.037 	-0.025 	
-3185.486 	442.278 	3426.551 	-0.323 	0.050 	0.344 	
4219.097 	1617.387 	-384.021 	0.426 	0.159 	-0.033 	
-2515.554 	3202.178 	-1940.437 	-0.251 	0.326 	-0.193 	
-2481.871 	3086.850 	-1141.472 	-0.245 	0.311 	-0.116 	
3012.582 	-952.038 	-410.355 	0.300 	-0.090 	-0.040 	
-3274.658 	743.230 	3110.540 	-0.328 	0.076 	0.313 	
3500.504 	-2007.461 	-4085.519 	0.359 	-0.200 	-0.412 	
-2897.459 	-3923.989 	-2163.318 	-0.292 	-0.394 	-0.218 	
-822.095 	-456.787 	3031.025 	-0.079 	-0.047 	0.302 	
-250.638 	-2028.708 	-324.933 	-0.026 	-0.203 	-0.038 	
-291.632 	-557.217 	1556.159 	-0.024 	-0.056 	0.160 	
2501.836 	1102.507 	983.873 	0.256 	0.113 	0.102 	
1572.628 	-3199.963 	25.593 	0.163 	-0.318 	0.005 	
2195.850 	-3653.428 	-3557.577 	0.219 	-0.370 	-0.359 	
-2380.031 	3573.863 	-1041.940 	-0.239 	0.358 	-0.107 	
-2988.165 	3386.487 	915.575 	-0.298 	0.344 	0.092 	
7.038 	-334.093 	-1121.481 	0.002 	-0.035 	-0.115 	
-205.302 	-3194.258 	2392.504 	-0.014 	-0.321 	0.240 	
1076.974 	-1261.766 	3660.065 	0.108 	-0.124 	0.372 	
3616.405 	2904.285 	-3783.228 	0.369 	0.298 	-0.383 	
72.797 	-2099.727 	-779.409 	0.007 	-0.210 	-0.074 	
4293.914 	2934.619 	-124.107 	0.439 	0.295 	-0.013 	
-1570.241 	2443.999 	-4374.739 	-0.154 	0.244 	-0.441 	
-141.153 	276.292 	-812.016 	-0.015 	0.024 	-0.083 	
-3270.219 	-826.359 	1430.376 	-0.324 	-0.085 	0.146 	
1897.025 	-552.682 	10.883 	0.190 	-0.060 	0.000 	
-1205.400 	-817.058 	3380.878 	-0.123 	-0.082 	0.334 	
-662.673 	228.084 	-4215.292 	-0.066 	0.026 	-0.425 	
3190.362 	1338.907 	1487.463 	0.316 	0.135 	0.148 	
-3423.484 	-2157.468 	-4708.191 	-0.343 	-0.217 	-0.480 	
3817.382 	-773.512 	936.753 	0.383 	-0.075 	0.096 	
2372.177 	-3895.993 	593.680 	0.235 	-0.394 	0.061 	
2030.705 	3660.002 	-2462.577 	0.210 	0.366 	-0.247 	
3121.946 	995.797 	-2640.987 	0.313 	0.104 	-0.264 	
168.455 	-4370.647 	3731.559 	0.021 	-0.445 	0.375 	
1524.526 	-1313.766 	1280.107 	0.160 	-0.132 	0.128 	
179.654 	4113.251 	1889.749 	0.024 	0.415 	0.192 	
3401.124 	-2175.743 	-2570.944 	0.349 	-0.221 	-0.259 	
1692.997 	3831.876 	-160.904 	0.174 	0.387 	-0.012 	
1979.836 	1123.042 	-1221.331 	0.195 	0.114 	-0.122 	
3368.672 	3775.987 	-941.749 	0.337 	0.377 	-0.095 	
1904.411 	2025.322 	-1259.570 	0.199 	0.203 	-0.126 	
1417.532 	-1104.476 	-546.765 	0.148 	-0.115 	-0.056 	
1215.936 	-879.353 	1318.767 	0.123 	-0.088 	0.125 	
-1127.445 	-2792.749 	-1727.033 	-0.117 	-0.281 	-0.170 	
-4025.282 	-1339.445 	3008.704 	-0.403 	-0.133 	0.303 	
-3439.224 	-3003.215 	-395.133 	-0.345 	-0.306 	-0.043 	
952.889 	3537.406 	1892.380 	0.094 	0.359 	0.190 	
-878.892 	-1184.497 	1622.970 	-0.093 	-0.119 	0.163 	
2347.270 	-3895.424 	543.437 	0.244 	-0.393 	0.060 	
-4040.785 	-1625.337 	2493.638 	-0.421 	-0.163 	0.250 	
2831.745 	-3635.656 	-3788.618 	0.271 	-0.371 	-0.380 	
-3823.666 	-1526.854 	-3232.759 	-0.403 	-0.150 	-0.327 	
-1331.346 	-3541.300 	1766.041 	-0.148 	-0.354 	0.183 	
2504.232 	1993.377 	-537.131 	0.232 	0.197 	-0.055 	
-2602.673 	-3424.906 	2074.832 	-0.284 	-0.347 	0.212 	
4391.924 	-3537.179 	-3639.004 	0.429 	-0.360 	-0.370 	
3032.873 	-2415.616 	2168.746 	0.289 	-0.244 	0.223 	
-1501.148 	-2108.552 	-3568.652 	-0.173 	-0.210 	-0.359 	
1628.398 	2066.034 	-2845.981 	0.145 	0.208 	-0.290 	
3039.187 	1283.211 	398.679 	0.291 	0.129 	0.037 	
479.082 	116.494 	942.778 	0.024 	0.008 	0.094 	
-4105.118 	3618.889 	3889.456 	-0.435 	0.365 	0.391 	
1355.614 	-2934.708 	1522.063 	0.113 	-0.296 	0.154 	
1382.101 	4408.438 	3919.685 	0.123 	0.447 	0.392 	
-310.700 	3379.532 	2454.957 	-0.045 	0.341 	0.244 	
2712.176 	-1196.575 	1633.911 	0.260 	-0.118 	0.167 	
811.054 	-4106.918 	3878.136 	0.060 	-0.414 	0.392 	
-603.336 	3853.825 	1403.755 	-0.077 	0.388 	0.146 	
2085.235 	-3897.300 	3497.726 	0.195 	-0.395 	0.351 	
575.176 	1058.931 	1953.073 	0.038 	0.106 	0.198 	
-1729.497 	3945.744 	-4000.852 	-0.188 	0.397 	-0.403 	
1020.511 	1348.092 	90.062 	0.091 	0.137 	0.010 	
2834.711 	250.518 	-502.399 	0.264 	0.028 	-0.053 	
-4609.917 	1549.727 	-2269.167 	-0.488 	0.157 	-0.229 	
289.938 	3046.678 	1865.961 	0.009 	0.310 	0.190 	
306.167 	-1402.077 	30.103 	0.015 	-0.144 	0.005 	
-527.365 	-3058.831 	-525.934 	-0.072 	-0.310 	-0.050 	
-2981.352 	-730.035 	-899.700 	-0.322 	-0.073 	-0.091 	
-1323.758 	1884.714 	-3972.817 	-0.147 	0.189 	-0.399 	
698.319 	1442.066 	-663.791 	0.058 	0.143 	-0.063 	
-1645.071 	3927.477 	1229.639 	-0.179 	0.398 	0.127 	
-2868.213 	2805.018 	-3628.333 	-0.311 	0.283 	-0.369 	
-4.175 	3630.826 	2948.378 	-0.020 	0.367 	0.294 	
1089.325 	-3992.791 	3479.967 	0.092 	-0.400 	0.352 	
1026.221 	-3306.714 	468.782 	0.089 	-0.330 	0.050 	
461.812 	-652.338 	-3141.191 	0.027 	-0.064 	-0.316 	
-3347.130 	1099.607 	3678.704 	-0.358 	0.107 	0.373 	
-4419.915 	2470.794 	35.452 	-0.466 	0.244 	0.005 	
3415.297 	128.035 	-2467.243 	0.329 	0.013 	-0.245 	
-2013.593 	-1567.818 	-2312.677 	-0.219 	-0.154 	-0.235 	
-3023.717 	-2077.065 	-1260.813 	-0.318 	-0.204 	-0.127 	
2088.387 	-3727.171 	-2321.797 	0.189 	-0.375 	-0.235 	
-3059.577 	1199.002 	-2500.794 	-0.325 	0.122 	-0.247 	
-1822.731 	-654.227 	-1081.294 	-0.205 	-0.063 	-0.111 	
3455.062 	4249.375 	-2195.522 	0.333 	0.433 	-0.219 	
1529.930 	-2662.502 	-2366.083 	0.137 	-0.266 	-0.242 	
-2913.728 	3297.534 	-3667.858 	-0.311 	0.328 	-0.373 	
-1198.274 	-2000.852 	-1634.266 	-0.131 	-0.202 	-0.164 	
-124.670 	-646.558 	1175.651 	-0.035 	-0.067 	0.118 	
-103.335 	74.222 	161.428 	-0.029 	0.009 	0.015 	
1485.541 	4383.205 	-350.062 	0.138 	0.443 	-0.035 	
1540.200 	-2540.742 	-1226.738 	0.143 	-0.255 	-0.122 	
2474.329 	1767.161 	1426.062 	0.231 	0.178 	0.143 	
-3480.864 	-483.370 	2282.903 	-0.368 	-0.044 	0.227 	
-1193.994 	2787.656 	2502.536 	-0.135 	0.287 	0.255 	
-3010.947 	1766.846 	3063.036 	-0.327 	0.178 	0.307 	
-1377.572 	-787.430 	-1666.693 	-0.153 	-0.076 	-0.164 	
-2769.030 	-1931.136 	-1489.201 	-0.292 	-0.198 	-0.150 	
-2852.993 	51.992 	370.954 	-0.304 	0.009 	0.035 	
-1069.128 	-3470.586 	1187.234 	-0.121 	-0.346 	0.122 	
1003.428 	-490.752 	-129.536 	0.084 	-0.050 	-0.014 	
2137.310 	1250.831 	2043.900 	0.203 	0.126 	0.201 	
-184.928 	-415.935 	-3641.387 	-0.040 	-0.040 	-0.365 	
-208.163 	-1913.064 	-1716.981 	-0.036 	-0.189 	-0.173 	
1774.562 	-288.454 	3559.205 	0.163 	-0.030 	0.358 	
330.241 	-1108.693 	732.902 	0.012 	-0.112 	0.078 	
373.795 	-3450.773 	3810.562 	0.022 	-0.345 	0.386 	
1188.872 	756.820 	1769.932 	0.103 	0.078 	0.178 	
135.620 	-3239.408 	-395.201 	-0.009 	-0.326 	-0.040 	
23.761 	-3201.293 	-1714.406 	-0.019 	-0.320 	-0.174 	
-3642.838 	-3123.979 	-254.068 	-0.385 	-0.311 	-0.025 	
-3726.873 	-2505.739 	-1116.959 	-0.398 	-0.253 	-0.112 	
3462.941 	-3520.116 	-958.968 	0.337 	-0.357 	-0.100 	
-969.654 	-1655.009 	-1961.083 	-0.117 	-0.170 	-0.199 	
-1077.601 	-612.162 	280.514 	-0.131 	-0.063 	0.029 	
-1499.571 	3079.290 	-2162.658 	-0.166 	0.313 	-0.220 	
-1895.141 	1464.903 	1263.067 	-0.211 	0.151 	0.125 	
-946.821 	1173.991 	-2045.932 	-0.117 	0.120 	-0.206 	
-3359.443 	-2501.109 	1679.385 	-0.352 	-0.250 	0.169 	
1808.089 	-2798.426 	-658.305 	0.169 	-0.281 	-0.063 	
2764.907 	806.343 	2993.735 	0.257 	0.083 	0.301 	
-3509.791 	2171.737 	2787.721 	-0.368 	0.219 	0.278 	
-1884.213 	1001.830 	1173.538 	-0.213 	0.101 	0.117 	
-2250.519 	-3015.776 	4344.697 	-0.242 	-0.300 	0.439 	
-2447.345 	-2282.336 	343.584 	-0.264 	-0.232 	0.039 	
-2662.262 	388.940 	-3018.402 	-0.284 	0.038 	-0.305 	
3277.929 	26.489 	-3178.247 	0.319 	0.001 	-0.319 	
546.501 	1442.742 	3552.605 	0.041 	0.148 	0.356 	
-2466.263 	2030.744 	1818.734 	-0.263 	0.202 	0.181 	
-1399.091 	2085.510 	2773.197 	-0.153 	0.209 	0.279 	
-3778.977 	3188.335 	617.691 	-0.399 	0.327 	0.064 	
-1162.166 	-1432.044 	-1659.575 	-0.132 	-0.149 	-0.162 	
-1516.829 	-3135.923 	855.286 	-0.170 	-0.314 	0.091 	
4023.502 	3580.970 	-2673.265 	0.395 	0.363 	-0.270 	
168.229 	-2708.899 	-2648.668 	0.004 	-0.273 	-0.270 	
-2348.850 	-3661.886 	-3112.137 	-0.254 	-0.374 	-0.312 	
1196.600 	4555.637 	-1827.389 	0.101 	0.462 	-0.188 	
907.225 	-2347.040 	3256.348 	0.071 	-0.238 	0.329 	
4230.515 	-377.771 	-2664.703 	0.414 	-0.040 	-0.270 	
1096.836 	-581.917 	678.595 	0.089 	-0.059 	0.068 	
782.915 	3994.245 	-2146.108 	0.059 	0.404 	-0.217 	
-2842.135 	-1563.376 	-1575.647 	-0.302 	-0.153 	-0.157 	
-1712.973 	3584.880 	-900.309 	-0.191 	0.355 	-0.089 	
-1565.012 	-764.417 	-3325.621 	-0.172 	-0.077 	-0.334 	
1709.147 	-3878.651 	-1738.688 	0.158 	-0.394 	-0.172 	
2479.050 	-1001.662 	-29.775 	0.230 	-0.097 	0.000 	
3836.163 	51.572 	2405.474 	0.374 	0.005 	0.243 	
2024.140 	2990.835 	-4092.828 	0.193 	0.301 	-0.415 	
-3307.419 	1207.390 	2620.383 	-0.345 	0.122 	0.263 	
-558.306 	6.483 	1131.809 	-0.069 	0.001 	0.116 	
-1454.463 	3190.135 	2755.280 	-0.166 	0.323 	0.278 	
4181.173 	3502.703 	-788.032 	0.407 	0.354 	-0.081 	
-3749.298 	419.010 	2681.251 	-0.396 	0.038 	0.269 	
-4284.799 	1064.864 	-3011.827 	-0.446 	0.109 	-0.305 	
-2871.555 	-1496.068 	-675.163 	-0.307 	-0.153 	-0.070 	
1084.577 	1266.159 	-1804.265 	0.088 	0.127 	-0.185 	
2927.197 	4067.564 	-2648.365 	0.280 	0.414 	-0.271 	
-2936.420 	1591.725 	-135.964 	-0.314 	0.156 	-0.015 	
457.072 	280.677 	808.086 	0.025 	0.025 	0.082 	
489.995 	-3190.364 	-1636.029 	0.027 	-0.321 	-0.166 	
-3385.644 	-485.188 	-2000.463 	-0.362 	-0.049 	-0.199 	
4265.529 	2755.485 	-2594.280 	0.419 	0.281 	-0.263 	
2751.736 	675.191 	2183.923 	0.262 	0.071 	0.216 	
905.582 	3552.904 	744.815 	0.073 	0.354 	0.074 	
1119.250 	-1003.766 	-1441.116 	0.092 	-0.103 	-0.141 	
3114.553 	3163.831 	-2760.579 	0.294 	0.321 	-0.279 	
3924.431 	974.078 	-1194.394 	0.383 	0.099 	-0.120 	
-2666.198 	1033.946 	-743.267 	-0.290 	0.100 	-0.072 	
-1857.373 	-3443.258 	-1036.671 	-0.203 	-0.342 	-0.106 	
1931.739 	4289.231 	-4020.074 	0.177 	0.435 	-0.406 	
3599.253 	1541.292 	-1025.728 	0.346 	0.158 	-0.103 	
-3027.623 	-2490.250 	-2399.634 	-0.325 	-0.252 	-0.238 	
-4012.996 	255.492 	2162.529 	-0.427 	0.027 	0.221 	
4030.883 	-2242.796 	3333.082 	0.394 	-0.226 	0.333 	
2973.383 	259.483 	1749.604 	0.278 	0.027 	0.177 	
857.155 	3126.818 	2458.498 	0.071 	0.318 	0.248 	
-3979.196 	3423.565 	-2768.971 	-0.423 	0.345 	-0.283 	
-3745.207 	337.594 	3895.569 	-0.389 	0.034 	0.394 	
3703.520 	-2833.805 	-1808.221 	0.357 	-0.290 	-0.184 	
-1970.533 	1635.068 	1709.748 	-0.222 	0.164 	0.174 	
1968.975 	2653.186 	1086.915 	0.181 	0.266 	0.112 	
2970.853 	-535.888 	1524.016 	0.285 	-0.055 	0.154 	
2632.421 	1270.965 	1400.472 	0.245 	0.124 	0.138 	
-3090.676 	-842.425 	3657.060 	-0.326 	-0.085 	0.371 	
3947.525 	-3152.691 	1942.510 	0.384 	-0.317 	0.197 	
-1097.240 	2776.843 	-3767.089 	-0.132 	0.279 	-0.380 	
-3667.239 	-3451.424 	5714.135 	-0.414 	-0.366 	0.615 	
612.293 	2193.741 	92.690 	0.047 	0.220 	0.009 	
923.038 	47.372 	571.217 	0.078 	0.006 	0.061 	
1499.303 	3165.805 	3852.543 	0.138 	0.323 	0.388 	
-3175.325 	518.914 	-276.421 	-0.339 	0.057 	-0.026 	
-4072.806 	1213.537 	-3637.169 	-0.428 	0.124 	-0.365 	
1471.006 	2000.475 	604.796 	0.135 	0.201 	0.061 	
-1258.425 	-2851.219 	1020.790 	-0.146 	-0.289 	0.102 	
2105.051 	-758.607 	-1595.038 	0.201 	-0.078 	-0.159 	
-1075.494 	-556.029 	2778.611 	-0.126 	-0.059 	0.277 	
-3401.430 	2985.857 	3983.645 	-0.359 	0.304 	0.406 	
2447.308 	-2029.538 	342.136 	0.231 	-0.203 	0.039 	
-3096.525 	-1867.938 	-1017.680 	-0.333 	-0.187 	-0.103 	
219.829 	3103.595 	1717.963 	0.004 	0.311 	0.174 	
-1441.349 	-1036.173 	-3735.279 	-0.157 	-0.105 	-0.375 	
-2811.089 	209.267 	-3141.887 	-0.305 	0.024 	-0.315 	
151.200 	2201.787 	254.270 	0.001 	0.224 	0.025 	
-2427.058 	-1951.511 	175.225 	-0.265 	-0.193 	0.022 	
-3565.635 	-3746.342 	4083.133 	-0.379 	-0.378 	0.416 	
880.645 	-31.246 	1355.140 	0.074 	-0.004 	0.137 	
3909.845 	1710.321 	-1469.727 	0.375 	0.171 	-0.147 	
4048.088 	-2821.540 	2889.700 	0.394 	-0.287 	0.292 	
-4250.502 	-2065.419 	-44.716 	-0.445 	-0.205 	-0.006 	
-1724.109 	637.240 	-3009.178 	-0.195 	0.065 	-0.299 	
37.234 	-271.416 	1910.438 	-0.017 	-0.025 	0.194 	
2916.281 	-1324.487 	-695.061 	0.271 	-0.135 	-0.070 	
459.267 	-68.926 	-2558.308 	0.032 	-0.007 	-0.258 	
4284.722 	-3551.306 	-4617.756 	0.418 	-0.358 	-0.471 	
-422.950 	-2314.475 	-902.775 	-0.058 	-0.228 	-0.095 	
-2083.267 	3271.645 	3528.397 	-0.225 	0.330 	0.355 	
2689.521 	475.561 	-3120.677 	0.250 	0.048 	-0.315 	
-1433.440 	3218.549 	1853.123 	-0.165 	0.325 	0.185 	
-2969.829 	-950.472 	-1660.065 	-0.319 	-0.095 	-0.171 	
84.482 	93.838 	903.107 	-0.011 	0.007 	0.086 	
-1539.054 	-1773.834 	2304.868 	-0.175 	-0.177 	0.232 	
-360.201 	2259.349 	859.994 	-0.054 	0.222 	0.089 	
798.115 	-652.414 	-2433.043 	0.059 	-0.068 	-0.242 	
-1618.107 	-1288.932 	3155.927 	-0.179 	-0.125 	0.318 	
3886.031 	-1360.389 	-4089.820 	0.377 	-0.141 	-0.412 	
3848.458 	-141.275 	-3484.926 	0.375 	-0.015 	-0.356 	
1780.669 	119.465 	3804.769 	0.157 	0.013 	0.383 	
-960.289 	-2210.480 	-1706.109 	-0.113 	-0.221 	-0.166 	
1361.709 	-4106.023 	3651.217 	0.121 	-0.409 	0.368 	
-3172.475 	-1612.113 	3607.996 	-0.333 	-0.163 	0.362 	
-1927.718 	-429.915 	-3319.195 	-0.212 	-0.042 	-0.332 	
-397.408 	3378.936 	275.135 	-0.061 	0.342 	0.031 	
1450.825 	1640.154 	-3466.404 	0.130 	0.163 	-0.349 	
2236.481 	2552.142 	-3351.115 	0.211 	0.260 	-0.339 	
-4220.730 	564.361 	2380.241 	-0.441 	0.058 	0.240 	
-2681.673 	-629.981 	3079.119 	-0.288 	-0.069 	0.309 	
-203.881 	2528.228 	1963.255 	-0.042 	0.255 	0.201 	
-524.639 	3914.985 	3582.080 	-0.065 	0.394 	0.362 	
-2710.495 	-1277.885 	3759.201 	-0.294 	-0.130 	0.377 	
2203.619 	2223.381 	-1127.530 	0.202 	0.223 	-0.111 	
-285.991 	-972.462 	1168.381 	-0.051 	-0.094 	0.117 	
-2738.512 	3662.873 	-3333.000 	-0.294 	0.373 	-0.334 	
3460.386 	2962.624 	419.774 	0.337 	0.299 	0.043 	
2932.218 	3557.253 	1291.982 	0.284 	0.358 	0.132 	
-3747.763 	-3686.965 	-1910.785 	-0.399 	-0.375 	-0.193 	
3681.476 	-2383.057 	2378.465 	0.350 	-0.244 	0.241 	
-1290.934 	-629.185 	575.840 	-0.141 	-0.063 	0.056 	
-3288.882 	894.929 	1631.162 	-0.353 	0.091 	0.163 	
-3728.566 	-1341.535 	367.440 	-0.398 	-0.135 	0.038 	
3927.345 	2179.686 	3357.230 	0.381 	0.218 	0.335 	
4078.793 	-1363.013 	-301.567 	0.394 	-0.137 	-0.033 	
938.584 	-3351.958 	-1152.044 	0.083 	-0.336 	-0.116 	
-2260.895 	1761.146 	-1203.380 	-0.241 	0.175 	-0.123 	
-640.082 	-3175.291 	-3558.027 	-0.087 	-0.321 	-0.359 	
-4532.186 	-1514.577 	3399.993 	-0.477 	-0.156 	0.339 	
-3200.126 	738.459 	2181.596 	-0.345 	0.074 	0.218 	
795.228 	-3073.811 	1846.471 	0.059 	-0.311 	0.189 	
-299.209 	-2132.941 	369.512 	-0.046 	-0.210 	0.039 	
-505.969 	-414.359 	-1303.225 	-0.063 	-0.041 	-0.130 	
381.949 	-1633.190 	985.038 	0.016 	-0.160 	0.099 	
-2873.971 	-1969.573 	171.989 	-0.305 	-0.199 	0.022 	
-3991.479 	1717.980 	-605.429 	-0.426 	0.174 	-0.059 	
-3097.544 	-2926.762 	-2478.426 	-0.329 	-0.297 	-0.249 	
4027.706 	-3774.835 	1052.001 	0.393 	-0.383 	0.107 	
-1692.691 	3614.631 	1246.457 	-0.190 	0.362 	0.130 	
-3002.394 	-1220.823 	-148.638 	-0.315 	-0.128 	-0.014 	
3922.620 	-1317.917 	3843.703 	0.379 	-0.135 	0.391 	
690.302 	452.667 	2820.136 	0.055 	0.043 	0.286 	
1151.976 	-799.855 	-2738.079 	0.096 	-0.083 	-0.272 	
-1008.396 	1954.895 	88.689 	-0.121 	0.198 	0.008 	
4347.614 	3896.086 	2296.521 	0.421 	0.395 	0.230 	
-2990.823 	-1573.382 	5256.723 	-0.324 	-0.162 	0.538 	
-3274.488 	839.609 	-2609.330 	-0.343 	0.083 	-0.263 	
-1889.944 	-426.044 	1360.757 	-0.210 	-0.040 	0.136 	
3978.948 	-1863.777 	-3255.357 	0.381 	-0.188 	-0.328 	
-2375.026 	1588.495 	414.326 	-0.256 	0.159 	0.041 	
-1191.060 	2427.900 	217.454 	-0.139 	0.240 	0.022 	
915.008 	603.959 	3526.672 	0.078 	0.066 	0.353 	
-1211.796 	-1965.863 	1282.544 	-0.136 	-0.199 	0.130 	
-2252.816 	2258.478 	1775.579 	-0.241 	0.224 	0.182 	
1672.799 	1429.307 	1129.676 	0.151 	0.142 	0.120 	
-575.813 	-218.800 	1452.919 	-0.079 	-0.021 	0.148 	
3504.318 	-2522.232 	2923.135 	0.334 	-0.253 	0.298 	
1028.104 	3455.788 	-140.749 	0.089 	0.349 	-0.012 	
-2252.150 	1712.864 	2197.451 	-0.242 	0.176 	0.219 	
-3905.413 	-1119.414 	-3321.523 	-0.409 	-0.110 	-0.336 	
3708.283 	1915.831 	2511.903 	0.355 	0.199 	0.252 	
2279.337 	-2676.397 	-1378.798 	0.217 	-0.268 	-0.139 	
-1818.333 	-304.041 	2413.723 	-0.201 	-0.028 	0.237 	
-313.263 	-1767.456 	3883.897 	-0.052 	-0.182 	0.386 	
-621.373 	-3249.157 	3432.992 	-0.081 	-0.331 	0.339 	
-3893.411 	2622.732 	-2785.389 	-0.408 	0.262 	-0.282 	
2903.052 	-787.063 	-529.222 	0.280 	-0.081 	-0.051 	
1277.779 	1859.857 	2009.858 	0.113 	0.192 	0.206 	
-1059.518 	-1490.565 	-2117.547 	-0.124 	-0.155 	-0.209 	
-1635.316 	-803.893 	1131.404 	-0.186 	-0.080 	0.114 	
-3045.112 	411.855 	606.132 	-0.318 	0.041 	0.062 	
2511.402 	-487.614 	-403.102 	0.234 	-0.052 	-0.040 	
2054.959 	-1764.180 	2327.084 	0.196 	-0.177 	0.237 	
-1073.019 	-1768.355 	2640.840 	-0.131 	-0.180 	0.265 	
-4177.793 	18.582 	2913.274 	-0.439 	0.002 	0.293 	
-2362.833 	655.323 	922.801 	-0.260 	0.067 	0.094 	
3614.497 	-2742.475 	-107.093 	0.344 	-0.281 	-0.012 	
-780.288 	821.045 	-2096.841 	-0.098 	0.079 	-0.207 	
-1256.642 	1456.332 	3709.820 	-0.140 	0.144 	0.374 	
2918.994 	-2545.777 	-828.344 	0.278 	-0.256 	-0.082 	
4010.735 	-499.990 	-1885.897 	0.391 	-0.052 	-0.187 	
3430.175 	3403.694 	4406.828 	0.328 	0.343 	0.446 	
3033.474 	-4101.032 	-2111.203 	0.289 	-0.412 	-0.209 	
3394.740 	1187.622 	1245.470 	0.329 	0.119 	0.123 	
4253.747 	-2327.984 	1338.566 	0.417 	-0.235 	0.136 	
464.166 	-3075.325 	2383.424 	0.031 	-0.305 	0.241 	
1159.212 	389.873 	-2978.838 	0.105 	0.039 	-0.300 	
3633.863 	2680.116 	1960.188 	0.346 	0.272 	0.201 	
-1273.830 	-788.543 	46.410 	-0.150 	-0.080 	0.007 	
-2848.190 	180.551 	-2883.170 	-0.306 	0.015 	-0.295 	
456.545 	1938.190 	1408.219 	0.026 	0.197 	0.146 	
-2780.018 	210.642 	2812.740 	-0.297 	0.027 	0.282 	
-1536.565 	-1420.554 	3622.828 	-0.174 	-0.149 	0.362 	
-4063.991 	1981.624 	1101.331 	-0.430 	0.202 	0.112 	
-4098.047 	1950.841 	3350.988 	-0.425 	0.196 	0.340 	
-1416.979 	-542.845 	2886.556 	-0.161 	-0.052 	0.288 	
3979.411 	-2771.550 	-3325.033 	0.382 	-0.280 	-0.340 	
400.552 	-4036.148 	4051.731 	0.019 	-0.409 	0.409 	
-2139.252 	2127.964 	749.630 	-0.231 	0.214 	0.075 	
-3749.932 	1454.804 	3053.430 	-0.391 	0.146 	0.309 	
-2919.127 	-21.405 	2376.993 	-0.305 	-0.000 	0.239 	
79.273 	1848.198 	2442.360 	-0.014 	0.183 	0.247 	
833.212 	-1217.809 	-404.122 	0.072 	-0.122 	-0.039 	
842.949 	517.708 	588.887 	0.066 	0.047 	0.059 	
-1277.717 	-3014.117 	1400.216 	-0.142 	-0.307 	0.140 	
1108.014 	-774.499 	1247.258 	0.095 	-0.079 	0.123 	
2738.246 	1100.334 	2188.226 	0.263 	0.112 	0.216 	
1610.918 	426.504 	-2325.061 	0.143 	0.043 	-0.234 	
757.221 	234.393 	-1234.414 	0.058 	0.025 	-0.125 	
-4345.015 	-3036.183 	4166.255 	-0.459 	-0.308 	0.424 	
-2720.470 	3716.625 	2433.717 	-0.293 	0.373 	0.249 	
-1560.205 	-3497.498 	2923.430 	-0.173 	-0.351 	0.294 	
-808.208 	-879.585 	2729.537 	-0.100 	-0.093 	0.271 	
-1231.489 	-739.641 	-955.648 	-0.147 	-0.076 	-0.098 	
4438.235 	1477.467 	4054.422 	0.434 	0.151 	0.409 	
-1028.197 	-3587.741 	-3564.685 	-0.116 	-0.362 	-0.360 	
1704.905 	4203.750 	-572.057 	0.155 	0.427 	-0.060 	
1170.210 	4304.428 	-3992.883 	0.105 	0.436 	-0.401 	
-656.252 	2817.939 	1601.244 	-0.082 	0.286 	0.162 	
-1592.645 	2605.202 	-421.353 	-0.178 	0.261 	-0.047 	
492.547 	1627.204 	-4588.060 	0.033 	0.162 	-0.468 	
-1712.190 	522.016 	-1171.346 	-0.186 	0.054 	-0.116 	
-72.894 	323.536 	-2616.044 	-0.022 	0.032 	-0.266 	
3091.423 	2462.095 	-1171.535 	0.300 	0.247 	-0.118 	
-3913.338 	2604.328 	-2631.205 	-0.414 	0.265 	-0.271 	
3757.486 	3731.507 	2332.940 	0.369 	0.376 	0.236 	
-2888.230 	2546.972 	2709.549 	-0.311 	0.255 	0.277 	
1249.012 	1355.045 	2938.304 	0.105 	0.133 	0.296 	
-4449.263 	2624.200 	-2322.855 	-0.469 	0.267 	-0.236 	
-2416.961 	3687.880 	-1302.850 	-0.258 	0.370 	-0.128 	
-2500.889 	1650.684 	1269.926 	-0.265 	0.164 	0.132 	
-527.629 	-1350.488 	1974.473 	-0.081 	-0.139 	0.195 	
-80.283 	-1595.414 	-3519.866 	-0.025 	-0.155 	-0.354 	
-3962.619 	-1195.992 	-2013.725 	-0.412 	-0.122 	-0.206 	
2638.755 	443.736 	-544.955 	0.251 	0.046 	-0.049 	
2907.401 	-63.673 	-372.557 	0.274 	-0.009 	-0.032 	
-1766.990 	-765.902 	3503.261 	-0.198 	-0.079 	0.350 	
3497.291 	-2412.195 	-2354.108 	0.338 	-0.240 	-0.241 	
1280.664 	-463.204 	1972.633 	0.110 	-0.045 	0.198 	
4224.935 	-3766.078 	-2318.684 	0.414 	-0.377 	-0.237 	
1244.387 	-2780.608 	380.482 	0.109 	-0.279 	0.035 	
-1158.424 	-3565.138 	207.966 	-0.135 	-0.360 	0.021 	
1099.669 	3397.442 	-485.193 	0.097 	0.337 	-0.048 	
2286.400 	-660.334 	-758.383 	0.212 	-0.062 	-0.074 	
-1597.351 	-574.929 	188.907 	-0.175 	-0.061 	0.021 	
-644.136 	2606.659 	-646.493 	-0.087 	0.264 	-0.065 	
2307.272 	-3098.943 	-4001.282 	0.220 	-0.315 	-0.407 	
-3426.869 	2869.950 	1062.032 	-0.365 	0.289 	0.113 	
-824.336 	-1784.783 	2645.325 	-0.104 	-0.177 	0.261 	
1662.126 	2273.864 	-132.996 	0.145 	0.229 	-0.015 	
2665.728 	3646.790 	-3234.738 	0.251 	0.371 	-0.325 	
-3671.286 	608.290 	86.396 	-0.388 	0.057 	0.012 	
2642.446 	2087.995 	659.829 	0.249 	0.207 	0.070 	
-4344.505 	3965.691 	4106.729 	-0.459 	0.398 	0.417 	
611.909 	676.357 	1493.689 	0.048 	0.068 	0.147 	
2149.739 	-1048.526 	-400.798 	0.197 	-0.108 	-0.038 	
3446.749 	2144.194 	3175.931 	0.327 	0.217 	0.320 	
-675.281 	-534.458 	-439.668 	-0.089 	-0.057 	-0.039 	
3599.025 	-3073.872 	-3083.878 	0.350 	-0.310 	-0.315 	
2887.687 	-98.128 	-1549.681 	0.274 	-0.009 	-0.157 	
-3634.563 	-3491.444 	-505.533 	-0.384 	-0.351 	-0.046 	
-3253.597 	3658.146 	3682.968 	-0.347 	0.374 	0.369 	
2315.697 	-4412.054 	2743.351 	0.216 	-0.451 	0.277 	
2553.734 	-2733.697 	-426.770 	0.239 	-0.275 	-0.039 	
4213.048 	-3762.362 	3711.907 	0.414 	-0.380 	0.374 	
-1791.625 	-712.570 	-1553.284 	-0.197 	-0.070 	-0.154 	
4546.230 	3725.019 	2374.073 	0.447 	0.378 	0.237 	
2054.384 	1850.679 	-1739.536 	0.185 	0.186 	-0.177 	
-10.542 	3222.069 	-1162.288 	-0.016 	0.327 	-0.115 	
-4499.562 	822.938 	-1587.071 	-0.475 	0.083 	-0.157 	
-4996.537 	3706.727 	6086.900 	-0.521 	0.378 	0.616 	
1454.129 	-778.984 	3269.597 	0.135 	-0.078 	0.327 	
-2175.953 	-865.499 	-1138.450 	-0.241 	-0.086 	-0.113 	
-4010.547 	1575.245 	3193.069 	-0.417 	0.160 	0.321 	
-1933.215 	1960.986 	-2250.205 	-0.211 	0.198 	-0.232 	
-137.650 	462.098 	-731.747 	-0.027 	0.043 	-0.074 	
-3757.834 	-550.744 	-1893.300 	-0.399 	-0.054 	-0.191 	
28.645 	-1173.726 	-639.373 	-0.014 	-0.121 	-0.066 	
4182.790 	-488.783 	-310.745 	0.406 	-0.049 	-0.035 	
-928.812 	1078.551 	756.827 	-0.114 	0.107 	0.082 	
1646.943 	-3110.493 	-395.508 	0.144 	-0.312 	-0.042 	
2722.749 	-3637.898 	-1721.510 	0.260 	-0.365 	-0.178 	
-2256.877 	-2450.617 	1629.767 	-0.240 	-0.248 	0.163 	
-906.972 	2448.311 	3166.047 	-0.109 	0.244 	0.318 	
2085.994 	4086.851 	2710.049 	0.194 	0.417 	0.273 	
-4504.583 	2109.132 	-489.397 	-0.472 	0.217 	-0.051 	
-497.654 	81.258 	-2811.778 	-0.068 	0.005 	-0.281 	
-2044.389 	1385.937 	-3748.492 	-0.222 	0.136 	-0.376 	
-3730.336 	-1147.565 	534.882 	-0.396 	-0.120 	0.054 	
1741.546 	1487.042 	1423.010 	0.159 	0.151 	0.139 	
780.215 	-846.509 	-3108.602 	0.058 	-0.087 	-0.312 	
680.927 	2947.830 	1493.698 	0.053 	0.295 	0.150 	
30.871 	1150.107 	2120.458 	-0.015 	0.119 	0.211 	
-1818.051 	-2593.439 	2734.008 	-0.200 	-0.260 	0.277 	
-103.566 	-501.375 	-1383.895 	-0.030 	-0.051 	-0.136 	
-1168.089 	3873.105 	2432.544 	-0.139 	0.386 	0.248 	
-2278.523 	888.098 	-251.593 	-0.244 	0.087 	-0.021 	
-3734.109 	-2175.584 	360.275 	-0.399 	-0.218 	0.036 	
2748.683 	-1532.769 	-4227.162 	0.263 	-0.154 	-0.428 	
-3573.160 	4707.920 	-2030.348 	-0.381 	0.480 	-0.203 	
-1692.406 	1852.992 	-3856.813 	-0.183 	0.188 	-0.389 	
2826.125 	-1811.694 	-631.402 	0.267 	-0.178 	-0.061 	
315.120 	828.084 	-700.617 	0.012 	0.086 	-0.070 	
-1228.096 	3384.993 	-1634.339 	-0.144 	0.341 	-0.164 	
-1029.604 	483.674 	2727.464 	-0.123 	0.051 	0.272 	
-3181.626 	-3005.555 	3672.689 	-0.343 	-0.301 	0.371 	
1875.931 	2780.022 	2595.656 	0.175 	0.275 	0.262 	
434.580 	2582.790 	3448.007 	0.030 	0.259 	0.350 	
1333.895 	1794.910 	-2226.711 	0.115 	0.176 	-0.224 	
2463.270 	2159.145 	-3700.259 	0.232 	0.217 	-0.376 	
228.852 	-1615.967 	-3167.198 	0.005 	-0.167 	-0.319 	
-3177.974 	2067.979 	-1417.107 	-0.342 	0.206 	-0.141 	
1935.028 	173.427 	-11.612 	0.180 	0.019 	0.001 	
-3471.759 	3321.806 	228.431 	-0.378 	0.331 	0.031 	
-1704.967 	-3113.279 	-1355.859 	-0.189 	-0.312 	-0.138 	
679.397 	-2027.619 	-3191.335 	0.046 	-0.206 	-0.322 	
-942.238 	-1052.538 	2536.298 	-0.117 	-0.105 	0.256 	
-349.852 	-3776.971 	1729.973 	-0.051 	-0.382 	0.177 	
2607.048 	1949.064 	-2800.708 	0.251 	0.195 	-0.282 	
265.277 	2341.277 	-2217.816 	0.010 	0.239 	-0.227 	
-86.571 	2873.735 	-2433.138 	-0.030 	0.289 	-0.243 	
-2228.683 	2906.010 	-1684.800 	-0.238 	0.294 	-0.170 	
-4361.258 	-1579.077 	516.627 	-0.458 	-0.162 	0.055 	
-2644.897 	-1202.512 	-2186.018 	-0.278 	-0.123 	-0.219 	
4433.167 	-2605.606 	3819.571 	0.431 	-0.263 	0.383 	
-4155.725 	1893.500 	-673.445 	-0.438 	0.194 	-0.067 	
-554.973 	-1381.962 	2038.026 	-0.069 	-0.141 	0.203 	
-1192.970 	-1410.792 	-2855.456 	-0.134 	-0.143 	-0.283 	
-1873.530 	-3837.685 	3547.683 	-0.208 	-0.386 	0.357 	
-563.973 	-1386.057 	2012.393 	-0.082 	-0.128 	0.206 	
231.023 	-3801.861 	868.456 	0.009 	-0.385 	0.088 	
-1371.201 	-583.799 	258.496 	-0.161 	-0.061 	0.027 	
-1526.774 	-1327.360 	-1397.293 	-0.172 	-0.136 	-0.137 	
-964.151 	-1525.900 	1918.215 	-0.092 	-0.136 	0.163 	
1434.585 	-3471.243 	2127.387 	0.130 	-0.354 	0.214 	
-2462.205 	-714.526 	2153.545 	-0.260 	-0.075 	0.217 	
3787.076 	2017.836 	-3226.192 	0.371 	0.205 	-0.327 	
-710.877 	2149.453 	3758.706 	-0.090 	0.213 	0.376 	
1272.701 	3201.040 	2544.361 	0.116 	0.321 	0.256 	
2475.041 	2759.494 	1721.281 	0.237 	0.280 	0.174 	
1974.837 	-2308.123 	797.718 	0.182 	-0.228 	0.082 	
-1733.692 	-634.999 	-2682.360 	-0.195 	-0.061 	-0.266 	
-2418.676 	2504.468 	1479.014 	-0.256 	0.252 	0.152 	
342.340 	-1490.096 	2477.687 	0.013 	-0.151 	0.250 	
1183.614 	-2871.132 	2070.396 	0.102 	-0.294 	0.210 	
-1331.837 	-2746.482 	256.917 	-0.154 	-0.270 	0.026 	
402.464 	-2479.635 	-523.229 	0.020 	-0.250 	-0.056 	
-421.138 	-2483.438 	-1120.587 	-0.065 	-0.247 	-0.111 	
3251.734 	-575.515 	-3284.335 	0.312 	-0.058 	-0.330 	
1584.498 	876.514 	3907.329 	0.138 	0.090 	0.395 	
-2986.464 	1863.531 	2555.331 	-0.317 	0.189 	0.261 	
4179.210 	-2300.359 	3902.478 	0.410 	-0.231 	0.398 	
-2800.498 	1388.153 	598.200 	-0.296 	0.141 	0.058 	
187.474 	652.345 	3463.442 	0.002 	0.070 	0.347 	
-4383.625 	1937.526 	2632.819 	-0.460 	0.201 	0.266 	
-1610.364 	-2647.330 	770.443 	-0.181 	-0.271 	0.078 	
1971.973 	-394.221 	-2219.981 	0.185 	-0.037 	-0.225 	
-1569.522 	-3724.927 	4299.242 	-0.176 	-0.377 	0.439 	
-3470.790 	3320.038 	247.975 	-0.367 	0.339 	0.017 	
719.529 	-3945.473 	-3622.144 	0.055 	-0.396 	-0.364 	
-4340.244 	-1038.485 	-3884.790 	-0.451 	-0.106 	-0.392 	
-2138.682 	1.238 	-2443.480 	-0.238 	-0.001 	-0.246 	
-43.593 	209.709 	-375.508 	-0.019 	0.019 	-0.038 	
-4377.853 	-1077.790 	4084.257 	-0.460 	-0.113 	0.414 	
-1508.294 	-185.575 	-231.676 	-0.168 	-0.023 	-0.017 	
3683.806 	-2092.361 	2431.255 	0.356 	-0.215 	0.249 	
-3952.810 	-3025.276 	-3143.936 	-0.418 	-0.304 	-0.315 	
-3698.834 	1084.779 	-30.329 	-0.384 	0.108 	-0.003 	
663.029 	1326.283 	-3877.604 	0.053 	0.137 	-0.392 	
-2744.393 	949.270 	1840.617 	-0.290 	0.091 	0.187 	
3892.363 	-3857.860 	2789.350 	0.373 	-0.393 	0.282 	
-1291.372 	2309.711 	-2697.326 	-0.143 	0.230 	-0.273 	
-4382.900 	333.147 	2228.842 	-0.459 	0.033 	0.227 	
1592.228 	-3080.018 	3455.111 	0.141 	-0.310 	0.351 	
-4300.121 	2868.867 	-399.881 	-0.451 	0.289 	-0.043 	
-4022.886 	1702.736 	1400.665 	-0.419 	0.169 	0.146 	
597.758 	-2970.592 	805.689 	0.047 	-0.302 	0.081 	
-1572.518 	-3049.580 	1873.667 	-0.175 	-0.311 	0.192 	
822.379 	-2210.575 	-3620.511 	0.071 	-0.226 	-0.362 	
-3459.696 	-2029.562 	1814.012 	-0.364 	-0.202 	0.183 	
-4315.590 	-1600.916 	-2044.475 	-0.456 	-0.163 	-0.208 	
2220.098 	-3768.129 	-3508.382 	0.209 	-0.384 	-0.353 	
-3909.967 	-2563.237 	-3041.168 	-0.412 	-0.260 	-0.312 	
895.720 	-1198.161 	-268.077 	0.072 	-0.120 	-0.026 	
1896.006 	3653.261 	1842.454 	0.172 	0.369 	0.183 	
3238.679 	934.842 	2252.709 	0.307 	0.093 	0.230 	
1703.646 	-2145.198 	-2469.501 	0.157 	-0.221 	-0.246 	
4133.400 	-3707.262 	3201.552 	0.398 	-0.375 	0.327 	
-4002.605 	-1822.726 	-700.396 	-0.423 	-0.184 	-0.072 	
-2436.619 	3758.935 	1834.394 	-0.267 	0.378 	0.189 	
-1368.458 	2329.961 	3426.784 	-0.157 	0.231 	0.348 	
2237.046 	663.356 	3045.502 	0.209 	0.068 	0.307 	
-721.193 	-3173.531 	3405.323 	-0.090 	-0.317 	0.343 	
-3264.623 	2163.113 	1486.696 	-0.344 	0.221 	0.149 	
2486.394 	3244.197 	307.269 	0.236 	0.329 	0.033 	
-2268.733 	-1603.510 	-1613.516 	-0.242 	-0.165 	-0.163 	
-563.239 	-2634.397 	3319.476 	-0.076 	-0.270 	0.332 	
3048.652 	510.144 	562.370 	0.289 	0.049 	0.062 	
-4000.367 	-4016.022 	2554.749 	-0.418 	-0.408 	0.257 	
-1533.408 	-1308.552 	-1093.385 	-0.167 	-0.127 	-0.112 	
2912.369 	-3085.565 	887.496 	0.277 	-0.309 	0.093 	
-602.855 	2033.686 	1085.809 	-0.081 	0.200 	0.108 	
-1031.056 	-1654.687 	-417.772 	-0.123 	-0.162 	-0.044 	
1922.612 	219.077 	-2171.439 	0.175 	0.022 	-0.215 	
-3525.043 	3521.062 	2416.746 	-0.376 	0.357 	0.240 	
3916.981 	-3429.130 	480.503 	0.381 	-0.348 	0.052 	
3367.250 	-142.914 	2640.220 	0.326 	-0.015 	0.268 	
803.882 	3456.007 	-56.019 	0.061 	0.352 	-0.007 	
546.022 	935.527 	2176.451 	0.043 	0.091 	0.216 	
-4435.829 	2713.137 	3564.895 	-0.469 	0.272 	0.361 	
-3287.055 	-1104.062 	1467.836 	-0.344 	-0.114 	0.149 	
3369.527 	674.795 	-927.039 	0.318 	0.067 	-0.095 	
-2329.849 	-745.379 	-3212.403 	-0.247 	-0.075 	-0.322 	
