## Las primeras 500 lineas corresponden a la esfera 1 
##las siguienets 500 lineas a la esfera 2
## Las primeras tres columnas corresponden a la posición en 'x', 'y' y 'z', las siguientes tres a las velocidades
112.733 	-42.629 	-27.599 	-0.057 	-0.054 	0.030 	
-6.515 	-137.439 	95.813 	-0.007 	-0.013 	-0.012 	
2.136 	-32.738 	106.307 	0.012 	-0.037 	0.007 	
-3264.248 	3894.534 	-660.049 	-0.335 	0.399 	-0.072 	
-72.409 	-241.935 	76.505 	0.042 	-0.035 	0.052 	
-304.429 	805.018 	72.438 	-0.095 	0.176 	0.007 	
-99.637 	-162.920 	57.227 	-0.161 	-0.007 	-0.013 	
13.018 	-100.797 	14.263 	0.045 	-0.102 	-0.092 	
40.910 	-105.190 	62.983 	0.068 	-0.025 	0.067 	
-230.085 	-131.680 	76.553 	-0.427 	-0.104 	-0.035 	
-675.306 	3591.717 	-1928.678 	-0.072 	0.378 	-0.202 	
-28.145 	-128.808 	114.290 	-0.057 	0.051 	0.034 	
2532.330 	-3350.010 	2385.461 	0.265 	-0.349 	0.250 	
32.976 	-58.127 	65.339 	0.161 	-0.062 	-0.004 	
-50.278 	-84.955 	86.824 	0.100 	-0.030 	0.034 	
59.246 	-118.936 	137.152 	-0.030 	0.005 	0.063 	
-40.663 	-37.677 	38.376 	0.039 	-0.118 	0.092 	
-9.852 	-178.530 	-32.372 	0.104 	-0.068 	0.101 	
-13.510 	-142.678 	49.914 	0.039 	-0.122 	-0.040 	
-323.527 	245.393 	208.585 	-0.091 	0.060 	0.031 	
73.210 	-153.196 	90.920 	-0.072 	-0.015 	0.116 	
-106.660 	-94.265 	101.724 	0.069 	0.170 	0.072 	
-6.317 	-59.692 	68.128 	0.135 	-0.020 	0.047 	
17.885 	-82.970 	65.259 	0.027 	0.100 	-0.179 	
-6.316 	-75.182 	39.656 	-0.119 	-0.044 	0.040 	
104.748 	-97.852 	60.016 	-0.033 	-0.024 	0.013 	
47.775 	-69.991 	65.664 	-0.002 	0.034 	0.022 	
-22.797 	-101.747 	111.673 	-0.081 	-0.013 	0.026 	
101.123 	-126.252 	-135.057 	-0.015 	-0.010 	-0.076 	
28.467 	-93.194 	25.654 	-0.021 	0.039 	0.115 	
195.976 	29.493 	13.706 	0.024 	0.080 	-0.015 	
-30.052 	-106.511 	63.790 	0.054 	-0.010 	0.127 	
322.936 	-87.768 	40.206 	0.123 	-0.031 	-0.036 	
-4.523 	-56.594 	68.669 	0.104 	-0.011 	-0.028 	
-9.224 	-71.649 	98.217 	0.020 	-0.050 	0.137 	
70.216 	-74.937 	8.110 	-0.075 	0.002 	0.097 	
100.303 	-127.067 	160.005 	-0.090 	-0.070 	0.021 	
86.108 	-57.390 	71.860 	0.148 	0.062 	0.063 	
178.304 	-69.239 	72.396 	-0.088 	-0.004 	0.008 	
-4.573 	-79.363 	85.251 	0.015 	0.028 	-0.010 	
6.309 	-57.838 	108.061 	0.054 	-0.012 	0.042 	
-374.503 	-221.056 	653.359 	-0.176 	-0.060 	0.238 	
53.826 	-108.388 	94.888 	0.001 	0.069 	0.031 	
-127.964 	-89.765 	136.470 	0.086 	-0.011 	-0.047 	
-42.361 	-102.274 	84.930 	-0.137 	-0.216 	-0.036 	
2626.255 	-3021.782 	5751.353 	1.604 	-1.826 	3.516 	
39.864 	-119.392 	41.739 	-0.162 	0.024 	0.169 	
38.366 	-103.797 	75.449 	-0.026 	0.023 	0.018 	
79.297 	-79.876 	129.782 	0.037 	0.140 	-0.014 	
34.613 	-102.309 	27.215 	-0.048 	-0.031 	0.038 	
-99.281 	-323.803 	134.177 	-0.063 	-0.117 	0.064 	
50.592 	-90.980 	40.877 	-0.148 	0.041 	-0.004 	
-82.684 	-88.163 	2.586 	-0.037 	-0.047 	0.031 	
36.399 	-54.010 	84.096 	-0.071 	0.018 	-0.041 	
-11.564 	-75.310 	55.100 	-0.064 	0.043 	0.081 	
49.129 	-71.655 	16.035 	-0.108 	-0.046 	-0.020 	
71.451 	-99.268 	121.522 	0.051 	0.156 	0.051 	
-67.023 	-36.842 	65.952 	0.078 	-0.075 	-0.019 	
-271.256 	16.208 	257.477 	-0.106 	-0.001 	0.065 	
26.989 	-84.032 	37.206 	0.065 	-0.062 	-0.034 	
-115.049 	-80.080 	125.403 	0.049 	-0.054 	-0.032 	
42.030 	-144.934 	62.488 	0.046 	0.074 	0.051 	
102.268 	-18.969 	68.138 	0.110 	0.028 	-0.031 	
-98.304 	-31.944 	-53.322 	-0.170 	0.025 	-0.176 	
144.216 	81.221 	84.740 	-0.035 	-0.089 	-0.000 	
101.474 	-58.295 	132.813 	-0.042 	0.066 	-0.056 	
-1667.004 	-2808.608 	-2293.198 	-0.178 	-0.288 	-0.236 	
119.090 	-15.537 	-25.755 	0.057 	-0.034 	0.011 	
-46.275 	-66.479 	98.507 	0.002 	0.052 	0.008 	
-116.222 	-170.530 	101.065 	0.000 	-0.130 	-0.015 	
13.195 	-110.801 	87.701 	-0.012 	-0.101 	0.049 	
45.652 	-76.135 	78.077 	0.002 	0.013 	-0.060 	
3.639 	-92.497 	37.572 	0.151 	0.128 	0.011 	
50.508 	-113.462 	140.929 	-0.182 	0.006 	0.085 	
-38.100 	-62.188 	243.623 	-0.029 	0.012 	0.101 	
-171.795 	-75.361 	142.906 	-0.093 	-0.039 	-0.086 	
80.942 	3.247 	116.506 	-0.127 	-0.092 	0.013 	
1322.639 	1971.387 	3482.534 	0.134 	0.197 	0.350 	
-41.267 	-37.897 	140.093 	-0.073 	-0.037 	0.021 	
-36.055 	-110.880 	74.638 	0.109 	0.017 	-0.115 	
143.848 	-21.451 	61.885 	-0.055 	-0.030 	0.069 	
-134.315 	-73.896 	131.038 	-0.118 	0.019 	0.019 	
4.369 	-166.050 	-106.072 	-0.035 	0.024 	0.070 	
-79.160 	-449.466 	772.911 	0.004 	-0.011 	0.032 	
-4.232 	76.663 	41.701 	-0.067 	0.033 	0.014 	
-102.630 	-155.485 	246.058 	0.031 	-0.006 	0.024 	
20.534 	-54.990 	75.194 	0.014 	-0.084 	-0.022 	
46.767 	-121.326 	37.938 	-0.082 	0.045 	0.016 	
-168.744 	-357.551 	153.190 	-0.020 	-0.003 	-0.006 	
24.298 	-158.697 	104.632 	0.057 	0.036 	0.083 	
-25.935 	-90.684 	30.442 	0.129 	-0.005 	-0.085 	
111.450 	-72.052 	-39.072 	-0.058 	0.041 	-0.100 	
-2465.467 	2781.214 	-5555.844 	-1.534 	1.751 	-3.453 	
3.665 	-11.226 	-30.461 	-0.110 	-0.053 	-0.051 	
-10.136 	-116.106 	24.667 	0.055 	0.055 	0.143 	
52.861 	-67.205 	90.241 	-0.034 	-0.147 	-0.127 	
-10.766 	-130.915 	87.607 	0.083 	0.012 	-0.040 	
5905.236 	-6387.836 	11.820 	0.612 	-0.666 	0.004 	
8485.677 	-7775.262 	-16157.287 	0.871 	-0.795 	-1.651 	
-127.470 	-94.353 	180.835 	-0.037 	-0.060 	-0.012 	
60.241 	-122.387 	89.820 	0.022 	-0.002 	0.040 	
-117.293 	-197.164 	74.003 	-0.091 	-0.017 	0.027 	
-27.295 	-95.460 	102.887 	-0.065 	-0.210 	0.072 	
-31.610 	-79.408 	138.712 	0.121 	-0.003 	-0.049 	
7433.967 	-5194.246 	4452.102 	0.754 	-0.523 	0.450 	
-7191.263 	9521.107 	17168.056 	-0.730 	0.971 	1.752 	
5259.848 	-103.520 	423.001 	0.615 	-0.008 	0.048 	
-4039.440 	3494.066 	1468.855 	-0.687 	0.596 	0.250 	
791.097 	-1956.200 	162.178 	0.476 	-1.131 	0.051 	
680.145 	23.859 	346.755 	0.011 	0.029 	0.016 	
-4.250 	-94.826 	128.270 	-0.067 	-0.069 	0.120 	
-63.432 	-83.633 	125.333 	-0.053 	-0.101 	0.035 	
-3459.845 	-962.358 	214.445 	-0.435 	-0.103 	0.022 	
-77.979 	-207.808 	108.984 	-0.072 	-0.120 	0.014 	
69.656 	-68.033 	85.018 	0.146 	-0.023 	0.033 	
25.406 	-134.668 	127.080 	0.005 	-0.038 	0.089 	
38.292 	-140.741 	78.081 	-0.068 	0.073 	0.064 	
174.341 	0.593 	7.543 	-0.112 	0.090 	0.032 	
-54.082 	-93.052 	217.157 	0.019 	0.072 	0.072 	
-282.825 	-71.621 	84.027 	-0.082 	0.019 	-0.041 	
176.230 	-102.430 	25.904 	0.050 	-0.032 	-0.131 	
-79.146 	-43.832 	150.412 	-0.113 	0.089 	0.028 	
-132.910 	193.582 	468.635 	-0.282 	0.622 	1.007 	
-67.090 	-72.548 	112.473 	0.025 	0.092 	-0.036 	
235.679 	-91.479 	42.676 	-0.118 	-0.048 	-0.002 	
-75.337 	-48.470 	36.239 	0.024 	0.139 	0.047 	
-111.614 	65.418 	81.394 	-0.002 	0.022 	0.002 	
-114.283 	-129.976 	11.148 	0.026 	0.022 	0.018 	
1.706 	-108.012 	96.551 	-0.135 	-0.166 	0.111 	
67.665 	-64.917 	10.055 	0.098 	0.068 	-0.004 	
43.986 	-104.425 	40.927 	-0.040 	0.076 	0.035 	
17.372 	-66.032 	81.293 	-0.134 	-0.050 	0.098 	
9.930 	-93.542 	97.959 	0.091 	0.093 	0.194 	
1560.453 	3258.439 	-1346.139 	0.301 	0.651 	-0.270 	
-11.470 	-84.888 	85.651 	0.042 	0.028 	0.016 	
-39.247 	-138.791 	94.116 	-0.164 	0.014 	-0.104 	
302.224 	-126.715 	97.357 	0.458 	-0.091 	0.007 	
-322.279 	-674.252 	143.800 	-0.017 	-0.068 	0.001 	
-49000.112 	-14456.361 	-29047.383 	-5.694 	-1.675 	-3.368 	
-5561.590 	4769.582 	-2848.520 	-0.555 	0.480 	-0.285 	
88.413 	-80.938 	136.784 	0.064 	-0.091 	0.119 	
-2516.101 	-507.316 	1553.650 	-0.286 	-0.059 	0.172 	
1693.653 	150.185 	-420.865 	0.182 	0.015 	-0.061 	
-74.043 	-60.559 	153.549 	0.005 	0.064 	-0.087 	
-3049.980 	9012.696 	-3103.511 	-0.671 	1.959 	-0.679 	
-1016.597 	152.792 	804.486 	-0.279 	0.067 	0.184 	
-15.160 	-177.959 	72.934 	0.024 	-0.093 	-0.076 	
-82.228 	-67.599 	74.767 	-0.180 	-0.053 	-0.042 	
230.499 	-138.031 	82.889 	-0.034 	0.069 	0.031 	
945.934 	-8997.872 	3339.092 	0.194 	-1.940 	0.716 	
-9.735 	-74.070 	96.573 	0.150 	-0.064 	0.085 	
-18.060 	-125.201 	55.581 	-0.200 	-0.066 	0.112 	
-1.165 	-80.112 	90.880 	0.153 	0.060 	0.008 	
-62.506 	45.622 	138.535 	-0.010 	0.015 	-0.014 	
13.360 	-93.319 	104.505 	-0.029 	-0.067 	-0.074 	
-68.115 	-223.745 	98.633 	-0.036 	-0.013 	0.052 	
-1.874 	-79.077 	62.720 	-0.101 	-0.026 	0.053 	
-100.563 	-107.848 	86.742 	0.029 	-0.027 	0.020 	
1033.345 	794.977 	-1074.530 	0.099 	0.090 	-0.112 	
99.131 	-96.116 	258.019 	0.021 	-0.000 	0.066 	
1.741 	-121.909 	96.004 	0.111 	-0.036 	-0.177 	
122.624 	-123.851 	110.855 	0.015 	-0.067 	0.171 	
-160.548 	-61.221 	162.534 	0.085 	-0.090 	-0.081 	
84.931 	29.689 	117.175 	0.083 	-0.008 	-0.003 	
-27.912 	-108.433 	60.758 	0.047 	0.138 	0.116 	
41.541 	-90.120 	36.105 	0.049 	-0.008 	-0.141 	
106.429 	-147.097 	20.576 	-0.042 	-0.082 	-0.058 	
-42.766 	-88.773 	82.402 	-0.043 	-0.126 	0.106 	
-188.656 	-55.824 	58.273 	-0.071 	-0.030 	0.021 	
30.595 	-112.737 	87.574 	-0.020 	0.050 	0.030 	
85.329 	-129.517 	140.755 	0.083 	-0.095 	0.019 	
4521.778 	-86395.892 	-50205.350 	0.817 	-15.883 	-9.238 	
38.252 	-107.407 	127.242 	0.108 	0.016 	0.061 	
-31.804 	-60.860 	61.808 	-0.003 	0.087 	-0.154 	
-21.126 	-76.779 	96.728 	0.084 	0.073 	0.045 	
1.804 	-131.009 	45.343 	0.078 	-0.091 	-0.186 	
25.860 	-69.202 	71.926 	0.101 	0.091 	0.011 	
-2.133 	-69.610 	57.181 	0.096 	-0.179 	-0.072 	
-144.127 	-53.853 	171.818 	-0.154 	0.052 	0.048 	
-129.564 	-99.750 	97.980 	0.104 	-0.087 	-0.050 	
1406.468 	98.784 	455.741 	0.322 	0.043 	0.108 	
326.836 	-73.463 	69.388 	-0.018 	-0.002 	0.034 	
-12.114 	-72.383 	93.497 	0.085 	0.074 	-0.133 	
19.766 	-216.314 	159.063 	-0.104 	0.010 	-0.014 	
-90.006 	-95.468 	78.739 	-0.095 	-0.015 	-0.211 	
8.317 	-73.105 	81.582 	-0.042 	-0.137 	0.052 	
-199.679 	-102.865 	175.236 	0.043 	0.092 	0.041 	
-1424.249 	808.099 	1712.904 	-0.200 	0.100 	0.207 	
-31.651 	-185.297 	140.983 	0.045 	-0.069 	0.112 	
-85.455 	-46.462 	291.764 	0.021 	0.000 	0.007 	
-34.347 	6.913 	246.362 	0.016 	0.039 	0.024 	
5.001 	-115.747 	118.257 	0.118 	-0.053 	0.028 	
-1535.000 	-2727.395 	1349.971 	-0.310 	-0.530 	0.262 	
-122.769 	-93.395 	79.983 	0.006 	0.066 	0.037 	
203.533 	-43.122 	55.812 	-0.028 	-0.010 	-0.011 	
55.849 	159.321 	440.577 	0.015 	0.114 	0.197 	
7757.503 	959.510 	1543.661 	0.886 	0.117 	0.177 	
-40.080 	-127.113 	73.653 	-0.008 	-0.191 	0.054 	
85.246 	62.475 	161.110 	0.006 	0.026 	0.021 	
-7.126 	-72.224 	60.782 	0.037 	0.089 	-0.028 	
-18.376 	-56.966 	68.912 	0.017 	0.005 	0.004 	
484.149 	24.851 	-40.348 	0.052 	0.049 	0.008 	
-15.103 	-157.933 	32.595 	-0.111 	0.051 	0.089 	
5.344 	-104.579 	78.151 	0.012 	0.109 	-0.068 	
214.382 	-507.167 	979.111 	0.004 	-0.043 	0.076 	
68.217 	-54.249 	-1.655 	-0.101 	0.026 	0.068 	
11.192 	-28.669 	90.297 	-0.017 	-0.144 	-0.093 	
2637.490 	-2753.354 	-887.544 	0.391 	-0.400 	-0.132 	
37.028 	-82.402 	75.646 	-0.012 	-0.062 	0.153 	
91.005 	-110.911 	28.606 	-0.075 	-0.037 	-0.064 	
9.771 	-101.300 	30.030 	-0.104 	-0.061 	0.065 	
751.688 	-346.372 	98.857 	0.019 	-0.017 	-0.005 	
-17.210 	-129.347 	89.927 	-0.126 	-0.102 	0.113 	
-89.370 	-70.501 	58.326 	-0.000 	-0.069 	0.000 	
-76.141 	-152.914 	165.595 	-0.028 	0.097 	0.043 	
-208.517 	-235.301 	-13.241 	-0.028 	-0.055 	-0.021 	
65.535 	4.832 	237.193 	-0.046 	0.081 	0.075 	
90.718 	-58.917 	118.504 	0.127 	-0.028 	-0.013 	
45.465 	-182.661 	36.448 	-0.040 	-0.042 	0.112 	
-36.404 	-90.371 	68.966 	0.050 	0.049 	0.085 	
-74.227 	-31.242 	125.939 	-0.053 	0.131 	0.069 	
53.637 	-62.404 	187.986 	0.015 	0.061 	0.037 	
-298.214 	-215.341 	382.739 	-0.034 	-0.020 	0.043 	
-358.405 	73.419 	-241.554 	-0.199 	0.091 	-0.229 	
69.251 	-92.766 	111.077 	0.008 	0.020 	0.156 	
42.314 	-112.911 	7.962 	-0.073 	0.036 	-0.012 	
31.255 	-63.586 	103.340 	0.059 	-0.077 	-0.062 	
-26.684 	-98.753 	114.610 	0.028 	0.192 	0.029 	
-11.731 	-83.945 	93.123 	0.055 	-0.045 	-0.091 	
-47.955 	-153.995 	106.755 	0.073 	0.066 	-0.033 	
-96.074 	-185.126 	152.855 	-0.050 	-0.085 	0.007 	
-52.853 	-81.998 	87.477 	-0.099 	0.005 	-0.039 	
-56.490 	-99.106 	110.948 	0.140 	0.106 	-0.042 	
9.505 	-17.462 	90.252 	-0.065 	-0.187 	-0.002 	
-57.272 	-47.741 	83.259 	-0.072 	-0.177 	-0.001 	
497.221 	-983.871 	-649.529 	0.028 	-0.106 	-0.070 	
14.610 	-86.863 	74.825 	0.033 	-0.021 	-0.012 	
32.096 	-152.201 	66.237 	-0.151 	0.033 	0.045 	
50.121 	-32.019 	122.642 	-0.088 	-0.104 	-0.100 	
5.664 	-3.588 	37.079 	0.078 	-0.138 	0.115 	
94.573 	77.682 	147.465 	-0.024 	-0.025 	0.022 	
-42.903 	-87.775 	81.675 	-0.095 	0.082 	-0.015 	
51.175 	-136.373 	116.117 	-0.082 	-0.123 	0.041 	
-221.546 	-6.338 	96.213 	0.049 	0.065 	0.052 	
18841.305 	22147.873 	8183.045 	3.031 	3.585 	1.316 	
1166.117 	-260.057 	-193.139 	0.137 	-0.032 	-0.025 	
-60.223 	-94.943 	76.285 	0.097 	-0.097 	0.028 	
-57.048 	-69.178 	93.296 	0.031 	-0.049 	0.016 	
39.522 	-109.586 	-23.162 	-0.030 	-0.083 	0.130 	
62.222 	-35.793 	95.625 	0.081 	0.058 	0.082 	
3197.144 	2042.432 	710.384 	0.328 	0.213 	0.072 	
-24.623 	-146.317 	75.913 	-0.079 	-0.182 	-0.069 	
-50.819 	-111.691 	67.232 	-0.035 	-0.094 	0.068 	
-234.085 	-163.188 	144.201 	-0.003 	-0.024 	0.126 	
-45.593 	-68.966 	141.581 	-0.081 	0.037 	0.025 	
-153.920 	-193.197 	145.702 	0.013 	-0.026 	-0.060 	
-88.809 	-60.578 	39.146 	-0.060 	0.073 	-0.104 	
-124.560 	-86.715 	28.484 	0.008 	0.031 	-0.129 	
3362.588 	1994.430 	-2073.169 	0.344 	0.209 	-0.210 	
9.701 	-119.057 	70.724 	-0.085 	-0.042 	0.031 	
-4871.092 	85515.021 	49831.849 	-0.911 	15.733 	9.160 	
-423.236 	-160.847 	177.398 	-0.153 	-0.005 	0.041 	
131.881 	-176.134 	14.694 	-0.016 	-0.001 	-0.063 	
-0.704 	-461.801 	-30.616 	-0.006 	-0.180 	-0.044 	
15.969 	-144.257 	290.754 	-0.074 	-0.056 	0.014 	
47.977 	-198.668 	122.232 	-0.009 	-0.004 	-0.094 	
6.487 	-155.638 	124.594 	-0.087 	-0.176 	0.009 	
-6302.052 	-632.201 	-230.960 	-0.713 	-0.066 	-0.025 	
25.745 	-65.132 	75.636 	0.022 	-0.171 	-0.216 	
-6.121 	-21.367 	60.676 	0.013 	-0.086 	0.065 	
36.894 	-100.026 	124.001 	0.153 	0.029 	-0.022 	
-71.928 	-97.138 	133.355 	-0.133 	-0.015 	-0.059 	
11.702 	-85.701 	191.534 	-0.010 	-0.070 	0.144 	
-5.435 	-75.859 	126.026 	0.024 	0.082 	0.039 	
-25.295 	-69.120 	26.874 	-0.023 	0.080 	0.009 	
7.314 	-65.501 	49.753 	-0.175 	0.090 	0.066 	
-9.434 	-111.319 	75.139 	-0.042 	-0.160 	-0.091 	
3605.988 	-695.995 	90.080 	0.404 	-0.081 	0.006 	
66.896 	-11.859 	-30.686 	0.069 	0.071 	-0.015 	
9.286 	-74.836 	86.331 	0.024 	-0.136 	-0.079 	
30.391 	-135.408 	89.697 	0.062 	0.071 	-0.114 	
57.054 	-27.512 	57.559 	-0.097 	0.113 	-0.035 	
-1855.411 	-974.863 	-4121.565 	-0.189 	-0.101 	-0.420 	
15.228 	-91.470 	13.566 	-0.017 	0.012 	0.136 	
-45.442 	-169.617 	-12.414 	0.115 	0.019 	0.094 	
16.426 	-71.738 	75.671 	0.003 	0.023 	-0.056 	
-70.395 	-168.425 	105.050 	0.049 	-0.039 	-0.105 	
36.202 	-61.837 	100.647 	0.039 	0.030 	0.107 	
-195.104 	-592.272 	-445.590 	-0.128 	-0.304 	-0.292 	
215.668 	-231.437 	223.724 	0.089 	-0.118 	0.183 	
5.878 	-129.551 	157.306 	0.110 	-0.064 	0.075 	
-34.660 	-117.897 	79.315 	0.023 	-0.031 	0.063 	
0.987 	-132.095 	59.068 	0.142 	-0.033 	-0.089 	
-20.111 	-90.190 	91.382 	0.050 	0.021 	-0.153 	
182.731 	-32.275 	-678.154 	0.058 	0.017 	-0.306 	
45.282 	-79.248 	118.733 	0.033 	0.105 	0.035 	
98.010 	-382.731 	42.771 	-0.087 	0.037 	0.007 	
216.619 	-63.358 	-42.723 	0.025 	-0.005 	0.010 	
3.878 	-89.997 	69.316 	-0.106 	0.071 	0.095 	
932.466 	1582.428 	681.132 	0.470 	0.812 	0.312 	
9.551 	-168.836 	29.172 	0.011 	0.010 	0.000 	
57.262 	-662.274 	253.936 	0.002 	-0.195 	0.096 	
-35.170 	-91.131 	101.105 	0.083 	-0.045 	0.047 	
33.580 	-95.790 	101.098 	-0.061 	0.057 	0.082 	
-74.158 	-125.432 	6.914 	0.090 	-0.003 	0.067 	
22.338 	-127.996 	126.285 	-0.078 	-0.131 	0.097 	
-108.705 	48.720 	127.679 	0.108 	-0.060 	0.004 	
-37.207 	-43.508 	60.292 	-0.031 	-0.077 	-0.129 	
-171.979 	-133.752 	-363.832 	-0.054 	-0.027 	-0.055 	
-9.328 	-89.535 	102.717 	-0.063 	0.009 	0.067 	
-15.061 	-115.187 	39.457 	-0.136 	-0.073 	-0.041 	
98.305 	-49.597 	48.734 	-0.122 	-0.026 	0.011 	
18.179 	43.802 	46.642 	-0.015 	0.073 	-0.072 	
204.840 	16.161 	74.661 	0.007 	-0.050 	-0.061 	
-1669.665 	-2770.739 	2790.234 	-0.181 	-0.286 	0.297 	
-21.204 	23.861 	174.940 	-0.002 	0.012 	0.047 	
30.460 	-199.039 	29.984 	0.062 	0.049 	0.064 	
-97.878 	-111.559 	-103.590 	-0.018 	0.006 	0.096 	
-59.556 	-72.111 	117.731 	-0.055 	-0.010 	0.177 	
-71.057 	-96.733 	99.364 	0.038 	0.019 	0.104 	
69.594 	-62.462 	86.698 	-0.058 	0.041 	0.174 	
-191.014 	-97.938 	157.257 	0.018 	-0.008 	0.040 	
-27.150 	-128.491 	8.566 	-0.045 	-0.034 	0.063 	
-1598.981 	673.184 	-1519.579 	-10.698 	5.149 	-11.017 	
-2049.295 	231.713 	-2754.044 	-0.306 	0.050 	-0.432 	
-15.755 	-98.100 	74.648 	-0.053 	0.105 	0.064 	
-61.066 	-74.487 	91.201 	0.168 	-0.067 	0.093 	
-20.708 	-4.713 	137.160 	-0.048 	-0.003 	-0.021 	
-66.035 	-72.905 	86.082 	-0.006 	0.168 	-0.107 	
-1802.346 	6900.696 	777.516 	-0.192 	0.719 	0.084 	
115.427 	-286.398 	-6.985 	0.050 	-0.023 	-0.062 	
-68.796 	-254.181 	27.661 	-0.042 	0.013 	0.093 	
24.276 	-78.542 	101.486 	0.039 	-0.015 	-0.117 	
-43.883 	-184.890 	49.428 	0.128 	0.043 	0.011 	
37.590 	-43.695 	56.203 	-0.065 	-0.113 	0.112 	
119.443 	-57.600 	54.237 	0.113 	-0.009 	-0.059 	
289.001 	-222.272 	-267.514 	0.162 	-0.087 	-0.207 	
-56.892 	-86.131 	108.036 	-0.025 	0.001 	0.054 	
25.313 	-106.905 	73.126 	-0.089 	-0.083 	0.142 	
-403.314 	-192.303 	58.155 	0.025 	-0.026 	-0.000 	
20.913 	-160.540 	195.987 	-0.035 	-0.096 	0.097 	
127.020 	-107.174 	93.001 	0.044 	0.098 	-0.008 	
-3.822 	-118.559 	100.421 	0.171 	-0.030 	-0.007 	
81.423 	-59.023 	21.756 	-0.057 	0.075 	-0.035 	
62.849 	-77.597 	65.680 	0.171 	0.047 	-0.008 	
-82.006 	-142.755 	7.090 	-0.002 	-0.019 	-0.058 	
-80.380 	-179.575 	-4.463 	-0.036 	-0.068 	-0.070 	
83.393 	49.177 	305.628 	0.038 	0.163 	0.249 	
163.404 	-176.322 	77.446 	0.040 	-0.035 	0.003 	
-1293.991 	-238.937 	415.416 	-0.316 	-0.034 	0.098 	
-12.062 	-129.020 	89.783 	0.016 	-0.136 	-0.036 	
-228.039 	-156.700 	83.558 	-0.049 	-0.014 	-0.001 	
-36.592 	-47.321 	26.006 	-0.031 	0.116 	0.031 	
160.325 	57.483 	201.123 	0.007 	0.021 	0.057 	
-30.038 	-101.969 	116.504 	-0.260 	0.010 	0.121 	
19.406 	-5.214 	40.354 	0.022 	0.108 	-0.123 	
-23.228 	-107.772 	84.337 	0.169 	-0.054 	-0.003 	
-61.293 	-134.382 	-13.516 	-0.123 	-0.005 	-0.023 	
82.706 	-68.421 	137.529 	0.094 	0.038 	0.013 	
-2023.737 	-975.231 	1274.628 	-0.273 	-0.123 	0.146 	
-727.572 	1858.740 	234.338 	-0.448 	1.190 	0.095 	
-61.179 	-57.911 	44.207 	-0.015 	-0.122 	0.063 	
-14.175 	-103.827 	82.635 	0.093 	-0.074 	0.062 	
-9.396 	-105.314 	-20.502 	-0.008 	-0.025 	-0.037 	
709.247 	145.243 	179.909 	0.712 	0.240 	0.126 	
-46.335 	-71.834 	114.442 	0.149 	-0.061 	0.056 	
528.156 	-394.022 	-469.647 	0.028 	-0.025 	0.003 	
16.124 	-68.540 	100.134 	0.171 	0.133 	-0.061 	
-5.919 	-20.969 	83.106 	-0.110 	-0.030 	0.084 	
-49.998 	-39.013 	73.934 	-0.096 	-0.149 	0.002 	
6.849 	-92.346 	114.960 	0.027 	0.120 	0.186 	
39.156 	-284.808 	142.718 	0.079 	0.033 	-0.007 	
-1061.435 	-344.377 	209.100 	-0.111 	-0.037 	0.002 	
857.466 	-1045.675 	-89.457 	0.067 	-0.082 	-0.002 	
24.261 	-58.531 	42.798 	-0.175 	-0.169 	0.088 	
-74.115 	-109.277 	146.542 	-0.119 	-0.029 	0.018 	
-450.361 	69.009 	114.566 	-0.205 	0.072 	0.012 	
14.159 	-95.578 	74.333 	-0.100 	0.026 	-0.050 	
-45.288 	-174.743 	64.178 	0.067 	0.110 	0.034 	
34.777 	-72.161 	66.659 	0.007 	-0.025 	0.201 	
-32.763 	-127.955 	37.072 	-0.030 	0.001 	-0.053 	
9.418 	-100.826 	23.927 	-0.201 	0.031 	-0.049 	
-115.398 	-82.431 	163.408 	-0.115 	0.048 	0.102 	
-80.613 	50.965 	29.712 	-0.005 	-0.081 	0.037 	
-23.926 	-101.016 	92.327 	-0.009 	-0.122 	-0.061 	
-177.722 	-215.459 	107.454 	0.040 	-0.107 	0.036 	
1659.503 	-2090.907 	3622.247 	3.624 	-4.082 	7.152 	
-16.491 	-92.274 	64.103 	0.163 	0.007 	-0.049 	
110.474 	-60.963 	-5.237 	-0.059 	-0.060 	-0.135 	
-596.127 	2729.200 	-2172.076 	-0.334 	1.431 	-1.152 	
-88.581 	-104.661 	53.238 	-0.053 	-0.048 	-0.037 	
43.769 	-158.070 	121.175 	0.007 	-0.081 	0.053 	
-93.381 	-148.092 	179.302 	0.070 	0.020 	0.117 	
15.631 	-94.183 	94.258 	0.054 	-0.008 	-0.036 	
-32.884 	-137.536 	30.030 	0.177 	-0.076 	-0.024 	
27.444 	-102.527 	114.249 	0.065 	-0.169 	0.138 	
421.832 	787.997 	-50.529 	0.002 	0.073 	-0.005 	
-2731.546 	3021.008 	1261.477 	-0.403 	0.453 	0.185 	
85.782 	-81.882 	68.858 	-0.088 	-0.065 	0.191 	
19.520 	-116.088 	63.471 	0.084 	-0.005 	0.066 	
27.470 	-98.417 	-6.080 	-0.062 	-0.033 	0.073 	
10.588 	-99.388 	138.053 	0.061 	-0.120 	0.013 	
458.012 	540.101 	852.073 	0.035 	0.032 	0.051 	
23.100 	-220.775 	69.921 	-0.090 	0.007 	0.087 	
-29.299 	-91.750 	22.775 	0.110 	-0.046 	0.109 	
63.944 	-81.800 	67.096 	-0.096 	-0.090 	0.062 	
2593.595 	-2995.205 	16.853 	0.259 	-0.302 	0.004 	
-28.459 	-97.431 	55.323 	-0.006 	0.195 	0.064 	
-70.214 	-8.979 	-36.501 	0.056 	0.050 	-0.050 	
-52.859 	-93.947 	-48.469 	-0.014 	0.004 	-0.032 	
-72.465 	-108.999 	90.611 	-0.067 	0.017 	0.078 	
52.747 	-75.158 	73.225 	-0.023 	0.170 	-0.089 	
-0.872 	-29.726 	74.129 	0.040 	0.079 	-0.146 	
12.286 	-62.104 	43.203 	0.054 	-0.026 	-0.007 	
7.441 	-86.965 	75.061 	-0.047 	-0.129 	-0.079 	
7.597 	-66.734 	19.232 	0.027 	0.032 	0.006 	
-36.479 	-135.417 	96.781 	0.023 	-0.039 	0.103 	
1121.283 	-2825.813 	-90.166 	0.117 	-0.283 	-0.015 	
73.139 	1.794 	118.894 	-0.115 	-0.083 	-0.112 	
-162.333 	-76.593 	240.701 	-0.065 	0.022 	0.054 	
164.095 	-61.969 	9.277 	0.019 	0.061 	-0.038 	
116.316 	-273.629 	176.254 	0.030 	0.059 	-0.034 	
-4.625 	-153.543 	142.134 	-0.016 	0.074 	-0.004 	
80.930 	-99.824 	67.827 	-0.058 	0.040 	0.034 	
18.555 	-109.710 	126.955 	0.100 	-0.136 	0.068 	
-7.930 	60.293 	102.394 	-0.111 	0.016 	0.039 	
-29.488 	-120.419 	61.305 	0.011 	-0.121 	-0.032 	
158.630 	-315.913 	117.595 	0.045 	-0.103 	0.012 	
-122.078 	-64.621 	96.342 	0.077 	-0.094 	-0.038 	
-165.268 	-89.502 	-87.864 	0.003 	0.042 	-0.021 	
6.573 	-61.961 	84.532 	0.041 	0.017 	0.037 	
38.636 	-79.506 	77.856 	0.035 	0.039 	0.086 	
750.869 	-305.007 	435.757 	0.040 	-0.031 	0.025 	
-2.714 	-81.951 	88.817 	0.020 	0.040 	-0.021 	
-6.156 	-152.389 	109.247 	0.044 	-0.016 	-0.044 	
-54.692 	-126.118 	74.614 	-0.013 	0.125 	0.083 	
379.008 	125.359 	309.947 	0.000 	0.016 	0.012 	
-40.675 	-104.644 	72.265 	0.040 	-0.082 	-0.062 	
16.093 	-102.847 	81.855 	0.019 	0.035 	-0.017 	
-77.168 	-110.985 	14.392 	0.025 	0.059 	-0.098 	
-77.352 	-103.877 	138.977 	-0.051 	0.077 	0.144 	
-28.266 	-68.672 	82.951 	-0.227 	-0.028 	-0.011 	
2510.219 	5819.209 	-21891.283 	0.265 	0.621 	-2.368 	
-10.677 	-107.398 	-47.232 	0.025 	-0.029 	0.027 	
2.984 	-107.527 	96.188 	-0.161 	-0.060 	-0.015 	
-159.196 	-23.903 	182.075 	-0.027 	0.007 	-0.023 	
45.590 	-94.137 	42.109 	0.003 	-0.027 	0.129 	
2.975 	-98.382 	39.127 	-0.071 	0.051 	0.081 	
56.031 	-163.351 	91.091 	0.018 	0.167 	0.014 	
-40.398 	-92.596 	68.150 	0.241 	0.009 	-0.102 	
-48.806 	-71.023 	80.605 	0.131 	0.031 	-0.010 	
-34.640 	-61.979 	115.161 	0.090 	-0.106 	0.003 	
105.741 	-71.254 	-213.508 	0.015 	0.012 	-0.052 	
-149.805 	-33.934 	157.031 	-0.096 	0.062 	0.087 	
-16.262 	-101.855 	90.467 	0.069 	-0.101 	0.006 	
49.151 	-31.017 	43.808 	0.020 	-0.015 	-0.030 	
-112.176 	-242.804 	79.828 	0.020 	-0.008 	-0.035 	
49.823 	-90.093 	65.284 	-0.001 	-0.068 	0.063 	
56.358 	-51.579 	65.973 	-0.073 	-0.061 	0.063 	
8.970 	-217.045 	173.006 	0.063 	-0.127 	0.075 	
-79.736 	-137.842 	-84.270 	-0.082 	-0.035 	0.074 	
39.197 	-216.806 	-59.614 	0.047 	-0.046 	-0.042 	
15.818 	-104.672 	39.498 	-0.226 	0.069 	-0.034 	
11.803 	-114.697 	112.617 	-0.175 	-0.009 	-0.028 	
70.222 	159.860 	185.048 	-0.040 	-0.060 	-0.047 	
-12694.479 	1225.492 	-9842.966 	-2.458 	0.225 	-1.894 	
61.927 	-76.620 	-66.414 	0.036 	-0.003 	-0.108 	
987.834 	-571.328 	-523.620 	0.067 	-0.057 	-0.041 	
-67.513 	-99.971 	124.531 	0.008 	-0.013 	0.020 	
13647.108 	-1659.987 	9753.683 	2.624 	-0.332 	1.887 	
-63.507 	-83.224 	28.638 	-0.043 	-0.086 	0.087 	
-499.013 	-460.168 	20.881 	-0.524 	-0.374 	-0.032 	
-90.683 	-75.081 	141.296 	0.008 	-0.001 	-0.109 	
-19.257 	-98.437 	15.486 	0.070 	-0.118 	-0.028 	
23.936 	-133.212 	57.469 	0.129 	-0.128 	-0.007 	
282.389 	131.009 	47.970 	-0.010 	-0.005 	0.020 	
-194.498 	4.709 	46.637 	-0.045 	0.042 	0.024 	
-264.439 	1721.866 	-204.297 	-0.057 	0.283 	-0.038 	
52.478 	-61.469 	86.997 	-0.214 	-0.074 	-0.042 	
-12.681 	-58.852 	22.899 	-0.221 	0.112 	-0.136 	
42.385 	-62.084 	85.563 	-0.074 	-0.018 	0.089 	
-9.276 	-83.728 	105.627 	-0.089 	-0.029 	0.092 	
-50.363 	-147.685 	160.020 	-0.015 	0.057 	-0.128 	
-20.690 	-132.527 	78.712 	0.062 	0.033 	0.077 	
-31.714 	21.606 	33.896 	-0.091 	-0.051 	0.022 	
-52.145 	-73.530 	96.957 	0.009 	-0.040 	0.101 	
-162.164 	-67.400 	135.879 	0.082 	-0.021 	0.097 	
5432.682 	2151.575 	2385.811 	0.569 	0.233 	0.255 	
58.661 	-351.155 	-188.476 	0.204 	-0.752 	-0.649 	
-41.706 	-107.679 	81.318 	0.039 	-0.109 	-0.115 	
118.076 	-97.777 	18.851 	0.099 	0.038 	-0.009 	
-62.659 	-98.640 	123.131 	0.043 	-0.025 	-0.107 	
121.296 	-195.549 	29.679 	-0.013 	0.098 	0.076 	
3.460 	-103.585 	78.919 	-0.044 	0.048 	0.015 	
-52.220 	-72.745 	66.790 	-0.110 	-0.066 	-0.058 	
89.838 	-74.820 	74.155 	-0.035 	-0.060 	-0.044 	
176.227 	-62.126 	130.685 	0.119 	0.032 	0.054 	
-49.164 	-76.953 	75.153 	0.112 	0.136 	-0.099 	
71.772 	-77.025 	101.442 	0.104 	0.086 	-0.005 	
15.680 	-98.490 	-22.789 	0.023 	-0.077 	-0.064 	
-84.962 	-119.180 	125.735 	0.001 	-0.034 	-0.045 	
-194.300 	-873.008 	1676.018 	-0.039 	-0.076 	0.158 	
-117.883 	-87.634 	50.011 	-0.055 	0.007 	0.025 	
38.066 	-100.355 	55.391 	-0.079 	-0.149 	0.181 	
55.587 	-16.306 	18.325 	-0.030 	-0.062 	-0.017 	
-45.016 	-69.968 	34.453 	-0.020 	-0.031 	0.017 	
59.893 	-103.536 	41.754 	-0.141 	-0.085 	-0.038 	
-178.436 	-10.170 	253.097 	-0.035 	-0.030 	-0.028 	
768.570 	-178.854 	454.813 	0.044 	-0.022 	0.037 	
26.379 	-73.538 	115.043 	-0.253 	0.008 	0.021 	
-976.345 	701.628 	-708.920 	-0.130 	0.116 	-0.107 	
-37.353 	-41.034 	31.232 	0.026 	0.086 	-0.028 	
-9.448 	-92.836 	102.883 	-0.055 	-0.115 	0.089 	
-129.187 	-123.447 	117.741 	-0.129 	-0.117 	0.047 	
36.796 	-31.886 	58.234 	-0.002 	0.090 	-0.133 	
-68.933 	-69.574 	108.418 	-0.005 	0.092 	0.016 	
107.954 	-55.888 	-87.327 	0.048 	0.025 	-0.207 	
-27.868 	-98.280 	102.353 	0.012 	-0.008 	0.150 	
-23.341 	-138.730 	33.340 	0.009 	0.017 	-0.052 	
-77.954 	-52.969 	72.446 	0.024 	0.003 	-0.082 	
44.132 	-60.643 	84.328 	0.102 	-0.010 	0.099 	
-62.926 	-124.120 	65.547 	0.048 	0.018 	0.055 	
-2014.758 	743.103 	-2640.589 	-0.245 	0.092 	-0.304 	
-165.280 	-177.812 	167.592 	0.062 	-0.024 	0.072 	
63.602 	-122.227 	84.044 	-0.013 	-0.039 	-0.014 	
41.092 	-101.516 	55.719 	0.069 	-0.029 	-0.175 	
230.629 	-39.535 	205.492 	-0.001 	0.013 	0.017 	
-90.633 	-101.742 	129.623 	-0.033 	0.121 	0.048 	
-17.539 	-106.906 	79.783 	-0.057 	-0.065 	-0.041 	
-14.169 	-114.990 	77.587 	-0.112 	-0.134 	-0.047 	
155.613 	210.757 	-66.959 	-0.026 	-0.032 	0.018 	
29.011 	-348.181 	91.022 	0.038 	0.023 	0.008 	
-785.638 	-353.731 	228.703 	-0.039 	-0.030 	0.044 	
11.376 	-103.575 	76.857 	-0.024 	-0.071 	0.018 	
110.873 	-6.674 	168.901 	-0.016 	0.013 	0.037 	
71.232 	-167.704 	178.649 	-0.045 	0.004 	-0.002 	
-2.553 	-166.819 	86.899 	0.044 	0.112 	-0.057 	
-41.209 	-89.052 	76.976 	0.095 	0.030 	0.102 	
-87.515 	-132.122 	134.827 	-0.107 	0.046 	0.062 	
119.091 	-223.485 	200.269 	0.042 	-0.059 	0.029 	
-52.424 	-107.070 	123.762 	-0.127 	-0.188 	0.068 	
7.969 	-120.842 	96.226 	-0.053 	0.177 	-0.071 	
771.532 	-1319.203 	1061.951 	0.111 	-0.211 	0.167 	
-61.424 	-161.113 	121.148 	-0.061 	0.018 	-0.092 	
-70.562 	-124.830 	117.102 	-0.000 	-0.024 	-0.026 	
-52.426 	-242.435 	533.918 	-0.030 	-0.041 	0.060 	
-29.566 	-260.462 	-9.263 	-0.014 	0.001 	-0.008 	
79.560 	-140.499 	51.956 	0.032 	-0.009 	0.171 	
31.700 	-91.220 	95.264 	-0.057 	0.034 	-0.188 	
-58.225 	-95.236 	60.630 	-0.025 	0.062 	0.030 	
-12.353 	-114.410 	96.528 	0.141 	-0.034 	-0.079 	
20.549 	-96.343 	131.989 	0.014 	0.135 	-0.072 	
259.304 	-912.255 	560.540 	-0.010 	-0.059 	0.041 	
-59.810 	-107.503 	126.481 	-0.095 	-0.041 	0.081 	
25.985 	-616.198 	26.312 	0.005 	-0.256 	-0.038 	
30.512 	-150.506 	144.076 	-0.031 	-0.114 	0.012 	
-55.737 	-98.677 	21.133 	-0.149 	-0.044 	-0.128 	
-4.897 	-114.511 	33.807 	0.083 	-0.043 	-0.154 	
60.365 	-67.813 	48.845 	0.079 	0.033 	-0.044 	
41.259 	-63.771 	78.398 	0.016 	0.105 	-0.043 	
-20.936 	-170.900 	91.610 	0.068 	-0.115 	0.028 	
43.834 	-49.353 	90.790 	-0.144 	-0.081 	0.039 	
48.809 	-66.885 	20.089 	-0.027 	-0.083 	-0.031 	
86.765 	-3.451 	37.199 	-0.073 	0.056 	0.025 	
-31.544 	-94.469 	76.966 	-0.012 	0.002 	-0.102 	
-103.291 	-97.786 	230.959 	-0.033 	-0.015 	0.037 	
22.678 	-101.155 	76.967 	-0.060 	0.021 	0.130 	
-16.826 	-136.014 	26.481 	0.089 	0.054 	0.161 	
47486.732 	13292.793 	29426.831 	5.490 	1.541 	3.410 	
98.797 	205.223 	21.324 	0.016 	0.025 	-0.004 	
50.130 	-12.011 	167.295 	-0.029 	-0.035 	-0.073 	
9.215 	-93.367 	127.777 	-0.050 	0.078 	-0.037 	
-35.459 	-87.266 	78.257 	-0.004 	-0.099 	0.008 	
29.470 	-213.858 	51.601 	0.010 	0.075 	0.047 	
-21.442 	-125.496 	85.431 	0.100 	0.128 	-0.108 	
-129.747 	-76.655 	66.353 	0.009 	0.084 	-0.041 	
-41.785 	-146.296 	141.781 	0.014 	-0.091 	0.088 	
-125.494 	-128.487 	39.155 	-0.023 	-0.021 	0.061 	
-42.380 	-184.769 	186.491 	0.005 	-0.025 	-0.019 	
-69.643 	-59.593 	96.600 	0.045 	-0.192 	0.060 	
-96.220 	-58.900 	101.446 	0.101 	-0.086 	-0.070 	
-32.168 	-180.466 	93.037 	0.095 	0.016 	0.042 	
-828.448 	1913.125 	-652.771 	-0.097 	0.213 	-0.077 	
-70.253 	-437.417 	289.035 	-0.023 	-0.179 	0.114 	
-50.852 	-51.055 	75.609 	-0.105 	-0.130 	-0.099 	
-34.174 	-102.336 	70.371 	-0.080 	-0.001 	-0.124 	
-54.132 	-108.032 	81.554 	0.128 	0.067 	-0.039 	
-26.513 	-112.398 	119.682 	-0.142 	-0.076 	0.217 	
36.249 	-129.611 	92.278 	-0.006 	0.106 	-0.050 	
-5.105 	-126.249 	93.806 	0.075 	0.156 	-0.082 	
-39.186 	-97.216 	76.526 	-0.150 	-0.103 	0.076 	
47.350 	-227.787 	103.312 	0.117 	0.033 	0.012 	
2.108 	-90.327 	98.849 	0.049 	-0.041 	0.155 	
156.863 	-215.375 	149.408 	0.038 	-0.013 	0.055 	
974.445 	50.931 	-114.917 	0.046 	-0.003 	-0.003 	
-42.567 	-148.050 	49.209 	0.002 	-0.045 	-0.106 	
-62.397 	-118.970 	70.712 	0.140 	-0.079 	0.000 	
-208.117 	24.895 	-158.968 	0.019 	-0.014 	0.010 	
3.733 	-77.107 	78.979 	-0.087 	-0.117 	-0.039 	
2428.891 	404.468 	2932.047 	0.388 	0.077 	0.447 	
28.672 	-91.188 	72.979 	0.188 	0.043 	-0.212 	
-38.202 	28.849 	35.494 	-0.116 	0.002 	-0.026 	
-102.126 	-180.961 	70.754 	0.018 	-0.052 	-0.027 	
-10.425 	-24.403 	19.502 	-0.150 	-0.034 	0.024 	
-54.042 	-168.494 	86.063 	-0.022 	-0.030 	-0.047 	
-49.353 	-84.408 	189.630 	-0.007 	-0.016 	-0.137 	
-48.340 	-230.513 	164.530 	-0.034 	-0.084 	0.089 	
48.414 	-56.862 	28.095 	0.027 	0.037 	-0.013 	
21.984 	-92.546 	105.834 	-0.034 	-0.035 	-0.082 	
-398.078 	-211.150 	999.318 	-0.045 	-0.006 	0.078 	
50.675 	-93.519 	54.992 	0.017 	-0.101 	-0.094 	
-11.779 	-113.685 	90.767 	0.110 	-0.117 	-0.066 	
-790.918 	-76.760 	-233.600 	-0.108 	-0.015 	-0.005 	
-148.240 	-140.559 	79.839 	-0.033 	0.002 	0.118 	
-82.544 	-65.067 	73.503 	0.115 	0.070 	0.037 	
-46.328 	-202.670 	147.813 	0.029 	-0.025 	-0.085 	
26.115 	-128.698 	223.865 	0.113 	0.009 	-0.026 	
-78.078 	-102.262 	53.660 	-0.053 	-0.040 	-0.087 	
-30.325 	-154.652 	76.644 	0.151 	0.014 	0.030 	
71.325 	-145.242 	0.545 	-0.097 	-0.036 	0.015 	
3573.558 	2240.903 	-1312.973 	0.438 	0.273 	-0.163 	
-36.459 	-999.422 	546.833 	-0.038 	-0.211 	0.109 	
109.754 	-63.383 	10.179 	0.013 	-0.012 	-0.011 	
1399.855 	696.007 	-27.040 	0.204 	0.118 	-0.008 	
21.511 	58.079 	109.268 	-0.029 	0.030 	-0.008 	
-33.034 	-87.738 	39.684 	0.072 	-0.093 	-0.217 	
-345.423 	125.582 	72.325 	-0.063 	-0.011 	0.015 	
-59.249 	-148.937 	113.111 	0.027 	0.096 	-0.028 	
-40.068 	-65.390 	88.051 	0.099 	0.083 	-0.051 	
-34.153 	-110.938 	179.995 	-0.012 	-0.029 	0.105 	
-140.165 	-44.850 	140.377 	0.067 	-0.092 	0.004 	
-177.742 	-80.068 	92.068 	0.001 	-0.048 	0.037 	
41.394 	-84.145 	122.850 	0.059 	0.018 	-0.026 	
-86.395 	-73.561 	113.171 	-0.059 	-0.078 	-0.092 	
172.486 	38.749 	160.161 	0.045 	-0.005 	0.067 	
9.884 	-98.993 	85.060 	-0.059 	0.045 	-0.042 	
178.410 	-211.401 	57.619 	-0.032 	0.003 	0.016 	
-152.222 	-104.864 	102.482 	-0.036 	0.103 	0.081 	
-99.150 	-102.080 	128.666 	0.070 	0.027 	0.043 	
44.540 	-114.230 	106.371 	-0.149 	-0.027 	0.106 	
-113.027 	-109.900 	217.207 	0.059 	0.000 	-0.091 	
20.837 	-97.793 	-37.294 	0.001 	0.023 	-0.069 	
-56.080 	-78.437 	134.888 	-0.084 	0.005 	0.142 	
-107.279 	-92.739 	10.869 	0.014 	-0.014 	0.068 	
-99.467 	-74.013 	53.662 	-0.118 	-0.002 	-0.003 	
-804.716 	5.695 	40.476 	-0.149 	0.008 	-0.007 	
41.216 	-63.757 	40.675 	0.063 	0.000 	0.019 	
27.802 	-111.870 	105.438 	0.036 	-0.076 	0.081 	
-894.451 	-2117.946 	-640.183 	-0.419 	-0.986 	-0.330 	
-61.726 	-37.900 	158.277 	-0.077 	0.116 	0.149 	
-78.626 	-157.343 	32.634 	0.091 	0.009 	0.068 	
26.194 	-64.599 	87.877 	-0.083 	-0.079 	0.064 	
15.090 	-93.915 	109.256 	-0.217 	-0.022 	-0.064 	
114.677 	-20.898 	-0.511 	0.015 	-0.052 	-0.054 	
584.675 	3010.858 	5039.033 	0.067 	0.435 	0.722 	
2198.647 	-810.275 	-287.847 	0.442 	-0.156 	-0.069 	
-46.489 	-85.618 	89.655 	-0.053 	-0.130 	0.088 	
-132.345 	-217.402 	-145.161 	-0.006 	-0.032 	-0.072 	
48.790 	-149.349 	134.848 	-0.020 	-0.020 	0.088 	
-47.485 	-178.131 	38.790 	0.015 	0.020 	0.139 	
-321.391 	-177.028 	-115.686 	-0.121 	-0.028 	-0.056 	
2800.742 	559.230 	-6119.320 	0.276 	0.060 	-0.627 	
-13161.183 	-61202.767 	-96390.504 	-1.525 	-7.107 	-11.197 	
256.513 	-107.744 	1.539 	0.032 	0.003 	0.043 	
77.786 	-70.893 	104.457 	0.026 	-0.048 	-0.090 	
20.961 	-138.374 	82.106 	-0.099 	-0.069 	0.092 	
20.366 	-69.535 	75.607 	-0.174 	-0.059 	-0.012 	
106.993 	-18.794 	-66.772 	-0.024 	-0.016 	0.035 	
-0.026 	-61.370 	24.328 	-0.078 	0.031 	0.089 	
7.815 	-88.174 	59.838 	-0.003 	0.089 	-0.064 	
-8.725 	-66.445 	60.807 	0.002 	0.080 	0.083 	
43.119 	-62.853 	116.978 	0.075 	0.071 	-0.074 	
225.759 	67.886 	131.096 	0.098 	-0.049 	-0.026 	
2311.411 	-1097.623 	-461.136 	0.290 	-0.129 	-0.057 	
-24.797 	-43.291 	66.545 	-0.128 	-0.001 	0.057 	
-1595.988 	-307.106 	-815.065 	-0.247 	-0.053 	-0.122 	
11.718 	-64.338 	101.392 	0.208 	0.081 	0.117 	
40.134 	-116.722 	6.917 	-0.049 	0.067 	0.026 	
4454.127 	1633.817 	-747.579 	0.556 	0.205 	-0.095 	
-1108.320 	540.478 	613.239 	-0.289 	0.142 	0.136 	
677.704 	-765.856 	-317.326 	0.056 	-0.076 	-0.028 	
1329.435 	-486.877 	3991.093 	0.215 	-0.072 	0.645 	
85.912 	-56.511 	101.137 	-0.008 	-0.044 	0.043 	
-871.271 	2312.417 	332.762 	-0.344 	0.890 	0.088 	
-33.444 	-98.043 	84.883 	0.096 	0.032 	-0.081 	
80.418 	-70.966 	152.085 	-0.023 	0.084 	0.130 	
-33.480 	43.995 	181.093 	-0.050 	-0.080 	-0.064 	
92.179 	-100.081 	127.877 	-0.091 	0.050 	-0.010 	
-17.516 	-110.335 	98.512 	0.104 	0.030 	0.091 	
-79.475 	201.660 	118.091 	-0.028 	-0.015 	0.011 	
270.842 	-64.415 	-5.067 	0.002 	-0.009 	0.039 	
-44.232 	-63.474 	62.866 	-0.007 	0.010 	-0.031 	
76.618 	-74.487 	140.448 	-0.135 	-0.076 	0.064 	
40.765 	-102.834 	133.959 	-0.032 	-0.070 	-0.097 	
76.005 	-105.527 	-45.448 	-0.020 	-0.061 	-0.061 	
92.997 	-85.919 	73.749 	-0.062 	-0.010 	-0.091 	
-34.843 	-63.459 	54.088 	-0.116 	0.111 	0.144 	
61.489 	-51.676 	4.621 	0.048 	0.017 	-0.027 	
0.461 	-131.513 	137.896 	-0.032 	-0.041 	-0.121 	
-20.690 	-92.286 	22.207 	-0.006 	0.060 	0.077 	
11.753 	-106.803 	77.091 	-0.077 	0.098 	-0.052 	
1744.409 	-544.273 	1579.670 	0.260 	-0.089 	0.239 	
28.719 	-107.185 	105.850 	-0.090 	0.053 	-0.111 	
-58.862 	-87.402 	68.483 	0.150 	0.005 	0.064 	
-598.823 	216.743 	322.706 	-0.026 	0.012 	0.026 	
4.810 	-149.650 	99.219 	-0.040 	-0.054 	0.041 	
30.049 	-152.521 	16.147 	-0.154 	0.041 	-0.002 	
65.018 	-55.331 	43.072 	-0.044 	-0.043 	0.018 	
-8659.317 	5244.267 	3123.818 	-1.005 	0.616 	0.365 	
-45.343 	-119.989 	131.579 	0.030 	-0.008 	0.001 	
-119.146 	-247.993 	143.908 	0.005 	-0.026 	0.044 	
-212.813 	-73.908 	19.542 	-0.028 	0.024 	0.019 	
-176.033 	-287.270 	163.851 	-0.066 	-0.085 	0.029 	
-23.338 	-57.056 	70.918 	0.201 	-0.125 	0.018 	
356.692 	6.546 	-3.308 	0.156 	0.069 	-0.020 	
-7.807 	-59.698 	58.309 	-0.191 	-0.054 	-0.025 	
-25.217 	-127.765 	102.202 	0.049 	0.010 	0.062 	
-17.341 	-129.571 	9.211 	-0.092 	-0.105 	-0.040 	
-75.042 	-60.719 	165.639 	0.021 	0.031 	-0.069 	
-132.890 	-169.267 	-355.543 	-0.082 	-0.005 	-0.128 	
-1610.033 	487.831 	-349.931 	-0.165 	0.037 	-0.029 	
-112.843 	-12.958 	-18.659 	-0.139 	0.132 	-0.178 	
-29.028 	-76.972 	89.818 	-0.068 	0.063 	0.062 	
-54.531 	-68.269 	95.307 	-0.099 	-0.145 	0.072 	
5574.769 	1703.258 	-837.904 	0.908 	0.296 	-0.149 	
-26.231 	-48.874 	77.058 	-0.061 	0.176 	0.059 	
-55.151 	-51.929 	80.498 	-0.079 	-0.019 	0.002 	
32.784 	-98.514 	93.567 	-0.096 	-0.065 	0.090 	
-61.690 	-49.628 	68.019 	-0.038 	-0.067 	0.074 	
-74.391 	-111.576 	92.757 	-0.154 	-0.071 	-0.007 	
-120.785 	-200.246 	241.046 	-0.079 	0.009 	0.047 	
-143.743 	-133.422 	121.372 	-0.010 	0.047 	-0.021 	
84.502 	32.608 	71.504 	-0.003 	-0.028 	0.046 	
-13.535 	-45.289 	75.851 	-0.054 	-0.090 	0.113 	
-70.158 	-91.063 	-29.643 	-0.088 	-0.042 	-0.045 	
-157.398 	-107.638 	136.684 	-0.010 	-0.012 	-0.009 	
947.005 	-2916.922 	2426.712 	0.461 	-1.481 	1.219 	
718.504 	-170.210 	-863.984 	0.086 	-0.021 	-0.118 	
115.819 	21.220 	-133.357 	0.003 	-0.032 	0.023 	
-45.392 	-110.408 	71.612 	0.032 	0.111 	-0.080 	
-35.047 	-113.029 	157.603 	-0.053 	0.049 	0.117 	
-423.531 	491.195 	-1635.111 	-0.044 	0.059 	-0.188 	
-42.127 	-105.980 	47.221 	0.047 	-0.032 	-0.141 	
-1904.164 	1064.552 	-2972.939 	-0.313 	0.181 	-0.491 	
-70.903 	-109.586 	46.024 	-0.145 	0.066 	0.051 	
-32.830 	-143.907 	80.872 	0.033 	0.140 	0.019 	
-33.450 	-131.031 	93.197 	-0.171 	-0.025 	-0.025 	
72.583 	-56.621 	-73.780 	-0.073 	-0.029 	-0.059 	
1146.232 	-9208.609 	6484.593 	0.104 	-1.019 	0.717 	
30.199 	-162.185 	91.291 	0.116 	0.105 	-0.002 	
36.571 	26.417 	169.134 	0.095 	-0.055 	0.054 	
-2102.073 	-597.118 	1243.886 	-0.330 	-0.087 	0.179 	
603.336 	-482.853 	-585.839 	0.133 	-0.090 	-0.162 	
112.598 	-111.028 	38.226 	-0.153 	0.046 	0.053 	
-224.743 	-131.614 	66.729 	0.021 	-0.072 	-0.017 	
76.568 	8.524 	73.281 	-0.046 	0.078 	0.055 	
-892.413 	-898.670 	-106.747 	-0.088 	-0.090 	-0.010 	
0.391 	-137.696 	80.667 	-0.023 	0.047 	-0.021 	
-103.405 	-43.943 	72.311 	-0.106 	0.054 	-0.015 	
50.218 	-52.570 	56.515 	0.048 	-0.017 	0.037 	
37.231 	-117.884 	-46.851 	0.048 	0.014 	-0.011 	
2555.694 	-4147.059 	-3644.786 	0.262 	-0.438 	-0.390 	
-233.932 	-187.332 	117.812 	-0.055 	-0.066 	0.021 	
4.884 	-185.357 	30.777 	-0.095 	0.023 	-0.022 	
-77.569 	-78.761 	119.812 	0.032 	0.045 	0.144 	
1488.142 	-593.065 	-1313.847 	0.356 	-0.131 	-0.341 	
-108.865 	-89.830 	92.997 	-0.116 	-0.021 	0.088 	
-84.780 	-101.143 	31.166 	0.103 	-0.152 	0.076 	
-483.351 	-50.208 	49.372 	-0.080 	0.001 	-0.014 	
54.541 	-74.454 	41.412 	-0.216 	-0.059 	0.008 	
-69.791 	-47.985 	24.236 	-0.075 	0.091 	-0.118 	
-51.408 	14.486 	19.927 	0.013 	-0.113 	0.038 	
44.506 	-118.709 	174.927 	0.009 	-0.014 	0.082 	
29.700 	-108.125 	72.502 	-0.178 	-0.022 	0.050 	
-53.967 	-111.749 	91.402 	0.009 	0.010 	0.044 	
-1.665 	-95.055 	46.248 	0.018 	0.090 	-0.018 	
24.610 	-191.850 	51.652 	-0.128 	-0.084 	0.065 	
-171.620 	17.072 	142.067 	-0.092 	-0.072 	-0.053 	
-59.755 	46.455 	143.714 	-0.035 	0.104 	-0.014 	
-218.056 	-1428.816 	1195.583 	-0.073 	-0.244 	0.181 	
80.374 	-57.513 	85.685 	0.017 	-0.038 	-0.017 	
-2607.683 	-5304.237 	22732.991 	-0.288 	-0.579 	2.449 	
542.705 	70.495 	-153.468 	0.008 	-0.021 	-0.002 	
-1.736 	6.660 	63.142 	-0.148 	0.010 	0.066 	
-164.674 	-48.853 	36.157 	-0.011 	0.122 	-0.048 	
2.687 	-75.618 	217.768 	-0.131 	0.012 	0.012 	
-1.573 	-109.405 	56.344 	-0.010 	0.099 	0.007 	
16.281 	-30.638 	23.893 	-0.041 	0.048 	-0.019 	
4.006 	-212.813 	-22.642 	0.114 	0.002 	-0.022 	
-31.713 	-109.976 	55.056 	0.047 	-0.058 	-0.067 	
51.610 	-113.207 	63.222 	0.146 	0.029 	-0.093 	
-126.145 	-161.561 	101.414 	0.052 	0.001 	-0.035 	
0.936 	-111.517 	102.492 	0.035 	0.114 	-0.076 	
-68.880 	-164.483 	31.554 	0.076 	0.083 	0.087 	
14.491 	-59.464 	66.510 	-0.079 	-0.047 	-0.019 	
-1099.776 	-3422.045 	-21.380 	-0.132 	-0.394 	-0.007 	
1604.880 	-829.982 	1750.901 	11.023 	-5.042 	11.157 	
1.725 	-124.506 	97.389 	0.203 	0.032 	0.066 	
-59.447 	-92.396 	60.831 	0.069 	0.081 	0.037 	
-50.512 	-165.420 	70.593 	-0.052 	-0.107 	-0.001 	
107.686 	-152.097 	195.119 	0.104 	-0.023 	-0.022 	
-124.745 	-88.076 	46.207 	0.046 	-0.057 	0.058 	
-569.411 	-286.709 	-28.133 	-0.140 	-0.054 	-0.011 	
-120.017 	-132.479 	122.819 	-0.198 	0.023 	0.012 	
-50.742 	-76.661 	51.375 	0.042 	-0.017 	0.081 	
24.875 	-8.636 	67.225 	-0.068 	-0.131 	0.042 	
-5.172 	-71.500 	29.766 	-0.049 	-0.058 	-0.198 	
-89.437 	-2.254 	166.000 	0.108 	0.010 	-0.031 	
-27.206 	-44.675 	123.467 	0.092 	0.042 	0.064 	
-446.945 	201.271 	-952.232 	-0.049 	0.009 	-0.059 	
2.703 	-83.865 	111.940 	0.191 	0.063 	0.032 	
-1982.829 	488.468 	-1336.715 	-0.234 	0.062 	-0.165 	
5629.359 	-4258.237 	-537.982 	0.950 	-0.716 	-0.090 	
7.315 	-127.045 	96.412 	-0.084 	-0.127 	-0.062 	
13.819 	-70.988 	15.161 	-0.068 	0.024 	0.037 	
-100.455 	-132.094 	118.705 	-0.098 	0.026 	0.104 	
-328.731 	96.322 	430.595 	-0.260 	0.116 	0.258 	
-84.857 	-135.405 	122.729 	0.014 	-0.061 	0.050 	
3.468 	-101.362 	114.126 	-0.082 	0.110 	-0.058 	
163.200 	85.985 	42.590 	-0.019 	0.081 	-0.009 	
-145.938 	-173.372 	94.857 	-0.132 	-0.003 	-0.070 	
64.658 	-35.319 	39.672 	-0.090 	0.059 	0.020 	
-41.430 	-98.150 	104.296 	-0.224 	-0.142 	0.136 	
-4229.000 	5190.818 	2836.801 	-0.463 	0.558 	0.302 	
-55.797 	-112.163 	28.681 	-0.182 	0.028 	-0.057 	
-149.327 	-211.768 	95.897 	-0.098 	-0.026 	0.020 	
-1808.942 	1896.622 	-3431.923 	-3.418 	4.014 	-7.170 	
-62.285 	-84.558 	117.280 	0.154 	0.062 	-0.009 	
54.311 	-34.721 	85.670 	0.090 	-0.067 	0.049 	
-890.014 	554.076 	-36.826 	-0.103 	0.056 	-0.017 	
-67.156 	-34.344 	73.432 	-0.129 	-0.027 	0.093 	
-96.009 	-262.450 	337.203 	-0.010 	-0.121 	0.135 	
-127.635 	39.526 	50.444 	-0.103 	-0.089 	0.046 	
-109.739 	-168.720 	-78.108 	0.011 	-0.023 	-0.076 	
197.948 	258.709 	-334.876 	-0.028 	0.003 	-0.045 	
-86.007 	-119.389 	119.102 	0.072 	-0.070 	0.116 	
-1045.943 	-300.395 	229.800 	-0.144 	-0.044 	0.036 	
-80.639 	836.622 	95.205 	-0.042 	0.320 	0.036 	
-31.230 	-119.737 	50.914 	0.072 	-0.061 	-0.129 	
86.023 	20.903 	149.480 	0.073 	-0.071 	-0.009 	
-16.992 	-103.371 	57.055 	-0.064 	0.131 	0.119 	
-48.712 	-330.949 	83.879 	-0.004 	-0.047 	0.030 	
-6.277 	-51.331 	106.019 	0.051 	0.080 	-0.194 	
166705.399 	13631.109 	134258.658 	23.366 	1.917 	18.839 	
-29.995 	-90.874 	-96.832 	-0.010 	-0.062 	0.091 	
-53.068 	-106.951 	80.642 	0.136 	-0.105 	-0.106 	
144.093 	-185.219 	138.252 	-0.107 	0.001 	-0.050 	
-116.349 	-234.055 	63.997 	-0.013 	-0.072 	0.028 	
93.373 	-73.671 	201.910 	0.028 	0.076 	-0.054 	
198.677 	-156.543 	64.696 	0.001 	-0.104 	-0.035 	
-123.854 	-175.132 	170.666 	-0.059 	0.029 	0.069 	
94.478 	-179.882 	1.298 	-0.006 	-0.032 	-0.098 	
2.769 	-84.559 	77.631 	0.043 	-0.055 	-0.029 	
73.703 	-85.106 	4.244 	0.049 	-0.068 	-0.002 	
-12.546 	-98.571 	18.173 	0.061 	-0.006 	0.214 	
-13.663 	-158.078 	54.365 	0.096 	-0.025 	0.003 	
1696.206 	3416.670 	3559.654 	0.152 	0.344 	0.362 	
-5.554 	-107.620 	110.569 	-0.180 	-0.005 	0.105 	
-445.028 	10170.394 	-6609.850 	-0.072 	1.121 	-0.729 	
-26.712 	-118.857 	86.472 	-0.010 	0.005 	-0.033 	
-18158.722 	-22792.274 	-8633.953 	-2.939 	-3.666 	-1.397 	
34.413 	-105.137 	69.059 	-0.048 	-0.112 	0.183 	
-104.725 	-121.678 	91.641 	0.096 	-0.034 	0.065 	
12296.095 	60073.128 	98772.498 	1.431 	6.974 	11.464 	
97.750 	-64.291 	-55.100 	-0.035 	-0.015 	0.049 	
-21.299 	24.826 	185.914 	-0.016 	-0.122 	-0.009 	
-57.612 	-79.695 	121.286 	0.214 	0.050 	0.060 	
-189.797 	-96.774 	167.632 	0.072 	-0.011 	0.070 	
110.427 	-20.397 	48.806 	0.022 	0.037 	0.037 	
45.976 	-148.307 	44.589 	0.045 	-0.094 	-0.152 	
-51.199 	-118.902 	91.216 	-0.204 	0.027 	0.036 	
-760.673 	536.254 	-86.723 	-0.077 	0.010 	-0.009 	
80.353 	-221.774 	94.729 	0.056 	0.077 	-0.033 	
1642.839 	-632.187 	664.635 	0.184 	-0.077 	0.078 	
-14.132 	-117.577 	67.365 	-0.074 	0.142 	0.060 	
-98.596 	-77.145 	75.272 	0.021 	0.050 	-0.051 	
-17.131 	-133.131 	71.638 	-0.088 	-0.175 	0.054 	
-174.358 	-97.804 	108.626 	-0.002 	0.137 	0.030 	
-17.209 	-138.214 	65.083 	0.044 	0.006 	0.087 	
-40.118 	-146.262 	161.336 	-0.013 	-0.055 	0.031 	
-12.610 	-99.352 	59.279 	0.040 	0.164 	-0.079 	
7.948 	-54.313 	101.611 	-0.044 	-0.014 	-0.021 	
51.153 	-141.415 	-147.065 	0.043 	0.073 	0.017 	
-29.041 	-149.254 	46.952 	-0.042 	-0.007 	-0.064 	
-50.896 	-90.693 	87.096 	-0.041 	-0.093 	-0.064 	
1231.172 	-1730.750 	966.059 	0.139 	-0.195 	0.103 	
-884.433 	254.864 	340.579 	-0.066 	-0.008 	0.034 	
-134.627 	-73.578 	87.901 	0.155 	0.048 	-0.007 	
-55.001 	-73.891 	93.291 	-0.058 	-0.018 	-0.065 	
-120.814 	-143.366 	90.138 	-0.047 	-0.171 	0.067 	
-10.781 	-76.409 	59.259 	0.063 	-0.088 	0.172 	
23.536 	-102.154 	91.488 	-0.150 	-0.080 	-0.017 	
-2159.503 	12833.179 	843.127 	-0.247 	1.412 	0.093 	
46.621 	-88.401 	111.211 	-0.019 	0.067 	-0.071 	
-110.717 	-62.955 	122.164 	-0.072 	-0.050 	0.063 	
-57.113 	-71.528 	59.857 	0.245 	-0.054 	0.049 	
28.187 	-67.703 	96.882 	0.000 	0.098 	-0.078 	
34.528 	-45.057 	39.889 	-0.163 	-0.015 	-0.020 	
918.962 	-2384.259 	-928.502 	0.329 	-0.875 	-0.386 	
7.438 	-157.380 	118.599 	0.106 	-0.040 	0.047 	
72.573 	3.476 	-60.309 	-0.002 	-0.029 	-0.004 	
31.644 	-111.484 	46.637 	-0.169 	0.088 	0.037 	
-24.593 	-116.987 	88.215 	-0.090 	-0.086 	0.093 	
-6.704 	-106.290 	53.260 	0.083 	0.134 	-0.010 	
7.206 	-149.228 	126.393 	-0.031 	-0.088 	0.080 	
181.184 	-103.336 	237.794 	0.007 	0.013 	0.007 	
-7.146 	-223.132 	251.432 	-0.013 	0.008 	-0.023 	
683.630 	216.361 	-5.530 	0.027 	0.020 	0.004 	
158.592 	-172.294 	89.970 	0.064 	0.005 	-0.018 	
-4952.220 	-5591.183 	-2605.851 	-0.521 	-0.567 	-0.262 	
156.423 	-9.258 	-34.740 	0.008 	0.024 	-0.029 	
51.341 	-138.086 	89.353 	0.122 	-0.083 	-0.077 	
-1536.812 	-2182.629 	946.483 	-0.180 	-0.257 	0.109 	
-156.660 	-108.543 	70.625 	-0.025 	-0.076 	0.053 	
-1125.221 	480.903 	1333.158 	-0.131 	0.061 	0.159 	
36.661 	-97.788 	101.289 	0.147 	0.108 	0.020 	
-12.025 	-116.691 	59.564 	0.134 	0.015 	-0.085 	
-164.732 	-131.272 	94.256 	0.026 	0.007 	0.001 	
-38.196 	-86.810 	122.939 	0.033 	0.023 	0.080 	
113.581 	-103.137 	62.682 	0.057 	-0.019 	0.009 	
21.099 	-81.167 	82.935 	-0.010 	-0.102 	-0.000 	
-117.069 	69.387 	-111.801 	-0.062 	0.051 	-0.012 	
16.634 	-90.165 	107.240 	-0.174 	-0.127 	-0.063 	
32.760 	89.377 	-0.361 	0.020 	-0.093 	0.034 	
-151.173 	-92.284 	138.246 	-0.098 	-0.047 	-0.020 	
-83.149 	-66.487 	50.377 	0.024 	-0.042 	0.050 	
-263.303 	-28.318 	136.610 	0.088 	-0.015 	0.002 	
39.158 	-10.211 	76.814 	-0.054 	-0.065 	-0.020 	
-131.263 	-39.986 	86.367 	-0.049 	-0.079 	0.059 	
96.603 	-122.412 	127.979 	-0.112 	-0.063 	-0.057 	
45.173 	-96.360 	66.183 	0.014 	-0.005 	0.049 	
234.392 	-22.077 	99.803 	-0.043 	-0.097 	0.011 	
-35.346 	-57.187 	29.066 	-0.076 	-0.085 	0.124 	
69.568 	-126.970 	110.088 	0.148 	-0.025 	-0.126 	
46.063 	-153.538 	43.732 	-0.110 	0.003 	0.077 	
-9003.025 	38422.984 	49131.551 	-1.661 	6.956 	8.885 	
61.273 	-18.565 	-47.070 	-0.082 	0.067 	-0.046 	
41.319 	-24.175 	132.172 	-0.121 	0.075 	0.097 	
-4.862 	-62.923 	55.267 	-0.085 	-0.074 	0.034 	
-598.174 	623.092 	-414.666 	-0.106 	0.107 	-0.078 	
284.921 	64.701 	13.620 	0.055 	-0.003 	-0.017 	
25.557 	-110.708 	99.456 	-0.193 	-0.012 	0.060 	
49.368 	-9.822 	88.141 	-0.067 	0.120 	0.129 	
100.871 	-22.961 	135.632 	-0.028 	-0.091 	-0.017 	
1.139 	-93.544 	63.303 	-0.110 	-0.016 	0.029 	
-20.973 	-94.684 	37.210 	-0.122 	-0.114 	-0.083 	
107.530 	-43.857 	136.209 	-0.086 	-0.032 	-0.053 	
-1476.570 	-1745.911 	6049.790 	-0.163 	-0.176 	0.621 	
-32.944 	-86.874 	148.474 	-0.203 	-0.029 	-0.015 	
-104.403 	-110.555 	10.644 	-0.065 	-0.034 	-0.075 	
33.705 	-95.129 	82.472 	-0.081 	-0.031 	-0.153 	
-30.112 	-132.019 	6.238 	0.003 	-0.064 	-0.121 	
80.849 	-47.953 	116.735 	-0.005 	0.001 	-0.011 	
-10.480 	-12.255 	73.141 	-0.085 	0.044 	-0.068 	
-48.199 	-103.038 	92.202 	-0.113 	-0.120 	0.044 	
229.575 	-84.413 	250.627 	-0.028 	-0.005 	0.002 	
31.367 	-88.442 	73.027 	-0.111 	-0.031 	0.050 	
22.108 	-44.286 	-24.054 	0.058 	0.039 	0.028 	
-39.539 	-104.628 	87.355 	0.008 	0.006 	0.042 	
-17.314 	-123.318 	71.086 	0.159 	0.063 	-0.012 	
-68.613 	-146.720 	90.486 	0.072 	-0.026 	0.012 	
15.132 	-93.823 	63.756 	0.019 	-0.047 	-0.048 	
157.522 	-2.166 	216.634 	0.014 	0.042 	0.045 	
-11.906 	-120.876 	134.982 	-0.061 	-0.024 	0.029 	
80.880 	-29.733 	57.268 	-0.090 	0.027 	-0.085 	
-148.342 	634.036 	56.926 	-0.087 	0.412 	-0.024 	
14.068 	-112.198 	41.364 	0.095 	-0.048 	-0.064 	
-1653.002 	-2329.039 	-3595.961 	-0.254 	-0.330 	-0.514 	
50.053 	-73.246 	29.940 	0.142 	0.054 	-0.021 	
-29.538 	-78.965 	-14.648 	-0.068 	-0.004 	0.031 	
148.965 	-94.181 	63.824 	-0.157 	-0.014 	0.027 	
-63.375 	-22.202 	63.368 	0.039 	-0.010 	0.016 	
246.645 	-62.421 	12.033 	0.038 	-0.006 	0.013 	
-68.920 	-93.921 	-56.691 	0.026 	-0.135 	0.019 	
78.615 	-55.130 	109.116 	-0.002 	-0.026 	0.124 	
6.755 	-80.689 	109.047 	0.065 	0.095 	-0.003 	
108.872 	-49.247 	-29.065 	0.081 	0.014 	0.107 	
62.442 	-106.807 	89.966 	-0.016 	-0.113 	0.062 	
-23.517 	-74.994 	58.448 	-0.055 	0.071 	0.106 	
-463.306 	-11864.701 	-2026.926 	-0.060 	-1.308 	-0.223 	
-75.524 	-150.089 	153.806 	-0.040 	0.074 	-0.058 	
26.251 	-85.646 	69.081 	0.223 	0.009 	0.089 	
-164676.953 	-14789.958 	-134718.433 	-23.128 	-2.071 	-18.899 	
24.596 	-105.139 	34.606 	-0.019 	0.058 	-0.107 	
-41.882 	44.624 	113.329 	-0.002 	0.086 	0.051 	
-54.743 	-121.917 	90.775 	-0.054 	0.106 	-0.127 	
34.267 	-146.408 	123.221 	0.036 	-0.027 	-0.044 	
-32.212 	-56.716 	71.324 	0.045 	0.065 	-0.224 	
-118.966 	-4.922 	24.300 	0.010 	-0.028 	0.059 	
-99.012 	-192.824 	175.200 	0.029 	0.013 	-0.067 	
79.415 	-97.204 	44.511 	-0.142 	-0.122 	0.007 	
-30.650 	-177.242 	70.686 	0.035 	-0.130 	0.022 	
9439.981 	-38763.747 	-48725.649 	1.676 	-7.008 	-8.818 	
-205.468 	-122.034 	-41.815 	-0.061 	0.002 	-0.053 	
141.199 	-151.171 	102.957 	-0.017 	0.042 	-0.032 	
308.350 	56.120 	136.709 	0.014 	0.023 	0.013 	
7582.577 	-5746.604 	-4615.199 	0.881 	-0.660 	-0.534 	
-2.142 	-45.327 	74.411 	-0.099 	0.179 	0.093 	
-4027.099 	-1594.146 	1172.906 	-0.705 	-0.256 	0.187 	
-104.560 	-165.923 	74.740 	-0.099 	0.004 	0.076 	
