## Las primeras 500 lineas corresponden a la esfera 1 
##las siguienets 500 lineas a la esfera 2
## Las primeras tres columnas corresponden a la posición en 'x', 'y' y 'z', las siguientes tres a las velocidades
-56.827 	-2490.740 	264.185 	-0.010 	-0.244 	0.028 	
833.890 	-773.064 	-16.659 	0.086 	-0.077 	-0.002 	
959.051 	3182.561 	2123.618 	0.098 	0.314 	0.206 	
-3022.126 	3335.361 	2205.877 	-0.303 	0.332 	0.221 	
-587.670 	-671.457 	3126.867 	-0.054 	-0.066 	0.313 	
3374.766 	2149.101 	3787.543 	0.342 	0.215 	0.374 	
3455.891 	-1720.068 	-3372.251 	0.345 	-0.169 	-0.336 	
-3241.967 	-1832.232 	1207.438 	-0.321 	-0.177 	0.123 	
2801.024 	915.123 	1869.002 	0.276 	0.095 	0.185 	
1067.486 	1005.869 	1495.832 	0.105 	0.098 	0.151 	
2836.492 	-222.767 	152.593 	0.278 	-0.021 	0.013 	
-593.526 	-2589.581 	437.554 	-0.056 	-0.255 	0.045 	
609.845 	-1840.185 	283.031 	0.067 	-0.181 	0.029 	
2042.727 	2942.265 	2826.678 	0.198 	0.292 	0.279 	
-141.268 	2476.906 	-3958.896 	-0.014 	0.247 	-0.393 	
-1402.271 	-224.901 	20.804 	-0.139 	-0.018 	0.003 	
-1606.236 	3183.930 	-1310.596 	-0.162 	0.313 	-0.131 	
331.223 	1775.965 	-3583.995 	0.032 	0.171 	-0.358 	
-4718.921 	-3460.995 	-1992.231 	-0.474 	-0.341 	-0.200 	
1627.990 	-4066.215 	-3503.345 	0.158 	-0.405 	-0.349 	
407.324 	-3741.281 	4526.981 	0.042 	-0.367 	0.452 	
314.356 	1389.484 	3879.102 	0.030 	0.137 	0.380 	
-1005.662 	-1748.887 	875.601 	-0.099 	-0.168 	0.085 	
-3267.142 	-2583.622 	1177.005 	-0.321 	-0.253 	0.115 	
2317.677 	-1619.787 	2612.220 	0.233 	-0.161 	0.256 	
-1478.114 	-19.875 	3460.359 	-0.141 	-0.001 	0.341 	
286.859 	-2089.588 	-121.058 	0.032 	-0.203 	-0.010 	
903.595 	-3902.338 	2879.482 	0.088 	-0.392 	0.286 	
-3317.042 	3355.846 	880.287 	-0.325 	0.332 	0.088 	
-1851.409 	-2886.033 	2327.957 	-0.180 	-0.284 	0.233 	
-1182.119 	-2001.472 	-3416.439 	-0.116 	-0.196 	-0.339 	
1612.952 	2663.127 	3254.859 	0.158 	0.261 	0.323 	
3273.153 	-1227.341 	3032.708 	0.325 	-0.121 	0.302 	
-2072.415 	2224.802 	290.424 	-0.199 	0.219 	0.030 	
345.384 	-1183.278 	-3683.246 	0.034 	-0.121 	-0.360 	
634.371 	-467.557 	407.669 	0.068 	-0.043 	0.041 	
-1582.431 	-3177.193 	-3665.614 	-0.158 	-0.313 	-0.369 	
-1497.324 	-3907.937 	2943.648 	-0.143 	-0.387 	0.292 	
-1507.189 	-334.693 	2127.440 	-0.151 	-0.031 	0.213 	
2533.218 	-4011.638 	2918.117 	0.251 	-0.398 	0.292 	
4340.936 	1561.819 	-181.665 	0.431 	0.150 	-0.019 	
782.938 	-968.009 	314.991 	0.079 	-0.091 	0.029 	
1271.652 	813.063 	3162.331 	-0.819 	1.051 	1.329 	
-206.392 	-2774.625 	-1795.537 	-0.025 	-0.275 	-0.177 	
719.271 	-809.673 	2760.467 	0.075 	-0.081 	0.276 	
400.846 	715.046 	-1285.215 	0.044 	0.072 	-0.124 	
4151.516 	293.812 	84.656 	0.413 	0.031 	0.022 	
-982.942 	3890.317 	-1036.548 	-0.097 	0.387 	-0.104 	
964.569 	-1133.188 	-1481.786 	0.100 	-0.114 	-0.145 	
3611.350 	2361.217 	1147.023 	0.359 	0.238 	0.114 	
-3284.840 	-1244.657 	-2716.953 	-0.323 	-0.126 	-0.272 	
1860.836 	-318.594 	1855.760 	0.180 	-0.031 	0.180 	
4088.698 	-1883.760 	-3996.078 	0.410 	-0.192 	-0.397 	
-275.630 	2525.634 	77.379 	-0.022 	0.249 	0.011 	
-2945.774 	3143.574 	2300.345 	-0.295 	0.310 	0.227 	
-627.035 	-3818.601 	1959.204 	-0.060 	-0.382 	0.197 	
-1547.111 	-72.595 	-2415.636 	-0.148 	-0.009 	-0.242 	
181.368 	-3365.850 	-1177.959 	0.022 	-0.333 	-0.118 	
-3950.558 	2839.612 	3387.610 	-0.394 	0.285 	0.339 	
2299.041 	3517.402 	1380.095 	0.230 	0.346 	0.133 	
-1075.429 	3833.020 	1006.367 	-0.111 	0.381 	0.099 	
1520.329 	2233.549 	-1321.673 	0.154 	0.219 	-0.130 	
-3078.011 	4128.982 	1631.859 	-0.310 	0.412 	0.163 	
2730.268 	818.526 	-1370.636 	0.271 	0.085 	-0.135 	
3331.320 	-3799.065 	-3838.172 	0.337 	-0.377 	-0.380 	
4743.665 	-1569.345 	-3940.031 	0.477 	-0.155 	-0.392 	
3044.564 	-2199.643 	-3433.969 	0.309 	-0.219 	-0.342 	
-4345.745 	4764.048 	-1387.195 	-0.435 	0.479 	-0.141 	
4715.035 	2188.003 	2813.134 	0.474 	0.218 	0.278 	
-671.724 	1296.613 	1693.887 	-0.067 	0.120 	0.169 	
3113.223 	1105.843 	1186.258 	0.312 	0.106 	0.115 	
1321.523 	-183.945 	1437.800 	0.136 	-0.016 	0.142 	
-76.118 	2418.959 	-4001.293 	-0.009 	0.239 	-0.395 	
-1052.920 	-3024.117 	-1206.915 	-0.106 	-0.299 	-0.118 	
-1871.957 	1557.903 	2430.721 	-0.191 	0.154 	0.239 	
1799.359 	-526.812 	-929.531 	0.178 	-0.052 	-0.085 	
-115.268 	-883.242 	-2820.154 	-0.012 	-0.082 	-0.280 	
3536.058 	2084.884 	-3350.007 	0.354 	0.208 	-0.337 	
434.050 	-748.344 	-1569.188 	0.041 	-0.072 	-0.157 	
-26.892 	-1014.369 	3376.000 	-0.000 	-0.103 	0.334 	
-637.308 	3073.482 	982.135 	-0.067 	0.300 	0.098 	
871.823 	-1609.608 	-1080.628 	0.082 	-0.157 	-0.104 	
1985.554 	2565.595 	3299.261 	0.195 	0.257 	0.327 	
-861.448 	-2638.873 	3388.698 	-0.087 	-0.259 	0.338 	
2643.054 	-1361.301 	-664.854 	0.265 	-0.131 	-0.069 	
-2378.612 	-3357.752 	-3262.213 	-0.233 	-0.332 	-0.322 	
2510.695 	-789.601 	-1641.197 	0.252 	-0.070 	-0.168 	
-2646.356 	-2791.750 	3009.935 	-0.268 	-0.277 	0.300 	
-3573.075 	-3542.267 	2343.868 	-0.351 	-0.352 	0.235 	
-3229.703 	-1464.382 	-320.008 	-0.317 	-0.149 	-0.028 	
4278.233 	2000.578 	3018.173 	0.425 	0.204 	0.299 	
101.258 	1677.241 	3062.092 	0.009 	0.169 	0.304 	
323.364 	-752.663 	298.771 	0.035 	-0.077 	0.031 	
-483.695 	-3670.659 	-1485.480 	-0.045 	-0.366 	-0.144 	
3514.293 	-2313.267 	3481.934 	0.349 	-0.227 	0.345 	
-1309.014 	2287.458 	-3667.709 	-0.122 	0.235 	-0.366 	
3564.570 	877.435 	2272.323 	0.357 	0.086 	0.225 	
3836.011 	872.259 	-2523.055 	0.385 	0.087 	-0.250 	
4368.675 	3406.288 	538.063 	0.440 	0.337 	0.054 	
2312.249 	-1863.940 	2331.109 	0.224 	-0.188 	0.229 	
-2733.907 	3579.992 	2016.339 	-0.271 	0.351 	0.203 	
-4508.117 	-3211.415 	-1357.182 	-0.452 	-0.318 	-0.131 	
1215.966 	-4188.729 	2399.198 	0.122 	-0.418 	0.238 	
-1807.035 	-384.435 	3187.781 	-0.178 	-0.034 	0.319 	
2310.421 	-973.171 	1255.534 	0.234 	-0.097 	0.127 	
-3769.782 	1916.865 	3471.086 	-0.371 	0.191 	0.342 	
-3783.012 	-2612.748 	2493.921 	-0.379 	-0.257 	0.250 	
-4402.983 	4625.479 	-1866.457 	-0.441 	0.464 	-0.186 	
2729.718 	-1793.548 	164.554 	0.268 	-0.180 	0.020 	
4655.072 	-444.694 	-1447.294 	0.466 	-0.047 	-0.140 	
-1114.503 	-408.271 	2287.878 	-0.109 	-0.042 	0.229 	
975.678 	-1369.079 	2050.294 	0.092 	-0.136 	0.203 	
1795.627 	-34.949 	645.224 	0.174 	-0.007 	0.061 	
-717.836 	3937.424 	-1410.210 	-0.074 	0.388 	-0.136 	
-2679.692 	3641.699 	3670.973 	-0.267 	0.362 	0.367 	
-392.584 	3923.567 	3786.955 	-0.037 	0.392 	0.376 	
1185.605 	-4077.790 	-665.237 	0.116 	-0.405 	-0.061 	
-4303.248 	-1274.599 	4062.939 	-0.426 	-0.130 	0.402 	
2938.214 	-1815.265 	-1486.037 	0.291 	-0.184 	-0.143 	
-336.713 	2866.543 	555.659 	-0.038 	0.282 	0.058 	
-1990.098 	451.401 	2538.543 	-0.195 	0.045 	0.256 	
2307.204 	-3236.719 	-1447.806 	0.230 	-0.324 	-0.144 	
1858.546 	-541.953 	-3050.989 	0.184 	-0.048 	-0.303 	
3739.295 	-1719.441 	3868.670 	0.368 	-0.172 	0.385 	
-4149.900 	1390.635 	2044.146 	-0.415 	0.136 	0.202 	
1152.087 	-474.483 	-1453.184 	0.110 	-0.044 	-0.141 	
-4266.160 	-2727.804 	-1593.082 	-0.422 	-0.270 	-0.154 	
-4566.834 	-4196.055 	1702.226 	-0.459 	-0.417 	0.168 	
-3317.048 	1725.384 	-4010.833 	-0.330 	0.173 	-0.394 	
-3504.173 	-3710.313 	1412.394 	-0.344 	-0.370 	0.140 	
-405.857 	-2454.248 	1948.622 	-0.044 	-0.242 	0.195 	
-979.942 	3160.443 	-1816.796 	-0.099 	0.315 	-0.183 	
-2480.701 	2026.162 	24.396 	-0.247 	0.198 	0.002 	
36.829 	1143.053 	-3528.643 	0.000 	0.110 	-0.348 	
4377.847 	-4017.685 	372.739 	0.433 	-0.398 	0.034 	
-551.290 	-3130.417 	-1658.478 	-0.051 	-0.310 	-0.169 	
445.489 	-2443.113 	1074.175 	0.041 	-0.242 	0.102 	
-2867.011 	-3736.096 	2931.697 	-0.280 	-0.373 	0.293 	
3431.787 	-1633.360 	-1696.868 	0.341 	-0.160 	-0.168 	
1537.095 	-3045.754 	941.735 	0.158 	-0.301 	0.096 	
-2920.490 	-1855.624 	-2346.735 	-0.285 	-0.186 	-0.232 	
3795.470 	-1094.771 	-1025.215 	0.371 	-0.106 	-0.102 	
-2621.631 	3922.813 	966.693 	-0.262 	0.387 	0.099 	
-3159.582 	-3298.121 	546.569 	-0.315 	-0.327 	0.057 	
-1027.178 	1185.770 	1456.862 	-0.105 	0.113 	0.144 	
2407.936 	-519.724 	3382.789 	0.238 	-0.051 	0.331 	
-1770.948 	-200.875 	-1427.981 	-0.173 	-0.016 	-0.141 	
-68.240 	2030.957 	3034.038 	-0.009 	0.200 	0.296 	
3650.781 	-3423.794 	-3993.242 	0.359 	-0.341 	-0.398 	
-278.638 	2817.325 	-2029.879 	-0.024 	0.276 	-0.202 	
3663.429 	-3955.957 	977.561 	0.365 	-0.392 	0.093 	
-2815.725 	-1096.797 	2466.744 	-0.275 	-0.106 	0.244 	
964.868 	2159.019 	4234.148 	0.094 	0.210 	0.421 	
-4282.024 	-4192.864 	-1599.974 	-0.426 	-0.416 	-0.161 	
-3616.338 	-199.283 	-4069.705 	-0.360 	-0.017 	-0.405 	
-382.771 	-1707.164 	-1450.269 	-0.043 	-0.170 	-0.143 	
4062.321 	-904.749 	2887.401 	0.413 	-0.089 	0.283 	
-3806.192 	-1967.821 	3765.703 	-0.379 	-0.198 	0.373 	
-1835.165 	-2984.849 	4222.977 	-0.180 	-0.298 	0.422 	
448.535 	-2950.849 	2476.272 	0.044 	-0.294 	0.247 	
4125.331 	-3401.682 	3127.711 	0.415 	-0.339 	0.313 	
-1274.277 	759.522 	787.005 	-0.123 	0.076 	0.075 	
-1466.765 	-89.083 	2391.803 	-0.155 	-0.001 	0.246 	
2078.131 	312.728 	-130.637 	0.210 	0.033 	-0.009 	
207.672 	-1512.049 	811.148 	0.019 	-0.149 	0.078 	
-1565.137 	-37.234 	-511.242 	-0.157 	-0.003 	-0.047 	
-1443.902 	2338.516 	-2061.499 	-0.142 	0.232 	-0.205 	
4660.933 	-1026.237 	-276.392 	0.464 	-0.107 	-0.027 	
1345.452 	-118.793 	-441.399 	0.134 	-0.016 	-0.039 	
1556.997 	-885.966 	-875.271 	0.150 	-0.091 	-0.081 	
-2621.418 	788.011 	4410.377 	-0.259 	0.078 	0.439 	
2576.420 	1680.387 	173.603 	0.262 	0.163 	0.019 	
-3806.215 	731.173 	1612.330 	-0.379 	0.070 	0.159 	
1039.685 	-278.233 	-1252.573 	0.101 	-0.032 	-0.124 	
-4402.565 	-1949.609 	3700.076 	-0.441 	-0.194 	0.367 	
-3419.263 	-1288.305 	-256.247 	-0.339 	-0.126 	-0.023 	
-1708.502 	-945.080 	-950.261 	-0.168 	-0.094 	-0.096 	
2669.139 	2378.266 	3325.394 	0.266 	0.237 	0.325 	
829.572 	-804.188 	3394.475 	0.084 	-0.079 	0.338 	
3992.301 	2505.726 	4321.830 	0.396 	0.253 	0.432 	
3443.103 	3144.945 	3487.305 	0.342 	0.314 	0.352 	
3699.167 	-3157.770 	-3208.945 	0.366 	-0.315 	-0.317 	
2743.964 	3833.864 	209.107 	0.278 	0.380 	0.020 	
-1922.064 	184.971 	1090.898 	-0.193 	0.016 	0.112 	
-753.926 	310.305 	-2463.601 	-0.072 	0.032 	-0.248 	
-608.628 	1760.941 	1941.134 	-0.065 	0.174 	0.192 	
-4325.477 	-3823.898 	2382.194 	-0.431 	-0.377 	0.242 	
-1687.309 	1358.185 	-1521.570 	-0.167 	0.136 	-0.148 	
-1174.691 	-3588.915 	-2758.870 	-0.117 	-0.353 	-0.275 	
-1952.664 	-3505.219 	-2113.752 	-0.189 	-0.347 	-0.210 	
318.242 	-3847.233 	-3170.703 	0.031 	-0.380 	-0.313 	
3449.930 	1378.104 	276.909 	0.347 	0.137 	0.030 	
3796.717 	-312.250 	-2633.180 	0.377 	-0.032 	-0.258 	
-1610.604 	578.304 	230.495 	-0.154 	0.056 	0.027 	
-1755.006 	1862.971 	1019.160 	-0.179 	0.183 	0.102 	
3885.149 	-1789.119 	-44.976 	0.384 	-0.181 	-0.008 	
-2250.111 	1475.058 	-4058.226 	-0.225 	0.145 	-0.404 	
4010.799 	-287.097 	2576.995 	0.396 	-0.024 	0.258 	
890.519 	1368.893 	1162.063 	0.094 	0.137 	0.118 	
2514.388 	-786.027 	-1601.063 	0.250 	-0.085 	-0.154 	
-2433.951 	3046.840 	717.704 	-0.241 	0.298 	0.073 	
16.969 	-3012.863 	1829.589 	0.006 	-0.294 	0.180 	
-352.380 	-319.388 	-3251.122 	-0.030 	-0.031 	-0.320 	
-1198.073 	181.635 	684.864 	-0.120 	0.019 	0.068 	
-428.509 	-3447.878 	-3505.777 	-0.041 	-0.339 	-0.351 	
-908.812 	-1500.904 	3536.002 	-0.088 	-0.150 	0.344 	
4414.706 	-624.363 	-3158.820 	0.441 	-0.066 	-0.313 	
-928.635 	611.265 	-631.598 	-0.090 	0.058 	-0.060 	
3697.657 	-3810.883 	3518.936 	0.372 	-0.377 	0.350 	
-1248.047 	-1288.888 	1189.195 	-0.123 	-0.123 	0.117 	
-1117.285 	-95.494 	3588.495 	-0.108 	-0.006 	0.354 	
887.538 	1885.848 	403.274 	0.094 	0.186 	0.041 	
-4005.552 	4149.175 	-3003.661 	-0.401 	0.413 	-0.298 	
281.565 	-1044.389 	-4078.927 	0.034 	-0.102 	-0.405 	
-691.297 	-2075.111 	2551.575 	-0.067 	-0.199 	0.254 	
-2452.554 	-1910.566 	-1701.140 	-0.247 	-0.189 	-0.167 	
2206.731 	3977.282 	-3425.024 	0.221 	0.396 	-0.346 	
-2393.781 	298.865 	2536.557 	-0.242 	0.029 	0.250 	
-121.073 	549.896 	1897.756 	-0.015 	0.054 	0.184 	
-607.589 	-798.858 	1206.852 	-0.052 	-0.085 	0.105 	
3809.719 	-979.715 	-2438.023 	0.378 	-0.102 	-0.244 	
4455.899 	-4193.551 	86.864 	0.442 	-0.417 	0.013 	
-3291.257 	-2419.307 	-189.089 	-0.331 	-0.241 	-0.020 	
118.941 	-3356.166 	910.928 	0.009 	-0.329 	0.093 	
-1598.231 	207.497 	3290.451 	-0.160 	0.017 	0.323 	
-2134.873 	4091.908 	193.801 	-0.208 	0.405 	0.022 	
-2997.562 	-3170.937 	1361.580 	-0.296 	-0.312 	0.134 	
3704.179 	-1501.760 	-3108.857 	0.370 	-0.148 	-0.312 	
-2638.518 	-3804.725 	2484.703 	-0.263 	-0.373 	0.247 	
-1792.075 	-84.516 	1511.935 	-0.177 	-0.014 	0.152 	
-1905.417 	400.419 	3897.236 	-0.189 	0.039 	0.389 	
-3413.307 	2529.100 	-579.912 	-0.337 	0.250 	-0.052 	
-3312.323 	1137.501 	122.295 	-0.333 	0.113 	0.013 	
-1200.959 	1106.254 	-1990.048 	-0.118 	0.112 	-0.195 	
3605.023 	4602.217 	-4156.799 	0.358 	0.463 	-0.416 	
-2980.367 	1641.791 	2342.729 	-0.299 	0.163 	0.236 	
-3309.800 	-378.995 	-3500.948 	-0.325 	-0.039 	-0.348 	
2023.096 	-2838.536 	1293.108 	0.202 	-0.284 	0.124 	
3097.127 	3275.275 	-259.481 	0.314 	0.325 	-0.023 	
3407.344 	1792.439 	-3822.377 	0.336 	0.180 	-0.376 	
2239.596 	1072.879 	-2546.196 	0.220 	0.105 	-0.247 	
-1660.098 	-3228.394 	-964.123 	-0.162 	-0.316 	-0.097 	
3135.648 	-1414.242 	306.340 	0.313 	-0.138 	0.025 	
-707.481 	3534.995 	888.934 	-0.044 	0.371 	0.096 	
919.070 	-2404.297 	3515.986 	0.092 	-0.236 	0.343 	
-2048.029 	1327.560 	-1608.313 	-0.203 	0.130 	-0.162 	
-3039.530 	-119.800 	1512.375 	-0.304 	-0.012 	0.153 	
3300.789 	-1124.584 	3232.581 	0.331 	-0.113 	0.315 	
927.774 	-2432.133 	-3657.312 	0.096 	-0.242 	-0.358 	
4571.389 	762.910 	-2538.264 	0.459 	0.076 	-0.253 	
1554.316 	-954.313 	3212.394 	0.159 	-0.094 	0.317 	
-2643.424 	3550.347 	-779.501 	-0.256 	0.353 	-0.077 	
-1717.253 	-1658.673 	1450.833 	-0.171 	-0.164 	0.147 	
-1440.970 	-1861.960 	764.582 	-0.141 	-0.184 	0.082 	
4018.450 	76.627 	1796.194 	0.400 	0.012 	0.181 	
-2726.348 	265.453 	2532.815 	-0.271 	0.026 	0.257 	
-38.647 	1603.129 	-3067.912 	-0.008 	0.160 	-0.307 	
-2875.504 	-3801.485 	-3808.145 	-0.282 	-0.376 	-0.382 	
2054.858 	3248.470 	-1487.079 	0.202 	0.320 	-0.147 	
-4034.141 	1930.918 	2380.708 	-0.402 	0.192 	0.234 	
-4224.100 	271.518 	1609.687 	-0.422 	0.030 	0.160 	
1297.627 	-3380.246 	-3385.444 	0.127 	-0.337 	-0.332 	
-5704.261 	10.990 	-31.266 	-0.592 	-0.015 	-0.005 	
-3795.449 	-1552.440 	2040.709 	-0.374 	-0.155 	0.205 	
2304.824 	-894.145 	-2783.532 	0.227 	-0.089 	-0.280 	
1180.357 	762.024 	532.183 	0.120 	0.075 	0.058 	
-125.372 	-1503.484 	935.413 	-0.016 	-0.152 	0.090 	
-4109.115 	343.604 	-2385.579 	-0.410 	0.032 	-0.240 	
3356.804 	-336.418 	4560.712 	0.336 	-0.032 	0.456 	
-806.164 	-1420.830 	2295.016 	-0.080 	-0.144 	0.223 	
1496.594 	-2386.660 	-925.084 	0.145 	-0.236 	-0.090 	
595.239 	-628.712 	627.462 	0.061 	-0.066 	0.058 	
-3630.380 	-4309.238 	-2151.613 	-0.362 	-0.431 	-0.213 	
2056.400 	-1909.323 	-3478.735 	0.204 	-0.185 	-0.342 	
888.965 	1310.725 	-886.440 	0.092 	0.146 	-0.087 	
-1635.264 	-445.630 	1378.130 	-0.161 	-0.039 	0.140 	
4639.607 	2291.661 	-370.239 	0.466 	0.226 	-0.038 	
1025.683 	-502.564 	-2371.936 	0.100 	-0.050 	-0.237 	
-3334.895 	1169.407 	-4165.444 	-0.330 	0.118 	-0.413 	
1617.288 	1240.337 	1274.614 	0.164 	0.119 	0.130 	
4038.077 	284.386 	-3320.718 	0.397 	0.026 	-0.327 	
-1646.221 	557.347 	-2123.180 	-0.162 	0.058 	-0.213 	
-4126.232 	3720.431 	1571.568 	-0.414 	0.370 	0.157 	
169.010 	-3229.804 	-3861.795 	0.020 	-0.320 	-0.387 	
2904.315 	3667.391 	-2320.306 	0.290 	0.364 	-0.236 	
2082.185 	-1652.321 	467.346 	0.205 	-0.163 	0.051 	
2122.261 	-3542.271 	-2905.303 	0.209 	-0.350 	-0.292 	
1345.610 	-1667.421 	2341.515 	0.131 	-0.165 	0.232 	
1799.087 	-1774.841 	2857.739 	0.179 	-0.174 	0.283 	
3641.569 	4031.129 	-3588.708 	0.360 	0.402 	-0.361 	
3418.605 	-604.301 	2493.854 	0.342 	-0.057 	0.251 	
1488.652 	-954.373 	-829.192 	0.151 	-0.091 	-0.082 	
-1694.983 	-1547.784 	3071.641 	-0.171 	-0.152 	0.305 	
-1927.607 	-907.207 	3361.800 	-0.190 	-0.094 	0.333 	
788.352 	-2004.492 	-1294.776 	0.079 	-0.197 	-0.130 	
-2727.396 	-444.191 	-81.153 	-0.270 	-0.046 	-0.009 	
-449.812 	3463.300 	-4243.123 	-0.040 	0.347 	-0.422 	
-3264.978 	-1061.584 	2160.510 	-0.327 	-0.105 	0.213 	
-152.075 	-3281.755 	3545.643 	-0.016 	-0.322 	0.355 	
-1577.837 	1256.290 	3299.991 	-0.153 	0.127 	0.326 	
-470.387 	-155.547 	2339.602 	-0.049 	-0.017 	0.232 	
2966.891 	-2249.436 	0.452 	0.297 	-0.225 	-0.004 	
-151.344 	-1481.754 	994.023 	-0.004 	-0.145 	0.100 	
-817.634 	-1470.556 	3341.860 	-0.076 	-0.145 	0.333 	
-4190.859 	-1173.389 	1132.398 	-0.420 	-0.117 	0.113 	
-1121.827 	-2734.630 	-596.179 	-0.115 	-0.269 	-0.059 	
1170.113 	-4065.756 	2165.103 	0.114 	-0.408 	0.215 	
1456.415 	-3039.284 	-785.664 	0.143 	-0.302 	-0.075 	
1715.821 	-3736.275 	-420.395 	0.172 	-0.372 	-0.038 	
1096.784 	153.531 	3376.120 	0.105 	0.013 	0.334 	
-3747.431 	1817.294 	242.288 	-0.373 	0.179 	0.023 	
-843.183 	896.290 	1714.630 	-0.079 	0.086 	0.168 	
-1472.447 	-2184.048 	3569.039 	-0.148 	-0.217 	0.358 	
-3082.027 	-3671.470 	3243.221 	-0.306 	-0.362 	0.327 	
2205.728 	2510.859 	-3849.029 	0.218 	0.248 	-0.379 	
-1296.788 	2286.485 	-3682.564 	-0.129 	0.219 	-0.358 	
-221.324 	-3132.461 	-2528.425 	-0.016 	-0.310 	-0.251 	
-32.463 	-255.200 	564.539 	0.003 	-0.029 	0.055 	
2740.771 	-1276.879 	690.349 	0.273 	-0.127 	0.065 	
2211.479 	1291.044 	-2380.546 	0.225 	0.128 	-0.235 	
-2674.693 	-3666.657 	2107.270 	-0.263 	-0.368 	0.207 	
4554.924 	-904.571 	-4129.699 	0.457 	-0.090 	-0.412 	
-653.768 	2933.459 	985.872 	-0.060 	0.293 	0.096 	
-2374.533 	3308.594 	-2870.991 	-0.237 	0.328 	-0.287 	
-3173.763 	2174.341 	-1129.990 	-0.310 	0.215 	-0.112 	
-60.816 	1066.956 	-401.834 	-0.009 	0.100 	-0.039 	
-3500.893 	1432.561 	295.903 	-0.342 	0.146 	0.028 	
-186.725 	-3066.047 	-2340.711 	-0.020 	-0.302 	-0.228 	
-2911.779 	-1662.778 	144.142 	-0.290 	-0.164 	0.010 	
2281.646 	1787.918 	-2286.428 	0.232 	0.177 	-0.225 	
-2826.373 	4003.564 	564.319 	-0.281 	0.395 	0.061 	
2078.122 	-363.005 	-2984.028 	0.208 	-0.035 	-0.295 	
-386.531 	298.410 	-815.688 	-0.035 	0.024 	-0.076 	
-3898.338 	-2057.285 	-3666.714 	-0.386 	-0.209 	-0.367 	
1789.356 	-759.471 	599.151 	0.175 	-0.076 	0.061 	
-3210.989 	-787.906 	3552.931 	-0.318 	-0.077 	0.354 	
3176.159 	-349.228 	2937.145 	0.316 	-0.037 	0.288 	
1132.566 	-349.358 	-2707.530 	0.109 	-0.039 	-0.267 	
3303.342 	1340.150 	-267.641 	0.326 	0.134 	-0.029 	
1439.871 	693.094 	2401.771 	0.140 	0.070 	0.237 	
-297.622 	1842.567 	-3046.145 	-0.032 	0.183 	-0.300 	
4162.204 	-3020.728 	-1281.156 	0.419 	-0.299 	-0.125 	
-3735.238 	-3763.060 	3924.958 	-0.373 	-0.376 	0.390 	
-3227.148 	-2255.072 	-93.914 	-0.318 	-0.223 	-0.010 	
2455.504 	585.497 	852.951 	0.238 	0.058 	0.085 	
4076.537 	-1002.562 	1071.445 	0.405 	-0.097 	0.103 	
-3373.377 	1273.122 	1871.581 	-0.333 	0.129 	0.191 	
112.114 	-228.052 	54.735 	0.007 	-0.022 	0.008 	
-1120.415 	-2355.805 	3288.189 	-0.106 	-0.231 	0.328 	
-425.237 	-2000.227 	-1550.082 	-0.039 	-0.200 	-0.150 	
3931.782 	-1593.246 	-2672.834 	0.390 	-0.162 	-0.264 	
425.635 	-2330.407 	-2196.766 	0.037 	-0.229 	-0.216 	
3081.369 	-3248.327 	4101.779 	0.310 	-0.320 	0.407 	
-3775.840 	-1513.078 	-1977.913 	-0.373 	-0.146 	-0.193 	
-3451.664 	-961.687 	-1289.061 	-0.345 	-0.099 	-0.126 	
571.277 	-867.834 	3135.677 	0.063 	-0.086 	0.310 	
2415.789 	-2329.230 	1740.206 	0.245 	-0.231 	0.170 	
-2193.194 	1746.352 	1860.740 	-0.222 	0.171 	0.186 	
-3727.048 	-2049.362 	3132.810 	-0.369 	-0.199 	0.312 	
-2929.925 	-31.057 	1007.430 	-0.292 	-0.004 	0.103 	
-2344.214 	-2761.236 	425.117 	-0.229 	-0.271 	0.040 	
3735.320 	3499.773 	2347.418 	0.374 	0.343 	0.232 	
3722.482 	2054.857 	-714.255 	0.374 	0.206 	-0.072 	
-3531.841 	-3314.478 	907.095 	-0.350 	-0.327 	0.093 	
-2929.677 	865.515 	1663.059 	-0.293 	0.082 	0.166 	
-2338.477 	384.523 	2010.682 	-0.227 	0.041 	0.202 	
-2205.129 	-1092.533 	-4230.948 	-0.220 	-0.111 	-0.424 	
-2057.309 	-2255.747 	-3260.670 	-0.205 	-0.227 	-0.326 	
4450.043 	4544.042 	-2116.500 	0.445 	0.455 	-0.209 	
4251.763 	1511.452 	-3432.072 	0.424 	0.148 	-0.345 	
-1071.583 	-1796.448 	-1159.430 	-0.106 	-0.180 	-0.113 	
-1125.176 	-1745.286 	2758.455 	-0.109 	-0.178 	0.272 	
1127.736 	-256.900 	442.067 	0.115 	-0.027 	0.041 	
1375.651 	406.348 	892.603 	0.138 	0.036 	0.087 	
-2462.683 	2578.221 	2468.645 	-0.248 	0.256 	0.245 	
-2765.274 	3279.154 	-3796.911 	-0.276 	0.323 	-0.377 	
-1102.682 	-2516.348 	-4199.537 	-0.108 	-0.246 	-0.419 	
3346.298 	-1664.676 	-2600.715 	0.328 	-0.164 	-0.257 	
-48.700 	34.627 	-2592.897 	-0.004 	0.004 	-0.257 	
1318.820 	3275.135 	1393.064 	0.132 	0.328 	0.141 	
2179.970 	-330.253 	-32.213 	0.220 	-0.032 	-0.004 	
1729.223 	1947.252 	2399.672 	0.173 	0.191 	0.243 	
1225.121 	-1616.587 	-1757.485 	0.125 	-0.159 	-0.171 	
3797.667 	-3042.664 	-2606.846 	0.383 	-0.303 	-0.259 	
1213.751 	976.051 	-2501.419 	0.122 	0.097 	-0.249 	
-2683.309 	-2914.254 	-69.504 	-0.264 	-0.292 	-0.006 	
2220.368 	1419.246 	1825.680 	0.215 	0.138 	0.181 	
3222.144 	1166.895 	411.436 	0.325 	0.112 	0.040 	
-286.072 	-3614.665 	3416.987 	-0.027 	-0.357 	0.344 	
326.768 	1344.629 	3403.590 	0.038 	0.133 	0.334 	
3092.729 	-147.179 	3297.975 	0.312 	-0.014 	0.326 	
3508.646 	1340.004 	-157.285 	0.346 	0.130 	-0.012 	
-2337.118 	-4461.598 	4435.507 	-0.231 	-0.445 	0.444 	
-4568.832 	-3712.123 	4103.227 	-0.457 	-0.368 	0.409 	
4315.919 	3459.699 	13.662 	0.434 	0.341 	0.001 	
4364.390 	852.777 	3714.003 	0.435 	0.080 	0.371 	
1938.941 	124.379 	2440.488 	1.129 	-0.960 	-0.778 	
-2834.176 	-456.021 	-3513.106 	-0.282 	-0.044 	-0.348 	
3119.163 	1559.508 	-1317.635 	0.315 	0.155 	-0.132 	
-1043.883 	2117.846 	-3635.720 	-0.106 	0.208 	-0.358 	
1653.491 	1746.217 	-550.043 	0.163 	0.172 	-0.055 	
2527.511 	-1555.344 	-2180.424 	0.252 	-0.152 	-0.214 	
3373.112 	3190.136 	3949.837 	0.336 	0.321 	0.395 	
409.375 	3500.903 	-2529.491 	0.036 	0.346 	-0.250 	
-3592.609 	716.442 	1520.751 	-0.354 	0.074 	0.153 	
1100.746 	-3875.502 	2645.271 	0.113 	-0.384 	0.259 	
1259.671 	-1566.070 	-401.177 	0.122 	-0.157 	-0.039 	
3105.048 	243.566 	-337.790 	0.307 	0.028 	-0.036 	
-1867.435 	1786.254 	-2778.611 	-0.183 	0.179 	-0.278 	
1959.726 	-3471.563 	1978.676 	0.192 	-0.347 	0.198 	
3411.029 	3411.767 	178.877 	0.343 	0.338 	0.020 	
2277.244 	-3675.130 	3399.931 	0.226 	-0.361 	0.337 	
4048.841 	-294.226 	884.748 	0.402 	-0.025 	0.090 	
4510.625 	3602.980 	2389.932 	0.447 	0.359 	0.239 	
1234.856 	-2999.568 	1664.170 	0.128 	-0.298 	0.166 	
-2322.532 	-4153.206 	3875.320 	-0.232 	-0.416 	0.385 	
1756.311 	-815.871 	-873.974 	0.176 	-0.077 	-0.086 	
-314.223 	77.666 	643.254 	-0.033 	0.005 	0.061 	
-3644.336 	4579.874 	3699.240 	-0.366 	0.460 	0.367 	
236.707 	397.610 	3477.673 	0.029 	0.041 	0.342 	
-551.380 	3569.589 	3225.054 	-0.056 	0.357 	0.318 	
3025.867 	-3229.591 	3539.549 	0.305 	-0.324 	0.354 	
-3206.586 	-3359.998 	3451.385 	-0.319 	-0.329 	0.343 	
-3766.818 	-2406.254 	2842.524 	-0.375 	-0.237 	0.283 	
-2789.020 	2629.328 	1290.509 	-0.274 	0.263 	0.131 	
-612.909 	-4342.234 	824.998 	-0.055 	-0.431 	0.081 	
527.723 	-2056.660 	2948.981 	0.055 	-0.203 	0.293 	
-133.668 	391.848 	490.577 	-0.014 	0.034 	0.052 	
-3415.829 	-3856.305 	-3126.661 	-0.343 	-0.384 	-0.307 	
-1958.811 	-136.114 	2157.284 	-0.191 	-0.017 	0.213 	
3070.024 	1164.844 	515.170 	0.302 	0.118 	0.052 	
1553.184 	-2208.237 	2882.567 	0.156 	-0.222 	0.289 	
-3168.194 	-1846.869 	-2694.435 	-0.312 	-0.181 	-0.265 	
127.692 	-2042.703 	-800.197 	0.008 	-0.221 	-0.078 	
4157.300 	306.639 	79.931 	0.403 	0.025 	-0.002 	
-1983.033 	-2875.787 	-2643.282 	-0.195 	-0.287 	-0.259 	
3368.793 	-2047.754 	227.770 	0.338 	-0.201 	0.024 	
-1039.754 	2838.761 	2494.478 	-0.100 	0.278 	0.247 	
689.577 	-1023.293 	3549.417 	0.069 	-0.100 	0.348 	
3572.482 	-515.424 	1902.331 	0.356 	-0.053 	0.186 	
-1091.174 	182.653 	-4289.381 	-0.106 	0.020 	-0.427 	
-1929.687 	-716.598 	-61.841 	-0.190 	-0.075 	-0.003 	
845.275 	3310.250 	1747.820 	0.082 	0.327 	0.175 	
-3785.765 	959.100 	-705.902 	-0.378 	0.093 	-0.071 	
2110.561 	-2081.400 	1099.129 	0.207 	-0.203 	0.106 	
-783.152 	747.158 	-878.071 	-0.082 	0.071 	-0.087 	
3128.002 	-3327.190 	702.122 	0.311 	-0.331 	0.073 	
354.968 	-755.124 	1163.212 	0.030 	-0.073 	0.113 	
4166.124 	-3371.101 	1376.811 	0.418 	-0.333 	0.136 	
-1881.446 	381.063 	-262.268 	-0.182 	0.037 	-0.025 	
-3237.132 	450.205 	3481.569 	-0.323 	0.050 	0.344 	
4287.272 	1642.828 	-389.292 	0.426 	0.159 	-0.033 	
-2555.635 	3254.268 	-1971.356 	-0.251 	0.326 	-0.193 	
-2521.064 	3136.677 	-1159.960 	-0.245 	0.311 	-0.116 	
3060.633 	-966.395 	-416.812 	0.300 	-0.090 	-0.040 	
-3327.060 	755.456 	3160.662 	-0.328 	0.076 	0.313 	
3558.016 	-2039.438 	-4151.466 	0.359 	-0.200 	-0.412 	
-2944.234 	-3987.064 	-2198.254 	-0.292 	-0.394 	-0.218 	
-834.685 	-464.332 	3079.285 	-0.079 	-0.047 	0.302 	
-254.842 	-2061.225 	-331.004 	-0.026 	-0.203 	-0.038 	
-295.550 	-566.255 	1581.732 	-0.024 	-0.056 	0.160 	
2542.854 	1120.528 	1000.236 	0.256 	0.113 	0.102 	
1598.640 	-3250.805 	26.460 	0.163 	-0.318 	0.005 	
2230.861 	-3712.691 	-3615.015 	0.219 	-0.370 	-0.359 	
-2418.340 	3631.064 	-1059.020 	-0.239 	0.357 	-0.107 	
-3035.784 	3441.575 	930.215 	-0.298 	0.344 	0.091 	
7.355 	-339.700 	-1139.831 	0.002 	-0.035 	-0.115 	
-207.614 	-3245.542 	2430.958 	-0.014 	-0.321 	0.240 	
1094.198 	-1281.628 	3719.590 	0.108 	-0.124 	0.372 	
3675.477 	2951.885 	-3844.562 	0.369 	0.297 	-0.383 	
73.883 	-2133.394 	-791.194 	0.007 	-0.210 	-0.074 	
4364.174 	2981.797 	-126.256 	0.439 	0.295 	-0.013 	
-1594.830 	2483.112 	-4445.326 	-0.154 	0.244 	-0.441 	
-143.583 	280.074 	-825.317 	-0.015 	0.024 	-0.083 	
-3322.038 	-839.918 	1453.695 	-0.324 	-0.085 	0.146 	
1927.383 	-562.352 	10.906 	0.190 	-0.060 	0.000 	
-1225.096 	-830.245 	3434.318 	-0.123 	-0.082 	0.334 	
-673.204 	232.216 	-4283.301 	-0.066 	0.026 	-0.425 	
3240.971 	1360.564 	1511.083 	0.316 	0.135 	0.148 	
-3478.438 	-2192.187 	-4785.053 	-0.343 	-0.217 	-0.480 	
3878.644 	-785.489 	952.152 	0.383 	-0.075 	0.096 	
2409.782 	-3959.066 	603.350 	0.235 	-0.394 	0.060 	
2064.357 	3718.594 	-2502.098 	0.210 	0.366 	-0.247 	
3171.971 	1012.384 	-2683.258 	0.313 	0.104 	-0.264 	
171.747 	-4441.788 	3791.620 	0.021 	-0.445 	0.375 	
1550.065 	-1334.812 	1300.522 	0.160 	-0.132 	0.128 	
183.473 	4179.583 	1920.424 	0.024 	0.415 	0.192 	
3456.955 	-2211.091 	-2612.442 	0.349 	-0.221 	-0.259 	
1720.784 	3893.783 	-162.750 	0.174 	0.387 	-0.012 	
2011.015 	1141.220 	-1240.823 	0.195 	0.114 	-0.122 	
3422.652 	3836.283 	-956.904 	0.337 	0.377 	-0.095 	
1936.202 	2057.881 	-1279.722 	0.199 	0.203 	-0.126 	
1441.232 	-1122.802 	-555.658 	0.148 	-0.115 	-0.056 	
1235.595 	-893.366 	1338.796 	0.123 	-0.088 	0.125 	
-1146.085 	-2837.785 	-1754.249 	-0.116 	-0.281 	-0.170 	
-4089.696 	-1360.712 	3057.173 	-0.403 	-0.133 	0.303 	
-3494.364 	-3052.141 	-402.027 	-0.345 	-0.306 	-0.043 	
967.996 	3594.797 	1922.806 	0.094 	0.359 	0.190 	
-893.719 	-1203.485 	1649.120 	-0.093 	-0.119 	0.163 	
2386.338 	-3958.272 	553.088 	0.244 	-0.393 	0.060 	
-4108.155 	-1651.457 	2533.618 	-0.421 	-0.163 	0.250 	
2875.053 	-3695.027 	-3849.430 	0.271 	-0.371 	-0.380 	
-3888.208 	-1550.923 	-3285.006 	-0.403 	-0.150 	-0.327 	
-1354.963 	-3597.901 	1795.280 	-0.148 	-0.354 	0.183 	
2541.351 	2024.936 	-546.008 	0.232 	0.197 	-0.055 	
-2648.067 	-3480.400 	2108.696 	-0.284 	-0.347 	0.212 	
4460.497 	-3594.857 	-3698.253 	0.429 	-0.360 	-0.370 	
3079.079 	-2454.650 	2204.449 	0.289 	-0.244 	0.223 	
-1528.813 	-2142.094 	-3626.071 	-0.173 	-0.210 	-0.359 	
1651.671 	2099.278 	-2892.310 	0.145 	0.208 	-0.290 	
3085.711 	1303.910 	404.543 	0.291 	0.129 	0.037 	
482.932 	117.834 	957.763 	0.024 	0.008 	0.094 	
-4174.741 	3677.260 	3951.965 	-0.435 	0.365 	0.391 	
1373.699 	-2982.080 	1546.720 	0.113 	-0.296 	0.154 	
1401.816 	4479.921 	3982.456 	0.123 	0.447 	0.392 	
-317.954 	3434.114 	2494.006 	-0.045 	0.341 	0.244 	
2753.726 	-1215.500 	1660.631 	0.260 	-0.118 	0.167 	
820.626 	-4173.181 	3940.793 	0.060 	-0.414 	0.392 	
-615.615 	3915.881 	1427.133 	-0.077 	0.388 	0.146 	
2116.397 	-3960.573 	3553.876 	0.195 	-0.395 	0.351 	
581.331 	1075.843 	1984.687 	0.038 	0.106 	0.198 	
-1759.508 	4009.277 	-4065.367 	-0.188 	0.397 	-0.403 	
1035.077 	1369.956 	91.674 	0.091 	0.137 	0.010 	
2877.013 	254.931 	-510.810 	0.264 	0.028 	-0.053 	
-4687.941 	1574.820 	-2305.763 	-0.488 	0.157 	-0.229 	
291.335 	3096.268 	1896.425 	0.009 	0.310 	0.190 	
308.498 	-1425.114 	30.909 	0.015 	-0.144 	0.005 	
-538.917 	-3108.438 	-533.977 	-0.072 	-0.310 	-0.050 	
-3032.923 	-741.766 	-914.300 	-0.322 	-0.073 	-0.091 	
-1347.341 	1914.955 	-4036.692 	-0.147 	0.189 	-0.399 	
707.618 	1465.011 	-673.923 	0.058 	0.143 	-0.063 	
-1673.789 	3991.209 	1249.976 	-0.179 	0.398 	0.127 	
-2918.020 	2850.236 	-3687.389 	-0.311 	0.283 	-0.369 	
-7.303 	3689.550 	2995.410 	-0.020 	0.367 	0.294 	
1104.042 	-4056.839 	3536.253 	0.092 	-0.400 	0.352 	
1040.396 	-3359.517 	476.818 	0.089 	-0.330 	0.050 	
466.058 	-662.599 	-3191.712 	0.027 	-0.064 	-0.316 	
-3404.416 	1116.738 	3738.458 	-0.358 	0.107 	0.373 	
-4494.401 	2509.777 	36.265 	-0.466 	0.244 	0.005 	
3467.938 	130.078 	-2506.394 	0.329 	0.013 	-0.245 	
-2048.628 	-1592.485 	-2350.284 	-0.219 	-0.154 	-0.235 	
-3074.523 	-2109.747 	-1281.145 	-0.318 	-0.204 	-0.127 	
2118.667 	-3787.136 	-2359.355 	0.189 	-0.375 	-0.235 	
-3111.523 	1218.553 	-2540.330 	-0.325 	0.122 	-0.247 	
-1855.518 	-664.287 	-1099.036 	-0.205 	-0.063 	-0.111 	
3508.392 	4318.714 	-2230.532 	0.333 	0.433 	-0.219 	
1551.854 	-2704.995 	-2404.763 	0.137 	-0.266 	-0.242 	
-2963.498 	3349.944 	-3727.557 	-0.311 	0.328 	-0.373 	
-1219.259 	-2033.140 	-1660.552 	-0.131 	-0.202 	-0.164 	
-130.279 	-657.268 	1194.526 	-0.035 	-0.067 	0.118 	
-107.911 	75.587 	163.897 	-0.029 	0.009 	0.015 	
1507.687 	4454.101 	-355.714 	0.138 	0.443 	-0.035 	
1563.154 	-2581.621 	-1246.246 	0.143 	-0.255 	-0.122 	
2511.266 	1795.655 	1449.003 	0.231 	0.178 	0.143 	
-3539.805 	-490.335 	2319.224 	-0.368 	-0.044 	0.227 	
-1215.651 	2833.498 	2543.359 	-0.135 	0.287 	0.255 	
-3063.233 	1795.376 	3112.205 	-0.327 	0.178 	0.307 	
-1402.090 	-799.557 	-1692.992 	-0.153 	-0.076 	-0.164 	
-2815.734 	-1962.838 	-1513.209 	-0.292 	-0.198 	-0.150 	
-2901.576 	53.437 	376.548 	-0.304 	0.009 	0.035 	
-1088.477 	-3525.881 	1206.816 	-0.121 	-0.346 	0.122 	
1016.944 	-498.678 	-131.771 	0.084 	-0.050 	-0.014 	
2169.851 	1270.994 	2076.126 	0.203 	0.126 	0.201 	
-191.383 	-422.292 	-3699.765 	-0.040 	-0.040 	-0.365 	
-213.969 	-1943.285 	-1744.685 	-0.036 	-0.189 	-0.173 	
1800.608 	-293.255 	3616.478 	0.163 	-0.030 	0.358 	
332.160 	-1126.651 	745.383 	0.012 	-0.112 	0.078 	
377.374 	-3506.002 	3872.326 	0.022 	-0.345 	0.386 	
1205.306 	769.225 	1798.368 	0.103 	0.078 	0.178 	
134.239 	-3291.571 	-401.640 	-0.009 	-0.326 	-0.040 	
20.720 	-3252.541 	-1742.186 	-0.019 	-0.320 	-0.174 	
-3704.402 	-3173.685 	-258.049 	-0.385 	-0.311 	-0.025 	
-3790.570 	-2546.193 	-1134.872 	-0.398 	-0.253 	-0.112 	
3516.780 	-3577.199 	-975.017 	0.336 	-0.357 	-0.100 	
-988.443 	-1682.272 	-1992.913 	-0.117 	-0.170 	-0.199 	
-1098.589 	-622.279 	285.144 	-0.131 	-0.063 	0.029 	
-1526.169 	3129.370 	-2197.833 	-0.166 	0.313 	-0.220 	
-1928.839 	1488.995 	1283.017 	-0.211 	0.151 	0.125 	
-965.597 	1193.220 	-2078.826 	-0.117 	0.120 	-0.206 	
-3415.804 	-2541.054 	1706.372 	-0.352 	-0.250 	0.169 	
1835.064 	-2843.351 	-668.436 	0.169 	-0.281 	-0.063 	
2806.106 	819.630 	3041.895 	0.257 	0.083 	0.301 	
-3568.680 	2206.699 	2832.265 	-0.368 	0.219 	0.278 	
-1918.234 	1017.930 	1192.325 	-0.213 	0.101 	0.117 	
-2289.274 	-3063.696 	4414.999 	-0.242 	-0.299 	0.439 	
-2489.629 	-2319.414 	349.797 	-0.264 	-0.232 	0.039 	
-2707.755 	394.980 	-3067.242 	-0.284 	0.038 	-0.305 	
3328.916 	26.670 	-3229.288 	0.319 	0.001 	-0.319 	
552.990 	1466.393 	3609.550 	0.041 	0.148 	0.356 	
-2508.328 	2063.117 	1847.617 	-0.263 	0.202 	0.181 	
-1423.548 	2118.977 	2817.885 	-0.153 	0.209 	0.279 	
-3842.814 	3240.656 	627.863 	-0.399 	0.327 	0.064 	
-1183.277 	-1455.857 	-1685.571 	-0.132 	-0.149 	-0.162 	
-1544.092 	-3186.204 	869.883 	-0.170 	-0.314 	0.091 	
4086.709 	3639.085 	-2716.512 	0.395 	0.363 	-0.270 	
168.900 	-2752.523 	-2691.928 	0.004 	-0.273 	-0.270 	
-2389.553 	-3721.720 	-3162.088 	-0.254 	-0.374 	-0.312 	
1212.801 	4629.557 	-1857.414 	0.101 	0.462 	-0.188 	
918.560 	-2385.187 	3308.977 	0.071 	-0.238 	0.329 	
4296.718 	-384.162 	-2707.883 	0.414 	-0.040 	-0.270 	
1111.122 	-591.328 	689.429 	0.089 	-0.059 	0.068 	
792.377 	4058.866 	-2180.893 	0.059 	0.404 	-0.217 	
-2890.437 	-1587.810 	-1600.842 	-0.302 	-0.153 	-0.157 	
-1743.488 	3641.737 	-914.490 	-0.191 	0.355 	-0.089 	
-1592.606 	-776.666 	-3379.137 	-0.172 	-0.077 	-0.334 	
1734.461 	-3941.645 	-1766.280 	0.158 	-0.394 	-0.172 	
2515.905 	-1017.192 	-29.756 	0.230 	-0.097 	0.000 	
3895.965 	52.372 	2444.354 	0.374 	0.005 	0.243 	
2054.975 	3039.066 	-4159.154 	0.193 	0.301 	-0.415 	
-3362.663 	1226.956 	2662.400 	-0.345 	0.122 	0.263 	
-569.393 	6.652 	1150.347 	-0.069 	0.001 	0.116 	
-1481.022 	3241.780 	2799.827 	-0.166 	0.323 	0.278 	
4246.237 	3559.386 	-800.930 	0.407 	0.354 	-0.081 	
-3812.700 	425.030 	2724.242 	-0.396 	0.038 	0.269 	
-4356.161 	1082.320 	-3060.546 	-0.446 	0.109 	-0.304 	
-2920.700 	-1520.492 	-686.289 	-0.307 	-0.153 	-0.070 	
1098.683 	1286.528 	-1833.799 	0.088 	0.127 	-0.185 	
2972.013 	4133.855 	-2691.658 	0.280 	0.414 	-0.271 	
-2986.601 	1616.732 	-138.406 	-0.314 	0.156 	-0.015 	
461.039 	284.647 	821.144 	0.025 	0.025 	0.082 	
494.285 	-3241.798 	-1662.510 	0.027 	-0.321 	-0.165 	
-3443.597 	-493.032 	-2032.223 	-0.362 	-0.049 	-0.198 	
4332.525 	2800.392 	-2636.395 	0.419 	0.281 	-0.263 	
2793.679 	686.621 	2218.420 	0.262 	0.071 	0.216 	
917.193 	3609.553 	756.713 	0.073 	0.354 	0.074 	
1133.972 	-1020.292 	-1463.652 	0.092 	-0.103 	-0.141 	
3161.552 	3215.128 	-2805.199 	0.294 	0.321 	-0.279 	
3985.723 	989.912 	-1213.586 	0.383 	0.099 	-0.120 	
-2712.610 	1049.895 	-754.770 	-0.290 	0.100 	-0.072 	
-1889.833 	-3497.899 	-1053.605 	-0.203 	-0.341 	-0.106 	
1960.077 	4358.910 	-4085.003 	0.177 	0.435 	-0.406 	
3654.633 	1566.642 	-1042.220 	0.346 	0.158 	-0.103 	
-3079.598 	-2530.522 	-2437.756 	-0.325 	-0.252 	-0.238 	
-4081.265 	259.845 	2197.854 	-0.427 	0.027 	0.221 	
4093.969 	-2278.966 	3386.390 	0.394 	-0.226 	0.333 	
3017.797 	263.793 	1777.924 	0.278 	0.027 	0.177 	
868.581 	3177.767 	2498.214 	0.071 	0.318 	0.248 	
-4046.804 	3478.695 	-2814.327 	-0.423 	0.345 	-0.283 	
-3807.483 	343.067 	3958.541 	-0.389 	0.034 	0.394 	
3760.641 	-2880.272 	-1837.609 	0.357 	-0.290 	-0.184 	
-2006.076 	1661.326 	1737.607 	-0.222 	0.164 	0.174 	
1997.883 	2695.812 	1104.815 	0.181 	0.266 	0.112 	
3016.522 	-544.761 	1548.720 	0.285 	-0.055 	0.154 	
2671.658 	1290.732 	1422.477 	0.245 	0.124 	0.138 	
-3142.841 	-856.042 	3716.471 	-0.326 	-0.085 	0.371 	
4008.886 	-3203.439 	1974.073 	0.384 	-0.317 	0.197 	
-1118.396 	2821.559 	-3827.940 	-0.132 	0.279 	-0.380 	
-3733.470 	-3510.016 	5812.468 	-0.414 	-0.366 	0.615 	
619.884 	2228.895 	94.080 	0.047 	0.220 	0.009 	
935.561 	48.355 	580.958 	0.078 	0.006 	0.061 	
1521.421 	3217.546 	3914.682 	0.138 	0.323 	0.388 	
-3229.599 	527.997 	-280.642 	-0.339 	0.057 	-0.026 	
-4141.215 	1233.322 	-3695.537 	-0.428 	0.124 	-0.365 	
1492.629 	2032.684 	614.557 	0.135 	0.201 	0.061 	
-1281.841 	-2897.529 	1037.050 	-0.146 	-0.289 	0.102 	
2137.181 	-771.080 	-1620.552 	0.201 	-0.078 	-0.159 	
-1095.626 	-565.511 	2822.873 	-0.126 	-0.059 	0.277 	
-3458.813 	3034.516 	4048.585 	-0.359 	0.304 	0.406 	
2484.332 	-2062.042 	348.415 	0.231 	-0.203 	0.039 	
-3149.795 	-1897.845 	-1034.109 	-0.333 	-0.187 	-0.103 	
220.403 	3153.398 	1745.782 	0.004 	0.311 	0.174 	
-1466.463 	-1052.924 	-3795.234 	-0.157 	-0.105 	-0.375 	
-2859.944 	213.099 	-3192.325 	-0.305 	0.024 	-0.315 	
151.366 	2237.621 	258.288 	0.001 	0.224 	0.025 	
-2469.389 	-1982.394 	178.765 	-0.265 	-0.193 	0.022 	
-3626.299 	-3806.834 	4149.771 	-0.379 	-0.378 	0.416 	
892.411 	-31.952 	1377.065 	0.074 	-0.004 	0.137 	
3969.906 	1737.667 	-1493.200 	0.375 	0.171 	-0.147 	
4111.117 	-2867.406 	2936.497 	0.394 	-0.287 	0.292 	
-4321.675 	-2098.155 	-45.618 	-0.445 	-0.205 	-0.006 	
-1755.304 	647.569 	-3057.075 	-0.195 	0.065 	-0.299 	
34.464 	-275.415 	1941.498 	-0.017 	-0.025 	0.194 	
2959.571 	-1346.142 	-706.212 	0.271 	-0.135 	-0.070 	
464.357 	-70.052 	-2599.612 	0.032 	-0.007 	-0.258 	
4351.525 	-3608.512 	-4693.115 	0.418 	-0.358 	-0.471 	
-432.199 	-2350.969 	-917.981 	-0.058 	-0.228 	-0.095 	
-2119.276 	3324.387 	3585.162 	-0.225 	0.330 	0.355 	
2729.579 	483.190 	-3171.087 	0.250 	0.048 	-0.315 	
-1459.884 	3270.471 	1882.697 	-0.165 	0.325 	0.185 	
-3020.899 	-965.598 	-1687.463 	-0.319 	-0.095 	-0.171 	
82.650 	94.988 	916.837 	-0.011 	0.007 	0.086 	
-1566.985 	-1802.077 	2342.047 	-0.175 	-0.177 	0.232 	
-368.785 	2294.906 	874.194 	-0.054 	0.222 	0.089 	
807.507 	-663.295 	-2471.831 	0.059 	-0.068 	-0.242 	
-1646.798 	-1308.868 	3206.849 	-0.179 	-0.125 	0.318 	
3946.309 	-1382.977 	-4155.687 	0.377 	-0.141 	-0.412 	
3908.463 	-143.681 	-3541.833 	0.375 	-0.015 	-0.356 	
1805.839 	121.606 	3866.001 	0.157 	0.013 	0.383 	
-978.367 	-2245.891 	-1732.633 	-0.113 	-0.221 	-0.166 	
1381.012 	-4171.421 	3710.064 	0.121 	-0.409 	0.368 	
-3225.773 	-1638.161 	3665.928 	-0.333 	-0.163 	0.362 	
-1961.609 	-436.560 	-3372.383 	-0.212 	-0.042 	-0.332 	
-407.203 	3433.680 	280.140 	-0.061 	0.342 	0.031 	
1471.589 	1666.295 	-3522.194 	0.130 	0.163 	-0.349 	
2270.245 	2593.813 	-3405.334 	0.211 	0.260 	-0.339 	
-4291.312 	573.578 	2418.623 	-0.441 	0.058 	0.240 	
-2727.701 	-641.081 	3128.540 	-0.288 	-0.069 	0.309 	
-210.680 	2568.954 	1995.439 	-0.042 	0.255 	0.201 	
-535.025 	3978.010 	3640.067 	-0.065 	0.394 	0.362 	
-2757.556 	-1298.645 	3819.586 	-0.294 	-0.130 	0.377 	
2235.898 	2259.066 	-1145.332 	0.202 	0.223 	-0.111 	
-294.126 	-987.524 	1187.126 	-0.051 	-0.094 	0.117 	
-2785.572 	3722.556 	-3386.518 	-0.294 	0.373 	-0.334 	
3514.374 	3010.538 	426.597 	0.337 	0.299 	0.043 	
2977.717 	3614.573 	1313.039 	0.284 	0.358 	0.132 	
-3811.657 	-3746.889 	-1941.681 	-0.399 	-0.375 	-0.193 	
3737.471 	-2422.074 	2416.957 	0.350 	-0.244 	0.241 	
-1313.498 	-639.343 	584.876 	-0.141 	-0.063 	0.056 	
-3345.403 	909.429 	1657.239 	-0.353 	0.091 	0.163 	
-3792.270 	-1363.161 	373.489 	-0.398 	-0.135 	0.038 	
3988.373 	2214.634 	3410.879 	0.381 	0.218 	0.335 	
4141.865 	-1384.961 	-306.825 	0.394 	-0.137 	-0.033 	
951.902 	-3405.792 	-1170.592 	0.083 	-0.336 	-0.116 	
-2299.380 	1789.209 	-1223.030 	-0.241 	0.175 	-0.123 	
-654.041 	-3226.620 	-3615.505 	-0.087 	-0.321 	-0.359 	
-4608.442 	-1539.571 	3454.311 	-0.477 	-0.156 	0.339 	
-3255.284 	750.365 	2216.465 	-0.345 	0.074 	0.218 	
804.654 	-3123.556 	1876.642 	0.059 	-0.311 	0.189 	
-306.616 	-2166.599 	375.790 	-0.046 	-0.210 	0.039 	
-515.969 	-420.935 	-1323.975 	-0.062 	-0.041 	-0.130 	
384.497 	-1658.804 	1000.812 	0.016 	-0.160 	0.099 	
-2922.761 	-2001.457 	175.471 	-0.305 	-0.199 	0.022 	
-4059.645 	1745.853 	-614.790 	-0.426 	0.174 	-0.059 	
-3150.239 	-2974.355 	-2518.321 	-0.329 	-0.297 	-0.249 	
4090.632 	-3836.167 	1069.053 	0.393 	-0.383 	0.107 	
-1723.027 	3672.502 	1267.241 	-0.190 	0.362 	0.130 	
-3052.847 	-1241.375 	-150.817 	-0.315 	-0.128 	-0.014 	
3983.313 	-1339.550 	3906.183 	0.379 	-0.135 	0.390 	
699.155 	459.536 	2865.930 	0.055 	0.043 	0.286 	
1167.406 	-813.139 	-2781.595 	0.096 	-0.083 	-0.272 	
-1027.783 	1986.529 	89.939 	-0.121 	0.198 	0.008 	
4414.898 	3959.253 	2333.242 	0.421 	0.395 	0.230 	
-3042.628 	-1599.244 	5342.839 	-0.324 	-0.162 	0.538 	
-3329.382 	852.940 	-2651.453 	-0.343 	0.083 	-0.263 	
-1923.491 	-432.367 	1382.548 	-0.210 	-0.040 	0.136 	
4039.936 	-1893.790 	-3307.776 	0.381 	-0.188 	-0.328 	
-2415.943 	1613.903 	420.873 	-0.256 	0.159 	0.041 	
-1213.279 	2466.239 	220.989 	-0.139 	0.240 	0.022 	
927.416 	614.446 	3583.189 	0.078 	0.066 	0.353 	
-1233.557 	-1997.761 	1303.343 	-0.136 	-0.199 	0.130 	
-2291.395 	2294.338 	1804.646 	-0.241 	0.224 	0.182 	
1697.005 	1451.962 	1148.943 	0.151 	0.142 	0.120 	
-588.421 	-222.092 	1476.608 	-0.079 	-0.021 	0.148 	
3557.709 	-2562.704 	2970.799 	0.334 	-0.253 	0.298 	
1042.416 	3511.664 	-142.634 	0.089 	0.349 	-0.012 	
-2290.924 	1740.991 	2232.531 	-0.242 	0.176 	0.219 	
-3970.868 	-1137.016 	-3375.205 	-0.409 	-0.110 	-0.336 	
3765.133 	1947.595 	2552.219 	0.355 	0.199 	0.252 	
2314.128 	-2719.356 	-1401.085 	0.217 	-0.268 	-0.139 	
-1850.516 	-308.576 	2451.695 	-0.201 	-0.028 	0.237 	
-321.525 	-1796.502 	3945.715 	-0.052 	-0.182 	0.386 	
-634.350 	-3302.148 	3487.162 	-0.081 	-0.331 	0.339 	
-3958.626 	2664.623 	-2830.569 	-0.408 	0.262 	-0.282 	
2947.810 	-800.002 	-537.372 	0.280 	-0.081 	-0.051 	
1295.790 	1890.548 	2042.743 	0.113 	0.192 	0.206 	
-1079.337 	-1515.305 	-2150.983 	-0.124 	-0.155 	-0.209 	
-1665.128 	-816.697 	1149.721 	-0.186 	-0.080 	0.114 	
-3095.924 	418.405 	616.121 	-0.318 	0.041 	0.062 	
2548.836 	-495.875 	-409.465 	0.234 	-0.052 	-0.040 	
2086.362 	-1792.425 	2364.939 	0.196 	-0.177 	0.237 	
-1093.920 	-1797.143 	2683.313 	-0.131 	-0.180 	0.265 	
-4248.083 	18.947 	2960.170 	-0.439 	0.002 	0.293 	
-2404.451 	666.031 	937.769 	-0.260 	0.067 	0.094 	
3669.592 	-2787.384 	-109.046 	0.344 	-0.281 	-0.012 	
-795.899 	833.609 	-2130.020 	-0.098 	0.079 	-0.207 	
-1278.999 	1479.383 	3769.711 	-0.140 	0.144 	0.374 	
2963.509 	-2586.741 	-841.402 	0.278 	-0.256 	-0.082 	
4073.254 	-508.328 	-1915.841 	0.391 	-0.052 	-0.187 	
3482.625 	3458.554 	4478.143 	0.328 	0.343 	0.446 	
3079.750 	-4167.008 	-2144.692 	0.289 	-0.412 	-0.209 	
3447.317 	1206.622 	1265.228 	0.329 	0.119 	0.123 	
4320.535 	-2365.533 	1360.258 	0.417 	-0.235 	0.136 	
469.107 	-3124.087 	2422.039 	0.031 	-0.305 	0.241 	
1175.987 	396.158 	-3026.879 	0.105 	0.039 	-0.300 	
3689.215 	2723.567 	1992.349 	0.346 	0.272 	0.201 	
-1297.828 	-801.321 	47.530 	-0.150 	-0.080 	0.007 	
-2897.088 	182.928 	-2930.382 	-0.306 	0.015 	-0.295 	
460.629 	1969.656 	1431.635 	0.026 	0.197 	0.146 	
-2827.595 	214.896 	2857.922 	-0.297 	0.027 	0.282 	
-1564.375 	-1444.392 	3680.753 	-0.174 	-0.149 	0.362 	
-4132.822 	2013.904 	1119.309 	-0.430 	0.202 	0.112 	
-4166.104 	1982.136 	3405.319 	-0.425 	0.196 	0.340 	
-1442.665 	-551.089 	2932.585 	-0.161 	-0.052 	0.288 	
4040.494 	-2816.301 	-3379.441 	0.382 	-0.280 	-0.340 	
403.526 	-4101.539 	4117.092 	0.019 	-0.409 	0.408 	
-2176.131 	2162.226 	761.611 	-0.230 	0.214 	0.075 	
-3812.428 	1478.200 	3102.942 	-0.391 	0.146 	0.309 	
-2967.927 	-21.450 	2415.297 	-0.305 	-0.000 	0.239 	
77.025 	1877.443 	2481.811 	-0.014 	0.183 	0.247 	
844.699 	-1237.328 	-410.310 	0.072 	-0.122 	-0.039 	
853.441 	525.154 	598.353 	0.066 	0.047 	0.059 	
-1300.386 	-3063.217 	1422.557 	-0.142 	-0.307 	0.140 	
1123.271 	-787.195 	1266.871 	0.095 	-0.079 	0.123 	
2780.352 	1118.230 	2222.821 	0.263 	0.112 	0.216 	
1633.774 	433.401 	-2362.502 	0.143 	0.043 	-0.234 	
766.551 	238.390 	-1254.423 	0.058 	0.025 	-0.125 	
-4418.461 	-3085.415 	4234.087 	-0.459 	-0.308 	0.424 	
-2767.366 	3776.242 	2473.478 	-0.293 	0.373 	0.249 	
-1587.849 	-3553.645 	2970.474 	-0.173 	-0.351 	0.294 	
-824.130 	-894.496 	2772.856 	-0.100 	-0.093 	0.271 	
-1254.938 	-751.833 	-971.378 	-0.147 	-0.076 	-0.098 	
4507.735 	1501.582 	4119.870 	0.434 	0.151 	0.409 	
-1046.726 	-3645.580 	-3622.352 	-0.116 	-0.361 	-0.360 	
1729.751 	4272.132 	-581.644 	0.155 	0.427 	-0.060 	
1187.061 	4374.234 	-4057.049 	0.105 	0.436 	-0.401 	
-669.401 	2863.620 	1627.187 	-0.082 	0.285 	0.162 	
-1621.144 	2646.999 	-428.830 	-0.178 	0.261 	-0.047 	
497.828 	1653.154 	-4662.881 	0.033 	0.162 	-0.468 	
-1741.912 	530.620 	-1189.920 	-0.186 	0.054 	-0.116 	
-76.380 	328.640 	-2658.663 	-0.022 	0.032 	-0.266 	
3139.461 	2501.675 	-1190.451 	0.300 	0.247 	-0.118 	
-3979.522 	2646.733 	-2674.574 	-0.414 	0.265 	-0.271 	
3816.484 	3791.643 	2370.750 	0.369 	0.376 	0.236 	
-2938.017 	2587.809 	2753.912 	-0.311 	0.255 	0.277 	
1265.764 	1376.253 	2985.636 	0.105 	0.133 	0.296 	
-4524.316 	2666.967 	-2360.660 	-0.469 	0.267 	-0.236 	
-2458.230 	3747.156 	-1323.281 	-0.258 	0.370 	-0.128 	
-2543.260 	1676.978 	1291.077 	-0.265 	0.164 	0.132 	
-540.564 	-1372.729 	2005.758 	-0.081 	-0.139 	0.196 	
-84.303 	-1620.264 	-3576.521 	-0.025 	-0.155 	-0.354 	
-4028.552 	-1215.470 	-2046.680 	-0.412 	-0.122 	-0.206 	
2678.946 	451.030 	-552.760 	0.251 	0.046 	-0.049 	
2951.258 	-65.042 	-377.666 	0.274 	-0.009 	-0.032 	
-1798.646 	-778.569 	3559.282 	-0.198 	-0.079 	0.350 	
3551.318 	-2450.603 	-2392.629 	0.338 	-0.240 	-0.241 	
1298.186 	-470.375 	2004.310 	0.110 	-0.045 	0.198 	
4291.109 	-3826.449 	-2356.655 	0.414 	-0.377 	-0.237 	
1261.802 	-2825.282 	386.068 	0.109 	-0.279 	0.035 	
-1180.054 	-3622.687 	211.309 	-0.135 	-0.360 	0.021 	
1115.250 	3451.412 	-492.895 	0.097 	0.337 	-0.048 	
2320.279 	-670.266 	-770.267 	0.212 	-0.062 	-0.074 	
-1625.302 	-584.696 	192.341 	-0.175 	-0.061 	0.021 	
-658.049 	2648.923 	-656.841 	-0.087 	0.264 	-0.065 	
2342.512 	-3149.392 	-4066.468 	0.220 	-0.315 	-0.407 	
-3485.274 	2916.233 	1080.073 	-0.365 	0.289 	0.113 	
-841.027 	-1813.118 	2687.149 	-0.104 	-0.177 	0.261 	
1685.353 	2310.559 	-135.351 	0.145 	0.229 	-0.015 	
2705.905 	3706.111 	-3286.755 	0.251 	0.371 	-0.325 	
-3733.384 	617.395 	88.254 	-0.388 	0.057 	0.012 	
2682.258 	2121.114 	671.074 	0.249 	0.207 	0.070 	
-4417.921 	4029.335 	4173.427 	-0.459 	0.398 	0.417 	
619.590 	687.159 	1517.158 	0.048 	0.068 	0.147 	
2181.275 	-1065.807 	-406.846 	0.197 	-0.108 	-0.038 	
3499.110 	2178.894 	3227.118 	0.327 	0.217 	0.320 	
-689.468 	-543.506 	-445.924 	-0.089 	-0.057 	-0.039 	
3655.106 	-3123.529 	-3134.241 	0.351 	-0.310 	-0.315 	
2931.601 	-99.613 	-1574.832 	0.274 	-0.009 	-0.157 	
-3696.039 	-3547.682 	-512.873 	-0.384 	-0.351 	-0.046 	
-3309.190 	3718.010 	3742.029 	-0.347 	0.374 	0.369 	
2350.307 	-4484.150 	2787.601 	0.216 	-0.451 	0.277 	
2592.045 	-2777.630 	-432.996 	0.239 	-0.275 	-0.039 	
4279.221 	-3823.133 	3771.700 	0.414 	-0.380 	0.374 	
-1823.088 	-723.849 	-1577.972 	-0.197 	-0.070 	-0.154 	
4617.765 	3785.566 	2412.012 	0.447 	0.378 	0.237 	
2083.974 	1880.454 	-1767.797 	0.185 	0.186 	-0.177 	
-13.169 	3274.428 	-1180.710 	-0.016 	0.327 	-0.115 	
-4575.534 	836.197 	-1612.187 	-0.475 	0.083 	-0.157 	
-5079.935 	3767.170 	6185.474 	-0.521 	0.378 	0.616 	
1475.666 	-791.521 	3321.932 	0.135 	-0.078 	0.327 	
-2214.479 	-879.265 	-1156.482 	-0.241 	-0.086 	-0.113 	
-4077.192 	1600.861 	3244.434 	-0.417 	0.160 	0.321 	
-1966.993 	1992.616 	-2287.317 	-0.211 	0.198 	-0.232 	
-141.901 	468.964 	-743.601 	-0.027 	0.043 	-0.074 	
-3821.661 	-559.403 	-1923.818 	-0.399 	-0.054 	-0.191 	
26.335 	-1193.162 	-649.862 	-0.014 	-0.121 	-0.066 	
4247.725 	-496.702 	-316.398 	0.406 	-0.049 	-0.035 	
-947.122 	1095.635 	769.902 	-0.114 	0.107 	0.082 	
1669.903 	-3160.470 	-402.266 	0.143 	-0.312 	-0.042 	
2764.272 	-3696.334 	-1749.974 	0.260 	-0.365 	-0.178 	
-2295.346 	-2490.278 	1655.914 	-0.240 	-0.248 	0.163 	
-924.456 	2487.293 	3216.903 	-0.109 	0.244 	0.318 	
2116.970 	4153.602 	2753.777 	0.194 	0.417 	0.273 	
-4580.101 	2143.859 	-497.578 	-0.472 	0.217 	-0.051 	
-508.590 	82.051 	-2856.787 	-0.068 	0.005 	-0.281 	
-2079.864 	1407.735 	-3808.583 	-0.222 	0.136 	-0.376 	
-3793.678 	-1166.701 	543.503 	-0.396 	-0.120 	0.054 	
1767.010 	1511.200 	1445.210 	0.159 	0.151 	0.139 	
789.445 	-860.464 	-3158.452 	0.058 	-0.087 	-0.312 	
689.426 	2995.096 	1517.653 	0.053 	0.295 	0.150 	
28.423 	1169.135 	2154.292 	-0.015 	0.119 	0.211 	
-1850.024 	-2635.016 	2778.384 	-0.200 	-0.260 	0.277 	
-108.329 	-509.564 	-1405.664 	-0.030 	-0.051 	-0.136 	
-1190.299 	3934.921 	2472.202 	-0.139 	0.386 	0.248 	
-2317.589 	901.948 	-254.901 	-0.244 	0.087 	-0.021 	
-3797.901 	-2210.442 	366.061 	-0.399 	-0.218 	0.036 	
2790.815 	-1557.476 	-4295.716 	0.263 	-0.154 	-0.428 	
-3634.093 	4784.779 	-2062.899 	-0.381 	0.480 	-0.203 	
-1721.619 	1883.100 	-3919.040 	-0.183 	0.188 	-0.389 	
2868.810 	-1840.219 	-641.225 	0.267 	-0.178 	-0.061 	
317.081 	841.785 	-711.895 	0.012 	0.086 	-0.070 	
-1251.067 	3439.542 	-1660.597 	-0.144 	0.341 	-0.164 	
-1049.342 	491.871 	2770.941 	-0.123 	0.051 	0.272 	
-3236.523 	-3053.740 	3731.983 	-0.343 	-0.301 	0.371 	
1903.878 	2824.096 	2637.550 	0.175 	0.275 	0.262 	
439.388 	2624.304 	3503.967 	0.030 	0.259 	0.350 	
1352.269 	1823.038 	-2262.579 	0.115 	0.176 	-0.224 	
2500.443 	2193.943 	-3760.416 	0.232 	0.217 	-0.376 	
229.684 	-1642.757 	-3218.181 	0.005 	-0.167 	-0.319 	
-3232.722 	2100.875 	-1439.673 	-0.342 	0.206 	-0.141 	
1963.783 	176.388 	-11.515 	0.180 	0.019 	0.001 	
-3532.183 	3374.708 	233.567 	-0.378 	0.331 	0.033 	
-1735.228 	-3163.250 	-1378.010 	-0.189 	-0.312 	-0.138 	
686.731 	-2060.534 	-3242.848 	0.046 	-0.206 	-0.322 	
-960.943 	-1069.385 	2577.289 	-0.117 	-0.105 	0.256 	
-358.040 	-3838.045 	1758.347 	-0.051 	-0.382 	0.177 	
2647.229 	1980.305 	-2845.906 	0.251 	0.195 	-0.282 	
266.914 	2379.463 	-2254.181 	0.010 	0.239 	-0.227 	
-91.315 	2919.897 	-2472.065 	-0.030 	0.289 	-0.243 	
-2266.787 	2953.104 	-1711.960 	-0.238 	0.294 	-0.170 	
-4434.605 	-1604.935 	525.506 	-0.458 	-0.162 	0.055 	
-2689.369 	-1222.179 	-2221.109 	-0.278 	-0.123 	-0.219 	
4502.182 	-2647.651 	3880.872 	0.431 	-0.263 	0.383 	
-4225.789 	1924.474 	-684.092 	-0.438 	0.194 	-0.067 	
-566.114 	-1404.556 	2070.454 	-0.070 	-0.141 	0.202 	
-1214.356 	-1433.644 	-2900.738 	-0.134 	-0.143 	-0.283 	
-1906.770 	-3899.481 	3604.748 	-0.208 	-0.386 	0.357 	
-577.115 	-1406.468 	2045.415 	-0.082 	-0.127 	0.207 	
232.424 	-3863.495 	882.545 	0.009 	-0.385 	0.088 	
-1396.964 	-593.638 	262.849 	-0.161 	-0.061 	0.027 	
-1554.333 	-1349.088 	-1419.287 	-0.172 	-0.136 	-0.137 	
-978.881 	-1547.702 	1944.348 	-0.092 	-0.136 	0.163 	
1455.393 	-3527.823 	2161.580 	0.130 	-0.354 	0.214 	
-2503.880 	-726.514 	2188.250 	-0.260 	-0.075 	0.217 	
3846.397 	2050.565 	-3278.482 	0.371 	0.205 	-0.327 	
-725.278 	2183.587 	3818.806 	-0.090 	0.213 	0.376 	
1291.248 	3252.433 	2585.270 	0.116 	0.321 	0.256 	
2512.989 	2804.277 	1749.146 	0.237 	0.280 	0.174 	
2003.986 	-2344.676 	810.828 	0.182 	-0.228 	0.082 	
-1764.871 	-644.710 	-2724.898 	-0.195 	-0.061 	-0.266 	
-2459.695 	2544.754 	1503.378 	-0.256 	0.252 	0.152 	
344.459 	-1514.294 	2517.643 	0.013 	-0.151 	0.250 	
1199.904 	-2918.232 	2103.971 	0.102 	-0.294 	0.210 	
-1356.533 	-2789.732 	261.064 	-0.154 	-0.270 	0.026 	
405.599 	-2519.681 	-532.223 	0.020 	-0.250 	-0.056 	
-431.543 	-2523.002 	-1138.370 	-0.065 	-0.247 	-0.111 	
3301.630 	-584.723 	-3337.144 	0.312 	-0.058 	-0.330 	
1606.530 	890.834 	3970.497 	0.138 	0.089 	0.395 	
-3037.257 	1893.724 	2597.039 	-0.317 	0.189 	0.261 	
4244.739 	-2337.254 	3966.122 	0.410 	-0.231 	0.398 	
-2847.815 	1410.652 	607.426 	-0.296 	0.141 	0.058 	
187.750 	663.521 	3518.880 	0.002 	0.070 	0.346 	
-4457.203 	1969.629 	2675.344 	-0.460 	0.201 	0.266 	
-1639.361 	-2690.654 	782.882 	-0.181 	-0.271 	0.078 	
2001.540 	-400.112 	-2256.013 	0.185 	-0.037 	-0.225 	
-1597.621 	-3785.209 	4369.461 	-0.176 	-0.377 	0.439 	
-3529.458 	3374.212 	250.605 	-0.367 	0.339 	0.015 	
728.370 	-4008.783 	-3680.403 	0.055 	-0.396 	-0.364 	
-4412.363 	-1055.419 	-3947.454 	-0.451 	-0.106 	-0.392 	
-2176.685 	1.104 	-2482.796 	-0.238 	-0.001 	-0.246 	
-46.625 	212.752 	-381.547 	-0.019 	0.019 	-0.038 	
-4451.492 	-1095.927 	4150.420 	-0.460 	-0.113 	0.414 	
-1535.162 	-189.276 	-234.349 	-0.168 	-0.023 	-0.017 	
3740.787 	-2126.738 	2471.170 	0.356 	-0.215 	0.249 	
-4019.762 	-3073.931 	-3194.355 	-0.418 	-0.304 	-0.315 	
-3760.224 	1101.978 	-30.729 	-0.384 	0.107 	-0.002 	
671.519 	1348.186 	-3940.376 	0.053 	0.137 	-0.392 	
-2790.826 	963.855 	1870.565 	-0.290 	0.091 	0.187 	
3952.044 	-3920.704 	2834.542 	0.373 	-0.393 	0.282 	
-1314.262 	2346.435 	-2740.949 	-0.143 	0.230 	-0.273 	
-4456.266 	338.428 	2265.108 	-0.459 	0.033 	0.227 	
1614.834 	-3129.673 	3511.292 	0.141 	-0.310 	0.351 	
-4372.222 	2915.128 	-406.756 	-0.451 	0.289 	-0.043 	
-4089.861 	1729.809 	1423.953 	-0.419 	0.169 	0.146 	
605.333 	-3018.864 	818.695 	0.047 	-0.302 	0.081 	
-1600.510 	-3099.402 	1904.366 	-0.175 	-0.311 	0.192 	
833.666 	-2246.761 	-3678.486 	0.071 	-0.226 	-0.362 	
-3517.977 	-2061.866 	1843.225 	-0.364 	-0.202 	0.183 	
-4388.574 	-1627.021 	-2077.807 	-0.456 	-0.163 	-0.208 	
2253.473 	-3829.526 	-3564.887 	0.209 	-0.384 	-0.353 	
-3975.960 	-2604.818 	-3091.058 	-0.412 	-0.260 	-0.312 	
907.292 	-1217.299 	-272.308 	0.072 	-0.120 	-0.026 	
1923.591 	3712.372 	1871.758 	0.172 	0.369 	0.183 	
3287.731 	949.685 	2289.454 	0.307 	0.093 	0.230 	
1728.785 	-2180.517 	-2508.785 	0.157 	-0.221 	-0.246 	
4197.127 	-3767.218 	3253.802 	0.398 	-0.375 	0.327 	
-4070.205 	-1852.128 	-711.885 	-0.422 	-0.184 	-0.072 	
-2479.350 	3819.350 	1864.668 	-0.267 	0.378 	0.189 	
-1393.525 	2366.868 	3482.407 	-0.157 	0.231 	0.348 	
2270.500 	674.198 	3094.678 	0.209 	0.068 	0.307 	
-735.657 	-3224.227 	3460.147 	-0.090 	-0.317 	0.343 	
-3319.675 	2198.463 	1510.542 	-0.344 	0.221 	0.149 	
2524.077 	3296.907 	312.535 	0.236 	0.329 	0.033 	
-2307.472 	-1629.915 	-1639.583 	-0.242 	-0.165 	-0.163 	
-575.339 	-2677.638 	3372.556 	-0.076 	-0.270 	0.332 	
3094.954 	517.999 	572.220 	0.289 	0.049 	0.062 	
-4067.201 	-4081.255 	2595.882 	-0.418 	-0.408 	0.257 	
-1560.199 	-1328.810 	-1111.267 	-0.167 	-0.127 	-0.112 	
2956.684 	-3134.999 	902.315 	0.277 	-0.309 	0.093 	
-615.766 	2065.674 	1103.124 	-0.081 	0.200 	0.108 	
-1050.801 	-1680.660 	-424.805 	-0.123 	-0.162 	-0.044 	
1950.636 	222.673 	-2205.806 	0.175 	0.022 	-0.215 	
-3585.200 	3578.246 	2455.078 	-0.376 	0.357 	0.240 	
3978.019 	-3484.735 	488.827 	0.381 	-0.348 	0.052 	
3419.437 	-145.289 	2683.040 	0.326 	-0.015 	0.268 	
813.681 	3512.369 	-57.154 	0.061 	0.352 	-0.007 	
552.898 	950.094 	2211.010 	0.043 	0.091 	0.216 	
-4510.804 	2756.604 	3622.579 	-0.469 	0.272 	0.361 	
-3342.055 	-1122.337 	1491.692 	-0.344 	-0.114 	0.149 	
3420.479 	685.492 	-942.242 	0.318 	0.067 	-0.095 	
-2369.337 	-757.369 	-3263.928 	-0.247 	-0.075 	-0.322 	
